TYPE,YEAR,MONTH,DAY,HOUR,MINUTE,HUNDRED_BLOCK,NEIGHBOURHOOD,X,Y
Break and Enter Commercial,2017,8,24,3,59,10XX BARCLAY ST,West End,490821.3586,5458886.3386
Break and Enter Commercial,2017,5,9,7,45,10XX BARCLAY ST,West End,490865.2076,5458840.6535
Break and Enter Commercial,2017,4,29,3,49,10XX BEACH AVE,West End,490197.8719,5458238.7921
Break and Enter Commercial,2017,9,3,11,0,10XX BEACH AVE,West End,490197.8719,5458238.7921
Break and Enter Commercial,2017,5,31,17,49,10XX BEACH AVE,West End,490230.9167,5458190.5557
Break and Enter Commercial,2017,12,12,6,0,10XX BEACH AVE,West End,490234.4136,5458201.015
Break and Enter Commercial,2017,3,28,16,45,10XX BEACH AVE,Central Business District,490249.2307,5458166.8328
Break and Enter Commercial,2017,7,31,22,43,10XX BEACH AVE,Central Business District,490249.2307,5458166.8328
Break and Enter Commercial,2017,8,10,5,34,10XX BEACH AVE,Central Business District,490255.5322,5458158.6131
Break and Enter Commercial,2017,2,10,5,9,10XX BROUGHTON ST,West End,490247.1512,5459171.0415
Break and Enter Commercial,2017,2,23,9,50,10XX BROUGHTON ST,West End,490247.1512,5459171.0415
Break and Enter Commercial,2017,11,17,14,30,10XX BROUGHTON ST,West End,490262.7487,5459186.8583
Break and Enter Commercial,2017,3,23,17,0,10XX BROUGHTON ST,West End,490272.5864,5459183.8121
Break and Enter Commercial,2017,3,25,3,19,10XX BURNABY ST,West End,490474.1857,5458452.4577
Break and Enter Commercial,2017,5,17,16,30,10XX BURNABY ST,West End,490517.1846,5458421.7056
Break and Enter Commercial,2017,4,19,21,0,10XX BURRARD ST,West End,490729.6302,5458622.1395
Break and Enter Commercial,2017,7,3,16,52,10XX BURRARD ST,West End,490729.6302,5458622.1395
Break and Enter Commercial,2017,11,3,17,0,10XX BURRARD ST,West End,490729.6302,5458622.1395
Break and Enter Commercial,2017,4,20,14,32,10XX BURRARD ST,Central Business District,490775.9264,5458656.587
Break and Enter Commercial,2017,4,24,13,41,10XX BUTE ST,West End,490409.1263,5458906.3199
Break and Enter Commercial,2017,9,20,21,0,10XX BUTE ST,West End,490409.1263,5458906.3199
Break and Enter Commercial,2017,10,16,4,5,10XX CAMBIE ST,Central Business District,491326.4661,5458023.7923
Break and Enter Commercial,2017,12,11,11,58,10XX CAMBIE ST,Central Business District,491337.7412,5458045.5941
Break and Enter Commercial,2017,10,29,5,50,10XX CAMBIE ST,Central Business District,491344.7882,5458059.2203
Break and Enter Commercial,2017,6,27,6,45,10XX CANADA PL,Central Business District,491492.0426,5459540.3896
Break and Enter Commercial,2017,10,10,7,20,10XX CANADA PL,Central Business District,491492.0426,5459540.3896
Break and Enter Commercial,2017,11,8,1,30,10XX CANADA PL,Central Business District,491492.0426,5459540.3896
Break and Enter Commercial,2017,8,10,2,0,10XX CANADA PL,Central Business District,491519.3199,5459518.8272
Break and Enter Commercial,2017,8,21,19,0,10XX CANADA PL,Central Business District,491519.3199,5459518.8272
Break and Enter Commercial,2017,9,7,4,50,10XX CANADA PL,Central Business District,491519.3199,5459518.8272
Break and Enter Commercial,2017,7,11,9,37,10XX CLARK DR,Strathcona,494373.2312,5458069.2408
Break and Enter Commercial,2017,10,16,7,42,10XX COMMERCIAL DR,Grandview-Woodland,494937.7242,5458109.1122
Break and Enter Commercial,2017,8,21,0,1,10XX COMMERCIAL DR,Grandview-Woodland,494946.4726,5458070.4437
Break and Enter Commercial,2017,12,20,4,50,10XX DAVIE ST,West End,490488.9907,5458595.4614
Break and Enter Commercial,2017,7,3,3,6,10XX DAVIE ST,West End,490558.3446,5458527.0734
Break and Enter Commercial,2017,8,10,0,45,10XX DENMAN ST,West End,489836.8969,5459558.3737
Break and Enter Commercial,2017,11,13,1,45,10XX DENMAN ST,West End,489836.8969,5459558.3737
Break and Enter Commercial,2017,8,11,0,5,10XX DENMAN ST,West End,489880.7749,5459589.1956
Break and Enter Commercial,2017,6,1,5,26,10XX DENMAN ST,West End,489895.7669,5459617.0359
Break and Enter Commercial,2017,10,31,11,35,10XX DENMAN ST,West End,489895.7669,5459617.0359
Break and Enter Commercial,2017,4,29,21,30,10XX DENMAN ST,West End,489907.7189,5459628.9414
Break and Enter Commercial,2017,7,19,20,36,10XX DENMAN ST,West End,489907.7189,5459628.9414
Break and Enter Commercial,2017,3,1,11,49,10XX E BROADWAY AVE,Mount Pleasant,493995.79,5456628.7503
Break and Enter Commercial,2017,11,7,10,42,10XX E CORDOVA ST,Strathcona,494013.9327,5458805.2505
Break and Enter Commercial,2017,4,13,16,0,10XX E GEORGIA ST,Strathcona,494078.5127,5458386.0822
Break and Enter Commercial,2017,10,1,1,54,10XX E GEORGIA ST,Strathcona,494078.5127,5458386.0822
Break and Enter Commercial,2017,4,24,17,45,10XX EXPO BLVD,Central Business District,491546.0895,5458011.0024
Break and Enter Commercial,2017,5,4,23,38,10XX GRANVILLE ST,Central Business District,490968.8928,5458416.5165
Break and Enter Commercial,2017,2,15,23,0,10XX GRANVILLE ST,Central Business District,491021.2753,5458470.0718
Break and Enter Commercial,2017,9,5,22,0,10XX GRANVILLE ST,Central Business District,491033.596,5458495.7456
Break and Enter Commercial,2017,11,27,0,0,10XX HARO ST,West End,490899.0253,5458974.0656
Break and Enter Commercial,2017,4,4,0,0,10XX HARWOOD ST,West End,490409.5994,5458362.936
Break and Enter Commercial,2017,1,13,16,3,10XX HARWOOD ST,West End,490431.9449,5458353.2344
Break and Enter Commercial,2017,12,29,16,30,10XX HOMER ST,Central Business District,491167.5589,5458189.1787
Break and Enter Commercial,2017,4,7,7,2,10XX HOMER ST,Central Business District,491198.8052,5458234.0738
Break and Enter Commercial,2017,2,12,14,0,10XX HOMER ST,Central Business District,491255.8833,5458279.1811
Break and Enter Commercial,2017,12,19,18,30,10XX HORNBY ST,Central Business District,490831.2394,5458576.0386
Break and Enter Commercial,2017,1,9,17,0,10XX HOWE ST,Central Business District,490891.0561,5458484.3504
Break and Enter Commercial,2017,7,6,17,0,10XX HOWE ST,Central Business District,490922.922,5458529.9935
Break and Enter Commercial,2017,6,3,5,1,10XX HOWE ST,Central Business District,490945.0676,5458552.6272
Break and Enter Commercial,2017,10,7,4,18,10XX HOWE ST,Central Business District,490945.0676,5458552.6272
Break and Enter Commercial,2017,1,30,18,0,10XX IRONWORK PASS,Fairview,490688.4877,5457250.6353
Break and Enter Commercial,2017,5,16,16,8,10XX IRONWORK PASS,Fairview,490707.7672,5457250.2325
Break and Enter Commercial,2017,3,4,12,0,10XX KINGSWAY AVE,Kensington-Cedar Cottage,493911.5598,5455681.4963
Break and Enter Commercial,2017,7,13,10,36,10XX KINGSWAY AVE,Kensington-Cedar Cottage,493996.2479,5455609.9022
Break and Enter Commercial,2017,5,13,5,25,10XX KINGSWAY AVE,Kensington-Cedar Cottage,494013.2889,5455597.6348
Break and Enter Commercial,2017,8,22,4,0,10XX KINGSWAY AVE,Kensington-Cedar Cottage,494013.2889,5455597.6348
Break and Enter Commercial,2017,8,13,6,29,10XX LAGOON DR,Stanley Park,489311.1176,5460044.4649
Break and Enter Commercial,2017,5,22,10,48,10XX MAIN ST,Strathcona,492743.2373,5458089.6091
Break and Enter Commercial,2017,6,18,18,0,10XX MAINLAND ST,Central Business District,491283.8046,5458143.4536
Break and Enter Commercial,2017,9,16,17,0,10XX MAINLAND ST,Central Business District,491285.5546,5458145.2678
Break and Enter Commercial,2017,8,17,12,31,10XX MAINLAND ST,Central Business District,491324.5391,5458185.7001
Break and Enter Commercial,2017,9,29,3,42,10XX MAINLAND ST,Central Business District,491326.99,5458201.4179
Break and Enter Commercial,2017,1,18,9,59,10XX MARINASIDE CRES,Central Business District,491443.7948,5457868.8672
Break and Enter Commercial,2017,5,5,20,0,10XX NICOLA ST,West End,490126.5526,5459205.6308
Break and Enter Commercial,2017,8,8,19,49,10XX NICOLA ST,West End,490169.5356,5459250.6331
Break and Enter Commercial,2017,12,2,22,47,10XX NICOLA ST,West End,490207.9093,5459288.5661
Break and Enter Commercial,2017,9,5,11,0,10XX PACIFIC BLVD,Central Business District,491537.5138,5457926.0018
Break and Enter Commercial,2017,12,6,2,57,10XX PACIFIC BLVD,Central Business District,491615.7544,5457941.338
Break and Enter Commercial,2017,3,26,22,0,10XX PACIFIC ST,West End,490246.7971,5458367.4099
Break and Enter Commercial,2017,8,13,0,55,10XX PACIFIC ST,West End,490298.1327,5458316.5676
Break and Enter Commercial,2017,10,11,8,0,10XX PARKER ST,Strathcona,494080.0022,5458126.7591
Break and Enter Commercial,2017,1,10,4,38,10XX QUEBEC ST,Central Business District,492585.3997,5458096.88
Break and Enter Commercial,2017,10,23,20,47,10XX QUEBEC ST,Central Business District,492586.9351,5458039.3939
Break and Enter Commercial,2017,8,17,18,0,10XX RICHARDS ST,Central Business District,491126.7883,5458305.4868
Break and Enter Commercial,2017,3,20,0,0,10XX RICHARDS ST,Central Business District,491181.9337,5458347.7606
Break and Enter Commercial,2017,12,31,10,59,10XX ROBSON ST,West End,491013.5196,5459016.0361
Break and Enter Commercial,2017,12,1,3,50,10XX ROBSON ST,West End,491058.2284,5458958.9991
Break and Enter Commercial,2017,8,23,19,0,10XX SEYMOUR ST,Central Business District,491058.4181,5458372.6422
Break and Enter Commercial,2017,8,16,3,0,10XX SMITHE ST,West End,490881.2311,5458957.2538
Break and Enter Commercial,2017,5,2,10,11,10XX SW MARINE DR,Marpole,490456.8022,5450205.0179
Break and Enter Commercial,2017,11,19,7,40,10XX W 67TH AVE,Marpole,490488.9009,5450887.8128
Break and Enter Commercial,2017,6,8,9,36,10XX W 6TH AVE,Fairview,490690.1555,5457032.3755
Break and Enter Commercial,2017,1,6,4,0,10XX W 7TH AVE,Fairview,490653.9524,5456939.38
Break and Enter Commercial,2017,4,2,1,30,10XX W 7TH AVE,Fairview,490720.4233,5456937.7153
Break and Enter Commercial,2017,9,15,19,30,10XX W 7TH AVE,Fairview,490720.4233,5456937.7153
Break and Enter Commercial,2017,4,2,14,0,10XX W 8TH AVE,Fairview,490679.0433,5456855.3442
Break and Enter Commercial,2017,5,29,9,44,10XX W 8TH AVE,Fairview,490679.0433,5456855.3442
Break and Enter Commercial,2017,9,5,9,10,10XX W 8TH AVE,Fairview,490742.0858,5456853.9127
Break and Enter Commercial,2017,4,2,4,10,10XX W 8TH AVE,Fairview,490752.0399,5456853.6867
Break and Enter Commercial,2017,3,27,20,0,10XX W 8TH AVE,Fairview,490758.6759,5456853.536
Break and Enter Commercial,2017,2,4,20,45,10XX W BROADWAY AVE,Fairview,490721.7869,5456752.0765
Break and Enter Commercial,2017,10,10,19,0,10XX W BROADWAY AVE,Fairview,490721.7869,5456752.0765
Break and Enter Commercial,2017,7,26,0,25,10XX W BROADWAY AVE,Fairview,490779.127,5456750.6087
Break and Enter Commercial,2017,5,2,3,0,10XX W CORDOVA ST,Central Business District,491400.6788,5459505.6378
Break and Enter Commercial,2017,2,23,10,53,10XX W GEORGIA ST,Central Business District,491087.1035,5459191.5547
Break and Enter Commercial,2017,6,9,6,30,10XX W GEORGIA ST,Central Business District,491087.1035,5459191.5547
Break and Enter Commercial,2017,6,23,17,0,10XX W GEORGIA ST,Central Business District,491087.1035,5459191.5547
Break and Enter Commercial,2017,4,4,19,30,10XX W GEORGIA ST,Central Business District,491115.4503,5459163.4771
Break and Enter Commercial,2017,5,8,20,0,10XX W GEORGIA ST,Central Business District,491115.4503,5459163.4771
Break and Enter Commercial,2017,10,15,3,9,10XX W GEORGIA ST,Central Business District,491115.4503,5459163.4771
Break and Enter Commercial,2017,7,4,8,0,10XX W GEORGIA ST,West End,491128.3155,5459137.8634
Break and Enter Commercial,2017,11,14,23,33,10XX W GEORGIA ST,West End,491141.8857,5459124.422
Break and Enter Commercial,2017,12,25,15,0,10XX W GEORGIA ST,Central Business District,491156.4628,5459122.8538
Break and Enter Commercial,2017,12,9,16,48,10XX W HASTINGS ST,Central Business District,491359.0894,5459440.1619
Break and Enter Commercial,2017,3,20,7,6,10XX W HASTINGS ST,Central Business District,491385.9008,5459438.5889
Break and Enter Commercial,2017,9,26,19,34,10XX W HASTINGS ST,Central Business District,491385.9008,5459438.5889
Break and Enter Commercial,2017,11,25,13,20,10XX W HASTINGS ST,Central Business District,491385.9008,5459438.5889
Break and Enter Commercial,2017,9,21,18,33,10XX W HASTINGS ST,Central Business District,491451.6338,5459410.3303
Break and Enter Commercial,2017,12,19,20,22,10XX W HASTINGS ST,Central Business District,491451.6338,5459410.3303
Break and Enter Commercial,2017,3,12,21,0,10XX W PENDER ST,Central Business District,491263.9592,5459407.5907
Break and Enter Commercial,2017,4,12,6,30,10XX W PENDER ST,Central Business District,491332.2968,5459374.751
Break and Enter Commercial,2017,10,13,9,22,10XX W PENDER ST,Central Business District,491332.2968,5459374.751
Break and Enter Commercial,2017,10,29,22,43,10XX W PENDER ST,Central Business District,491332.2968,5459374.751
Break and Enter Commercial,2017,10,9,3,15,10XX W PENDER ST,Central Business District,491369.7613,5459365.2054
Break and Enter Commercial,2017,9,25,20,23,11XX BARCLAY ST,West End,490709.674,5459013.9101
Break and Enter Commercial,2017,7,27,6,12,11XX BARCLAY ST,West End,490719.7587,5458990.7341
Break and Enter Commercial,2017,11,3,14,39,11XX BEACH AVE,West End,490086.1869,5458429.3605
Break and Enter Commercial,2017,9,13,4,7,11XX BROUGHTON ST,West End,490122.5859,5459046.0713
Break and Enter Commercial,2017,6,7,4,2,11XX BURNABY ST,West End,490296.5923,5458630.1312
Break and Enter Commercial,2017,8,17,18,4,11XX BURNABY ST,West End,490296.5923,5458630.1312
Break and Enter Commercial,2017,3,13,23,5,11XX BUTE ST,West End,490347.5963,5458842.9712
Break and Enter Commercial,2017,5,29,3,49,11XX COMMERCIAL DR,Grandview-Woodland,494936.2603,5457968.1825
Break and Enter Commercial,2017,9,4,5,14,11XX COMMERCIAL DR,Grandview-Woodland,494936.2603,5457968.1825
Break and Enter Commercial,2017,10,5,3,24,11XX COMMERCIAL DR,Grandview-Woodland,494936.2603,5457968.1825
Break and Enter Commercial,2017,9,19,6,40,11XX COMMERCIAL DR,Grandview-Woodland,494945.5308,5457979.963
Break and Enter Commercial,2017,8,29,17,16,11XX DAVIE ST,West End,490412.9893,5458671.7853
Break and Enter Commercial,2017,3,9,13,10,11XX DENMAN ST,West End,489715.3524,5459422.986
Break and Enter Commercial,2017,8,4,0,0,11XX DENMAN ST,West End,489790.2733,5459498.0912
Break and Enter Commercial,2017,7,24,15,9,11XX E BROADWAY AVE,Mount Pleasant,494129.2655,5456626.8944
Break and Enter Commercial,2017,7,30,4,0,11XX E BROADWAY AVE,Mount Pleasant,494129.2655,5456626.8944
Break and Enter Commercial,2017,8,1,15,30,11XX E BROADWAY AVE,Mount Pleasant,494129.2655,5456626.8944
Break and Enter Commercial,2017,11,14,23,30,11XX E BROADWAY AVE,Mount Pleasant,494129.2655,5456626.8944
Break and Enter Commercial,2017,10,8,9,37,11XX E GEORGIA ST,Strathcona,494113.7377,5458385.2214
Break and Enter Commercial,2017,2,12,14,50,11XX E GEORGIA ST,Strathcona,494128.3922,5458384.8592
Break and Enter Commercial,2017,4,8,9,0,11XX E HASTINGS ST,Strathcona,494114.8054,5458698.7121
Break and Enter Commercial,2017,11,7,7,39,11XX E HASTINGS ST,Strathcona,494132.2128,5458699.0915
Break and Enter Commercial,2017,11,26,9,32,11XX E HASTINGS ST,Strathcona,494132.2128,5458699.0915
Break and Enter Commercial,2017,11,3,16,30,11XX E HASTINGS ST,Strathcona,494133.7602,5458699.1251
Break and Enter Commercial,2017,3,17,4,0,11XX E HASTINGS ST,Strathcona,494231.0362,5458710.8472
Break and Enter Commercial,2017,8,14,14,28,11XX E PENDER ST,Strathcona,494232.1601,5458583.4129
Break and Enter Commercial,2017,12,1,17,0,11XX E PENDER ST,Strathcona,494232.1601,5458583.4129
Break and Enter Commercial,2017,9,12,14,44,11XX FRANKLIN ST,Strathcona,494111.7977,5458838.3471
Break and Enter Commercial,2017,11,10,19,0,11XX GRANVILLE ST,Central Business District,490902.3828,5458362.1283
Break and Enter Commercial,2017,4,7,12,50,11XX HAMILTON ST,Central Business District,491169.8317,5458106.3448
Break and Enter Commercial,2017,1,8,13,0,11XX HARO ST,West End,490733.3329,5459142.496
Break and Enter Commercial,2017,5,18,20,40,11XX HARWOOD ST,West End,490219.7126,5458566.6651
Break and Enter Commercial,2017,7,15,4,0,11XX HOMER ST,Central Business District,491060.0978,5458081.9351
Break and Enter Commercial,2017,2,19,22,9,11XX HOMER ST,Central Business District,491100.3423,5458121.966
Break and Enter Commercial,2017,8,3,2,0,11XX HORNBY ST,Central Business District,490751.6156,5458494.0611
Break and Enter Commercial,2017,10,2,2,58,11XX HORNBY ST,Central Business District,490751.6156,5458494.0611
Break and Enter Commercial,2017,10,3,21,5,11XX HORNBY ST,Central Business District,490751.6156,5458494.0611
Break and Enter Commercial,2017,11,27,16,0,11XX HORNBY ST,Central Business District,490751.6156,5458494.0611
Break and Enter Commercial,2017,7,28,19,0,11XX HORNBY ST,Central Business District,490762.516,5458492.1905
Break and Enter Commercial,2017,12,9,15,25,11XX HORNBY ST,Central Business District,490766.7331,5458509.7331
Break and Enter Commercial,2017,9,3,23,0,11XX HOWE ST,Central Business District,490761.5547,5458365.9588
Break and Enter Commercial,2017,10,18,14,0,11XX HOWE ST,Central Business District,490768.0621,5458359.5349
Break and Enter Commercial,2017,3,4,6,55,11XX HOWE ST,Central Business District,490775.0164,5458366.5794
Break and Enter Commercial,2017,5,21,6,28,11XX JERVIS ST,West End,490211.7551,5458935.6781
Break and Enter Commercial,2017,6,15,8,32,11XX JERVIS ST,West End,490304.9975,5459016.2664
Break and Enter Commercial,2017,3,17,4,57,11XX MAINLAND ST,Central Business District,491174.4426,5458032.915
Break and Enter Commercial,2017,9,10,6,0,11XX MARINASIDE CRES,Central Business District,491311.2926,5457837.5081
Break and Enter Commercial,2017,9,25,10,34,11XX MELVILLE ST,Central Business District,491062.5082,5459366.4325
Break and Enter Commercial,2017,8,14,4,50,11XX MELVILLE ST,Central Business District,491117.6931,5459313.0404
Break and Enter Commercial,2017,12,11,21,45,11XX MELVILLE ST,Central Business District,491117.6931,5459313.0404
Break and Enter Commercial,2017,8,8,21,0,11XX NELSON ST,West End,490602.4947,5458958.641
Break and Enter Commercial,2017,12,17,5,30,11XX NELSON ST,West End,490664.9189,5458896.3544
Break and Enter Commercial,2017,10,2,5,40,11XX ODLUM DR,Grandview-Woodland,494473.6124,5457940.3954
Break and Enter Commercial,2017,2,16,7,39,11XX PACIFIC BLVD,Central Business District,491291.1095,5457960.5017
Break and Enter Commercial,2017,2,16,16,0,11XX PACIFIC ST,West End,490218.2236,5458408.6765
Break and Enter Commercial,2017,4,28,23,0,11XX PENDRELL ST,West End,490439.7327,5458801.3692
Break and Enter Commercial,2017,10,27,18,15,11XX QUEBEC ST,Central Business District,492609.2795,5457958.9958
Break and Enter Commercial,2017,11,10,17,0,11XX RICHARDS ST,Central Business District,491060.0307,5458238.5924
Break and Enter Commercial,2017,1,25,2,0,11XX ROBSON ST,West End,490792.7021,5459235.6337
Break and Enter Commercial,2017,11,29,17,52,11XX ROBSON ST,West End,490857.3499,5459171.0646
Break and Enter Commercial,2017,8,11,0,0,11XX SEYMOUR ST,Central Business District,490894.3286,5458208.1336
Break and Enter Commercial,2017,4,15,4,0,11XX SEYMOUR ST,Central Business District,490943.0067,5458256.6083
Break and Enter Commercial,2017,6,22,22,34,11XX SEYMOUR ST,Central Business District,490974.6309,5458288.1007
Break and Enter Commercial,2017,3,3,5,7,11XX UNION ST,Strathcona,494132.4594,5458284.2167
Break and Enter Commercial,2017,3,26,2,54,11XX UNION ST,Strathcona,494192.4171,5458291.7311
Break and Enter Commercial,2017,6,26,9,55,11XX UNION ST,Strathcona,494192.4171,5458291.7311
Break and Enter Commercial,2017,4,16,2,17,11XX W 11TH AVE,Fairview,490590.9019,5456536.8963
Break and Enter Commercial,2017,4,4,17,16,11XX W 6TH AVE,Fairview,490472.6683,5457038.5667
Break and Enter Commercial,2017,6,3,0,0,11XX W 6TH AVE,Fairview,490472.6683,5457038.5667
Break and Enter Commercial,2017,6,13,8,0,11XX W 6TH AVE,Fairview,490472.6683,5457038.5667
Break and Enter Commercial,2017,8,20,13,30,11XX W 6TH AVE,Fairview,490508.7951,5457037.5295
Break and Enter Commercial,2017,5,21,17,11,11XX W 6TH AVE,Fairview,490509.9675,5457037.4954
Break and Enter Commercial,2017,2,13,8,46,11XX W 8TH AVE,Fairview,490458.1269,5456860.9731
Break and Enter Commercial,2017,3,17,11,0,11XX W 8TH AVE,Fairview,490458.1269,5456860.9731
Break and Enter Commercial,2017,3,19,19,56,11XX W 8TH AVE,Fairview,490458.1269,5456860.9731
Break and Enter Commercial,2017,11,14,16,8,11XX W 8TH AVE,Fairview,490458.1269,5456860.9731
Break and Enter Commercial,2017,12,30,23,0,11XX W 8TH AVE,Fairview,490458.1269,5456860.9731
Break and Enter Commercial,2017,1,3,21,0,11XX W BROADWAY AVE,Fairview,490562.7571,5456747.1147
Break and Enter Commercial,2017,2,9,17,0,11XX W BROADWAY AVE,Fairview,490562.7571,5456747.1147
Break and Enter Commercial,2017,4,9,18,0,11XX W BROADWAY AVE,Fairview,490562.7571,5456747.1147
Break and Enter Commercial,2017,3,20,10,16,11XX W BROADWAY AVE,Fairview,490599.0577,5456746.1045
Break and Enter Commercial,2017,12,8,8,20,11XX W BROADWAY AVE,Fairview,490605.6577,5456745.9208
Break and Enter Commercial,2017,6,9,19,0,11XX W GEORGIA ST,Central Business District,490915.2728,5459361.0787
Break and Enter Commercial,2017,7,2,10,45,11XX W GEORGIA ST,Central Business District,490915.2728,5459361.0787
Break and Enter Commercial,2017,10,24,19,0,11XX W GEORGIA ST,Central Business District,490915.2728,5459361.0787
Break and Enter Commercial,2017,1,9,17,30,11XX W GEORGIA ST,West End,490993.2104,5459271.4375
Break and Enter Commercial,2017,6,14,8,28,11XX W GEORGIA ST,Central Business District,491028.5504,5459249.4499
Break and Enter Commercial,2017,6,14,18,19,11XX W GEORGIA ST,Central Business District,491028.5504,5459249.4499
Break and Enter Commercial,2017,5,4,22,0,11XX W HASTINGS ST,Central Business District,491081.4483,5459569.169
Break and Enter Commercial,2017,5,27,23,0,11XX W HASTINGS ST,Central Business District,491118.603,5459543.3036
Break and Enter Commercial,2017,1,24,2,14,11XX W HASTINGS ST,Central Business District,491220.6789,5459509.5121
Break and Enter Commercial,2017,10,11,7,37,11XX W HASTINGS ST,Central Business District,491267.0891,5459489.6265
Break and Enter Commercial,2017,5,13,18,0,11XX W PENDER ST,Central Business District,491126.3161,5459480.1844
Break and Enter Commercial,2017,5,14,19,0,11XX W PENDER ST,Central Business District,491126.3161,5459480.1844
Break and Enter Commercial,2017,5,30,8,51,11XX W PENDER ST,Central Business District,491126.3161,5459480.1844
Break and Enter Commercial,2017,7,12,10,57,11XX W PENDER ST,Central Business District,491126.3161,5459480.1844
Break and Enter Commercial,2017,12,1,2,13,11XX W PENDER ST,Central Business District,491151.3089,5459458.7793
Break and Enter Commercial,2017,12,1,13,22,11XX W PENDER ST,Central Business District,491151.3089,5459458.7793
Break and Enter Commercial,2017,8,22,8,0,11XX W PENDER ST,Central Business District,491171.8637,5459449.436
Break and Enter Commercial,2017,5,17,21,0,11XX W PENDER ST,Central Business District,491208.8622,5459432.618
Break and Enter Commercial,2017,3,21,17,57,12XX BARCLAY ST,West End,490545.5346,5459177.0468
Break and Enter Commercial,2017,3,28,5,12,12XX BARCLAY ST,West End,490545.5346,5459177.0468
Break and Enter Commercial,2017,4,8,12,19,12XX BEACH AVE,West End,489972.9505,5458602.0392
Break and Enter Commercial,2017,8,30,0,30,12XX BIDWELL ST,West End,489771.3802,5459261.7673
Break and Enter Commercial,2017,10,3,19,0,12XX BIDWELL ST,West End,489791.0707,5459268.8144
Break and Enter Commercial,2017,1,6,18,0,12XX BROUGHTON ST,West End,490080.7712,5459004.4359
Break and Enter Commercial,2017,6,24,0,7,12XX BURNABY ST,West End,490160.1998,5458766.4917
Break and Enter Commercial,2017,1,17,6,18,12XX BURRARD ST,Central Business District,490570.5687,5458448.6595
Break and Enter Commercial,2017,11,17,7,0,12XX CARDERO ST,West End,489881.6102,5459133.0484
Break and Enter Commercial,2017,7,21,13,0,12XX CHESTNUT ST,Kitsilano,489366.8328,5458001.4489
Break and Enter Commercial,2017,11,8,5,0,12XX COMOX ST,West End,490371.5883,5459022.4501
Break and Enter Commercial,2017,4,7,23,28,12XX COMOX ST,West End,490394.3271,5458999.9201
Break and Enter Commercial,2017,9,27,7,19,12XX COMOX ST,West End,490426.9776,5458967.3456
Break and Enter Commercial,2017,4,10,5,29,12XX DAVIE ST,West End,490227.2734,5458858.7773
Break and Enter Commercial,2017,4,14,4,0,12XX DAVIE ST,West End,490227.2734,5458858.7773
Break and Enter Commercial,2017,9,3,5,0,12XX DENMAN ST,West End,489684.4328,5459391.9053
Break and Enter Commercial,2017,1,20,7,36,12XX E 45TH AVE,Sunset,494132.3308,5452916.8497
Break and Enter Commercial,2017,4,7,19,0,12XX E 6TH AVE,Mount Pleasant,494304.5371,5456934.2695
Break and Enter Commercial,2017,12,13,16,0,12XX E 8TH AVE,Mount Pleasant,494284.1827,5456728.8682
Break and Enter Commercial,2017,2,16,22,46,12XX E PENDER ST,Strathcona,494273.1762,5458624.7519
Break and Enter Commercial,2017,11,15,12,0,12XX E PENDER ST,Strathcona,494293.2541,5458633.2269
Break and Enter Commercial,2017,4,14,9,13,12XX FRANCES ST,Strathcona,494305.0531,5458532.7025
Break and Enter Commercial,2017,11,14,17,0,12XX FRANKLIN ST,Strathcona,494341.1801,5458833.441
Break and Enter Commercial,2017,8,26,6,37,12XX GRANVILLE ST,Central Business District,490806.2587,5458252.1585
Break and Enter Commercial,2017,1,8,3,0,12XX HARO ST,West End,490610.5416,5459264.9136
Break and Enter Commercial,2017,1,9,4,0,12XX HARO ST,West End,490610.5416,5459264.9136
Break and Enter Commercial,2017,3,4,2,0,12XX HARO ST,West End,490649.1332,5459213.7511
Break and Enter Commercial,2017,1,1,10,38,12XX HARWOOD ST,West End,490097.7062,5458687.3502
Break and Enter Commercial,2017,10,5,0,16,12XX HARWOOD ST,West End,490103.4197,5458668.8068
Break and Enter Commercial,2017,3,8,13,30,12XX HARWOOD ST,West End,490136.5287,5458635.976
Break and Enter Commercial,2017,3,25,5,0,12XX HOMER ST,Central Business District,490933.6432,5457955.1989
Break and Enter Commercial,2017,8,17,21,0,12XX HOMER ST,Central Business District,490933.6432,5457955.1989
Break and Enter Commercial,2017,11,13,4,40,12XX HOMER ST,Central Business District,490933.6432,5457955.1989
Break and Enter Commercial,2017,12,29,17,0,12XX HOMER ST,Central Business District,490933.7911,5457968.3045
Break and Enter Commercial,2017,7,19,14,30,12XX HORNBY ST,Central Business District,490642.3094,5458368.7708
Break and Enter Commercial,2017,11,4,0,8,12XX HORNBY ST,Central Business District,490642.3094,5458368.7708
Break and Enter Commercial,2017,4,2,2,53,12XX HOWE ST,Central Business District,490650.5904,5458254.6229
Break and Enter Commercial,2017,5,21,0,36,12XX HOWE ST,Central Business District,490650.5904,5458254.6229
Break and Enter Commercial,2017,7,4,21,47,12XX HOWE ST,Central Business District,490650.5904,5458254.6229
Break and Enter Commercial,2017,3,24,5,26,12XX HOWE ST,Central Business District,490670.6282,5458274.6947
Break and Enter Commercial,2017,4,17,21,56,12XX HOWE ST,Central Business District,490688.4395,5458292.5363
Break and Enter Commercial,2017,5,2,0,23,12XX KINGSWAY AVE,Kensington-Cedar Cottage,494232.0791,5455451.9156
Break and Enter Commercial,2017,1,8,2,37,12XX MAIN ST,Central Business District,492717.8328,5457907.3966
Break and Enter Commercial,2017,6,10,15,23,12XX NICOLA ST,West End,489884.766,5458963.926
Break and Enter Commercial,2017,4,6,5,56,12XX NICOLA ST,West End,489938.044,5459016.7047
Break and Enter Commercial,2017,4,7,2,22,12XX NICOLA ST,West End,489938.044,5459016.7047
Break and Enter Commercial,2017,4,27,5,55,12XX NICOLA ST,West End,489938.044,5459016.7047
Break and Enter Commercial,2017,12,26,11,7,12XX ODLUM DR,Grandview-Woodland,494472.7335,5457880.3501
Break and Enter Commercial,2017,3,31,4,30,12XX PACIFIC ST,West End,489988.5138,5458640.1017
Break and Enter Commercial,2017,5,22,4,0,12XX RICHARDS ST,Central Business District,490851.8218,5458026.6393
Break and Enter Commercial,2017,11,19,2,35,12XX ROBSON ST,West End,490705.6038,5459309.7176
Break and Enter Commercial,2017,7,5,8,27,12XX SALSBURY DR,Grandview-Woodland,495085.6705,5457821.3516
Break and Enter Commercial,2017,1,13,18,0,12XX SEYMOUR ST,Central Business District,490880.9967,5458181.7257
Break and Enter Commercial,2017,7,22,20,28,12XX STATION ST,Strathcona,492831.1289,5457777.2992
Break and Enter Commercial,2017,5,8,21,0,12XX THURLOW ST,West End,490420.6771,5458601.7437
Break and Enter Commercial,2017,4,2,7,16,12XX THURLOW ST,West End,490446.2646,5458629.3043
Break and Enter Commercial,2017,2,1,0,0,12XX W 11TH AVE,Fairview,490286.3401,5456543.4913
Break and Enter Commercial,2017,4,5,11,27,12XX W 11TH AVE,Fairview,490286.3401,5456543.4913
Break and Enter Commercial,2017,4,10,14,27,12XX W 11TH AVE,Fairview,490388.1945,5456541.2742
Break and Enter Commercial,2017,7,31,21,21,12XX W 12TH AVE,Fairview,490323.5482,5456450.8888
Break and Enter Commercial,2017,3,12,3,56,12XX W 14TH AVE,Fairview,490281.2246,5456233.229
Break and Enter Commercial,2017,5,28,22,0,12XX W 14TH AVE,Fairview,490409.6904,5456229.8194
Break and Enter Commercial,2017,3,16,23,0,12XX W 15TH AVE,Fairview,490371.4951,5456138.2446
Break and Enter Commercial,2017,10,25,0,4,12XX W 15TH AVE,Fairview,490371.4951,5456138.2446
Break and Enter Commercial,2017,5,26,20,0,12XX W 6TH AVE,Fairview,490319.0569,5457058.9895
Break and Enter Commercial,2017,3,31,17,0,12XX W 6TH AVE,Fairview,490405.3682,5457037.1018
Break and Enter Commercial,2017,10,7,9,30,12XX W 8TH AVE,Fairview,490437.5807,5456852.2976
Break and Enter Commercial,2017,10,27,18,0,12XX W BROADWAY AVE,Fairview,490301.7467,5456763.0932
Break and Enter Commercial,2017,1,20,6,5,12XX W BROADWAY AVE,Fairview,490364.6186,5456761.5373
Break and Enter Commercial,2017,12,1,15,0,12XX W BROADWAY AVE,Fairview,490381.3842,5456761.122
Break and Enter Commercial,2017,12,14,9,6,12XX W BROADWAY AVE,Fairview,490381.3842,5456761.122
Break and Enter Commercial,2017,5,16,10,0,12XX W CORDOVA ST,Central Business District,491018.8526,5459690.4582
Break and Enter Commercial,2017,10,25,6,39,12XX W GEORGIA ST,Central Business District,490801.1422,5459474.3096
Break and Enter Commercial,2017,4,5,10,53,12XX W GEORGIA ST,Central Business District,490844.865,5459430.8445
Break and Enter Commercial,2017,1,23,16,30,12XX W HASTINGS ST,Central Business District,491024.8155,5459585.1938
Break and Enter Commercial,2017,3,28,17,30,12XX W PENDER ST,Central Business District,490899.0425,5459585.1576
Break and Enter Commercial,2017,4,7,11,47,12XX W PENDER ST,Central Business District,491017.8081,5459519.5632
Break and Enter Commercial,2017,9,13,4,25,12XX WILLIAM ST,Strathcona,494359.5431,5457928.1439
Break and Enter Commercial,2017,2,4,0,18,13XX ALBERNI ST,West End,490666.5311,5459517.0571
Break and Enter Commercial,2017,3,7,16,1,13XX BURNABY ST,West End,490047.2975,5458891.6543
Break and Enter Commercial,2017,3,26,15,0,13XX BURNABY ST,West End,490063.0699,5458863.7223
Break and Enter Commercial,2017,9,30,15,0,13XX BURRARD ST,Central Business District,490448.6211,5458327.7254
Break and Enter Commercial,2017,5,5,5,30,13XX BURRARD ST,Central Business District,490465.2887,5458344.3634
Break and Enter Commercial,2017,5,2,0,23,13XX BUTE ST,West End,490147.3774,5458629.3596
Break and Enter Commercial,2017,1,4,6,9,13XX CARDERO ST,West End,489766.6902,5459025.408
Break and Enter Commercial,2017,12,20,21,0,13XX CARDERO ST,West End,489766.6902,5459025.408
Break and Enter Commercial,2017,8,8,15,34,13XX CARTWRIGHT ST,Fairview,490206.1468,5457470.5568
Break and Enter Commercial,2017,12,17,6,43,13XX CARTWRIGHT ST,Fairview,490272.1077,5457451.2753
Break and Enter Commercial,2017,10,6,17,0,13XX CHESTNUT ST,Kitsilano,489353.6758,5457913.1642
Break and Enter Commercial,2017,10,16,22,0,13XX COMMERCIAL DR,Grandview-Woodland,494933.5061,5457792.3715
Break and Enter Commercial,2017,10,30,9,52,13XX COTTON DR,Grandview-Woodland,494802.6206,5457765.2543
Break and Enter Commercial,2017,11,25,3,33,13XX DAVIE ST,West End,490106.9279,5458991.1572
Break and Enter Commercial,2017,6,18,9,38,13XX DAVIE ST,West End,490114.8612,5458970.3382
Break and Enter Commercial,2017,5,23,22,0,13XX DAVIE ST,West End,490150.71,5458934.6032
Break and Enter Commercial,2017,3,3,19,30,13XX E HASTINGS ST,Grandview-Woodland,494419.2444,5458739.2092
Break and Enter Commercial,2017,6,1,12,0,13XX E KENT AVE N,Sunset,494146.7128,5450708.371
Break and Enter Commercial,2017,9,10,0,0,13XX E KENT AVE N,Sunset,494146.7128,5450708.371
Break and Enter Commercial,2017,9,18,10,23,13XX E KENT AVE N,Sunset,494146.7128,5450708.371
Break and Enter Commercial,2017,9,25,14,29,13XX E KENT AVE N,Sunset,494146.7128,5450708.371
Break and Enter Commercial,2017,10,2,12,0,13XX E KENT AVE N,Sunset,494146.7128,5450708.371
Break and Enter Commercial,2017,10,17,22,24,13XX E KENT AVE N,Sunset,494146.7128,5450708.371
Break and Enter Commercial,2017,4,2,0,1,13XX E KENT AVE N,Sunset,494326.1307,5450731.8953
Break and Enter Commercial,2017,2,20,10,38,13XX FOUNTAIN WAY,Fairview,490174.5843,5457237.2272
Break and Enter Commercial,2017,12,15,21,0,13XX HARO ST,West End,490482.0409,5459376.8426
Break and Enter Commercial,2017,3,12,15,0,13XX HARO ST,West End,490520.9789,5459339.3071
Break and Enter Commercial,2017,10,30,9,38,13XX HARWOOD ST,West End,489967.9229,5458816.8945
Break and Enter Commercial,2017,12,8,2,0,13XX HARWOOD ST,West End,489967.9229,5458816.8945
Break and Enter Commercial,2017,5,2,8,46,13XX HARWOOD ST,West End,489998.3881,5458773.3473
Break and Enter Commercial,2017,5,29,21,0,13XX HARWOOD ST,West End,489998.3881,5458773.3473
Break and Enter Commercial,2017,12,13,18,0,13XX HOMER ST,Central Business District,490884.6307,5457917.275
Break and Enter Commercial,2017,12,28,23,0,13XX HOMER ST,Central Business District,490891.9138,5457924.9907
Break and Enter Commercial,2017,1,25,0,42,13XX HOMER ST,Central Business District,490893.101,5457912.9273
Break and Enter Commercial,2017,1,25,14,7,13XX HOMER ST,Central Business District,490893.101,5457912.9273
Break and Enter Commercial,2017,2,5,18,5,13XX HORNBY ST,Central Business District,490491.0539,5458230.7579
Break and Enter Commercial,2017,3,3,17,0,13XX HORNBY ST,Central Business District,490519.8692,5458259.212
Break and Enter Commercial,2017,6,2,5,48,13XX JERVIS ST,West End,490061.8881,5458784.7599
Break and Enter Commercial,2017,12,17,5,42,13XX JOHNSTON ST,Fairview,490329.7956,5457521.8265
Break and Enter Commercial,2017,6,1,4,44,13XX KINGSWAY AVE,Kensington-Cedar Cottage,494344.4473,5455354.9708
Break and Enter Commercial,2017,6,2,1,36,13XX KINGSWAY AVE,Kensington-Cedar Cottage,494344.4473,5455354.9708
Break and Enter Commercial,2017,11,19,8,0,13XX KINGSWAY AVE,Kensington-Cedar Cottage,494400.0832,5455320.7106
Break and Enter Commercial,2017,1,10,22,56,13XX MARINASIDE CRES,Central Business District,491144.5661,5457678.9672
Break and Enter Commercial,2017,3,24,11,27,13XX NELSON ST,West End,490377.3461,5459171.2642
Break and Enter Commercial,2017,1,5,17,0,13XX PARKER ST,Grandview-Woodland,494435.5413,5458128.1439
Break and Enter Commercial,2017,2,27,6,15,13XX PARKER ST,Grandview-Woodland,494435.5413,5458128.1439
Break and Enter Commercial,2017,3,14,2,0,13XX PARKER ST,Grandview-Woodland,494435.5413,5458128.1439
Break and Enter Commercial,2017,7,19,16,30,13XX POWELL ST,Grandview-Woodland,494443.4504,5458926.0852
Break and Enter Commercial,2017,1,7,14,0,13XX RICHARDS ST,Central Business District,490738.7988,5457902.2358
Break and Enter Commercial,2017,11,13,7,0,13XX RICHARDS ST,Central Business District,490738.7988,5457902.2358
Break and Enter Commercial,2017,3,16,0,0,13XX ROBSON ST,West End,490555.8393,5459459.1848
Break and Enter Commercial,2017,4,16,23,0,13XX ROBSON ST,West End,490555.8393,5459459.1848
Break and Enter Commercial,2017,6,16,15,21,13XX ROBSON ST,West End,490555.8393,5459459.1848
Break and Enter Commercial,2017,10,7,0,58,13XX ROBSON ST,West End,490646.3226,5459368.9371
Break and Enter Commercial,2017,2,9,21,0,13XX SE MARINE DR,Sunset,494134.5909,5450916.0294
Break and Enter Commercial,2017,9,13,1,31,13XX SEYMOUR ST,Central Business District,490781.209,5458080.8979
Break and Enter Commercial,2017,8,1,2,2,13XX STANLEY PARK DR,Stanley Park,491113.5027,5460607.348
Break and Enter Commercial,2017,6,17,18,0,13XX SW MARINE DR,Marpole,489992.4163,5450124.2839
Break and Enter Commercial,2017,12,21,18,30,13XX THURLOW ST,West End,490353.452,5458521.2426
Break and Enter Commercial,2017,11,2,9,2,13XX VENABLES ST,Grandview-Woodland,494460.4073,5458228.5747
Break and Enter Commercial,2017,2,24,17,0,13XX W 10TH AVE,Fairview,490246.4618,5456648.1027
Break and Enter Commercial,2017,3,5,18,0,13XX W 10TH AVE,Fairview,490246.4618,5456648.1027
Break and Enter Commercial,2017,5,10,16,28,13XX W 12TH AVE,Fairview,490247.714,5456452.8403
Break and Enter Commercial,2017,12,11,12,6,13XX W 13TH AVE,Fairview,490181.0522,5456346.5596
Break and Enter Commercial,2017,7,5,22,0,13XX W 14TH AVE,Fairview,490168.5657,5456236.1797
Break and Enter Commercial,2017,10,13,9,31,13XX W 14TH AVE,Fairview,490168.5657,5456236.1797
Break and Enter Commercial,2017,12,12,18,15,13XX W 15TH AVE,Fairview,490110.4588,5456143.318
Break and Enter Commercial,2017,2,19,19,0,13XX W 4TH AVE,Fairview,490206.954,5457061.1416
Break and Enter Commercial,2017,11,4,9,0,13XX W 50TH AVE,Oakridge,490030.5028,5452571.4759
Break and Enter Commercial,2017,3,8,18,47,13XX W 52ND AVE,Oakridge,490121.4594,5452372.1934
Break and Enter Commercial,2017,5,28,0,0,13XX W 6TH AVE,Fairview,490109.3507,5457056.5218
Break and Enter Commercial,2017,5,29,5,30,13XX W 6TH AVE,Fairview,490109.3507,5457056.5218
Break and Enter Commercial,2017,3,16,20,17,13XX W 6TH AVE,Fairview,490119.7876,5457047.4637
Break and Enter Commercial,2017,3,6,8,30,13XX W 70TH AVE,Marpole,490045.114,5450646.7831
Break and Enter Commercial,2017,3,10,8,55,13XX W 70TH AVE,Marpole,490045.114,5450646.7831
Break and Enter Commercial,2017,5,11,2,25,13XX W 73RD AVE,Marpole,490178.2791,5450171.3225
Break and Enter Commercial,2017,3,20,22,15,13XX W 7TH AVE,Fairview,490105.8722,5456953.0727
Break and Enter Commercial,2017,11,1,6,50,13XX W 7TH AVE,Fairview,490173.2492,5456960.6401
Break and Enter Commercial,2017,12,11,7,14,13XX W BROADWAY AVE,Fairview,490153.378,5456757.9826
Break and Enter Commercial,2017,2,7,2,40,13XX W BROADWAY AVE,Fairview,490158.1341,5456766.9977
Break and Enter Commercial,2017,2,5,1,30,13XX W BROADWAY AVE,Fairview,490211.9406,5456765.4993
Break and Enter Commercial,2017,10,28,7,47,14XX ALBERNI ST,West End,490587.626,5459581.6652
Break and Enter Commercial,2017,3,15,23,20,14XX ANDERSON ST,Fairview,490173.4443,5457688.6179
Break and Enter Commercial,2017,9,2,3,15,14XX BARCLAY ST,West End,490341.2446,5459365.0758
Break and Enter Commercial,2017,7,20,7,8,14XX BUTE ST,West End,490035.1912,5458514.9592
Break and Enter Commercial,2017,3,12,6,53,14XX CEDAR COTTAGE MEWS,Kensington-Cedar Cottage,494527.9249,5455163.7601
Break and Enter Commercial,2017,1,22,5,50,14XX COMMERCIAL DR,Grandview-Woodland,494931.4183,5457679.2674
Break and Enter Commercial,2017,10,6,4,36,14XX COMMERCIAL DR,Grandview-Woodland,494931.4986,5457684.1681
Break and Enter Commercial,2017,8,1,23,0,14XX COMMERCIAL DR,Grandview-Woodland,494941.0146,5457706.8194
Break and Enter Commercial,2017,4,27,15,45,14XX CREEKSIDE DR,Fairview,489755.7268,5457809.1998
Break and Enter Commercial,2017,6,28,0,0,14XX CREEKSIDE DR,Fairview,489763.7089,5457804.739
Break and Enter Commercial,2017,12,19,2,4,14XX E 15TH AVE,Kensington-Cedar Cottage,494508.3941,5455977.7013
Break and Enter Commercial,2017,9,10,8,30,14XX E 3RD AVE,Grandview-Woodland,494546.6995,5457237.9772
Break and Enter Commercial,2017,9,28,15,30,14XX E 3RD AVE,Grandview-Woodland,494546.6995,5457237.9772
Break and Enter Commercial,2017,9,9,12,0,14XX E 3RD AVE,Grandview-Woodland,494586.8566,5457237.4005
Break and Enter Commercial,2017,5,31,4,31,14XX E 7TH AVE,Grandview-Woodland,494533.973,5456824.97
Break and Enter Commercial,2017,11,3,2,36,14XX E BROADWAY AVE,Grandview-Woodland,494606.204,5456629.4002
Break and Enter Commercial,2017,5,14,13,39,14XX E BROADWAY AVE,Kensington-Cedar Cottage,494637.3891,5456619.7963
Break and Enter Commercial,2017,12,8,4,8,14XX E PENDER ST,Grandview-Woodland,494589.8227,5458617.361
Break and Enter Commercial,2017,3,4,12,3,14XX FRANCES ST,Grandview-Woodland,494579.5709,5458527.1449
Break and Enter Commercial,2017,12,10,0,1,14XX HARWOOD ST,West End,489881.6969,5458901.4873
Break and Enter Commercial,2017,7,6,19,15,14XX HARWOOD ST,West End,489910.908,5458859.6757
Break and Enter Commercial,2017,7,1,0,0,14XX HORNBY ST,Central Business District,490393.2453,5458132.7754
Break and Enter Commercial,2017,7,11,5,40,14XX HORNBY ST,Central Business District,490393.2453,5458132.7754
Break and Enter Commercial,2017,7,29,4,35,14XX HOWE ST,Central Business District,490435.076,5458022.9336
Break and Enter Commercial,2017,11,26,2,15,14XX HOWE ST,Central Business District,490435.076,5458022.9336
Break and Enter Commercial,2017,12,22,4,30,14XX HOWE ST,Central Business District,490435.076,5458022.9336
Break and Enter Commercial,2017,5,20,3,30,14XX KINGSWAY AVE,Kensington-Cedar Cottage,494534.2242,5455212.0386
Break and Enter Commercial,2017,12,11,2,0,14XX MARPOLE AVE,Fairview,489950.6298,5456068.7424
Break and Enter Commercial,2017,12,13,22,0,14XX MARPOLE AVE,Fairview,489950.6298,5456068.7424
Break and Enter Commercial,2017,12,21,20,30,14XX NAPIER ST,Grandview-Woodland,494498.4173,5458015.398
Break and Enter Commercial,2017,12,22,11,40,14XX NAPIER ST,Grandview-Woodland,494498.4173,5458015.398
Break and Enter Commercial,2017,7,26,2,39,14XX NELSON ST,West End,490291.7731,5459268.1785
Break and Enter Commercial,2017,8,18,12,10,14XX PENDRELL ST,West End,490116.0866,5459123.8241
Break and Enter Commercial,2017,10,4,1,43,14XX QUEBEC ST,Central Business District,492586.5863,5457740.9297
Break and Enter Commercial,2017,8,26,13,31,14XX RICHARDS ST,Central Business District,490703.6216,5457866.6642
Break and Enter Commercial,2017,9,16,7,0,14XX RICHARDS ST,Central Business District,490703.6216,5457866.6642
Break and Enter Commercial,2017,5,26,17,36,14XX ROBSON ST,West End,490544.4444,5459470.4886
Break and Enter Commercial,2017,12,20,18,0,14XX ROBSON ST,West End,490544.4444,5459470.4886
Break and Enter Commercial,2017,5,10,4,45,14XX VENABLES ST,Grandview-Woodland,494559.2529,5458226.7679
Break and Enter Commercial,2017,11,5,1,16,14XX VENABLES ST,Grandview-Woodland,494615.1308,5458216.5689
Break and Enter Commercial,2017,7,29,15,15,14XX W 12TH AVE,Fairview,490078.7448,5456457.1226
Break and Enter Commercial,2017,3,12,3,20,14XX W 14TH AVE,Fairview,489960.666,5456242.3657
Break and Enter Commercial,2017,3,28,8,57,14XX W 14TH AVE,Fairview,489960.666,5456242.3657
Break and Enter Commercial,2017,4,2,23,30,14XX W 14TH AVE,Fairview,489960.666,5456242.3657
Break and Enter Commercial,2017,2,7,7,14,14XX W 5TH AVE,Fairview,489935.7444,5457116.7096
Break and Enter Commercial,2017,5,27,5,29,14XX W 5TH AVE,Fairview,489935.7444,5457116.7096
Break and Enter Commercial,2017,2,8,17,23,14XX W 70TH AVE,Marpole,489880.3968,5450649.6292
Break and Enter Commercial,2017,3,29,0,0,14XX W 70TH AVE,Marpole,489880.3968,5450649.6292
Break and Enter Commercial,2017,4,12,8,40,14XX W 70TH AVE,Marpole,489955.4219,5450649.3834
Break and Enter Commercial,2017,2,12,6,42,14XX W 7TH AVE,Fairview,490076.5332,5456953.8492
Break and Enter Commercial,2017,6,9,19,30,14XX W 7TH AVE,Fairview,490076.5332,5456953.8492
Break and Enter Commercial,2017,11,13,3,55,14XX W 7TH AVE,Fairview,490076.5332,5456953.8492
Break and Enter Commercial,2017,9,4,23,36,14XX W 8TH AVE,Fairview,490050.0829,5456861.3017
Break and Enter Commercial,2017,12,29,23,0,14XX W BROADWAY AVE,Fairview,490008.4859,5456770.4648
Break and Enter Commercial,2017,5,2,16,46,14XX W BROADWAY AVE,Fairview,490053.2774,5456760.4188
Break and Enter Commercial,2017,8,19,6,0,14XX W GEORGIA ST,Central Business District,490640.3276,5459634.2527
Break and Enter Commercial,2017,3,30,23,55,14XX W PENDER ST,Central Business District,490683.1737,5459671.9347
Break and Enter Commercial,2017,4,12,2,27,14XX W PENDER ST,Central Business District,490683.1737,5459671.9347
Break and Enter Commercial,2017,7,9,18,0,14XX WILLIAM ST,Grandview-Woodland,494540.2306,5457923.7314
Break and Enter Commercial,2017,6,5,7,45,15XX ALBERNI ST,West End,490496.6857,5459672.8692
Break and Enter Commercial,2017,6,11,17,8,15XX ALBERNI ST,West End,490496.6857,5459672.8692
Break and Enter Commercial,2017,6,11,23,31,15XX ALBERNI ST,West End,490496.6857,5459672.8692
Break and Enter Commercial,2017,9,7,2,13,15XX ANDERSON ST,Fairview,490085.8979,5457527.5449
Break and Enter Commercial,2017,10,6,18,30,15XX ANDERSON ST,Fairview,490085.8979,5457527.5449
Break and Enter Commercial,2017,1,20,0,40,15XX ATLAS LANE,Kerrisdale,489714.0071,5452000.1845
Break and Enter Commercial,2017,1,2,3,30,15XX BARCLAY ST,West End,490274.5529,5459444.2423
Break and Enter Commercial,2017,4,3,6,13,15XX BURNABY ST,West End,489894.0241,5459042.8352
Break and Enter Commercial,2017,1,3,9,28,15XX BURRARD ST,Fairview,489446.4245,5457739.4199
Break and Enter Commercial,2017,11,12,6,30,15XX CHARLES ST,Grandview-Woodland,494735.2604,5457817.0789
Break and Enter Commercial,2017,7,28,11,55,15XX COAL HARBOUR QUAY,Central Business District,490710.7048,5459851.8461
Break and Enter Commercial,2017,11,11,20,33,15XX COMMERCIAL DR,Grandview-Woodland,494930.4236,5457619.446
Break and Enter Commercial,2017,7,18,12,51,15XX COMOX ST,West End,490132.3516,5459271.7664
Break and Enter Commercial,2017,6,22,18,0,15XX COTTON DR,Grandview-Woodland,494799.7652,5457611.1481
Break and Enter Commercial,2017,8,8,11,21,15XX DAVIE ST,West End,489984.0802,5459110.8621
Break and Enter Commercial,2017,12,16,17,0,15XX DURANLEAU ST,Fairview,490100.2716,5457574.7043
Break and Enter Commercial,2017,2,16,4,15,15XX E 1ST AVE,Grandview-Woodland,494679.3079,5457426.723
Break and Enter Commercial,2017,5,20,1,0,15XX E 2ND AVE,Grandview-Woodland,494715.2666,5457336.3796
Break and Enter Commercial,2017,11,9,1,30,15XX E 4TH AVE,Grandview-Woodland,494735.7596,5457122.948
Break and Enter Commercial,2017,2,4,5,55,15XX E 8TH AVE,Grandview-Woodland,494699.3635,5456731.2422
Break and Enter Commercial,2017,10,18,9,47,15XX E BROADWAY AVE,Kensington-Cedar Cottage,494663.3343,5456619.4335
Break and Enter Commercial,2017,11,12,11,23,15XX E HASTINGS ST,Grandview-Woodland,494666.5865,5458725.4586
Break and Enter Commercial,2017,8,20,8,20,15XX E KING EDWARD AVE,Kensington-Cedar Cottage,494712.9713,5455078.216
Break and Enter Commercial,2017,8,31,22,30,15XX E KING EDWARD AVE,Kensington-Cedar Cottage,494712.9713,5455078.216
Break and Enter Commercial,2017,11,16,8,0,15XX E PENDER ST,Grandview-Woodland,494612.4113,5458626.1095
Break and Enter Commercial,2017,2,23,4,10,15XX E PENDER ST,Grandview-Woodland,494706.1949,5458624.438
Break and Enter Commercial,2017,6,17,18,30,15XX FORESHORE WALK,Fairview,490049.6762,5457597.6667
Break and Enter Commercial,2017,11,8,0,30,15XX GRAVELEY ST,Grandview-Woodland,494731.7642,5457535.9727
Break and Enter Commercial,2017,1,30,14,13,15XX HARWOOD ST,West End,489802.6715,5458979.3618
Break and Enter Commercial,2017,8,5,18,0,15XX HARWOOD ST,West End,489812.1514,5458957.244
Break and Enter Commercial,2017,9,11,1,0,15XX JOHNSTON ST,Fairview,490195.5228,5457680.1807
Break and Enter Commercial,2017,7,11,18,0,15XX JOHNSTON ST,Fairview,490199.5122,5457675.5376
Break and Enter Commercial,2017,8,9,15,12,15XX MAIN ST,Mount Pleasant,492697.1529,5457656.0542
Break and Enter Commercial,2017,10,13,11,13,15XX NELSON ST,West End,490205.5127,5459352.9426
Break and Enter Commercial,2017,7,4,20,11,15XX QUEBEC ST,Mount Pleasant,492558.7318,5457639.4338
Break and Enter Commercial,2017,9,26,1,8,15XX QUEBEC ST,Mount Pleasant,492558.7318,5457639.4338
Break and Enter Commercial,2017,10,22,17,10,15XX QUEBEC ST,Mount Pleasant,492558.7318,5457639.4338
Break and Enter Commercial,2017,12,12,2,23,15XX ROBSON ST,West End,490425.1985,5459587.3875
Break and Enter Commercial,2017,11,12,18,0,15XX ROBSON ST,West End,490457.8291,5459554.8828
Break and Enter Commercial,2017,7,1,13,6,15XX STATION ST,Strathcona,492871.2808,5457633.3936
Break and Enter Commercial,2017,10,3,0,42,15XX VENABLES ST,Grandview-Woodland,494730.337,5458213.5585
Break and Enter Commercial,2017,12,4,0,30,15XX W 10TH AVE,Fairview,489783.4137,5456670.0437
Break and Enter Commercial,2017,7,20,9,10,15XX W 11TH AVE,Fairview,489823.9693,5456565.0985
Break and Enter Commercial,2017,4,9,17,0,15XX W 13TH AVE,Fairview,489787.0217,5456346.6085
Break and Enter Commercial,2017,8,7,22,0,15XX W 13TH AVE,Fairview,489787.0217,5456346.6085
Break and Enter Commercial,2017,12,12,2,18,15XX W 15TH AVE,Fairview,489768.091,5456154.306
Break and Enter Commercial,2017,5,25,8,39,15XX W 2ND AVE,Fairview,489830.2804,5457441.9277
Break and Enter Commercial,2017,12,17,4,35,15XX W 3RD AVE,Fairview,489808.3659,5457352.78
Break and Enter Commercial,2017,1,20,10,4,15XX W 57TH AVE,Kerrisdale,489756.3909,5451853.9471
Break and Enter Commercial,2017,1,1,5,0,15XX W 66TH AVE,Marpole,489756.2502,5450967.9588
Break and Enter Commercial,2017,4,12,8,17,15XX W 6TH AVE,Fairview,489821.7127,5457054.1958
Break and Enter Commercial,2017,11,16,0,0,15XX W 6TH AVE,Fairview,489876.1294,5457061.894
Break and Enter Commercial,2017,1,3,5,5,15XX W 6TH AVE,Fairview,489890.4128,5457052.3682
Break and Enter Commercial,2017,11,25,1,33,15XX W 6TH AVE,Fairview,489906.0265,5457051.9529
Break and Enter Commercial,2017,10,31,23,0,15XX W 71ST AVE,Marpole,489733.8689,5450480.7526
Break and Enter Commercial,2017,4,18,18,1,15XX W 8TH AVE,Fairview,489828.2043,5456876.2731
Break and Enter Commercial,2017,8,23,4,30,15XX W 8TH AVE,Fairview,489865.8314,5456866.1299
Break and Enter Commercial,2017,12,10,3,35,15XX W 8TH AVE,Fairview,489880.4569,5456874.8903
Break and Enter Commercial,2017,12,10,5,5,15XX W 8TH AVE,Fairview,489880.4569,5456874.8903
Break and Enter Commercial,2017,9,16,4,0,15XX W BROADWAY AVE,Fairview,489796.3782,5456765.2311
Break and Enter Commercial,2017,1,2,1,0,15XX W BROADWAY AVE,Fairview,489879.0843,5456772.952
Break and Enter Commercial,2017,8,5,15,15,15XX W GEORGIA ST,West End,490582.626,5459679.7687
Break and Enter Commercial,2017,1,12,0,0,15XX W PENDER ST,Central Business District,490557.4066,5459743.7177
Break and Enter Commercial,2017,11,3,7,0,15XX WOODLAND DR,Grandview-Woodland,494661.4366,5457582.4461
Break and Enter Commercial,2017,11,7,22,0,15XX WOODLAND DR,Grandview-Woodland,494661.4366,5457582.4461
Break and Enter Commercial,2017,2,17,10,45,16XX ADANAC ST,Grandview-Woodland,494841.4802,5458320.5126
Break and Enter Commercial,2017,5,21,6,17,16XX BAYSHORE DR,Central Business District,490488.8865,5459928.2581
Break and Enter Commercial,2017,8,22,9,45,16XX BAYSHORE DR,Central Business District,490546.6247,5459904.2939
Break and Enter Commercial,2017,9,27,2,40,16XX BAYSHORE DR,Central Business District,490546.6247,5459904.2939
Break and Enter Commercial,2017,10,2,4,15,16XX BAYSHORE DR,Central Business District,490546.6247,5459904.2939
Break and Enter Commercial,2017,10,2,3,57,16XX BAYSHORE DR,Central Business District,490555.3558,5459895.7424
Break and Enter Commercial,2017,10,10,21,21,16XX BAYSHORE DR,Central Business District,490555.3558,5459895.7424
Break and Enter Commercial,2017,10,18,19,0,16XX BAYSHORE DR,Central Business District,490555.3558,5459895.7424
Break and Enter Commercial,2017,10,20,5,38,16XX BAYSHORE DR,Central Business District,490555.3558,5459895.7424
Break and Enter Commercial,2017,1,6,9,17,16XX BAYSHORE DR,Central Business District,490598.522,5459866.264
Break and Enter Commercial,2017,8,25,13,30,16XX BAYSHORE DR,Central Business District,490598.522,5459866.264
Break and Enter Commercial,2017,6,23,4,5,16XX BEACH AVE,West End,489681.3949,5458937.0073
Break and Enter Commercial,2017,5,14,23,30,16XX BURNABY ST,West End,489775.4593,5459146.3243
Break and Enter Commercial,2017,12,1,9,56,16XX BURNABY ST,West End,489775.4593,5459146.3243
Break and Enter Commercial,2017,12,24,23,0,16XX BURNABY ST,West End,489775.5065,5459146.2783
Break and Enter Commercial,2017,8,10,4,12,16XX DURANLEAU ST,Fairview,490106.4169,5457737.8729
Break and Enter Commercial,2017,11,8,9,0,16XX E 13TH AVE,Kensington-Cedar Cottage,494890.1791,5456220.7532
Break and Enter Commercial,2017,11,8,18,55,16XX E 13TH AVE,Kensington-Cedar Cottage,494890.1791,5456220.7532
Break and Enter Commercial,2017,12,20,4,16,16XX E 13TH AVE,Kensington-Cedar Cottage,494890.1791,5456220.7532
Break and Enter Commercial,2017,12,6,23,0,16XX E BROADWAY AVE,Grandview-Woodland,494785.68,5456626.8853
Break and Enter Commercial,2017,2,11,5,15,16XX E HASTINGS ST,Grandview-Woodland,494785.2048,5458722.3587
Break and Enter Commercial,2017,9,16,23,16,16XX E HASTINGS ST,Grandview-Woodland,494815.0001,5458721.4259
Break and Enter Commercial,2017,6,12,7,2,16XX E HASTINGS ST,Grandview-Woodland,494815.7284,5458721.4033
Break and Enter Commercial,2017,11,26,21,0,16XX FRANCES ST,Grandview-Woodland,494811.2263,5458522.1693
Break and Enter Commercial,2017,12,11,3,15,16XX HARO ST,West End,490273.7091,5459587.1226
Break and Enter Commercial,2017,11,6,6,5,16XX HORNBY ST,Central Business District,490299.2806,5458037.7311
Break and Enter Commercial,2017,6,13,10,8,16XX KINGSWAY AVE,Kensington-Cedar Cottage,494885.0191,5454971.9131
Break and Enter Commercial,2017,6,21,17,0,16XX LAURIER AVE,Shaughnessy,489591.5607,5455349.9742
Break and Enter Commercial,2017,10,14,7,6,16XX MAIN ST,Mount Pleasant,492679.196,5457593.9011
Break and Enter Commercial,2017,1,10,9,59,16XX MAIN ST,Mount Pleasant,492681.9429,5457603.4113
Break and Enter Commercial,2017,2,1,12,6,16XX MAIN ST,Mount Pleasant,492681.9429,5457603.4113
Break and Enter Commercial,2017,2,5,3,40,16XX NAPIER ST,Grandview-Woodland,494923.2387,5458018.9232
Break and Enter Commercial,2017,3,22,22,0,16XX ONTARIO ST,Mount Pleasant,492385.0288,5457533.6844
Break and Enter Commercial,2017,2,28,21,29,16XX ONTARIO ST,Mount Pleasant,492386.2184,5457585.0253
Break and Enter Commercial,2017,7,31,13,26,16XX ONTARIO ST,Mount Pleasant,492386.2184,5457585.0253
Break and Enter Commercial,2017,11,21,12,10,16XX ONTARIO ST,Mount Pleasant,492386.2184,5457585.0253
Break and Enter Commercial,2017,12,19,4,23,16XX PULLMAN PORTER ST,Mount Pleasant,492481.832,5457615.0166
Break and Enter Commercial,2017,7,4,22,15,16XX RENFREW ST,Hastings-Sunrise,496779.7329,5457512.7123
Break and Enter Commercial,2017,2,15,12,23,16XX SE MARINE DR,Victoria-Fraserview,494643.8053,5450911.5006
Break and Enter Commercial,2017,9,15,2,15,16XX VENABLES ST,Grandview-Woodland,494868.1821,5458220.0705
Break and Enter Commercial,2017,5,8,0,0,16XX W 10TH AVE,Fairview,489607.3914,5456674.5562
Break and Enter Commercial,2017,11,2,2,20,16XX W 12TH AVE,Fairview,489662.7569,5456459.9576
Break and Enter Commercial,2017,9,12,22,45,16XX W 13TH AVE,Fairview,489584.2608,5456352.0818
Break and Enter Commercial,2017,11,6,23,0,16XX W 13TH AVE,Fairview,489584.2608,5456352.0818
Break and Enter Commercial,2017,2,28,17,0,16XX W 1ST AVE,Fairview,489704.4202,5457540.8255
Break and Enter Commercial,2017,3,19,8,54,16XX W 1ST AVE,Fairview,489704.4202,5457540.8255
Break and Enter Commercial,2017,5,19,18,0,16XX W 2ND AVE,Fairview,489669.6083,5457446.1385
Break and Enter Commercial,2017,10,16,5,30,16XX W 3RD AVE,Fairview,489590.6068,5457349.9407
Break and Enter Commercial,2017,9,15,18,30,16XX W 3RD AVE,Fairview,489684.5258,5457356.2936
Break and Enter Commercial,2017,3,5,3,59,16XX W 5TH AVE,Fairview,489670.7483,5457164.4241
Break and Enter Commercial,2017,9,9,4,0,16XX W 5TH AVE,Fairview,489704.1255,5457164.1195
Break and Enter Commercial,2017,11,17,22,15,16XX W 6TH AVE,Fairview,489711.5992,5457057.1915
Break and Enter Commercial,2017,2,4,12,0,16XX W 7TH AVE,Fairview,489587.6038,5456975.7181
Break and Enter Commercial,2017,11,21,5,0,16XX W 7TH AVE,Fairview,489603.4315,5456966.1737
Break and Enter Commercial,2017,4,20,10,47,16XX W 7TH AVE,Fairview,489655.3971,5456964.8689
Break and Enter Commercial,2017,2,1,7,26,16XX W BROADWAY AVE,Fairview,489730.9497,5456775.6358
Break and Enter Commercial,2017,9,21,2,46,16XX WHYTE AVE,Kitsilano,489572.0476,5458074.0109
Break and Enter Commercial,2017,7,23,15,0,17XX ALBERNI ST,West End,490318.2146,5459863.148
Break and Enter Commercial,2017,4,6,1,34,17XX BALSAM ST,Kitsilano,488382.3758,5457562.4112
Break and Enter Commercial,2017,8,1,4,3,17XX BEACH AVE,West End,489639.0715,5459330.226
Break and Enter Commercial,2017,8,20,21,22,17XX BEACH AVE,West End,489639.0715,5459330.226
Break and Enter Commercial,2017,12,12,4,30,17XX BEACH AVE,West End,489639.0715,5459330.226
Break and Enter Commercial,2017,8,11,23,0,17XX BURRARD ST,Kitsilano,489409.6812,5457513.5482
Break and Enter Commercial,2017,12,27,1,54,17XX CHARLES ST,Grandview-Woodland,494962.1302,5457807.3138
Break and Enter Commercial,2017,4,29,8,51,17XX COLUMBIA ST,Mount Pleasant,492045.7034,5457494.3988
Break and Enter Commercial,2017,12,21,13,27,17XX COLUMBIA ST,Mount Pleasant,492045.7034,5457494.3988
Break and Enter Commercial,2017,3,13,22,30,17XX COMMERCIAL DR,Grandview-Woodland,494926.7596,5457398.078
Break and Enter Commercial,2017,12,25,5,17,17XX COMMERCIAL DR,Grandview-Woodland,494926.7611,5457394.301
Break and Enter Commercial,2017,3,30,4,7,17XX COMOX ST,West End,489871.144,5459519.5893
Break and Enter Commercial,2017,4,1,15,0,17XX COMOX ST,West End,489888.1719,5459515.3215
Break and Enter Commercial,2017,10,2,2,5,17XX COMOX ST,West End,489888.1719,5459515.3215
Break and Enter Commercial,2017,2,15,10,19,17XX COTTRELL ST,Strathcona,493861.0356,5457338.3265
Break and Enter Commercial,2017,2,23,23,55,17XX COTTRELL ST,Strathcona,493861.0356,5457338.3265
Break and Enter Commercial,2017,8,27,10,11,17XX DAVIE ST,West End,489727.1386,5459353.8753
Break and Enter Commercial,2017,3,13,21,0,17XX E 2ND AVE,Grandview-Woodland,495017.491,5457323.3043
Break and Enter Commercial,2017,3,1,17,0,17XX E 33RD AVE,Kensington-Cedar Cottage,494895.642,5454156.4209
Break and Enter Commercial,2017,3,10,13,16,17XX E 33RD AVE,Kensington-Cedar Cottage,494895.642,5454156.4209
Break and Enter Commercial,2017,12,16,4,30,17XX E 33RD AVE,Kensington-Cedar Cottage,494895.642,5454156.4209
Break and Enter Commercial,2017,2,15,2,0,17XX E 33RD AVE,Kensington-Cedar Cottage,494899.4528,5454156.3331
Break and Enter Commercial,2017,9,28,16,43,17XX E 55TH AVE,Victoria-Fraserview,494873.97,5451913.7515
Break and Enter Commercial,2017,7,21,0,0,17XX E HASTINGS ST,Grandview-Woodland,494952.1776,5458728.0717
Break and Enter Commercial,2017,11,5,10,0,17XX GLEN DR,Strathcona,494082.6659,5457406.1429
Break and Enter Commercial,2017,4,13,9,22,17XX HARO ST,West End,490106.9296,5459762.6328
Break and Enter Commercial,2017,10,7,8,4,17XX HARO ST,West End,490128.0317,5459742.0955
Break and Enter Commercial,2017,3,26,4,36,17XX KINGSWAY AVE,Kensington-Cedar Cottage,495064.0975,5454853.3465
Break and Enter Commercial,2017,7,30,6,20,17XX MANITOBA ST,Mount Pleasant,492238.4915,5457405.7659
Break and Enter Commercial,2017,8,22,21,0,17XX MANITOBA ST,Mount Pleasant,492247.4296,5457432.5664
Break and Enter Commercial,2017,4,20,5,36,17XX NANAIMO ST,Grandview-Woodland,495876.7812,5457364.813
Break and Enter Commercial,2017,9,3,17,24,17XX NELSON ST,West End,489956.188,5459604.5435
Break and Enter Commercial,2017,6,6,19,13,17XX ONTARIO ST,Mount Pleasant,492392.6127,5457455.5557
Break and Enter Commercial,2017,5,14,23,0,17XX QUEBEC ST,Mount Pleasant,492523.5658,5457414.1166
Break and Enter Commercial,2017,1,19,1,50,17XX VICTORIA DR,Grandview-Woodland,495210.6233,5457401.2129
Break and Enter Commercial,2017,6,27,20,44,17XX VICTORIA DR,Grandview-Woodland,495210.6233,5457401.2129
Break and Enter Commercial,2017,3,27,21,0,17XX W 3RD AVE,Fairview,489493.4305,5457352.418
Break and Enter Commercial,2017,12,18,2,42,17XX W 3RD AVE,Fairview,489493.6597,5457361.5592
Break and Enter Commercial,2017,2,20,1,24,17XX W 4TH AVE,Fairview,489520.5994,5457262.4121
Break and Enter Commercial,2017,11,29,19,0,17XX W 66TH AVE,Marpole,489337.1071,5450970.2068
Break and Enter Commercial,2017,7,1,0,30,17XX W 8TH AVE,Fairview,489453.4865,5456878.5527
Break and Enter Commercial,2017,1,18,21,0,18XX ALBERNI ST,West End,490130.9468,5460046.9268
Break and Enter Commercial,2017,7,15,14,48,18XX ALBERNI ST,West End,490159.978,5460018.7642
Break and Enter Commercial,2017,12,6,9,0,18XX ANDERSON ST,Fairview,489963.7846,5457391.2311
Break and Enter Commercial,2017,2,8,5,3,18XX BARCLAY ST,West End,489959.4996,5459755.5598
Break and Enter Commercial,2017,12,10,21,17,18XX BOUNDARY RD,Hastings-Sunrise,498272.6628,5457221.6181
Break and Enter Commercial,2017,5,31,5,0,18XX BURRARD ST,Kitsilano,489406.0549,5457446.9722
Break and Enter Commercial,2017,12,26,3,10,18XX CLARK DR,Grandview-Woodland,494375.0542,5457290.0579
Break and Enter Commercial,2017,11,16,8,12,18XX COMMERCIAL DR,Grandview-Woodland,494926.4389,5457254.3173
Break and Enter Commercial,2017,5,20,22,0,18XX COMMERCIAL DR,Grandview-Woodland,494926.5112,5457269.8207
Break and Enter Commercial,2017,10,6,0,0,18XX CROWE ST,Mount Pleasant,491875.1021,5457294.4062
Break and Enter Commercial,2017,1,23,9,58,18XX CYPRESS ST,Kitsilano,489235.0178,5457442.0278
Break and Enter Commercial,2017,9,24,19,30,18XX E 11TH AVE,Kensington-Cedar Cottage,495153.7307,5456406.0585
Break and Enter Commercial,2017,1,3,8,12,18XX E GEORGIA ST,Grandview-Woodland,495079.1008,5458417.0029
Break and Enter Commercial,2017,5,1,10,0,18XX E HASTINGS ST,Grandview-Woodland,495077.01,5458717.6521
Break and Enter Commercial,2017,5,6,5,8,18XX E HASTINGS ST,Grandview-Woodland,495077.01,5458717.6521
Break and Enter Commercial,2017,12,30,6,0,18XX E HASTINGS ST,Grandview-Woodland,495077.01,5458717.6521
Break and Enter Commercial,2017,6,27,20,0,18XX E HASTINGS ST,Grandview-Woodland,495107.3317,5458717.1341
Break and Enter Commercial,2017,7,16,18,0,18XX E HASTINGS ST,Grandview-Woodland,495107.3317,5458717.1341
Break and Enter Commercial,2017,6,15,11,31,18XX E HASTINGS ST,Grandview-Woodland,495115.7944,5458726.1349
Break and Enter Commercial,2017,1,10,19,0,18XX E PENDER ST,Grandview-Woodland,495132.5939,5458617.5948
Break and Enter Commercial,2017,5,9,3,30,18XX FRANCES ST,Grandview-Woodland,495098.5781,5458515.9645
Break and Enter Commercial,2017,7,19,5,24,18XX FRANCES ST,Grandview-Woodland,495098.5781,5458515.9645
Break and Enter Commercial,2017,10,12,9,6,18XX FRANCES ST,Grandview-Woodland,495196.2786,5458513.9427
Break and Enter Commercial,2017,11,30,10,9,18XX GREER AVE,Kitsilano,489341.2389,5457871.4488
Break and Enter Commercial,2017,3,6,6,57,18XX HARO ST,West End,490041.8729,5459826.7445
Break and Enter Commercial,2017,5,6,10,35,18XX HARO ST,West End,490043.1154,5459812.5943
Break and Enter Commercial,2017,3,18,9,0,18XX MACDONALD ST,Kitsilano,487757.8849,5457494.0067
Break and Enter Commercial,2017,2,2,16,6,18XX MAIN ST,Mount Pleasant,492662.1486,5457327.5274
Break and Enter Commercial,2017,1,7,12,0,18XX MAIN ST,Mount Pleasant,492682.3054,5457291.1279
Break and Enter Commercial,2017,5,30,19,0,18XX MARITIME MEWS,Fairview,490047.7732,5457588.6338
Break and Enter Commercial,2017,5,27,3,18,18XX NELSON ST,West End,489847.9903,5459698.7805
Break and Enter Commercial,2017,8,21,5,31,18XX ONTARIO ST,Mount Pleasant,492390.3741,5457351.2388
Break and Enter Commercial,2017,7,21,4,19,18XX PANDORA ST,Grandview-Woodland,495208.1874,5458918.7874
Break and Enter Commercial,2017,2,2,5,21,18XX ROBSON ST,West End,490078.0157,5459931.1482
Break and Enter Commercial,2017,2,9,1,41,18XX ROBSON ST,West End,490078.0157,5459931.1482
Break and Enter Commercial,2017,10,11,22,0,18XX ROBSON ST,West End,490122.8611,5459887.0019
Break and Enter Commercial,2017,9,12,19,0,18XX ROBSON ST,West End,490133.6589,5459876.3725
Break and Enter Commercial,2017,8,29,8,0,18XX TRIUMPH ST,Grandview-Woodland,495203.2723,5459024.6474
Break and Enter Commercial,2017,2,9,10,1,18XX VICTORIA DR,Grandview-Woodland,495209.5823,5457316.5329
Break and Enter Commercial,2017,11,23,4,5,18XX VICTORIA DR,Grandview-Woodland,495217.5413,5457235.3319
Break and Enter Commercial,2017,6,14,10,21,18XX VICTORIA DVRS,Kensington-Cedar Cottage,495168.8501,5455595.1097
Break and Enter Commercial,2017,12,17,2,58,18XX VICTORIA DVRS,Kensington-Cedar Cottage,495168.8501,5455595.1097
Break and Enter Commercial,2017,7,15,4,54,18XX W 1ST AVE,Kitsilano,489263.1764,5457554.8044
Break and Enter Commercial,2017,2,15,1,30,18XX W 1ST AVE,Kitsilano,489400.6047,5457551.206
Break and Enter Commercial,2017,12,3,18,0,18XX W 3RD AVE,Kitsilano,489360.6693,5457365.4373
Break and Enter Commercial,2017,10,10,23,0,18XX W 57TH AVE,Kerrisdale,489117.8488,5451860.4177
Break and Enter Commercial,2017,5,16,2,0,18XX W 57TH AVE,Kerrisdale,489132.7456,5451859.9552
Break and Enter Commercial,2017,5,28,0,0,18XX W 57TH AVE,Kerrisdale,489132.7456,5451859.9552
Break and Enter Commercial,2017,11,6,10,59,18XX W 57TH AVE,Kerrisdale,489132.7456,5451859.9552
Break and Enter Commercial,2017,4,28,6,17,18XX W 6TH AVE,Kitsilano,489271.1785,5457069.1627
Break and Enter Commercial,2017,7,16,23,30,18XX W 7TH AVE,Kitsilano,489268.3287,5456975.8369
Break and Enter Commercial,2017,10,30,12,53,18XX W 7TH AVE,Kitsilano,489323.4614,5456983.1124
Break and Enter Commercial,2017,11,26,22,0,18XX W 7TH AVE,Kitsilano,489323.4614,5456983.1124
Break and Enter Commercial,2017,1,11,4,55,18XX W BROADWAY AVE,Kitsilano,489280.4497,5456788.9317
Break and Enter Commercial,2017,12,9,4,30,18XX W BROADWAY AVE,Kitsilano,489280.4497,5456788.9317
Break and Enter Commercial,2017,12,20,14,35,18XX W BROADWAY AVE,Kitsilano,489280.4497,5456788.9317
Break and Enter Commercial,2017,2,20,1,15,18XX W BROADWAY AVE,Kitsilano,489364.5185,5456786.5869
Break and Enter Commercial,2017,9,27,16,14,18XX YEW ST,Kitsilano,488721.7026,5457407.8633
Break and Enter Commercial,2017,2,15,4,0,19XX ALBERNI ST,West End,490087.2423,5460077.5536
Break and Enter Commercial,2017,10,29,6,0,19XX ALBERNI ST,West End,490091.1454,5460086.6135
Break and Enter Commercial,2017,5,6,20,5,19XX ALBERNI ST,West End,490107.216,5460057.3337
Break and Enter Commercial,2017,9,3,0,58,19XX BARCLAY ST,West End,489869.4304,5459831.4101
Break and Enter Commercial,2017,5,3,14,0,19XX BEACH AVE,West End,489589.5846,5459573.0164
Break and Enter Commercial,2017,6,28,4,20,19XX BEACH AVE,West End,489589.5846,5459573.0164
Break and Enter Commercial,2017,2,19,20,0,19XX BURRARD ST,Kitsilano,489402.4956,5457325.0709
Break and Enter Commercial,2017,3,30,8,20,19XX COMMERCIAL DR,Grandview-Woodland,494925.5682,5457174.8164
Break and Enter Commercial,2017,12,22,7,18,19XX COMMERCIAL DR,Grandview-Woodland,494935.1322,5457204.6386
Break and Enter Commercial,2017,8,8,1,0,19XX CORNWALL AVE,Kitsilano,489151.754,5457763.9151
Break and Enter Commercial,2017,5,27,4,0,19XX CORNWALL AVE,Kitsilano,489174.4812,5457763.328
Break and Enter Commercial,2017,5,16,1,57,19XX CORNWALL AVE,Kitsilano,489177.8527,5457763.2409
Break and Enter Commercial,2017,5,8,22,0,19XX CORNWALL AVE,Kitsilano,489184.5958,5457763.0666
Break and Enter Commercial,2017,2,22,23,0,19XX DUNBAR ST,Kitsilano,486636.4555,5457341.5546
Break and Enter Commercial,2017,9,30,18,0,19XX E 11TH AVE,Kensington-Cedar Cottage,495245.6868,5456404.4993
Break and Enter Commercial,2017,10,9,15,0,19XX E 11TH AVE,Kensington-Cedar Cottage,495245.6868,5456404.4993
Break and Enter Commercial,2017,5,2,3,30,19XX E 11TH AVE,Kensington-Cedar Cottage,495274.7161,5456403.5775
Break and Enter Commercial,2017,11,5,22,0,19XX E 11TH AVE,Kensington-Cedar Cottage,495274.7161,5456403.5775
Break and Enter Commercial,2017,3,18,7,49,19XX E HASTINGS ST,Grandview-Woodland,495270.3199,5458723.4756
Break and Enter Commercial,2017,12,24,2,0,19XX HARO ST,West End,489891.466,5459976.6845
Break and Enter Commercial,2017,12,16,16,0,19XX HARO ST,West End,489908.3963,5459946.8956
Break and Enter Commercial,2017,10,14,2,35,19XX HARO ST,West End,489911.97,5459956.2443
Break and Enter Commercial,2017,7,5,4,9,19XX MAIN ST,Mount Pleasant,492666.2177,5457253.4189
Break and Enter Commercial,2017,6,22,11,49,19XX PANDORA ST,Grandview-Woodland,495234.3621,5458918.4325
Break and Enter Commercial,2017,8,6,4,15,19XX POWELL ST,Grandview-Woodland,495242.3016,5459126.87
Break and Enter Commercial,2017,8,15,3,0,19XX POWELL ST,Grandview-Woodland,495284.4892,5459118.0229
Break and Enter Commercial,2017,8,20,4,8,19XX POWELL ST,Grandview-Woodland,495284.4892,5459118.0229
Break and Enter Commercial,2017,8,28,10,56,19XX POWELL ST,Grandview-Woodland,495284.4892,5459118.0229
Break and Enter Commercial,2017,2,19,9,54,19XX ROBSON ST,West End,490017.051,5459992.5598
Break and Enter Commercial,2017,5,4,5,20,19XX SCOTIA ST,Mount Pleasant,492854.9715,5457216.1849
Break and Enter Commercial,2017,9,8,19,52,19XX SCOTIA ST,Mount Pleasant,492854.9715,5457216.1849
Break and Enter Commercial,2017,3,24,22,0,19XX STEPHENS ST,Kitsilano,487903.2065,5457312.1175
Break and Enter Commercial,2017,6,30,5,14,19XX TRIUMPH ST,Grandview-Woodland,495306.8737,5459016.7767
Break and Enter Commercial,2017,8,7,4,35,19XX TRIUMPH ST,Grandview-Woodland,495306.8737,5459016.7767
Break and Enter Commercial,2017,10,23,9,30,19XX VENABLES ST,Grandview-Woodland,495269.1781,5458206.587
Break and Enter Commercial,2017,5,28,8,0,19XX W 11TH AVE,Kitsilano,489134.1715,5456575.0137
Break and Enter Commercial,2017,10,17,0,5,19XX W 2ND AVE,Kitsilano,489185.4574,5457459.1233
Break and Enter Commercial,2017,5,23,4,35,19XX W 3RD AVE,Kitsilano,489084.0128,5457364.5624
Break and Enter Commercial,2017,3,12,1,0,19XX W 41ST AVE,Kerrisdale,488990.7427,5453532.999
Break and Enter Commercial,2017,12,29,5,22,19XX W 4TH AVE,Kitsilano,489071.1772,5457263.8765
Break and Enter Commercial,2017,1,29,0,30,19XX W 4TH AVE,Kitsilano,489122.9658,5457271.717
Break and Enter Commercial,2017,2,16,20,0,19XX W 4TH AVE,Kitsilano,489122.9658,5457271.717
Break and Enter Commercial,2017,10,9,0,59,19XX W 4TH AVE,Kitsilano,489122.9658,5457271.717
Break and Enter Commercial,2017,2,6,3,58,19XX W 4TH AVE,Kitsilano,489183.9606,5457261.0312
Break and Enter Commercial,2017,3,15,17,30,19XX W 4TH AVE,Kitsilano,489183.9606,5457261.0312
Break and Enter Commercial,2017,4,6,5,0,19XX W 4TH AVE,Kitsilano,489183.9606,5457261.0312
Break and Enter Commercial,2017,7,21,22,15,19XX W 4TH AVE,Kitsilano,489219.2634,5457260.1402
Break and Enter Commercial,2017,9,9,21,0,19XX W 4TH AVE,Kitsilano,489222.8598,5457269.1968
Break and Enter Commercial,2017,11,27,1,30,19XX W 5TH AVE,Kitsilano,489124.482,5457167.2862
Break and Enter Commercial,2017,7,14,15,23,19XX W 6TH AVE,Kitsilano,489076.6986,5457073.9568
Break and Enter Commercial,2017,12,30,2,45,19XX W BROADWAY AVE,Kitsilano,489156.4053,5456792.361
Break and Enter Commercial,2017,5,17,19,45,19XX W BROADWAY AVE,Kitsilano,489162.8585,5456783.0366
Break and Enter Commercial,2017,11,3,4,22,1X E BROADWAY AVE,Mount Pleasant,492397.0494,5456694.1504
Break and Enter Commercial,2017,4,5,0,17,1X E PENDER ST,Central Business District,492427.5856,5458637.5259
Break and Enter Commercial,2017,5,10,6,0,1X E PENDER ST,Central Business District,492427.5856,5458637.5259
Break and Enter Commercial,2017,7,25,18,30,1X E PENDER ST,Central Business District,492427.5856,5458637.5259
Break and Enter Commercial,2017,10,2,2,30,1X NANAIMO ST,Hastings-Sunrise,495893.7027,5459098.9347
Break and Enter Commercial,2017,1,23,16,30,1X W 5TH AVE,Mount Pleasant,492358.4596,5457082.9446
Break and Enter Commercial,2017,11,15,22,46,1X W PENDER ST,Central Business District,492368.934,5458658.5471
Break and Enter Commercial,2017,12,11,5,0,1XX CAMBIE ST,Central Business District,492086.7107,5459087.2129
Break and Enter Commercial,2017,12,25,19,17,1XX CAMBIE ST,Central Business District,492089.602,5459097.178
Break and Enter Commercial,2017,9,17,10,43,1XX COMMERCIAL DR,Grandview-Woodland,494879.2731,5459004.7819
Break and Enter Commercial,2017,9,24,9,21,1XX COMMERCIAL DR,Grandview-Woodland,494879.2731,5459004.7819
Break and Enter Commercial,2017,10,31,11,3,1XX COMMERCIAL DR,Grandview-Woodland,494879.2731,5459004.7819
Break and Enter Commercial,2017,10,31,17,50,1XX COMMERCIAL DR,Grandview-Woodland,494879.2731,5459004.7819
Break and Enter Commercial,2017,11,1,0,0,1XX COMMERCIAL DR,Grandview-Woodland,494879.2731,5459004.7819
Break and Enter Commercial,2017,11,22,0,0,1XX COMMERCIAL DR,Grandview-Woodland,494879.2731,5459004.7819
Break and Enter Commercial,2017,11,22,13,0,1XX COMMERCIAL DR,Grandview-Woodland,494879.2731,5459004.7819
Break and Enter Commercial,2017,11,30,15,42,1XX COMMERCIAL DR,Grandview-Woodland,494879.2731,5459004.7819
Break and Enter Commercial,2017,12,1,12,0,1XX COMMERCIAL DR,Grandview-Woodland,494879.2731,5459004.7819
Break and Enter Commercial,2017,12,1,19,30,1XX COMMERCIAL DR,Grandview-Woodland,494879.2731,5459004.7819
Break and Enter Commercial,2017,12,2,15,7,1XX COMMERCIAL DR,Grandview-Woodland,494879.2731,5459004.7819
Break and Enter Commercial,2017,12,7,17,25,1XX COMMERCIAL DR,Grandview-Woodland,494879.2731,5459004.7819
Break and Enter Commercial,2017,12,7,18,0,1XX COMMERCIAL DR,Grandview-Woodland,494879.2731,5459004.7819
Break and Enter Commercial,2017,12,6,19,25,1XX DAVIE ST,Central Business District,491238.4574,5457843.7574
Break and Enter Commercial,2017,12,12,0,0,1XX DUNLEVY AVE,Strathcona,493073.5146,5459006.3924
Break and Enter Commercial,2017,11,20,15,30,1XX E 10TH AVE,Mount Pleasant,492545.4216,5456594.6207
Break and Enter Commercial,2017,8,5,4,0,1XX E 11TH AVE,Mount Pleasant,492583.7849,5456485.1113
Break and Enter Commercial,2017,12,25,21,5,1XX E 11TH AVE,Mount Pleasant,492621.268,5456493.426
Break and Enter Commercial,2017,1,7,13,49,1XX E 1ST AVE,Mount Pleasant,492554.3653,5457497.6392
Break and Enter Commercial,2017,12,6,4,32,1XX E 1ST AVE,Mount Pleasant,492617.891,5457496.1088
Break and Enter Commercial,2017,2,7,11,45,1XX E 1ST AVE,Mount Pleasant,492631.0321,5457495.7919
Break and Enter Commercial,2017,8,5,5,11,1XX E 1ST AVE,Mount Pleasant,492541.4523,5457488.8053
Break and Enter Commercial,2017,4,23,0,0,1XX E 1ST AVE,Mount Pleasant,492549.337,5457488.6151
Break and Enter Commercial,2017,5,12,6,0,1XX E 2ND AVE,Mount Pleasant,492532.3568,5457399.0223
Break and Enter Commercial,2017,1,27,3,48,1XX E 2ND AVE,Mount Pleasant,492565.0712,5457397.9683
Break and Enter Commercial,2017,7,3,17,0,1XX E 32ND AVE,Riley Park,492595.3384,5454358.8053
Break and Enter Commercial,2017,10,1,2,30,1XX E 33RD AVE,Riley Park,492592.4191,5454193.0752
Break and Enter Commercial,2017,8,31,1,41,1XX E 35TH AVE,Riley Park,492560.2143,5454033.8498
Break and Enter Commercial,2017,4,6,23,26,1XX E 3RD AVE,Mount Pleasant,492590.2246,5457275.4158
Break and Enter Commercial,2017,12,24,7,10,1XX E 3RD AVE,Mount Pleasant,492590.2246,5457275.4158
Break and Enter Commercial,2017,10,9,10,34,1XX E 8TH AVE,Mount Pleasant,492558.944,5456782.6367
Break and Enter Commercial,2017,5,27,10,0,1XX E 8TH AVE,Mount Pleasant,492589.2248,5456772.6222
Break and Enter Commercial,2017,5,1,4,35,1XX E BROADWAY AVE,Mount Pleasant,492518.202,5456689.3452
Break and Enter Commercial,2017,11,15,10,19,1XX E BROADWAY AVE,Mount Pleasant,492541.2449,5456688.3841
Break and Enter Commercial,2017,3,10,8,2,1XX E BROADWAY AVE,Mount Pleasant,492550.2911,5456688.007
Break and Enter Commercial,2017,12,22,23,43,1XX E BROADWAY AVE,Mount Pleasant,492550.2911,5456688.007
Break and Enter Commercial,2017,4,7,12,31,1XX E CORDOVA ST,Central Business District,492659.8823,5458840.7683
Break and Enter Commercial,2017,11,21,9,36,1XX E HASTINGS ST,Central Business District,492566.4957,5458738.913
Break and Enter Commercial,2017,11,30,9,0,1XX E HASTINGS ST,Central Business District,492636.486,5458745.7312
Break and Enter Commercial,2017,7,1,18,30,1XX E HASTINGS ST,Central Business District,492662.1597,5458744.8762
Break and Enter Commercial,2017,4,1,0,0,1XX E HASTINGS ST,Central Business District,492673.1628,5458744.5097
Break and Enter Commercial,2017,4,21,9,0,1XX E HASTINGS ST,Central Business District,492673.1628,5458744.5097
Break and Enter Commercial,2017,2,9,6,38,1XX E PENDER ST,Central Business District,492577.8741,5458632.0073
Break and Enter Commercial,2017,9,17,9,19,1XX E PENDER ST,Central Business District,492622.8582,5458639.4205
Break and Enter Commercial,2017,12,6,5,30,1XX E PENDER ST,Central Business District,492675.1625,5458637.3999
Break and Enter Commercial,2017,6,25,8,48,1XX HAWKS AVE,Strathcona,493669.5955,5458980.3727
Break and Enter Commercial,2017,7,25,0,38,1XX KEEFER PL,Central Business District,492115.7993,5458573.6708
Break and Enter Commercial,2017,12,11,16,0,1XX KEEFER PL,Central Business District,492116.1663,5458564.2081
Break and Enter Commercial,2017,9,16,1,44,1XX KEEFER PL,Central Business District,492123.0015,5458572.0278
Break and Enter Commercial,2017,5,15,11,44,1XX KEEFER ST,Central Business District,492710.4372,5458526.6515
Break and Enter Commercial,2017,8,7,4,24,1XX KEEFER ST,Central Business District,492710.4372,5458526.6515
Break and Enter Commercial,2017,10,12,8,28,1XX KEEFER ST,Central Business District,492710.4372,5458526.6515
Break and Enter Commercial,2017,3,6,10,13,1XX KEEFER ST,Central Business District,492725.7131,5458535.2998
Break and Enter Commercial,2017,1,9,21,5,1XX MILROSS AVE,Central Business District,492611.254,5458146.4798
Break and Enter Commercial,2017,4,26,16,16,1XX MILROSS AVE,Central Business District,492617.2122,5458155.4307
Break and Enter Commercial,2017,9,19,8,58,1XX MILROSS AVE,Central Business District,492617.2122,5458155.4307
Break and Enter Commercial,2017,4,12,4,30,1XX MILROSS AVE,Central Business District,492707.3757,5458143.2828
Break and Enter Commercial,2017,11,21,0,53,1XX N RENFREW ST,Hastings-Sunrise,496800.59,5459273.0962
Break and Enter Commercial,2017,3,20,10,9,1XX NANAIMO ST,Hastings-Sunrise,495893.2325,5459002.166
Break and Enter Commercial,2017,1,30,7,29,1XX NATIONAL AVE,Central Business District,492701.3225,5458033.8236
Break and Enter Commercial,2017,12,11,8,21,1XX ONTARIO PL,Sunset,492588.7471,5453315.0923
Break and Enter Commercial,2017,1,22,8,30,1XX POWELL ST,Central Business District,492631.3626,5458950.8512
Break and Enter Commercial,2017,8,16,6,15,1XX POWELL ST,Central Business District,492697.0185,5458939.7483
Break and Enter Commercial,2017,6,5,3,13,1XX PRINCESS AVE,Strathcona,493350.5691,5459014.0688
Break and Enter Commercial,2017,3,23,12,55,1XX ROBSON ST,Central Business District,491658.3575,5458377.3128
Break and Enter Commercial,2017,2,17,8,11,1XX SMITHE ST,Central Business District,491525.1428,5458263.2045
Break and Enter Commercial,2017,3,28,6,0,1XX SMITHE ST,Central Business District,491530.0357,5458271.174
Break and Enter Commercial,2017,9,2,19,17,1XX W 10TH AVE,Mount Pleasant,492197.0135,5456595.1116
Break and Enter Commercial,2017,12,8,0,0,1XX W 15TH AVE,Mount Pleasant,492131.2992,5456094.9472
Break and Enter Commercial,2017,1,9,11,58,1XX W 2ND AVE,Mount Pleasant,492209.6231,5457401.5844
Break and Enter Commercial,2017,6,9,15,0,1XX W 4TH AVE,Mount Pleasant,492109.7284,5457196.2988
Break and Enter Commercial,2017,10,30,19,0,1XX W 4TH AVE,Mount Pleasant,492109.7284,5457196.2988
Break and Enter Commercial,2017,9,27,5,16,1XX W 5TH AVE,Mount Pleasant,492212.8013,5457086.9561
Break and Enter Commercial,2017,12,3,20,29,1XX W 6TH AVE,Mount Pleasant,492136.6614,5456985.7348
Break and Enter Commercial,2017,10,11,0,0,1XX W 7TH AVE,Mount Pleasant,492131.7747,5456895.1497
Break and Enter Commercial,2017,4,11,15,58,1XX W 7TH AVE,Mount Pleasant,492135.4333,5456895.0341
Break and Enter Commercial,2017,5,24,10,38,1XX W 7TH AVE,Mount Pleasant,492135.4333,5456895.0341
Break and Enter Commercial,2017,3,21,0,0,1XX W 7TH AVE,Mount Pleasant,492184.0281,5456893.4978
Break and Enter Commercial,2017,3,22,16,43,1XX W 7TH AVE,Mount Pleasant,492184.0281,5456893.4978
Break and Enter Commercial,2017,1,23,22,40,1XX W BROADWAY AVE,Mount Pleasant,492047.7039,5456716.0286
Break and Enter Commercial,2017,4,26,2,31,1XX W BROADWAY AVE,Mount Pleasant,492047.7039,5456716.0286
Break and Enter Commercial,2017,8,5,4,23,1XX W BROADWAY AVE,Mount Pleasant,492047.7039,5456716.0286
Break and Enter Commercial,2017,7,6,18,0,1XX W BROADWAY AVE,Mount Pleasant,492175.3042,5456710.6192
Break and Enter Commercial,2017,7,20,18,0,1XX W BROADWAY AVE,Mount Pleasant,492175.3042,5456710.6192
Break and Enter Commercial,2017,7,28,4,30,1XX W BROADWAY AVE,Mount Pleasant,492175.3042,5456710.6192
Break and Enter Commercial,2017,4,22,15,0,1XX W BROADWAY AVE,Mount Pleasant,492188.379,5456710.0651
Break and Enter Commercial,2017,5,12,0,56,1XX W BROADWAY AVE,Mount Pleasant,492188.379,5456710.0651
Break and Enter Commercial,2017,11,18,21,0,1XX W BROADWAY AVE,Mount Pleasant,492192.0809,5456709.9082
Break and Enter Commercial,2017,9,25,17,18,1XX W CORDOVA ST,Central Business District,492185.6625,5458931.117
Break and Enter Commercial,2017,11,16,16,15,1XX W CORDOVA ST,Central Business District,492195.4167,5458919.0707
Break and Enter Commercial,2017,5,19,1,30,1XX W GEORGIA ST,Central Business District,491795.0971,5458476.1282
Break and Enter Commercial,2017,6,15,22,0,1XX W GEORGIA ST,Central Business District,491795.0971,5458476.1282
Break and Enter Commercial,2017,7,5,2,56,1XX W GEORGIA ST,Central Business District,491795.0971,5458476.1282
Break and Enter Commercial,2017,8,1,19,45,1XX W GEORGIA ST,Central Business District,491795.0971,5458476.1282
Break and Enter Commercial,2017,12,9,21,0,1XX W GEORGIA ST,Central Business District,491795.0971,5458476.1282
Break and Enter Commercial,2017,2,10,1,36,1XX W HASTINGS ST,Central Business District,492113.5506,5458842.8375
Break and Enter Commercial,2017,2,10,6,21,1XX W HASTINGS ST,Central Business District,492113.5506,5458842.8375
Break and Enter Commercial,2017,3,23,4,29,1XX W HASTINGS ST,Central Business District,492113.5506,5458842.8375
Break and Enter Commercial,2017,5,16,22,58,1XX W HASTINGS ST,Central Business District,492113.5506,5458842.8375
Break and Enter Commercial,2017,11,18,18,41,1XX W HASTINGS ST,Central Business District,492133.3945,5458836.8709
Break and Enter Commercial,2017,6,16,4,10,1XX W HASTINGS ST,Central Business District,492153.9128,5458821.1531
Break and Enter Commercial,2017,10,9,10,0,1XX W HASTINGS ST,Central Business District,492159.2048,5458819.5621
Break and Enter Commercial,2017,5,3,15,10,1XX W HASTINGS ST,Central Business District,492179.6969,5458822.9488
Break and Enter Commercial,2017,1,10,2,28,1XX W HASTINGS ST,Central Business District,492179.9307,5458813.3303
Break and Enter Commercial,2017,1,28,21,0,1XX W KENT AVE N,Marpole,492033.0931,5450462.026
Break and Enter Commercial,2017,11,23,16,0,1XX W PENDER ST,Central Business District,492112.5032,5458719.2341
Break and Enter Commercial,2017,8,10,12,51,1XX WATER ST,Central Business District,492175.3736,5459048.5598
Break and Enter Commercial,2017,12,26,5,15,1XX WATER ST,Central Business District,492203.6809,5459041.0006
Break and Enter Commercial,2017,10,4,15,30,1XX WATER ST,Central Business District,492208.8116,5459039.6302
Break and Enter Commercial,2017,10,6,23,0,1XX WATER ST,Central Business District,492208.8116,5459039.6302
Break and Enter Commercial,2017,8,23,1,43,1XX WATER ST,Central Business District,492219.6153,5459027.2808
Break and Enter Commercial,2017,10,17,5,37,1XX WATER ST,Central Business District,492231.9528,5459033.4505
Break and Enter Commercial,2017,10,22,3,35,1XX WATER ST,Central Business District,492231.9528,5459033.4505
Break and Enter Commercial,2017,2,27,20,0,20XX ALMA ST,West Point Grey,486484.4111,5457255.4503
Break and Enter Commercial,2017,8,4,0,30,20XX ALMA ST,Kitsilano,486495.4582,5457311.6366
Break and Enter Commercial,2017,1,28,0,47,20XX BARCLAY ST,West End,489742.9421,5459975.0184
Break and Enter Commercial,2017,8,15,2,20,20XX BARCLAY ST,West End,489742.9421,5459975.0184
Break and Enter Commercial,2017,1,31,19,30,20XX BAYSWATER ST,Kitsilano,487558.8305,5457296.8847
Break and Enter Commercial,2017,7,30,16,0,20XX BAYSWATER ST,Kitsilano,487558.8305,5457296.8847
Break and Enter Commercial,2017,7,12,23,13,20XX BURRARD ST,Fairview,489409.1293,5457219.9917
Break and Enter Commercial,2017,7,9,7,0,20XX COMOX ST,West End,489605.4108,5459783.9417
Break and Enter Commercial,2017,2,5,6,24,20XX E 48TH AVE,Victoria-Fraserview,495229.6855,5452609.3883
Break and Enter Commercial,2017,11,28,14,0,20XX FRANKLIN ST,Grandview-Woodland,495436.3752,5458824.4243
Break and Enter Commercial,2017,5,11,6,10,20XX MACDONALD ST,Kitsilano,487753.131,5457299.783
Break and Enter Commercial,2017,6,26,7,36,20XX NELSON ST,West End,489593.5409,5459958.8558
Break and Enter Commercial,2017,6,14,2,40,20XX W 10TH AVE,Kitsilano,488939.6204,5456682.4084
Break and Enter Commercial,2017,8,22,5,37,20XX W 10TH AVE,Kitsilano,488971.6793,5456681.6029
Break and Enter Commercial,2017,2,21,16,32,20XX W 11TH AVE,Kitsilano,488891.713,5456581.5322
Break and Enter Commercial,2017,5,5,21,30,20XX W 11TH AVE,Kitsilano,488891.713,5456581.5322
Break and Enter Commercial,2017,4,10,22,50,20XX W 11TH AVE,Kitsilano,489008.2423,5456587.4629
Break and Enter Commercial,2017,6,1,23,0,20XX W 12TH AVE,Kitsilano,488998.6901,5456478.0585
Break and Enter Commercial,2017,12,24,12,25,20XX W 15TH AVE,Kitsilano,488987.0129,5456163.8503
Break and Enter Commercial,2017,11,21,17,48,20XX W 2ND AVE,Kitsilano,489047.2774,5457462.7123
Break and Enter Commercial,2017,4,23,23,0,20XX W 41ST AVE,Kerrisdale,488805.5221,5453537.9391
Break and Enter Commercial,2017,7,20,8,0,20XX W 44TH AVE,Kerrisdale,488718.9766,5453245.7096
Break and Enter Commercial,2017,3,20,1,59,20XX W 4TH AVE,Kitsilano,488947.7355,5457276.0498
Break and Enter Commercial,2017,5,21,4,11,20XX W 4TH AVE,Kitsilano,489000.9711,5457274.7486
Break and Enter Commercial,2017,7,26,4,15,20XX W 4TH AVE,Kitsilano,489000.9711,5457274.7486
Break and Enter Commercial,2017,2,20,4,30,20XX W 4TH AVE,Kitsilano,489017.6072,5457274.342
Break and Enter Commercial,2017,4,16,23,0,20XX W 4TH AVE,Kitsilano,489021.8433,5457265.0917
Break and Enter Commercial,2017,9,4,13,4,20XX W 4TH AVE,Kitsilano,489037.3471,5457264.7128
Break and Enter Commercial,2017,3,10,21,0,20XX W BROADWAY AVE,Kitsilano,488884.9363,5456799.709
Break and Enter Commercial,2017,4,23,23,35,20XX W BROADWAY AVE,Kitsilano,488897.4913,5456790.2249
Break and Enter Commercial,2017,12,1,8,56,20XX WALL ST,Grandview-Woodland,495404.0101,5459156.7101
Break and Enter Commercial,2017,1,23,2,0,20XX YORK AVE,Kitsilano,489014.6653,5457658.0549
Break and Enter Commercial,2017,1,27,4,0,20XX YORK AVE,Kitsilano,489014.6653,5457658.0549
Break and Enter Commercial,2017,2,1,15,0,20XX YORK AVE,Kitsilano,489014.6653,5457658.0549
Break and Enter Commercial,2017,5,7,12,0,21XX BURRARD ST,Kitsilano,489399.2212,5457134.8362
Break and Enter Commercial,2017,6,30,14,57,21XX CAMBIE ST,Mount Pleasant,491665.6823,5457087.35
Break and Enter Commercial,2017,1,31,10,0,21XX CORNWALL AVE,Kitsilano,488795.2854,5457763.7412
Break and Enter Commercial,2017,6,10,23,0,21XX CORNWALL AVE,Kitsilano,488877.4517,5457761.6882
Break and Enter Commercial,2017,5,3,21,0,21XX E HASTINGS ST,Grandview-Woodland,495547.1526,5458710.6732
Break and Enter Commercial,2017,10,16,17,0,21XX E HASTINGS ST,Grandview-Woodland,495571.3336,5458719.7613
Break and Enter Commercial,2017,12,7,8,40,21XX E HASTINGS ST,Grandview-Woodland,495571.3336,5458719.7613
Break and Enter Commercial,2017,9,12,12,17,21XX KINGSWAY AVE,Kensington-Cedar Cottage,495398.6569,5454603.4986
Break and Enter Commercial,2017,10,11,21,0,21XX KINGSWAY AVE,Kensington-Cedar Cottage,495398.6569,5454603.4986
Break and Enter Commercial,2017,6,7,4,22,21XX KINGSWAY AVE,Kensington-Cedar Cottage,495426.1863,5454594.6215
Break and Enter Commercial,2017,6,27,3,50,21XX KINGSWAY AVE,Kensington-Cedar Cottage,495426.1863,5454594.6215
Break and Enter Commercial,2017,4,9,5,0,21XX MAIN ST,Mount Pleasant,492673.8729,5456996.3818
Break and Enter Commercial,2017,6,4,3,10,21XX MAIN ST,Mount Pleasant,492674.7747,5457027.1936
Break and Enter Commercial,2017,10,21,2,15,21XX TRIUMPH ST,Grandview-Woodland,495554.5193,5459015.5645
Break and Enter Commercial,2017,5,13,4,0,21XX TRIUMPH ST,Grandview-Woodland,495593.3878,5459024.5241
Break and Enter Commercial,2017,7,6,21,0,21XX W 10TH AVE,Kitsilano,488731.3413,5456696.9038
Break and Enter Commercial,2017,8,20,14,0,21XX W 12TH AVE,Kitsilano,488766.4173,5456479.8862
Break and Enter Commercial,2017,1,4,16,0,21XX W 15TH AVE,Kitsilano,488825.6861,5456168.4116
Break and Enter Commercial,2017,5,1,2,42,21XX W 15TH AVE,Kitsilano,488825.6861,5456168.4116
Break and Enter Commercial,2017,10,13,16,45,21XX W 33RD AVE,Arbutus Ridge,488811.7514,5454387.5784
Break and Enter Commercial,2017,2,20,0,4,21XX W 37TH AVE,Arbutus Ridge,488674.4992,5453962.5261
Break and Enter Commercial,2017,11,17,0,0,21XX W 39TH AVE,Arbutus Ridge,488485.3115,5453751.3038
Break and Enter Commercial,2017,9,16,10,41,21XX W 42ND AVE,Kerrisdale,488489.6446,5453446.3374
Break and Enter Commercial,2017,9,24,0,0,21XX W 42ND AVE,Kerrisdale,488489.6446,5453446.3374
Break and Enter Commercial,2017,11,13,10,29,21XX W 42ND AVE,Kerrisdale,488656.3638,5453439.3535
Break and Enter Commercial,2017,2,1,16,0,21XX W 48TH AVE,Kerrisdale,488642.6231,5452831.9033
Break and Enter Commercial,2017,4,9,20,30,21XX W 48TH AVE,Kerrisdale,488650.4134,5452822.5955
Break and Enter Commercial,2017,7,3,5,45,21XX W 48TH AVE,Kerrisdale,488650.4134,5452822.5955
Break and Enter Commercial,2017,8,8,5,8,21XX W 48TH AVE,Kerrisdale,488650.4134,5452822.5955
Break and Enter Commercial,2017,7,10,0,0,21XX W 57TH AVE,Kerrisdale,488684.1901,5451871.2109
Break and Enter Commercial,2017,6,2,6,22,21XX W 5TH AVE,Kitsilano,488858.0947,5457172.612
Break and Enter Commercial,2017,6,19,1,0,21XX W 7TH AVE,Kitsilano,488752.7785,5456998.9817
Break and Enter Commercial,2017,5,3,12,15,21XX W BROADWAY AVE,Kitsilano,488785.3368,5456793.3191
Break and Enter Commercial,2017,11,24,9,30,21XX W BROADWAY AVE,Kitsilano,488834.6807,5456791.9472
Break and Enter Commercial,2017,10,28,0,30,21XX YEW ST,Kitsilano,488705.0537,5457140.7383
Break and Enter Commercial,2017,12,6,16,6,22XX CAMBIE ST,Mount Pleasant,491656.6642,5456918.9056
Break and Enter Commercial,2017,11,17,7,0,22XX COLUMBIA ST,Mount Pleasant,492031.6843,5456960.79
Break and Enter Commercial,2017,6,16,9,38,22XX COMMERCIAL DR,Grandview-Woodland,494929.5859,5456843.7027
Break and Enter Commercial,2017,4,11,21,13,22XX COMMERCIAL DR,Grandview-Woodland,494930.0076,5456874.7607
Break and Enter Commercial,2017,6,22,18,0,22XX COMMERCIAL DR,Grandview-Woodland,494930.0076,5456874.7607
Break and Enter Commercial,2017,10,29,4,6,22XX COMMERCIAL DR,Grandview-Woodland,494930.0076,5456874.7607
Break and Enter Commercial,2017,10,29,12,48,22XX COMMERCIAL DR,Grandview-Woodland,494930.0076,5456874.7607
Break and Enter Commercial,2017,4,20,4,0,22XX CORNWALL AVE,Kitsilano,488654.6158,5457767.3379
Break and Enter Commercial,2017,3,4,20,0,22XX DUNDAS ST,Grandview-Woodland,495759.4222,5459112.9876
Break and Enter Commercial,2017,4,21,13,28,22XX E HASTINGS ST,Grandview-Woodland,495742.686,5458719.2961
Break and Enter Commercial,2017,7,2,23,30,22XX E HASTINGS ST,Grandview-Woodland,495783.8367,5458719.1693
Break and Enter Commercial,2017,8,5,23,30,22XX E HASTINGS ST,Grandview-Woodland,495783.8367,5458719.1693
Break and Enter Commercial,2017,3,3,16,30,22XX ETON ST,Grandview-Woodland,495708.0428,5459425.0263
Break and Enter Commercial,2017,2,14,7,18,22XX GRANVILLE ST,Fairview,489920.8006,5457026.4251
Break and Enter Commercial,2017,6,12,4,55,22XX GRANVILLE ST,Fairview,489930.5972,5457051.277
Break and Enter Commercial,2017,8,6,0,26,22XX KINGSWAY AVE,Kensington-Cedar Cottage,495536.1574,5454515.0143
Break and Enter Commercial,2017,5,8,0,2,22XX MANITOBA ST,Mount Pleasant,492228.5297,5456976.5363
Break and Enter Commercial,2017,1,12,0,0,22XX MCGILL ST,Grandview-Woodland,495660.5355,5459526.7353
Break and Enter Commercial,2017,3,21,0,0,22XX MCGILL ST,Grandview-Woodland,495660.5355,5459526.7353
Break and Enter Commercial,2017,12,5,22,0,22XX MCGILL ST,Grandview-Woodland,495727.7367,5459516.4765
Break and Enter Commercial,2017,1,21,5,0,22XX SE MARINE DR,Victoria-Fraserview,495574.7205,5450560.4359
Break and Enter Commercial,2017,2,16,10,25,22XX TRIUMPH ST,Grandview-Woodland,495701.0497,5459014.6977
Break and Enter Commercial,2017,11,26,2,0,22XX TRIUMPH ST,Grandview-Woodland,495745.5892,5459023.4563
Break and Enter Commercial,2017,11,21,19,0,22XX TRIUMPH ST,Grandview-Woodland,495758.6657,5459023.343
Break and Enter Commercial,2017,5,11,6,0,22XX W 12TH AVE,Kitsilano,488644.5341,5456484.1664
Break and Enter Commercial,2017,12,31,0,0,22XX W 2ND AVE,Kitsilano,488604.4319,5457474.179
Break and Enter Commercial,2017,1,28,21,15,22XX W 41ST AVE,Kerrisdale,488397.9366,5453548.1997
Break and Enter Commercial,2017,12,31,2,1,22XX W 4TH AVE,Kitsilano,488692.094,5457282.3699
Break and Enter Commercial,2017,2,18,0,0,22XX W 5TH AVE,Kitsilano,488616.5757,5457189.0501
Break and Enter Commercial,2017,5,25,15,30,22XX W BROADWAY AVE,Kitsilano,488586.1016,5456798.8398
Break and Enter Commercial,2017,1,5,18,0,22XX W BROADWAY AVE,Kitsilano,488623.9178,5456806.9421
Break and Enter Commercial,2017,4,5,8,40,22XX W BROADWAY AVE,Kitsilano,488645.5773,5456797.1959
Break and Enter Commercial,2017,11,5,1,12,22XX W BROADWAY AVE,Kitsilano,488663.4988,5456805.8484
Break and Enter Commercial,2017,6,14,4,0,22XX WILLOW ST,Fairview,491146.6583,5457023.2355
Break and Enter Commercial,2017,11,18,2,0,22XX YORK AVE,Kitsilano,488711.9552,5457666.1296
Break and Enter Commercial,2017,1,22,21,30,23XX ASH ST,Fairview,491459.8045,5456912.6981
Break and Enter Commercial,2017,11,9,22,40,23XX BOUNDARY RD,Renfrew-Collingwood,498269.625,5456841.1934
Break and Enter Commercial,2017,11,24,9,10,23XX BURRARD ST,Kitsilano,489393.2186,5456917.3798
Break and Enter Commercial,2017,3,7,22,0,23XX BURRARD ST,Kitsilano,489393.4495,5456926.3795
Break and Enter Commercial,2017,9,13,21,30,23XX CAMBIE ST,Fairview,491638.249,5456898.6223
Break and Enter Commercial,2017,11,21,3,0,23XX CAMBIE ST,Fairview,491638.249,5456898.6223
Break and Enter Commercial,2017,7,21,9,48,23XX CAMBRIDGE ST,Grandview-Woodland,495828.7306,5459313.7307
Break and Enter Commercial,2017,6,4,23,0,23XX E 34TH AVE,Renfrew-Collingwood,495738.9042,5454011.7333
Break and Enter Commercial,2017,12,9,14,34,23XX E HASTINGS ST,Grandview-Woodland,495801.6532,5458719.1139
Break and Enter Commercial,2017,9,2,22,0,23XX E HASTINGS ST,Grandview-Woodland,495832.3572,5458719.0183
Break and Enter Commercial,2017,3,18,14,31,23XX FRANKLIN ST,Grandview-Woodland,495815.6688,5458809.2949
Break and Enter Commercial,2017,5,8,0,0,23XX FRANKLIN ST,Grandview-Woodland,495815.6688,5458809.2949
Break and Enter Commercial,2017,10,18,7,54,23XX FRANKLIN ST,Grandview-Woodland,495815.6688,5458809.2949
Break and Enter Commercial,2017,12,20,21,30,23XX FRASERVIEW DR,Victoria-Fraserview,495708.6392,5450988.3891
Break and Enter Commercial,2017,10,15,22,30,23XX GLEN DR,Mount Pleasant,494078.5076,5456809.9944
Break and Enter Commercial,2017,3,23,5,50,23XX KINGSWAY AVE,Renfrew-Collingwood,495821.1694,5454303.7893
Break and Enter Commercial,2017,2,14,19,0,23XX MCLEAN DR,Grandview-Woodland,494497.3652,5456766.5918
Break and Enter Commercial,2017,9,16,22,30,23XX TRINITY ST,Grandview-Woodland,495849.0607,5459624.5358
Break and Enter Commercial,2017,11,21,4,2,23XX W 41ST AVE,Arbutus Ridge,488349.7937,5453558.6953
Break and Enter Commercial,2017,5,17,22,0,23XX W 4TH AVE,Kitsilano,488438.4712,5457281.3663
Break and Enter Commercial,2017,3,20,22,15,23XX W 4TH AVE,Kitsilano,488497.3164,5457278.8053
Break and Enter Commercial,2017,3,24,18,0,24XX ALDER ST,Fairview,490450.3415,5456843.1188
Break and Enter Commercial,2017,12,28,1,30,24XX BALACLAVA ST,Kitsilano,487346.8403,5456879.3183
Break and Enter Commercial,2017,5,3,22,30,24XX BAYSWATER ST,Kitsilano,487546.7864,5456864.7324
Break and Enter Commercial,2017,1,20,2,55,24XX BURRARD ST,Kitsilano,489392.3161,5456880.0936
Break and Enter Commercial,2017,2,5,0,0,24XX CAROLINA ST,Mount Pleasant,493371.6683,5456664.5605
Break and Enter Commercial,2017,3,30,8,18,24XX CAROLINA ST,Mount Pleasant,493371.6683,5456664.5605
Break and Enter Commercial,2017,5,7,17,17,24XX COMMERCIAL DR,Grandview-Woodland,494917.3833,5456624.688
Break and Enter Commercial,2017,2,6,22,0,24XX CORNWALL AVE,Kitsilano,488220.0422,5457778.3899
Break and Enter Commercial,2017,12,19,2,12,24XX E BROADWAY AVE,Renfrew-Collingwood,495891.0432,5456591.3493
Break and Enter Commercial,2017,5,29,14,40,24XX E BROADWAY AVE,Renfrew-Collingwood,495898.2548,5456589.7635
Break and Enter Commercial,2017,5,24,22,0,24XX E BROADWAY AVE,Renfrew-Collingwood,495910.6777,5456587.0317
Break and Enter Commercial,2017,5,24,10,10,24XX E HASTINGS ST,Hastings-Sunrise,495897.2912,5458709.6784
Break and Enter Commercial,2017,3,7,18,0,24XX E HASTINGS ST,Hastings-Sunrise,495982.1692,5458709.4705
Break and Enter Commercial,2017,9,1,16,0,24XX E PENDER ST,Hastings-Sunrise,495907.3686,5458614.9525
Break and Enter Commercial,2017,11,3,14,57,24XX KAMLOOPS ST,Hastings-Sunrise,496014.6473,5456684.7339
Break and Enter Commercial,2017,3,28,6,10,24XX KINGSWAY AVE,Renfrew-Collingwood,496013.7787,5454181.1143
Break and Enter Commercial,2017,5,16,7,7,24XX KINGSWAY AVE,Renfrew-Collingwood,496013.7787,5454181.1143
Break and Enter Commercial,2017,7,30,2,50,24XX KINGSWAY AVE,Renfrew-Collingwood,496013.7787,5454181.1143
Break and Enter Commercial,2017,3,3,5,2,24XX MAIN ST,Mount Pleasant,492665.9085,5456758.3724
Break and Enter Commercial,2017,2,27,3,0,24XX MAPLE ST,Kitsilano,489053.75,5456863.5383
Break and Enter Commercial,2017,11,11,21,0,24XX MAPLE ST,Kitsilano,489053.75,5456863.5383
Break and Enter Commercial,2017,4,3,4,46,24XX NANAIMO ST,Grandview-Woodland,495879.1843,5456677.4984
Break and Enter Commercial,2017,3,25,5,54,24XX NANAIMO ST,Hastings-Sunrise,495888.3502,5456678.8328
Break and Enter Commercial,2017,3,26,4,37,24XX NANAIMO ST,Hastings-Sunrise,495888.3502,5456678.8328
Break and Enter Commercial,2017,4,5,4,59,24XX NANAIMO ST,Hastings-Sunrise,495888.3502,5456678.8328
Break and Enter Commercial,2017,4,28,6,55,24XX OAK ST,Fairview,490785.0923,5456823.2755
Break and Enter Commercial,2017,5,10,15,35,24XX SPRUCE ST,Fairview,490610.207,5456767.8619
Break and Enter Commercial,2017,3,25,22,0,24XX W 2ND AVE,Kitsilano,488360.6244,5457489.7177
Break and Enter Commercial,2017,3,16,21,0,24XX W 41ST AVE,Kerrisdale,488243.5114,5453552.3167
Break and Enter Commercial,2017,3,12,3,5,24XX W 43RD AVE,Kerrisdale,488240.2434,5453354.5133
Break and Enter Commercial,2017,7,6,15,0,24XX W 4TH AVE,Kitsilano,488271.8271,5457286.7396
Break and Enter Commercial,2017,7,14,22,0,24XX W 4TH AVE,Kitsilano,488304.5535,5457285.9335
Break and Enter Commercial,2017,4,2,22,0,24XX W BROADWAY AVE,Kitsilano,488312.9842,5456815.6581
Break and Enter Commercial,2017,2,25,0,0,24XX W BROADWAY AVE,Kitsilano,488343.2381,5456814.7603
Break and Enter Commercial,2017,2,15,21,45,25XX BURRARD ST,Fairview,489397.5374,5456697.9768
Break and Enter Commercial,2017,10,23,17,0,25XX COURTENAY ST,West Point Grey,485410.077,5456831.6682
Break and Enter Commercial,2017,9,8,4,45,25XX E HASTINGS ST,Hastings-Sunrise,496043.2454,5458718.4603
Break and Enter Commercial,2017,12,18,19,0,25XX GRANDVIEW HWY S,Renfrew-Collingwood,496139.7873,5456078.7006
Break and Enter Commercial,2017,1,9,23,48,25XX KINGSWAY AVE,Renfrew-Collingwood,496174.7227,5454055.758
Break and Enter Commercial,2017,3,9,0,0,25XX MAPLE ST,Kitsilano,489050.9345,5456757.9846
Break and Enter Commercial,2017,3,9,5,25,25XX MAPLE ST,Kitsilano,489050.9345,5456757.9846
Break and Enter Commercial,2017,3,9,5,44,25XX MAPLE ST,Kitsilano,489050.9345,5456757.9846
Break and Enter Commercial,2017,11,14,6,0,25XX ONTARIO ST,Mount Pleasant,492372.4168,5456656.0198
Break and Enter Commercial,2017,1,23,8,0,25XX ONTARIO ST,Mount Pleasant,492363.8886,5456682.7375
Break and Enter Commercial,2017,2,26,20,0,25XX ONTARIO ST,Mount Pleasant,492363.8886,5456682.7375
Break and Enter Commercial,2017,3,24,13,0,25XX ONTARIO ST,Mount Pleasant,492363.8886,5456682.7375
Break and Enter Commercial,2017,10,21,19,0,25XX ONTARIO ST,Mount Pleasant,492363.8886,5456682.7375
Break and Enter Commercial,2017,1,15,3,0,25XX PINE ST,Fairview,489560.1555,5456747.8907
Break and Enter Commercial,2017,11,18,9,20,26XX ALBERTA ST,Mount Pleasant,491927.4697,5456580.3474
Break and Enter Commercial,2017,3,5,17,57,26XX BLANCHE ST,Killarney,496178.061,5450435.8613
Break and Enter Commercial,2017,10,16,22,0,26XX COMMERCIAL DR,Kensington-Cedar Cottage,494915.4775,5456488.5518
Break and Enter Commercial,2017,7,5,8,30,26XX CRANBERRY DR,Kitsilano,488808.6361,5456631.0063
Break and Enter Commercial,2017,2,26,7,43,26XX E 49TH AVE,Victoria-Fraserview,496020.2394,5452443.5562
Break and Enter Commercial,2017,6,27,5,9,26XX E 49TH AVE,Victoria-Fraserview,496030.7187,5452452.5882
Break and Enter Commercial,2017,2,3,19,0,26XX E 49TH AVE,Victoria-Fraserview,496031.2613,5452452.5822
Break and Enter Commercial,2017,10,3,4,30,26XX E HASTINGS ST,Hastings-Sunrise,496291.8842,5458708.6205
Break and Enter Commercial,2017,10,15,0,13,26XX E HASTINGS ST,Hastings-Sunrise,496291.8842,5458708.6205
Break and Enter Commercial,2017,7,10,5,38,26XX GRANVILLE ST,Fairview,489922.3056,5456561.741
Break and Enter Commercial,2017,3,17,12,0,26XX GRANVILLE ST,Fairview,489924.423,5456650.8635
Break and Enter Commercial,2017,9,30,11,50,26XX GRANVILLE ST,Fairview,489924.423,5456650.8635
Break and Enter Commercial,2017,10,9,11,5,26XX GRANVILLE ST,Fairview,489924.423,5456650.8635
Break and Enter Commercial,2017,10,29,21,35,26XX KASLO ST,Renfrew-Collingwood,496572.464,5456452.8707
Break and Enter Commercial,2017,5,12,18,30,26XX KASLO ST,Renfrew-Collingwood,496572.4696,5456457.316
Break and Enter Commercial,2017,7,21,8,33,26XX KINGSWAY AVE,Renfrew-Collingwood,496284.4264,5453988.4181
Break and Enter Commercial,2017,2,26,5,50,26XX LONG LIFE PL,Fairview,491543.3854,5456600.1204
Break and Enter Commercial,2017,5,9,4,16,26XX MAIN ST,Mount Pleasant,492654.5651,5456549.4758
Break and Enter Commercial,2017,2,1,14,58,26XX SW MARINE DR,Kerrisdale,488043.8512,5452400.8063
Break and Enter Commercial,2017,8,13,18,21,26XX SW MARINE DR,Kerrisdale,488043.8512,5452400.8063
Break and Enter Commercial,2017,4,10,11,16,26XX W 4TH AVE,Kitsilano,487925.0024,5457296.1134
Break and Enter Commercial,2017,6,30,7,15,26XX W BROADWAY AVE,Kitsilano,487991.8187,5456817.3943
Break and Enter Commercial,2017,6,30,7,15,26XX W BROADWAY AVE,Kitsilano,487994.3966,5456817.3697
Break and Enter Commercial,2017,5,13,13,48,26XX W BROADWAY AVE,Kitsilano,487995.1647,5456817.3621
Break and Enter Commercial,2017,2,7,5,3,26XX W BROADWAY AVE,Kitsilano,488007.2864,5456817.2465
Break and Enter Commercial,2017,5,20,21,0,26XX W BROADWAY AVE,Kitsilano,488007.2864,5456817.2465
Break and Enter Commercial,2017,5,16,21,0,27XX ARBUTUS ST,Kitsilano,488870.6848,5456545.3335
Break and Enter Commercial,2017,9,10,20,0,27XX COOPERATIVE WAY,Renfrew-Collingwood,496427.4385,5456077.0857
Break and Enter Commercial,2017,9,14,6,3,27XX E 41ST AVE,Victoria-Fraserview,496298.3793,5453328.5022
Break and Enter Commercial,2017,2,5,23,0,27XX E 41ST AVE,Victoria-Fraserview,496316.2049,5453328.2591
Break and Enter Commercial,2017,11,26,3,0,27XX E 41ST AVE,Victoria-Fraserview,496316.2049,5453328.2591
Break and Enter Commercial,2017,10,20,17,30,27XX E 41ST AVE,Victoria-Fraserview,496327.9184,5453328.0988
Break and Enter Commercial,2017,1,4,1,20,27XX E BROADWAY AVE,Renfrew-Collingwood,496397.7564,5456579.1005
Break and Enter Commercial,2017,12,16,4,20,27XX E HASTINGS ST,Hastings-Sunrise,496460.8593,5458717.2685
Break and Enter Commercial,2017,7,17,23,0,27XX E HASTINGS ST,Hastings-Sunrise,496493.0428,5458717.1598
Break and Enter Commercial,2017,12,31,2,10,27XX E HASTINGS ST,Hastings-Sunrise,496500.1947,5458717.1357
Break and Enter Commercial,2017,1,23,1,20,27XX E HASTINGS ST,Hastings-Sunrise,496507.236,5458707.9678
Break and Enter Commercial,2017,2,8,17,45,27XX E HASTINGS ST,Hastings-Sunrise,496510.8917,5458707.9555
Break and Enter Commercial,2017,2,17,13,38,27XX E HASTINGS ST,Hastings-Sunrise,496560.9549,5458707.7865
Break and Enter Commercial,2017,10,11,3,43,27XX E HASTINGS ST,Hastings-Sunrise,496560.9549,5458707.7865
Break and Enter Commercial,2017,2,16,15,47,27XX GRANVILLE ST,Fairview,489915.1823,5456481.6327
Break and Enter Commercial,2017,11,16,5,55,27XX GRANVILLE ST,Fairview,489915.1823,5456481.6327
Break and Enter Commercial,2017,2,16,18,0,27XX KINGSWAY AVE,Renfrew-Collingwood,496343.271,5453946.2901
Break and Enter Commercial,2017,3,26,17,0,27XX KINGSWAY AVE,Renfrew-Collingwood,496373.3312,5453924.8344
Break and Enter Commercial,2017,3,23,6,0,27XX KINGSWAY AVE,Renfrew-Collingwood,496447.05,5453861.1494
Break and Enter Commercial,2017,4,5,8,22,27XX MAIN ST,Mount Pleasant,492636.0764,5456444.1599
Break and Enter Commercial,2017,2,11,1,0,27XX MAIN ST,Mount Pleasant,492658.2199,5456482.9106
Break and Enter Commercial,2017,2,21,0,0,27XX MAIN ST,Mount Pleasant,492658.2199,5456482.9106
Break and Enter Commercial,2017,2,19,7,15,27XX RUPERT ST,Renfrew-Collingwood,497553.4256,5456345.3545
Break and Enter Commercial,2017,3,23,6,1,27XX RUPERT ST,Renfrew-Collingwood,497553.4256,5456345.3545
Break and Enter Commercial,2017,11,25,3,23,27XX SKEENA ST,Renfrew-Collingwood,497920.4684,5456323.5296
Break and Enter Commercial,2017,12,2,0,0,27XX SOPHIA ST,Mount Pleasant,492852.4017,5456413.2708
Break and Enter Commercial,2017,10,22,23,2,27XX W BROADWAY AVE,Kitsilano,487822.7526,5456820.3247
Break and Enter Commercial,2017,8,29,21,54,27XX W BROADWAY AVE,Kitsilano,487865.4046,5456819.0464
Break and Enter Commercial,2017,3,11,23,0,28XX ASH ST,Fairview,491444.9706,5456376.0845
Break and Enter Commercial,2017,12,26,9,56,28XX CAMBIE ST,Mount Pleasant,491636.2048,5456319.3779
Break and Enter Commercial,2017,2,1,1,0,28XX CLARK DR,Mount Pleasant,494350.9235,5456296.1644
Break and Enter Commercial,2017,7,3,4,40,28XX COMMERCIAL DR,Kensington-Cedar Cottage,494912.28,5456220.9237
Break and Enter Commercial,2017,11,22,10,28,28XX COMMERCIAL DR,Kensington-Cedar Cottage,494912.28,5456220.9237
Break and Enter Commercial,2017,11,30,2,18,28XX COMMERCIAL DR,Kensington-Cedar Cottage,494912.28,5456220.9237
Break and Enter Commercial,2017,3,20,4,37,28XX COMMERCIAL DR,Kensington-Cedar Cottage,494912.5561,5456247.7252
Break and Enter Commercial,2017,3,31,5,19,28XX E 1ST AVE,Hastings-Sunrise,496594.7144,5457399.7182
Break and Enter Commercial,2017,4,16,5,30,28XX E 1ST AVE,Hastings-Sunrise,496594.7144,5457399.7182
Break and Enter Commercial,2017,5,17,5,29,28XX E 1ST AVE,Hastings-Sunrise,496594.7144,5457399.7182
Break and Enter Commercial,2017,5,25,5,0,28XX E 1ST AVE,Hastings-Sunrise,496594.7144,5457399.7182
Break and Enter Commercial,2017,6,6,7,57,28XX E 2ND AVE,Hastings-Sunrise,496753.886,5457298.775
Break and Enter Commercial,2017,6,9,17,0,28XX E KENT AVE N,Killarney,496392.4682,5450398.0726
Break and Enter Commercial,2017,9,18,3,20,28XX E KENT AVE S,Killarney,496442.1994,5450365.9559
Break and Enter Commercial,2017,7,5,9,17,28XX GRANDVIEW HWY,Renfrew-Collingwood,496744.0687,5456164.242
Break and Enter Commercial,2017,1,2,0,8,28XX GRANVILLE ST,Fairview,489912.3775,5456431.9901
Break and Enter Commercial,2017,7,14,23,0,28XX KINGSWAY AVE,Renfrew-Collingwood,496545.3705,5453798.0328
Break and Enter Commercial,2017,11,4,10,30,28XX KINGSWAY AVE,Renfrew-Collingwood,496585.2149,5453785.0989
Break and Enter Commercial,2017,2,11,19,0,28XX POINT GREY RD,Kitsilano,487691.7524,5457606.2811
Break and Enter Commercial,2017,2,26,14,33,28XX W 4TH AVE,Kitsilano,487598.3123,5457304.1462
Break and Enter Commercial,2017,8,8,0,0,28XX YEW ST,Kitsilano,488695.1029,5456454.045
Break and Enter Commercial,2017,7,8,13,10,29XX ARBUTUS ST,Kitsilano,488864.461,5456335.383
Break and Enter Commercial,2017,11,10,0,0,29XX COMMERCIAL DR,Kensington-Cedar Cottage,494912.0178,5456184.0447
Break and Enter Commercial,2017,11,10,4,41,29XX COMMERCIAL DR,Kensington-Cedar Cottage,494912.0178,5456184.0447
Break and Enter Commercial,2017,9,3,1,0,29XX E HASTINGS ST,Hastings-Sunrise,496816.2611,5458716.8049
Break and Enter Commercial,2017,4,26,6,35,29XX GRANDVIEW HWY,Renfrew-Collingwood,496797.3553,5456163.8872
Break and Enter Commercial,2017,1,28,6,28,29XX HORLEY ST,Renfrew-Collingwood,496745.7007,5454019.3536
Break and Enter Commercial,2017,5,16,3,45,29XX MAIN ST,Mount Pleasant,492637.9972,5456256.4203
Break and Enter Commercial,2017,10,17,5,45,29XX OAK ST,Fairview,490781.3286,5456250.2095
Break and Enter Commercial,2017,10,15,2,37,29XX W 4TH AVE,Kitsilano,487528.3058,5457305.6812
Break and Enter Commercial,2017,12,27,15,0,29XX W BROADWAY AVE,Kitsilano,487507.1084,5456837.8586
Break and Enter Commercial,2017,3,23,4,0,29XX W BROADWAY AVE,Kitsilano,487595.2884,5456834.4025
Break and Enter Commercial,2017,6,23,14,50,29XX W BROADWAY AVE,Kitsilano,487600.4881,5456834.1641
Break and Enter Commercial,2017,5,30,2,35,29XX W BROADWAY AVE,Kitsilano,487620.2401,5456824.1056
Break and Enter Commercial,2017,11,7,21,51,2X E 5TH AVE,Mount Pleasant,492412.7397,5457081.4318
Break and Enter Commercial,2017,6,4,6,52,2X E 6TH AVE,Mount Pleasant,492414.3949,5456986.8298
Break and Enter Commercial,2017,7,16,12,39,2X E 6TH AVE,Mount Pleasant,492414.3949,5456986.8298
Break and Enter Commercial,2017,9,17,10,16,2X E 6TH AVE,Mount Pleasant,492414.3949,5456986.8298
Break and Enter Commercial,2017,11,5,0,13,2X E BROADWAY AVE,Mount Pleasant,492406.5353,5456693.7757
Break and Enter Commercial,2017,8,8,4,0,2X E CORDOVA ST,Central Business District,492453.0836,5458847.036
Break and Enter Commercial,2017,8,8,9,36,2X E CORDOVA ST,Central Business District,492453.0836,5458847.036
Break and Enter Commercial,2017,1,23,18,10,2X GARDEN DR,Grandview-Woodland,495794.5698,5459090.3698
Break and Enter Commercial,2017,2,28,3,0,2X W 2ND AVE,Mount Pleasant,492339.7988,5457398.2458
Break and Enter Commercial,2017,6,26,21,0,2X W 2ND AVE,Mount Pleasant,492339.7988,5457398.2458
Break and Enter Commercial,2017,1,5,5,45,2X W 7TH AVE,Mount Pleasant,492336.5474,5456880.6109
Break and Enter Commercial,2017,4,11,2,35,2X W 7TH AVE,Mount Pleasant,492336.5474,5456880.6109
Break and Enter Commercial,2017,11,8,19,0,2X W 7TH AVE,Mount Pleasant,492336.5474,5456880.6109
Break and Enter Commercial,2017,7,25,10,34,2XX ALEXANDER ST,Strathcona,492881.3645,5459044.2897
Break and Enter Commercial,2017,11,1,12,0,2XX ALVIN NAROD MEWS,Central Business District,491275.0832,5457982.1293
Break and Enter Commercial,2017,5,14,2,30,2XX BURRARD ST,Central Business District,491602.097,5459484.4883
Break and Enter Commercial,2017,9,24,2,29,2XX BURRARD ST,Central Business District,491602.097,5459484.4883
Break and Enter Commercial,2017,2,3,1,0,2XX CARRALL ST,Central Business District,492414.965,5458951.089
Break and Enter Commercial,2017,6,12,4,33,2XX CARRALL ST,Central Business District,492424.3304,5458958.3519
Break and Enter Commercial,2017,7,21,4,21,2XX CARRALL ST,Central Business District,492424.3304,5458958.3519
Break and Enter Commercial,2017,11,9,5,35,2XX CARRALL ST,Central Business District,492424.3304,5458958.3519
Break and Enter Commercial,2017,11,20,1,0,2XX CARRALL ST,Central Business District,492424.3304,5458958.3519
Break and Enter Commercial,2017,6,7,4,13,2XX COLUMBIA ST,Central Business District,492563.5622,5458937.2278
Break and Enter Commercial,2017,10,15,19,0,2XX DUNLEVY AVE,Strathcona,493061.6671,5458907.6233
Break and Enter Commercial,2017,2,4,17,0,2XX E 10TH AVE,Mount Pleasant,492797.7115,5456588.7122
Break and Enter Commercial,2017,7,11,5,53,2XX E 10TH AVE,Mount Pleasant,492797.7115,5456588.7122
Break and Enter Commercial,2017,1,28,20,52,2XX E 12TH AVE,Mount Pleasant,492719.5122,5456381.6302
Break and Enter Commercial,2017,11,2,10,0,2XX E 14TH AVE,Mount Pleasant,492733.9669,5456179.5692
Break and Enter Commercial,2017,6,30,22,0,2XX E 14TH AVE,Mount Pleasant,492753.6805,5456188.2667
Break and Enter Commercial,2017,4,15,4,14,2XX E 16TH AVE,Riley Park,492674.0958,5455978.6929
Break and Enter Commercial,2017,12,6,17,15,2XX E 1ST AVE,Mount Pleasant,492851.3302,5457345.8
Break and Enter Commercial,2017,7,7,2,30,2XX E 1ST AVE,Strathcona,492865.6515,5457345.381
Break and Enter Commercial,2017,4,8,22,2,2XX E 1ST AVE,Strathcona,492879.6451,5457333.0725
Break and Enter Commercial,2017,3,8,0,0,2XX E 24TH AVE,Riley Park,492657.5048,5455176.62
Break and Enter Commercial,2017,1,18,10,36,2XX E 2ND AVE,Mount Pleasant,492721.2118,5457357.9137
Break and Enter Commercial,2017,11,19,15,39,2XX E 2ND AVE,Mount Pleasant,492721.2118,5457357.9137
Break and Enter Commercial,2017,1,28,4,20,2XX E 36TH AVE,Riley Park,492699.5959,5453927.6625
Break and Enter Commercial,2017,2,25,1,0,2XX E 5TH AVE,Mount Pleasant,492721.9209,5457070.2791
Break and Enter Commercial,2017,4,1,3,30,2XX E 6TH AVE,Mount Pleasant,492788.3544,5456976.8467
Break and Enter Commercial,2017,4,13,3,15,2XX E 6TH AVE,Mount Pleasant,492788.3544,5456976.8467
Break and Enter Commercial,2017,11,2,3,50,2XX E 6TH AVE,Mount Pleasant,492788.3544,5456976.8467
Break and Enter Commercial,2017,5,7,14,0,2XX E 8TH AVE,Mount Pleasant,492792.0205,5456766.8334
Break and Enter Commercial,2017,12,10,16,0,2XX E BROADWAY AVE,Mount Pleasant,492712.8472,5456689.8556
Break and Enter Commercial,2017,4,22,1,29,2XX E CORDOVA ST,Strathcona,492815.7599,5458835.6975
Break and Enter Commercial,2017,6,24,23,25,2XX E GEORGIA ST,Strathcona,492821.8402,5458431.3309
Break and Enter Commercial,2017,10,25,4,22,2XX E GEORGIA ST,Strathcona,492821.8402,5458431.3309
Break and Enter Commercial,2017,11,12,21,13,2XX E GEORGIA ST,Strathcona,492916.3825,5458420.0583
Break and Enter Commercial,2017,12,5,18,0,2XX E HASTINGS ST,Strathcona,492835.139,5458739.8189
Break and Enter Commercial,2017,1,31,4,0,2XX E HASTINGS ST,Strathcona,492892.638,5458729.2316
Break and Enter Commercial,2017,5,17,5,35,2XX E HASTINGS ST,Strathcona,492892.638,5458729.2316
Break and Enter Commercial,2017,5,31,3,26,2XX E HASTINGS ST,Strathcona,492892.638,5458729.2316
Break and Enter Commercial,2017,6,14,6,3,2XX E HASTINGS ST,Strathcona,492892.638,5458729.2316
Break and Enter Commercial,2017,8,4,7,2,2XX E HASTINGS ST,Strathcona,492892.638,5458729.2316
Break and Enter Commercial,2017,8,27,11,19,2XX E HASTINGS ST,Strathcona,492892.638,5458729.2316
Break and Enter Commercial,2017,9,13,4,57,2XX E HASTINGS ST,Strathcona,492892.638,5458729.2316
Break and Enter Commercial,2017,3,2,10,37,2XX E PENDER ST,Strathcona,492805.5996,5458632.8315
Break and Enter Commercial,2017,3,10,11,2,2XX GRANVILLE ST,Central Business District,491834.3586,5459287.6725
Break and Enter Commercial,2017,12,15,17,0,2XX GRANVILLE ST,Central Business District,491834.3586,5459287.6725
Break and Enter Commercial,2017,9,12,16,0,2XX KEEFER ST,Strathcona,492758.71,5458525.1129
Break and Enter Commercial,2017,12,27,21,30,2XX KEEFER ST,Strathcona,492762.4837,5458525.0018
Break and Enter Commercial,2017,8,18,9,5,2XX KEEFER ST,Strathcona,492873.6423,5458521.7303
Break and Enter Commercial,2017,11,3,21,13,2XX KINGSWAY AVE,Mount Pleasant,492859.3607,5456533.1184
Break and Enter Commercial,2017,8,20,0,0,2XX MAIN ST,Central Business District,492752.8235,5458906.9479
Break and Enter Commercial,2017,8,11,17,30,2XX MAIN ST,Central Business District,492753.3685,5458917.3993
Break and Enter Commercial,2017,6,4,12,20,2XX MAIN ST,Central Business District,492754.2344,5458933.9983
Break and Enter Commercial,2017,3,29,19,50,2XX MAIN ST,Strathcona,492762.558,5458918.0293
Break and Enter Commercial,2017,5,25,5,45,2XX N GARDEN DR,Grandview-Woodland,495806.9046,5459345.5925
Break and Enter Commercial,2017,1,29,4,55,2XX ROBSON ST,Central Business District,491585.2634,5458435.5331
Break and Enter Commercial,2017,12,16,5,8,2XX ROBSON ST,Central Business District,491595.1747,5458438.6344
Break and Enter Commercial,2017,5,30,21,47,2XX ROBSON ST,Central Business District,491615.426,5458418.8535
Break and Enter Commercial,2017,4,22,8,8,2XX ROBSON ST,Central Business District,491617.2456,5458417.0763
Break and Enter Commercial,2017,4,24,1,30,2XX SE MARINE DR,Sunset,492565.7836,5450934.7222
Break and Enter Commercial,2017,4,20,8,1,2XX SW MARINE DR,Marpole,491867.7507,5450984.8111
Break and Enter Commercial,2017,7,8,20,0,2XX THURLOW ST,Central Business District,491347.1835,5459535.6494
Break and Enter Commercial,2017,2,11,2,0,2XX W 1ST AVE,Mount Pleasant,491871.3304,5457419.8614
Break and Enter Commercial,2017,2,26,4,0,2XX W 1ST AVE,Mount Pleasant,491871.3304,5457419.8614
Break and Enter Commercial,2017,5,16,2,0,2XX W 3RD AVE,Mount Pleasant,491954.3596,5457296.3341
Break and Enter Commercial,2017,10,24,18,0,2XX W 6TH AVE,Mount Pleasant,492027.5671,5456988.4991
Break and Enter Commercial,2017,3,9,21,30,2XX W 7TH AVE,Mount Pleasant,492011.2875,5456898.9836
Break and Enter Commercial,2017,2,7,4,45,2XX W BROADWAY AVE,Mount Pleasant,491975.6524,5456709.1068
Break and Enter Commercial,2017,4,12,5,31,2XX W BROADWAY AVE,Mount Pleasant,491975.9111,5456718.2472
Break and Enter Commercial,2017,5,12,1,9,2XX W BROADWAY AVE,Mount Pleasant,491986.1575,5456717.9571
Break and Enter Commercial,2017,3,27,6,40,2XX W BROADWAY AVE,Mount Pleasant,491992.0466,5456708.6427
Break and Enter Commercial,2017,4,4,2,37,2XX W BROADWAY AVE,Mount Pleasant,491992.0466,5456708.6427
Break and Enter Commercial,2017,6,8,0,0,2XX W BROADWAY AVE,Mount Pleasant,491992.0466,5456708.6427
Break and Enter Commercial,2017,1,31,4,0,2XX W BROADWAY AVE,Mount Pleasant,492002.293,5456708.3527
Break and Enter Commercial,2017,8,21,17,30,2XX W BROADWAY AVE,Mount Pleasant,492008.6996,5456717.319
Break and Enter Commercial,2017,8,22,13,29,2XX W BROADWAY AVE,Mount Pleasant,492008.6996,5456717.319
Break and Enter Commercial,2017,12,13,18,15,2XX W GEORGIA ST,Central Business District,491748.9114,5458518.8698
Break and Enter Commercial,2017,2,17,9,22,2XX W PENDER ST,Central Business District,491958.8633,5458790.5566
Break and Enter Commercial,2017,8,29,9,19,2XX W PENDER ST,Central Business District,491958.8633,5458790.5566
Break and Enter Commercial,2017,3,14,0,0,30XX E 54TH AVE,Killarney,496969.2944,5451927.1114
Break and Enter Commercial,2017,12,19,3,47,30XX E 54TH AVE,Killarney,496981.6645,5451926.8355
Break and Enter Commercial,2017,3,5,5,10,30XX E KENT AVE S,Killarney,496807.491,5450410.8579
Break and Enter Commercial,2017,3,11,2,10,30XX E KENT AVE S,Killarney,496807.491,5450410.8579
Break and Enter Commercial,2017,4,13,7,7,30XX GRANDVIEW HWY,Renfrew-Collingwood,497076.9857,5456156.873
Break and Enter Commercial,2017,4,19,18,30,30XX GRANDVIEW HWY,Renfrew-Collingwood,497076.9857,5456156.873
Break and Enter Commercial,2017,10,29,22,15,30XX GRANDVIEW HWY,Renfrew-Collingwood,497076.9857,5456156.873
Break and Enter Commercial,2017,2,15,23,0,30XX GRANDVIEW HWY,Renfrew-Collingwood,497123.2859,5456155.8697
Break and Enter Commercial,2017,2,4,21,0,30XX KINGSWAY AVE,Renfrew-Collingwood,496923.2553,5453689.3071
Break and Enter Commercial,2017,6,29,4,34,30XX KINGSWAY AVE,Renfrew-Collingwood,496923.2553,5453689.3071
Break and Enter Commercial,2017,8,2,22,0,30XX LAUREL ST,Fairview,490955.5716,5456128.8345
Break and Enter Commercial,2017,10,3,3,20,30XX MAIN ST,Mount Pleasant,492641.6292,5456101.0489
Break and Enter Commercial,2017,10,4,20,0,30XX MAIN ST,Mount Pleasant,492641.6292,5456101.0489
Break and Enter Commercial,2017,10,11,19,30,30XX MAIN ST,Mount Pleasant,492641.6292,5456101.0489
Break and Enter Commercial,2017,10,3,3,10,30XX MAIN ST,Mount Pleasant,492641.995,5456108.3168
Break and Enter Commercial,2017,11,23,12,0,30XX OAK ST,Fairview,490757.4449,5456137.1427
Break and Enter Commercial,2017,6,29,18,55,30XX OAK ST,Fairview,490780.0243,5456190.4598
Break and Enter Commercial,2017,4,13,6,22,30XX VANNESS AVE,Renfrew-Collingwood,496870.1748,5454446.9095
Break and Enter Commercial,2017,10,3,22,56,30XX W BROADWAY AVE,Kitsilano,487389.4368,5456832.0373
Break and Enter Commercial,2017,10,28,15,0,31XX E 21ST AVE,Renfrew-Collingwood,497184.5498,5455418.5867
Break and Enter Commercial,2017,11,19,6,10,31XX GRANDVIEW HWY,Renfrew-Collingwood,497308.7697,5456155.9233
Break and Enter Commercial,2017,7,5,18,0,31XX GRANVILLE ST,Fairview,489896.3153,5456048.6007
Break and Enter Commercial,2017,1,21,18,0,31XX GRANVILLE ST,Fairview,489898.598,5456109.4014
Break and Enter Commercial,2017,8,19,19,30,31XX LAUREL ST,Fairview,490954.3072,5456066.4735
Break and Enter Commercial,2017,5,19,4,33,31XX MILLER DR,Hastings-Sunrise,497139.1882,5459126.7286
Break and Enter Commercial,2017,2,27,10,5,31XX RIVERWALK AVE,Killarney,496993.2078,5450354.4351
Break and Enter Commercial,2017,4,24,11,0,31XX RIVERWALK AVE,Killarney,496993.2078,5450354.4351
Break and Enter Commercial,2017,12,22,16,30,31XX RIVERWALK AVE,Killarney,497006.8528,5450360.5614
Break and Enter Commercial,2017,12,29,0,0,31XX RIVERWALK AVE,Killarney,497006.8528,5450360.5614
Break and Enter Commercial,2017,11,13,14,0,31XX SE MARINE DR,Killarney,496944.0059,5450581.9393
Break and Enter Commercial,2017,12,28,0,5,31XX SONGBIRD MEWS,Killarney,496927.9486,5450484.4734
Break and Enter Commercial,2017,2,3,10,6,31XX ST GEORGE ST,Mount Pleasant,493171.0221,5455982.0961
Break and Enter Commercial,2017,3,29,0,0,31XX W 4TH AVE,Kitsilano,487283.3555,5457309.5684
Break and Enter Commercial,2017,9,18,17,18,32XX CAMBIE ST,Riley Park,491628.6195,5455920.9888
Break and Enter Commercial,2017,3,20,8,36,32XX CAMBIE ST,Riley Park,491630.0317,5455956.6139
Break and Enter Commercial,2017,3,21,9,39,32XX CAMBIE ST,Riley Park,491630.0317,5455956.6139
Break and Enter Commercial,2017,5,23,9,3,32XX CYPRESS ST,Shaughnessy,489205.8227,5455965.0242
Break and Enter Commercial,2017,1,1,18,0,32XX E 22ND AVE,Renfrew-Collingwood,497506.8988,5455311.2209
Break and Enter Commercial,2017,10,26,11,59,32XX E 22ND AVE,Renfrew-Collingwood,497506.8988,5455311.2209
Break and Enter Commercial,2017,12,19,19,0,32XX E 46TH AVE,Killarney,497336.626,5452845.9447
Break and Enter Commercial,2017,8,25,16,30,32XX E 58TH AVE,Killarney,497337.1809,5451603.6001
Break and Enter Commercial,2017,7,15,7,55,32XX MAIN ST,Riley Park,492626.8757,5455904.1914
Break and Enter Commercial,2017,2,13,4,13,32XX MAIN ST,Riley Park,492628.5278,5455975.4207
Break and Enter Commercial,2017,11,11,6,39,32XX ONTARIO ST,Riley Park,492367.3823,5455970.7526
Break and Enter Commercial,2017,10,26,19,30,32XX TUPPER ST,South Cambie,491563.3064,5455993.2157
Break and Enter Commercial,2017,3,20,19,0,32XX W 4TH AVE,Kitsilano,487088.2007,5457314.7036
Break and Enter Commercial,2017,3,22,21,30,32XX W 4TH AVE,Kitsilano,487088.2007,5457314.7036
Break and Enter Commercial,2017,3,11,4,45,32XX W BROADWAY AVE,Kitsilano,487177.164,5456846.9121
Break and Enter Commercial,2017,5,16,10,55,32XX W BROADWAY AVE,Kitsilano,487192.8027,5456837.3289
Break and Enter Commercial,2017,8,13,4,0,33XX ANZIO DR,Renfrew-Collingwood,497715.1747,5455501.0112
Break and Enter Commercial,2017,1,7,2,45,33XX CAMBIE ST,South Cambie,491615.6759,5455808.705
Break and Enter Commercial,2017,4,22,9,24,33XX COMMERCIAL DR,Kensington-Cedar Cottage,494988.2423,5455791.3025
Break and Enter Commercial,2017,6,18,8,3,33XX KINGSWAY AVE,Renfrew-Collingwood,497431.5176,5453455.8209
Break and Enter Commercial,2017,11,20,0,55,33XX KINGSWAY AVE,Renfrew-Collingwood,497501.7846,5453399.6585
Break and Enter Commercial,2017,4,18,10,0,33XX MAIN ST,Riley Park,492626.6892,5455879.2213
Break and Enter Commercial,2017,4,16,23,0,33XX MAIN ST,Riley Park,492628.2308,5455849.8574
Break and Enter Commercial,2017,3,13,3,9,33XX W BROADWAY AVE,Kitsilano,487021.1981,5456842.1179
Break and Enter Commercial,2017,4,10,5,30,34XX ADANAC ST,Hastings-Sunrise,497812.554,5458293.1661
Break and Enter Commercial,2017,11,20,16,20,34XX ASCOT PL,Renfrew-Collingwood,497630.8353,5454010.4465
Break and Enter Commercial,2017,10,19,19,0,34XX CAMBIE ST,Riley Park,491624.1001,5455788.1702
Break and Enter Commercial,2017,6,2,3,45,34XX COLUMBIA ST,Riley Park,492004.8538,5455749.5598
Break and Enter Commercial,2017,11,8,0,36,34XX COLUMBIA ST,Riley Park,492004.8538,5455749.5598
Break and Enter Commercial,2017,4,24,13,34,34XX DUNBAR ST,Dunbar-Southlands,486523.9218,5455930.9234
Break and Enter Commercial,2017,12,10,21,0,34XX E HASTINGS ST,Hastings-Sunrise,497775.6526,5458710.0006
Break and Enter Commercial,2017,12,7,13,3,34XX E HASTINGS ST,Hastings-Sunrise,497822.3343,5458705.2338
Break and Enter Commercial,2017,10,19,18,0,34XX KASLO ST,Renfrew-Collingwood,496571.5736,5455644.2467
Break and Enter Commercial,2017,2,5,4,0,34XX KINGSWAY AVE,Killarney,497806.4794,5453242.0511
Break and Enter Commercial,2017,5,25,5,0,34XX LOUGHEED HWY,Renfrew-Collingwood,497816.4163,5456630.6358
Break and Enter Commercial,2017,4,25,10,18,34XX PORTER ST,Kensington-Cedar Cottage,495134.6012,5455647.8263
Break and Enter Commercial,2017,4,8,3,40,34XX PORTER ST,Kensington-Cedar Cottage,495151.4966,5455685.6527
Break and Enter Commercial,2017,9,11,5,45,34XX PORTER ST,Kensington-Cedar Cottage,495159.0966,5455725.0886
Break and Enter Commercial,2017,4,22,8,0,34XX PORTER ST,Kensington-Cedar Cottage,495162.0735,5455731.7535
Break and Enter Commercial,2017,3,13,0,31,34XX YARDLEY AVE,Renfrew-Collingwood,497714.4387,5454130.2101
Break and Enter Commercial,2017,4,30,10,58,35XX CORNETT RD,Renfrew-Collingwood,497955.5285,5456497.6639
Break and Enter Commercial,2017,9,2,19,40,35XX CORNETT RD,Renfrew-Collingwood,497955.5285,5456497.6639
Break and Enter Commercial,2017,6,13,5,0,35XX E 43RD AVE,Killarney,497963.1112,5453118.9042
Break and Enter Commercial,2017,3,17,8,0,35XX E HASTINGS ST,Hastings-Sunrise,497998.9859,5458704.5562
Break and Enter Commercial,2017,6,12,22,0,35XX EUCLID AVE,Renfrew-Collingwood,497926.3873,5453558.2331
Break and Enter Commercial,2017,1,31,3,4,35XX FRASER ST,Kensington-Cedar Cottage,493455.7618,5455565.3045
Break and Enter Commercial,2017,4,1,2,30,35XX GRAVELEY ST,Hastings-Sunrise,498083.0,5457507.0
Break and Enter Commercial,2017,10,21,22,30,35XX KINGSWAY AVE,Killarney,497943.086,5453252.7194
Break and Enter Commercial,2017,8,25,18,0,35XX LOUGHEED HWY,Hastings-Sunrise,497983.2127,5456806.0955
Break and Enter Commercial,2017,8,18,16,0,35XX MAIN ST,Riley Park,492650.3766,5455564.3268
Break and Enter Commercial,2017,12,30,21,0,35XX MAIN ST,Riley Park,492650.3766,5455564.3268
Break and Enter Commercial,2017,9,25,15,57,35XX MAIN ST,Riley Park,492650.7887,5455577.0706
Break and Enter Commercial,2017,12,20,16,0,35XX SLOCAN ST,Renfrew-Collingwood,496394.8728,5455522.999
Break and Enter Commercial,2017,1,10,4,11,35XX W 41ST AVE,Dunbar-Southlands,486525.0864,5453566.3022
Break and Enter Commercial,2017,10,11,3,14,35XX W 41ST AVE,Dunbar-Southlands,486525.0864,5453566.3022
Break and Enter Commercial,2017,4,7,23,52,35XX W 41ST AVE,Dunbar-Southlands,486696.8166,5453565.495
Break and Enter Commercial,2017,12,12,21,30,35XX W 4TH AVE,Kitsilano,486647.5283,5457325.3378
Break and Enter Commercial,2017,11,2,5,15,35XX W 4TH AVE,Kitsilano,486682.0789,5457333.7497
Break and Enter Commercial,2017,9,4,22,0,35XX W 50TH AVE,Kerrisdale,486636.6405,5452645.2774
Break and Enter Commercial,2017,9,12,14,0,35XX W 50TH AVE,Kerrisdale,486636.6405,5452645.2774
Break and Enter Commercial,2017,9,20,3,56,36XX E HASTINGS ST,Hastings-Sunrise,498192.8067,5458704.8464
Break and Enter Commercial,2017,12,20,6,36,36XX E HASTINGS ST,Hastings-Sunrise,498242.5005,5458714.1299
Break and Enter Commercial,2017,5,23,9,46,36XX ETON ST,Hastings-Sunrise,498208.8352,5459445.0177
Break and Enter Commercial,2017,10,6,17,0,36XX GRANDVIEW HWY,Renfrew-Collingwood,498166.9126,5456162.7677
Break and Enter Commercial,2017,10,18,2,42,36XX KINGSWAY AVE,Killarney,498081.5624,5453261.1107
Break and Enter Commercial,2017,7,16,12,58,36XX KNIGHT ST,Kensington-Cedar Cottage,494464.8438,5455518.2607
Break and Enter Commercial,2017,1,29,6,30,36XX MAIN ST,Riley Park,492659.1797,5455551.5467
Break and Enter Commercial,2017,11,21,19,30,36XX RAE AVE,Renfrew-Collingwood,498185.5545,5453770.0451
Break and Enter Commercial,2017,11,30,9,44,36XX VANNESS AVE,Renfrew-Collingwood,498093.6298,5453646.4124
Break and Enter Commercial,2017,1,6,3,0,36XX W 10TH AVE,Kitsilano,486549.2785,5456765.7692
Break and Enter Commercial,2017,10,15,1,17,36XX W BROADWAY AVE,Kitsilano,486559.7357,5456864.1474
Break and Enter Commercial,2017,5,23,1,30,36XX W BROADWAY AVE,Kitsilano,486568.8149,5456863.9004
Break and Enter Commercial,2017,11,30,5,0,36XX W BROADWAY AVE,Kitsilano,486615.5782,5456862.6291
Break and Enter Commercial,2017,4,21,0,0,37XX COMMERCIAL ST,Kensington-Cedar Cottage,495040.9217,5455427.2141
Break and Enter Commercial,2017,6,12,13,8,37XX FRASER ST,Riley Park,493440.6087,5455400.835
Break and Enter Commercial,2017,10,31,19,0,37XX MAIN ST,Riley Park,492646.6663,5455363.6014
Break and Enter Commercial,2017,12,25,2,56,37XX MAIN ST,Riley Park,492646.6663,5455363.6014
Break and Enter Commercial,2017,10,23,11,0,37XX MAIN ST,Riley Park,492659.1184,5455474.8918
Break and Enter Commercial,2017,4,12,1,0,37XX W 7TH AVE,West Point Grey,486468.4682,5457055.3486
Break and Enter Commercial,2017,8,9,3,45,37XX W 7TH AVE,West Point Grey,486468.4682,5457055.3486
Break and Enter Commercial,2017,5,26,0,0,37XX W 8TH AVE,West Point Grey,486388.4088,5456956.171
Break and Enter Commercial,2017,2,2,20,23,38XX CAMBIE ST,South Cambie,491602.1453,5455361.8478
Break and Enter Commercial,2017,11,10,21,0,38XX CAMBIE ST,Riley Park,491611.1563,5455355.7415
Break and Enter Commercial,2017,1,12,4,59,38XX MAIN ST,Riley Park,492644.4506,5455289.1692
Break and Enter Commercial,2017,2,1,21,30,38XX MAIN ST,Riley Park,492645.3512,5455319.6009
Break and Enter Commercial,2017,11,16,3,46,38XX MAIN ST,Riley Park,492645.7115,5455331.7735
Break and Enter Commercial,2017,3,8,5,30,38XX POINT GREY RD,West Point Grey,486252.4818,5457691.0472
Break and Enter Commercial,2017,2,27,23,0,38XX RUPERT ST,Renfrew-Collingwood,497530.3736,5455229.6593
Break and Enter Commercial,2017,2,27,4,34,38XX RUPERT ST,Renfrew-Collingwood,497530.4673,5455290.4037
Break and Enter Commercial,2017,1,26,22,0,38XX W 4TH AVE,West Point Grey,486191.7861,5457351.97
Break and Enter Commercial,2017,7,12,16,45,39XX DUMFRIES ST,Kensington-Cedar Cottage,494658.1464,5455191.4072
Break and Enter Commercial,2017,12,1,0,0,39XX DUMFRIES ST,Kensington-Cedar Cottage,494666.6355,5455156.2329
Break and Enter Commercial,2017,7,26,0,44,39XX MAIN ST,Riley Park,492643.2604,5455246.6826
Break and Enter Commercial,2017,5,6,0,0,39XX SPRINGTREE DR,Arbutus Ridge,488803.0029,5455368.3427
Break and Enter Commercial,2017,9,25,0,0,39XX W 51ST AVE,Musqueam,485986.3056,5452553.5634
Break and Enter Commercial,2017,10,27,3,0,3X BLOOD ALLEY SQ,Central Business District,492360.5459,5458913.3028
Break and Enter Commercial,2017,11,13,8,0,3X E 16TH AVE,Mount Pleasant,492408.4414,5455994.0137
Break and Enter Commercial,2017,8,7,13,0,3X E 3RD AVE,Mount Pleasant,492435.3586,5457289.6016
Break and Enter Commercial,2017,3,17,4,0,3X E 5TH AVE,Mount Pleasant,492434.2976,5457080.8256
Break and Enter Commercial,2017,6,14,4,0,3X E 5TH AVE,Mount Pleasant,492434.2976,5457080.8256
Break and Enter Commercial,2017,9,18,11,59,3X E 6TH AVE,Mount Pleasant,492426.1616,5456977.3518
Break and Enter Commercial,2017,8,25,17,30,3X W 2ND AVE,Mount Pleasant,492334.6368,5457398.3833
Break and Enter Commercial,2017,10,11,21,0,3X W 3RD AVE,Mount Pleasant,492338.7034,5457293.7318
Break and Enter Commercial,2017,5,12,15,0,3X W 7TH AVE,Mount Pleasant,492322.8303,5456880.9041
Break and Enter Commercial,2017,8,16,8,30,3X W BROADWAY AVE,Mount Pleasant,492318.572,5456705.834
Break and Enter Commercial,2017,4,10,5,22,3X W BROADWAY AVE,Mount Pleasant,492321.2878,5456705.7573
Break and Enter Commercial,2017,5,19,18,56,3X W CORDOVA ST,Central Business District,492354.9972,5458881.6545
Break and Enter Commercial,2017,11,22,0,0,3X W CORDOVA ST,Central Business District,492354.9972,5458881.6545
Break and Enter Commercial,2017,8,5,18,0,3XX CAMBIE ST,Central Business District,492050.7501,5458961.6874
Break and Enter Commercial,2017,1,31,7,4,3XX CARRALL ST,Central Business District,492410.8037,5458823.75
Break and Enter Commercial,2017,1,3,17,30,3XX COLUMBIA ST,Central Business District,492558.7645,5458776.0088
Break and Enter Commercial,2017,1,4,1,10,3XX COLUMBIA ST,Central Business District,492558.8184,5458777.9377
Break and Enter Commercial,2017,1,8,20,7,3XX DAVIE ST,Central Business District,491094.9017,5457995.8742
Break and Enter Commercial,2017,3,11,11,0,3XX E 14TH AVE,Mount Pleasant,492862.1206,5456176.6347
Break and Enter Commercial,2017,4,16,5,48,3XX E 1ST AVE,Mount Pleasant,492962.4161,5457249.1975
Break and Enter Commercial,2017,9,2,21,30,3XX E 37TH AVE,Riley Park,492903.419,5453832.3656
Break and Enter Commercial,2017,9,24,21,0,3XX E 40TH AVE,Riley Park,492866.205,5453529.5985
Break and Enter Commercial,2017,5,20,7,0,3XX E 6TH AVE,Mount Pleasant,492915.1408,5456973.3067
Break and Enter Commercial,2017,3,13,16,28,3XX E 8TH AVE,Mount Pleasant,492880.8765,5456773.4009
Break and Enter Commercial,2017,3,15,4,55,3XX E 8TH AVE,Mount Pleasant,492953.0275,5456762.1517
Break and Enter Commercial,2017,3,18,6,17,3XX E 8TH AVE,Mount Pleasant,492953.0275,5456762.1517
Break and Enter Commercial,2017,12,14,5,40,3XX E 8TH AVE,Mount Pleasant,492953.0275,5456762.1517
Break and Enter Commercial,2017,1,15,8,10,3XX E BROADWAY AVE,Mount Pleasant,492915.9916,5456679.507
Break and Enter Commercial,2017,2,19,23,2,3XX E BROADWAY AVE,Mount Pleasant,492915.9916,5456679.507
Break and Enter Commercial,2017,2,10,15,0,3XX E BROADWAY AVE,Mount Pleasant,492987.9785,5456670.0969
Break and Enter Commercial,2017,6,21,0,43,3XX E CORDOVA ST,Strathcona,492916.2993,5458832.732
Break and Enter Commercial,2017,7,10,4,0,3XX E CORDOVA ST,Strathcona,492916.2993,5458832.732
Break and Enter Commercial,2017,10,4,3,30,3XX E HASTINGS ST,Strathcona,492944.4406,5458727.7819
Break and Enter Commercial,2017,11,14,0,16,3XX E HASTINGS ST,Strathcona,492944.4406,5458727.7819
Break and Enter Commercial,2017,7,30,11,43,3XX E HASTINGS ST,Strathcona,492973.4393,5458736.0707
Break and Enter Commercial,2017,2,16,18,30,3XX E HASTINGS ST,Strathcona,493042.1154,5458724.8877
Break and Enter Commercial,2017,9,17,19,0,3XX E KENT AVE S,Sunset,492749.6456,5450491.7437
Break and Enter Commercial,2017,8,3,16,0,3XX E PENDER ST,Strathcona,492944.5416,5458628.5793
Break and Enter Commercial,2017,9,7,20,20,3XX GRANVILLE ST,Central Business District,491779.1428,5459232.0296
Break and Enter Commercial,2017,3,27,0,0,3XX JACKSON AVE,Strathcona,493210.5691,5458754.6439
Break and Enter Commercial,2017,9,17,5,30,3XX JACKSON AVE,Strathcona,493210.5691,5458754.6439
Break and Enter Commercial,2017,12,14,5,30,3XX JACKSON AVE,Strathcona,493210.5691,5458754.6439
Break and Enter Commercial,2017,2,3,23,0,3XX JACKSON AVE,Strathcona,493210.8814,5458764.8008
Break and Enter Commercial,2017,1,18,2,39,3XX JERVIS ST,Central Business District,490982.3336,5459710.0738
Break and Enter Commercial,2017,12,1,19,0,3XX KOOTENAY ST,Hastings-Sunrise,498134.3191,5458718.1471
Break and Enter Commercial,2017,2,8,13,26,3XX MAIN ST,Central Business District,492748.1506,5458810.0906
Break and Enter Commercial,2017,11,7,0,20,3XX MAIN ST,Strathcona,492755.2693,5458759.7351
Break and Enter Commercial,2017,12,8,10,43,3XX N GARDEN DR,Grandview-Woodland,495805.6859,5459496.1967
Break and Enter Commercial,2017,2,27,4,20,3XX POWELL ST,Strathcona,492922.1613,5458942.073
Break and Enter Commercial,2017,2,13,7,41,3XX POWELL ST,Strathcona,492978.5009,5458931.1872
Break and Enter Commercial,2017,2,2,8,17,3XX RAILWAY ST,Strathcona,492955.7432,5459095.7509
Break and Enter Commercial,2017,3,20,8,47,3XX RAILWAY ST,Strathcona,492955.7432,5459095.7509
Break and Enter Commercial,2017,7,1,5,23,3XX RAILWAY ST,Strathcona,493054.9814,5459128.0922
Break and Enter Commercial,2017,1,28,3,11,3XX SKEENA ST,Hastings-Sunrise,497944.1656,5458720.7846
Break and Enter Commercial,2017,3,13,4,30,3XX SW MARINE DR,Marpole,491655.1559,5450916.4155
Break and Enter Commercial,2017,9,20,5,47,3XX TERMINAL AVE,Strathcona,492886.3906,5457734.6287
Break and Enter Commercial,2017,8,26,6,2,3XX W 19TH AVE,Riley Park,491904.7275,5455680.3479
Break and Enter Commercial,2017,3,10,5,36,3XX W 4TH AVE,Mount Pleasant,491924.4952,5457191.8066
Break and Enter Commercial,2017,10,14,5,31,3XX W 4TH AVE,Mount Pleasant,491924.4952,5457191.8066
Break and Enter Commercial,2017,10,15,5,19,3XX W 4TH AVE,Mount Pleasant,491924.4952,5457191.8066
Break and Enter Commercial,2017,5,13,7,48,3XX W 59TH AVE,Marpole,491864.6995,5451576.3989
Break and Enter Commercial,2017,2,22,3,41,3XX W 5TH AVE,Mount Pleasant,491826.0398,5457097.7138
Break and Enter Commercial,2017,2,25,2,0,3XX W 5TH AVE,Mount Pleasant,491826.0398,5457097.7138
Break and Enter Commercial,2017,3,7,3,29,3XX W 5TH AVE,Mount Pleasant,491826.0398,5457097.7138
Break and Enter Commercial,2017,5,2,3,44,3XX W 5TH AVE,Mount Pleasant,491826.0398,5457097.7138
Break and Enter Commercial,2017,10,13,2,49,3XX W 5TH AVE,Mount Pleasant,491834.3987,5457106.626
Break and Enter Commercial,2017,4,15,21,50,3XX W 5TH AVE,Mount Pleasant,491897.6302,5457095.6969
Break and Enter Commercial,2017,7,17,4,30,3XX W 62ND AVE,Marpole,491744.2147,5451255.0917
Break and Enter Commercial,2017,3,16,18,0,3XX W CORDOVA ST,Central Business District,492028.8928,5459008.6163
Break and Enter Commercial,2017,8,1,18,30,3XX W CORDOVA ST,Central Business District,492048.916,5458988.2992
Break and Enter Commercial,2017,3,15,5,36,3XX W CORDOVA ST,Central Business District,492051.1408,5458986.0417
Break and Enter Commercial,2017,10,21,17,0,3XX W GEORGIA ST,Central Business District,491683.2329,5458582.4937
Break and Enter Commercial,2017,12,29,17,0,3XX W HASTINGS ST,Central Business District,491982.4904,5458910.7768
Break and Enter Commercial,2017,6,19,12,14,3XX W HASTINGS ST,Central Business District,491990.797,5458915.393
Break and Enter Commercial,2017,5,11,5,51,3XX W HASTINGS ST,Central Business District,491999.8618,5458906.283
Break and Enter Commercial,2017,4,23,1,0,3XX W HASTINGS ST,Central Business District,492002.5267,5458903.6052
Break and Enter Commercial,2017,3,16,13,47,3XX W PENDER ST,Central Business District,491907.2445,5458854.4873
Break and Enter Commercial,2017,8,2,7,56,3XX W PENDER ST,Central Business District,491907.2445,5458854.4873
Break and Enter Commercial,2017,2,7,18,15,3XX WATER ST,Central Business District,492032.1494,5459078.6253
Break and Enter Commercial,2017,6,18,19,50,3XX WATER ST,Central Business District,492033.2067,5459078.3175
Break and Enter Commercial,2017,11,14,1,18,3XX WATER ST,Central Business District,492033.2067,5459078.3175
Break and Enter Commercial,2017,1,11,2,20,3XX WATER ST,Central Business District,492039.0524,5459076.6136
Break and Enter Commercial,2017,9,6,3,0,3XX WATER ST,Central Business District,492051.499,5459082.5096
Break and Enter Commercial,2017,3,13,4,15,3XX WATER ST,Central Business District,492064.9939,5459078.5764
Break and Enter Commercial,2017,7,30,6,17,3XX WATER ST,Central Business District,492065.7308,5459068.8366
Break and Enter Commercial,2017,12,7,1,37,3XX WATER ST,Central Business District,492067.9168,5459077.7244
Break and Enter Commercial,2017,1,7,18,0,40XX KNIGHT ST,Kensington-Cedar Cottage,494475.9578,5455120.9598
Break and Enter Commercial,2017,3,1,10,9,40XX KNIGHT ST,Kensington-Cedar Cottage,494475.9578,5455120.9598
Break and Enter Commercial,2017,3,5,0,0,40XX KNIGHT ST,Kensington-Cedar Cottage,494475.9578,5455120.9598
Break and Enter Commercial,2017,10,15,5,43,40XX MAIN ST,Riley Park,492640.1559,5455133.1516
Break and Enter Commercial,2017,12,29,4,42,40XX YUKON ST,Riley Park,491792.1869,5455165.6685
Break and Enter Commercial,2017,1,3,1,19,40XX YUKON ST,Riley Park,491793.3526,5455200.1897
Break and Enter Commercial,2017,1,17,0,10,40XX YUKON ST,Riley Park,491793.3526,5455200.1897
Break and Enter Commercial,2017,8,18,4,45,41XX FRASER ST,Kensington-Cedar Cottage,493442.7467,5455036.5745
Break and Enter Commercial,2017,2,2,3,2,41XX FRASER ST,Kensington-Cedar Cottage,493443.1761,5455090.368
Break and Enter Commercial,2017,5,4,2,47,41XX NANAIMO ST,Renfrew-Collingwood,495881.324,5454963.0925
Break and Enter Commercial,2017,7,4,8,26,41XX NANAIMO ST,Renfrew-Collingwood,495881.324,5454963.0925
Break and Enter Commercial,2017,4,12,5,4,41XX OAK ST,South Cambie,490724.1433,5455143.7601
Break and Enter Commercial,2017,8,2,21,0,41XX RUPERT ST,Renfrew-Collingwood,497547.1913,5455002.5745
Break and Enter Commercial,2017,3,18,3,55,42XX FRASER ST,Riley Park,493431.3454,5454891.7737
Break and Enter Commercial,2017,12,19,13,0,43XX CAMBIE ST,South Cambie,491573.0568,5454864.4541
Break and Enter Commercial,2017,10,9,2,30,43XX COMMERCIAL ST,Kensington-Cedar Cottage,495066.358,5454805.0172
Break and Enter Commercial,2017,2,5,7,43,43XX DUNBAR ST,Dunbar-Southlands,486514.1559,5455034.0975
Break and Enter Commercial,2017,6,30,0,0,43XX FRASER ST,Kensington-Cedar Cottage,493439.433,5454810.0784
Break and Enter Commercial,2017,2,19,10,8,43XX FRASER ST,Riley Park,493430.8081,5454856.0714
Break and Enter Commercial,2017,8,29,3,0,43XX FRASER ST,Riley Park,493430.8081,5454856.0714
Break and Enter Commercial,2017,12,22,0,0,43XX JOHN ST,Riley Park,492909.9561,5454797.5945
Break and Enter Commercial,2017,8,21,15,30,43XX MAIN ST,Riley Park,492626.765,5454811.8717
Break and Enter Commercial,2017,3,11,6,25,43XX MAIN ST,Riley Park,492636.6473,5454825.7481
Break and Enter Commercial,2017,8,14,12,23,43XX W 10TH AVE,West Point Grey,485094.0424,5456794.3865
Break and Enter Commercial,2017,3,29,0,0,43XX W 10TH AVE,West Point Grey,485107.6277,5456803.178
Break and Enter Commercial,2017,1,11,5,30,43XX W 10TH AVE,West Point Grey,485192.8573,5456791.7994
Break and Enter Commercial,2017,6,3,19,0,44XX CAMBIE ST,South Cambie,491571.1231,5454792.6625
Break and Enter Commercial,2017,7,3,21,0,44XX CAMBIE ST,Riley Park,491611.5004,5454803.4915
Break and Enter Commercial,2017,11,22,4,31,44XX MAIN ST,Riley Park,492622.1191,5454652.4183
Break and Enter Commercial,2017,4,23,23,50,44XX MAIN ST,Riley Park,492624.8617,5454755.4471
Break and Enter Commercial,2017,11,26,3,0,44XX MAIN ST,Riley Park,492626.3681,5454803.9877
Break and Enter Commercial,2017,9,5,18,30,44XX W 10TH AVE,West Point Grey,484876.6663,5456809.1356
Break and Enter Commercial,2017,9,7,20,40,44XX W 10TH AVE,West Point Grey,484948.3315,5456798.1617
Break and Enter Commercial,2017,8,30,19,0,45XX HEATHER ST,South Cambie,491226.4844,5454672.565
Break and Enter Commercial,2017,11,10,16,0,45XX OAK ST,South Cambie,490713.8533,5454741.6087
Break and Enter Commercial,2017,3,23,4,20,45XX W 10TH AVE,West Point Grey,484745.0772,5456803.3377
Break and Enter Commercial,2017,2,26,2,47,46XX MAIN ST,Riley Park,492616.6684,5454479.4991
Break and Enter Commercial,2017,10,7,5,30,46XX MAIN ST,Riley Park,492616.6684,5454479.4991
Break and Enter Commercial,2017,5,17,8,1,46XX ONTARIO ST,Riley Park,492333.924,5454500.6743
Break and Enter Commercial,2017,5,20,16,0,46XX ONTARIO ST,Riley Park,492333.924,5454500.6743
Break and Enter Commercial,2017,11,6,1,35,46XX ONTARIO ST,Riley Park,492333.924,5454500.6743
Break and Enter Commercial,2017,5,20,23,55,46XX W 10TH AVE,West Point Grey,484519.1794,5456809.1678
Break and Enter Commercial,2017,7,25,2,30,47XX ARBUTUS ST,Arbutus Ridge,488837.8938,5454530.2614
Break and Enter Commercial,2017,11,18,10,25,47XX NW MARINE DR,West Point Grey,484307.3391,5458179.0801
Break and Enter Commercial,2017,11,5,16,30,47XX OSLER ST,Shaughnessy,490529.4222,5454484.9163
Break and Enter Commercial,2017,4,21,21,17,48XX ELDORADO MEWS,Renfrew-Collingwood,495818.4815,5454304.6113
Break and Enter Commercial,2017,5,19,17,0,48XX FRASER ST,Kensington-Cedar Cottage,493426.1665,5454181.0793
Break and Enter Commercial,2017,11,11,17,31,48XX MAIN ST,Riley Park,492610.8036,5454252.8525
Break and Enter Commercial,2017,11,17,3,0,48XX MAIN ST,Riley Park,492611.3403,5454278.2661
Break and Enter Commercial,2017,2,5,22,15,49XX CAMBIE ST,South Cambie,491390.3312,5454169.5488
Break and Enter Commercial,2017,11,28,15,0,49XX CAMBIE ST,South Cambie,491390.3312,5454169.5488
Break and Enter Commercial,2017,9,21,18,30,49XX CARTIER ST,Shaughnessy,490041.9976,5454339.1188
Break and Enter Commercial,2017,8,15,4,41,49XX DUNBAR ST,Dunbar-Southlands,486520.8694,5454314.066
Break and Enter Commercial,2017,12,16,9,11,49XX FRASER ST,Kensington-Cedar Cottage,493425.6527,5454125.0271
Break and Enter Commercial,2017,11,10,21,0,4X E 13TH AVE,Mount Pleasant,492422.5357,5456288.2366
Break and Enter Commercial,2017,10,15,2,0,4X E BROADWAY AVE,Mount Pleasant,492432.6114,5456701.8971
Break and Enter Commercial,2017,10,16,7,43,4X E HASTINGS ST,Central Business District,492474.1145,5458741.8692
Break and Enter Commercial,2017,11,26,6,5,4X E HASTINGS ST,Central Business District,492474.1145,5458741.8692
Break and Enter Commercial,2017,1,23,22,9,4X E HASTINGS ST,Central Business District,492474.4064,5458751.0085
Break and Enter Commercial,2017,6,29,2,20,4X E HASTINGS ST,Central Business District,492474.4064,5458751.0085
Break and Enter Commercial,2017,8,18,1,29,4X E HASTINGS ST,Central Business District,492474.4064,5458751.0085
Break and Enter Commercial,2017,11,14,6,49,4X E HASTINGS ST,Central Business District,492474.4064,5458751.0085
Break and Enter Commercial,2017,12,6,18,35,4X E HASTINGS ST,Central Business District,492474.4064,5458751.0085
Break and Enter Commercial,2017,10,7,19,0,4X POWELL ST,Central Business District,492488.9691,5458946.0694
Break and Enter Commercial,2017,11,14,22,17,4X W HASTINGS ST,Central Business District,492322.7749,5458782.0539
Break and Enter Commercial,2017,12,11,5,30,4X W HASTINGS ST,Central Business District,492322.7749,5458782.0539
Break and Enter Commercial,2017,6,18,18,30,4X WATER ST,Central Business District,492344.6328,5458993.6403
Break and Enter Commercial,2017,10,24,13,37,4XX ALEXANDER ST,Strathcona,493093.5497,5459037.7766
Break and Enter Commercial,2017,11,26,20,36,4XX BEACH CRES,Central Business District,490684.9253,5457744.6353
Break and Enter Commercial,2017,3,31,3,2,4XX BROUGHTON ST,Central Business District,490777.4326,5459705.0952
Break and Enter Commercial,2017,1,8,1,20,4XX BURRARD ST,Central Business District,491495.7649,5459381.6396
Break and Enter Commercial,2017,2,18,16,38,4XX BURRARD ST,Central Business District,491495.7649,5459381.6396
Break and Enter Commercial,2017,2,20,0,58,4XX BURRARD ST,Central Business District,491495.7649,5459381.6396
Break and Enter Commercial,2017,3,13,1,13,4XX BURRARD ST,Central Business District,491495.7649,5459381.6396
Break and Enter Commercial,2017,10,10,15,30,4XX BURRARD ST,Central Business District,491495.7649,5459381.6396
Break and Enter Commercial,2017,8,1,4,0,4XX CARRALL ST,Central Business District,492406.8345,5458727.4169
Break and Enter Commercial,2017,1,10,23,0,4XX DAVIE ST,Central Business District,490983.058,5458118.5547
Break and Enter Commercial,2017,1,27,23,15,4XX DAVIE ST,Central Business District,491020.5439,5458067.9655
Break and Enter Commercial,2017,1,27,20,30,4XX DAVIE ST,Central Business District,491027.644,5458060.8377
Break and Enter Commercial,2017,6,9,2,49,4XX DRAKE ST,Central Business District,490847.6171,5458008.6533
Break and Enter Commercial,2017,7,23,6,32,4XX DRAKE ST,Central Business District,490851.5007,5458017.6454
Break and Enter Commercial,2017,11,1,4,53,4XX DRAKE ST,Central Business District,490852.1357,5458004.2329
Break and Enter Commercial,2017,11,21,20,0,4XX DUNSMUIR ST,Central Business District,491744.1038,5458790.3068
Break and Enter Commercial,2017,7,15,22,30,4XX E 16TH AVE,Mount Pleasant,493083.0917,5455978.3291
Break and Enter Commercial,2017,7,18,21,0,4XX E 16TH AVE,Mount Pleasant,493086.686,5455978.2319
Break and Enter Commercial,2017,4,16,4,55,4XX E BROADWAY AVE,Mount Pleasant,493024.9039,5456649.146
Break and Enter Commercial,2017,5,1,13,0,4XX E HASTINGS ST,Strathcona,493151.1771,5458730.7799
Break and Enter Commercial,2017,5,14,23,54,4XX GRANVILLE ST,Central Business District,491645.6423,5459110.6221
Break and Enter Commercial,2017,10,29,0,0,4XX GRANVILLE ST,Central Business District,491672.3316,5459124.5032
Break and Enter Commercial,2017,6,12,12,13,4XX GRANVILLE ST,Central Business District,491708.4578,5459173.8217
Break and Enter Commercial,2017,11,18,8,0,4XX GRANVILLE ST,Central Business District,491708.4578,5459173.8217
Break and Enter Commercial,2017,3,15,5,31,4XX GREAT NORTHERN WAY,Strathcona,493046.8736,5457125.9694
Break and Enter Commercial,2017,4,13,2,47,4XX GREAT NORTHERN WAY,Strathcona,493046.8736,5457125.9694
Break and Enter Commercial,2017,4,17,4,45,4XX HOMER ST,Central Business District,491911.4897,5458941.1571
Break and Enter Commercial,2017,7,16,10,9,4XX HOWE ST,Central Business District,491590.2155,5459198.6522
Break and Enter Commercial,2017,6,22,15,34,4XX INDUSTRIAL AVE,Strathcona,493035.3116,5457422.912
Break and Enter Commercial,2017,3,16,6,32,4XX INTERURBAN WAY,Marpole,491496.6343,5450697.1358
Break and Enter Commercial,2017,5,8,7,2,4XX INTERURBAN WAY,Marpole,491496.6343,5450697.1358
Break and Enter Commercial,2017,8,29,12,0,4XX INTERURBAN WAY,Marpole,491510.4969,5450706.2995
Break and Enter Commercial,2017,2,6,3,0,4XX MAIN ST,Central Business District,492744.2732,5458639.3415
Break and Enter Commercial,2017,8,7,21,50,4XX MAIN ST,Central Business District,492744.453,5458657.9721
Break and Enter Commercial,2017,1,17,8,34,4XX PACIFIC ST,Central Business District,490805.6545,5457848.2896
Break and Enter Commercial,2017,4,23,13,17,4XX PACIFIC ST,Central Business District,490805.6545,5457848.2896
Break and Enter Commercial,2017,8,17,3,15,4XX PACIFIC ST,Central Business District,490805.6545,5457848.2896
Break and Enter Commercial,2017,8,20,7,0,4XX PACIFIC ST,Central Business District,490805.6545,5457848.2896
Break and Enter Commercial,2017,10,18,22,33,4XX PACIFIC ST,Central Business District,490812.855,5457845.1648
Break and Enter Commercial,2017,4,13,18,0,4XX RAILWAY ST,Strathcona,493130.5257,5459135.5481
Break and Enter Commercial,2017,6,16,22,17,4XX ROBSON ST,Central Business District,491438.3304,5458597.0052
Break and Enter Commercial,2017,5,10,23,21,4XX ROBSON ST,Central Business District,491439.3401,5458583.1616
Break and Enter Commercial,2017,2,19,16,31,4XX ROBSON ST,Central Business District,491477.4042,5458558.4432
Break and Enter Commercial,2017,11,8,0,26,4XX ROBSON ST,Central Business District,491482.6777,5458553.2387
Break and Enter Commercial,2017,3,21,19,0,4XX SE MARINE DR,Sunset,493057.6188,5450912.6378
Break and Enter Commercial,2017,4,12,22,0,4XX SEYMOUR ST,Central Business District,491747.0232,5459055.0658
Break and Enter Commercial,2017,11,12,0,0,4XX SW MARINE DR,Marpole,491493.8637,5450824.4742
Break and Enter Commercial,2017,8,23,4,27,4XX SW MARINE DR,Marpole,491498.8783,5450827.4944
Break and Enter Commercial,2017,11,4,4,58,4XX SW MARINE DR,Marpole,491498.8783,5450827.4944
Break and Enter Commercial,2017,9,29,13,56,4XX SW MARINE DR,Marpole,491521.9389,5450841.3824
Break and Enter Commercial,2017,2,23,4,27,4XX SW MARINE DR,Marpole,491533.169,5450848.1457
Break and Enter Commercial,2017,7,17,8,49,4XX TERMINAL AVE,Strathcona,493070.6706,5457687.2953
Break and Enter Commercial,2017,9,11,5,15,4XX TERMINAL AVE,Strathcona,493070.6706,5457687.2953
Break and Enter Commercial,2017,9,19,19,15,4XX TERMINAL AVE,Strathcona,493070.6706,5457687.2953
Break and Enter Commercial,2017,2,21,15,17,4XX W 12TH AVE,Mount Pleasant,491704.6052,5456413.6324
Break and Enter Commercial,2017,8,28,1,30,4XX W 40TH AVE,Riley Park,491579.2092,5453521.367
Break and Enter Commercial,2017,8,1,13,0,4XX W BROADWAY AVE,Mount Pleasant,491716.401,5456715.9308
Break and Enter Commercial,2017,3,16,2,0,4XX W CORDOVA ST,Central Business District,491953.8711,5459084.867
Break and Enter Commercial,2017,3,29,4,2,4XX W CORDOVA ST,Central Business District,491953.8711,5459084.867
Break and Enter Commercial,2017,8,24,7,0,4XX W CORDOVA ST,Central Business District,491953.8711,5459084.867
Break and Enter Commercial,2017,6,16,4,29,4XX W GEORGIA ST,Central Business District,491556.4682,5458723.6226
Break and Enter Commercial,2017,11,3,0,1,4XX W GEORGIA ST,Central Business District,491556.4682,5458723.6226
Break and Enter Commercial,2017,5,26,18,27,4XX W GEORGIA ST,Central Business District,491623.0297,5458657.6649
Break and Enter Commercial,2017,1,7,5,38,4XX W HASTINGS ST,Central Business District,491892.7482,5459000.8283
Break and Enter Commercial,2017,1,1,0,19,4XX W HASTINGS ST,Central Business District,491899.2219,5458994.3469
Break and Enter Commercial,2017,1,2,18,15,4XX W HASTINGS ST,Central Business District,491899.2219,5458994.3469
Break and Enter Commercial,2017,1,6,3,31,4XX W HASTINGS ST,Central Business District,491899.2219,5458994.3469
Break and Enter Commercial,2017,2,13,8,39,4XX W HASTINGS ST,Central Business District,491899.2219,5458994.3469
Break and Enter Commercial,2017,2,14,20,30,4XX W HASTINGS ST,Central Business District,491899.2219,5458994.3469
Break and Enter Commercial,2017,1,6,3,28,4XX W HASTINGS ST,Central Business District,491912.1693,5458981.3841
Break and Enter Commercial,2017,1,6,7,56,4XX W HASTINGS ST,Central Business District,491912.1693,5458981.3841
Break and Enter Commercial,2017,11,5,2,58,4XX W HASTINGS ST,Central Business District,491884.314,5459022.2114
Break and Enter Commercial,2017,12,18,7,47,4XX W KING EDWARD AVE,Riley Park,491745.807,5455125.2432
Break and Enter Commercial,2017,3,20,18,0,4XX W PENDER ST,Central Business District,491836.9483,5458914.049
Break and Enter Commercial,2017,4,2,5,1,4XX W PENDER ST,Central Business District,491836.9483,5458914.049
Break and Enter Commercial,2017,4,7,2,31,4XX W PENDER ST,Central Business District,491836.9483,5458914.049
Break and Enter Commercial,2017,4,6,6,0,4XX W PENDER ST,Central Business District,491840.8421,5458909.9113
Break and Enter Commercial,2017,8,15,7,41,4XX W PENDER ST,Central Business District,491840.8421,5458909.9113
Break and Enter Commercial,2017,3,20,15,6,4XX W PENDER ST,Central Business District,491853.0512,5458910.2787
Break and Enter Commercial,2017,4,13,15,45,50XX JOYCE ST,Renfrew-Collingwood,497715.7522,5454003.956
Break and Enter Commercial,2017,1,17,0,9,50XX QUEBEC ST,Riley Park,492522.7515,5454058.6292
Break and Enter Commercial,2017,5,6,19,0,50XX VICTORIA DR,Kensington-Cedar Cottage,495243.7727,5453997.8671
Break and Enter Commercial,2017,12,2,10,0,51XX CAMBIE ST,South Cambie,491502.49,5454014.1595
Break and Enter Commercial,2017,8,22,20,11,51XX VICTORIA DR,Kensington-Cedar Cottage,495241.5485,5453871.7049
Break and Enter Commercial,2017,10,2,4,51,52XX VICTORIA DR,Kensington-Cedar Cottage,495231.9012,5453833.3228
Break and Enter Commercial,2017,5,31,15,20,53XX DUNDEE ST,Renfrew-Collingwood,496540.7234,5453660.012
Break and Enter Commercial,2017,6,22,0,53,53XX OBEN ST,Renfrew-Collingwood,498077.3464,5453622.1354
Break and Enter Commercial,2017,9,7,20,0,53XX OBEN ST,Renfrew-Collingwood,498077.3464,5453622.1354
Break and Enter Commercial,2017,9,1,16,2,53XX VINE ST,Arbutus Ridge,488361.2008,5453872.7911
Break and Enter Commercial,2017,3,25,0,1,53XX WEST BLVD,Arbutus Ridge,488679.2725,5453929.5734
Break and Enter Commercial,2017,7,15,2,0,53XX WEST BLVD,Arbutus Ridge,488679.2725,5453929.5734
Break and Enter Commercial,2017,8,2,23,45,53XX WEST BLVD,Arbutus Ridge,488679.2725,5453929.5734
Break and Enter Commercial,2017,6,2,9,47,54XX BALSAM ST,Arbutus Ridge,488265.2525,5453813.5068
Break and Enter Commercial,2017,1,23,17,18,55XX ASH ST,South Cambie,491428.5657,5453632.4443
Break and Enter Commercial,2017,8,29,16,0,55XX DUNBAR ST,Dunbar-Southlands,486507.2227,5453711.9998
Break and Enter Commercial,2017,8,24,4,30,55XX FRASER ST,Kensington-Cedar Cottage,493413.7618,5453503.3248
Break and Enter Commercial,2017,9,18,8,55,55XX OAK ST,South Cambie,490685.7427,5453678.3187
Break and Enter Commercial,2017,7,18,0,0,56XX BOUNDARY RD,Renfrew-Collingwood,498277.1506,5453318.596
Break and Enter Commercial,2017,1,4,1,50,56XX DUNBAR ST,Dunbar-Southlands,486504.9238,5453614.2592
Break and Enter Commercial,2017,3,14,22,11,56XX DUNBAR ST,Dunbar-Southlands,486505.5738,5453650.404
Break and Enter Commercial,2017,7,5,3,47,56XX DUNBAR ST,Dunbar-Southlands,486514.2031,5453621.7042
Break and Enter Commercial,2017,2,12,0,1,56XX FRASER ST,Riley Park,493403.5238,5453370.5696
Break and Enter Commercial,2017,3,11,3,0,56XX OAK ST,South Cambie,490682.3246,5453536.96
Break and Enter Commercial,2017,7,9,7,13,56XX SENLAC ST,Renfrew-Collingwood,497557.5328,5453305.0862
Break and Enter Commercial,2017,1,7,12,30,57XX CAMBIE ST,Oakridge,491555.1928,5453333.5305
Break and Enter Commercial,2017,11,26,9,38,57XX FRASER ST,Sunset,493410.5729,5453250.8342
Break and Enter Commercial,2017,11,25,18,0,57XX FRASER ST,Sunset,493410.7023,5453257.7663
Break and Enter Commercial,2017,1,30,6,30,57XX GRANVILLE ST,Kerrisdale,489831.0388,5453510.2454
Break and Enter Commercial,2017,10,17,19,0,57XX VICTORIA DR,Victoria-Fraserview,495234.0502,5453217.5487
Break and Enter Commercial,2017,11,13,5,40,57XX WEST BLVD,Kerrisdale,488671.0192,5453473.5162
Break and Enter Commercial,2017,10,15,22,29,58XX FRASER ST,Sunset,493408.7421,5453152.5153
Break and Enter Commercial,2017,9,19,4,0,58XX FRASER ST,Sunset,493409.7114,5453204.5665
Break and Enter Commercial,2017,6,20,8,35,58XX FRASER ST,Sunset,493410.1523,5453228.2338
Break and Enter Commercial,2017,9,12,22,22,59XX FRASER ST,Sunset,493409.3378,5453051.1132
Break and Enter Commercial,2017,9,4,13,4,59XX WALES ST,Victoria-Fraserview,496237.9513,5453052.7847
Break and Enter Commercial,2017,3,14,4,38,59XX WEST BLVD,Kerrisdale,488662.7963,5453278.1102
Break and Enter Commercial,2017,11,16,11,12,5X E 10TH AVE,Mount Pleasant,492442.7088,5456597.3659
Break and Enter Commercial,2017,11,24,18,0,5X E 10TH AVE,Mount Pleasant,492442.7088,5456597.3659
Break and Enter Commercial,2017,10,6,0,0,5X E 2ND AVE,Mount Pleasant,492466.4696,5457380.5727
Break and Enter Commercial,2017,6,10,18,0,5X E PENDER ST,Central Business District,492486.4415,5458635.3772
Break and Enter Commercial,2017,6,19,3,56,5X E PENDER ST,Central Business District,492486.4415,5458635.3772
Break and Enter Commercial,2017,1,23,5,0,5X POWELL ST,Central Business District,492502.0069,5458954.8089
Break and Enter Commercial,2017,11,17,6,0,5X POWELL ST,Central Business District,492504.6146,5458945.5785
Break and Enter Commercial,2017,7,7,3,17,5XX BEATTY ST,Central Business District,492011.7453,5458616.362
Break and Enter Commercial,2017,10,5,4,37,5XX BEATTY ST,Central Business District,492012.9188,5458617.5475
Break and Enter Commercial,2017,5,2,9,36,5XX BEATTY ST,Central Business District,492024.0432,5458628.8109
Break and Enter Commercial,2017,6,13,8,27,5XX BEATTY ST,Central Business District,492024.0432,5458628.8109
Break and Enter Commercial,2017,8,4,17,0,5XX BURRARD ST,Central Business District,491374.3329,5459261.1093
Break and Enter Commercial,2017,12,31,5,0,5XX BURRARD ST,Central Business District,491414.2033,5459312.4645
Break and Enter Commercial,2017,1,12,16,30,5XX CAMBIE ST,Central Business District,491944.8504,5458697.1031
Break and Enter Commercial,2017,5,13,23,30,5XX CAMBIE ST,Central Business District,491944.8504,5458697.1031
Break and Enter Commercial,2017,4,22,0,30,5XX CARDERO ST,Central Business District,490581.4156,5459850.0294
Break and Enter Commercial,2017,9,13,0,0,5XX CARDERO ST,Central Business District,490581.4156,5459850.0294
Break and Enter Commercial,2017,10,2,2,8,5XX CARDERO ST,Central Business District,490581.4156,5459850.0294
Break and Enter Commercial,2017,11,12,12,20,5XX CARRALL ST,Central Business District,492400.4944,5458570.4757
Break and Enter Commercial,2017,10,15,22,43,5XX CARRALL ST,Central Business District,492408.0336,5458534.6189
Break and Enter Commercial,2017,9,27,4,43,5XX CLARK DR,Grandview-Woodland,494391.2177,5458575.4307
Break and Enter Commercial,2017,2,15,20,28,5XX COLUMBIA ST,Central Business District,492552.9186,5458566.2499
Break and Enter Commercial,2017,11,5,19,45,5XX DAVIE ST,Central Business District,490910.6679,5458178.3378
Break and Enter Commercial,2017,4,14,16,0,5XX DRAKE ST,Central Business District,490821.7078,5458034.833
Break and Enter Commercial,2017,8,25,14,0,5XX DUNSMUIR ST,Central Business District,491623.6399,5458898.3022
Break and Enter Commercial,2017,7,3,19,45,5XX E 41ST AVE,Sunset,493176.5764,5453348.102
Break and Enter Commercial,2017,3,24,23,0,5XX E 43RD AVE,Sunset,493260.6513,5453137.5964
Break and Enter Commercial,2017,5,12,8,0,5XX E 7TH AVE,Mount Pleasant,493248.0728,5456853.295
Break and Enter Commercial,2017,4,20,9,0,5XX E BROADWAY AVE,Mount Pleasant,493240.4899,5456637.4888
Break and Enter Commercial,2017,7,20,18,0,5XX E BROADWAY AVE,Mount Pleasant,493278.8463,5456646.1137
Break and Enter Commercial,2017,2,8,17,0,5XX E BROADWAY AVE,Mount Pleasant,493330.6093,5456636.2673
Break and Enter Commercial,2017,7,1,19,17,5XX E HASTINGS ST,Strathcona,493254.2386,5458727.5331
Break and Enter Commercial,2017,3,14,4,13,5XX E KENT AVE S,Sunset,493276.5422,5450558.1709
Break and Enter Commercial,2017,6,17,16,0,5XX E PENDER ST,Strathcona,493330.7266,5458608.5134
Break and Enter Commercial,2017,2,24,0,50,5XX EVANS AVE,Strathcona,493291.6013,5457763.4612
Break and Enter Commercial,2017,2,10,5,45,5XX GRANVILLE ST,Central Business District,491554.4675,5459005.7542
Break and Enter Commercial,2017,4,3,19,29,5XX GRANVILLE ST,Central Business District,491561.0844,5459012.4226
Break and Enter Commercial,2017,3,13,20,52,5XX GRANVILLE ST,Central Business District,491605.3231,5459069.9877
Break and Enter Commercial,2017,3,18,14,19,5XX GRANVILLE ST,Central Business District,491605.3231,5459069.9877
Break and Enter Commercial,2017,3,31,4,0,5XX GRANVILLE ST,Central Business District,491605.3231,5459069.9877
Break and Enter Commercial,2017,12,20,0,1,5XX GRANVILLE ST,Central Business District,491605.3231,5459069.9877
Break and Enter Commercial,2017,1,25,1,0,5XX GRANVILLE ST,Central Business District,491645.4603,5459097.4573
Break and Enter Commercial,2017,1,31,5,21,5XX GRANVILLE ST,Central Business District,491645.4603,5459097.4573
Break and Enter Commercial,2017,1,8,22,39,5XX GREAT NORTHERN WAY,Strathcona,493287.4637,5457123.3551
Break and Enter Commercial,2017,3,25,19,12,5XX GREAT NORTHERN WAY,Strathcona,493287.4637,5457123.3551
Break and Enter Commercial,2017,10,1,16,10,5XX HORNBY ST,Central Business District,491396.6603,5459144.0692
Break and Enter Commercial,2017,8,5,23,40,5XX HORNBY ST,Central Business District,491460.5243,5459210.8692
Break and Enter Commercial,2017,3,12,5,31,5XX HOWE ST,Central Business District,491467.5684,5459074.6425
Break and Enter Commercial,2017,10,28,5,49,5XX HOWE ST,Central Business District,491467.5684,5459074.6425
Break and Enter Commercial,2017,10,6,16,20,5XX KEEFER ST,Strathcona,493259.9199,5458510.1815
Break and Enter Commercial,2017,4,4,19,0,5XX KINGSWAY AVE,Mount Pleasant,493292.776,5456088.3954
Break and Enter Commercial,2017,9,10,19,30,5XX MAIN ST,Central Business District,492741.735,5458546.206
Break and Enter Commercial,2017,2,13,6,35,5XX MAIN ST,Central Business District,492741.8026,5458548.5308
Break and Enter Commercial,2017,1,13,10,0,5XX MAIN ST,Central Business District,492743.2354,5458597.5916
Break and Enter Commercial,2017,1,17,1,0,5XX NICOLA ST,Central Business District,490677.1551,5459762.259
Break and Enter Commercial,2017,2,15,4,35,5XX NICOLA ST,Central Business District,490693.2479,5459791.9571
Break and Enter Commercial,2017,8,14,22,0,5XX POWELL ST,Strathcona,493293.1858,5458921.6587
Break and Enter Commercial,2017,7,4,19,30,5XX RAILWAY ST,Strathcona,493226.605,5459117.1698
Break and Enter Commercial,2017,5,21,5,25,5XX RAILWAY ST,Strathcona,493229.8651,5459116.0739
Break and Enter Commercial,2017,12,20,11,36,5XX RICHARDS ST,Central Business District,491708.8626,5458891.9258
Break and Enter Commercial,2017,8,7,0,42,5XX RICHARDS ST,Central Business District,491778.2237,5458961.6366
Break and Enter Commercial,2017,8,7,10,9,5XX RICHARDS ST,Central Business District,491778.2237,5458961.6366
Break and Enter Commercial,2017,12,13,23,28,5XX RICHARDS ST,Central Business District,491778.2237,5458961.6366
Break and Enter Commercial,2017,3,28,6,0,5XX ROBSON ST,Central Business District,491402.5007,5458633.1256
Break and Enter Commercial,2017,1,3,12,0,5XX SEYMOUR ST,Central Business District,491637.8707,5458945.069
Break and Enter Commercial,2017,1,12,19,35,5XX SEYMOUR ST,Central Business District,491656.2867,5458963.6184
Break and Enter Commercial,2017,1,22,14,30,5XX SEYMOUR ST,Central Business District,491656.2867,5458963.6184
Break and Enter Commercial,2017,3,2,5,10,5XX SEYMOUR ST,Central Business District,491656.2867,5458963.6184
Break and Enter Commercial,2017,11,13,0,0,5XX SEYMOUR ST,Central Business District,491687.5231,5459008.0592
Break and Enter Commercial,2017,3,16,3,0,5XX TAYLOR ST,Central Business District,492304.877,5458594.2212
Break and Enter Commercial,2017,4,16,2,0,5XX TAYLOR ST,Central Business District,492304.877,5458594.2212
Break and Enter Commercial,2017,6,15,3,30,5XX TAYLOR ST,Central Business District,492304.877,5458594.2212
Break and Enter Commercial,2017,3,26,16,0,5XX W 10TH AVE,Fairview,491598.9257,5456620.3398
Break and Enter Commercial,2017,6,4,23,0,5XX W 10TH AVE,Fairview,491598.9257,5456620.3398
Break and Enter Commercial,2017,9,8,4,35,5XX W 10TH AVE,Fairview,491598.9257,5456620.3398
Break and Enter Commercial,2017,4,21,17,0,5XX W 10TH AVE,Fairview,491629.9831,5456610.4297
Break and Enter Commercial,2017,4,20,18,0,5XX W 12TH AVE,Fairview,491525.979,5456417.3884
Break and Enter Commercial,2017,5,2,18,35,5XX W 12TH AVE,Fairview,491525.979,5456417.3884
Break and Enter Commercial,2017,10,28,16,0,5XX W 12TH AVE,Fairview,491525.979,5456417.3884
Break and Enter Commercial,2017,10,29,17,0,5XX W 12TH AVE,Fairview,491525.979,5456417.3884
Break and Enter Commercial,2017,11,8,21,0,5XX W 12TH AVE,Fairview,491525.979,5456417.3884
Break and Enter Commercial,2017,12,9,3,44,5XX W 12TH AVE,Fairview,491525.979,5456417.3884
Break and Enter Commercial,2017,8,3,0,30,5XX W 12TH AVE,Fairview,491532.9161,5456408.0548
Break and Enter Commercial,2017,3,16,6,35,5XX W 13TH AVE,Fairview,491488.8692,5456312.817
Break and Enter Commercial,2017,3,17,13,37,5XX W 13TH AVE,Fairview,491488.8692,5456312.817
Break and Enter Commercial,2017,11,5,5,0,5XX W 13TH AVE,Fairview,491579.5439,5456310.1111
Break and Enter Commercial,2017,11,21,2,0,5XX W 16TH AVE,Fairview,491464.9581,5456030.0553
Break and Enter Commercial,2017,4,13,20,55,5XX W 16TH AVE,Fairview,491618.8535,5456027.3441
Break and Enter Commercial,2017,4,13,23,45,5XX W 16TH AVE,Fairview,491618.8535,5456027.3441
Break and Enter Commercial,2017,8,29,4,0,5XX W 16TH AVE,Fairview,491618.8535,5456027.3441
Break and Enter Commercial,2017,2,17,4,30,5XX W 30TH AVE,South Cambie,491443.9621,5454563.5783
Break and Enter Commercial,2017,3,28,12,0,5XX W 7TH AVE,Fairview,491540.2663,5456925.7043
Break and Enter Commercial,2017,4,14,17,0,5XX W 7TH AVE,Fairview,491540.2663,5456925.7043
Break and Enter Commercial,2017,1,20,17,0,5XX W 7TH AVE,Fairview,491568.0897,5456915.8086
Break and Enter Commercial,2017,9,9,12,0,5XX W 7TH AVE,Fairview,491568.0897,5456915.8086
Break and Enter Commercial,2017,6,4,18,17,5XX W BROADWAY AVE,Fairview,491542.0901,5456720.3609
Break and Enter Commercial,2017,6,8,17,0,5XX W BROADWAY AVE,Fairview,491542.0901,5456720.3609
Break and Enter Commercial,2017,1,5,9,20,5XX W BROADWAY AVE,Fairview,491604.5909,5456718.7021
Break and Enter Commercial,2017,7,7,17,0,5XX W BROADWAY AVE,Fairview,491622.017,5456727.3918
Break and Enter Commercial,2017,10,5,16,0,5XX W BROADWAY AVE,Fairview,491622.017,5456727.3918
Break and Enter Commercial,2017,10,6,17,0,5XX W BROADWAY AVE,Fairview,491622.017,5456727.3918
Break and Enter Commercial,2017,10,13,17,0,5XX W BROADWAY AVE,Fairview,491622.017,5456727.3918
Break and Enter Commercial,2017,12,3,8,15,5XX W BROADWAY AVE,Fairview,491622.017,5456727.3918
Break and Enter Commercial,2017,10,31,5,5,5XX W BROADWAY AVE,Fairview,491632.6411,5456717.9633
Break and Enter Commercial,2017,7,21,23,0,5XX W CORDOVA ST,Central Business District,491899.5883,5459153.0933
Break and Enter Commercial,2017,3,1,5,20,5XX W GEORGIA ST,Central Business District,491502.4532,5458777.1782
Break and Enter Commercial,2017,5,30,5,10,5XX W GEORGIA ST,Central Business District,491536.4475,5458730.5945
Break and Enter Commercial,2017,6,25,15,20,5XX W GEORGIA ST,Central Business District,491536.4475,5458730.5945
Break and Enter Commercial,2017,7,22,2,40,5XX W HASTINGS ST,Central Business District,491823.1363,5459070.555
Break and Enter Commercial,2017,4,12,18,0,5XX W HASTINGS ST,Central Business District,491826.9425,5459079.6858
Break and Enter Commercial,2017,6,1,20,20,5XX W HASTINGS ST,Central Business District,491826.9425,5459079.6858
Break and Enter Commercial,2017,7,3,8,11,5XX W HASTINGS ST,Central Business District,491826.9425,5459079.6858
Break and Enter Commercial,2017,9,19,14,43,5XX W HASTINGS ST,Central Business District,491826.9425,5459079.6858
Break and Enter Commercial,2017,4,18,8,56,5XX W HASTINGS ST,Central Business District,491852.3422,5459054.2329
Break and Enter Commercial,2017,9,20,0,1,5XX W KING EDWARD AVE,South Cambie,491416.491,5455158.7428
Break and Enter Commercial,2017,12,28,5,53,5XX W PENDER ST,Central Business District,491729.5803,5459034.6268
Break and Enter Commercial,2017,10,29,5,37,5XX W PENDER ST,Central Business District,491763.1875,5458989.7811
Break and Enter Commercial,2017,7,15,22,0,61XX ASH ST,Oakridge,491412.995,5452922.1493
Break and Enter Commercial,2017,3,13,2,5,61XX FRASER ST,Sunset,493393.9049,5452847.0149
Break and Enter Commercial,2017,1,16,19,0,61XX FRASER ST,Sunset,493403.6237,5452864.7441
Break and Enter Commercial,2017,4,11,0,0,61XX FRASER ST,Sunset,493405.0596,5452909.3968
Break and Enter Commercial,2017,3,24,17,5,61XX OAK ST,Oakridge,490669.748,5453052.9842
Break and Enter Commercial,2017,12,15,3,0,61XX WEST BLVD,Kerrisdale,488658.87,5453120.5354
Break and Enter Commercial,2017,4,12,12,30,63XX CAMBIE ST,Oakridge,491504.8658,5452715.5801
Break and Enter Commercial,2017,9,17,20,0,63XX CAMBIE ST,Oakridge,491504.8658,5452715.5801
Break and Enter Commercial,2017,12,27,18,20,63XX FRASER ST,Sunset,493391.1344,5452710.9731
Break and Enter Commercial,2017,12,27,18,40,63XX FRASER ST,Sunset,493391.1344,5452710.9731
Break and Enter Commercial,2017,4,2,21,0,64XX CHESTER ST,Sunset,493486.5722,5452554.7517
Break and Enter Commercial,2017,1,23,12,0,64XX INVERNESS ST,Sunset,494176.181,5452553.9945
Break and Enter Commercial,2017,3,16,18,0,64XX KILLARNEY ST,Killarney,496679.2997,5452498.5076
Break and Enter Commercial,2017,8,30,5,0,64XX MAIN ST,Sunset,492608.8439,5452643.457
Break and Enter Commercial,2017,3,28,6,30,64XX VICTORIA DR,Victoria-Fraserview,495208.585,5452534.7847
Break and Enter Commercial,2017,8,9,2,54,64XX VICTORIA DR,Victoria-Fraserview,495211.4869,5452620.4621
Break and Enter Commercial,2017,12,19,1,51,65XX MAIN ST,Sunset,492594.8375,5452536.4888
Break and Enter Commercial,2017,11,12,21,0,66XX MAIN ST,Sunset,492592.7504,5452373.0127
Break and Enter Commercial,2017,6,16,13,1,6X E 1ST AVE,Mount Pleasant,492484.5985,5457490.9009
Break and Enter Commercial,2017,6,14,20,30,6X E 2ND AVE,Mount Pleasant,492481.5952,5457379.9652
Break and Enter Commercial,2017,7,12,14,50,6X E 2ND AVE,Mount Pleasant,492481.5952,5457379.9652
Break and Enter Commercial,2017,6,30,0,0,6X SMITHE ST,Central Business District,491637.659,5458137.9144
Break and Enter Commercial,2017,9,2,18,0,6X SMITHE ST,Central Business District,491637.659,5458137.9144
Break and Enter Commercial,2017,8,9,3,0,6X W 2ND AVE,Mount Pleasant,492288.1787,5457399.6206
Break and Enter Commercial,2017,8,22,20,0,6X W 2ND AVE,Mount Pleasant,492290.7597,5457399.5519
Break and Enter Commercial,2017,1,4,1,40,6XX ABBOTT ST,Central Business District,492166.4427,5458454.6056
Break and Enter Commercial,2017,8,19,19,49,6XX ABBOTT ST,Central Business District,492166.4427,5458454.6056
Break and Enter Commercial,2017,8,26,23,0,6XX ABBOTT ST,Central Business District,492166.4427,5458454.6056
Break and Enter Commercial,2017,8,30,16,27,6XX ABBOTT ST,Central Business District,492166.4427,5458454.6056
Break and Enter Commercial,2017,9,3,0,5,6XX ABBOTT ST,Central Business District,492166.4427,5458454.6056
Break and Enter Commercial,2017,9,10,21,10,6XX ABBOTT ST,Central Business District,492166.4427,5458454.6056
Break and Enter Commercial,2017,9,12,18,7,6XX ABBOTT ST,Central Business District,492166.4427,5458454.6056
Break and Enter Commercial,2017,12,4,23,0,6XX ABBOTT ST,Central Business District,492166.4427,5458454.6056
Break and Enter Commercial,2017,12,5,2,0,6XX ABBOTT ST,Central Business District,492166.4427,5458454.6056
Break and Enter Commercial,2017,3,5,23,10,6XX ALEXANDER ST,Strathcona,493359.6386,5459029.7829
Break and Enter Commercial,2017,4,7,0,0,6XX ALEXANDER ST,Strathcona,493359.6386,5459029.7829
Break and Enter Commercial,2017,1,9,21,0,6XX CAMBIE ST,Central Business District,491821.6156,5458582.7287
Break and Enter Commercial,2017,6,3,9,0,6XX CLARK DR,Grandview-Woodland,494389.4096,5458502.7981
Break and Enter Commercial,2017,3,13,8,25,6XX DAVIE ST,Central Business District,490863.1736,5458225.8927
Break and Enter Commercial,2017,7,14,5,41,6XX DAVIE ST,Central Business District,490893.4032,5458208.6324
Break and Enter Commercial,2017,4,21,23,44,6XX DRAKE ST,Central Business District,490774.6964,5458082.5403
Break and Enter Commercial,2017,1,30,2,11,6XX E 18TH AVE,Riley Park,493433.9028,5455762.3707
Break and Enter Commercial,2017,7,21,17,0,6XX E 27TH AVE,Riley Park,493326.4446,5454881.4981
Break and Enter Commercial,2017,2,3,16,50,6XX E 44TH AVE,Sunset,493336.9099,5453035.6645
Break and Enter Commercial,2017,1,26,9,0,6XX E 52ND AVE,Sunset,493329.0576,5452223.0387
Break and Enter Commercial,2017,1,15,3,45,6XX E 65TH AVE,Sunset,493362.2297,5451011.6556
Break and Enter Commercial,2017,3,4,0,0,6XX E 6TH AVE,Mount Pleasant,493411.6206,5456951.0887
Break and Enter Commercial,2017,4,1,15,0,6XX E HASTINGS ST,Strathcona,493429.7603,5458722.2313
Break and Enter Commercial,2017,10,23,5,0,6XX E HASTINGS ST,Strathcona,493481.3481,5458711.7064
Break and Enter Commercial,2017,12,24,17,0,6XX EVANS AVE,Strathcona,493407.0564,5457733.5635
Break and Enter Commercial,2017,5,18,3,14,6XX EVANS AVE,Strathcona,493462.7524,5457719.1418
Break and Enter Commercial,2017,8,14,8,56,6XX EXPO BLVD,Central Business District,492096.0097,5458444.8863
Break and Enter Commercial,2017,10,23,2,0,6XX EXPO BLVD,Central Business District,492096.0097,5458444.8863
Break and Enter Commercial,2017,5,9,3,30,6XX FAIRCHILD RD,Oakridge,491284.4377,5453101.2285
Break and Enter Commercial,2017,12,21,1,1,6XX FAIRCHILD RD,Oakridge,491284.4377,5453101.2285
Break and Enter Commercial,2017,1,10,4,18,6XX GORE AVE,Strathcona,492933.8941,5458441.2553
Break and Enter Commercial,2017,3,27,5,35,6XX GRANVILLE ST,Central Business District,491444.6134,5458895.098
Break and Enter Commercial,2017,5,15,22,2,6XX GRANVILLE ST,Central Business District,491444.6134,5458895.098
Break and Enter Commercial,2017,6,10,8,28,6XX GRANVILLE ST,Central Business District,491516.6268,5458980.6038
Break and Enter Commercial,2017,6,29,1,15,6XX GRANVILLE ST,Central Business District,491516.6268,5458980.6038
Break and Enter Commercial,2017,5,2,0,13,6XX GRANVILLE ST,Central Business District,491520.7761,5458971.805
Break and Enter Commercial,2017,4,6,1,7,6XX GRANVILLE ST,Central Business District,491535.0184,5458986.1559
Break and Enter Commercial,2017,7,29,4,30,6XX GREAT NORTHERN WAY,Strathcona,493480.6184,5457121.0116
Break and Enter Commercial,2017,10,26,0,0,6XX HORNBY ST,Central Business District,491338.8207,5459073.2721
Break and Enter Commercial,2017,5,17,3,45,6XX KINGSWAY AVE,Mount Pleasant,493354.5466,5456070.3718
Break and Enter Commercial,2017,12,17,3,0,6XX MAIN ST,Strathcona,492750.0814,5458517.1633
Break and Enter Commercial,2017,12,15,2,45,6XX MAIN ST,Strathcona,492750.1312,5458519.1112
Break and Enter Commercial,2017,6,13,8,28,6XX MALKIN AVE,Strathcona,493230.3125,5458098.3719
Break and Enter Commercial,2017,5,30,23,5,6XX MOBERLY RD,Fairview,491316.9979,5457114.3594
Break and Enter Commercial,2017,6,6,4,18,6XX MOBERLY RD,Fairview,491365.8078,5457135.0894
Break and Enter Commercial,2017,8,18,17,30,6XX PIPELINE RD,Stanley Park,490125.8933,5460849.1512
Break and Enter Commercial,2017,9,1,18,0,6XX PIPELINE RD,Stanley Park,490125.8933,5460849.1512
Break and Enter Commercial,2017,7,9,8,22,6XX PIPELINE RD,Stanley Park,490126.1066,5460860.0917
Break and Enter Commercial,2017,7,29,10,35,6XX POWELL ST,Strathcona,493359.256,5458928.803
Break and Enter Commercial,2017,10,5,2,0,6XX ROBSON ST,Central Business District,491342.0628,5458680.7991
Break and Enter Commercial,2017,11,6,16,34,6XX ROBSON ST,Central Business District,491355.59,5458667.6378
Break and Enter Commercial,2017,4,6,0,0,6XX ROBSON ST,Central Business District,491361.9665,5458674.1916
Break and Enter Commercial,2017,11,12,12,0,6XX SEYMOUR ST,Central Business District,491520.6507,5458826.4213
Break and Enter Commercial,2017,4,7,6,11,6XX SEYMOUR ST,Central Business District,491551.268,5458857.4573
Break and Enter Commercial,2017,2,13,5,35,6XX W 10TH AVE,Fairview,491437.1388,5456615.33
Break and Enter Commercial,2017,7,15,21,0,6XX W 37TH AVE,South Cambie,491305.2642,5453853.0763
Break and Enter Commercial,2017,1,12,18,45,6XX W 41ST AVE,Oakridge,491253.2457,5453429.852
Break and Enter Commercial,2017,1,23,8,0,6XX W 41ST AVE,Oakridge,491253.2457,5453429.852
Break and Enter Commercial,2017,11,5,9,0,6XX W 41ST AVE,Oakridge,491253.2457,5453429.852
Break and Enter Commercial,2017,12,12,12,0,6XX W 41ST AVE,Oakridge,491253.2457,5453429.852
Break and Enter Commercial,2017,1,28,0,0,6XX W 57TH AVE,Oakridge,491334.0683,5451822.0137
Break and Enter Commercial,2017,2,2,22,0,6XX W 57TH AVE,Oakridge,491334.0683,5451822.0137
Break and Enter Commercial,2017,2,6,5,15,6XX W BROADWAY AVE,Fairview,491281.9536,5456727.8637
Break and Enter Commercial,2017,5,6,3,50,6XX W BROADWAY AVE,Fairview,491281.9536,5456727.8637
Break and Enter Commercial,2017,10,6,9,31,6XX W BROADWAY AVE,Fairview,491304.4407,5456727.1857
Break and Enter Commercial,2017,11,17,17,27,6XX W BROADWAY AVE,Fairview,491441.1205,5456732.213
Break and Enter Commercial,2017,6,15,9,42,6XX W CORDOVA ST,Central Business District,491866.7009,5459186.4219
Break and Enter Commercial,2017,7,12,17,0,6XX W CORDOVA ST,Central Business District,491866.7009,5459186.4219
Break and Enter Commercial,2017,12,25,19,26,6XX W CORDOVA ST,Central Business District,491866.7009,5459186.4219
Break and Enter Commercial,2017,1,3,23,43,6XX W GEORGIA ST,Central Business District,491439.7827,5458826.841
Break and Enter Commercial,2017,6,16,17,30,6XX W GEORGIA ST,Central Business District,491439.7827,5458826.841
Break and Enter Commercial,2017,4,21,21,0,6XX W HASTINGS ST,Central Business District,491742.6487,5459164.1349
Break and Enter Commercial,2017,8,14,9,12,6XX W HASTINGS ST,Central Business District,491742.6487,5459164.1349
Break and Enter Commercial,2017,3,7,3,44,6XX W KENT AVE N,Marpole,491252.9917,5450321.8104
Break and Enter Commercial,2017,1,10,2,16,6XX W PENDER ST,Central Business District,491697.849,5459052.2823
Break and Enter Commercial,2017,4,4,20,0,6XX W PENDER ST,Central Business District,491697.849,5459052.2823
Break and Enter Commercial,2017,7,31,15,26,6XX W PENDER ST,Central Business District,491697.849,5459052.2823
Break and Enter Commercial,2017,9,29,5,44,6XX W PENDER ST,Central Business District,491699.8672,5459050.3569
Break and Enter Commercial,2017,7,17,2,50,6XX W PENDER ST,Central Business District,491709.3554,5459041.3034
Break and Enter Commercial,2017,2,2,22,0,71XX ASH CRES,Oakridge,491277.2695,5451951.9787
Break and Enter Commercial,2017,2,2,22,0,71XX ASH CRES,Oakridge,491280.1864,5451952.5168
Break and Enter Commercial,2017,2,2,22,0,71XX CAMBIE ST,Oakridge,491485.0977,5451924.377
Break and Enter Commercial,2017,2,2,22,0,71XX CAMBIE ST,Oakridge,491486.0418,5451961.6769
Break and Enter Commercial,2017,10,31,10,31,71XX KERR ST,Killarney,496991.9531,5451752.4586
Break and Enter Commercial,2017,5,16,21,0,72XX FRASER ST,Sunset,493373.9613,5451786.9268
Break and Enter Commercial,2017,12,24,23,6,74XX GRANVILLE ST,Marpole,489795.3326,5451705.574
Break and Enter Commercial,2017,6,14,7,23,75XX BALACLAVA ST,Kerrisdale,487167.7813,5451588.1744
Break and Enter Commercial,2017,2,12,13,33,75XX FREMLIN ST,Marpole,490731.7722,5451515.9722
Break and Enter Commercial,2017,2,24,4,0,78XX KNIGHT ST,Victoria-Fraserview,494389.13,5451204.0921
Break and Enter Commercial,2017,3,7,3,0,78XX KNIGHT ST,Victoria-Fraserview,494389.13,5451204.0921
Break and Enter Commercial,2017,3,10,8,35,78XX KNIGHT ST,Victoria-Fraserview,494389.13,5451204.0921
Break and Enter Commercial,2017,2,25,6,10,79XX GRANVILLE ST,Marpole,489772.5489,5451179.2196
Break and Enter Commercial,2017,3,12,3,29,79XX GRANVILLE ST,Marpole,489772.5489,5451179.2196
Break and Enter Commercial,2017,5,17,4,30,79XX GRANVILLE ST,Marpole,489772.5489,5451179.2196
Break and Enter Commercial,2017,11,25,1,0,79XX GRANVILLE ST,Marpole,489781.7862,5451187.104
Break and Enter Commercial,2017,11,24,21,0,79XX GRANVILLE ST,Marpole,489781.805,5451188.7023
Break and Enter Commercial,2017,2,1,7,29,79XX KNIGHT ST,Victoria-Fraserview,494388.1855,5451085.834
Break and Enter Commercial,2017,9,13,23,40,7X E 7TH AVE,Mount Pleasant,492478.753,5456885.5693
Break and Enter Commercial,2017,12,8,5,34,7X E BROADWAY AVE,Mount Pleasant,492475.2988,5456700.2116
Break and Enter Commercial,2017,4,9,2,12,7X W 3RD AVE,Mount Pleasant,492275.2276,5457296.0162
Break and Enter Commercial,2017,5,30,11,0,7X W BROADWAY AVE,Mount Pleasant,492265.702,5456707.3278
Break and Enter Commercial,2017,11,7,2,37,7XX ALEXANDER ST,Strathcona,493514.273,5459015.9983
Break and Enter Commercial,2017,1,9,2,41,7XX BEATTY ST,Central Business District,491731.7151,5458335.3969
Break and Enter Commercial,2017,8,5,14,50,7XX BEATTY ST,Central Business District,491731.7151,5458335.3969
Break and Enter Commercial,2017,8,9,2,33,7XX BEATTY ST,Central Business District,491731.7151,5458335.3969
Break and Enter Commercial,2017,12,3,22,30,7XX BURRARD ST,West End,491107.1134,5458998.8356
Break and Enter Commercial,2017,12,26,7,0,7XX BUTE ST,West End,490795.069,5459279.3614
Break and Enter Commercial,2017,8,28,15,33,7XX CAMBIE ST,Central Business District,491687.5915,5458433.2214
Break and Enter Commercial,2017,2,4,8,23,7XX CHILCO ST,West End,490010.4317,5460145.6053
Break and Enter Commercial,2017,10,31,0,40,7XX DAVIE ST,Central Business District,490816.8409,5458272.1439
Break and Enter Commercial,2017,3,30,7,0,7XX DENMAN ST,West End,490196.68,5459909.5196
Break and Enter Commercial,2017,3,14,5,16,7XX DENMAN ST,West End,490225.2739,5459938.361
Break and Enter Commercial,2017,12,8,4,9,7XX DRAKE ST,Central Business District,490636.2659,5458219.9326
Break and Enter Commercial,2017,7,18,7,9,7XX DRAKE ST,Central Business District,490686.2235,5458170.7102
Break and Enter Commercial,2017,3,15,22,30,7XX DUNSMUIR ST,Central Business District,491483.7724,5459051.5702
Break and Enter Commercial,2017,3,20,0,0,7XX DUNSMUIR ST,Central Business District,491483.7724,5459051.5702
Break and Enter Commercial,2017,10,3,13,30,7XX DUNSMUIR ST,Central Business District,491483.7724,5459051.5702
Break and Enter Commercial,2017,12,20,8,58,7XX DUNSMUIR ST,Central Business District,491483.7724,5459051.5702
Break and Enter Commercial,2017,3,10,5,6,7XX DUNSMUIR ST,Central Business District,491511.6366,5459023.6766
Break and Enter Commercial,2017,8,18,6,33,7XX E 17TH AVE,Kensington-Cedar Cottage,493502.7696,5455870.2425
Break and Enter Commercial,2017,2,19,6,0,7XX E 26TH AVE,Kensington-Cedar Cottage,493452.6513,5454980.8903
Break and Enter Commercial,2017,3,22,12,0,7XX E 43RD AVE,Sunset,493417.7412,5453143.1587
Break and Enter Commercial,2017,12,30,16,0,7XX E 45TH AVE,Sunset,493439.1394,5452929.7088
Break and Enter Commercial,2017,3,6,8,8,7XX E BROADWAY AVE,Mount Pleasant,493553.1579,5456643.3148
Break and Enter Commercial,2017,3,1,18,20,7XX E BROADWAY AVE,Mount Pleasant,493573.3587,5456633.9566
Break and Enter Commercial,2017,3,1,18,0,7XX E BROADWAY AVE,Mount Pleasant,493578.7945,5456633.8991
Break and Enter Commercial,2017,3,23,0,0,7XX E BROADWAY AVE,Mount Pleasant,493595.1021,5456633.7265
Break and Enter Commercial,2017,2,4,2,30,7XX E CORDOVA ST,Strathcona,493627.1628,5458810.7295
Break and Enter Commercial,2017,9,11,8,0,7XX E CORDOVA ST,Strathcona,493627.1628,5458810.7295
Break and Enter Commercial,2017,4,27,2,58,7XX E HASTINGS ST,Strathcona,493507.0004,5458719.7828
Break and Enter Commercial,2017,10,31,1,39,7XX E HASTINGS ST,Strathcona,493520.2204,5458719.1532
Break and Enter Commercial,2017,5,12,4,0,7XX E HASTINGS ST,Strathcona,493526.3953,5458709.7047
Break and Enter Commercial,2017,4,6,4,35,7XX EVANS AVE,Strathcona,493577.8848,5457688.6091
Break and Enter Commercial,2017,8,16,3,20,7XX GRANVILLE ST,Central Business District,491365.5518,5458815.5167
Break and Enter Commercial,2017,2,8,6,33,7XX GRANVILLE ST,Central Business District,491371.9005,5458834.8757
Break and Enter Commercial,2017,10,27,10,15,7XX HORNBY ST,Central Business District,491193.9523,5458940.4913
Break and Enter Commercial,2017,10,29,19,0,7XX HORNBY ST,Central Business District,491193.9523,5458940.4913
Break and Enter Commercial,2017,1,20,9,43,7XX JERVIS ST,West End,490665.6613,5459376.0485
Break and Enter Commercial,2017,12,19,11,5,7XX JERVIS ST,West End,490665.6613,5459376.0485
Break and Enter Commercial,2017,9,21,18,0,7XX MAIN ST,Central Business District,492729.7179,5458344.2846
Break and Enter Commercial,2017,9,15,0,1,7XX MAIN ST,Central Business District,492738.5308,5458426.0646
Break and Enter Commercial,2017,11,21,18,2,7XX MAIN ST,Central Business District,492738.5308,5458426.0646
Break and Enter Commercial,2017,3,2,10,23,7XX MALKIN AVE,Strathcona,493495.4976,5458051.5746
Break and Enter Commercial,2017,4,10,19,39,7XX NELSON ST,Central Business District,491014.3644,5458550.3313
Break and Enter Commercial,2017,1,26,6,0,7XX NELSON ST,Central Business District,491028.078,5458523.5181
Break and Enter Commercial,2017,4,23,16,0,7XX PACIFIC BLVD,Central Business District,491970.8693,5458157.5031
Break and Enter Commercial,2017,7,24,15,15,7XX PACIFIC BLVD,Central Business District,491970.8693,5458157.5031
Break and Enter Commercial,2017,11,19,18,51,7XX PACIFIC BLVD,Central Business District,491970.8693,5458157.5031
Break and Enter Commercial,2017,2,16,5,23,7XX PACIFIC BLVD,Central Business District,491981.4589,5458154.2366
Break and Enter Commercial,2017,11,22,5,55,7XX PACIFIC BLVD,Central Business District,492008.4222,5458175.6527
Break and Enter Commercial,2017,12,11,9,11,7XX PACIFIC BLVD,Central Business District,492008.4222,5458175.6527
Break and Enter Commercial,2017,6,18,15,55,7XX POWELL ST,Strathcona,493636.2663,5458911.2502
Break and Enter Commercial,2017,2,8,2,0,7XX RICHARDS ST,Central Business District,491445.7352,5458613.8621
Break and Enter Commercial,2017,10,4,3,5,7XX ROBSON ST,Central Business District,491218.8365,5458800.8258
Break and Enter Commercial,2017,12,19,17,50,7XX ROBSON ST,Central Business District,491265.3004,5458755.5214
Break and Enter Commercial,2017,9,7,0,0,7XX SE MARINE DR,Sunset,493418.9448,5450929.4084
Break and Enter Commercial,2017,9,7,0,0,7XX SE MARINE DR,Sunset,493463.3204,5450929.9212
Break and Enter Commercial,2017,4,13,21,40,7XX SEYMOUR ST,Central Business District,491413.6384,5458730.9797
Break and Enter Commercial,2017,12,9,8,42,7XX SW MARINE DR,Marpole,490973.5537,5450496.8574
Break and Enter Commercial,2017,10,7,16,21,7XX SW MARINE DR,Marpole,490997.1581,5450511.7415
Break and Enter Commercial,2017,4,13,3,21,7XX THURLOW ST,West End,490967.1495,5459154.9226
Break and Enter Commercial,2017,5,12,3,1,7XX THURLOW ST,West End,490967.1495,5459154.9226
Break and Enter Commercial,2017,7,25,9,16,7XX THURLOW ST,West End,490967.2885,5459155.0621
Break and Enter Commercial,2017,3,31,3,58,7XX VERNON DR,Strathcona,494240.8806,5458421.6582
Break and Enter Commercial,2017,2,9,11,50,7XX VICTORIA DR,Grandview-Woodland,495223.4554,5458343.254
Break and Enter Commercial,2017,9,20,8,52,7XX W 14TH AVE,Fairview,491210.3475,5456208.256
Break and Enter Commercial,2017,1,7,13,30,7XX W 16TH AVE,Fairview,491140.1705,5456039.9464
Break and Enter Commercial,2017,12,1,13,59,7XX W 46TH AVE,Oakridge,491006.4423,5452940.8352
Break and Enter Commercial,2017,11,15,5,9,7XX W 7TH AVE,Fairview,491246.2285,5456934.4136
Break and Enter Commercial,2017,3,4,19,0,7XX W 8TH AVE,Fairview,491156.8475,5456832.1602
Break and Enter Commercial,2017,12,4,15,0,7XX W BROADWAY AVE,Fairview,491205.4662,5456729.413
Break and Enter Commercial,2017,2,10,18,0,7XX W BROADWAY AVE,Fairview,491213.7033,5456738.3978
Break and Enter Commercial,2017,4,18,21,0,7XX W BROADWAY AVE,Fairview,491213.7033,5456738.3978
Break and Enter Commercial,2017,9,28,18,30,7XX W BROADWAY AVE,Fairview,491213.7033,5456738.3978
Break and Enter Commercial,2017,10,2,11,21,7XX W GEORGIA ST,Central Business District,491345.4329,5458933.3313
Break and Enter Commercial,2017,8,25,15,0,7XX W GEORGIA ST,Central Business District,491402.7991,5458863.8718
Break and Enter Commercial,2017,11,29,6,10,7XX W GEORGIA ST,Central Business District,491402.7991,5458863.8718
Break and Enter Commercial,2017,12,28,2,52,7XX W GEORGIA ST,Central Business District,491402.7991,5458863.8718
Break and Enter Commercial,2017,12,13,21,0,7XX W GEORGIA ST,Central Business District,491407.7443,5458871.8391
Break and Enter Commercial,2017,3,28,2,45,7XX W GEORGIA ST,Central Business District,491409.222,5458870.3802
Break and Enter Commercial,2017,4,20,6,52,7XX W GEORGIA ST,Central Business District,491409.222,5458870.3802
Break and Enter Commercial,2017,6,3,22,12,7XX W GEORGIA ST,Central Business District,491409.222,5458870.3802
Break and Enter Commercial,2017,10,6,4,15,7XX W GEORGIA ST,Central Business District,491409.222,5458870.3802
Break and Enter Commercial,2017,11,3,23,0,7XX W GEORGIA ST,Central Business District,491409.222,5458870.3802
Break and Enter Commercial,2017,1,9,18,41,7XX W HASTINGS ST,Central Business District,491682.321,5459224.5151
Break and Enter Commercial,2017,12,25,14,0,7XX W HASTINGS ST,Central Business District,491682.321,5459224.5151
Break and Enter Commercial,2017,6,21,1,50,7XX W PENDER ST,Central Business District,491586.5194,5459171.5683
Break and Enter Commercial,2017,7,12,7,33,7XX W PENDER ST,Central Business District,491638.3881,5459121.7396
Break and Enter Commercial,2017,4,18,5,36,7XX WINDERMERE ST,Hastings-Sunrise,497359.9054,5458302.4111
Break and Enter Commercial,2017,6,17,4,50,80XX GRANVILLE ST,Marpole,489779.6866,5451088.7167
Break and Enter Commercial,2017,11,29,1,3,81XX CAMBIE ST,Marpole,491457.4235,5450831.3296
Break and Enter Commercial,2017,1,11,1,57,81XX CHAMPLAIN CRES,Killarney,497990.1122,5450867.8234
Break and Enter Commercial,2017,3,23,3,0,81XX CHAMPLAIN CRES,Killarney,497990.1122,5450867.8234
Break and Enter Commercial,2017,5,19,5,19,81XX CHAMPLAIN CRES,Killarney,497990.1122,5450867.8234
Break and Enter Commercial,2017,6,3,12,52,81XX GRANVILLE ST,Marpole,489778.0168,5451021.775
Break and Enter Commercial,2017,2,25,17,0,81XX MAIN ST,Sunset,492552.8616,5450994.619
Break and Enter Commercial,2017,4,12,0,36,82XX BORDEN ST,Victoria-Fraserview,494614.9325,5450792.7745
Break and Enter Commercial,2017,3,25,17,28,82XX FRASER ST,Sunset,493356.6532,5450807.5943
Break and Enter Commercial,2017,2,4,4,19,82XX GRANVILLE ST,Marpole,489776.8549,5450975.1326
Break and Enter Commercial,2017,9,17,22,50,82XX ST GEORGE ST,Sunset,493154.9915,5450836.4626
Break and Enter Commercial,2017,3,21,3,11,83XX GRANVILLE ST,Marpole,489774.4753,5450880.0745
Break and Enter Commercial,2017,2,2,10,26,83XX ONTARIO ST,Marpole,492220.6201,5450696.9258
Break and Enter Commercial,2017,8,23,1,51,84XX CAMBIE ST,Marpole,491460.3055,5450736.6357
Break and Enter Commercial,2017,9,28,22,52,84XX CAMBIE ST,Marpole,491470.5146,5450780.7518
Break and Enter Commercial,2017,1,1,6,30,84XX GRANVILLE ST,Marpole,489764.0991,5450832.7367
Break and Enter Commercial,2017,1,3,3,28,84XX GRANVILLE ST,Marpole,489764.0991,5450832.7367
Break and Enter Commercial,2017,3,4,4,13,84XX GRANVILLE ST,Marpole,489764.0991,5450832.7367
Break and Enter Commercial,2017,3,5,7,2,84XX GRANVILLE ST,Marpole,489764.353,5450842.741
Break and Enter Commercial,2017,3,19,18,0,84XX GRANVILLE ST,Marpole,489764.7138,5450856.9697
Break and Enter Commercial,2017,5,8,22,0,84XX GRANVILLE ST,Marpole,489764.7138,5450856.9697
Break and Enter Commercial,2017,12,12,5,45,84XX GRANVILLE ST,Marpole,489771.7164,5450772.4789
Break and Enter Commercial,2017,7,4,9,43,84XX GRANVILLE ST,Marpole,489771.8179,5450776.4806
Break and Enter Commercial,2017,11,21,23,0,84XX JELLICOE ST,Killarney,496521.2416,5450418.5842
Break and Enter Commercial,2017,11,19,6,10,85XX CAMBIE ST,Marpole,491457.3267,5450609.1473
Break and Enter Commercial,2017,3,1,2,0,85XX GRANVILLE ST,Marpole,489760.7975,5450702.6809
Break and Enter Commercial,2017,3,6,5,30,85XX HEATHER ST,Marpole,490948.3487,5450650.8691
Break and Enter Commercial,2017,5,21,9,42,85XX JELLICOE ST,Killarney,496521.5593,5450332.4413
Break and Enter Commercial,2017,9,11,22,0,85XX STANLEY PARK DR,Stanley Park,489093.8494,5460345.8273
Break and Enter Commercial,2017,3,5,6,23,86XX OSLER ST,Marpole,490407.9128,5450594.8052
Break and Enter Commercial,2017,3,5,22,0,86XX OSLER ST,Marpole,490408.9572,5450623.4679
Break and Enter Commercial,2017,5,22,9,0,87XX AISNE ST,Marpole,491109.7259,5450481.5655
Break and Enter Commercial,2017,3,18,15,0,87XX CARTIER ST,Marpole,489970.9394,5450355.1121
Break and Enter Commercial,2017,1,5,23,0,87XX GRANVILLE ST,Marpole,489752.836,5450386.3569
Break and Enter Commercial,2017,8,14,10,36,87XX GRANVILLE ST,Marpole,489763.2562,5450436.6907
Break and Enter Commercial,2017,6,13,0,0,87XX HUDSON ST,Marpole,490185.1491,5450365.7783
Break and Enter Commercial,2017,3,1,22,0,87XX MONTCALM ST,Marpole,490073.3689,5450417.5335
Break and Enter Commercial,2017,3,9,12,0,87XX MONTCALM ST,Marpole,490073.3689,5450417.5335
Break and Enter Commercial,2017,9,4,19,51,88XX HEATHER ST,Marpole,491030.1632,5450342.393
Break and Enter Commercial,2017,4,11,9,53,88XX MONTCALM ST,Marpole,490078.4453,5450254.6197
Break and Enter Commercial,2017,9,4,12,37,8X E PENDER ST,Central Business District,492539.9132,5458633.4277
Break and Enter Commercial,2017,9,4,15,41,8X E PENDER ST,Central Business District,492539.9132,5458633.4277
Break and Enter Commercial,2017,10,23,3,0,8X KEEFER PL,Central Business District,492199.602,5458544.3511
Break and Enter Commercial,2017,11,19,6,0,8X KINGSWAY AVE,Mount Pleasant,492732.9848,5456704.6618
Break and Enter Commercial,2017,11,30,4,20,8X KINGSWAY AVE,Mount Pleasant,492732.9848,5456704.6618
Break and Enter Commercial,2017,7,9,21,30,8X PACIFIC BLVD,Central Business District,492272.4827,5458261.4787
Break and Enter Commercial,2017,12,26,4,34,8X PACIFIC BLVD,Central Business District,492272.4827,5458261.4787
Break and Enter Commercial,2017,3,27,22,12,8X W GEORGIA ST,Central Business District,492057.0735,5458263.1161
Break and Enter Commercial,2017,4,18,4,26,8X W PENDER ST,Central Business District,492208.5573,5458692.9973
Break and Enter Commercial,2017,5,17,21,30,8X W PENDER ST,Central Business District,492208.5573,5458692.9973
Break and Enter Commercial,2017,7,10,0,0,8X W PENDER ST,Central Business District,492208.5573,5458692.9973
Break and Enter Commercial,2017,9,9,14,54,8X W PENDER ST,Central Business District,492208.5573,5458692.9973
Break and Enter Commercial,2017,11,10,22,26,8X W PENDER ST,Central Business District,492208.5573,5458692.9973
Break and Enter Commercial,2017,11,20,23,15,8X W PENDER ST,Central Business District,492208.5573,5458692.9973
Break and Enter Commercial,2017,12,27,21,49,8X W PENDER ST,Central Business District,492208.5573,5458692.9973
Break and Enter Commercial,2017,4,3,21,57,8XX AVISON WAY,Stanley Park,490531.2051,5460907.1265
Break and Enter Commercial,2017,5,14,18,26,8XX BEATTY ST,Central Business District,491641.3659,5458258.4212
Break and Enter Commercial,2017,5,15,20,59,8XX BEATTY ST,Central Business District,491645.2231,5458249.3642
Break and Enter Commercial,2017,10,12,22,0,8XX BEATTY ST,Central Business District,491647.7859,5458264.7985
Break and Enter Commercial,2017,5,15,12,7,8XX BIDWELL ST,West End,490228.83,5459711.6983
Break and Enter Commercial,2017,6,14,8,48,8XX BIDWELL ST,West End,490228.83,5459711.6983
Break and Enter Commercial,2017,7,21,2,0,8XX BROUGHTON ST,West End,490415.1581,5459327.5401
Break and Enter Commercial,2017,12,26,6,32,8XX BURRARD ST,Central Business District,490967.8782,5458848.0228
Break and Enter Commercial,2017,1,31,6,29,8XX BURRARD ST,Central Business District,491070.8735,5458950.4669
Break and Enter Commercial,2017,9,25,17,0,8XX BURRARD ST,Central Business District,491070.8735,5458950.4669
Break and Enter Commercial,2017,4,23,0,0,8XX BUTE ST,West End,490740.0435,5459223.4926
Break and Enter Commercial,2017,2,1,5,0,8XX CAMBIE ST,Central Business District,491528.3939,5458289.1396
Break and Enter Commercial,2017,6,15,23,5,8XX CAMBIE ST,Central Business District,491528.3939,5458289.1396
Break and Enter Commercial,2017,10,29,8,52,8XX CAMBIE ST,Central Business District,491571.2105,5458318.1985
Break and Enter Commercial,2017,9,20,16,9,8XX CAMBIE ST,Central Business District,491609.8008,5458368.6991
Break and Enter Commercial,2017,11,20,9,0,8XX CAMBIE ST,Central Business District,491635.6125,5458381.1411
Break and Enter Commercial,2017,11,30,1,0,8XX CARDERO ST,West End,490358.0097,5459609.9473
Break and Enter Commercial,2017,12,3,6,8,8XX CARDERO ST,West End,490358.0097,5459609.9473
Break and Enter Commercial,2017,10,9,6,13,8XX COMMERCIAL DR,Grandview-Woodland,494879.2803,5458230.7971
Break and Enter Commercial,2017,2,16,8,11,8XX COMMERCIAL DR,Grandview-Woodland,494879.3194,5458226.8218
Break and Enter Commercial,2017,4,14,18,30,8XX COMMERCIAL DR,Grandview-Woodland,494879.3194,5458226.8218
Break and Enter Commercial,2017,6,13,3,5,8XX COMMERCIAL DR,Grandview-Woodland,494879.3194,5458226.8218
Break and Enter Commercial,2017,6,11,18,0,8XX COMMERCIAL DVRS N,Grandview-Woodland,494951.7516,5458221.5653
Break and Enter Commercial,2017,12,10,5,30,8XX COMMERCIAL DVRS N,Grandview-Woodland,494951.7516,5458221.5653
Break and Enter Commercial,2017,11,30,6,40,8XX DAVIE ST,Central Business District,490684.6362,5458402.7888
Break and Enter Commercial,2017,8,25,2,45,8XX DAVIE ST,Central Business District,490724.3979,5458363.6936
Break and Enter Commercial,2017,9,12,18,45,8XX DAVIE ST,Central Business District,490725.7887,5458375.1498
Break and Enter Commercial,2017,12,12,1,45,8XX DENMAN ST,West End,490051.3351,5459774.4605
Break and Enter Commercial,2017,8,23,23,30,8XX DENMAN ST,West End,490104.4721,5459829.1519
Break and Enter Commercial,2017,7,7,3,41,8XX DENMAN ST,West End,490121.6974,5459846.6729
Break and Enter Commercial,2017,4,21,18,0,8XX DUNSMUIR ST,Central Business District,491398.0882,5459123.0464
Break and Enter Commercial,2017,10,17,21,30,8XX E HASTINGS ST,Strathcona,493669.2837,5458712.1805
Break and Enter Commercial,2017,12,5,15,47,8XX E HASTINGS ST,Strathcona,493711.8794,5458701.6452
Break and Enter Commercial,2017,2,22,1,0,8XX E HASTINGS ST,Strathcona,493755.0699,5458709.3882
Break and Enter Commercial,2017,8,16,20,12,8XX E HASTINGS ST,Strathcona,493789.4682,5458708.2684
Break and Enter Commercial,2017,6,3,5,30,8XX E HASTINGS ST,Strathcona,493791.364,5458708.2069
Break and Enter Commercial,2017,9,27,4,20,8XX E HASTINGS ST,Strathcona,493791.364,5458708.2069
Break and Enter Commercial,2017,7,13,1,46,8XX EXPO BLVD,Central Business District,491687.5142,5458164.3104
Break and Enter Commercial,2017,12,5,6,30,8XX GRANVILLE ST,Central Business District,491179.9559,5458641.6221
Break and Enter Commercial,2017,2,5,1,16,8XX GRANVILLE ST,Central Business District,491190.9813,5458652.7295
Break and Enter Commercial,2017,8,31,4,29,8XX GRANVILLE ST,Central Business District,491219.6476,5458681.609
Break and Enter Commercial,2017,3,13,21,0,8XX GRANVILLE ST,Central Business District,491251.7069,5458700.9274
Break and Enter Commercial,2017,12,19,5,56,8XX GRANVILLE ST,Central Business District,491251.7069,5458700.9274
Break and Enter Commercial,2017,10,28,12,50,8XX HAMILTON ST,Central Business District,491472.6187,5458370.0324
Break and Enter Commercial,2017,3,2,9,48,8XX HOMER ST,Central Business District,491393.7021,5458431.3885
Break and Enter Commercial,2017,6,8,9,39,8XX HOMER ST,Central Business District,491402.3801,5458427.1507
Break and Enter Commercial,2017,10,20,6,19,8XX HOMER ST,Central Business District,491413.3251,5458438.1746
Break and Enter Commercial,2017,9,11,12,48,8XX HOMER ST,Central Business District,491433.3374,5458471.3089
Break and Enter Commercial,2017,2,6,18,0,8XX HOMER ST,Central Business District,491437.4823,5458475.4839
Break and Enter Commercial,2017,6,13,16,3,8XX HOMER ST,Central Business District,491437.7304,5458462.7554
Break and Enter Commercial,2017,9,21,3,52,8XX HOMER ST,Central Business District,491457.1834,5458495.3268
Break and Enter Commercial,2017,2,20,5,40,8XX HORNBY ST,Central Business District,491070.2557,5458815.1558
Break and Enter Commercial,2017,10,30,0,1,8XX HORNBY ST,Central Business District,491083.7765,5458828.8179
Break and Enter Commercial,2017,5,9,1,10,8XX HORNBY ST,Central Business District,491124.3388,5458869.8043
Break and Enter Commercial,2017,2,8,19,30,8XX HORNBY ST,Central Business District,491126.5922,5458872.0813
Break and Enter Commercial,2017,8,27,20,0,8XX HOWE ST,Central Business District,491166.1481,5458763.207
Break and Enter Commercial,2017,3,26,3,0,8XX HOWE ST,Central Business District,491179.9621,5458776.8478
Break and Enter Commercial,2017,9,16,1,40,8XX HOWE ST,Central Business District,491179.9621,5458776.8478
Break and Enter Commercial,2017,9,16,4,31,8XX HOWE ST,Central Business District,491179.9621,5458776.8478
Break and Enter Commercial,2017,7,7,18,0,8XX KINGSWAY AVE,Kensington-Cedar Cottage,493749.3434,5455786.9957
Break and Enter Commercial,2017,7,12,22,30,8XX KINGSWAY AVE,Kensington-Cedar Cottage,493749.3434,5455786.9957
Break and Enter Commercial,2017,9,7,21,0,8XX KINGSWAY AVE,Kensington-Cedar Cottage,493749.3434,5455786.9957
Break and Enter Commercial,2017,3,31,10,5,8XX MALKIN AVE,Strathcona,493757.0666,5457933.6822
Break and Enter Commercial,2017,6,5,5,20,8XX NELSON ST,Central Business District,490915.2169,5458637.9325
Break and Enter Commercial,2017,8,21,7,0,8XX NELSON ST,Central Business District,490915.2169,5458637.9325
Break and Enter Commercial,2017,4,11,12,50,8XX NELSON ST,Central Business District,490967.7972,5458584.3761
Break and Enter Commercial,2017,1,16,8,30,8XX PACIFIC ST,Central Business District,490447.3405,5458168.1632
Break and Enter Commercial,2017,4,19,8,40,8XX PACIFIC ST,Central Business District,490447.3405,5458168.1632
Break and Enter Commercial,2017,4,6,2,22,8XX POWELL ST,Strathcona,493718.7733,5458916.8796
Break and Enter Commercial,2017,7,9,1,1,8XX POWELL ST,Strathcona,493836.7651,5458901.2891
Break and Enter Commercial,2017,9,8,23,40,8XX POWELL ST,Strathcona,493836.7651,5458901.2891
Break and Enter Commercial,2017,12,29,4,24,8XX QUEBEC ST,Central Business District,492575.4084,5458244.6215
Break and Enter Commercial,2017,10,26,11,9,8XX QUEBEC ST,Central Business District,492577.0291,5458325.2571
Break and Enter Commercial,2017,8,28,13,0,8XX ROBSON ST,Central Business District,491204.8396,5458814.6891
Break and Enter Commercial,2017,11,13,20,30,8XX SEYMOUR ST,Central Business District,491280.7107,5458596.256
Break and Enter Commercial,2017,5,2,8,23,8XX SEYMOUR ST,Central Business District,491316.8667,5458632.8979
Break and Enter Commercial,2017,5,19,22,0,8XX SEYMOUR ST,Central Business District,491316.8667,5458632.8979
Break and Enter Commercial,2017,7,7,9,0,8XX SEYMOUR ST,Central Business District,491316.8667,5458632.8979
Break and Enter Commercial,2017,8,12,19,26,8XX SEYMOUR ST,Central Business District,491316.8667,5458632.8979
Break and Enter Commercial,2017,9,25,2,10,8XX SEYMOUR ST,Central Business District,491334.6742,5458637.926
Break and Enter Commercial,2017,7,6,2,0,8XX SEYMOUR ST,Central Business District,491343.9836,5458660.3794
Break and Enter Commercial,2017,4,3,3,17,8XX TERMINAL AVE,Strathcona,493866.7122,5457463.8013
Break and Enter Commercial,2017,3,13,0,0,8XX THURLOW ST,West End,490870.7094,5459057.9603
Break and Enter Commercial,2017,3,30,0,45,8XX THURLOW ST,West End,490911.88,5459099.4825
Break and Enter Commercial,2017,10,22,16,0,8XX W 10TH AVE,Fairview,491083.4419,5456625.7645
Break and Enter Commercial,2017,3,30,0,0,8XX W 12TH AVE,Fairview,491033.3519,5456432.3053
Break and Enter Commercial,2017,9,11,19,0,8XX W 12TH AVE,Fairview,491033.3519,5456432.3053
Break and Enter Commercial,2017,6,28,22,0,8XX W 14TH AVE,Fairview,491034.9274,5456221.9634
Break and Enter Commercial,2017,8,2,22,0,8XX W 15TH AVE,Fairview,490962.5796,5456123.6378
Break and Enter Commercial,2017,5,25,23,0,8XX W 41ST AVE,South Cambie,490955.8196,5453466.8788
Break and Enter Commercial,2017,2,28,5,59,8XX W BROADWAY AVE,Fairview,490977.2994,5456745.4476
Break and Enter Commercial,2017,12,31,4,57,8XX W BROADWAY AVE,Fairview,490977.2994,5456745.4476
Break and Enter Commercial,2017,4,12,5,34,8XX W BROADWAY AVE,Fairview,490986.85,5456735.9661
Break and Enter Commercial,2017,12,10,22,30,8XX W BROADWAY AVE,Fairview,491098.69,5456732.0789
Break and Enter Commercial,2017,2,14,0,1,8XX W BROADWAY AVE,Fairview,491122.1739,5456740.4123
Break and Enter Commercial,2017,5,28,8,6,8XX W BROADWAY AVE,Fairview,491122.1739,5456740.4123
Break and Enter Commercial,2017,2,8,18,11,8XX W GEORGIA ST,Central Business District,491281.5494,5458998.1447
Break and Enter Commercial,2017,9,21,9,55,8XX W GEORGIA ST,Central Business District,491281.5494,5458998.1447
Break and Enter Commercial,2017,11,17,7,6,8XX W GEORGIA ST,Central Business District,491281.5494,5458998.1447
Break and Enter Commercial,2017,12,4,17,30,8XX W GEORGIA ST,Central Business District,491281.5494,5458998.1447
Break and Enter Commercial,2017,8,30,18,0,8XX W PENDER ST,Central Business District,491504.9518,5459237.1244
Break and Enter Commercial,2017,6,29,1,15,8XX W PENDER ST,Central Business District,491562.5397,5459194.5751
Break and Enter Commercial,2017,3,9,6,30,90XX SHAUGHNESSY ST,Marpole,490743.4056,5450048.6844
Break and Enter Commercial,2017,3,30,15,30,92XX OAK ST,Marpole,490761.2208,5449838.7182
Break and Enter Commercial,2017,9,21,22,0,9X E 11TH AVE,Mount Pleasant,492485.003,5456487.2226
Break and Enter Commercial,2017,1,24,0,59,9X E 3RD AVE,Mount Pleasant,492515.4406,5457285.6967
Break and Enter Commercial,2017,5,8,3,10,9X E HASTINGS ST,Central Business District,492558.0684,5458748.3366
Break and Enter Commercial,2017,5,12,5,7,9X E HASTINGS ST,Central Business District,492558.0684,5458748.3366
Break and Enter Commercial,2017,11,16,17,0,9X E WATERFRONT RD,Central Business District,492578.2274,5459081.6994
Break and Enter Commercial,2017,7,24,0,50,9X KEEFER PL,Central Business District,492174.0475,5458550.9114
Break and Enter Commercial,2017,11,18,8,21,9X W PENDER ST,Central Business District,492183.8782,5458709.2725
Break and Enter Commercial,2017,4,24,22,32,9X W WATERFRONT RD,Central Business District,492353.3109,5459137.3372
Break and Enter Commercial,2017,2,15,3,50,9XX BEACH AVE,Central Business District,490330.956,5458081.2118
Break and Enter Commercial,2017,9,30,20,0,9XX CAMBIE ST,Central Business District,491448.4927,5458187.9218
Break and Enter Commercial,2017,10,3,14,0,9XX CAMBIE ST,Central Business District,491448.4927,5458187.9218
Break and Enter Commercial,2017,11,17,19,0,9XX CAMBIE ST,Central Business District,491448.4927,5458187.9218
Break and Enter Commercial,2017,4,18,22,8,9XX CANADA PL,Central Business District,491607.648,5459491.1327
Break and Enter Commercial,2017,12,28,7,10,9XX CANADA PL,Central Business District,491607.648,5459491.1327
Break and Enter Commercial,2017,10,8,3,49,9XX COMMERCIAL DR,Grandview-Woodland,494942.1539,5458208.7424
Break and Enter Commercial,2017,2,11,5,57,9XX DAVIE ST,Central Business District,490680.8232,5458419.3612
Break and Enter Commercial,2017,9,24,6,53,9XX DENMAN ST,West End,489975.3915,5459695.7525
Break and Enter Commercial,2017,12,9,15,0,9XX E BROADWAY AVE,Mount Pleasant,493899.5417,5456639.1866
Break and Enter Commercial,2017,12,12,23,0,9XX E BROADWAY AVE,Mount Pleasant,493914.4282,5456629.8528
Break and Enter Commercial,2017,7,8,20,15,9XX E HASTINGS ST,Strathcona,493891.0902,5458704.7322
Break and Enter Commercial,2017,7,31,5,52,9XX E HASTINGS ST,Strathcona,493891.0902,5458704.7322
Break and Enter Commercial,2017,2,14,23,49,9XX E HASTINGS ST,Strathcona,493925.8441,5458703.4645
Break and Enter Commercial,2017,4,21,4,30,9XX E HASTINGS ST,Strathcona,493925.8441,5458703.4645
Break and Enter Commercial,2017,5,18,20,32,9XX E HASTINGS ST,Strathcona,493925.8441,5458703.4645
Break and Enter Commercial,2017,8,12,4,40,9XX E HASTINGS ST,Strathcona,493925.8441,5458703.4645
Break and Enter Commercial,2017,8,25,3,22,9XX E HASTINGS ST,Strathcona,493925.8441,5458703.4645
Break and Enter Commercial,2017,9,27,15,30,9XX EVANS AVE,Strathcona,493973.7202,5457595.8963
Break and Enter Commercial,2017,4,2,12,51,9XX EVANS AVE,Strathcona,493982.4806,5457584.2349
Break and Enter Commercial,2017,4,24,5,42,9XX EVANS AVE,Strathcona,493982.4806,5457584.2349
Break and Enter Commercial,2017,10,17,19,0,9XX EXPO BLVD,Central Business District,491632.034,5458102.7151
Break and Enter Commercial,2017,9,1,7,59,9XX GRANVILLE ST,Central Business District,491069.2787,5458518.7
Break and Enter Commercial,2017,9,10,14,34,9XX GRANVILLE ST,Central Business District,491069.2787,5458518.7
Break and Enter Commercial,2017,12,10,17,58,9XX GRANVILLE ST,Central Business District,491113.0597,5458562.1567
Break and Enter Commercial,2017,7,22,20,0,9XX HEATLEY AVE,Strathcona,493477.0885,5458202.1307
Break and Enter Commercial,2017,5,9,4,50,9XX HOMER ST,Central Business District,491302.7142,5458326.5733
Break and Enter Commercial,2017,4,26,15,18,9XX HOMER ST,Central Business District,491333.1873,5458370.3288
Break and Enter Commercial,2017,8,14,3,15,9XX HORNBY ST,Central Business District,490964.2277,5458709.7242
Break and Enter Commercial,2017,9,21,3,21,9XX HORNBY ST,Central Business District,490964.2277,5458709.7242
Break and Enter Commercial,2017,11,30,15,30,9XX HOWE ST,Central Business District,491006.7888,5458602.6439
Break and Enter Commercial,2017,5,15,4,22,9XX JERVIS ST,West End,490492.6689,5459214.2957
Break and Enter Commercial,2017,10,17,6,45,9XX JERVIS ST,West End,490573.5314,5459287.7921
Break and Enter Commercial,2017,12,27,3,0,9XX KINGSWAY AVE,Kensington-Cedar Cottage,493870.6938,5455699.6069
Break and Enter Commercial,2017,6,1,4,0,9XX MAIN ST,Central Business District,492726.1723,5458200.1847
Break and Enter Commercial,2017,9,16,10,7,9XX MAINLAND ST,Central Business District,491369.9361,5458247.7543
Break and Enter Commercial,2017,8,21,20,4,9XX MAINLAND ST,Central Business District,491446.1327,5458321.9832
Break and Enter Commercial,2017,6,22,21,36,9XX NELSON ST,Central Business District,490846.0834,5458717.3349
Break and Enter Commercial,2017,1,5,7,27,9XX PACIFIC ST,Central Business District,490439.7667,5458175.4476
Break and Enter Commercial,2017,8,27,19,21,9XX PARKER ST,Strathcona,493991.0696,5458115.7851
Break and Enter Commercial,2017,9,7,15,39,9XX RAYMUR AVE,Strathcona,493994.3999,5458175.9435
Break and Enter Commercial,2017,11,18,0,0,9XX RAYMUR AVE,Strathcona,493994.3999,5458175.9435
Break and Enter Commercial,2017,11,19,3,12,9XX RAYMUR AVE,Strathcona,493994.3999,5458175.9435
Break and Enter Commercial,2017,12,15,9,26,9XX RAYMUR AVE,Strathcona,493994.3999,5458175.9435
Break and Enter Commercial,2017,5,18,7,38,9XX RICHARDS ST,Central Business District,491278.3703,5458445.3953
Break and Enter Commercial,2017,7,21,4,35,9XX SEYMOUR ST,Central Business District,491125.9219,5458441.2075
Break and Enter Commercial,2017,7,20,1,26,9XX SEYMOUR ST,Central Business District,491128.154,5458443.4336
Break and Enter Commercial,2017,5,10,2,30,9XX SEYMOUR ST,Central Business District,491128.2494,5458443.5285
Break and Enter Commercial,2017,10,21,4,31,9XX SEYMOUR ST,Central Business District,491188.4216,5458503.5388
Break and Enter Commercial,2017,11,14,23,25,9XX STATION ST,Strathcona,492790.7674,5458143.0989
Break and Enter Commercial,2017,4,5,14,30,9XX SW MARINE DR,Marpole,490663.906,5450301.8793
Break and Enter Commercial,2017,11,16,21,0,9XX TERMINAL AVE,Strathcona,493902.9131,5457453.3292
Break and Enter Commercial,2017,2,15,14,27,9XX UNION ST,Strathcona,493932.1206,5458289.6839
Break and Enter Commercial,2017,4,21,4,57,9XX W 14TH AVE,Fairview,490836.3201,5456218.5334
Break and Enter Commercial,2017,9,29,11,31,9XX W 16TH AVE,South Cambie,490772.5247,5456041.3184
Break and Enter Commercial,2017,2,21,10,26,9XX W 41ST AVE,South Cambie,490761.315,5453477.5384
Break and Enter Commercial,2017,4,15,16,45,9XX W 41ST AVE,South Cambie,490787.3106,5453476.1139
Break and Enter Commercial,2017,3,14,10,0,9XX W 6TH AVE,Fairview,490865.5808,5457027.0475
Break and Enter Commercial,2017,9,29,15,24,9XX W 6TH AVE,Fairview,490865.5808,5457027.0475
Break and Enter Commercial,2017,1,30,13,22,9XX W 70TH AVE,Marpole,490620.9265,5450641.1728
Break and Enter Commercial,2017,2,10,9,21,9XX W 70TH AVE,Marpole,490620.9265,5450641.1728
Break and Enter Commercial,2017,7,24,13,22,9XX W 70TH AVE,Marpole,490620.9265,5450641.1728
Break and Enter Commercial,2017,5,12,5,50,9XX W 7TH AVE,Fairview,490935.6927,5456941.4042
Break and Enter Commercial,2017,4,1,5,52,9XX W 8TH AVE,Fairview,490897.1861,5456840.8841
Break and Enter Commercial,2017,10,7,22,30,9XX W 8TH AVE,Fairview,490897.1861,5456840.8841
Break and Enter Commercial,2017,11,12,7,5,9XX W 8TH AVE,Fairview,490897.1861,5456840.8841
Break and Enter Commercial,2017,10,5,1,0,9XX W BROADWAY AVE,Fairview,490796.6851,5456750.1602
Break and Enter Commercial,2017,8,4,20,23,9XX W BROADWAY AVE,Fairview,490812.7748,5456740.6031
Break and Enter Commercial,2017,9,29,4,50,9XX W BROADWAY AVE,Fairview,490812.7748,5456740.6031
Break and Enter Commercial,2017,2,5,1,18,9XX W BROADWAY AVE,Fairview,490868.5049,5456748.3296
Break and Enter Commercial,2017,11,22,3,57,9XX W BROADWAY AVE,Fairview,490874.7283,5456739.0241
Break and Enter Commercial,2017,12,30,17,0,9XX W BROADWAY AVE,Fairview,490874.7283,5456739.0241
Break and Enter Commercial,2017,3,23,17,0,9XX W GEORGIA ST,Central Business District,491259.2299,5459007.7464
Break and Enter Commercial,2017,7,11,20,0,9XX W HASTINGS ST,Central Business District,491499.5999,5459389.1782
Break and Enter Commercial,2017,8,9,7,0,9XX W HASTINGS ST,Central Business District,491499.5999,5459389.1782
Break and Enter Commercial,2017,3,3,19,0,9XX W KENT AVE N,Marpole,490522.2912,5450068.513
Break and Enter Commercial,2017,3,25,16,17,BEACH AVE / HOWE ST,Central Business District,490411.7691,5458008.5912
Break and Enter Commercial,2017,10,9,16,31,BEATTY WALK / EXPO BLVD,Central Business District,491451.7216,5457972.7464
Break and Enter Commercial,2017,1,14,12,43,CARRALL ST / PACIFIC BLVD,Central Business District,492257.5987,5458266.5561
Break and Enter Commercial,2017,9,1,18,0,DRAKE ST / HORNBY ST,Central Business District,490564.5802,5458296.9376
Break and Enter Commercial,2017,12,5,22,30,OAK ST / W BROADWAY AVE,Fairview,490787.6818,5456745.8162
Break and Enter Commercial,2017,5,10,4,30,ROBSON ST / THURLOW ST,West End,490920.4233,5459101.6054
Break and Enter Commercial,2017,1,9,23,32,W 48TH AVE / WEST BLVD,Kerrisdale,488667.9971,5452826.8032
Break and Enter Commercial,2017,10,20,19,0,X E 6TH AVE,Mount Pleasant,492388.7458,5456987.55
Break and Enter Commercial,2017,1,30,15,7,X E CORDOVA ST,Central Business District,492424.9863,5458861.3321
Break and Enter Commercial,2017,3,21,2,0,X E CORDOVA ST,Central Business District,492424.9863,5458861.3321
Break and Enter Commercial,2017,7,8,21,0,X E CORDOVA ST,Central Business District,492424.9863,5458861.3321
Break and Enter Commercial,2017,2,12,11,20,X KINGSWAY AVE,Mount Pleasant,492669.4602,5456863.0683
Break and Enter Commercial,2017,2,18,23,0,X KINGSWAY AVE,Mount Pleasant,492669.4602,5456863.0683
Break and Enter Commercial,2017,9,27,1,54,X KINGSWAY AVE,Mount Pleasant,492669.4602,5456863.0683
Break and Enter Commercial,2017,12,5,8,3,X POWELL ST,Central Business District,492442.0385,5458952.5255
Break and Enter Commercial,2017,6,8,3,0,X POWELL ST,Central Business District,492443.0131,5458951.8086
Break and Enter Commercial,2017,10,11,18,30,X W 2ND AVE,Mount Pleasant,492373.784,5457401.1001
Break and Enter Commercial,2017,4,9,1,53,X W 6TH AVE,Mount Pleasant,492366.7096,5456988.2059
Break and Enter Commercial,2017,5,24,5,15,X W 6TH AVE,Mount Pleasant,492366.7096,5456988.2059
Break and Enter Commercial,2017,7,2,1,48,X W 6TH AVE,Mount Pleasant,492366.7096,5456988.2059
Break and Enter Commercial,2017,7,6,19,57,X W 6TH AVE,Mount Pleasant,492366.7096,5456988.2059
Break and Enter Commercial,2017,8,4,4,36,X W 6TH AVE,Mount Pleasant,492366.7096,5456988.2059
Break and Enter Commercial,2017,3,31,10,59,X W HASTINGS ST,Central Business District,492395.511,5458761.4987
Break and Enter Commercial,2017,4,21,16,0,X W HASTINGS ST,Central Business District,492395.511,5458761.4987
Break and Enter Commercial,2017,7,14,2,51,X W HASTINGS ST,Central Business District,492395.511,5458761.4987
Break and Enter Commercial,2017,8,29,21,7,X W HASTINGS ST,Central Business District,492395.511,5458761.4987
Break and Enter Commercial,2017,10,22,8,30,X W HASTINGS ST,Central Business District,492395.511,5458761.4987
Break and Enter Commercial,2017,9,11,19,0,X W HASTINGS ST,Central Business District,492412.6782,5458756.6448
Break and Enter Commercial,2017,8,5,4,0,X WATER ST,Central Business District,492410.9115,5458973.2148
Break and Enter Commercial,2017,10,12,3,34,X WATER ST,Central Business District,492410.9115,5458973.2148
Break and Enter Residential/Other,2017,10,13,15,0,10XX BEACH AVE,West End,490230.9167,5458190.5557
Break and Enter Residential/Other,2017,11,22,4,30,10XX BROUGHTON ST,West End,490247.1512,5459171.0415
Break and Enter Residential/Other,2017,8,20,19,20,10XX BURNABY ST,West End,490470.9272,5458468.8307
Break and Enter Residential/Other,2017,5,19,5,42,10XX BURRARD ST,West End,490729.6302,5458622.1395
Break and Enter Residential/Other,2017,7,12,14,49,10XX BURRARD ST,West End,490806.2772,5458701.6118
Break and Enter Residential/Other,2017,1,21,21,0,10XX DENMAN ST,West End,489833.6194,5459555.0513
Break and Enter Residential/Other,2017,5,30,23,0,10XX DENMAN ST,West End,489842.0669,5459563.5454
Break and Enter Residential/Other,2017,8,1,10,30,10XX DEVONSHIRE CRES,Shaughnessy,490539.6635,5454641.8693
Break and Enter Residential/Other,2017,11,29,8,0,10XX E 14TH AVE,Mount Pleasant,493964.2048,5456119.6612
Break and Enter Residential/Other,2017,12,16,15,52,10XX E 15TH AVE,Mount Pleasant,493955.0419,5456023.6473
Break and Enter Residential/Other,2017,8,2,16,0,10XX E 16TH AVE,Mount Pleasant,493974.3149,5455957.9761
Break and Enter Residential/Other,2017,6,16,11,0,10XX E 40TH AVE,Kensington-Cedar Cottage,493951.3682,5453441.0136
Break and Enter Residential/Other,2017,6,20,8,0,10XX E 56TH AVE,Sunset,493845.7808,5451803.8793
Break and Enter Residential/Other,2017,5,20,3,4,10XX E 7TH AVE,Mount Pleasant,493959.5215,5456834.1619
Break and Enter Residential/Other,2017,6,28,20,0,10XX E GEORGIA ST,Strathcona,494050.8375,5458395.8498
Break and Enter Residential/Other,2017,10,15,0,1,10XX E GEORGIA ST,Strathcona,494050.8375,5458395.8498
Break and Enter Residential/Other,2017,12,7,15,13,10XX E GEORGIA ST,Strathcona,494050.8375,5458395.8498
Break and Enter Residential/Other,2017,10,6,9,30,10XX EXPO BLVD,Central Business District,491533.4625,5458000.8907
Break and Enter Residential/Other,2017,4,17,11,48,10XX GRANVILLE ST,Central Business District,490985.6552,5458433.6542
Break and Enter Residential/Other,2017,10,13,0,23,10XX GRANVILLE ST,Central Business District,490985.6552,5458433.6542
Break and Enter Residential/Other,2017,1,19,17,20,10XX GRANVILLE ST,Central Business District,491000.4619,5458448.7923
Break and Enter Residential/Other,2017,9,27,9,54,10XX GRANVILLE ST,Central Business District,491000.4619,5458448.7923
Break and Enter Residential/Other,2017,9,28,18,58,10XX GRANVILLE ST,Central Business District,491000.4619,5458448.7923
Break and Enter Residential/Other,2017,3,20,15,50,10XX HAMILTON ST,Central Business District,491235.2443,5458172.5959
Break and Enter Residential/Other,2017,1,1,4,0,10XX HARWOOD ST,West End,490371.2944,5458414.9856
Break and Enter Residential/Other,2017,11,21,21,0,10XX HAZELTON ST,Hastings-Sunrise,497260.5154,5458044.5358
Break and Enter Residential/Other,2017,3,7,19,0,10XX HOWE ST,Central Business District,490965.2674,5458560.1973
Break and Enter Residential/Other,2017,3,20,21,30,10XX IRONWORK PASS,Fairview,490707.7672,5457250.2325
Break and Enter Residential/Other,2017,3,29,19,35,10XX MARINASIDE CRES,Central Business District,491545.474,5457835.8202
Break and Enter Residential/Other,2017,3,13,23,20,10XX MCLEAN DR,Grandview-Woodland,494580.4897,5458115.0628
Break and Enter Residential/Other,2017,6,14,17,9,10XX ODLUM DR,Grandview-Woodland,494485.128,5458097.8643
Break and Enter Residential/Other,2017,12,18,21,47,10XX PACIFIC BLVD,Central Business District,491532.5683,5457926.659
Break and Enter Residential/Other,2017,12,26,0,1,10XX PACIFIC ST,West End,490258.5131,5458368.675
Break and Enter Residential/Other,2017,4,28,12,34,10XX PACIFIC ST,West End,490298.1327,5458316.5676
Break and Enter Residential/Other,2017,9,13,1,33,10XX PARKER ST,Strathcona,494080.0022,5458126.7591
Break and Enter Residential/Other,2017,11,3,0,25,10XX SLOCAN ST,Hastings-Sunrise,496404.3162,5458094.6154
Break and Enter Residential/Other,2017,7,22,19,17,10XX VICTORIA DR,Grandview-Woodland,495229.0376,5458023.9634
Break and Enter Residential/Other,2017,5,4,11,46,10XX W 13TH AVE,Fairview,490683.3999,5456333.6169
Break and Enter Residential/Other,2017,5,17,11,23,10XX W 27TH AVE,Shaughnessy,490664.8534,5454953.1172
Break and Enter Residential/Other,2017,4,30,14,0,10XX W 29TH AVE,Shaughnessy,490596.1848,5454749.5904
Break and Enter Residential/Other,2017,4,15,14,0,10XX W 29TH AVE,Shaughnessy,490662.1664,5454749.3867
Break and Enter Residential/Other,2017,3,8,8,0,10XX W 32ND AVE,Shaughnessy,490584.8305,5454410.8965
Break and Enter Residential/Other,2017,3,31,21,19,10XX W 33RD AVE,Shaughnessy,490580.5091,5454306.155
Break and Enter Residential/Other,2017,4,27,4,0,10XX W 43RD AVE,Oakridge,490589.584,5453273.318
Break and Enter Residential/Other,2017,6,14,0,6,10XX W 45TH AVE,Oakridge,490594.2697,5453055.4666
Break and Enter Residential/Other,2017,6,13,18,28,10XX W 47TH AVE,Oakridge,490541.4798,5452856.005
Break and Enter Residential/Other,2017,1,22,15,21,10XX W 50TH AVE,Oakridge,490508.1201,5452560.5789
Break and Enter Residential/Other,2017,10,10,0,0,10XX W 50TH AVE,Oakridge,490511.0422,5452551.3662
Break and Enter Residential/Other,2017,10,20,10,0,10XX W 51ST AVE,Oakridge,490578.5396,5452450.6106
Break and Enter Residential/Other,2017,11,5,15,0,10XX W 51ST AVE,Oakridge,490602.1746,5452459.2699
Break and Enter Residential/Other,2017,2,20,11,0,10XX W 54TH AVE,Oakridge,490526.5164,5452098.9171
Break and Enter Residential/Other,2017,9,14,0,35,10XX W 8TH AVE,Fairview,490711.8706,5456854.5987
Break and Enter Residential/Other,2017,2,14,3,50,10XX W PENDER ST,Central Business District,491263.9592,5459407.5907
Break and Enter Residential/Other,2017,5,9,0,0,10XX WOLFE AVE,Shaughnessy,490566.5964,5455836.0058
Break and Enter Residential/Other,2017,8,23,0,0,10XX WOLFE AVE,Shaughnessy,490566.5964,5455836.0058
Break and Enter Residential/Other,2017,4,25,2,0,11XX BALFOUR AVE,Shaughnessy,490411.4703,5455472.1818
Break and Enter Residential/Other,2017,7,6,18,0,11XX BARCLAY ST,West End,490727.7276,5458995.6824
Break and Enter Residential/Other,2017,6,27,17,30,11XX BARCLAY ST,West End,490728.4014,5458982.008
Break and Enter Residential/Other,2017,4,30,3,0,11XX BARCLAY ST,West End,490749.3026,5458973.8993
Break and Enter Residential/Other,2017,12,16,11,30,11XX BURNABY ST,West End,490349.8498,5458577.9878
Break and Enter Residential/Other,2017,8,24,7,0,11XX COMOX ST,West End,490534.1307,5458860.6034
Break and Enter Residential/Other,2017,8,31,2,58,11XX E 10TH AVE,Mount Pleasant,494113.6188,5456518.1253
Break and Enter Residential/Other,2017,9,19,8,15,11XX E 11TH AVE,Mount Pleasant,494095.0868,5456419.7148
Break and Enter Residential/Other,2017,7,7,4,51,11XX E 14TH AVE,Mount Pleasant,494116.4125,5456127.1876
Break and Enter Residential/Other,2017,4,10,8,0,11XX E 18TH AVE,Kensington-Cedar Cottage,494060.1212,5455745.1075
Break and Enter Residential/Other,2017,11,10,4,0,11XX E 27TH AVE,Kensington-Cedar Cottage,494052.7194,5454868.3859
Break and Enter Residential/Other,2017,6,24,17,45,11XX E 49TH AVE,Sunset,494009.2493,5452517.0491
Break and Enter Residential/Other,2017,7,5,12,44,11XX E 53RD AVE,Sunset,493981.6879,5452119.4079
Break and Enter Residential/Other,2017,4,27,18,0,11XX E BROADWAY AVE,Mount Pleasant,494129.2655,5456626.8944
Break and Enter Residential/Other,2017,7,22,17,15,11XX E BROADWAY AVE,Mount Pleasant,494129.2655,5456626.8944
Break and Enter Residential/Other,2017,12,9,2,42,11XX E BROADWAY AVE,Mount Pleasant,494129.2655,5456626.8944
Break and Enter Residential/Other,2017,11,14,18,0,11XX E BROADWAY AVE,Mount Pleasant,494159.2861,5456635.6216
Break and Enter Residential/Other,2017,11,26,17,30,11XX E GEORGIA ST,Strathcona,494175.2869,5458383.7001
Break and Enter Residential/Other,2017,4,4,16,30,11XX E GEORGIA ST,Strathcona,494184.0796,5458383.4828
Break and Enter Residential/Other,2017,3,21,3,30,11XX E HASTINGS ST,Strathcona,494194.8243,5458692.5987
Break and Enter Residential/Other,2017,8,30,16,30,11XX E HASTINGS ST,Strathcona,494194.8243,5458692.5987
Break and Enter Residential/Other,2017,5,31,19,0,11XX GARDEN DR,Grandview-Woodland,495791.0166,5457952.8647
Break and Enter Residential/Other,2017,5,29,0,1,11XX GILFORD ST,West End,489675.857,5459611.2429
Break and Enter Residential/Other,2017,3,25,8,26,11XX GRANVILLE ST,Central Business District,490863.6588,5458323.1988
Break and Enter Residential/Other,2017,11,29,9,18,11XX GRANVILLE ST,Central Business District,490863.6588,5458323.1988
Break and Enter Residential/Other,2017,3,12,15,49,11XX GRANVILLE ST,Central Business District,490925.7298,5458385.5992
Break and Enter Residential/Other,2017,1,18,8,15,11XX HARO ST,West End,490826.7405,5459046.6523
Break and Enter Residential/Other,2017,9,3,9,0,11XX HARWOOD ST,West End,490240.8715,5458545.7721
Break and Enter Residential/Other,2017,9,6,13,30,11XX HARWOOD ST,West End,490240.8715,5458545.7721
Break and Enter Residential/Other,2017,4,8,20,20,11XX HARWOOD ST,West End,490259.9148,5458514.1177
Break and Enter Residential/Other,2017,6,17,23,0,11XX HARWOOD ST,West End,490294.9011,5458479.5716
Break and Enter Residential/Other,2017,4,15,7,52,11XX HORNBY ST,Central Business District,490766.7331,5458509.7331
Break and Enter Residential/Other,2017,11,2,13,45,11XX HOWE ST,Central Business District,490768.0621,5458359.5349
Break and Enter Residential/Other,2017,11,2,13,55,11XX HOWE ST,Central Business District,490768.0621,5458359.5349
Break and Enter Residential/Other,2017,2,24,23,23,11XX HOWE ST,Central Business District,490849.9689,5458442.5047
Break and Enter Residential/Other,2017,5,27,20,21,11XX HOWE ST,Central Business District,490849.9689,5458442.5047
Break and Enter Residential/Other,2017,12,3,5,8,11XX JERVIS ST,West End,490237.3427,5458949.2599
Break and Enter Residential/Other,2017,10,20,7,0,11XX JERVIS ST,West End,490254.8761,5458980.8947
Break and Enter Residential/Other,2017,11,17,0,0,11XX KEEFER ST,Strathcona,494120.0921,5458493.044
Break and Enter Residential/Other,2017,10,20,18,6,11XX KEEFER ST,Strathcona,494132.9747,5458483.875
Break and Enter Residential/Other,2017,4,1,6,30,11XX KEEFER ST,Strathcona,494183.0293,5458492.9223
Break and Enter Residential/Other,2017,9,26,13,20,11XX MAIN ST,Central Business District,492720.2567,5457977.1068
Break and Enter Residential/Other,2017,9,17,22,0,11XX MAPLE ST,Kitsilano,489087.4973,5458126.4754
Break and Enter Residential/Other,2017,10,9,13,17,11XX NELSON ST,West End,490664.9189,5458896.3544
Break and Enter Residential/Other,2017,4,30,12,5,11XX ODLUM DR,Grandview-Woodland,494483.4663,5457984.2296
Break and Enter Residential/Other,2017,5,25,8,2,11XX PENDRELL ST,West End,490448.4296,5458805.6
Break and Enter Residential/Other,2017,9,9,22,0,11XX QUEBEC ST,Central Business District,492601.828,5457998.0951
Break and Enter Residential/Other,2017,11,17,18,0,11XX QUEBEC ST,Central Business District,492603.1998,5457933.0942
Break and Enter Residential/Other,2017,6,19,12,15,11XX SEMLIN DR,Grandview-Woodland,495383.7319,5457991.3995
Break and Enter Residential/Other,2017,1,18,8,0,11XX SEYMOUR ST,Central Business District,490894.3286,5458208.1336
Break and Enter Residential/Other,2017,5,26,0,0,11XX SEYMOUR ST,Central Business District,490894.3286,5458208.1336
Break and Enter Residential/Other,2017,9,10,4,27,11XX SEYMOUR ST,Central Business District,490894.3286,5458208.1336
Break and Enter Residential/Other,2017,12,16,5,30,11XX SEYMOUR ST,Central Business District,490894.3286,5458208.1336
Break and Enter Residential/Other,2017,12,19,12,0,11XX SEYMOUR ST,Central Business District,490943.0067,5458256.6083
Break and Enter Residential/Other,2017,6,10,21,25,11XX W 14TH AVE,Fairview,490487.7503,5456227.7584
Break and Enter Residential/Other,2017,8,8,22,0,11XX W 15TH AVE,Fairview,490431.7042,5456127.6413
Break and Enter Residential/Other,2017,1,11,11,0,11XX W 32ND AVE,Shaughnessy,490414.7873,5454449.32
Break and Enter Residential/Other,2017,5,13,0,0,11XX W 33RD AVE,Shaughnessy,490493.2843,5454320.5996
Break and Enter Residential/Other,2017,8,1,17,0,11XX W 33RD AVE,Shaughnessy,490518.6432,5454319.0811
Break and Enter Residential/Other,2017,8,26,1,48,11XX W 37TH AVE,Shaughnessy,490486.1225,5453888.3009
Break and Enter Residential/Other,2017,12,29,23,0,11XX W 38TH AVE,Shaughnessy,490417.3428,5453798.4657
Break and Enter Residential/Other,2017,6,25,0,30,11XX W 42ND AVE,Oakridge,490491.8587,5453380.1462
Break and Enter Residential/Other,2017,3,10,22,33,11XX W 43RD AVE,Oakridge,490458.5345,5453279.9227
Break and Enter Residential/Other,2017,6,28,12,45,11XX W 46TH AVE,Oakridge,490299.634,5452968.3691
Break and Enter Residential/Other,2017,4,2,11,0,11XX W 47TH AVE,Oakridge,490348.6105,5452865.5799
Break and Enter Residential/Other,2017,12,26,19,30,11XX W 47TH AVE,Oakridge,490366.2442,5452873.7331
Break and Enter Residential/Other,2017,8,22,10,30,11XX W 49TH AVE,Oakridge,490341.3546,5452671.195
Break and Enter Residential/Other,2017,3,24,20,51,11XX W 50TH AVE,Oakridge,490442.5254,5452562.0414
Break and Enter Residential/Other,2017,6,24,2,30,11XX W 59TH AVE,Marpole,490411.7852,5451613.5922
Break and Enter Residential/Other,2017,5,10,23,0,11XX W 7TH AVE,Fairview,490482.1295,5456943.798
Break and Enter Residential/Other,2017,9,23,0,0,11XX W 7TH AVE,Fairview,490558.2144,5456941.8287
Break and Enter Residential/Other,2017,4,16,20,8,11XX W GEORGIA ST,Central Business District,490967.3192,5459309.7898
Break and Enter Residential/Other,2017,7,16,9,30,11XX W HASTINGS ST,Central Business District,491118.603,5459543.3036
Break and Enter Residential/Other,2017,12,2,19,49,11XX W KING EDWARD AVE,Shaughnessy,490453.8151,5455190.0827
Break and Enter Residential/Other,2017,4,2,11,30,12XX BALFOUR AVE,Shaughnessy,490278.6546,5455454.4307
Break and Enter Residential/Other,2017,9,1,7,24,12XX BIDWELL ST,West End,489721.546,5459197.7655
Break and Enter Residential/Other,2017,12,16,12,18,12XX BIDWELL ST,West End,489771.3802,5459261.7673
Break and Enter Residential/Other,2017,9,4,21,4,12XX BUTE ST,West End,490268.4277,5458764.9676
Break and Enter Residential/Other,2017,7,14,3,20,12XX CHESTNUT ST,Kitsilano,489366.8328,5458001.4489
Break and Enter Residential/Other,2017,6,18,21,0,12XX COMOX ST,West End,490416.3105,5458977.8181
Break and Enter Residential/Other,2017,10,16,13,38,12XX COMOX ST,West End,490439.7839,5458967.5871
Break and Enter Residential/Other,2017,6,12,19,0,12XX DEVONSHIRE CRES,Shaughnessy,490350.3621,5454742.9595
Break and Enter Residential/Other,2017,5,23,11,0,12XX E 11TH AVE,Mount Pleasant,494221.4851,5456426.5149
Break and Enter Residential/Other,2017,11,17,13,45,12XX E 18TH AVE,Kensington-Cedar Cottage,494262.085,5455740.5307
Break and Enter Residential/Other,2017,3,25,14,10,12XX E 19TH AVE,Kensington-Cedar Cottage,494243.9638,5455640.1547
Break and Enter Residential/Other,2017,12,1,14,45,12XX E 20TH AVE,Kensington-Cedar Cottage,494201.8448,5455550.5537
Break and Enter Residential/Other,2017,3,26,13,50,12XX E 20TH AVE,Kensington-Cedar Cottage,494279.6186,5455548.7613
Break and Enter Residential/Other,2017,11,15,12,35,12XX E 20TH AVE,Kensington-Cedar Cottage,494279.6186,5455548.7613
Break and Enter Residential/Other,2017,3,4,21,0,12XX E 23RD AVE,Kensington-Cedar Cottage,494253.6241,5455239.0916
Break and Enter Residential/Other,2017,8,30,0,1,12XX E 26TH AVE,Kensington-Cedar Cottage,494247.0675,5454980.5699
Break and Enter Residential/Other,2017,7,4,9,0,12XX E 27TH AVE,Kensington-Cedar Cottage,494181.9854,5454855.7272
Break and Enter Residential/Other,2017,5,12,13,45,12XX E 57TH AVE,Sunset,494140.902,5451715.2585
Break and Enter Residential/Other,2017,12,7,20,30,12XX E 8TH AVE,Mount Pleasant,494249.0435,5456738.3524
Break and Enter Residential/Other,2017,5,10,18,14,12XX E 8TH AVE,Mount Pleasant,494334.262,5456737.5285
Break and Enter Residential/Other,2017,9,27,21,0,12XX FOUNTAIN WAY,Fairview,490283.587,5457177.4461
Break and Enter Residential/Other,2017,5,31,23,0,12XX GARDEN DR,Grandview-Woodland,495790.4304,5457893.0307
Break and Enter Residential/Other,2017,6,14,9,0,12XX GLEN DR,Strathcona,494071.0192,5457879.462
Break and Enter Residential/Other,2017,9,17,0,0,12XX HARWOOD ST,West End,490074.5298,5458697.4542
Break and Enter Residential/Other,2017,4,10,3,47,12XX HARWOOD ST,West End,490097.7062,5458687.3502
Break and Enter Residential/Other,2017,11,10,7,37,12XX HOMER ST,Central Business District,490933.7911,5457968.3045
Break and Enter Residential/Other,2017,12,3,23,15,12XX HORNBY ST,Central Business District,490642.3094,5458368.7708
Break and Enter Residential/Other,2017,12,21,6,30,12XX ISLAND PARK WALK,Fairview,490316.3496,5457242.6591
Break and Enter Residential/Other,2017,12,21,6,30,12XX ISLAND PARK WALK,Fairview,490317.0132,5457241.4108
Break and Enter Residential/Other,2017,5,18,12,50,12XX JERVIS ST,West End,490144.0872,5458867.8652
Break and Enter Residential/Other,2017,8,11,12,30,12XX JERVIS ST,West End,490179.7496,5458889.7497
Break and Enter Residential/Other,2017,11,26,18,30,12XX JERVIS ST,West End,490179.7496,5458889.7497
Break and Enter Residential/Other,2017,3,4,7,30,12XX LAKEWOOD DR,Grandview-Woodland,495507.5995,5457864.6098
Break and Enter Residential/Other,2017,12,2,22,50,12XX LAURIER AVE,Shaughnessy,490245.4358,5455335.5304
Break and Enter Residential/Other,2017,3,12,21,40,12XX MELVILLE ST,Central Business District,490884.6131,5459551.5798
Break and Enter Residential/Other,2017,3,26,0,0,12XX NANTON AVE,Shaughnessy,490368.699,5454850.0824
Break and Enter Residential/Other,2017,7,26,3,0,12XX PENDRELL ST,West End,490316.1094,5458934.4966
Break and Enter Residential/Other,2017,1,6,0,59,12XX QUEBEC ST,Central Business District,492611.477,5457912.604
Break and Enter Residential/Other,2017,4,6,13,0,12XX ROSSLAND ST,Hastings-Sunrise,496689.5793,5457855.4917
Break and Enter Residential/Other,2017,11,20,8,15,12XX W 10TH AVE,Fairview,490345.7806,5456654.8512
Break and Enter Residential/Other,2017,5,31,12,6,12XX W 10TH AVE,Fairview,490368.0499,5456645.1692
Break and Enter Residential/Other,2017,12,12,7,45,12XX W 26TH AVE,Shaughnessy,490273.3102,5455057.0642
Break and Enter Residential/Other,2017,1,18,18,30,12XX W 27TH AVE,Shaughnessy,490325.288,5454970.5121
Break and Enter Residential/Other,2017,4,15,22,30,12XX W 32ND AVE,Shaughnessy,490207.1858,5454546.2795
Break and Enter Residential/Other,2017,1,29,1,30,12XX W 33RD AVE,Shaughnessy,490287.9255,5454332.8891
Break and Enter Residential/Other,2017,3,16,14,1,12XX W 38TH AVE,Shaughnessy,490321.4884,5453803.7651
Break and Enter Residential/Other,2017,6,22,0,0,12XX W 40TH AVE,Shaughnessy,490205.4191,5453605.4551
Break and Enter Residential/Other,2017,6,26,0,0,12XX W 40TH AVE,Shaughnessy,490205.4191,5453605.4551
Break and Enter Residential/Other,2017,6,26,8,18,12XX W 40TH AVE,Shaughnessy,490205.4191,5453605.4551
Break and Enter Residential/Other,2017,9,23,15,0,12XX W 40TH AVE,Shaughnessy,490226.0174,5453595.2667
Break and Enter Residential/Other,2017,5,4,21,0,12XX W 47TH AVE,Oakridge,490195.1129,5452883.4926
Break and Enter Residential/Other,2017,3,10,19,4,12XX W 57TH AVE,Marpole,490308.3812,5451834.1263
Break and Enter Residential/Other,2017,4,7,22,0,12XX W 57TH AVE,Oakridge,490331.6305,5451842.829
Break and Enter Residential/Other,2017,4,21,1,0,12XX W 8TH AVE,Fairview,490288.4021,5456864.1298
Break and Enter Residential/Other,2017,10,6,17,1,12XX W CORDOVA ST,Central Business District,491077.5995,5459646.4033
Break and Enter Residential/Other,2017,5,11,13,32,12XX W KING EDWARD AVE,Shaughnessy,490226.6793,5455195.7862
Break and Enter Residential/Other,2017,12,4,0,1,12XX W KING EDWARD AVE,Shaughnessy,490306.0703,5455193.712
Break and Enter Residential/Other,2017,6,10,15,24,12XX W KING EDWARD AVE,Shaughnessy,490344.1471,5455192.717
Break and Enter Residential/Other,2017,6,13,19,30,12XX W KING EDWARD AVE,Shaughnessy,490344.1471,5455192.717
Break and Enter Residential/Other,2017,2,13,21,55,12XX WOLFE AVE,Shaughnessy,490285.1831,5456113.3993
Break and Enter Residential/Other,2017,5,1,11,59,12XX WOLFE AVE,Shaughnessy,490316.3999,5456098.0446
Break and Enter Residential/Other,2017,7,31,11,0,13XX ALBERNI ST,West End,490700.6544,5459484.513
Break and Enter Residential/Other,2017,1,27,1,8,13XX BARCLAY ST,West End,490450.2246,5459269.787
Break and Enter Residential/Other,2017,11,21,8,15,13XX BARCLAY ST,West End,490461.8916,5459258.4278
Break and Enter Residential/Other,2017,8,10,9,0,13XX BIRCH WALK,Fairview,490214.1109,5457293.011
Break and Enter Residential/Other,2017,2,17,20,0,13XX BURNABY ST,West End,490090.7232,5458837.0314
Break and Enter Residential/Other,2017,8,24,10,0,13XX CONTINENTAL ST,Central Business District,490630.4225,5458164.9748
Break and Enter Residential/Other,2017,12,17,14,35,13XX COTTON DR,Grandview-Woodland,494802.6206,5457765.2543
Break and Enter Residential/Other,2017,12,1,17,12,13XX CYPRESS ST,Kitsilano,489256.5336,5457914.556
Break and Enter Residential/Other,2017,12,17,4,0,13XX DAVIE ST,West End,490114.8612,5458970.3382
Break and Enter Residential/Other,2017,7,2,1,47,13XX DAVIE ST,West End,490174.5554,5458923.7446
Break and Enter Residential/Other,2017,7,12,5,36,13XX DAVIE ST,West End,490174.5554,5458923.7446
Break and Enter Residential/Other,2017,9,16,21,30,13XX DOGWOOD AVE,Oakridge,490113.359,5452309.2718
Break and Enter Residential/Other,2017,10,18,9,0,13XX E 12TH AVE,Kensington-Cedar Cottage,494430.7765,5456316.5956
Break and Enter Residential/Other,2017,5,12,9,0,13XX E 13TH AVE,Kensington-Cedar Cottage,494416.2288,5456216.7572
Break and Enter Residential/Other,2017,11,25,2,30,13XX E 15TH AVE,Mount Pleasant,494419.9438,5455993.1974
Break and Enter Residential/Other,2017,10,26,8,2,13XX E 18TH AVE,Kensington-Cedar Cottage,494364.5105,5455747.2939
Break and Enter Residential/Other,2017,5,6,13,0,13XX E 18TH AVE,Kensington-Cedar Cottage,494430.3917,5455736.6137
Break and Enter Residential/Other,2017,8,2,20,27,13XX E 1ST AVE,Grandview-Woodland,494446.8945,5457438.5984
Break and Enter Residential/Other,2017,7,15,18,30,13XX E 1ST AVE,Grandview-Woodland,494459.3769,5457429.2958
Break and Enter Residential/Other,2017,9,21,8,49,13XX E 20TH AVE,Kensington-Cedar Cottage,494456.7885,5455535.2932
Break and Enter Residential/Other,2017,5,16,10,0,13XX E 21ST AVE,Kensington-Cedar Cottage,494437.206,5455435.0007
Break and Enter Residential/Other,2017,4,8,0,50,13XX E 33RD AVE,Kensington-Cedar Cottage,494279.6138,5454158.5605
Break and Enter Residential/Other,2017,8,25,18,13,13XX E 33RD AVE,Kensington-Cedar Cottage,494400.5737,5454167.2663
Break and Enter Residential/Other,2017,7,15,10,0,13XX E 49TH AVE,Sunset,494293.1373,5452500.1269
Break and Enter Residential/Other,2017,4,24,0,25,13XX E 55TH AVE,Sunset,494200.7267,5451875.5879
Break and Enter Residential/Other,2017,1,5,12,30,13XX E 8TH AVE,Grandview-Woodland,494402.1134,5456736.5871
Break and Enter Residential/Other,2017,4,27,12,0,13XX E 8TH AVE,Grandview-Woodland,494405.5841,5456727.3851
Break and Enter Residential/Other,2017,6,11,2,0,13XX GRAVELEY ST,Grandview-Woodland,494418.9859,5457531.5254
Break and Enter Residential/Other,2017,3,11,6,15,13XX HARWOOD ST,West End,489982.1939,5458802.5653
Break and Enter Residential/Other,2017,8,13,10,30,13XX HOMER ST,Central Business District,490891.9138,5457924.9907
Break and Enter Residential/Other,2017,6,29,22,0,13XX HORNBY ST,Central Business District,490520.7058,5458260.0395
Break and Enter Residential/Other,2017,1,10,17,30,13XX HOWE ST,Central Business District,490565.4463,5458169.3364
Break and Enter Residential/Other,2017,4,26,9,32,13XX LABURNUM ST,Kitsilano,488985.5687,5457933.4227
Break and Enter Residential/Other,2017,7,23,1,0,13XX LAURIER AVE,Shaughnessy,490138.2959,5455338.074
Break and Enter Residential/Other,2017,6,17,17,0,13XX LAURIER AVE,Shaughnessy,490138.5876,5455347.2136
Break and Enter Residential/Other,2017,12,26,16,30,13XX MARINASIDE CRES,Central Business District,491164.7367,5457687.5508
Break and Enter Residential/Other,2017,12,27,20,16,13XX MARINASIDE CRES,Central Business District,491164.7367,5457687.5508
Break and Enter Residential/Other,2017,2,13,3,24,13XX MINTO CRES,Shaughnessy,490159.4173,5454461.8845
Break and Enter Residential/Other,2017,12,12,9,40,13XX NANTON AVE,Shaughnessy,490163.0824,5454924.5724
Break and Enter Residential/Other,2017,10,30,22,16,13XX NICOLA ST,West End,489779.1502,5458862.0216
Break and Enter Residential/Other,2017,9,9,0,42,13XX NICOLA ST,West End,489804.3619,5458898.682
Break and Enter Residential/Other,2017,1,18,11,18,13XX ODLUM DR,Grandview-Woodland,494480.5802,5457787.1114
Break and Enter Residential/Other,2017,12,13,18,0,13XX VERNON DR,Strathcona,494271.8145,5457754.2845
Break and Enter Residential/Other,2017,9,7,14,30,13XX VICTORIA DR,Grandview-Woodland,495225.4416,5457774.5068
Break and Enter Residential/Other,2017,9,5,20,30,13XX VICTORIA DR,Grandview-Woodland,495225.7751,5457800.5299
Break and Enter Residential/Other,2017,3,13,3,9,13XX W 13TH AVE,Fairview,490210.9949,5456336.6484
Break and Enter Residential/Other,2017,7,12,8,0,13XX W 14TH AVE,Fairview,490162.1182,5456245.4948
Break and Enter Residential/Other,2017,5,5,15,15,13XX W 15TH AVE,Shaughnessy,490167.0903,5456132.4687
Break and Enter Residential/Other,2017,11,13,12,0,13XX W 26TH AVE,Shaughnessy,490202.6899,5455068.0294
Break and Enter Residential/Other,2017,6,13,8,45,13XX W 32ND AVE,Shaughnessy,490015.6719,5454611.9282
Break and Enter Residential/Other,2017,2,19,3,0,13XX W 33RD AVE,Shaughnessy,490063.4979,5454346.078
Break and Enter Residential/Other,2017,7,31,17,53,13XX W 33RD AVE,Shaughnessy,490124.1463,5454342.5514
Break and Enter Residential/Other,2017,5,5,15,20,13XX W 41ST AVE,Shaughnessy,490168.8126,5453502.5939
Break and Enter Residential/Other,2017,9,20,0,42,13XX W 41ST AVE,Shaughnessy,490168.8126,5453502.5939
Break and Enter Residential/Other,2017,4,21,13,59,13XX W 47TH AVE,Oakridge,490094.2699,5452888.6262
Break and Enter Residential/Other,2017,3,31,9,0,13XX W 50TH AVE,Oakridge,490122.7085,5452560.197
Break and Enter Residential/Other,2017,2,2,2,59,13XX W 51ST AVE,Oakridge,490040.9847,5452464.5434
Break and Enter Residential/Other,2017,4,19,21,51,13XX W 51ST AVE,Oakridge,490050.9072,5452464.2671
Break and Enter Residential/Other,2017,7,27,0,0,13XX W 52ND AVE,Oakridge,490008.2284,5452374.89
Break and Enter Residential/Other,2017,10,4,20,0,13XX W 53RD AVE,Oakridge,489993.5792,5452203.8593
Break and Enter Residential/Other,2017,12,26,18,32,13XX W 53RD AVE,Oakridge,489993.5792,5452203.8593
Break and Enter Residential/Other,2017,2,28,14,0,13XX W 53RD AVE,Oakridge,490037.2427,5452211.7095
Break and Enter Residential/Other,2017,5,6,23,15,13XX W 57TH AVE,Marpole,490097.0345,5451838.8255
Break and Enter Residential/Other,2017,10,8,21,58,13XX W 58TH AVE,Marpole,489989.6745,5451731.2674
Break and Enter Residential/Other,2017,11,11,19,58,13XX W 64TH AVE,Marpole,490091.6978,5451157.6162
Break and Enter Residential/Other,2017,10,5,20,55,13XX W 64TH AVE,Marpole,490165.1095,5451155.5044
Break and Enter Residential/Other,2017,4,18,22,0,13XX W 67TH AVE,Marpole,490194.6794,5450894.1994
Break and Enter Residential/Other,2017,11,1,0,0,13XX W 70TH AVE,Marpole,490141.8686,5450653.0511
Break and Enter Residential/Other,2017,11,9,13,15,13XX W 71ST AVE,Marpole,490122.0359,5450470.8105
Break and Enter Residential/Other,2017,6,9,11,36,13XX W 8TH AVE,Fairview,490221.5414,5456865.8196
Break and Enter Residential/Other,2017,6,29,10,20,13XX W KING EDWARD AVE,Shaughnessy,490068.782,5455169.4857
Break and Enter Residential/Other,2017,12,1,22,43,13XX W KING EDWARD AVE,Shaughnessy,490068.782,5455169.4857
Break and Enter Residential/Other,2017,3,27,2,0,13XX W PENDER ST,Central Business District,490795.483,5459621.3014
Break and Enter Residential/Other,2017,12,7,10,47,14XX ANGUS DR,Shaughnessy,489980.5437,5455825.0475
Break and Enter Residential/Other,2017,8,1,21,45,14XX ARBUTUS ST,Kitsilano,488904.967,5457803.6164
Break and Enter Residential/Other,2017,4,14,12,50,14XX BARCLAY ST,West End,490377.0345,5459328.8982
Break and Enter Residential/Other,2017,1,17,18,30,14XX BURRARD STREET BRDG,Central Business District,490337.7016,5458209.9872
Break and Enter Residential/Other,2017,5,3,12,30,14XX CEDAR COTTAGE MEWS,Kensington-Cedar Cottage,494541.5889,5455120.3404
Break and Enter Residential/Other,2017,5,5,7,3,14XX CYPRESS ST,Kitsilano,489255.7431,5457870.9671
Break and Enter Residential/Other,2017,4,3,12,15,14XX DEVONSHIRE CRES,Shaughnessy,489949.6257,5454872.3715
Break and Enter Residential/Other,2017,11,14,2,18,14XX DEVONSHIRE CRES,Shaughnessy,489949.6257,5454872.3715
Break and Enter Residential/Other,2017,9,19,1,5,14XX DOGWOOD AVE,Oakridge,489874.2159,5452315.6121
Break and Enter Residential/Other,2017,10,30,8,0,14XX E 10TH AVE,Kensington-Cedar Cottage,494550.398,5456522.6265
Break and Enter Residential/Other,2017,2,10,18,0,14XX E 15TH AVE,Kensington-Cedar Cottage,494608.0997,5455972.3406
Break and Enter Residential/Other,2017,5,16,18,18,14XX E 17TH AVE,Kensington-Cedar Cottage,494495.6014,5455846.1698
Break and Enter Residential/Other,2017,12,24,12,0,14XX E 17TH AVE,Kensington-Cedar Cottage,494495.6014,5455846.1698
Break and Enter Residential/Other,2017,8,15,8,2,14XX E 1ST AVE,Grandview-Woodland,494560.6553,5457437.2702
Break and Enter Residential/Other,2017,11,3,13,50,14XX E 1ST AVE,Grandview-Woodland,494614.4987,5457427.5704
Break and Enter Residential/Other,2017,3,30,2,11,14XX E 20TH AVE,Kensington-Cedar Cottage,494651.7531,5455530.228
Break and Enter Residential/Other,2017,11,22,12,0,14XX E 21ST AVE,Kensington-Cedar Cottage,494539.4215,5455442.1386
Break and Enter Residential/Other,2017,9,12,11,0,14XX E 3RD AVE,Grandview-Woodland,494546.6995,5457237.9772
Break and Enter Residential/Other,2017,5,8,12,20,14XX E 45TH AVE,Victoria-Fraserview,494424.5919,5452911.837
Break and Enter Residential/Other,2017,11,27,11,30,14XX E 59TH AVE,Victoria-Fraserview,494438.0588,5451509.0457
Break and Enter Residential/Other,2017,5,3,12,30,14XX E KING EDWARD AVE,Kensington-Cedar Cottage,494612.1883,5455088.2516
Break and Enter Residential/Other,2017,2,21,11,0,14XX GRANT ST,Grandview-Woodland,494561.8219,5457631.7717
Break and Enter Residential/Other,2017,8,13,9,55,14XX GRANT ST,Grandview-Woodland,494579.7926,5457630.9799
Break and Enter Residential/Other,2017,9,22,15,0,14XX GRAVELEY ST,Grandview-Woodland,494567.6397,5457529.3193
Break and Enter Residential/Other,2017,10,14,0,26,14XX KINGSWAY AVE,Kensington-Cedar Cottage,494646.2221,5455137.6685
Break and Enter Residential/Other,2017,8,12,5,30,14XX LAMEYS MILL RD,Fairview,490094.2869,5457244.9618
Break and Enter Residential/Other,2017,5,12,13,22,14XX MCRAE AVE,Shaughnessy,490022.6048,5456038.5857
Break and Enter Residential/Other,2017,1,23,14,31,14XX MINTO CRES,Shaughnessy,490008.5222,5454474.9332
Break and Enter Residential/Other,2017,6,6,13,45,14XX NANTON AVE,Shaughnessy,489892.7283,5454964.5633
Break and Enter Residential/Other,2017,7,13,8,21,14XX NANTON AVE,Shaughnessy,489973.8411,5454971.0715
Break and Enter Residential/Other,2017,7,9,10,24,14XX NANTON AVE,Shaughnessy,490024.6195,5454960.2692
Break and Enter Residential/Other,2017,11,24,15,22,14XX SE MARINE DR,Victoria-Fraserview,494500.6941,5450934.0246
Break and Enter Residential/Other,2017,9,21,4,0,14XX SEYMOUR MEWS,Central Business District,490587.4764,5457886.2544
Break and Enter Residential/Other,2017,11,10,8,51,14XX TILNEY MEWS,Oakridge,489827.3599,5452444.7282
Break and Enter Residential/Other,2017,2,17,10,43,14XX W 11TH AVE,Fairview,490024.3073,5456550.2658
Break and Enter Residential/Other,2017,1,2,11,50,14XX W 32ND AVE,Shaughnessy,489944.6512,5454591.4588
Break and Enter Residential/Other,2017,3,16,18,31,14XX W 32ND AVE,Shaughnessy,489944.6512,5454591.4588
Break and Enter Residential/Other,2017,9,25,19,0,14XX W 33RD AVE,Shaughnessy,489929.9503,5454354.933
Break and Enter Residential/Other,2017,5,16,17,0,14XX W 33RD AVE,Shaughnessy,489981.257,5454351.4342
Break and Enter Residential/Other,2017,7,15,23,25,14XX W 33RD AVE,Shaughnessy,489981.257,5454351.4342
Break and Enter Residential/Other,2017,6,8,18,0,14XX W 37TH AVE,Shaughnessy,490004.4566,5453916.4861
Break and Enter Residential/Other,2017,1,14,23,0,14XX W 41ST AVE,Shaughnessy,489983.212,5453512.6115
Break and Enter Residential/Other,2017,7,6,10,33,14XX W 45TH AVE,Oakridge,489970.7867,5453090.4541
Break and Enter Residential/Other,2017,7,17,20,0,14XX W 46TH AVE,Oakridge,489980.4825,5452995.9131
Break and Enter Residential/Other,2017,2,22,18,28,14XX W 47TH AVE,Oakridge,489958.2456,5452886.1971
Break and Enter Residential/Other,2017,9,9,21,15,14XX W 54TH AVE,Oakridge,489805.7692,5452106.8951
Break and Enter Residential/Other,2017,7,29,22,37,14XX W 54TH AVE,Oakridge,489915.8743,5452113.4911
Break and Enter Residential/Other,2017,7,30,11,59,14XX W 55TH AVE,Oakridge,489940.044,5452012.1534
Break and Enter Residential/Other,2017,8,2,15,23,14XX W 57TH AVE,Marpole,489951.9621,5451842.0019
Break and Enter Residential/Other,2017,1,25,0,0,14XX W 59TH AVE,Marpole,489935.4626,5451633.0523
Break and Enter Residential/Other,2017,12,9,1,0,14XX W 70TH AVE,Marpole,489866.6956,5450658.8184
Break and Enter Residential/Other,2017,5,23,10,40,14XX W 70TH AVE,Marpole,489880.3968,5450649.6292
Break and Enter Residential/Other,2017,5,10,12,0,14XX W 71ST AVE,Marpole,489883.4514,5450476.9264
Break and Enter Residential/Other,2017,1,12,7,30,14XX W 71ST AVE,Marpole,489921.4807,5450485.1052
Break and Enter Residential/Other,2017,8,31,9,19,14XX W GEORGIA ST,Central Business District,490640.3276,5459634.2527
Break and Enter Residential/Other,2017,9,8,9,0,14XX W KING EDWARD AVE,Shaughnessy,489995.2572,5455171.9068
Break and Enter Residential/Other,2017,5,6,22,0,15XX ADANAC ST,Grandview-Woodland,494639.3325,5458317.1795
Break and Enter Residential/Other,2017,4,18,21,0,15XX ANGUS DR,Shaughnessy,489840.9209,5455742.1914
Break and Enter Residential/Other,2017,3,28,1,54,15XX CHARLES ST,Grandview-Woodland,494679.6171,5457817.3756
Break and Enter Residential/Other,2017,4,2,4,30,15XX COAL HARBOUR QUAY,Central Business District,490710.7048,5459851.8461
Break and Enter Residential/Other,2017,3,10,18,30,15XX CYPRESS ST,Kitsilano,489242.1598,5457705.7993
Break and Enter Residential/Other,2017,8,11,3,22,15XX E 10TH AVE,Kensington-Cedar Cottage,494682.4063,5456513.136
Break and Enter Residential/Other,2017,10,13,0,0,15XX E 10TH AVE,Kensington-Cedar Cottage,494682.4063,5456513.136
Break and Enter Residential/Other,2017,4,3,1,0,15XX E 11TH AVE,Kensington-Cedar Cottage,494707.6729,5456411.5413
Break and Enter Residential/Other,2017,3,22,17,25,15XX E 12TH AVE,Kensington-Cedar Cottage,494746.1217,5456321.9246
Break and Enter Residential/Other,2017,1,6,17,0,15XX E 12TH AVE,Kensington-Cedar Cottage,494749.9493,5456312.7497
Break and Enter Residential/Other,2017,7,8,8,13,15XX E 14TH AVE,Kensington-Cedar Cottage,494732.3843,5456119.5246
Break and Enter Residential/Other,2017,9,24,18,32,15XX E 1ST AVE,Grandview-Woodland,494730.2532,5457434.9862
Break and Enter Residential/Other,2017,5,17,8,30,15XX E 33RD AVE,Kensington-Cedar Cottage,494625.1101,5454154.8079
Break and Enter Residential/Other,2017,8,22,9,0,15XX E 35TH AVE,Kensington-Cedar Cottage,494704.5423,5453964.1077
Break and Enter Residential/Other,2017,1,24,16,2,15XX E 3RD AVE,Grandview-Woodland,494708.4111,5457226.5316
Break and Enter Residential/Other,2017,2,27,8,0,15XX E 41ST AVE,Victoria-Fraserview,494680.3487,5453318.0044
Break and Enter Residential/Other,2017,7,4,19,0,15XX E 49TH AVE,Victoria-Fraserview,494645.8421,5452504.4974
Break and Enter Residential/Other,2017,9,22,19,0,15XX E 4TH AVE,Grandview-Woodland,494700.8583,5457132.3783
Break and Enter Residential/Other,2017,2,7,14,26,15XX E 4TH AVE,Grandview-Woodland,494713.5461,5457123.13
Break and Enter Residential/Other,2017,9,29,0,0,15XX E 54TH AVE,Victoria-Fraserview,494605.4538,5451954.2906
Break and Enter Residential/Other,2017,11,20,19,7,15XX E 57TH AVE,Victoria-Fraserview,494582.6899,5451710.9261
Break and Enter Residential/Other,2017,3,24,12,0,15XX E 5TH AVE,Grandview-Woodland,494696.8739,5457025.9432
Break and Enter Residential/Other,2017,9,12,10,0,15XX E 5TH AVE,Grandview-Woodland,494697.1969,5457035.0836
Break and Enter Residential/Other,2017,11,8,15,10,15XX E 5TH AVE,Grandview-Woodland,494697.1969,5457035.0836
Break and Enter Residential/Other,2017,4,11,18,45,15XX E 60TH AVE,Victoria-Fraserview,494545.5763,5451414.8837
Break and Enter Residential/Other,2017,2,16,11,0,15XX E 61ST AVE,Victoria-Fraserview,494576.1476,5451319.7935
Break and Enter Residential/Other,2017,10,1,1,56,15XX E 6TH AVE,Grandview-Woodland,494728.632,5456934.748
Break and Enter Residential/Other,2017,1,11,8,45,15XX E 8TH AVE,Grandview-Woodland,494699.3635,5456731.2422
Break and Enter Residential/Other,2017,12,24,15,0,15XX E 8TH AVE,Grandview-Woodland,494720.1243,5456730.8622
Break and Enter Residential/Other,2017,10,9,10,31,15XX E BROADWAY AVE,Kensington-Cedar Cottage,494701.4889,5456618.9058
Break and Enter Residential/Other,2017,3,29,21,46,15XX HARO ST,West End,490387.9769,5459481.5652
Break and Enter Residential/Other,2017,10,6,11,30,15XX HOMER MEWS,Central Business District,490754.8994,5457632.5193
Break and Enter Residential/Other,2017,7,24,0,0,15XX HOMER MEWS,Central Business District,490755.4372,5457633.0863
Break and Enter Residential/Other,2017,8,23,3,30,15XX ISLAND PARK WALK,Fairview,490004.7375,5457480.7404
Break and Enter Residential/Other,2017,1,11,17,0,15XX KAMLOOPS ST,Hastings-Sunrise,496026.6172,5457585.1095
Break and Enter Residential/Other,2017,7,3,9,30,15XX KITCHENER ST,Grandview-Woodland,494681.904,5457718.6148
Break and Enter Residential/Other,2017,4,20,15,0,15XX KITCHENER ST,Grandview-Woodland,494692.5787,5457709.3054
Break and Enter Residential/Other,2017,8,17,7,30,15XX KITCHENER ST,Grandview-Woodland,494725.0823,5457708.805
Break and Enter Residential/Other,2017,10,13,8,15,15XX KITCHENER ST,Grandview-Woodland,494735.8403,5457708.6394
Break and Enter Residential/Other,2017,6,8,7,30,15XX MARINER WALK,Fairview,489864.4304,5457485.5418
Break and Enter Residential/Other,2017,6,20,3,52,15XX MATTHEWS AVE,Shaughnessy,489834.427,5455599.0683
Break and Enter Residential/Other,2017,7,7,11,50,15XX MATTHEWS AVE,Shaughnessy,489834.427,5455599.0683
Break and Enter Residential/Other,2017,7,8,4,59,15XX MATTHEWS AVE,Shaughnessy,489834.427,5455599.0683
Break and Enter Residential/Other,2017,6,15,0,0,15XX NANTON AVE,Shaughnessy,489820.7866,5454966.0417
Break and Enter Residential/Other,2017,1,26,3,34,15XX POWELL ST,Grandview-Woodland,494636.66,5458946.5124
Break and Enter Residential/Other,2017,1,29,4,58,15XX POWELL ST,Grandview-Woodland,494636.66,5458946.5124
Break and Enter Residential/Other,2017,5,6,9,50,15XX POWELL ST,Grandview-Woodland,494636.66,5458946.5124
Break and Enter Residential/Other,2017,11,27,4,45,15XX POWELL ST,Grandview-Woodland,494636.66,5458946.5124
Break and Enter Residential/Other,2017,10,23,15,47,15XX SALSBURY DR,Grandview-Woodland,495071.5089,5457605.6943
Break and Enter Residential/Other,2017,10,24,13,7,15XX SALSBURY DR,Grandview-Woodland,495071.5089,5457605.6943
Break and Enter Residential/Other,2017,12,27,18,45,15XX W 1ST AVE,Fairview,489794.6847,5457636.7703
Break and Enter Residential/Other,2017,9,28,7,31,15XX W 1ST AVE,Fairview,489811.3325,5457645.5782
Break and Enter Residential/Other,2017,8,7,22,36,15XX W 29TH AVE,Shaughnessy,489740.4264,5454758.5252
Break and Enter Residential/Other,2017,6,6,22,47,15XX W 29TH AVE,Shaughnessy,489782.0119,5454748.3832
Break and Enter Residential/Other,2017,6,1,0,0,15XX W 29TH AVE,Shaughnessy,489782.2307,5454757.5246
Break and Enter Residential/Other,2017,6,9,12,59,15XX W 2ND AVE,Fairview,489830.2804,5457441.9277
Break and Enter Residential/Other,2017,7,9,12,45,15XX W 33RD AVE,Shaughnessy,489746.8638,5454352.4347
Break and Enter Residential/Other,2017,12,13,3,35,15XX W 36TH AVE,Shaughnessy,489806.6232,5454030.0872
Break and Enter Residential/Other,2017,8,15,21,50,15XX W 54TH AVE,Kerrisdale,489786.7696,5452116.4204
Break and Enter Residential/Other,2017,1,9,7,45,15XX W 57TH AVE,Kerrisdale,489756.3909,5451853.9471
Break and Enter Residential/Other,2017,3,25,18,0,15XX W 57TH AVE,Kerrisdale,489756.3909,5451853.9471
Break and Enter Residential/Other,2017,8,30,23,0,15XX W 58TH AVE,Marpole,489709.6114,5451763.2108
Break and Enter Residential/Other,2017,8,14,16,0,15XX W 59TH AVE,Marpole,489597.5615,5451670.9178
Break and Enter Residential/Other,2017,9,27,10,0,15XX W 64TH AVE,Marpole,489724.321,5451157.0251
Break and Enter Residential/Other,2017,10,10,16,12,15XX W 6TH AVE,Fairview,489876.1294,5457061.894
Break and Enter Residential/Other,2017,3,4,19,32,15XX W 7TH AVE,Fairview,489803.8257,5456961.0997
Break and Enter Residential/Other,2017,6,11,9,2,15XX W KING EDWARD AVE,Shaughnessy,489709.6682,5455212.7437
Break and Enter Residential/Other,2017,3,18,17,1,15XX WOODLAND DR,Grandview-Woodland,494652.1964,5457577.6253
Break and Enter Residential/Other,2017,6,9,19,0,15XX WOODLAND DR,Grandview-Woodland,494652.221,5457578.8873
Break and Enter Residential/Other,2017,11,23,16,13,1625A FORESHORE WALK,Fairview,490051.4833,5457661.6266
Break and Enter Residential/Other,2017,10,22,3,47,16XX ADANAC ST,Grandview-Woodland,494745.3215,5458313.6914
Break and Enter Residential/Other,2017,2,12,17,0,16XX ADANAC ST,Grandview-Woodland,494789.8734,5458321.7607
Break and Enter Residential/Other,2017,3,12,22,0,16XX ADANAC ST,Grandview-Woodland,494789.8734,5458321.7607
Break and Enter Residential/Other,2017,7,14,20,26,16XX ALBERNI ST,West End,490358.3777,5459810.3743
Break and Enter Residential/Other,2017,8,19,0,30,16XX BURNABY ST,West End,489770.7784,5459163.6721
Break and Enter Residential/Other,2017,11,17,11,26,16XX CYPRESS ST,Kitsilano,489238.8235,5457584.5527
Break and Enter Residential/Other,2017,10,12,16,0,16XX DURANLEAU ST,Fairview,490105.4441,5457699.5309
Break and Enter Residential/Other,2017,11,18,17,0,16XX DURANLEAU ST,Fairview,490105.4441,5457699.5309
Break and Enter Residential/Other,2017,6,24,2,19,16XX DURANLEAU ST,Fairview,490106.4169,5457737.8729
Break and Enter Residential/Other,2017,8,15,2,4,16XX DURANLEAU ST,Fairview,490106.4169,5457737.8729
Break and Enter Residential/Other,2017,11,15,1,0,16XX E 11TH AVE,Kensington-Cedar Cottage,494806.8979,5456418.5428
Break and Enter Residential/Other,2017,8,30,12,0,16XX E 13TH AVE,Kensington-Cedar Cottage,494816.4015,5456212.4652
Break and Enter Residential/Other,2017,8,10,19,59,16XX E 29TH AVE,Kensington-Cedar Cottage,494765.026,5454579.2958
Break and Enter Residential/Other,2017,11,13,15,30,16XX E 34TH AVE,Kensington-Cedar Cottage,494760.8918,5454058.3053
Break and Enter Residential/Other,2017,8,20,14,0,16XX E 35TH AVE,Kensington-Cedar Cottage,494783.1872,5453960.5009
Break and Enter Residential/Other,2017,9,7,10,0,16XX E 3RD AVE,Grandview-Woodland,494846.5874,5457224.6062
Break and Enter Residential/Other,2017,9,19,10,30,16XX E 3RD AVE,Grandview-Woodland,494862.5384,5457224.3853
Break and Enter Residential/Other,2017,6,27,13,15,16XX E 51ST AVE,Victoria-Fraserview,494758.5164,5452289.616
Break and Enter Residential/Other,2017,6,13,22,0,16XX E 5TH AVE,Grandview-Woodland,494844.9601,5457033.1936
Break and Enter Residential/Other,2017,5,24,19,10,16XX E 5TH AVE,Grandview-Woodland,494854.3132,5457023.9295
Break and Enter Residential/Other,2017,11,16,7,0,16XX E 5TH AVE,Grandview-Woodland,494854.3132,5457023.9295
Break and Enter Residential/Other,2017,10,4,19,0,16XX E 61ST AVE,Victoria-Fraserview,494652.903,5451309.409
Break and Enter Residential/Other,2017,3,20,20,53,16XX E 6TH AVE,Grandview-Woodland,494900.2097,5456922.3114
Break and Enter Residential/Other,2017,2,7,6,55,16XX E 8TH AVE,Grandview-Woodland,494794.1286,5456729.5066
Break and Enter Residential/Other,2017,6,23,10,0,16XX E BROADWAY AVE,Kensington-Cedar Cottage,494813.5749,5456617.3543
Break and Enter Residential/Other,2017,9,14,14,3,16XX E PENDER ST,Grandview-Woodland,494838.4325,5458612.9387
Break and Enter Residential/Other,2017,11,10,9,25,16XX FORESHORE WALK,Fairview,490051.4954,5457661.3555
Break and Enter Residential/Other,2017,8,4,11,20,16XX GRANVILLE ST,Central Business District,490419.584,5457877.1578
Break and Enter Residential/Other,2017,12,13,14,30,16XX GRANVILLE ST,Central Business District,490419.584,5457877.1578
Break and Enter Residential/Other,2017,12,13,15,14,16XX GRANVILLE ST,Central Business District,490419.584,5457877.1578
Break and Enter Residential/Other,2017,12,13,16,13,16XX GRANVILLE ST,Central Business District,490419.584,5457877.1578
Break and Enter Residential/Other,2017,12,13,16,26,16XX GRANVILLE ST,Central Business District,490419.584,5457877.1578
Break and Enter Residential/Other,2017,8,25,23,20,16XX HARO ST,West End,490242.0585,5459620.1442
Break and Enter Residential/Other,2017,6,17,12,30,16XX HARO ST,West End,490282.5213,5459577.9292
Break and Enter Residential/Other,2017,5,2,15,53,16XX LAURIER AVE,Shaughnessy,489606.4515,5455359.0728
Break and Enter Residential/Other,2017,12,15,12,0,16XX LILLOOET ST,Hastings-Sunrise,497162.7687,5457456.4195
Break and Enter Residential/Other,2017,10,13,16,0,16XX MATTHEWS AVE,Shaughnessy,489729.4819,5455581.6775
Break and Enter Residential/Other,2017,8,18,8,30,16XX PARKER ST,Grandview-Woodland,494931.6317,5458118.6748
Break and Enter Residential/Other,2017,10,23,0,28,16XX PARKER ST,Grandview-Woodland,494931.6317,5458118.6748
Break and Enter Residential/Other,2017,8,1,22,0,16XX QUEBEC ST,Mount Pleasant,492550.4213,5457539.3131
Break and Enter Residential/Other,2017,4,11,13,45,16XX QUEBEC ST,Mount Pleasant,492588.7135,5457658.0048
Break and Enter Residential/Other,2017,12,2,13,14,16XX SALSBURY DR,Grandview-Woodland,495079.0117,5457492.6482
Break and Enter Residential/Other,2017,1,12,8,40,16XX W 12TH AVE,Fairview,489653.6521,5456469.3625
Break and Enter Residential/Other,2017,6,5,3,58,16XX W 13TH AVE,Fairview,489640.5389,5456350.5278
Break and Enter Residential/Other,2017,2,23,21,0,16XX W 29TH AVE,Shaughnessy,489608.077,5454761.6185
Break and Enter Residential/Other,2017,5,2,13,42,16XX W 29TH AVE,Shaughnessy,489624.2456,5454752.0994
Break and Enter Residential/Other,2017,7,15,5,41,16XX W 2ND AVE,Fairview,489669.6083,5457446.1385
Break and Enter Residential/Other,2017,11,7,15,0,16XX W 37TH AVE,Shaughnessy,489622.6537,5453928.9917
Break and Enter Residential/Other,2017,1,7,0,56,16XX W 40TH AVE,Shaughnessy,489551.4381,5453671.7924
Break and Enter Residential/Other,2017,3,6,10,51,16XX W 40TH AVE,Shaughnessy,489551.4381,5453671.7924
Break and Enter Residential/Other,2017,3,11,15,4,16XX W 40TH AVE,Shaughnessy,489551.4381,5453671.7924
Break and Enter Residential/Other,2017,6,29,8,0,16XX W 40TH AVE,Shaughnessy,489638.4774,5453661.8278
Break and Enter Residential/Other,2017,7,1,20,30,16XX W 41ST AVE,Shaughnessy,489577.2952,5453526.7205
Break and Enter Residential/Other,2017,8,5,7,51,16XX W 54TH AVE,Kerrisdale,489568.5074,5452120.6935
Break and Enter Residential/Other,2017,11,9,7,52,16XX W 58TH AVE,Marpole,489456.0969,5451768.3976
Break and Enter Residential/Other,2017,12,30,11,10,16XX W 58TH AVE,Marpole,489507.1002,5451766.7478
Break and Enter Residential/Other,2017,8,13,19,0,16XX W 62ND AVE,Marpole,489459.9391,5451361.7089
Break and Enter Residential/Other,2017,11,6,17,0,16XX W 64TH AVE,Marpole,489375.3162,5451167.0634
Break and Enter Residential/Other,2017,6,8,7,30,16XX W 6TH AVE,Fairview,489632.077,5457059.4061
Break and Enter Residential/Other,2017,6,30,15,30,16XX W 6TH AVE,Fairview,489711.5992,5457057.1915
Break and Enter Residential/Other,2017,1,4,17,25,17XX ANGUS DR,Shaughnessy,489484.5635,5455597.6385
Break and Enter Residential/Other,2017,1,4,21,54,17XX ANGUS DR,Shaughnessy,489484.5635,5455597.6385
Break and Enter Residential/Other,2017,8,17,8,0,17XX CEDAR CRES,Shaughnessy,489421.4511,5455953.4111
Break and Enter Residential/Other,2017,10,20,17,31,17XX CHARLES ST,Grandview-Woodland,495000.1367,5457815.207
Break and Enter Residential/Other,2017,4,11,9,20,17XX COMOX ST,West End,489888.1719,5459515.3215
Break and Enter Residential/Other,2017,11,10,17,0,17XX COTTON DR,Grandview-Woodland,494797.5125,5457410.7879
Break and Enter Residential/Other,2017,3,11,7,50,17XX DAVIE ST,West End,489739.8249,5459341.2534
Break and Enter Residential/Other,2017,2,25,9,46,17XX DRUMMOND DR,West Point Grey,483886.123,5457692.9503
Break and Enter Residential/Other,2017,2,10,22,0,17XX E 14TH AVE,Kensington-Cedar Cottage,495009.7832,5456115.4429
Break and Enter Residential/Other,2017,4,9,15,0,17XX E 28TH AVE,Kensington-Cedar Cottage,494982.1056,5454703.611
Break and Enter Residential/Other,2017,11,30,8,0,17XX E 34TH AVE,Kensington-Cedar Cottage,494828.8898,5454065.8984
Break and Enter Residential/Other,2017,12,20,17,0,17XX E 34TH AVE,Kensington-Cedar Cottage,494955.2959,5454053.7968
Break and Enter Residential/Other,2017,8,22,18,0,17XX E 41ST AVE,Kensington-Cedar Cottage,494872.7804,5453322.6496
Break and Enter Residential/Other,2017,5,22,17,29,17XX E 62ND AVE,Victoria-Fraserview,494869.1903,5451212.162
Break and Enter Residential/Other,2017,1,29,9,38,17XX E 6TH AVE,Grandview-Woodland,495055.9663,5456920.1215
Break and Enter Residential/Other,2017,3,30,21,0,17XX E GEORGIA ST,Grandview-Woodland,494981.3691,5458419.2858
Break and Enter Residential/Other,2017,8,24,23,29,17XX E PENDER ST,Grandview-Woodland,494919.3626,5458620.6769
Break and Enter Residential/Other,2017,6,21,19,0,17XX E PENDER ST,Grandview-Woodland,494953.1561,5458610.9566
Break and Enter Residential/Other,2017,11,19,11,30,17XX FRANCES ST,Grandview-Woodland,494942.7709,5458519.3309
Break and Enter Residential/Other,2017,11,18,17,0,17XX FRANCES ST,Grandview-Woodland,494945.7308,5458519.2649
Break and Enter Residential/Other,2017,12,20,12,0,17XX FRANCES ST,Grandview-Woodland,494978.0855,5458509.3966
Break and Enter Residential/Other,2017,9,4,0,30,17XX FRANCES ST,Grandview-Woodland,494993.0889,5458518.2081
Break and Enter Residential/Other,2017,8,18,20,0,17XX MATTHEWS AVE,Shaughnessy,489429.9824,5455440.4852
Break and Enter Residential/Other,2017,9,3,7,38,17XX QUEBEC ST,Mount Pleasant,492523.5785,5457415.4789
Break and Enter Residential/Other,2017,1,6,21,54,17XX SW MARINE DR,Marpole,489222.4681,5450675.6895
Break and Enter Residential/Other,2017,7,12,0,0,17XX TRUTCH ST,Kitsilano,487223.9448,5457527.1892
Break and Enter Residential/Other,2017,11,29,19,20,17XX W 10TH AVE,Fairview,489491.8316,5456677.4491
Break and Enter Residential/Other,2017,6,29,16,30,17XX W 12TH AVE,Fairview,489440.0679,5456467.5962
Break and Enter Residential/Other,2017,8,6,21,0,17XX W 13TH AVE,Fairview,489408.342,5456357.6707
Break and Enter Residential/Other,2017,2,4,12,30,17XX W 13TH AVE,Fairview,489468.711,5456355.7067
Break and Enter Residential/Other,2017,2,6,9,0,17XX W 13TH AVE,Fairview,489532.403,5456353.6347
Break and Enter Residential/Other,2017,7,17,0,0,17XX W 16TH AVE,Shaughnessy,489422.7258,5456050.2884
Break and Enter Residential/Other,2017,3,11,0,0,17XX W 16TH AVE,Fairview,489486.1088,5456057.7402
Break and Enter Residential/Other,2017,5,6,20,0,17XX WATERLOO ST,Kitsilano,486930.197,5457620.9394
Break and Enter Residential/Other,2017,9,7,23,0,18XX ALBERNI ST,West End,490161.5597,5460017.2296
Break and Enter Residential/Other,2017,4,25,11,27,18XX COTTON DR,Grandview-Woodland,494796.2999,5457309.707
Break and Enter Residential/Other,2017,5,11,18,0,18XX CREELMAN AVE,Kitsilano,489330.3114,5457979.1692
Break and Enter Residential/Other,2017,5,10,5,1,18XX CREELMAN AVE,Kitsilano,489338.3494,5457978.8786
Break and Enter Residential/Other,2017,8,23,5,7,18XX CROWE ST,Mount Pleasant,491875.1021,5457294.4062
Break and Enter Residential/Other,2017,2,15,10,14,18XX DRUMMOND DR,West Point Grey,483944.1906,5457595.2954
Break and Enter Residential/Other,2017,3,31,18,0,18XX E 1ST AVE,Grandview-Woodland,495117.7173,5457419.1841
Break and Enter Residential/Other,2017,7,18,8,0,18XX E 3RD AVE,Grandview-Woodland,495075.564,5457230.5585
Break and Enter Residential/Other,2017,3,1,13,3,18XX E 3RD AVE,Grandview-Woodland,495086.3323,5457230.4078
Break and Enter Residential/Other,2017,9,20,15,6,18XX E 64TH AVE,Victoria-Fraserview,495023.7531,5451020.1551
Break and Enter Residential/Other,2017,6,26,21,48,18XX E 6TH AVE,Grandview-Woodland,495117.6962,5456919.3166
Break and Enter Residential/Other,2017,9,21,13,25,18XX E 6TH AVE,Grandview-Woodland,495131.8086,5456928.2776
Break and Enter Residential/Other,2017,9,4,0,14,18XX E GEORGIA ST,Grandview-Woodland,495178.01,5458414.0507
Break and Enter Residential/Other,2017,9,1,1,0,18XX FRANCES ST,Grandview-Woodland,495164.2522,5458514.6052
Break and Enter Residential/Other,2017,7,25,11,30,18XX GRANT ST,Grandview-Woodland,495177.275,5457611.2675
Break and Enter Residential/Other,2017,2,21,19,12,18XX MAPLE ST,Kitsilano,489066.6657,5457380.7558
Break and Enter Residential/Other,2017,4,28,17,30,18XX MATTHEWS AVE,Shaughnessy,489205.9941,5455380.3325
Break and Enter Residential/Other,2017,5,17,11,49,18XX MATTHEWS AVE,Shaughnessy,489205.9941,5455380.3325
Break and Enter Residential/Other,2017,6,30,17,0,18XX MATTHEWS AVE,Shaughnessy,489205.9941,5455380.3325
Break and Enter Residential/Other,2017,10,22,17,9,18XX MCSPADDEN AVE,Grandview-Woodland,495059.8426,5457078.4846
Break and Enter Residential/Other,2017,11,9,12,30,18XX PARKER ST,Grandview-Woodland,495127.3246,5458116.5227
Break and Enter Residential/Other,2017,11,23,3,30,18XX PARKER ST,Grandview-Woodland,495127.3246,5458116.5227
Break and Enter Residential/Other,2017,8,25,14,30,18XX PENDRELL ST,West End,489713.9274,5459533.824
Break and Enter Residential/Other,2017,7,3,0,0,18XX SE MARINE DR,Victoria-Fraserview,494960.8864,5450872.5392
Break and Enter Residential/Other,2017,12,7,7,10,18XX SPYGLASS PL,Fairview,491620.0788,5457458.5415
Break and Enter Residential/Other,2017,8,10,8,43,18XX VENABLES ST,Grandview-Woodland,495080.3951,5458217.2743
Break and Enter Residential/Other,2017,11,21,8,0,18XX W 13TH AVE,Kitsilano,489235.7197,5456370.6364
Break and Enter Residential/Other,2017,7,18,22,0,18XX W 13TH AVE,Kitsilano,489239.0474,5456370.5685
Break and Enter Residential/Other,2017,7,8,14,30,18XX W 13TH AVE,Kitsilano,489305.6033,5456369.2106
Break and Enter Residential/Other,2017,7,20,12,0,18XX W 15TH AVE,Kitsilano,489283.4996,5456164.4256
Break and Enter Residential/Other,2017,1,3,22,0,18XX W 1ST AVE,Kitsilano,489400.6047,5457551.206
Break and Enter Residential/Other,2017,3,10,23,0,18XX W 3RD AVE,Kitsilano,489278.3411,5457359.2897
Break and Enter Residential/Other,2017,3,31,15,0,18XX W 45TH AVE,Kerrisdale,489201.7121,5453123.2471
Break and Enter Residential/Other,2017,2,24,21,35,18XX W 58TH AVE,Kerrisdale,489134.4808,5451771.6341
Break and Enter Residential/Other,2017,5,5,18,0,18XX W 5TH AVE,Kitsilano,489253.0552,5457165.2751
Break and Enter Residential/Other,2017,8,31,10,2,19XX ADANAC ST,Grandview-Woodland,495296.2596,5458312.9441
Break and Enter Residential/Other,2017,8,22,15,22,19XX ALBERNI ST,West End,490044.1124,5460134.2252
Break and Enter Residential/Other,2017,7,6,8,32,19XX ALBERNI ST,West End,490087.2423,5460077.5536
Break and Enter Residential/Other,2017,7,1,0,27,19XX BEACH AVE,West End,489589.5846,5459573.0164
Break and Enter Residential/Other,2017,8,26,22,30,19XX BLENHEIM ST,Kitsilano,487080.6516,5457411.9541
Break and Enter Residential/Other,2017,5,23,8,23,19XX CEDAR CRES,Shaughnessy,489092.2254,5455664.5148
Break and Enter Residential/Other,2017,9,23,6,23,19XX E 3RD AVE,Grandview-Woodland,495271.3065,5457218.7502
Break and Enter Residential/Other,2017,3,21,18,11,19XX E 53RD AVE,Victoria-Fraserview,495105.5774,5452120.4503
Break and Enter Residential/Other,2017,7,17,12,42,19XX E 64TH AVE,Victoria-Fraserview,495163.2325,5450962.299
Break and Enter Residential/Other,2017,4,28,9,0,19XX FERNDALE ST,Grandview-Woodland,495256.9585,5458552.8165
Break and Enter Residential/Other,2017,7,8,22,0,19XX FERNDALE ST,Grandview-Woodland,495301.135,5458552.5075
Break and Enter Residential/Other,2017,11,9,14,30,19XX GARDEN DR,Grandview-Woodland,495781.2738,5457194.7459
Break and Enter Residential/Other,2017,2,14,13,55,19XX GRAVELEY ST,Grandview-Woodland,495289.3492,5457519.8091
Break and Enter Residential/Other,2017,6,17,14,30,19XX HARO ST,West End,489891.466,5459976.6845
Break and Enter Residential/Other,2017,1,12,12,9,19XX HARO ST,West End,489909.6152,5459945.6804
Break and Enter Residential/Other,2017,7,24,16,0,19XX KITCHENER ST,Grandview-Woodland,495297.498,5457710.4151
Break and Enter Residential/Other,2017,10,22,11,30,19XX MCNICOLL AVE,Kitsilano,489115.372,5458171.5451
Break and Enter Residential/Other,2017,7,28,0,0,19XX NANAIMO ST,Hastings-Sunrise,495885.3553,5457153.491
Break and Enter Residential/Other,2017,7,9,1,0,19XX NELSON ST,West End,489771.5969,5459773.7791
Break and Enter Residential/Other,2017,9,6,13,42,19XX OGDEN AVE,Kitsilano,489245.0308,5458239.8346
Break and Enter Residential/Other,2017,11,25,1,0,19XX PARKER ST,Grandview-Woodland,495259.4929,5458106.063
Break and Enter Residential/Other,2017,11,9,9,0,19XX SASAMAT ST,West Point Grey,484806.2285,5457406.5391
Break and Enter Residential/Other,2017,12,4,12,39,19XX SASAMAT ST,West Point Grey,484806.2285,5457406.5391
Break and Enter Residential/Other,2017,8,31,0,0,19XX SCOTIA ST,Mount Pleasant,492854.9715,5457216.1849
Break and Enter Residential/Other,2017,8,31,7,42,19XX SCOTIA ST,Mount Pleasant,492854.9715,5457216.1849
Break and Enter Residential/Other,2017,4,19,16,0,19XX W 13TH AVE,Kitsilano,489048.9893,5456376.5942
Break and Enter Residential/Other,2017,5,7,9,5,19XX W 14TH AVE,Kitsilano,489076.6885,5456276.2573
Break and Enter Residential/Other,2017,12,14,17,45,19XX W 14TH AVE,Kitsilano,489109.4615,5456266.5845
Break and Enter Residential/Other,2017,6,8,12,30,19XX W 33RD AVE,Arbutus Ridge,489087.9303,5454371.2284
Break and Enter Residential/Other,2017,8,2,10,46,19XX W 33RD AVE,Arbutus Ridge,489088.1606,5454380.3695
Break and Enter Residential/Other,2017,11,28,12,4,19XX W 35TH AVE,Shaughnessy,489105.282,5454143.2768
Break and Enter Residential/Other,2017,7,20,0,0,19XX W 41ST AVE,Kerrisdale,488936.7024,5453534.4285
Break and Enter Residential/Other,2017,3,12,0,30,19XX W 41ST AVE,Kerrisdale,488950.6801,5453534.0588
Break and Enter Residential/Other,2017,1,24,11,0,19XX W 41ST AVE,Kerrisdale,488990.7427,5453532.999
Break and Enter Residential/Other,2017,8,24,0,0,19XX W 42ND AVE,Kerrisdale,489018.2562,5453420.2993
Break and Enter Residential/Other,2017,7,13,22,0,19XX W 43RD AVE,Kerrisdale,489006.7469,5453323.8645
Break and Enter Residential/Other,2017,3,1,17,0,19XX W 44TH AVE,Kerrisdale,489046.6108,5453225.4496
Break and Enter Residential/Other,2017,7,13,19,30,19XX W 44TH AVE,Kerrisdale,489118.7334,5453232.2134
Break and Enter Residential/Other,2017,2,2,12,26,19XX W 4TH AVE,Kitsilano,489183.9606,5457261.0312
Break and Enter Residential/Other,2017,11,11,21,42,19XX W 54TH AVE,Kerrisdale,488906.2701,5452106.6246
Break and Enter Residential/Other,2017,3,24,16,36,19XX W 6TH AVE,Kitsilano,489164.0319,5457071.8119
Break and Enter Residential/Other,2017,5,29,14,36,19XX W 6TH AVE,Kitsilano,489204.7114,5457070.8128
Break and Enter Residential/Other,2017,7,17,6,45,19XX W 8TH AVE,Kitsilano,489114.0389,5456896.6925
Break and Enter Residential/Other,2017,2,27,12,30,19XX WALLACE ST,West Point Grey,486126.3004,5457363.1609
Break and Enter Residential/Other,2017,10,2,4,18,19XX WHYTE AVE,Kitsilano,489150.5989,5458072.6364
Break and Enter Residential/Other,2017,5,30,13,44,1X W 12TH AVE,Mount Pleasant,492337.4359,5456388.7856
Break and Enter Residential/Other,2017,7,19,16,14,1X W 13TH AVE,Mount Pleasant,492323.7774,5456290.5896
Break and Enter Residential/Other,2017,3,31,22,0,1X W 26TH AVE,Riley Park,492321.9175,5455008.0372
Break and Enter Residential/Other,2017,5,17,15,0,1XX ALEXANDER ST,Central Business District,492718.8768,5459037.8631
Break and Enter Residential/Other,2017,1,28,14,0,1XX ATHLETES WAY,Mount Pleasant,492068.1367,5457648.479
Break and Enter Residential/Other,2017,1,23,6,0,1XX ATHLETES WAY,Mount Pleasant,492086.0025,5457647.9661
Break and Enter Residential/Other,2017,9,27,10,40,1XX ATHLETES WAY,Mount Pleasant,492122.7135,5457646.907
Break and Enter Residential/Other,2017,8,23,22,0,1XX ATHLETES WAY,Mount Pleasant,492141.3327,5457655.5177
Break and Enter Residential/Other,2017,9,13,8,0,1XX BOATHOUSE MEWS,Central Business District,491483.7069,5457922.0508
Break and Enter Residential/Other,2017,9,14,22,44,1XX BOATHOUSE MEWS,Central Business District,491486.8403,5457940.324
Break and Enter Residential/Other,2017,6,14,0,0,1XX COMMERCIAL DR,Grandview-Woodland,494879.2731,5459004.7819
Break and Enter Residential/Other,2017,12,1,0,0,1XX COMMERCIAL DR,Grandview-Woodland,494879.2731,5459004.7819
Break and Enter Residential/Other,2017,2,16,11,20,1XX DUNLEVY AVE,Strathcona,493063.919,5458989.993
Break and Enter Residential/Other,2017,1,26,11,39,1XX E 17TH AVE,Riley Park,492598.1766,5455880.5648
Break and Enter Residential/Other,2017,9,16,14,30,1XX E 20TH AVE,Riley Park,492588.3072,5455550.7103
Break and Enter Residential/Other,2017,7,3,7,22,1XX E 26TH AVE,Riley Park,492559.0996,5455036.0164
Break and Enter Residential/Other,2017,7,10,8,23,1XX E 27TH AVE,Riley Park,492503.0547,5454953.6863
Break and Enter Residential/Other,2017,5,24,7,20,1XX E 37TH AVE,Riley Park,492538.7525,5453842.9401
Break and Enter Residential/Other,2017,6,1,5,15,1XX E 3RD AVE,Mount Pleasant,492614.4082,5457284.3081
Break and Enter Residential/Other,2017,1,29,11,0,1XX E 40TH AVE,Riley Park,492471.9937,5453540.4147
Break and Enter Residential/Other,2017,7,15,2,56,1XX E 42ND AVE,Sunset,492488.4536,5453223.8958
Break and Enter Residential/Other,2017,3,8,8,0,1XX E 42ND AVE,Sunset,492600.5333,5453223.8138
Break and Enter Residential/Other,2017,10,26,3,54,1XX E 52ND AVE,Sunset,492532.8992,5452241.7591
Break and Enter Residential/Other,2017,9,15,8,0,1XX E 57TH AVE,Sunset,492520.5808,5451754.3192
Break and Enter Residential/Other,2017,11,13,20,9,1XX E 60TH AVE,Sunset,492432.2393,5451465.2895
Break and Enter Residential/Other,2017,1,23,13,20,1XX E 63RD AVE,Sunset,492481.005,5451165.3016
Break and Enter Residential/Other,2017,8,1,6,54,1XX E 64TH AVE,Sunset,492531.4503,5451080.0033
Break and Enter Residential/Other,2017,6,4,12,0,1XX E HASTINGS ST,Central Business District,492673.1628,5458744.5097
Break and Enter Residential/Other,2017,1,18,14,10,1XX E HASTINGS ST,Central Business District,492674.887,5458735.3039
Break and Enter Residential/Other,2017,5,4,3,56,1XX E HASTINGS ST,Central Business District,492674.887,5458735.3039
Break and Enter Residential/Other,2017,12,21,18,13,1XX E HASTINGS ST,Central Business District,492702.7217,5458743.5256
Break and Enter Residential/Other,2017,12,24,9,0,1XX E HASTINGS ST,Central Business District,492702.7217,5458743.5256
Break and Enter Residential/Other,2017,6,6,22,30,1XX E KING EDWARD AVE,Riley Park,492613.0619,5455112.2644
Break and Enter Residential/Other,2017,12,17,21,0,1XX E PENDER ST,Central Business District,492571.0078,5458632.2725
Break and Enter Residential/Other,2017,11,7,18,0,1XX N VICTORIA DR,Grandview-Woodland,495240.0599,5459210.9542
Break and Enter Residential/Other,2017,8,1,11,30,1XX PEVERIL AVE,Riley Park,492118.9676,5454902.0835
Break and Enter Residential/Other,2017,8,24,14,0,1XX POWELL ST,Central Business District,492634.7564,5458941.6021
Break and Enter Residential/Other,2017,1,9,23,0,1XX PRINCESS AVE,Strathcona,493350.5691,5459014.0688
Break and Enter Residential/Other,2017,9,1,18,15,1XX PRINCESS AVE,Strathcona,493350.5691,5459014.0688
Break and Enter Residential/Other,2017,11,6,19,6,1XX PRINCESS AVE,Strathcona,493350.5691,5459014.0688
Break and Enter Residential/Other,2017,11,11,19,22,1XX PRINCESS AVE,Strathcona,493350.5691,5459014.0688
Break and Enter Residential/Other,2017,2,8,19,47,1XX PRIOR ST,Central Business District,492634.0268,5458221.7486
Break and Enter Residential/Other,2017,8,7,0,0,1XX SW MARINE DR,Marpole,492095.3538,5451084.0961
Break and Enter Residential/Other,2017,9,19,8,0,1XX W 11TH AVE,Mount Pleasant,492081.9387,5456496.9089
Break and Enter Residential/Other,2017,5,31,10,18,1XX W 12TH AVE,Mount Pleasant,492037.5893,5456398.0191
Break and Enter Residential/Other,2017,4,15,22,0,1XX W 12TH AVE,Mount Pleasant,492109.5128,5456406.0781
Break and Enter Residential/Other,2017,3,28,8,0,1XX W 14TH AVE,Mount Pleasant,492191.8476,5456194.1044
Break and Enter Residential/Other,2017,6,4,12,57,1XX W 16TH AVE,Riley Park,492062.8984,5455997.9135
Break and Enter Residential/Other,2017,5,23,20,0,1XX W 18TH AVE,Riley Park,492019.6033,5455777.8379
Break and Enter Residential/Other,2017,3,21,17,56,1XX W 18TH AVE,Riley Park,492146.6386,5455782.9511
Break and Enter Residential/Other,2017,4,13,8,0,1XX W 19TH AVE,Riley Park,492121.8202,5455673.472
Break and Enter Residential/Other,2017,5,5,2,0,1XX W 19TH AVE,Riley Park,492187.4985,5455680.5328
Break and Enter Residential/Other,2017,8,21,14,0,1XX W 20TH AVE,Riley Park,492114.3266,5455562.0025
Break and Enter Residential/Other,2017,1,30,22,0,1XX W 20TH AVE,Riley Park,492147.823,5455560.9722
Break and Enter Residential/Other,2017,8,5,20,0,1XX W 21ST AVE,Riley Park,492121.2712,5455472.7367
Break and Enter Residential/Other,2017,10,8,10,0,1XX W 41ST AVE,Oakridge,492092.3029,5453388.5492
Break and Enter Residential/Other,2017,8,8,11,28,1XX W 42ND AVE,Oakridge,491946.3152,5453286.7104
Break and Enter Residential/Other,2017,8,4,0,0,1XX W 42ND AVE,Oakridge,492108.5839,5453279.4095
Break and Enter Residential/Other,2017,7,21,23,0,1XX W 44TH AVE,Oakridge,491970.7908,5453085.4314
Break and Enter Residential/Other,2017,9,4,12,39,1XX W 44TH AVE,Oakridge,492029.8811,5453081.8517
Break and Enter Residential/Other,2017,1,20,20,26,1XX W 45TH AVE,Oakridge,491956.2244,5452982.1848
Break and Enter Residential/Other,2017,11,13,23,36,1XX W 46TH AVE,Oakridge,491958.08,5452875.8418
Break and Enter Residential/Other,2017,9,26,15,58,1XX W 47TH AVE,Oakridge,492028.8241,5452771.5838
Break and Enter Residential/Other,2017,2,12,13,5,1XX W 59TH AVE,Marpole,492012.7869,5451564.698
Break and Enter Residential/Other,2017,12,1,10,0,1XX W 63RD AVE,Marpole,492017.3959,5451185.7022
Break and Enter Residential/Other,2017,2,16,10,40,1XX W 7TH AVE,Mount Pleasant,492203.0656,5456883.7475
Break and Enter Residential/Other,2017,5,15,9,30,1XX W GEORGIA ST,Central Business District,491833.2863,5458441.1084
Break and Enter Residential/Other,2017,9,22,0,0,1XX W HASTINGS ST,Central Business District,492113.5506,5458842.8375
Break and Enter Residential/Other,2017,8,19,18,0,1XX WALTER HARDWICK AVE,Mount Pleasant,492194.3346,5457576.7743
Break and Enter Residential/Other,2017,7,2,10,0,1XX WATER ST,Central Business District,492236.2458,5459022.8396
Break and Enter Residential/Other,2017,9,7,16,48,1XX WATER ST,Central Business District,492236.2458,5459022.8396
Break and Enter Residential/Other,2017,12,31,18,20,1XX WATER ST,Central Business District,492236.2458,5459022.8396
Break and Enter Residential/Other,2017,3,16,21,56,1XX WATER ST,Central Business District,492241.4827,5459021.4409
Break and Enter Residential/Other,2017,11,18,4,38,1XX WATER ST,Central Business District,492241.4827,5459021.4409
Break and Enter Residential/Other,2017,8,24,6,30,20XX BALACLAVA ST,Kitsilano,487358.3717,5457280.6416
Break and Enter Residential/Other,2017,8,25,6,57,20XX BEACH AVE,West End,489498.1147,5459651.8109
Break and Enter Residential/Other,2017,6,5,8,10,20XX CORNWALL AVE,Kitsilano,489048.3851,5457757.4159
Break and Enter Residential/Other,2017,8,12,19,38,20XX CYPRESS ST,Kitsilano,489228.8681,5457211.9335
Break and Enter Residential/Other,2017,10,8,9,41,20XX E 13TH AVE,Kensington-Cedar Cottage,495381.866,5456213.0372
Break and Enter Residential/Other,2017,6,25,19,54,20XX E 20TH AVE,Kensington-Cedar Cottage,495381.9907,5455513.0221
Break and Enter Residential/Other,2017,11,17,23,0,20XX E 35TH AVE,Kensington-Cedar Cottage,495304.81,5453923.755
Break and Enter Residential/Other,2017,5,23,20,34,20XX E 37TH AVE,Kensington-Cedar Cottage,495350.4907,5453799.9472
Break and Enter Residential/Other,2017,9,4,19,12,20XX E 3RD AVE,Grandview-Woodland,495433.6817,5457216.6013
Break and Enter Residential/Other,2017,1,3,0,0,20XX E 45TH AVE,Victoria-Fraserview,495328.6092,5452960.7645
Break and Enter Residential/Other,2017,7,18,16,52,20XX E 47TH AVE,Victoria-Fraserview,495256.9789,5452772.4661
Break and Enter Residential/Other,2017,10,26,22,0,20XX E 54TH AVE,Victoria-Fraserview,495212.1071,5451939.7179
Break and Enter Residential/Other,2017,3,17,0,0,20XX E 5TH AVE,Grandview-Woodland,495396.3236,5457016.3597
Break and Enter Residential/Other,2017,1,7,15,4,20XX E 5TH AVE,Grandview-Woodland,495410.1282,5457025.3531
Break and Enter Residential/Other,2017,11,15,17,30,20XX E 6TH AVE,Grandview-Woodland,495394.1705,5456914.8446
Break and Enter Residential/Other,2017,9,15,20,0,20XX E 7TH AVE,Grandview-Woodland,495375.1217,5456817.1613
Break and Enter Residential/Other,2017,12,11,18,20,20XX E BROADWAY AVE,Kensington-Cedar Cottage,495398.6516,5456609.0672
Break and Enter Residential/Other,2017,4,28,14,0,20XX E PENDER ST,Grandview-Woodland,495395.4159,5458615.9467
Break and Enter Residential/Other,2017,3,14,10,55,20XX E PENDER ST,Grandview-Woodland,495420.4735,5458615.8803
Break and Enter Residential/Other,2017,11,19,1,20,20XX FERNDALE ST,Grandview-Woodland,495449.3705,5458551.9075
Break and Enter Residential/Other,2017,3,14,1,0,20XX FERNDALE ST,Grandview-Woodland,495500.1216,5458551.8325
Break and Enter Residential/Other,2017,10,21,14,6,20XX GRANT ST,Grandview-Woodland,495397.2785,5457609.663
Break and Enter Residential/Other,2017,7,14,21,31,20XX NANTON AVE,Arbutus Ridge,489054.3941,5454988.1324
Break and Enter Residential/Other,2017,6,3,10,30,20XX SCOTIA ST,Mount Pleasant,492816.8426,5457121.8998
Break and Enter Residential/Other,2017,5,2,16,0,20XX SW MARINE DR,Kerrisdale,488841.7106,5451242.5664
Break and Enter Residential/Other,2017,8,22,9,57,20XX W 10TH AVE,Kitsilano,488971.6793,5456681.6029
Break and Enter Residential/Other,2017,7,20,13,15,20XX W 35TH AVE,Shaughnessy,488825.5177,5454148.619
Break and Enter Residential/Other,2017,4,7,7,30,20XX W 44TH AVE,Kerrisdale,488864.6482,5453240.6957
Break and Enter Residential/Other,2017,3,13,2,0,20XX W 46TH AVE,Kerrisdale,488866.3017,5453020.2547
Break and Enter Residential/Other,2017,5,17,6,30,20XX W BROADWAY AVE,Kitsilano,488908.0872,5456789.941
Break and Enter Residential/Other,2017,12,22,0,0,20XX WHYTE AVE,Kitsilano,489016.3069,5458085.5352
Break and Enter Residential/Other,2017,4,4,18,39,20XX WHYTE AVE,Kitsilano,489035.0984,5458075.8654
Break and Enter Residential/Other,2017,3,9,23,0,20XX YORK AVE,Kitsilano,489042.2995,5457657.3384
Break and Enter Residential/Other,2017,8,31,8,0,21XX ADANAC ST,Grandview-Woodland,495588.499,5458300.548
Break and Enter Residential/Other,2017,6,18,17,0,21XX CHARLES ST,Grandview-Woodland,495568.4853,5457806.4201
Break and Enter Residential/Other,2017,6,14,10,0,21XX COMMERCIAL DR,Grandview-Woodland,494931.9652,5457001.0289
Break and Enter Residential/Other,2017,3,17,5,0,21XX DUNDAS ST,Grandview-Woodland,495594.7524,5459113.9134
Break and Enter Residential/Other,2017,1,29,11,53,21XX E 13TH AVE,Kensington-Cedar Cottage,495551.3543,5456201.136
Break and Enter Residential/Other,2017,11,19,2,45,21XX E 1ST AVE,Grandview-Woodland,495523.0231,5457425.2626
Break and Enter Residential/Other,2017,10,31,2,15,21XX E 28TH AVE,Kensington-Cedar Cottage,495563.2497,5454777.9198
Break and Enter Residential/Other,2017,6,10,17,0,21XX E 2ND AVE,Grandview-Woodland,495581.9209,5457315.6079
Break and Enter Residential/Other,2017,2,11,20,0,21XX E 32ND AVE,Kensington-Cedar Cottage,495485.4204,5454299.2422
Break and Enter Residential/Other,2017,1,8,9,44,21XX E 33RD AVE,Kensington-Cedar Cottage,495457.3166,5454118.7442
Break and Enter Residential/Other,2017,8,4,16,0,21XX E 33RD AVE,Kensington-Cedar Cottage,495497.7499,5454118.7869
Break and Enter Residential/Other,2017,3,30,1,30,21XX E 35TH AVE,Kensington-Cedar Cottage,495448.0119,5453919.5782
Break and Enter Residential/Other,2017,2,28,16,13,21XX E 3RD AVE,Grandview-Woodland,495539.1043,5457215.2639
Break and Enter Residential/Other,2017,1,6,18,24,21XX E 48TH AVE,Victoria-Fraserview,495429.0377,5452606.166
Break and Enter Residential/Other,2017,6,16,18,0,21XX E 4TH AVE,Grandview-Woodland,495544.2182,5457106.9859
Break and Enter Residential/Other,2017,10,20,9,6,21XX E 4TH AVE,Grandview-Woodland,495544.2182,5457106.9859
Break and Enter Residential/Other,2017,10,6,17,0,21XX E 4TH AVE,Grandview-Woodland,495614.4414,5457107.0358
Break and Enter Residential/Other,2017,6,14,20,0,21XX E 5TH AVE,Grandview-Woodland,495591.4539,5457023.1798
Break and Enter Residential/Other,2017,7,25,2,36,21XX E PENDER ST,Grandview-Woodland,495561.5319,5458615.4738
Break and Enter Residential/Other,2017,10,12,16,37,21XX FERNDALE ST,Grandview-Woodland,495574.0356,5458542.2143
Break and Enter Residential/Other,2017,11,14,17,0,21XX FRANKLIN ST,Grandview-Woodland,495545.0152,5458822.7777
Break and Enter Residential/Other,2017,9,21,2,30,21XX FRANKLIN ST,Grandview-Woodland,495582.5725,5458822.1265
Break and Enter Residential/Other,2017,1,8,0,0,21XX GRAVELEY ST,Grandview-Woodland,495540.284,5457515.8731
Break and Enter Residential/Other,2017,5,23,10,37,21XX HARRISON DR,Victoria-Fraserview,495467.0913,5450707.5127
Break and Enter Residential/Other,2017,5,22,8,51,21XX MCLEAN DR,Grandview-Woodland,494511.4287,5457011.4174
Break and Enter Residential/Other,2017,7,9,9,33,21XX MCMULLEN AVE,Arbutus Ridge,488629.0785,5455065.9382
Break and Enter Residential/Other,2017,6,9,7,18,21XX PARKER ST,Grandview-Woodland,495540.063,5458098.1326
Break and Enter Residential/Other,2017,2,15,14,57,21XX PARKER ST,Grandview-Woodland,495575.013,5458097.5499
Break and Enter Residential/Other,2017,12,26,0,5,21XX PRINCE EDWARD ST,Mount Pleasant,493043.2156,5457026.9083
Break and Enter Residential/Other,2017,8,25,0,0,21XX PRINCE EDWARD ST,Mount Pleasant,493044.1341,5457037.5294
Break and Enter Residential/Other,2017,4,15,20,13,21XX SW MARINE DR,Kerrisdale,488566.4259,5451677.6641
Break and Enter Residential/Other,2017,4,14,10,0,21XX TURNER ST,Grandview-Woodland,495600.4021,5458490.9692
Break and Enter Residential/Other,2017,7,21,22,30,21XX W 13TH AVE,Kitsilano,488696.484,5456386.3813
Break and Enter Residential/Other,2017,9,27,0,1,21XX W 13TH AVE,Kitsilano,488716.3598,5456385.7009
Break and Enter Residential/Other,2017,11,18,15,27,21XX W 14TH AVE,Kitsilano,488828.5661,5456281.5354
Break and Enter Residential/Other,2017,2,25,21,21,21XX W 18TH AVE,Arbutus Ridge,488832.9601,5455945.8039
Break and Enter Residential/Other,2017,3,31,22,18,21XX W 19TH AVE,Arbutus Ridge,488809.8231,5455844.478
Break and Enter Residential/Other,2017,6,13,12,47,21XX W 1ST AVE,Kitsilano,488784.0193,5457576.8745
Break and Enter Residential/Other,2017,12,12,9,30,21XX W 20TH AVE,Arbutus Ridge,488789.2983,5455745.3377
Break and Enter Residential/Other,2017,5,17,14,0,21XX W 33RD AVE,Arbutus Ridge,488562.2309,5454393.5931
Break and Enter Residential/Other,2017,10,14,7,21,21XX W 35TH AVE,Arbutus Ridge,488583.2828,5454173.57
Break and Enter Residential/Other,2017,4,6,20,31,21XX W 36TH AVE,Arbutus Ridge,488610.6938,5454057.2281
Break and Enter Residential/Other,2017,6,25,19,29,21XX W 36TH AVE,Arbutus Ridge,488610.6938,5454057.2281
Break and Enter Residential/Other,2017,12,27,20,30,21XX W 38TH AVE,Arbutus Ridge,488512.9852,5453849.0556
Break and Enter Residential/Other,2017,1,14,9,0,21XX W 38TH AVE,Arbutus Ridge,488564.5963,5453856.8823
Break and Enter Residential/Other,2017,9,9,19,0,21XX W 38TH AVE,Arbutus Ridge,488576.2187,5453847.4379
Break and Enter Residential/Other,2017,12,31,16,0,21XX W 3RD AVE,Kitsilano,488832.429,5457370.5741
Break and Enter Residential/Other,2017,1,27,11,32,21XX W 3RD AVE,Kitsilano,488832.6459,5457379.7156
Break and Enter Residential/Other,2017,6,15,8,30,21XX W 47TH AVE,Kerrisdale,488637.2085,5452931.1703
Break and Enter Residential/Other,2017,4,1,21,30,21XX W 48TH AVE,Kerrisdale,488459.2648,5452835.7116
Break and Enter Residential/Other,2017,4,14,18,33,21XX W 48TH AVE,Kerrisdale,488650.4134,5452822.5955
Break and Enter Residential/Other,2017,1,8,18,0,21XX W 51ST AVE,Kerrisdale,488661.6065,5452484.1431
Break and Enter Residential/Other,2017,7,1,0,0,21XX W 6TH AVE,Kitsilano,488799.4501,5457080.5896
Break and Enter Residential/Other,2017,10,8,17,37,21XX W 6TH AVE,Kitsilano,488849.1714,5457079.4086
Break and Enter Residential/Other,2017,4,13,18,16,21XX W 7TH AVE,Kitsilano,488752.7785,5456998.9817
Break and Enter Residential/Other,2017,8,31,16,15,21XX W 8TH AVE,Kitsilano,488849.2436,5456896.0194
Break and Enter Residential/Other,2017,12,17,14,51,21XX WALL ST,Grandview-Woodland,495527.6101,5459328.6571
Break and Enter Residential/Other,2017,1,12,15,15,21XX WALL ST,Grandview-Woodland,495544.2928,5459360.6625
Break and Enter Residential/Other,2017,4,8,19,26,21XX WALL ST,Grandview-Woodland,495544.2928,5459360.6625
Break and Enter Residential/Other,2017,3,3,17,0,21XX WILLIAM ST,Grandview-Woodland,495569.9605,5457899.0049
Break and Enter Residential/Other,2017,7,21,16,38,21XX WILLIAM ST,Grandview-Woodland,495610.2086,5457898.5013
Break and Enter Residential/Other,2017,4,24,8,30,22XX ALMA ST,Kitsilano,486489.6721,5457124.2579
Break and Enter Residential/Other,2017,4,1,23,13,22XX COLLINGWOOD ST,Kitsilano,486770.2206,5457088.6498
Break and Enter Residential/Other,2017,9,9,10,35,22XX COLUMBIA ST,Mount Pleasant,492031.6843,5456960.79
Break and Enter Residential/Other,2017,1,5,12,9,22XX E 1ST AVE,Grandview-Woodland,495659.4548,5457413.5711
Break and Enter Residential/Other,2017,3,15,13,12,22XX E 1ST AVE,Grandview-Woodland,495659.4548,5457413.5711
Break and Enter Residential/Other,2017,10,13,21,3,22XX E 27TH AVE,Kensington-Cedar Cottage,495706.3975,5454888.7546
Break and Enter Residential/Other,2017,9,26,14,30,22XX E 34TH AVE,Kensington-Cedar Cottage,495658.4945,5454012.6327
Break and Enter Residential/Other,2017,7,6,17,0,22XX E 34TH AVE,Kensington-Cedar Cottage,495685.3075,5454021.4852
Break and Enter Residential/Other,2017,6,6,13,21,22XX E 37TH AVE,Kensington-Cedar Cottage,495705.7452,5453787.5875
Break and Enter Residential/Other,2017,11,2,11,30,22XX E 39TH AVE,Kensington-Cedar Cottage,495503.9123,5453566.2735
Break and Enter Residential/Other,2017,3,29,9,6,22XX E 42ND AVE,Victoria-Fraserview,495520.028,5453258.2244
Break and Enter Residential/Other,2017,6,15,13,29,22XX E 46TH AVE,Victoria-Fraserview,495652.956,5452863.566
Break and Enter Residential/Other,2017,8,21,4,0,22XX E 49TH AVE,Victoria-Fraserview,495666.9335,5452480.082
Break and Enter Residential/Other,2017,1,23,14,49,22XX E 53RD AVE,Victoria-Fraserview,495620.2223,5452044.4271
Break and Enter Residential/Other,2017,2,14,11,29,22XX E 5TH AVE,Grandview-Woodland,495664.1908,5457013.1961
Break and Enter Residential/Other,2017,6,8,20,30,22XX E 61ST AVE,Victoria-Fraserview,495513.5734,5451295.4705
Break and Enter Residential/Other,2017,3,8,0,0,22XX E 61ST AVE,Victoria-Fraserview,495630.3681,5451294.0475
Break and Enter Residential/Other,2017,12,23,17,15,22XX E 8TH AVE,Grandview-Woodland,495736.9545,5456718.8475
Break and Enter Residential/Other,2017,2,19,0,30,22XX FERNDALE ST,Grandview-Woodland,495728.2745,5458540.7573
Break and Enter Residential/Other,2017,12,22,9,34,22XX FRANKLIN ST,Grandview-Woodland,495695.835,5458810.9456
Break and Enter Residential/Other,2017,2,4,3,23,22XX GRANT ST,Grandview-Woodland,495713.1822,5457602.1709
Break and Enter Residential/Other,2017,7,21,14,30,22XX GRANT ST,Grandview-Woodland,495713.1822,5457602.1709
Break and Enter Residential/Other,2017,8,22,11,43,22XX GRAVELEY ST,Grandview-Woodland,495651.713,5457514.155
Break and Enter Residential/Other,2017,8,9,20,26,22XX HEATHER ST,Fairview,491289.773,5457014.3533
Break and Enter Residential/Other,2017,7,23,18,0,22XX MCBAIN AVE,Arbutus Ridge,488488.741,5455225.0603
Break and Enter Residential/Other,2017,2,13,16,17,22XX MCMULLEN AVE,Arbutus Ridge,488490.5659,5455031.4763
Break and Enter Residential/Other,2017,6,23,9,0,22XX OXFORD ST,Grandview-Woodland,495692.0849,5459223.9577
Break and Enter Residential/Other,2017,12,5,9,0,22XX PARKER ST,Grandview-Woodland,495714.3721,5458097.3608
Break and Enter Residential/Other,2017,9,8,14,15,22XX PORTSIDE CRT,Victoria-Fraserview,495467.4486,5450529.4072
Break and Enter Residential/Other,2017,7,10,23,0,22XX PRINCE ALBERT ST,Mount Pleasant,493665.0538,5456907.0515
Break and Enter Residential/Other,2017,1,9,15,40,22XX SPRUCE ST,Fairview,490625.4144,5457027.1381
Break and Enter Residential/Other,2017,12,27,4,30,22XX TRAFALGAR ST,Kitsilano,488021.1043,5457078.0392
Break and Enter Residential/Other,2017,6,11,22,0,22XX TURNER ST,Grandview-Woodland,495660.6339,5458490.7049
Break and Enter Residential/Other,2017,1,14,14,16,22XX W 14TH AVE,Kitsilano,488559.7552,5456283.3797
Break and Enter Residential/Other,2017,11,22,6,0,22XX W 14TH AVE,Kitsilano,488561.5203,5456292.4601
Break and Enter Residential/Other,2017,3,5,7,48,22XX W 14TH AVE,Kitsilano,488627.0278,5456289.7993
Break and Enter Residential/Other,2017,5,21,3,47,22XX W 16TH AVE,Kitsilano,488596.8184,5456082.7309
Break and Enter Residential/Other,2017,10,5,16,0,22XX W 19TH AVE,Arbutus Ridge,488518.6906,5455860.6517
Break and Enter Residential/Other,2017,1,13,18,0,22XX W 19TH AVE,Arbutus Ridge,488534.5186,5455860.2758
Break and Enter Residential/Other,2017,6,16,12,30,22XX W 1ST AVE,Kitsilano,488608.0024,5457572.4822
Break and Enter Residential/Other,2017,3,10,13,10,22XX W 20TH AVE,Arbutus Ridge,488592.0021,5455750.1175
Break and Enter Residential/Other,2017,2,2,13,46,22XX W 21ST AVE,Arbutus Ridge,488526.8606,5455660.291
Break and Enter Residential/Other,2017,2,17,20,0,22XX W 33RD AVE,Arbutus Ridge,488481.5959,5454395.4715
Break and Enter Residential/Other,2017,5,12,11,0,22XX W 33RD AVE,Arbutus Ridge,488516.069,5454394.6674
Break and Enter Residential/Other,2017,8,15,10,37,22XX W 47TH AVE,Kerrisdale,488431.8204,5452936.8888
Break and Enter Residential/Other,2017,6,30,8,45,22XX W 49TH AVE,Kerrisdale,488418.6213,5452730.5313
Break and Enter Residential/Other,2017,9,29,0,0,22XX W 8TH AVE,Kitsilano,488655.6201,5456900.1853
Break and Enter Residential/Other,2017,5,25,13,24,22XX YORK AVE,Kitsilano,488596.0717,5457678.2347
Break and Enter Residential/Other,2017,2,21,7,30,23XX BALACLAVA ST,Kitsilano,487340.3773,5456981.4533
Break and Enter Residential/Other,2017,1,2,10,0,23XX BURQUITLAM DR,Victoria-Fraserview,495735.8257,5450756.3901
Break and Enter Residential/Other,2017,4,14,3,3,23XX CASSIAR ST,Hastings-Sunrise,497738.9285,5456772.6043
Break and Enter Residential/Other,2017,10,27,6,55,23XX CLARK DR,Grandview-Woodland,494366.6268,5456820.505
Break and Enter Residential/Other,2017,5,16,10,7,23XX E 2ND AVE,Grandview-Woodland,495860.0313,5457312.0796
Break and Enter Residential/Other,2017,8,14,16,30,23XX E 2ND AVE,Grandview-Woodland,495869.1441,5457311.2277
Break and Enter Residential/Other,2017,3,24,8,35,23XX E 33RD AVE,Renfrew-Collingwood,495875.8705,5454108.416
Break and Enter Residential/Other,2017,9,7,8,0,23XX E 37TH AVE,Renfrew-Collingwood,495801.4873,5453843.9579
Break and Enter Residential/Other,2017,12,30,19,0,23XX E 49TH AVE,Victoria-Fraserview,495747.0296,5452474.7287
Break and Enter Residential/Other,2017,3,14,9,36,23XX E PENDER ST,Grandview-Woodland,495817.2658,5458614.9426
Break and Enter Residential/Other,2017,4,21,21,46,23XX FRANKLIN ST,Grandview-Woodland,495820.0818,5458818.4902
Break and Enter Residential/Other,2017,1,1,19,0,23XX FRASERVIEW DR,Victoria-Fraserview,495708.6392,5450988.3891
Break and Enter Residential/Other,2017,12,29,19,55,23XX GALT ST,Kensington-Cedar Cottage,495798.2304,5454440.4928
Break and Enter Residential/Other,2017,11,16,17,30,23XX GARDEN DR,Grandview-Woodland,495774.9671,5456768.574
Break and Enter Residential/Other,2017,7,1,0,0,23XX GHENT LANE,West Point Grey,486294.4912,5457043.5701
Break and Enter Residential/Other,2017,9,20,21,0,23XX HEATHER ST,Fairview,491278.35,5456900.1759
Break and Enter Residential/Other,2017,10,5,0,0,23XX HEATHER ST,Fairview,491286.7265,5456843.7914
Break and Enter Residential/Other,2017,7,30,13,45,23XX MCBAIN AVE,Arbutus Ridge,488397.792,5455102.3815
Break and Enter Residential/Other,2017,4,15,16,32,23XX MCLEAN DR,Grandview-Woodland,494497.3652,5456766.5918
Break and Enter Residential/Other,2017,6,10,8,30,23XX MCLEAN DR,Grandview-Woodland,494497.3652,5456766.5918
Break and Enter Residential/Other,2017,11,24,17,3,23XX MCLEAN DR,Grandview-Woodland,494497.9076,5456815.0169
Break and Enter Residential/Other,2017,7,14,13,22,23XX MCMULLEN AVE,Arbutus Ridge,488387.1737,5454980.91
Break and Enter Residential/Other,2017,6,2,19,8,23XX NANAIMO ST,Hastings-Sunrise,495888.3592,5456727.5937
Break and Enter Residential/Other,2017,4,9,21,0,23XX OXFORD ST,Grandview-Woodland,495830.8499,5459222.8133
Break and Enter Residential/Other,2017,11,12,3,0,23XX ROSEDALE DR,Victoria-Fraserview,495666.7094,5450594.2571
Break and Enter Residential/Other,2017,1,27,8,21,23XX TRIUMPH ST,Grandview-Woodland,495829.7215,5459022.9644
Break and Enter Residential/Other,2017,9,4,9,19,23XX W 10TH AVE,Kitsilano,488483.6453,5456703.4723
Break and Enter Residential/Other,2017,8,17,14,0,23XX W 13TH AVE,Kitsilano,488386.9724,5456386.8975
Break and Enter Residential/Other,2017,1,10,19,25,23XX W 14TH AVE,Kitsilano,488479.2617,5456285.7444
Break and Enter Residential/Other,2017,12,12,9,40,23XX W 16TH AVE,Kitsilano,488382.0742,5456088.1466
Break and Enter Residential/Other,2017,1,1,0,0,23XX W 21ST AVE,Arbutus Ridge,488363.9614,5455655.3262
Break and Enter Residential/Other,2017,12,8,12,32,23XX W 22ND AVE,Arbutus Ridge,488344.6537,5455554.3955
Break and Enter Residential/Other,2017,11,9,18,0,23XX W 22ND AVE,Arbutus Ridge,488430.9239,5455552.495
Break and Enter Residential/Other,2017,8,29,21,41,23XX W 23RD AVE,Arbutus Ridge,488351.5212,5455462.8676
Break and Enter Residential/Other,2017,2,18,23,30,23XX W 23RD AVE,Arbutus Ridge,488364.576,5455453.4082
Break and Enter Residential/Other,2017,8,30,3,2,23XX W 37TH AVE,Arbutus Ridge,488282.8375,5453965.0118
Break and Enter Residential/Other,2017,2,12,0,0,23XX W 37TH AVE,Arbutus Ridge,488315.2137,5453964.0483
Break and Enter Residential/Other,2017,8,2,11,27,23XX W 5TH AVE,Kitsilano,488460.9852,5457194.0041
Break and Enter Residential/Other,2017,8,7,22,30,23XX W 7TH AVE,Kitsilano,488378.1355,5456999.1112
Break and Enter Residential/Other,2017,9,11,10,30,23XX W BROADWAY AVE,Kitsilano,488459.5111,5456811.4989
Break and Enter Residential/Other,2017,9,27,19,18,23XX W KING EDWARD AVE,Arbutus Ridge,488406.8528,5455217.2721
Break and Enter Residential/Other,2017,3,11,2,20,23XX WALL ST,Grandview-Woodland,495844.4357,5459754.132
Break and Enter Residential/Other,2017,12,24,0,0,23XX WOODLAND DR,Grandview-Woodland,494648.3574,5456792.9723
Break and Enter Residential/Other,2017,11,15,14,30,24XX ADANAC ST,Hastings-Sunrise,495901.6897,5458307.6367
Break and Enter Residential/Other,2017,5,31,8,0,24XX ADANAC ST,Hastings-Sunrise,495983.8984,5458298.4837
Break and Enter Residential/Other,2017,12,15,18,0,24XX CHARLES ST,Hastings-Sunrise,495992.631,5457841.4345
Break and Enter Residential/Other,2017,9,23,15,0,24XX CORNWALL AVE,Kitsilano,488220.0422,5457778.3899
Break and Enter Residential/Other,2017,3,2,17,15,24XX CORNWALL AVE,Kitsilano,488361.2316,5457774.8288
Break and Enter Residential/Other,2017,4,28,13,30,24XX E 11TH AVE,Renfrew-Collingwood,495900.6734,5456367.3103
Break and Enter Residential/Other,2017,9,16,18,2,24XX E 15TH AVE,Renfrew-Collingwood,495985.8825,5455926.9507
Break and Enter Residential/Other,2017,11,25,23,42,24XX E 15TH AVE,Renfrew-Collingwood,495985.8825,5455926.9507
Break and Enter Residential/Other,2017,10,18,9,30,24XX E 1ST AVE,Hastings-Sunrise,495980.7247,5457431.9348
Break and Enter Residential/Other,2017,2,21,11,3,24XX E 34TH AVE,Renfrew-Collingwood,495958.3474,5454009.8168
Break and Enter Residential/Other,2017,8,21,13,28,24XX E 34TH AVE,Renfrew-Collingwood,495958.3474,5454009.8168
Break and Enter Residential/Other,2017,9,8,13,0,24XX E 45TH AVE,Victoria-Fraserview,495855.1327,5452953.2101
Break and Enter Residential/Other,2017,2,25,23,0,24XX E 53RD AVE,Victoria-Fraserview,495800.6033,5452065.7483
Break and Enter Residential/Other,2017,4,20,8,45,24XX E 53RD AVE,Victoria-Fraserview,495824.2355,5452065.6259
Break and Enter Residential/Other,2017,6,21,14,0,24XX E 8TH AVE,Hastings-Sunrise,496003.6683,5456694.9386
Break and Enter Residential/Other,2017,9,7,13,0,24XX E 8TH AVE,Hastings-Sunrise,496003.6683,5456694.9386
Break and Enter Residential/Other,2017,3,7,23,0,24XX E PENDER ST,Hastings-Sunrise,495954.0354,5458614.8122
Break and Enter Residential/Other,2017,2,2,22,0,24XX FRANKLIN ST,Hastings-Sunrise,496023.3922,5458809.611
Break and Enter Residential/Other,2017,4,21,14,45,24XX GALT ST,Renfrew-Collingwood,495922.8067,5454349.2247
Break and Enter Residential/Other,2017,7,7,17,23,24XX MCGILL ST,Hastings-Sunrise,495928.6579,5459563.976
Break and Enter Residential/Other,2017,12,9,12,0,24XX MCGILL ST,Hastings-Sunrise,495975.1769,5459559.5151
Break and Enter Residential/Other,2017,5,8,8,36,24XX MCGILL ST,Hastings-Sunrise,495986.977,5459550.4384
Break and Enter Residential/Other,2017,2,12,9,49,24XX PANDORA ST,Hastings-Sunrise,495950.2743,5458912.7501
Break and Enter Residential/Other,2017,1,17,14,0,24XX PARKER ST,Hastings-Sunrise,495928.3054,5458122.5553
Break and Enter Residential/Other,2017,12,3,2,0,24XX SCARBORO AVE,Victoria-Fraserview,495809.4993,5451118.1531
Break and Enter Residential/Other,2017,4,10,19,0,24XX TRIUMPH ST,Hastings-Sunrise,495934.8501,5459022.7882
Break and Enter Residential/Other,2017,12,11,12,0,24XX W 13TH AVE,Kitsilano,488230.3279,5456399.3769
Break and Enter Residential/Other,2017,12,27,18,2,24XX W 15TH AVE,Kitsilano,488274.5333,5456182.5618
Break and Enter Residential/Other,2017,2,3,19,2,24XX W 18TH AVE,Arbutus Ridge,488186.3002,5455961.498
Break and Enter Residential/Other,2017,3,29,20,0,24XX W 1ST AVE,Kitsilano,488241.7322,5457582.306
Break and Enter Residential/Other,2017,5,12,9,30,24XX W 1ST AVE,Kitsilano,488295.5785,5457580.8879
Break and Enter Residential/Other,2017,2,17,9,17,24XX W 21ST AVE,Arbutus Ridge,488246.1823,5455667.494
Break and Enter Residential/Other,2017,7,31,16,0,24XX W 21ST AVE,Arbutus Ridge,488246.1823,5455667.494
Break and Enter Residential/Other,2017,4,28,15,0,24XX W 22ND AVE,Arbutus Ridge,488307.2144,5455564.4107
Break and Enter Residential/Other,2017,7,17,21,19,24XX W 23RD AVE,Arbutus Ridge,488253.6675,5455465.2344
Break and Enter Residential/Other,2017,5,13,17,0,24XX W 4TH AVE,Kitsilano,488214.6098,5457288.1486
Break and Enter Residential/Other,2017,11,15,2,0,24XX W 5TH AVE,Kitsilano,488235.6234,5457199.8602
Break and Enter Residential/Other,2017,5,8,8,30,24XX W 6TH AVE,Kitsilano,488219.2603,5457104.0068
Break and Enter Residential/Other,2017,12,18,15,54,24XX W KING EDWARD AVE,Arbutus Ridge,488320.6545,5455166.2898
Break and Enter Residential/Other,2017,6,4,10,45,24XX WALL ST,Hastings-Sunrise,496019.3555,5459820.8485
Break and Enter Residential/Other,2017,10,19,14,6,24XX YALE ST,Hastings-Sunrise,495977.3429,5459773.0993
Break and Enter Residential/Other,2017,11,8,20,10,25XX BROCK ST,Renfrew-Collingwood,496079.8635,5454554.9277
Break and Enter Residential/Other,2017,2,19,1,0,25XX CHARLES ST,Hastings-Sunrise,496206.253,5457841.0696
Break and Enter Residential/Other,2017,1,29,11,15,25XX E 20TH AVE,Renfrew-Collingwood,496049.2174,5455515.9
Break and Enter Residential/Other,2017,6,8,12,12,25XX E 28TH AVE,Renfrew-Collingwood,496087.0518,5454737.3866
Break and Enter Residential/Other,2017,12,13,11,40,25XX E 29TH AVE,Renfrew-Collingwood,496167.0185,5454655.4883
Break and Enter Residential/Other,2017,6,7,8,0,25XX E 29TH AVE,Renfrew-Collingwood,496199.2605,5454655.2652
Break and Enter Residential/Other,2017,5,22,1,0,25XX E 45TH AVE,Victoria-Fraserview,495947.3507,5452952.2791
Break and Enter Residential/Other,2017,5,10,4,5,25XX E 49TH AVE,Victoria-Fraserview,495964.7607,5452453.2719
Break and Enter Residential/Other,2017,10,31,12,43,25XX E 7TH AVE,Hastings-Sunrise,496158.6374,5456795.3937
Break and Enter Residential/Other,2017,8,22,10,34,25XX E HASTINGS ST,Hastings-Sunrise,496137.7913,5458709.0501
Break and Enter Residential/Other,2017,4,22,14,6,25XX E PENDER ST,Hastings-Sunrise,496151.6677,5458614.3069
Break and Enter Residential/Other,2017,3,19,9,30,25XX ETON ST,Hastings-Sunrise,496048.0168,5459447.8451
Break and Enter Residential/Other,2017,10,18,20,56,25XX ETON ST,Hastings-Sunrise,496077.3228,5459447.9847
Break and Enter Residential/Other,2017,12,6,13,0,25XX ETON ST,Hastings-Sunrise,496103.0092,5459438.9631
Break and Enter Residential/Other,2017,4,1,0,0,25XX ETON ST,Hastings-Sunrise,496194.5905,5459439.3996
Break and Enter Residential/Other,2017,4,18,8,45,25XX FRANKLIN ST,Hastings-Sunrise,496072.5725,5458818.6519
Break and Enter Residential/Other,2017,11,4,17,0,25XX GRAVELEY ST,Hastings-Sunrise,496092.1067,5457524.4974
Break and Enter Residential/Other,2017,5,17,10,59,25XX MAPLE ST,Kitsilano,489042.2959,5456779.7038
Break and Enter Residential/Other,2017,3,11,21,0,25XX ONTARIO ST,Mount Pleasant,492363.8886,5456682.7375
Break and Enter Residential/Other,2017,5,7,1,0,25XX PANDORA ST,Hastings-Sunrise,496186.6196,5458911.8921
Break and Enter Residential/Other,2017,11,9,7,42,25XX PARKER ST,Hastings-Sunrise,496114.0307,5458122.117
Break and Enter Residential/Other,2017,4,21,0,0,25XX TRINITY ST,Hastings-Sunrise,496131.822,5459658.7413
Break and Enter Residential/Other,2017,7,15,18,0,25XX TURNER ST,Hastings-Sunrise,496129.1732,5458479.7628
Break and Enter Residential/Other,2017,4,1,5,55,25XX VENABLES ST,Hastings-Sunrise,496092.4677,5458205.1597
Break and Enter Residential/Other,2017,4,10,4,2,25XX W 10TH AVE,Kitsilano,488095.9218,5456705.4377
Break and Enter Residential/Other,2017,8,11,0,0,25XX W 10TH AVE,Kitsilano,488095.9218,5456705.4377
Break and Enter Residential/Other,2017,1,12,21,30,25XX W 12TH AVE,Kitsilano,488047.1829,5456499.7776
Break and Enter Residential/Other,2017,7,11,18,0,25XX W 13TH AVE,Kitsilano,488082.0785,5456404.1294
Break and Enter Residential/Other,2017,11,18,4,30,25XX W 16TH AVE,Kitsilano,488048.0959,5456102.3145
Break and Enter Residential/Other,2017,1,9,0,5,25XX W 16TH AVE,Arbutus Ridge,488052.3742,5456086.8466
Break and Enter Residential/Other,2017,8,6,22,0,25XX W 20TH AVE,Arbutus Ridge,488130.2093,5455761.6123
Break and Enter Residential/Other,2017,8,2,22,0,25XX W 22ND AVE,Arbutus Ridge,488177.57,5455558.3359
Break and Enter Residential/Other,2017,7,16,10,45,25XX W 2ND AVE,Kitsilano,488106.5878,5457496.283
Break and Enter Residential/Other,2017,11,15,11,42,25XX W 2ND AVE,Kitsilano,488137.2659,5457486.337
Break and Enter Residential/Other,2017,7,15,4,0,25XX W 2ND AVE,Kitsilano,488189.2568,5457494.1303
Break and Enter Residential/Other,2017,4,14,22,15,25XX W 34TH AVE,Arbutus Ridge,488070.6991,5454290.7088
Break and Enter Residential/Other,2017,10,29,3,0,25XX W 37TH AVE,Arbutus Ridge,488160.1092,5453968.6347
Break and Enter Residential/Other,2017,10,8,19,0,25XX W KING EDWARD AVE,Arbutus Ridge,488269.1839,5455169.0428
Break and Enter Residential/Other,2017,3,10,16,33,25XX WALL ST,Hastings-Sunrise,496050.841,5459830.8927
Break and Enter Residential/Other,2017,6,3,19,0,25XX WALL ST,Hastings-Sunrise,496050.841,5459830.8927
Break and Enter Residential/Other,2017,6,10,18,0,25XX WALL ST,Hastings-Sunrise,496050.841,5459830.8927
Break and Enter Residential/Other,2017,6,30,12,30,25XX WALL ST,Hastings-Sunrise,496050.841,5459830.8927
Break and Enter Residential/Other,2017,1,25,10,30,25XX WATERLOO ST,Kitsilano,486911.8007,5456823.2433
Break and Enter Residential/Other,2017,9,25,6,0,25XX WATERLOO ST,Kitsilano,486920.9211,5456821.4242
Break and Enter Residential/Other,2017,8,30,6,0,25XX WILLOW ST,Fairview,491130.9799,5456655.9127
Break and Enter Residential/Other,2017,5,24,22,0,25XX YALE ST,Hastings-Sunrise,496143.79,5459772.7437
Break and Enter Residential/Other,2017,10,22,22,20,25XX YALE ST,Hastings-Sunrise,496158.7549,5459781.8472
Break and Enter Residential/Other,2017,11,7,17,30,26XX ADANAC ST,Hastings-Sunrise,496314.4666,5458307.8387
Break and Enter Residential/Other,2017,6,19,10,0,26XX ADANAC ST,Hastings-Sunrise,496332.2023,5458298.7339
Break and Enter Residential/Other,2017,3,19,15,44,26XX CAMBRIDGE ST,Hastings-Sunrise,496293.809,5459337.0423
Break and Enter Residential/Other,2017,4,27,21,45,26XX CHARLES ST,Hastings-Sunrise,496308.7528,5457840.6947
Break and Enter Residential/Other,2017,11,10,23,0,26XX CLARK DR,Kensington-Cedar Cottage,494367.1729,5456495.4166
Break and Enter Residential/Other,2017,7,2,17,30,26XX CROWN ST,West Point Grey,485894.9445,5456719.107
Break and Enter Residential/Other,2017,3,1,13,30,26XX CYPRESS ST,Kitsilano,489222.2107,5456631.5058
Break and Enter Residential/Other,2017,5,3,22,48,26XX DUKE ST,Renfrew-Collingwood,496314.9038,5454077.2527
Break and Enter Residential/Other,2017,2,1,19,49,26XX DUNDAS ST,Hastings-Sunrise,496259.4166,5459110.8018
Break and Enter Residential/Other,2017,5,20,19,52,26XX E 24TH AVE,Renfrew-Collingwood,496308.5126,5455112.2248
Break and Enter Residential/Other,2017,6,8,16,13,26XX E 28TH AVE,Renfrew-Collingwood,496309.8773,5454748.3177
Break and Enter Residential/Other,2017,5,8,15,0,26XX E 45TH AVE,Victoria-Fraserview,496180.5824,5452948.7468
Break and Enter Residential/Other,2017,11,16,8,0,26XX E 46TH AVE,Victoria-Fraserview,496047.9422,5452858.7344
Break and Enter Residential/Other,2017,5,22,2,30,26XX E 47TH AVE,Victoria-Fraserview,496097.2072,5452758.9196
Break and Enter Residential/Other,2017,3,29,5,30,26XX E 4TH AVE,Hastings-Sunrise,496349.4647,5457106.8294
Break and Enter Residential/Other,2017,9,7,15,34,26XX E 52ND AVE,Victoria-Fraserview,496112.2798,5452124.7373
Break and Enter Residential/Other,2017,7,11,9,47,26XX E 56TH AVE,Victoria-Fraserview,496047.5292,5451802.9995
Break and Enter Residential/Other,2017,4,8,13,32,26XX E 56TH AVE,Victoria-Fraserview,496075.5989,5451793.7218
Break and Enter Residential/Other,2017,2,28,13,15,26XX E 6TH AVE,Hastings-Sunrise,496236.0448,5456895.1955
Break and Enter Residential/Other,2017,6,2,19,0,26XX E BROADWAY AVE,Hastings-Sunrise,496265.6289,5456588.3196
Break and Enter Residential/Other,2017,7,27,23,32,26XX ETON ST,Hastings-Sunrise,496227.9976,5459439.4766
Break and Enter Residential/Other,2017,7,30,22,30,26XX ETON ST,Hastings-Sunrise,496250.1141,5459439.2648
Break and Enter Residential/Other,2017,7,31,13,0,26XX ETON ST,Hastings-Sunrise,496368.0689,5459438.135
Break and Enter Residential/Other,2017,11,23,20,29,26XX GLEN DR,Mount Pleasant,494080.8843,5456484.2825
Break and Enter Residential/Other,2017,5,19,12,0,26XX GRANDVIEW HWY S,Renfrew-Collingwood,496178.7084,5456082.9955
Break and Enter Residential/Other,2017,7,5,20,2,26XX HORLEY ST,Renfrew-Collingwood,496444.4406,5454204.5056
Break and Enter Residential/Other,2017,7,25,13,4,26XX HORLEY ST,Renfrew-Collingwood,496444.4406,5454204.5056
Break and Enter Residential/Other,2017,7,3,7,9,26XX HOYLAKE AVE,Victoria-Fraserview,496004.0492,5451489.6814
Break and Enter Residential/Other,2017,11,16,17,30,26XX MARINE CRES,Kerrisdale,488029.1013,5452674.5874
Break and Enter Residential/Other,2017,3,1,1,0,26XX MCBAIN AVE,Arbutus Ridge,488051.4567,5454940.7999
Break and Enter Residential/Other,2017,5,20,23,15,26XX MCBAIN AVE,Arbutus Ridge,488142.7863,5454961.6606
Break and Enter Residential/Other,2017,2,25,22,0,26XX OLIVER CRES,Arbutus Ridge,488055.7595,5455162.1856
Break and Enter Residential/Other,2017,3,24,23,0,26XX PANDORA ST,Hastings-Sunrise,496359.1128,5458920.1616
Break and Enter Residential/Other,2017,12,5,6,34,26XX PARKER ST,Hastings-Sunrise,496399.8091,5458121.9235
Break and Enter Residential/Other,2017,4,18,18,2,26XX POINT GREY RD,Kitsilano,488008.7243,5457779.4118
Break and Enter Residential/Other,2017,6,28,8,18,26XX SW MARINE DR,Kerrisdale,487979.4212,5452462.8704
Break and Enter Residential/Other,2017,3,14,19,0,26XX TRIUMPH ST,Hastings-Sunrise,496230.1478,5459012.4578
Break and Enter Residential/Other,2017,7,28,18,0,26XX TURNER ST,Hastings-Sunrise,496271.3341,5458479.6049
Break and Enter Residential/Other,2017,7,19,8,10,26XX VENABLES ST,Hastings-Sunrise,496374.8406,5458215.0364
Break and Enter Residential/Other,2017,11,28,18,15,26XX W 10TH AVE,Kitsilano,488015.1818,5456720.7522
Break and Enter Residential/Other,2017,2,25,11,0,26XX W 19TH AVE,Arbutus Ridge,488022.523,5455865.5374
Break and Enter Residential/Other,2017,4,11,5,38,26XX W 20TH AVE,Arbutus Ridge,488069.0263,5455772.0766
Break and Enter Residential/Other,2017,12,30,19,30,26XX W 21ST AVE,Arbutus Ridge,487997.1385,5455673.9596
Break and Enter Residential/Other,2017,6,18,17,34,26XX W 22ND AVE,Arbutus Ridge,488046.9261,5455570.4774
Break and Enter Residential/Other,2017,12,15,19,0,26XX W 23RD AVE,Arbutus Ridge,488078.9427,5455469.4991
Break and Enter Residential/Other,2017,4,20,14,41,26XX W 35TH AVE,Arbutus Ridge,487950.3573,5454186.9297
Break and Enter Residential/Other,2017,10,7,15,39,26XX W 36TH AVE,Arbutus Ridge,487976.1086,5454090.1658
Break and Enter Residential/Other,2017,3,10,0,30,26XX W 3RD AVE,Kitsilano,487961.9879,5457391.6772
Break and Enter Residential/Other,2017,4,21,21,0,26XX W 3RD AVE,Kitsilano,487961.9879,5457391.6772
Break and Enter Residential/Other,2017,3,10,11,45,26XX WALL ST,Hastings-Sunrise,496252.5057,5459895.1847
Break and Enter Residential/Other,2017,5,3,15,56,26XX WAVERLEY AVE,Victoria-Fraserview,496079.0071,5452669.6099
Break and Enter Residential/Other,2017,12,29,3,44,27XX CYPRESS ST,Kitsilano,489218.5401,5456498.8513
Break and Enter Residential/Other,2017,7,5,7,45,27XX DUKE ST,Renfrew-Collingwood,496443.964,5453995.9978
Break and Enter Residential/Other,2017,4,29,23,0,27XX DUNDAS ST,Hastings-Sunrise,496496.1309,5459119.3481
Break and Enter Residential/Other,2017,8,9,10,0,27XX E 1ST AVE,Hastings-Sunrise,496532.9079,5457429.7354
Break and Enter Residential/Other,2017,4,13,13,0,27XX E 25TH AVE,Renfrew-Collingwood,496477.5781,5455013.228
Break and Enter Residential/Other,2017,3,31,19,0,27XX E 25TH AVE,Renfrew-Collingwood,496564.7531,5455012.5013
Break and Enter Residential/Other,2017,10,26,15,0,27XX E 2ND AVE,Hastings-Sunrise,496490.8024,5457298.6363
Break and Enter Residential/Other,2017,4,3,9,40,27XX E 43RD AVE,Victoria-Fraserview,496425.449,5453149.5064
Break and Enter Residential/Other,2017,4,16,21,55,27XX E 44TH AVE,Victoria-Fraserview,496433.1088,5453068.9138
Break and Enter Residential/Other,2017,11,16,13,0,27XX E 45TH AVE,Victoria-Fraserview,496344.0167,5452955.4019
Break and Enter Residential/Other,2017,11,19,22,30,27XX E 48TH AVE,Killarney,496483.6947,5452565.2928
Break and Enter Residential/Other,2017,11,24,21,12,27XX E 49TH AVE,Killarney,496481.9414,5452447.6276
Break and Enter Residential/Other,2017,3,7,23,0,27XX E 54TH AVE,Killarney,496452.6904,5451932.6961
Break and Enter Residential/Other,2017,1,18,19,30,27XX E 6TH AVE,Hastings-Sunrise,496512.4165,5456893.685
Break and Enter Residential/Other,2017,10,16,8,0,27XX E 6TH AVE,Hastings-Sunrise,496533.3559,5456884.4216
Break and Enter Residential/Other,2017,1,18,19,30,27XX E 6TH AVE,Hastings-Sunrise,496540.353,5456884.3817
Break and Enter Residential/Other,2017,4,5,19,0,27XX E BROADWAY AVE,Hastings-Sunrise,496490.1572,5456587.9194
Break and Enter Residential/Other,2017,8,6,7,15,27XX E GEORGIA ST,Hastings-Sunrise,496424.3712,5458397.1996
Break and Enter Residential/Other,2017,8,1,8,45,27XX ETON ST,Hastings-Sunrise,496569.4279,5459436.594
Break and Enter Residential/Other,2017,12,15,9,0,27XX FRASER ST,Mount Pleasant,493506.9264,5456401.876
Break and Enter Residential/Other,2017,2,22,21,0,27XX GUELPH ST,Mount Pleasant,493084.6591,5456385.9937
Break and Enter Residential/Other,2017,4,12,8,30,27XX HORLEY ST,Renfrew-Collingwood,496482.6913,5454180.9555
Break and Enter Residential/Other,2017,6,6,22,30,27XX MANITOBA ST,Mount Pleasant,492212.1352,5456426.0151
Break and Enter Residential/Other,2017,4,11,10,0,27XX NAPIER ST,Hastings-Sunrise,496501.3118,5458028.5834
Break and Enter Residential/Other,2017,12,17,2,0,27XX PANDORA ST,Hastings-Sunrise,496577.3809,5458909.9919
Break and Enter Residential/Other,2017,12,16,6,17,27XX PARKER ST,Hastings-Sunrise,496471.1492,5458120.9705
Break and Enter Residential/Other,2017,5,13,12,31,27XX W 13TH AVE,Kitsilano,487834.3068,5456419.4289
Break and Enter Residential/Other,2017,10,4,9,21,27XX W 22ND AVE,Arbutus Ridge,487805.5083,5455576.0273
Break and Enter Residential/Other,2017,8,1,16,30,27XX W 2ND AVE,Kitsilano,487851.7825,5457502.8978
Break and Enter Residential/Other,2017,12,30,19,49,27XX W 36TH AVE,Arbutus Ridge,487898.4387,5454082.6787
Break and Enter Residential/Other,2017,10,21,10,17,27XX W 37TH AVE,Arbutus Ridge,487822.2195,5453979.4225
Break and Enter Residential/Other,2017,4,1,18,30,27XX W 37TH AVE,Arbutus Ridge,487883.3458,5453978.3054
Break and Enter Residential/Other,2017,11,22,13,20,27XX W 50TH AVE,Kerrisdale,487849.8501,5452657.514
Break and Enter Residential/Other,2017,10,5,13,0,27XX WALLACE ST,West Point Grey,486115.8522,5456584.676
Break and Enter Residential/Other,2017,6,20,5,12,27XX WARD ST,Renfrew-Collingwood,496424.3563,5454102.6735
Break and Enter Residential/Other,2017,11,14,0,0,27XX YALE ST,Hastings-Sunrise,496461.4626,5459779.2817
Break and Enter Residential/Other,2017,10,3,16,45,28XX CAMBIE ST,Mount Pleasant,491636.2048,5456319.3779
Break and Enter Residential/Other,2017,9,11,9,0,28XX DUNDAS ST,Hastings-Sunrise,496700.8638,5459119.3033
Break and Enter Residential/Other,2017,7,27,16,13,28XX E 22ND AVE,Renfrew-Collingwood,496777.5432,5455308.9905
Break and Enter Residential/Other,2017,5,24,9,0,28XX E 42ND AVE,Killarney,496469.5457,5453245.9757
Break and Enter Residential/Other,2017,11,11,21,29,28XX E 49TH AVE,Killarney,496568.671,5452446.6928
Break and Enter Residential/Other,2017,3,9,14,0,28XX E 5TH AVE,Hastings-Sunrise,496627.741,5456989.503
Break and Enter Residential/Other,2017,7,20,15,0,28XX E 5TH AVE,Hastings-Sunrise,496642.9101,5456989.4836
Break and Enter Residential/Other,2017,7,11,23,0,28XX E 5TH AVE,Hastings-Sunrise,496680.833,5456989.4349
Break and Enter Residential/Other,2017,11,17,7,0,28XX E BROADWAY AVE,Renfrew-Collingwood,496643.2307,5456576.438
Break and Enter Residential/Other,2017,8,2,11,44,28XX E BROADWAY AVE,Renfrew-Collingwood,496674.0604,5456575.4881
Break and Enter Residential/Other,2017,7,6,11,30,28XX E KENT AVE N,Killarney,496492.3533,5450410.6166
Break and Enter Residential/Other,2017,10,19,3,30,28XX ETON ST,Hastings-Sunrise,496673.2603,5459445.0622
Break and Enter Residential/Other,2017,11,7,20,57,28XX EUCLID AVE,Renfrew-Collingwood,496564.3677,5454355.1348
Break and Enter Residential/Other,2017,11,26,12,30,28XX FIR ST,Fairview,489734.5534,5456439.5266
Break and Enter Residential/Other,2017,6,9,4,0,28XX GRANT ST,Hastings-Sunrise,496607.6719,5457627.6491
Break and Enter Residential/Other,2017,2,12,22,0,28XX GRAVELEY ST,Hastings-Sunrise,496625.9427,5457523.4665
Break and Enter Residential/Other,2017,8,16,18,36,28XX KITCHENER ST,Hastings-Sunrise,496628.419,5457722.6402
Break and Enter Residential/Other,2017,2,19,22,0,28XX MAIN ST,Mount Pleasant,492639.0023,5456307.5315
Break and Enter Residential/Other,2017,10,4,16,0,28XX MCGILL ST,Hastings-Sunrise,496609.9882,5459557.5337
Break and Enter Residential/Other,2017,12,31,9,17,28XX PANDORA ST,Hastings-Sunrise,496768.4177,5458918.2796
Break and Enter Residential/Other,2017,8,7,9,38,28XX ROSEMONT DR,Killarney,496546.7182,5451647.3221
Break and Enter Residential/Other,2017,2,20,17,0,28XX SOTAO AVE,Killarney,496489.8915,5450474.0126
Break and Enter Residential/Other,2017,9,30,8,0,28XX W 10TH AVE,Kitsilano,487650.7792,5456737.4722
Break and Enter Residential/Other,2017,7,14,6,0,28XX W 14TH AVE,Kitsilano,487719.7863,5456322.8974
Break and Enter Residential/Other,2017,9,11,23,0,28XX W 16TH AVE,Kitsilano,487680.0574,5456129.1073
Break and Enter Residential/Other,2017,7,30,19,39,28XX W 18TH AVE,Arbutus Ridge,487627.9047,5455973.4161
Break and Enter Residential/Other,2017,2,20,23,0,28XX W 18TH AVE,Arbutus Ridge,487742.18,5455970.0748
Break and Enter Residential/Other,2017,3,3,19,49,28XX W 19TH AVE,Arbutus Ridge,487647.1842,5455870.2159
Break and Enter Residential/Other,2017,9,23,23,0,28XX W 19TH AVE,Arbutus Ridge,487755.6988,5455869.2763
Break and Enter Residential/Other,2017,10,20,18,0,28XX W 21ST AVE,Arbutus Ridge,487772.2163,5455669.9998
Break and Enter Residential/Other,2017,8,9,6,40,28XX W 36TH AVE,Arbutus Ridge,487748.7466,5454083.8197
Break and Enter Residential/Other,2017,3,18,19,0,28XX W 37TH AVE,Arbutus Ridge,487733.6138,5453989.9496
Break and Enter Residential/Other,2017,7,8,22,50,28XX W 41ST AVE,Arbutus Ridge,487624.0663,5453567.5142
Break and Enter Residential/Other,2017,10,9,12,0,28XX W 41ST AVE,Arbutus Ridge,487803.7402,5453568.1213
Break and Enter Residential/Other,2017,6,30,19,0,28XX W 43RD AVE,Kerrisdale,487751.6082,5453340.5835
Break and Enter Residential/Other,2017,11,11,12,0,28XX W 5TH AVE,Kitsilano,487710.5745,5457198.9989
Break and Enter Residential/Other,2017,7,6,11,26,28XX W 7TH AVE,Kitsilano,487699.3799,5457023.7963
Break and Enter Residential/Other,2017,2,10,9,0,28XX W 8TH AVE,Kitsilano,487627.8074,5456925.4007
Break and Enter Residential/Other,2017,7,17,19,0,28XX WATERLOO ST,Kitsilano,486903.3692,5456520.4757
Break and Enter Residential/Other,2017,11,18,9,0,29XX E 1ST AVE,Hastings-Sunrise,496892.6517,5457398.0355
Break and Enter Residential/Other,2017,6,12,10,0,29XX E 29TH AVE,Renfrew-Collingwood,496890.3292,5454647.967
Break and Enter Residential/Other,2017,6,19,11,0,29XX E 3RD AVE,Hastings-Sunrise,496851.1617,5457208.7024
Break and Enter Residential/Other,2017,2,1,13,4,29XX E 3RD AVE,Hastings-Sunrise,496886.3427,5457199.2578
Break and Enter Residential/Other,2017,7,24,17,20,29XX E 3RD AVE,Hastings-Sunrise,496964.6961,5457198.5891
Break and Enter Residential/Other,2017,11,14,15,30,29XX E 49TH AVE,Killarney,496814.769,5452434.8856
Break and Enter Residential/Other,2017,9,8,9,40,29XX E 6TH AVE,Hastings-Sunrise,496890.1573,5456891.8704
Break and Enter Residential/Other,2017,6,17,11,30,29XX E 6TH AVE,Hastings-Sunrise,496969.9146,5456881.984
Break and Enter Residential/Other,2017,1,15,18,14,29XX E GEORGIA ST,Hastings-Sunrise,496844.4696,5458396.4621
Break and Enter Residential/Other,2017,12,6,15,29,29XX KITCHENER ST,Hastings-Sunrise,496868.6691,5457730.38
Break and Enter Residential/Other,2017,5,12,10,0,29XX OAK ST,Fairview,490773.2877,5456299.1423
Break and Enter Residential/Other,2017,8,29,4,0,29XX ONTARIO ST,Mount Pleasant,492360.2128,5456278.5003
Break and Enter Residential/Other,2017,5,29,8,15,29XX PINE ST,Fairview,489549.4687,5456262.3006
Break and Enter Residential/Other,2017,6,10,19,0,29XX SW MARINE DR,Kerrisdale,487420.1095,5452806.3765
Break and Enter Residential/Other,2017,11,9,8,52,29XX TURNER ST,Hastings-Sunrise,496806.3175,5458479.177
Break and Enter Residential/Other,2017,9,1,23,45,29XX W 11TH AVE,Kitsilano,487577.2203,5456626.3036
Break and Enter Residential/Other,2017,8,22,13,0,29XX W 12TH AVE,Kitsilano,487523.7881,5456537.121
Break and Enter Residential/Other,2017,4,22,19,0,29XX W 16TH AVE,Kitsilano,487567.2847,5456132.314
Break and Enter Residential/Other,2017,7,9,2,47,29XX W 21ST AVE,Arbutus Ridge,487458.8266,5455679.2482
Break and Enter Residential/Other,2017,3,24,22,19,29XX W 21ST AVE,Arbutus Ridge,487545.1478,5455669.7897
Break and Enter Residential/Other,2017,8,14,13,14,29XX W 27TH AVE,Dunbar-Southlands,487438.2143,5455046.5392
Break and Enter Residential/Other,2017,4,13,22,51,29XX W 27TH AVE,Dunbar-Southlands,487467.4293,5455037.3226
Break and Enter Residential/Other,2017,3,15,0,40,29XX W 30TH AVE,Dunbar-Southlands,487591.5159,5454719.2466
Break and Enter Residential/Other,2017,4,21,21,47,29XX W 36TH AVE,Dunbar-Southlands,487478.4924,5454095.2665
Break and Enter Residential/Other,2017,2,25,20,52,29XX W 37TH AVE,Dunbar-Southlands,487589.0679,5453982.3727
Break and Enter Residential/Other,2017,11,15,20,6,29XX W 38TH AVE,Dunbar-Southlands,487448.0026,5453876.3711
Break and Enter Residential/Other,2017,3,20,10,42,29XX W 43RD AVE,Kerrisdale,487476.2414,5453351.7383
Break and Enter Residential/Other,2017,8,11,9,0,29XX W 45TH AVE,Kerrisdale,487471.4787,5453145.6893
Break and Enter Residential/Other,2017,1,31,10,30,2X E 59TH AVE,Sunset,492313.7707,5451567.4571
Break and Enter Residential/Other,2017,11,21,2,0,2X GORE AVE,Strathcona,492875.8581,5459090.1041
Break and Enter Residential/Other,2017,10,26,13,51,2X W 15TH AVE,Mount Pleasant,492307.363,5456099.7356
Break and Enter Residential/Other,2017,10,12,8,30,2X W 23RD AVE,Riley Park,492307.8884,5455240.6771
Break and Enter Residential/Other,2017,10,25,21,0,2X W 26TH AVE,Riley Park,492304.8292,5455008.637
Break and Enter Residential/Other,2017,3,7,17,0,2X W 26TH AVE,Riley Park,492311.6645,5455008.3971
Break and Enter Residential/Other,2017,8,7,20,0,2X W 6TH AVE,Mount Pleasant,492342.0295,5456988.9929
Break and Enter Residential/Other,2017,7,5,12,0,2X W 7TH AVE,Mount Pleasant,492339.4863,5456889.6941
Break and Enter Residential/Other,2017,9,11,14,46,2X W CORDOVA ST,Central Business District,492373.8899,5458875.9302
Break and Enter Residential/Other,2017,6,5,17,22,2X W HASTINGS ST,Central Business District,492362.3985,5458761.3541
Break and Enter Residential/Other,2017,3,15,16,0,2X W KING EDWARD AVE,Riley Park,492305.0905,5455117.2698
Break and Enter Residential/Other,2017,7,26,0,21,2X W PENDER ST,Central Business District,492327.5797,5458669.7555
Break and Enter Residential/Other,2017,8,29,19,53,2X W PENDER ST,Central Business District,492327.5797,5458669.7555
Break and Enter Residential/Other,2017,8,10,20,50,2XX ABBOTT ST,Central Business District,492255.5602,5459018.3351
Break and Enter Residential/Other,2017,11,2,1,0,2XX ABBOTT ST,Central Business District,492262.1655,5459007.4422
Break and Enter Residential/Other,2017,1,6,15,55,2XX CARRALL ST,Central Business District,492424.5865,5458966.9029
Break and Enter Residential/Other,2017,8,25,13,42,2XX CARRALL ST,Central Business District,492424.5865,5458966.9029
Break and Enter Residential/Other,2017,3,5,14,0,2XX DRAKE ST,Central Business District,490968.9429,5457901.262
Break and Enter Residential/Other,2017,5,23,15,43,2XX DRAKE ST,Central Business District,490968.9429,5457901.262
Break and Enter Residential/Other,2017,8,23,0,1,2XX DUNLEVY AVE,Strathcona,493061.6671,5458907.6233
Break and Enter Residential/Other,2017,10,3,14,0,2XX E 17TH AVE,Riley Park,492718.1867,5455887.3981
Break and Enter Residential/Other,2017,7,9,2,0,2XX E 17TH AVE,Riley Park,492745.8405,5455877.6928
Break and Enter Residential/Other,2017,6,23,10,0,2XX E 18TH AVE,Riley Park,492703.7024,5455779.4852
Break and Enter Residential/Other,2017,2,3,15,0,2XX E 18TH AVE,Riley Park,492798.1337,5455777.6242
Break and Enter Residential/Other,2017,9,1,9,0,2XX E 23RD AVE,Riley Park,492761.9824,5455283.3312
Break and Enter Residential/Other,2017,11,18,18,7,2XX E 24TH AVE,Riley Park,492780.3347,5455173.9971
Break and Enter Residential/Other,2017,8,11,20,20,2XX E 30TH AVE,Riley Park,492805.3283,5454505.9334
Break and Enter Residential/Other,2017,10,23,8,0,2XX E 46TH AVE,Sunset,492682.4105,5452862.1471
Break and Enter Residential/Other,2017,10,9,16,45,2XX E 50TH AVE,Sunset,492630.3251,5452436.066
Break and Enter Residential/Other,2017,2,2,23,15,2XX E 58TH AVE,Sunset,492637.9247,5451645.0697
Break and Enter Residential/Other,2017,6,24,14,0,2XX E 6TH AVE,Mount Pleasant,492739.4629,5456969.2808
Break and Enter Residential/Other,2017,5,2,5,25,2XX E CORDOVA ST,Strathcona,492808.2006,5458835.9159
Break and Enter Residential/Other,2017,8,5,13,0,2XX E GEORGIA ST,Strathcona,492760.2979,5458423.5689
Break and Enter Residential/Other,2017,2,8,15,44,2XX E HASTINGS ST,Strathcona,492817.334,5458740.2648
Break and Enter Residential/Other,2017,3,14,21,35,2XX KEEFER ST,Strathcona,492792.4286,5458524.1205
Break and Enter Residential/Other,2017,1,6,22,0,2XX KINGSWAY AVE,Mount Pleasant,492830.8604,5456576.8412
Break and Enter Residential/Other,2017,4,16,9,31,2XX N GARDEN DR,Grandview-Woodland,495795.6111,5459343.6412
Break and Enter Residential/Other,2017,1,27,18,0,2XX N GARDEN DR,Grandview-Woodland,495806.9046,5459345.5925
Break and Enter Residential/Other,2017,7,22,16,0,2XX POWELL ST,Strathcona,492827.5426,5458935.8162
Break and Enter Residential/Other,2017,3,4,10,42,2XX PRINCESS AVE,Strathcona,493347.4393,5458909.1085
Break and Enter Residential/Other,2017,1,30,16,29,2XX PRINCESS AVE,Strathcona,493356.3701,5458886.2277
Break and Enter Residential/Other,2017,8,19,20,30,2XX W 17TH AVE,Riley Park,491965.5757,5455889.1878
Break and Enter Residential/Other,2017,9,7,4,30,2XX W 18TH AVE,Riley Park,491921.4217,5455780.9333
Break and Enter Residential/Other,2017,3,27,0,0,2XX W 18TH AVE,Riley Park,491945.1485,5455789.3345
Break and Enter Residential/Other,2017,11,20,12,0,2XX W 23RD AVE,Riley Park,491944.3418,5455261.329
Break and Enter Residential/Other,2017,11,10,13,15,2XX W 39TH AVE,Riley Park,491920.7093,5453668.7121
Break and Enter Residential/Other,2017,7,21,11,30,2XX W 41ST AVE,Oakridge,491846.6808,5453401.486
Break and Enter Residential/Other,2017,4,22,21,30,2XX W 41ST AVE,Oakridge,491902.2596,5453398.7782
Break and Enter Residential/Other,2017,7,12,19,10,2XX W 42ND AVE,Oakridge,491905.4525,5453297.8584
Break and Enter Residential/Other,2017,1,5,7,45,2XX W 46TH AVE,Oakridge,491810.5098,5452889.0419
Break and Enter Residential/Other,2017,8,13,12,30,2XX W 46TH AVE,Oakridge,491841.2307,5452888.2203
Break and Enter Residential/Other,2017,8,27,18,0,2XX W 49TH AVE,Oakridge,491849.0178,5452582.3694
Break and Enter Residential/Other,2017,5,17,4,45,2XX W 6TH AVE,Mount Pleasant,492002.0767,5456998.3716
Break and Enter Residential/Other,2017,10,16,9,0,2XX WATERFORD DR,Marpole,491937.1112,5451522.8116
Break and Enter Residential/Other,2017,10,10,19,14,30XX ALBERTA ST,Mount Pleasant,491910.4011,5456160.893
Break and Enter Residential/Other,2017,2,22,19,0,30XX ALMA ST,West Point Grey,486459.0957,5456316.5273
Break and Enter Residential/Other,2017,9,22,18,0,30XX CROWN ST,West Point Grey,485874.8512,5456365.2276
Break and Enter Residential/Other,2017,7,18,14,30,30XX E 16TH AVE,Renfrew-Collingwood,497080.7972,5455864.5185
Break and Enter Residential/Other,2017,8,26,11,30,30XX E 17TH AVE,Renfrew-Collingwood,496982.452,5455784.1039
Break and Enter Residential/Other,2017,10,17,10,3,30XX E 18TH AVE,Renfrew-Collingwood,497044.9113,5455699.0535
Break and Enter Residential/Other,2017,2,28,14,15,30XX E 1ST AVE,Hastings-Sunrise,497137.33,5457397.1379
Break and Enter Residential/Other,2017,8,18,14,0,30XX E 21ST AVE,Renfrew-Collingwood,496993.9391,5455409.9641
Break and Enter Residential/Other,2017,11,21,9,45,30XX E 29TH AVE,Renfrew-Collingwood,496953.1917,5454637.8293
Break and Enter Residential/Other,2017,7,7,10,0,30XX E 2ND AVE,Hastings-Sunrise,497057.4852,5457297.5392
Break and Enter Residential/Other,2017,3,3,23,0,30XX E 3RD AVE,Hastings-Sunrise,497021.4111,5457198.2399
Break and Enter Residential/Other,2017,7,7,19,24,30XX E 6TH AVE,Hastings-Sunrise,497098.8535,5456881.3043
Break and Enter Residential/Other,2017,6,14,14,30,30XX E 6TH AVE,Hastings-Sunrise,497151.2375,5456890.1868
Break and Enter Residential/Other,2017,6,14,18,25,30XX E 8TH AVE,Hastings-Sunrise,497030.8267,5456680.8276
Break and Enter Residential/Other,2017,10,28,9,34,30XX GRANT ST,Hastings-Sunrise,497135.8943,5457626.3226
Break and Enter Residential/Other,2017,5,9,23,0,30XX HORLEY ST,Renfrew-Collingwood,496886.9195,5453932.4794
Break and Enter Residential/Other,2017,2,14,9,0,30XX ONTARIO ST,Mount Pleasant,492346.6279,5456143.9333
Break and Enter Residential/Other,2017,3,4,10,35,30XX PINE ST,Fairview,489548.5807,5456233.5143
Break and Enter Residential/Other,2017,4,30,1,0,30XX POINT GREY RD,Kitsilano,487382.9586,5457604.4387
Break and Enter Residential/Other,2017,11,19,15,10,30XX QUEBEC ST,Mount Pleasant,492496.4703,5456166.3331
Break and Enter Residential/Other,2017,12,18,10,30,30XX RUPERT ST,Renfrew-Collingwood,497532.4385,5456030.5366
Break and Enter Residential/Other,2017,5,13,20,21,30XX W 27TH AVE,Dunbar-Southlands,487401.944,5455037.5196
Break and Enter Residential/Other,2017,8,26,23,0,30XX W 2ND AVE,Kitsilano,487443.759,5457515.6642
Break and Enter Residential/Other,2017,9,30,21,0,30XX W 34TH AVE,Dunbar-Southlands,487363.6867,5454307.3133
Break and Enter Residential/Other,2017,10,27,10,25,30XX W 36TH AVE,Dunbar-Southlands,487314.5612,5454096.0962
Break and Enter Residential/Other,2017,8,1,11,0,30XX W 36TH AVE,Dunbar-Southlands,487377.8753,5454095.7691
Break and Enter Residential/Other,2017,6,7,8,28,30XX W 45TH AVE,Kerrisdale,487361.6053,5453147.1454
Break and Enter Residential/Other,2017,6,17,12,29,30XX W 7TH AVE,Kitsilano,487435.8525,5457028.6939
Break and Enter Residential/Other,2017,9,25,19,0,30XX WATERLOO ST,Kitsilano,486898.4284,5456322.9618
Break and Enter Residential/Other,2017,3,3,9,16,31XX ADANAC ST,Hastings-Sunrise,497265.4896,5458296.7115
Break and Enter Residential/Other,2017,10,7,11,57,31XX CHARLES ST,Hastings-Sunrise,497283.1687,5457828.1239
Break and Enter Residential/Other,2017,7,17,16,42,31XX E 19TH AVE,Renfrew-Collingwood,497188.7738,5455594.4706
Break and Enter Residential/Other,2017,12,15,6,0,31XX E 1ST AVE,Hastings-Sunrise,497256.6029,5457426.0623
Break and Enter Residential/Other,2017,7,2,0,8,31XX E 21ST AVE,Renfrew-Collingwood,497201.9994,5455409.3925
Break and Enter Residential/Other,2017,11,15,7,0,31XX E 23RD AVE,Renfrew-Collingwood,497311.6313,5455207.157
Break and Enter Residential/Other,2017,11,24,17,37,31XX E 49TH AVE,Killarney,497148.0095,5452440.5227
Break and Enter Residential/Other,2017,4,7,16,30,31XX E 52ND AVE,Killarney,497091.1607,5452146.2311
Break and Enter Residential/Other,2017,6,8,11,33,31XX E 53RD AVE,Killarney,497112.1821,5452045.5556
Break and Enter Residential/Other,2017,6,2,10,0,31XX E 58TH AVE,Killarney,497096.5006,5451595.1652
Break and Enter Residential/Other,2017,11,4,19,0,31XX E 63RD AVE,Killarney,497034.4422,5451142.4242
Break and Enter Residential/Other,2017,4,9,13,30,31XX E 63RD AVE,Killarney,497073.8673,5451141.2825
Break and Enter Residential/Other,2017,1,17,7,4,31XX GLEN DR,Mount Pleasant,494050.4221,5455973.4226
Break and Enter Residential/Other,2017,9,4,10,51,31XX NOOTKA ST,Renfrew-Collingwood,496979.0533,5455931.3434
Break and Enter Residential/Other,2017,2,20,8,44,31XX POINT GREY RD,Kitsilano,487333.2122,5457609.9139
Break and Enter Residential/Other,2017,4,5,14,35,31XX QUEENS AVE,Renfrew-Collingwood,497154.866,5454415.6421
Break and Enter Residential/Other,2017,4,22,3,51,31XX TRAFALGAR ST,Kitsilano,487996.3102,5456157.6885
Break and Enter Residential/Other,2017,4,1,22,30,31XX VINE ST,Kitsilano,488514.7524,5456091.457
Break and Enter Residential/Other,2017,7,30,7,0,31XX W 10TH AVE,Kitsilano,487228.22,5456748.4475
Break and Enter Residential/Other,2017,11,14,23,0,31XX W 11TH AVE,Kitsilano,487244.4494,5456634.9728
Break and Enter Residential/Other,2017,9,30,0,0,31XX W 13TH AVE,Kitsilano,487201.146,5456445.5454
Break and Enter Residential/Other,2017,7,28,21,46,31XX W 14TH AVE,Kitsilano,487195.4678,5456335.4509
Break and Enter Residential/Other,2017,6,23,21,0,31XX W 24TH AVE,Dunbar-Southlands,487226.869,5455380.2757
Break and Enter Residential/Other,2017,8,22,3,45,31XX W 34TH AVE,Dunbar-Southlands,487231.5342,5454308.5604
Break and Enter Residential/Other,2017,7,31,21,45,31XX W 43RD AVE,Kerrisdale,487271.5956,5453344.0868
Break and Enter Residential/Other,2017,8,23,17,0,31XX W 43RD AVE,Kerrisdale,487290.4856,5453343.9525
Break and Enter Residential/Other,2017,11,22,9,0,31XX W 55TH AVE,Kerrisdale,487205.9297,5452081.9323
Break and Enter Residential/Other,2017,5,4,0,0,31XX W 5TH AVE,Kitsilano,487341.4824,5457218.8193
Break and Enter Residential/Other,2017,7,9,9,10,31XX W 6TH AVE,Kitsilano,487317.5059,5457126.7835
Break and Enter Residential/Other,2017,5,12,15,0,31XX W 8TH AVE,Kitsilano,487328.7954,5456940.617
Break and Enter Residential/Other,2017,6,7,19,0,31XX YUKON ST,Mount Pleasant,491761.7796,5456040.2095
Break and Enter Residential/Other,2017,8,4,21,0,32XX AUSTREY AVE,Renfrew-Collingwood,497355.1064,5453959.1636
Break and Enter Residential/Other,2017,1,28,12,0,32XX CAROLINA ST,Riley Park,493321.2318,5455960.1349
Break and Enter Residential/Other,2017,2,6,9,46,32XX CHARLES ST,Hastings-Sunrise,497378.7707,5457827.7686
Break and Enter Residential/Other,2017,1,31,15,53,32XX CHARLES ST,Hastings-Sunrise,497386.4322,5457827.7468
Break and Enter Residential/Other,2017,3,15,6,0,32XX CYPRESS ST,Shaughnessy,489205.8227,5455965.0242
Break and Enter Residential/Other,2017,12,6,19,56,32XX E 17TH AVE,Renfrew-Collingwood,497456.3443,5455770.82
Break and Enter Residential/Other,2017,7,6,14,0,32XX E 1ST AVE,Hastings-Sunrise,497468.6926,5457395.9926
Break and Enter Residential/Other,2017,11,10,10,30,32XX E 1ST AVE,Hastings-Sunrise,497468.6926,5457395.9926
Break and Enter Residential/Other,2017,10,11,9,0,32XX E 23RD AVE,Renfrew-Collingwood,497529.5822,5455205.7557
Break and Enter Residential/Other,2017,5,18,11,20,32XX E 26TH AVE,Renfrew-Collingwood,497505.1959,5454921.245
Break and Enter Residential/Other,2017,5,8,13,10,32XX E 28TH AVE,Renfrew-Collingwood,497515.5692,5454737.0019
Break and Enter Residential/Other,2017,11,23,13,45,32XX E 3RD AVE,Hastings-Sunrise,497424.6132,5457205.4906
Break and Enter Residential/Other,2017,1,10,18,58,32XX E 44TH AVE,Killarney,497331.725,5453058.0126
Break and Enter Residential/Other,2017,2,19,10,0,32XX E 44TH AVE,Killarney,497339.6969,5453048.8567
Break and Enter Residential/Other,2017,10,29,17,0,32XX E 44TH AVE,Killarney,497343.7033,5453057.9948
Break and Enter Residential/Other,2017,1,18,9,15,32XX E 45TH AVE,Killarney,497346.5668,5452938.5823
Break and Enter Residential/Other,2017,12,5,12,30,32XX E 49TH AVE,Killarney,497324.4515,5452438.5869
Break and Enter Residential/Other,2017,10,5,12,0,32XX E 54TH AVE,Killarney,497202.6113,5451925.7061
Break and Enter Residential/Other,2017,5,24,13,30,32XX E 54TH AVE,Killarney,497316.9206,5451924.8135
Break and Enter Residential/Other,2017,9,7,10,40,32XX E 6TH AVE,Hastings-Sunrise,497440.7551,5456879.3598
Break and Enter Residential/Other,2017,1,5,5,14,32XX E GEORGIA ST,Hastings-Sunrise,497396.1624,5458386.7774
Break and Enter Residential/Other,2017,7,20,3,59,32XX FINDLAY ST,Kensington-Cedar Cottage,495053.9995,5455915.088
Break and Enter Residential/Other,2017,6,16,22,26,32XX GRAVELEY ST,Hastings-Sunrise,497389.366,5457509.6825
Break and Enter Residential/Other,2017,1,13,16,6,32XX GRAVELEY ST,Hastings-Sunrise,497412.244,5457518.675
Break and Enter Residential/Other,2017,9,5,9,15,32XX KINGSWAY AVE,Renfrew-Collingwood,497309.8948,5453536.5463
Break and Enter Residential/Other,2017,10,2,8,58,32XX KINGSWAY AVE,Renfrew-Collingwood,497309.8948,5453536.5463
Break and Enter Residential/Other,2017,9,6,13,0,32XX MATAPAN CRES,Renfrew-Collingwood,497783.7134,5455972.6745
Break and Enter Residential/Other,2017,12,17,16,0,32XX ONTARIO ST,Riley Park,492356.6004,5455915.6317
Break and Enter Residential/Other,2017,1,18,8,47,32XX POINT GREY RD,Kitsilano,487140.7451,5457651.9525
Break and Enter Residential/Other,2017,2,20,7,0,32XX SCHOOL AVE,Killarney,497389.0524,5453287.4922
Break and Enter Residential/Other,2017,3,3,17,0,32XX TUPPER ST,South Cambie,491563.3064,5455993.2157
Break and Enter Residential/Other,2017,1,14,16,3,32XX VENABLES ST,Hastings-Sunrise,497396.0357,5458211.7625
Break and Enter Residential/Other,2017,11,23,17,55,32XX VIMY CRES,Renfrew-Collingwood,498210.8867,5455916.2043
Break and Enter Residential/Other,2017,8,22,9,0,32XX VIMY CRES,Renfrew-Collingwood,498211.7588,5455972.5669
Break and Enter Residential/Other,2017,5,27,13,0,32XX W 12TH AVE,Kitsilano,487182.0729,5456537.0668
Break and Enter Residential/Other,2017,11,30,9,0,32XX W 14TH AVE,Kitsilano,487101.0185,5456347.0506
Break and Enter Residential/Other,2017,9,19,21,47,32XX W 26TH AVE,Dunbar-Southlands,487039.0835,5455145.912
Break and Enter Residential/Other,2017,11,24,9,0,32XX W 28TH AVE,Dunbar-Southlands,487088.8484,5454942.3296
Break and Enter Residential/Other,2017,3,9,11,45,32XX W 2ND AVE,Kitsilano,487208.9944,5457512.0323
Break and Enter Residential/Other,2017,5,10,8,48,32XX W 31ST AVE,Dunbar-Southlands,487193.7927,5454617.7237
Break and Enter Residential/Other,2017,7,15,18,0,32XX W 32ND AVE,Dunbar-Southlands,487018.9168,5454512.6679
Break and Enter Residential/Other,2017,2,19,16,0,32XX W 32ND AVE,Dunbar-Southlands,487037.7229,5454512.497
Break and Enter Residential/Other,2017,8,28,17,40,32XX W 35TH AVE,Dunbar-Southlands,487167.9184,5454195.8869
Break and Enter Residential/Other,2017,2,15,13,0,32XX W 3RD AVE,Kitsilano,487189.074,5457420.9653
Break and Enter Residential/Other,2017,4,1,16,5,32XX W 3RD AVE,Kitsilano,487189.074,5457420.9653
Break and Enter Residential/Other,2017,4,1,10,8,32XX W 41ST AVE,Dunbar-Southlands,487160.4949,5453571.6044
Break and Enter Residential/Other,2017,9,7,9,58,32XX W 41ST AVE,Dunbar-Southlands,487160.4949,5453571.6044
Break and Enter Residential/Other,2017,3,11,12,0,32XX W 41ST AVE,Dunbar-Southlands,487179.5393,5453571.2555
Break and Enter Residential/Other,2017,9,14,12,0,32XX W 41ST AVE,Dunbar-Southlands,487179.5393,5453571.2555
Break and Enter Residential/Other,2017,11,14,6,0,32XX W 48TH AVE,Kerrisdale,487067.1301,5452881.5601
Break and Enter Residential/Other,2017,10,31,0,0,32XX W 49TH AVE,Kerrisdale,487136.2977,5452748.7634
Break and Enter Residential/Other,2017,1,24,10,21,32XX W 6TH AVE,Kitsilano,487166.1485,5457122.2475
Break and Enter Residential/Other,2017,12,8,7,46,32XX WALLACE ST,Dunbar-Southlands,486112.9538,5456114.8843
Break and Enter Residential/Other,2017,9,5,8,30,32XX WILLOW ST,South Cambie,491124.5709,5456021.3636
Break and Enter Residential/Other,2017,5,30,11,13,33XX CAMBIE ST,South Cambie,491615.9495,5455817.0268
Break and Enter Residential/Other,2017,11,1,0,0,33XX CEDAR CRES,Shaughnessy,489340.5528,5455901.916
Break and Enter Residential/Other,2017,12,15,16,0,33XX E 1ST AVE,Hastings-Sunrise,497638.4935,5457396.3311
Break and Enter Residential/Other,2017,8,17,12,0,33XX E 24TH AVE,Renfrew-Collingwood,497579.8984,5455107.1505
Break and Enter Residential/Other,2017,10,13,12,0,33XX E 25TH AVE,Renfrew-Collingwood,497700.1412,5455017.1896
Break and Enter Residential/Other,2017,7,26,8,58,33XX E 58TH AVE,Killarney,497400.6699,5451581.7789
Break and Enter Residential/Other,2017,1,23,8,0,33XX E BROADWAY AVE,Hastings-Sunrise,497679.9553,5456580.174
Break and Enter Residential/Other,2017,7,2,1,35,33XX E PENDER ST,Hastings-Sunrise,497561.8257,5458609.9845
Break and Enter Residential/Other,2017,9,25,8,30,33XX EAST BLVD,Shaughnessy,488907.6197,5455955.1272
Break and Enter Residential/Other,2017,12,11,20,0,33XX GARDEN DR,Kensington-Cedar Cottage,495754.1476,5455799.2724
Break and Enter Residential/Other,2017,5,26,16,30,33XX GRANVILLE ST,Shaughnessy,489891.1936,5455895.1185
Break and Enter Residential/Other,2017,11,7,14,20,33XX GRANVILLE ST,Shaughnessy,489891.1936,5455895.1185
Break and Enter Residential/Other,2017,5,1,15,0,33XX OSLER ST,Shaughnessy,490357.6044,5455864.0549
Break and Enter Residential/Other,2017,2,1,0,0,33XX PARKER ST,Hastings-Sunrise,497599.2016,5458111.5126
Break and Enter Residential/Other,2017,11,12,8,50,33XX PINE CRES,Shaughnessy,489481.7618,5455862.2042
Break and Enter Residential/Other,2017,11,4,14,0,33XX QUEBEC ST,Riley Park,492477.3109,5455847.2935
Break and Enter Residential/Other,2017,1,24,9,0,33XX ROSEMONT DR,Killarney,497422.3658,5451473.8303
Break and Enter Residential/Other,2017,5,20,23,30,33XX SOPHIA ST,Riley Park,492828.7742,5455835.6456
Break and Enter Residential/Other,2017,7,13,18,18,33XX TURNER ST,Hastings-Sunrise,497602.0603,5458474.2248
Break and Enter Residential/Other,2017,7,19,20,30,33XX W 2ND AVE,Kitsilano,487042.0009,5457525.9118
Break and Enter Residential/Other,2017,6,25,12,21,33XX W 6TH AVE,Kitsilano,487044.5055,5457135.636
Break and Enter Residential/Other,2017,1,24,9,41,33XX W 7TH AVE,Kitsilano,486982.6621,5457040.5774
Break and Enter Residential/Other,2017,12,12,5,35,33XX W 8TH AVE,Kitsilano,487018.0722,5456939.4954
Break and Enter Residential/Other,2017,5,31,22,32,34XX CROWLEY DR,Renfrew-Collingwood,497691.5503,5453819.1958
Break and Enter Residential/Other,2017,8,3,20,27,34XX CROWLEY DR,Renfrew-Collingwood,497691.5503,5453819.1958
Break and Enter Residential/Other,2017,9,27,0,0,34XX CROWLEY DR,Renfrew-Collingwood,497691.5503,5453819.1958
Break and Enter Residential/Other,2017,11,3,8,0,34XX CROWLEY DR,Renfrew-Collingwood,497691.5503,5453819.1958
Break and Enter Residential/Other,2017,6,19,11,0,34XX CYPRESS ST,Shaughnessy,489199.7003,5455764.2996
Break and Enter Residential/Other,2017,1,24,16,0,34XX E 1ST AVE,Hastings-Sunrise,497836.9885,5457396.9174
Break and Enter Residential/Other,2017,12,29,16,30,34XX E 23RD AVE,Renfrew-Collingwood,497797.594,5455214.6954
Break and Enter Residential/Other,2017,11,3,15,30,34XX E 24TH AVE,Renfrew-Collingwood,497794.231,5455108.8241
Break and Enter Residential/Other,2017,9,18,3,0,34XX E 2ND AVE,Hastings-Sunrise,497913.4328,5457293.8044
Break and Enter Residential/Other,2017,1,11,12,0,34XX E 3RD AVE,Hastings-Sunrise,497892.1065,5457203.1604
Break and Enter Residential/Other,2017,2,17,12,9,34XX E 47TH AVE,Killarney,497718.5219,5452629.3302
Break and Enter Residential/Other,2017,7,9,15,57,34XX E 48TH AVE,Killarney,497863.3137,5452490.3451
Break and Enter Residential/Other,2017,3,9,12,45,34XX EAST BLVD,Shaughnessy,488904.6168,5455831.2853
Break and Enter Residential/Other,2017,4,27,3,30,34XX FRANKLIN ST,Hastings-Sunrise,497892.8345,5458808.0807
Break and Enter Residential/Other,2017,10,7,21,20,34XX GRANVILLE ST,Shaughnessy,489889.0911,5455831.0263
Break and Enter Residential/Other,2017,10,5,19,38,34XX MONS DR,Renfrew-Collingwood,497871.9318,5455693.8597
Break and Enter Residential/Other,2017,10,31,21,30,34XX MONS DR,Renfrew-Collingwood,497871.9318,5455693.8597
Break and Enter Residential/Other,2017,5,7,15,5,34XX OSLER ST,Shaughnessy,490369.1831,5455853.7437
Break and Enter Residential/Other,2017,4,15,20,20,34XX PANDORA ST,Hastings-Sunrise,497890.2351,5458916.2205
Break and Enter Residential/Other,2017,8,10,0,0,34XX PANDORA ST,Hastings-Sunrise,497927.6956,5458916.1477
Break and Enter Residential/Other,2017,8,14,12,0,34XX PINE CRES,Shaughnessy,489469.0229,5455854.0378
Break and Enter Residential/Other,2017,9,23,20,18,34XX PINE CRES,Shaughnessy,489469.0229,5455854.0378
Break and Enter Residential/Other,2017,12,31,21,30,34XX SE MARINE DR,Killarney,497813.2602,5450575.0804
Break and Enter Residential/Other,2017,6,8,8,0,34XX SOPHIA ST,Riley Park,492836.1233,5455755.8238
Break and Enter Residential/Other,2017,7,23,16,0,34XX W 10TH AVE,Kitsilano,486816.4549,5456758.9303
Break and Enter Residential/Other,2017,11,10,17,0,34XX W 14TH AVE,Kitsilano,486802.3658,5456345.8467
Break and Enter Residential/Other,2017,11,11,19,0,34XX W 14TH AVE,Kitsilano,486802.3658,5456345.8467
Break and Enter Residential/Other,2017,11,24,0,0,34XX W 15TH AVE,Kitsilano,486783.5027,5456244.5002
Break and Enter Residential/Other,2017,9,21,19,0,34XX W 21ST AVE,Dunbar-Southlands,486803.5218,5455675.39
Break and Enter Residential/Other,2017,7,26,9,0,34XX W 24TH AVE,Dunbar-Southlands,486828.0793,5455384.1569
Break and Enter Residential/Other,2017,3,15,20,30,34XX W 28TH AVE,Dunbar-Southlands,486824.1266,5454936.8141
Break and Enter Residential/Other,2017,5,5,23,0,34XX W 28TH AVE,Dunbar-Southlands,486873.0595,5454944.8017
Break and Enter Residential/Other,2017,9,18,8,30,34XX W 34TH AVE,Dunbar-Southlands,486772.1303,5454312.813
Break and Enter Residential/Other,2017,3,2,7,0,34XX W 38TH AVE,Dunbar-Southlands,486848.7322,5453901.7216
Break and Enter Residential/Other,2017,1,9,14,30,34XX W 41ST AVE,Dunbar-Southlands,486837.3693,5453574.0616
Break and Enter Residential/Other,2017,7,24,15,0,34XX W 6TH AVE,Kitsilano,486869.0162,5457139.4668
Break and Enter Residential/Other,2017,3,8,7,37,34XX WORTHINGTON DR,Renfrew-Collingwood,497872.0551,5455698.2132
Break and Enter Residential/Other,2017,12,9,13,47,35XX ADANAC ST,Hastings-Sunrise,497961.7166,5458302.1465
Break and Enter Residential/Other,2017,5,10,10,30,35XX ARBUTUS ST,Arbutus Ridge,488862.307,5455779.7415
Break and Enter Residential/Other,2017,2,10,9,0,35XX CROWLEY DR,Renfrew-Collingwood,497880.2001,5453692.1286
Break and Enter Residential/Other,2017,5,1,13,0,35XX CROWLEY DR,Renfrew-Collingwood,497880.2001,5453692.1286
Break and Enter Residential/Other,2017,6,24,10,0,35XX DEASE LANE,Killarney,498011.2393,5452261.3891
Break and Enter Residential/Other,2017,6,5,20,47,35XX DUMFRIES ST,Kensington-Cedar Cottage,494687.7903,5455609.9882
Break and Enter Residential/Other,2017,8,16,21,0,35XX DUNDAS ST,Hastings-Sunrise,498048.3818,5459116.9632
Break and Enter Residential/Other,2017,7,25,19,30,35XX DUNDAS ST,Hastings-Sunrise,498099.2925,5459107.6191
Break and Enter Residential/Other,2017,9,12,16,56,35XX E 23RD AVE,Renfrew-Collingwood,498077.5443,5455209.1134
Break and Enter Residential/Other,2017,5,30,5,0,35XX E 25TH AVE,Renfrew-Collingwood,497969.4169,5455018.3829
Break and Enter Residential/Other,2017,2,1,14,42,35XX E 29TH AVE,Renfrew-Collingwood,498037.1724,5454637.8918
Break and Enter Residential/Other,2017,12,8,21,18,35XX E GEORGIA ST,Hastings-Sunrise,497947.8109,5458393.8157
Break and Enter Residential/Other,2017,12,7,1,0,35XX ETON ST,Hastings-Sunrise,498110.2391,5459436.2012
Break and Enter Residential/Other,2017,4,11,21,0,35XX GLADSTONE ST,Kensington-Cedar Cottage,495620.0385,5455309.583
Break and Enter Residential/Other,2017,11,3,12,26,35XX GLADSTONE ST,Kensington-Cedar Cottage,495624.555,5455297.0711
Break and Enter Residential/Other,2017,3,30,18,54,35XX INVERNESS ST,Kensington-Cedar Cottage,494182.9575,5455615.9113
Break and Enter Residential/Other,2017,10,1,17,10,35XX MAIN ST,Riley Park,492660.4159,5455589.5348
Break and Enter Residential/Other,2017,11,1,2,40,35XX MALTA AVE,Renfrew-Collingwood,497996.0816,5455762.9802
Break and Enter Residential/Other,2017,2,6,6,45,35XX MOSCROP ST,Renfrew-Collingwood,497968.9943,5454543.5281
Break and Enter Residential/Other,2017,2,14,10,20,35XX NORMANDY DR,Renfrew-Collingwood,498008.3087,5455419.9488
Break and Enter Residential/Other,2017,3,29,10,30,35XX ONTARIO ST,Riley Park,492377.0015,5455615.0073
Break and Enter Residential/Other,2017,4,11,18,30,35XX RAINIER PL,Killarney,498028.65,5450496.067
Break and Enter Residential/Other,2017,7,12,3,20,35XX RUPERT ST,Renfrew-Collingwood,497531.128,5455573.6816
Break and Enter Residential/Other,2017,11,6,8,45,35XX SOPHIA ST,Riley Park,492833.1177,5455629.4031
Break and Enter Residential/Other,2017,9,23,3,30,35XX SOPHIA ST,Riley Park,492834.0699,5455668.8125
Break and Enter Residential/Other,2017,9,15,22,0,35XX SOPHIA ST,Riley Park,492834.2089,5455674.5631
Break and Enter Residential/Other,2017,6,10,11,56,35XX SWANSACRE ST,Killarney,497838.8976,5451039.2748
Break and Enter Residential/Other,2017,6,9,12,0,35XX TOLBOOTH AVE,Killarney,497890.0156,5451116.3839
Break and Enter Residential/Other,2017,9,5,15,0,35XX TRIUMPH ST,Hastings-Sunrise,498116.4122,5459018.4857
Break and Enter Residential/Other,2017,4,2,17,0,35XX TURNER ST,Hastings-Sunrise,498101.8147,5458483.0585
Break and Enter Residential/Other,2017,2,10,7,10,35XX VANNESS AVE,Renfrew-Collingwood,497929.1668,5453761.8102
Break and Enter Residential/Other,2017,4,6,6,0,35XX VANNESS AVE,Renfrew-Collingwood,497929.1668,5453761.8102
Break and Enter Residential/Other,2017,10,15,10,3,35XX W 13TH AVE,Kitsilano,486647.8032,5456460.7229
Break and Enter Residential/Other,2017,12,12,8,30,35XX W 19TH AVE,Dunbar-Southlands,486624.096,5455878.2602
Break and Enter Residential/Other,2017,6,21,1,52,35XX W 1ST AVE,Kitsilano,486746.539,5457631.9857
Break and Enter Residential/Other,2017,9,17,0,25,35XX W 20TH AVE,Dunbar-Southlands,486705.8753,5455778.0279
Break and Enter Residential/Other,2017,9,13,22,0,35XX W 24TH AVE,Dunbar-Southlands,486597.877,5455385.2334
Break and Enter Residential/Other,2017,8,6,12,0,35XX W 26TH AVE,Dunbar-Southlands,486651.546,5455149.9613
Break and Enter Residential/Other,2017,8,11,18,0,35XX W 26TH AVE,Dunbar-Southlands,486651.546,5455149.9613
Break and Enter Residential/Other,2017,10,22,19,23,35XX W 34TH AVE,Dunbar-Southlands,486527.4862,5454314.7877
Break and Enter Residential/Other,2017,11,15,16,45,35XX W 35TH AVE,Dunbar-Southlands,486541.3574,5454200.004
Break and Enter Residential/Other,2017,2,21,19,22,35XX W 35TH AVE,Dunbar-Southlands,486541.3919,5454209.1479
Break and Enter Residential/Other,2017,1,24,16,40,35XX W 38TH AVE,Dunbar-Southlands,486544.1347,5453896.8013
Break and Enter Residential/Other,2017,11,3,6,35,35XX W 39TH AVE,Dunbar-Southlands,486533.9813,5453761.2478
Break and Enter Residential/Other,2017,10,8,19,30,35XX W 39TH AVE,Dunbar-Southlands,486679.2423,5453751.7377
Break and Enter Residential/Other,2017,4,25,16,47,35XX W 40TH AVE,Dunbar-Southlands,486668.5867,5453669.1117
Break and Enter Residential/Other,2017,12,3,22,0,35XX W 42ND AVE,Dunbar-Southlands,486641.6319,5453468.0805
Break and Enter Residential/Other,2017,3,2,9,0,35XX W 43RD AVE,Dunbar-Southlands,486598.0319,5453362.3877
Break and Enter Residential/Other,2017,1,8,22,26,35XX W 49TH AVE,Kerrisdale,486534.5738,5452764.6963
Break and Enter Residential/Other,2017,2,15,22,10,35XX W 50TH AVE,Kerrisdale,486628.3804,5452654.546
Break and Enter Residential/Other,2017,7,21,16,0,35XX WELLINGTON AVE,Renfrew-Collingwood,497912.9906,5454080.2937
Break and Enter Residential/Other,2017,10,7,19,1,35XX WORTHINGTON DR,Renfrew-Collingwood,498084.237,5455483.7401
Break and Enter Residential/Other,2017,1,6,18,27,36XX BERING AVE,Killarney,498097.6645,5452042.6457
Break and Enter Residential/Other,2017,1,8,7,14,36XX CAMERON AVE,Kitsilano,486564.5473,5457802.1055
Break and Enter Residential/Other,2017,12,17,23,51,36XX CAROLINA ST,Riley Park,493310.3575,5455562.7585
Break and Enter Residential/Other,2017,6,3,11,0,36XX CORDIALE DR,Killarney,498152.2404,5450795.09
Break and Enter Residential/Other,2017,6,12,23,45,36XX CORDIALE DR,Killarney,498167.0216,5450786.5356
Break and Enter Residential/Other,2017,7,5,6,30,36XX CORDIALE DR,Killarney,498170.189,5450758.1192
Break and Enter Residential/Other,2017,1,3,10,0,36XX CROWLEY DR,Renfrew-Collingwood,498027.7236,5453589.434
Break and Enter Residential/Other,2017,11,23,16,0,36XX E 27TH AVE,Renfrew-Collingwood,498102.2584,5454828.74
Break and Enter Residential/Other,2017,1,10,22,0,36XX E 28TH AVE,Renfrew-Collingwood,498116.4397,5454726.0039
Break and Enter Residential/Other,2017,11,22,14,15,36XX E 29TH AVE,Renfrew-Collingwood,498185.9812,5454636.7784
Break and Enter Residential/Other,2017,4,3,0,51,36XX E 48TH AVE,Killarney,498243.3952,5452486.8765
Break and Enter Residential/Other,2017,4,5,19,5,36XX E GEORGIA ST,Hastings-Sunrise,498222.8383,5458384.099
Break and Enter Residential/Other,2017,6,23,0,0,36XX LILLOOET ST,Renfrew-Collingwood,497159.283,5455450.4048
Break and Enter Residential/Other,2017,8,4,13,0,36XX MONMOUTH AVE,Renfrew-Collingwood,498245.6167,5454094.1727
Break and Enter Residential/Other,2017,11,25,23,0,36XX MONMOUTH AVE,Renfrew-Collingwood,498245.6167,5454094.1727
Break and Enter Residential/Other,2017,1,29,20,0,36XX ONTARIO ST,Riley Park,492374.8886,5455493.0397
Break and Enter Residential/Other,2017,5,21,18,21,36XX OXFORD ST,Hastings-Sunrise,498150.2894,5459209.5224
Break and Enter Residential/Other,2017,10,15,21,0,36XX PRINCE EDWARD ST,Riley Park,492964.7819,5455573.3829
Break and Enter Residential/Other,2017,5,29,3,35,36XX RUPERT ST,Renfrew-Collingwood,497530.9045,5455473.7685
Break and Enter Residential/Other,2017,9,6,21,30,36XX TRIUMPH ST,Hastings-Sunrise,498170.19,5459008.9053
Break and Enter Residential/Other,2017,4,23,8,30,36XX VANNESS AVE,Renfrew-Collingwood,498093.6298,5453646.4124
Break and Enter Residential/Other,2017,12,8,8,30,36XX VANNESS AVE,Renfrew-Collingwood,498093.6298,5453646.4124
Break and Enter Residential/Other,2017,9,15,14,15,36XX VANNESS AVE,Renfrew-Collingwood,498203.6895,5453628.8737
Break and Enter Residential/Other,2017,5,17,22,30,36XX W 10TH AVE,Kitsilano,486569.3412,5456756.1183
Break and Enter Residential/Other,2017,12,4,14,0,36XX W 12TH AVE,Kitsilano,486519.2056,5456564.7513
Break and Enter Residential/Other,2017,11,11,8,0,36XX W 1ST AVE,Kitsilano,486554.327,5457627.9367
Break and Enter Residential/Other,2017,7,18,21,0,36XX W 1ST AVE,Kitsilano,486554.5566,5457637.0778
Break and Enter Residential/Other,2017,6,21,0,0,36XX W 1ST AVE,Kitsilano,486609.538,5457626.5501
Break and Enter Residential/Other,2017,3,9,20,37,36XX W 1ST AVE,Kitsilano,486621.1614,5457626.2582
Break and Enter Residential/Other,2017,1,2,6,30,36XX W 20TH AVE,Dunbar-Southlands,486444.3637,5455790.2925
Break and Enter Residential/Other,2017,8,16,0,0,36XX W 29TH AVE,Dunbar-Southlands,486453.9777,5454842.806
Break and Enter Residential/Other,2017,6,21,0,0,36XX W 2ND AVE,Kitsilano,486580.9838,5457535.0987
Break and Enter Residential/Other,2017,6,22,23,16,36XX W 5TH AVE,Kitsilano,486593.0796,5457230.1245
Break and Enter Residential/Other,2017,5,4,13,0,36XX WINDSOR ST,Kensington-Cedar Cottage,493898.6459,5455489.1279
Break and Enter Residential/Other,2017,8,10,7,0,37XX CYPRESS ST,Shaughnessy,489184.5249,5455520.5311
Break and Enter Residential/Other,2017,4,4,9,0,37XX DUNBAR ST,Dunbar-Southlands,486529.9048,5455664.0011
Break and Enter Residential/Other,2017,9,29,5,30,37XX FRASER ST,Riley Park,493440.6087,5455400.835
Break and Enter Residential/Other,2017,5,20,13,46,37XX KNIGHT ST,Kensington-Cedar Cottage,494476.3466,5455402.0034
Break and Enter Residential/Other,2017,5,20,12,24,37XX KNIGHT ST,Kensington-Cedar Cottage,494478.64,5455392.8496
Break and Enter Residential/Other,2017,7,21,16,20,37XX NANAIMO ST,Renfrew-Collingwood,495885.6917,5455399.8687
Break and Enter Residential/Other,2017,9,1,9,52,37XX PINE CRES,Shaughnessy,489301.8153,5455521.7511
Break and Enter Residential/Other,2017,8,9,19,0,37XX PINE CRES,Shaughnessy,489314.6574,5455544.0181
Break and Enter Residential/Other,2017,1,27,12,0,37XX QUEBEC ST,Riley Park,492506.7427,5455374.5013
Break and Enter Residential/Other,2017,7,29,9,35,37XX QUEBEC ST,Riley Park,492506.7427,5455374.5013
Break and Enter Residential/Other,2017,7,30,17,30,37XX VINE ST,Arbutus Ridge,488492.933,5455617.5296
Break and Enter Residential/Other,2017,12,22,8,0,37XX W 12TH AVE,West Point Grey,486368.9222,5456569.2001
Break and Enter Residential/Other,2017,3,5,10,39,37XX W 12TH AVE,West Point Grey,486404.0777,5456568.1623
Break and Enter Residential/Other,2017,3,7,17,0,37XX W 16TH AVE,West Point Grey,486396.2834,5456161.4028
Break and Enter Residential/Other,2017,4,30,7,18,37XX W 19TH AVE,Dunbar-Southlands,486378.8842,5455888.2213
Break and Enter Residential/Other,2017,9,17,22,32,37XX W 20TH AVE,Dunbar-Southlands,486332.1309,5455791.4588
Break and Enter Residential/Other,2017,5,30,21,30,37XX W 20TH AVE,Dunbar-Southlands,486350.1316,5455791.2717
Break and Enter Residential/Other,2017,7,2,3,30,37XX W 24TH AVE,Dunbar-Southlands,486408.5714,5455377.7108
Break and Enter Residential/Other,2017,10,3,15,0,37XX W 26TH AVE,Dunbar-Southlands,486362.0423,5455160.9477
Break and Enter Residential/Other,2017,10,1,8,52,37XX W 33RD AVE,Dunbar-Southlands,486317.3886,5454414.2877
Break and Enter Residential/Other,2017,6,28,18,19,37XX W 37TH AVE,Dunbar-Southlands,486321.3487,5453990.9261
Break and Enter Residential/Other,2017,4,9,0,45,37XX W 49TH AVE,Kerrisdale,486365.6046,5452757.8191
Break and Enter Residential/Other,2017,4,21,9,20,37XX W 6TH AVE,West Point Grey,486440.6215,5457152.0436
Break and Enter Residential/Other,2017,2,15,6,50,37XX W BROADWAY AVE,West Point Grey,486381.8471,5456857.7806
Break and Enter Residential/Other,2017,4,22,3,0,38XX DUNBAR ST,Dunbar-Southlands,486529.2486,5455571.0192
Break and Enter Residential/Other,2017,4,21,22,0,38XX NANAIMO ST,Renfrew-Collingwood,495885.1314,5455295.0966
Break and Enter Residential/Other,2017,7,29,3,51,38XX W 17TH AVE,Dunbar-Southlands,486220.3661,5456085.1171
Break and Enter Residential/Other,2017,3,13,10,4,38XX W 17TH AVE,Dunbar-Southlands,486278.6659,5456083.6884
Break and Enter Residential/Other,2017,12,20,20,0,38XX W 19TH AVE,Dunbar-Southlands,486300.1822,5455888.6173
Break and Enter Residential/Other,2017,5,16,10,37,38XX W 1ST AVE,West Point Grey,486346.4535,5457633.9943
Break and Enter Residential/Other,2017,4,28,20,0,38XX W 21ST AVE,Dunbar-Southlands,486263.5373,5455689.4885
Break and Enter Residential/Other,2017,6,4,15,0,38XX W 22ND AVE,Dunbar-Southlands,486177.1883,5455589.4261
Break and Enter Residential/Other,2017,2,21,16,0,38XX W 22ND AVE,Dunbar-Southlands,486235.3398,5455579.8071
Break and Enter Residential/Other,2017,3,14,20,23,38XX W 22ND AVE,Dunbar-Southlands,486301.3294,5455579.2685
Break and Enter Residential/Other,2017,12,31,2,59,38XX W 23RD AVE,Dunbar-Southlands,486126.1278,5455488.219
Break and Enter Residential/Other,2017,3,8,11,13,38XX W 23RD AVE,Dunbar-Southlands,486195.9274,5455487.6527
Break and Enter Residential/Other,2017,8,23,4,20,38XX W 24TH AVE,Dunbar-Southlands,486275.9254,5455378.8797
Break and Enter Residential/Other,2017,1,23,23,43,38XX W 30TH AVE,Dunbar-Southlands,486294.9737,5454730.414
Break and Enter Residential/Other,2017,7,11,0,0,38XX W 36TH AVE,Dunbar-Southlands,486264.9835,5454095.8737
Break and Enter Residential/Other,2017,7,28,15,30,38XX W 39TH AVE,Dunbar-Southlands,486117.4941,5453762.21
Break and Enter Residential/Other,2017,12,20,15,0,38XX W 39TH AVE,Dunbar-Southlands,486117.4941,5453762.21
Break and Enter Residential/Other,2017,10,17,0,0,39XX ANGUS DR,Shaughnessy,489371.9747,5455302.0202
Break and Enter Residential/Other,2017,3,28,11,48,39XX ANGUS DR,Shaughnessy,489373.059,5455308.5348
Break and Enter Residential/Other,2017,1,15,15,0,39XX ANGUS DR,Shaughnessy,489391.3984,5455300.7157
Break and Enter Residential/Other,2017,11,14,8,12,39XX ANGUS DR,Shaughnessy,489398.0918,5455340.72
Break and Enter Residential/Other,2017,6,3,3,23,39XX FRASER ST,Kensington-Cedar Cottage,493445.137,5455201.2322
Break and Enter Residential/Other,2017,11,1,16,59,39XX GLADSTONE ST,Kensington-Cedar Cottage,495606.3767,5455237.3961
Break and Enter Residential/Other,2017,2,2,2,0,39XX GLENDALE ST,Renfrew-Collingwood,498158.3449,5455119.0603
Break and Enter Residential/Other,2017,10,19,7,0,39XX KASLO ST,Renfrew-Collingwood,496577.943,5455184.4361
Break and Enter Residential/Other,2017,8,16,20,10,39XX MARGUERITE ST,Shaughnessy,489485.6205,5455282.4044
Break and Enter Residential/Other,2017,11,29,13,10,39XX MARGUERITE ST,Shaughnessy,489487.9449,5455291.2292
Break and Enter Residential/Other,2017,7,15,21,0,39XX POINT GREY RD,West Point Grey,486116.6778,5457633.8457
Break and Enter Residential/Other,2017,12,11,8,20,39XX QUESNEL DR,Dunbar-Southlands,487408.1348,5455382.6958
Break and Enter Residential/Other,2017,11,3,9,0,39XX SLOCAN ST,Renfrew-Collingwood,496392.6747,5455188.5959
Break and Enter Residential/Other,2017,12,18,22,0,39XX SW MARINE DR,Kerrisdale,485920.5452,5453434.4616
Break and Enter Residential/Other,2017,4,18,22,0,39XX VALLEY DR,Arbutus Ridge,488329.5484,5455412.4516
Break and Enter Residential/Other,2017,3,21,18,0,39XX W 10TH AVE,West Point Grey,485915.7192,5456784.3956
Break and Enter Residential/Other,2017,4,8,13,6,39XX W 13TH AVE,West Point Grey,485901.4567,5456469.8246
Break and Enter Residential/Other,2017,4,7,17,0,39XX W 13TH AVE,West Point Grey,486060.583,5456474.8761
Break and Enter Residential/Other,2017,7,12,14,19,39XX W 16TH AVE,Dunbar-Southlands,485952.2557,5456146.826
Break and Enter Residential/Other,2017,9,16,23,59,39XX W 20TH AVE,Dunbar-Southlands,485977.7389,5455784.5554
Break and Enter Residential/Other,2017,10,28,18,0,39XX W 20TH AVE,Dunbar-Southlands,486098.5117,5455782.7218
Break and Enter Residential/Other,2017,3,13,1,0,39XX W 21ST AVE,Dunbar-Southlands,485972.6917,5455683.0476
Break and Enter Residential/Other,2017,10,27,17,0,39XX W 24TH AVE,Dunbar-Southlands,485973.4555,5455381.4053
Break and Enter Residential/Other,2017,1,28,12,16,39XX W 24TH AVE,Dunbar-Southlands,486008.4305,5455390.2646
Break and Enter Residential/Other,2017,3,16,12,0,39XX W 30TH AVE,Dunbar-Southlands,485961.4355,5454742.3084
Break and Enter Residential/Other,2017,5,9,11,0,39XX W 33RD AVE,Dunbar-Southlands,485962.9343,5454428.0937
Break and Enter Residential/Other,2017,3,9,18,30,39XX W 36TH AVE,Dunbar-Southlands,485938.0041,5454100.385
Break and Enter Residential/Other,2017,2,23,8,30,39XX W 36TH AVE,Dunbar-Southlands,486003.3256,5454108.2411
Break and Enter Residential/Other,2017,7,11,15,50,39XX W BROADWAY AVE,West Point Grey,486096.0156,5456900.2307
Break and Enter Residential/Other,2017,9,21,12,0,3X E 13TH AVE,Mount Pleasant,492411.5621,5456296.4207
Break and Enter Residential/Other,2017,12,2,19,30,3X E 14TH AVE,Mount Pleasant,492409.6298,5456187.9318
Break and Enter Residential/Other,2017,8,28,13,47,3X E 1ST AVE,Mount Pleasant,492449.9682,5457492.2829
Break and Enter Residential/Other,2017,8,6,0,45,3X E 62ND AVE,Sunset,492308.0119,5451277.6049
Break and Enter Residential/Other,2017,5,28,4,0,3X E 6TH AVE,Mount Pleasant,492427.2768,5456986.4681
Break and Enter Residential/Other,2017,12,16,11,59,3X N TEMPLETON DR,Grandview-Woodland,495653.1619,5459153.444
Break and Enter Residential/Other,2017,8,19,10,30,3X POWELL ST,Central Business District,492481.7776,5458946.295
Break and Enter Residential/Other,2017,5,22,3,59,3X SMITHE ST,Central Business District,491757.8557,5458033.0668
Break and Enter Residential/Other,2017,2,21,21,33,3X SMITHE ST,Central Business District,491768.802,5458035.2336
Break and Enter Residential/Other,2017,2,19,21,0,3X W 16TH AVE,Riley Park,492290.7869,5455988.8036
Break and Enter Residential/Other,2017,9,22,8,0,3X W 20TH AVE,Riley Park,492301.8171,5455557.0356
Break and Enter Residential/Other,2017,11,4,14,0,3X W 20TH AVE,Riley Park,492311.0727,5455565.9657
Break and Enter Residential/Other,2017,3,31,16,0,3X W 47TH AVE,Oakridge,492230.3922,5452767.1324
Break and Enter Residential/Other,2017,5,5,15,30,3X W 7TH AVE,Mount Pleasant,492322.8303,5456880.9041
Break and Enter Residential/Other,2017,6,16,17,0,3X W 8TH AVE,Mount Pleasant,492319.7801,5456780.3372
Break and Enter Residential/Other,2017,6,19,3,0,3XX ALEXANDER ST,Strathcona,492910.8904,5459034.1933
Break and Enter Residential/Other,2017,7,14,13,50,3XX ALEXANDER ST,Strathcona,492910.8904,5459034.1933
Break and Enter Residential/Other,2017,12,1,10,1,3XX ALEXANDER ST,Strathcona,492971.786,5459032.2703
Break and Enter Residential/Other,2017,7,20,23,54,3XX DAVIE ST,Central Business District,491094.9017,5457995.8742
Break and Enter Residential/Other,2017,12,16,10,26,3XX E 14TH AVE,Mount Pleasant,492862.1206,5456176.6347
Break and Enter Residential/Other,2017,12,1,19,0,3XX E 14TH AVE,Mount Pleasant,492893.8313,5456185.0348
Break and Enter Residential/Other,2017,11,26,12,7,3XX E 16TH AVE,Mount Pleasant,492931.7298,5455982.2853
Break and Enter Residential/Other,2017,1,12,0,0,3XX E 16TH AVE,Mount Pleasant,492939.9476,5455982.0866
Break and Enter Residential/Other,2017,1,14,7,13,3XX E 16TH AVE,Mount Pleasant,492939.9476,5455982.0866
Break and Enter Residential/Other,2017,3,12,9,30,3XX E 16TH AVE,Riley Park,492882.2017,5455974.3361
Break and Enter Residential/Other,2017,1,17,17,0,3XX E 18TH AVE,Riley Park,492869.3462,5455785.1496
Break and Enter Residential/Other,2017,4,29,20,0,3XX E 18TH AVE,Riley Park,492890.9795,5455775.4497
Break and Enter Residential/Other,2017,7,2,12,15,3XX E 19TH AVE,Riley Park,492872.165,5455674.3508
Break and Enter Residential/Other,2017,8,26,5,30,3XX E 1ST AVE,Mount Pleasant,492962.4161,5457249.1975
Break and Enter Residential/Other,2017,7,12,8,38,3XX E 1ST AVE,Mount Pleasant,493020.6131,5457196.8617
Break and Enter Residential/Other,2017,11,26,13,30,3XX E 32ND AVE,Riley Park,492829.8766,5454393.1902
Break and Enter Residential/Other,2017,9,23,11,30,3XX E 33RD AVE,Riley Park,492886.1019,5454184.8906
Break and Enter Residential/Other,2017,9,24,20,0,3XX E 35TH AVE,Riley Park,492868.9727,5454011.3606
Break and Enter Residential/Other,2017,9,4,11,32,3XX E 35TH AVE,Riley Park,492872.6077,5454020.3493
Break and Enter Residential/Other,2017,9,27,17,48,3XX E 39TH AVE,Riley Park,492844.2364,5453620.4975
Break and Enter Residential/Other,2017,5,23,12,3,3XX E 40TH AVE,Riley Park,492866.205,5453529.5985
Break and Enter Residential/Other,2017,8,29,16,0,3XX E 43RD AVE,Sunset,492766.6069,5453150.7342
Break and Enter Residential/Other,2017,2,28,14,11,3XX E 45TH AVE,Sunset,492778.955,5452950.2157
Break and Enter Residential/Other,2017,2,10,23,8,3XX E 51ST AVE,Sunset,492841.305,5452331.3189
Break and Enter Residential/Other,2017,3,11,8,30,3XX E 7TH AVE,Mount Pleasant,492880.6057,5456874.9196
Break and Enter Residential/Other,2017,2,14,13,31,3XX E 8TH AVE,Mount Pleasant,492953.0275,5456762.1517
Break and Enter Residential/Other,2017,11,6,6,0,3XX E HASTINGS ST,Strathcona,492944.4406,5458727.7819
Break and Enter Residential/Other,2017,3,1,20,9,3XX E HASTINGS ST,Strathcona,492978.914,5458726.7604
Break and Enter Residential/Other,2017,11,18,17,45,3XX E KING EDWARD AVE,Riley Park,492859.173,5455115.954
Break and Enter Residential/Other,2017,11,18,17,50,3XX E KING EDWARD AVE,Riley Park,492917.1311,5455114.7955
Break and Enter Residential/Other,2017,5,2,3,39,3XX E PENDER ST,Strathcona,492929.588,5458619.91
Break and Enter Residential/Other,2017,6,9,17,49,3XX E PENDER ST,Strathcona,492929.588,5458619.91
Break and Enter Residential/Other,2017,7,8,15,9,3XX E PENDER ST,Strathcona,492929.588,5458619.91
Break and Enter Residential/Other,2017,11,28,11,22,3XX E PENDER ST,Strathcona,492941.8694,5458628.6649
Break and Enter Residential/Other,2017,7,24,16,0,3XX E PENDER ST,Strathcona,492944.5416,5458628.5793
Break and Enter Residential/Other,2017,8,30,9,10,3XX E PENDER ST,Strathcona,492944.5416,5458628.5793
Break and Enter Residential/Other,2017,11,30,17,0,3XX E PENDER ST,Strathcona,492944.5416,5458628.5793
Break and Enter Residential/Other,2017,12,12,16,0,3XX E PENDER ST,Strathcona,492944.5416,5458628.5793
Break and Enter Residential/Other,2017,12,28,9,0,3XX E PENDER ST,Strathcona,492963.2468,5458627.9799
Break and Enter Residential/Other,2017,4,11,9,24,3XX E WOODSTOCK AVE,Riley Park,492864.8313,5453427.2553
Break and Enter Residential/Other,2017,5,9,13,30,3XX E WOODSTOCK AVE,Riley Park,492900.8768,5453426.7625
Break and Enter Residential/Other,2017,8,8,4,32,3XX HEATLEY AVE,Strathcona,493484.9356,5458757.5965
Break and Enter Residential/Other,2017,8,18,9,17,3XX MAIN ST,Central Business District,492749.1595,5458835.0841
Break and Enter Residential/Other,2017,10,19,17,0,3XX POWELL ST,Strathcona,492938.512,5458932.4204
Break and Enter Residential/Other,2017,5,7,13,32,3XX POWELL ST,Strathcona,492945.4469,5458941.355
Break and Enter Residential/Other,2017,4,1,14,59,3XX POWELL ST,Strathcona,493010.3506,5458930.2052
Break and Enter Residential/Other,2017,6,29,12,18,3XX POWELL ST,Strathcona,493025.0012,5458929.7536
Break and Enter Residential/Other,2017,3,6,15,0,3XX PRINCESS AVE,Strathcona,493343.9569,5458746.5219
Break and Enter Residential/Other,2017,4,1,12,6,3XX PRINCESS AVE,Strathcona,493345.8058,5458799.9344
Break and Enter Residential/Other,2017,11,20,6,30,3XX PRIOR ST,Strathcona,492986.8037,5458230.3189
Break and Enter Residential/Other,2017,5,13,12,0,3XX RAYMUR AVE,Strathcona,493999.1848,5458716.8684
Break and Enter Residential/Other,2017,11,20,15,30,3XX RENFREW ST,Hastings-Sunrise,496795.8959,5458794.7602
Break and Enter Residential/Other,2017,3,7,11,30,3XX W 10TH AVE,Mount Pleasant,491820.8992,5456614.5947
Break and Enter Residential/Other,2017,5,15,18,0,3XX W 14TH AVE,Mount Pleasant,491810.7412,5456215.6228
Break and Enter Residential/Other,2017,8,11,13,48,3XX W 15TH AVE,Mount Pleasant,491836.0181,5456122.0117
Break and Enter Residential/Other,2017,7,31,20,0,3XX W 16TH AVE,Riley Park,491850.2815,5456005.821
Break and Enter Residential/Other,2017,10,22,23,0,3XX W 18TH AVE,Riley Park,491850.4515,5455792.3176
Break and Enter Residential/Other,2017,7,3,4,45,3XX W 18TH AVE,Riley Park,491867.4967,5455782.632
Break and Enter Residential/Other,2017,5,6,10,40,3XX W 18TH AVE,Riley Park,491869.7105,5455791.7109
Break and Enter Residential/Other,2017,6,23,8,0,3XX W 22ND AVE,Riley Park,491873.1425,5455369.9021
Break and Enter Residential/Other,2017,2,27,17,25,3XX W 26TH AVE,Riley Park,491838.7166,5455013.1413
Break and Enter Residential/Other,2017,6,22,21,49,3XX W 26TH AVE,Riley Park,491838.7166,5455013.1413
Break and Enter Residential/Other,2017,2,17,6,35,3XX W 41ST AVE,Riley Park,491786.0832,5453419.6293
Break and Enter Residential/Other,2017,4,29,22,34,3XX W 42ND AVE,Oakridge,491683.8199,5453309.4303
Break and Enter Residential/Other,2017,12,9,10,0,3XX W 42ND AVE,Oakridge,491683.8199,5453309.4303
Break and Enter Residential/Other,2017,5,31,11,55,3XX W 42ND AVE,Oakridge,491754.2862,5453305.4995
Break and Enter Residential/Other,2017,4,24,8,0,3XX W 45TH AVE,Oakridge,491735.4213,5453003.8675
Break and Enter Residential/Other,2017,5,23,18,57,3XX W 45TH AVE,Oakridge,491735.4213,5453003.8675
Break and Enter Residential/Other,2017,7,19,20,0,3XX W 59TH AVE,Marpole,491844.1609,5451576.7202
Break and Enter Residential/Other,2017,1,10,21,10,3XX W 59TH AVE,Marpole,491864.6995,5451576.3989
Break and Enter Residential/Other,2017,3,18,19,0,3XX W KENT AVE N,Marpole,491644.026,5450427.3175
Break and Enter Residential/Other,2017,3,9,19,36,40XX CYPRESS ST,Shaughnessy,489169.6344,5455267.7536
Break and Enter Residential/Other,2017,5,2,13,20,40XX KNIGHT ST,Kensington-Cedar Cottage,494475.9578,5455120.9598
Break and Enter Residential/Other,2017,11,6,11,25,40XX OSLER ST,Shaughnessy,490545.6258,5455198.2161
Break and Enter Residential/Other,2017,7,7,12,50,40XX RUPERT ST,Renfrew-Collingwood,497529.91,5455042.1883
Break and Enter Residential/Other,2017,12,6,18,0,40XX VICTORIA DR,Kensington-Cedar Cottage,495259.6289,5455096.8646
Break and Enter Residential/Other,2017,4,20,9,10,40XX W 10TH AVE,West Point Grey,485714.3003,5456778.3271
Break and Enter Residential/Other,2017,1,11,20,0,40XX W 11TH AVE,West Point Grey,485835.7621,5456680.1433
Break and Enter Residential/Other,2017,4,8,6,45,40XX W 12TH AVE,West Point Grey,485715.2035,5456576.882
Break and Enter Residential/Other,2017,7,29,2,3,40XX W 12TH AVE,West Point Grey,485833.1704,5456573.2333
Break and Enter Residential/Other,2017,7,13,18,12,40XX W 13TH AVE,West Point Grey,485678.1415,5456475.5894
Break and Enter Residential/Other,2017,2,1,14,28,40XX W 14TH AVE,West Point Grey,485713.1772,5456374.0867
Break and Enter Residential/Other,2017,1,23,21,15,40XX W 17TH AVE,Dunbar-Southlands,485900.4433,5456093.0543
Break and Enter Residential/Other,2017,11,18,16,0,40XX W 18TH AVE,Dunbar-Southlands,485733.695,5455986.5888
Break and Enter Residential/Other,2017,1,17,15,0,40XX W 18TH AVE,Dunbar-Southlands,485771.1613,5455995.3961
Break and Enter Residential/Other,2017,3,23,19,35,40XX W 19TH AVE,Dunbar-Southlands,485758.6716,5455894.5271
Break and Enter Residential/Other,2017,5,27,3,0,40XX W 30TH AVE,Dunbar-Southlands,485763.3845,5454734.7815
Break and Enter Residential/Other,2017,11,21,15,30,40XX W 31ST AVE,Dunbar-Southlands,485780.9995,5454637.752
Break and Enter Residential/Other,2017,4,6,9,0,40XX W 35TH AVE,Dunbar-Southlands,485856.5533,5454208.7135
Break and Enter Residential/Other,2017,4,3,0,38,40XX W 37TH AVE,Dunbar-Southlands,485820.4417,5454006.5831
Break and Enter Residential/Other,2017,11,7,2,0,40XX W 39TH AVE,Dunbar-Southlands,485677.9759,5453758.7298
Break and Enter Residential/Other,2017,12,16,1,50,41XX CAMBIE ST,South Cambie,491584.7485,5455092.1724
Break and Enter Residential/Other,2017,9,2,22,0,41XX CROWN CRES,West Point Grey,485479.4444,5456938.334
Break and Enter Residential/Other,2017,11,7,0,22,41XX CROWN CRES,West Point Grey,485587.8727,5456880.1606
Break and Enter Residential/Other,2017,10,18,16,30,41XX GLADSTONE ST,Kensington-Cedar Cottage,495591.6572,5455030.1882
Break and Enter Residential/Other,2017,6,10,15,15,41XX GRANVILLE ST,Shaughnessy,489880.8415,5455165.5858
Break and Enter Residential/Other,2017,11,5,18,0,41XX INVERNESS ST,Kensington-Cedar Cottage,494177.1984,5455012.6857
Break and Enter Residential/Other,2017,8,2,12,12,41XX KAMLOOPS ST,Renfrew-Collingwood,496055.1409,5454911.4555
Break and Enter Residential/Other,2017,3,16,12,0,41XX KASLO ST,Renfrew-Collingwood,496576.7943,5454992.009
Break and Enter Residential/Other,2017,9,22,18,0,41XX NANAIMO ST,Kensington-Cedar Cottage,495872.4121,5455067.1129
Break and Enter Residential/Other,2017,7,15,21,30,41XX SALISH DR,Musqueam,485659.2728,5453344.2277
Break and Enter Residential/Other,2017,2,8,7,0,41XX SLOCAN ST,Renfrew-Collingwood,496382.5457,5454970.7492
Break and Enter Residential/Other,2017,12,17,4,0,41XX SOPHIA ST,Riley Park,492782.7272,5455031.9856
Break and Enter Residential/Other,2017,12,4,18,0,41XX W 11TH AVE,West Point Grey,485453.8156,5456683.8259
Break and Enter Residential/Other,2017,6,8,23,30,41XX W 11TH AVE,West Point Grey,485487.4053,5456682.9426
Break and Enter Residential/Other,2017,10,27,19,6,41XX W 11TH AVE,West Point Grey,485600.7702,5456679.9616
Break and Enter Residential/Other,2017,5,17,16,51,41XX W 11TH AVE,West Point Grey,485613.6067,5456688.7712
Break and Enter Residential/Other,2017,10,1,1,0,41XX W 12TH AVE,West Point Grey,485582.143,5456580.3149
Break and Enter Residential/Other,2017,1,13,16,0,41XX W 13TH AVE,West Point Grey,485495.729,5456489.5564
Break and Enter Residential/Other,2017,12,1,17,0,41XX WINDSOR ST,Kensington-Cedar Cottage,493897.9954,5455033.9045
Break and Enter Residential/Other,2017,10,11,15,51,42XX ANGUS DR,Shaughnessy,489357.6151,5455004.1899
Break and Enter Residential/Other,2017,10,27,19,34,42XX BALKAN ST,Riley Park,493055.2204,5454902.0921
Break and Enter Residential/Other,2017,1,9,23,30,42XX OSLER ST,Shaughnessy,490552.5937,5455002.1386
Break and Enter Residential/Other,2017,4,9,14,7,42XX PERRY ST,Kensington-Cedar Cottage,494812.7404,5454892.3639
Break and Enter Residential/Other,2017,7,29,0,0,42XX QUESNEL DR,Dunbar-Southlands,487599.9664,5455037.5505
Break and Enter Residential/Other,2017,4,22,12,0,42XX SOPHIA ST,Riley Park,492778.7255,5454891.0558
Break and Enter Residential/Other,2017,3,2,18,0,42XX W 10TH AVE,West Point Grey,485416.506,5456786.0013
Break and Enter Residential/Other,2017,9,7,23,30,42XX W 11TH AVE,West Point Grey,485339.1843,5456685.3758
Break and Enter Residential/Other,2017,1,28,0,0,42XX W 11TH AVE,West Point Grey,485402.6297,5456684.5669
Break and Enter Residential/Other,2017,1,13,6,15,42XX W 11TH AVE,West Point Grey,485423.8947,5456693.4406
Break and Enter Residential/Other,2017,3,6,12,0,42XX W 15TH AVE,West Point Grey,485256.6736,5456292.7472
Break and Enter Residential/Other,2017,5,25,0,0,42XX W 8TH AVE,West Point Grey,485242.8043,5456982.8384
Break and Enter Residential/Other,2017,4,9,18,30,42XX W 9TH AVE,West Point Grey,485261.8725,5456886.9287
Break and Enter Residential/Other,2017,9,4,19,41,43XX ALEXANDRA ST,Shaughnessy,489699.2306,5454894.9401
Break and Enter Residential/Other,2017,10,21,12,10,43XX ANGUS DR,Shaughnessy,489361.691,5454963.4633
Break and Enter Residential/Other,2017,10,28,23,2,43XX ASH ST,South Cambie,491376.8237,5454897.3926
Break and Enter Residential/Other,2017,3,7,17,0,43XX HUDSON ST,Shaughnessy,490205.9388,5454903.677
Break and Enter Residential/Other,2017,8,4,19,0,43XX HUDSON ST,Shaughnessy,490205.9388,5454903.677
Break and Enter Residential/Other,2017,11,21,19,52,43XX HUDSON ST,Shaughnessy,490205.9388,5454903.677
Break and Enter Residential/Other,2017,7,5,4,0,43XX JERICHO CIRC,West Point Grey,485155.1168,5457477.3656
Break and Enter Residential/Other,2017,5,16,21,0,43XX MARGUERITE ST,Shaughnessy,489471.867,5454941.4205
Break and Enter Residential/Other,2017,2,19,9,51,43XX NANAIMO ST,Renfrew-Collingwood,495880.9985,5454789.0159
Break and Enter Residential/Other,2017,11,22,0,0,43XX OAK ST,Shaughnessy,490708.1094,5454934.7782
Break and Enter Residential/Other,2017,7,30,11,30,43XX OSLER ST,Shaughnessy,490541.7627,5454941.1552
Break and Enter Residential/Other,2017,11,18,12,0,43XX PRINCE EDWARD ST,Riley Park,492956.2724,5454851.2747
Break and Enter Residential/Other,2017,3,22,9,0,43XX TOWNLEY ST,Arbutus Ridge,488422.1691,5454962.6622
Break and Enter Residential/Other,2017,11,6,18,0,43XX VALLEY DR,Arbutus Ridge,488515.1692,5454992.7123
Break and Enter Residential/Other,2017,8,3,10,30,43XX W 11TH AVE,West Point Grey,485125.6635,5456689.41
Break and Enter Residential/Other,2017,1,18,0,0,43XX W 12TH AVE,West Point Grey,485106.0771,5456591.4503
Break and Enter Residential/Other,2017,9,30,20,0,43XX W 12TH AVE,West Point Grey,485170.3278,5456589.9456
Break and Enter Residential/Other,2017,9,17,16,30,43XX W 14TH AVE,West Point Grey,485130.7528,5456389.2413
Break and Enter Residential/Other,2017,11,3,18,0,43XX W 16TH AVE,West Point Grey,485040.3935,5456195.643
Break and Enter Residential/Other,2017,1,31,9,0,43XX W 16TH AVE,West Point Grey,485108.6462,5456193.8921
Break and Enter Residential/Other,2017,1,24,14,0,43XX W 9TH AVE,West Point Grey,485144.0395,5456899.2202
Break and Enter Residential/Other,2017,5,8,0,6,43XX W 9TH AVE,West Point Grey,485160.8481,5456889.6347
Break and Enter Residential/Other,2017,6,7,19,0,44XX BEATRICE ST,Kensington-Cedar Cottage,495160.5057,5454692.7246
Break and Enter Residential/Other,2017,4,6,17,4,44XX COLLINGWOOD ST,Dunbar-Southlands,486763.6458,5454871.4031
Break and Enter Residential/Other,2017,7,4,0,0,44XX GRANVILLE ST,Shaughnessy,489875.7093,5454807.3338
Break and Enter Residential/Other,2017,8,4,8,30,44XX JAMES ST,Riley Park,492433.5094,5454667.2948
Break and Enter Residential/Other,2017,4,29,17,0,44XX ONTARIO ST,Riley Park,492338.8615,5454675.9974
Break and Enter Residential/Other,2017,2,20,14,1,44XX PUGET DR,Arbutus Ridge,487841.4683,5454925.6984
Break and Enter Residential/Other,2017,7,28,10,45,44XX SKEENA ST,Renfrew-Collingwood,497917.8273,5454715.2677
Break and Enter Residential/Other,2017,6,8,17,0,44XX W 14TH AVE,West Point Grey,484942.8705,5456403.1888
Break and Enter Residential/Other,2017,1,26,0,0,44XX W 15TH AVE,West Point Grey,484898.0231,5456302.614
Break and Enter Residential/Other,2017,4,7,18,0,44XX W 4TH AVE,West Point Grey,484900.2295,5457375.872
Break and Enter Residential/Other,2017,7,5,0,0,44XX W 6TH AVE,West Point Grey,484851.4181,5457184.8459
Break and Enter Residential/Other,2017,10,6,18,0,44XX W 8TH AVE,West Point Grey,484873.1961,5457002.9151
Break and Enter Residential/Other,2017,9,30,20,51,45XX ANGUS DR,Shaughnessy,489405.9799,5454690.3896
Break and Enter Residential/Other,2017,10,5,15,37,45XX BEATRICE ST,Kensington-Cedar Cottage,495150.7807,5454664.27
Break and Enter Residential/Other,2017,3,4,12,0,45XX BELMONT AVE,West Point Grey,484712.0768,5457901.0208
Break and Enter Residential/Other,2017,1,8,2,0,45XX BELMONT AVE,West Point Grey,484740.2842,5457909.5721
Break and Enter Residential/Other,2017,8,17,16,30,45XX BEVERLY CRES,Shaughnessy,489661.1327,5454714.7593
Break and Enter Residential/Other,2017,9,30,15,44,45XX CLARENDON ST,Renfrew-Collingwood,496151.1137,5454628.573
Break and Enter Residential/Other,2017,1,19,12,42,45XX ELGIN ST,Kensington-Cedar Cottage,493972.7445,5454634.3785
Break and Enter Residential/Other,2017,2,19,6,37,45XX GLADSTONE ST,Kensington-Cedar Cottage,495591.8206,5454664.2915
Break and Enter Residential/Other,2017,10,29,0,0,45XX HARRIET ST,Kensington-Cedar Cottage,493690.2645,5454549.6978
Break and Enter Residential/Other,2017,9,22,9,30,45XX JAMES ST,Riley Park,492439.7067,5454591.0556
Break and Enter Residential/Other,2017,8,4,19,0,45XX MAGNOLIA ST,Arbutus Ridge,489102.8756,5454755.5362
Break and Enter Residential/Other,2017,5,17,9,0,45XX W 11TH AVE,West Point Grey,484629.8848,5456705.089
Break and Enter Residential/Other,2017,9,4,8,16,45XX W 11TH AVE,West Point Grey,484646.6638,5456704.6482
Break and Enter Residential/Other,2017,6,6,17,21,45XX W 12TH AVE,West Point Grey,484584.0211,5456603.6737
Break and Enter Residential/Other,2017,4,19,23,40,45XX W 13TH AVE,West Point Grey,484623.607,5456502.9947
Break and Enter Residential/Other,2017,12,11,19,12,45XX W 13TH AVE,West Point Grey,484733.0703,5456500.1611
Break and Enter Residential/Other,2017,3,1,15,0,45XX W 15TH AVE,West Point Grey,484635.5591,5456309.7771
Break and Enter Residential/Other,2017,11,23,18,2,45XX W 5TH AVE,West Point Grey,484635.1949,5457295.0264
Break and Enter Residential/Other,2017,7,19,20,0,45XX W 9TH AVE,West Point Grey,484668.8404,5456911.921
Break and Enter Residential/Other,2017,1,20,22,32,45XX WALDEN ST,Riley Park,492727.2952,5454530.0992
Break and Enter Residential/Other,2017,3,31,14,0,45XX WELWYN ST,Kensington-Cedar Cottage,494898.9702,5454599.8566
Break and Enter Residential/Other,2017,2,24,5,45,46XX ANGUS DR,Shaughnessy,489405.2367,5454640.3981
Break and Enter Residential/Other,2017,6,24,15,21,46XX BALDWIN ST,Kensington-Cedar Cottage,495790.5826,5454547.706
Break and Enter Residential/Other,2017,9,22,16,30,46XX COMMERCIAL ST,Kensington-Cedar Cottage,495046.0112,5454451.2868
Break and Enter Residential/Other,2017,8,1,0,0,46XX CONNAUGHT DR,Shaughnessy,489700.0105,5454577.9016
Break and Enter Residential/Other,2017,10,5,18,37,46XX CULLODEN ST,Kensington-Cedar Cottage,494250.426,5454461.6637
Break and Enter Residential/Other,2017,5,23,17,38,46XX DUNBAR ST,Dunbar-Southlands,486512.7911,5454701.1176
Break and Enter Residential/Other,2017,10,23,23,31,46XX JOYCE ST,Renfrew-Collingwood,498014.2876,5454464.6345
Break and Enter Residential/Other,2017,7,30,22,29,46XX MACDONALD ST,Arbutus Ridge,487774.7288,5454628.8011
Break and Enter Residential/Other,2017,3,7,11,32,46XX MANOR ST,Renfrew-Collingwood,497199.9693,5454457.3659
Break and Enter Residential/Other,2017,9,20,21,30,46XX OAK ST,Shaughnessy,490702.5022,5454574.2147
Break and Enter Residential/Other,2017,5,12,19,0,46XX OSLER ST,Shaughnessy,490532.3741,5454598.5079
Break and Enter Residential/Other,2017,5,9,15,3,46XX RUPERT ST,Renfrew-Collingwood,497432.8959,5454509.0448
Break and Enter Residential/Other,2017,3,9,11,30,46XX SELKIRK ST,Shaughnessy,490336.0388,5454581.9364
Break and Enter Residential/Other,2017,3,6,17,37,46XX VICTORIA DR,Kensington-Cedar Cottage,495255.0104,5454503.753
Break and Enter Residential/Other,2017,4,26,7,27,46XX W 11TH AVE,West Point Grey,484488.2515,5456707.6033
Break and Enter Residential/Other,2017,1,25,20,30,46XX W 11TH AVE,West Point Grey,484510.1019,5456716.519
Break and Enter Residential/Other,2017,12,18,22,30,46XX W 12TH AVE,West Point Grey,484437.6844,5456616.2686
Break and Enter Residential/Other,2017,1,12,15,10,46XX W 13TH AVE,West Point Grey,484431.591,5456507.7772
Break and Enter Residential/Other,2017,7,4,21,0,46XX W 7TH AVE,West Point Grey,484415.04,5457110.8537
Break and Enter Residential/Other,2017,3,11,12,0,46XX W 8TH AVE,West Point Grey,484403.8115,5457006.2119
Break and Enter Residential/Other,2017,11,6,10,11,46XX WALDEN ST,Riley Park,492726.3557,5454499.5442
Break and Enter Residential/Other,2017,6,9,10,0,4703A CULLODEN ST,Kensington-Cedar Cottage,494249.435,5454410.0477
Break and Enter Residential/Other,2017,3,27,0,0,47XX CAMBIE ST,South Cambie,491370.989,5454402.8057
Break and Enter Residential/Other,2017,4,6,17,55,47XX CAMBIE ST,South Cambie,491374.5505,5454434.2128
Break and Enter Residential/Other,2017,12,15,22,23,47XX DUMFRIES ST,Kensington-Cedar Cottage,494648.3179,5454333.1842
Break and Enter Residential/Other,2017,3,3,10,24,47XX FAIRMONT ST,Renfrew-Collingwood,496946.3821,5454339.7142
Break and Enter Residential/Other,2017,9,25,12,0,47XX FLEMING ST,Kensington-Cedar Cottage,494742.454,5454408.4296
Break and Enter Residential/Other,2017,11,22,7,0,47XX HENRY ST,Kensington-Cedar Cottage,494342.095,5454350.7639
Break and Enter Residential/Other,2017,3,4,20,12,47XX HUDSON ST,Shaughnessy,490152.4777,5454518.2316
Break and Enter Residential/Other,2017,11,1,7,0,47XX KNIGHT ST,Kensington-Cedar Cottage,494445.467,5454422.5014
Break and Enter Residential/Other,2017,5,15,8,45,47XX MANOR ST,Renfrew-Collingwood,497130.3383,5454364.277
Break and Enter Residential/Other,2017,8,5,7,30,47XX OSLER ST,Shaughnessy,490528.999,5454468.182
Break and Enter Residential/Other,2017,8,18,17,10,47XX OSLER ST,Shaughnessy,490537.6194,5454447.3516
Break and Enter Residential/Other,2017,12,2,12,25,47XX VICTORIA DR,Kensington-Cedar Cottage,495243.526,5454384.0562
Break and Enter Residential/Other,2017,3,29,17,0,47XX VICTORIA DR,Kensington-Cedar Cottage,495243.8927,5454403.5138
Break and Enter Residential/Other,2017,10,27,18,0,47XX VICTORIA DR,Kensington-Cedar Cottage,495244.4689,5454434.0901
Break and Enter Residential/Other,2017,11,13,13,0,47XX W 4TH AVE,West Point Grey,484268.7024,5457399.8592
Break and Enter Residential/Other,2017,4,20,22,26,48XX ANGUS DR,Shaughnessy,489412.9911,5454440.6166
Break and Enter Residential/Other,2017,8,19,17,48,48XX ARGYLE ST,Kensington-Cedar Cottage,494838.4007,5454226.4032
Break and Enter Residential/Other,2017,10,21,9,33,48XX BEATRICE ST,Kensington-Cedar Cottage,495158.2213,5454301.9721
Break and Enter Residential/Other,2017,2,11,21,19,48XX CAMBIE ST,South Cambie,491368.3227,5454305.5022
Break and Enter Residential/Other,2017,3,28,22,0,48XX CHATHAM ST,Renfrew-Collingwood,497148.3508,5454223.2816
Break and Enter Residential/Other,2017,7,15,23,0,48XX CHATHAM ST,Renfrew-Collingwood,497154.8313,5454216.42
Break and Enter Residential/Other,2017,9,2,16,30,48XX COLLINGWOOD ST,Dunbar-Southlands,486762.2716,5454506.0952
Break and Enter Residential/Other,2017,8,17,13,45,48XX DUCHESS ST,Renfrew-Collingwood,496301.101,5454222.0644
Break and Enter Residential/Other,2017,4,4,8,36,48XX DUNBAR ST,Dunbar-Southlands,486521.1493,5454462.3388
Break and Enter Residential/Other,2017,3,3,9,0,48XX FAIRMONT ST,Renfrew-Collingwood,496896.7942,5454278.8075
Break and Enter Residential/Other,2017,6,8,12,0,48XX MACLURE MEWS,Arbutus Ridge,488962.6101,5454387.4701
Break and Enter Residential/Other,2017,4,3,19,0,48XX NANAIMO ST,Renfrew-Collingwood,495731.3891,5454138.6726
Break and Enter Residential/Other,2017,1,3,15,45,48XX NARVAEZ DR,Arbutus Ridge,488329.121,5454421.6513
Break and Enter Residential/Other,2017,6,13,13,26,48XX PINE CRES,Shaughnessy,489321.4014,5454407.8971
Break and Enter Residential/Other,2017,7,7,0,0,48XX QUEBEC ST,Riley Park,492528.376,5454262.0315
Break and Enter Residential/Other,2017,2,19,7,55,48XX RUPERT ST,Renfrew-Collingwood,497274.9566,5454240.9873
Break and Enter Residential/Other,2017,10,25,13,15,48XX RUPERT ST,Renfrew-Collingwood,497316.8384,5454305.5987
Break and Enter Residential/Other,2017,4,24,19,0,48XX SLOCAN ST,Renfrew-Collingwood,496087.4548,5454163.6419
Break and Enter Residential/Other,2017,9,2,8,51,48XX VALLEY DR,Arbutus Ridge,489101.9015,5454402.5099
Break and Enter Residential/Other,2017,1,19,18,23,49XX BLENHEIM ST,Dunbar-Southlands,486992.3284,5454400.0419
Break and Enter Residential/Other,2017,4,17,7,2,49XX CAMBIE ST,Riley Park,491426.2959,5454164.6624
Break and Enter Residential/Other,2017,7,24,12,0,49XX CARTIER ST,Shaughnessy,490041.9976,5454339.1188
Break and Enter Residential/Other,2017,8,18,17,0,49XX CARTIER ST,Shaughnessy,490041.9976,5454339.1188
Break and Enter Residential/Other,2017,10,14,22,0,49XX CARTIER ST,Shaughnessy,490041.9976,5454339.1188
Break and Enter Residential/Other,2017,2,15,15,0,49XX COLLINGWOOD ST,Dunbar-Southlands,486750.6062,5454372.8177
Break and Enter Residential/Other,2017,7,6,0,0,49XX CONNAUGHT DR,Shaughnessy,489630.7254,5454311.4051
Break and Enter Residential/Other,2017,5,23,7,30,49XX MAIN ST,Riley Park,492607.1633,5454142.019
Break and Enter Residential/Other,2017,3,8,3,24,49XX MCGEER ST,Renfrew-Collingwood,497645.0609,5454180.0448
Break and Enter Residential/Other,2017,8,4,0,0,49XX MOSS ST,Renfrew-Collingwood,496682.7239,5454089.625
Break and Enter Residential/Other,2017,3,3,10,15,49XX MOSS ST,Renfrew-Collingwood,496708.027,5454112.5779
Break and Enter Residential/Other,2017,8,26,15,0,49XX RUPERT ST,Renfrew-Collingwood,497226.0204,5454164.9473
Break and Enter Residential/Other,2017,3,19,13,30,4X E 11TH AVE,Mount Pleasant,492422.9934,5456497.4554
Break and Enter Residential/Other,2017,3,15,9,49,4X E 11TH AVE,Mount Pleasant,492425.1366,5456488.2722
Break and Enter Residential/Other,2017,10,22,20,0,4X E 13TH AVE,Mount Pleasant,492425.3623,5456297.2923
Break and Enter Residential/Other,2017,7,1,10,0,4X E 18TH AVE,Riley Park,492457.8712,5455763.4907
Break and Enter Residential/Other,2017,10,31,12,36,4X E 3RD AVE,Mount Pleasant,492445.2876,5457289.1196
Break and Enter Residential/Other,2017,12,28,2,35,4X E CORDOVA ST,Central Business District,492483.519,5458844.5444
Break and Enter Residential/Other,2017,8,7,23,30,4X W 43RD AVE,Oakridge,492216.7257,5453172.0227
Break and Enter Residential/Other,2017,8,8,6,35,4X W 43RD AVE,Oakridge,492231.0082,5453171.3547
Break and Enter Residential/Other,2017,11,16,4,52,4XX ALEXANDER ST,Strathcona,493090.5653,5459028.6988
Break and Enter Residential/Other,2017,2,13,19,23,4XX BEACH CRES,Central Business District,490723.4137,5457693.9419
Break and Enter Residential/Other,2017,3,13,10,25,4XX CARRALL ST,Central Business District,492413.4624,5458656.1271
Break and Enter Residential/Other,2017,7,18,21,55,4XX CARRALL ST,Central Business District,492413.4624,5458656.1271
Break and Enter Residential/Other,2017,6,1,13,33,4XX DENMAN ST,Central Business District,490365.8842,5460080.5027
Break and Enter Residential/Other,2017,11,19,0,0,4XX DENMAN ST,Central Business District,490365.8842,5460080.5027
Break and Enter Residential/Other,2017,12,31,0,1,4XX DENMAN ST,Central Business District,490365.8842,5460080.5027
Break and Enter Residential/Other,2017,11,17,8,0,4XX E 17TH AVE,Riley Park,493058.5025,5455879.1072
Break and Enter Residential/Other,2017,4,26,8,54,4XX E 18TH AVE,Riley Park,493127.8201,5455769.3848
Break and Enter Residential/Other,2017,1,5,8,0,4XX E 19TH AVE,Riley Park,492989.4418,5455680.5941
Break and Enter Residential/Other,2017,11,11,18,0,4XX E 20TH AVE,Riley Park,493018.9298,5455580.0777
Break and Enter Residential/Other,2017,8,25,1,15,4XX E 20TH AVE,Riley Park,493088.1776,5455578.3795
Break and Enter Residential/Other,2017,9,13,16,18,4XX E 20TH AVE,Riley Park,493088.1776,5455578.3795
Break and Enter Residential/Other,2017,4,10,17,15,4XX E 31ST AVE,Riley Park,492959.6717,5454446.7349
Break and Enter Residential/Other,2017,11,23,12,0,4XX E 46TH AVE,Sunset,493000.7589,5452843.9994
Break and Enter Residential/Other,2017,9,3,17,45,4XX E 46TH AVE,Sunset,493043.8784,5452851.7563
Break and Enter Residential/Other,2017,11,3,15,30,4XX E 54TH AVE,Sunset,493039.6904,5452016.6784
Break and Enter Residential/Other,2017,11,24,13,30,4XX E 54TH AVE,Sunset,493099.9069,5452024.0649
Break and Enter Residential/Other,2017,2,10,9,0,4XX E 56TH AVE,Sunset,492956.328,5451824.6076
Break and Enter Residential/Other,2017,6,16,8,0,4XX E 58TH AVE,Sunset,492982.3393,5451603.4006
Break and Enter Residential/Other,2017,1,25,12,0,4XX E 59TH AVE,Sunset,492895.8559,5451540.5256
Break and Enter Residential/Other,2017,1,5,9,0,4XX E 6TH AVE,Mount Pleasant,493141.2941,5456944.3563
Break and Enter Residential/Other,2017,12,2,23,17,4XX E 6TH AVE,Mount Pleasant,493144.7086,5456953.4677
Break and Enter Residential/Other,2017,4,29,14,0,4XX E 6TH AVE,Mount Pleasant,493217.7858,5456943.6139
Break and Enter Residential/Other,2017,5,3,21,19,4XX E 8TH AVE,Mount Pleasant,493102.0682,5456744.9059
Break and Enter Residential/Other,2017,6,26,16,30,4XX E PENDER ST,Strathcona,493131.3949,5458623.318
Break and Enter Residential/Other,2017,2,12,8,1,4XX GREAT NORTHERN WAY,Strathcona,493046.8736,5457125.9694
Break and Enter Residential/Other,2017,5,10,6,15,4XX HOMER ST,Central Business District,491911.4897,5458941.1571
Break and Enter Residential/Other,2017,8,27,17,0,4XX INTERURBAN WAY,Marpole,491496.6343,5450697.1358
Break and Enter Residential/Other,2017,3,18,17,12,4XX KEEFER ST,Strathcona,493119.5906,5458514.3745
Break and Enter Residential/Other,2017,10,7,15,0,4XX LAKEWOOD DR,Grandview-Woodland,495517.2734,5458678.887
Break and Enter Residential/Other,2017,10,29,11,42,4XX POWELL ST,Strathcona,493074.1676,5458937.3924
Break and Enter Residential/Other,2017,7,1,14,30,4XX SE MARINE DR,Sunset,493043.4289,5450934.0609
Break and Enter Residential/Other,2017,3,18,19,0,4XX SW MARINE DR,Marpole,491493.8637,5450824.4742
Break and Enter Residential/Other,2017,12,23,16,0,4XX UNION ST,Strathcona,493117.8534,5458313.1323
Break and Enter Residential/Other,2017,9,12,14,25,4XX W 12TH AVE,Mount Pleasant,491761.2235,5456403.9011
Break and Enter Residential/Other,2017,5,28,21,1,4XX W 16TH AVE,Riley Park,491703.2282,5456013.0354
Break and Enter Residential/Other,2017,11,17,15,39,4XX W 16TH AVE,Riley Park,491780.094,5456007.8871
Break and Enter Residential/Other,2017,3,7,23,0,4XX W 17TH AVE,Riley Park,491729.5055,5455897.3744
Break and Enter Residential/Other,2017,11,17,16,30,4XX W 19TH AVE,Riley Park,491702.3263,5455696.2326
Break and Enter Residential/Other,2017,4,8,7,0,4XX W 19TH AVE,Riley Park,491778.3367,5455684.4237
Break and Enter Residential/Other,2017,4,28,11,20,4XX W 21ST AVE,Riley Park,491790.3314,5455482.6044
Break and Enter Residential/Other,2017,3,16,19,0,4XX W 27TH AVE,Riley Park,491810.8393,5454914.8404
Break and Enter Residential/Other,2017,1,6,14,0,4XX W 29TH AVE,Riley Park,491682.0089,5454719.1141
Break and Enter Residential/Other,2017,4,11,7,2,4XX W 43RD AVE,Oakridge,491559.8958,5453215.6547
Break and Enter Residential/Other,2017,10,8,16,30,4XX W 44TH AVE,Oakridge,491665.428,5453110.7777
Break and Enter Residential/Other,2017,8,14,8,25,4XX W 45TH AVE,Oakridge,491628.4145,5453009.5087
Break and Enter Residential/Other,2017,9,9,20,0,4XX W 45TH AVE,Oakridge,491628.4145,5453009.5087
Break and Enter Residential/Other,2017,9,14,9,0,4XX W 46TH AVE,Oakridge,491567.2207,5452892.2004
Break and Enter Residential/Other,2017,1,10,16,17,4XX W 48TH AVE,Oakridge,491615.3946,5452687.8426
Break and Enter Residential/Other,2017,11,4,22,30,4XX W 8TH AVE,Mount Pleasant,491746.2421,5456797.1621
Break and Enter Residential/Other,2017,12,1,17,17,4XX W KING EDWARD AVE,Riley Park,491690.4395,5455150.6488
Break and Enter Residential/Other,2017,1,23,18,0,4XX W PENDER ST,Central Business District,491839.5607,5458924.6164
Break and Enter Residential/Other,2017,6,22,22,0,4XX W PENDER ST,Central Business District,491843.6078,5458920.3151
Break and Enter Residential/Other,2017,2,13,18,0,50XX BOUNDARY RD,Renfrew-Collingwood,498279.5837,5453973.0605
Break and Enter Residential/Other,2017,8,21,3,40,50XX CHAMBERS ST,Renfrew-Collingwood,496136.9133,5453956.4508
Break and Enter Residential/Other,2017,7,20,6,0,50XX COMMERCIAL ST,Kensington-Cedar Cottage,495015.7613,5454053.653
Break and Enter Residential/Other,2017,11,2,14,26,50XX CONNAUGHT DR,Shaughnessy,489625.0618,5454192.039
Break and Enter Residential/Other,2017,11,11,21,0,50XX FRASER ST,Kensington-Cedar Cottage,493424.9568,5454030.1686
Break and Enter Residential/Other,2017,2,5,1,44,50XX MAIN ST,Riley Park,492603.1403,5454052.0394
Break and Enter Residential/Other,2017,4,11,16,15,50XX ROSS ST,Kensington-Cedar Cottage,494006.0732,5454029.0026
Break and Enter Residential/Other,2017,4,8,3,0,50XX SHERBROOKE ST,Kensington-Cedar Cottage,494085.9731,5453966.5741
Break and Enter Residential/Other,2017,12,26,14,0,51XX ANN ST,Renfrew-Collingwood,497876.0785,5453936.3138
Break and Enter Residential/Other,2017,1,22,5,5,51XX ASH ST,South Cambie,491435.3651,5453934.5371
Break and Enter Residential/Other,2017,7,25,10,15,51XX CAMBIE ST,South Cambie,491502.49,5454014.1595
Break and Enter Residential/Other,2017,10,18,12,0,51XX CAMBIE ST,South Cambie,491502.49,5454014.1595
Break and Enter Residential/Other,2017,1,9,16,0,51XX CAMBIE ST,Riley Park,491555.9783,5453978.6604
Break and Enter Residential/Other,2017,9,22,10,45,51XX CAMBIE ST,Riley Park,491555.9783,5453978.6604
Break and Enter Residential/Other,2017,8,8,22,0,51XX CULLODEN ST,Kensington-Cedar Cottage,494237.9093,5453889.132
Break and Enter Residential/Other,2017,10,1,21,0,51XX DUNBAR ST,Dunbar-Southlands,486520.3226,5454127.0173
Break and Enter Residential/Other,2017,2,7,8,0,51XX GASTON ST,Renfrew-Collingwood,497772.8705,5453775.9238
Break and Enter Residential/Other,2017,9,13,13,0,51XX GASTON ST,Renfrew-Collingwood,497772.8705,5453775.9238
Break and Enter Residential/Other,2017,5,10,12,0,51XX KERSLAND DR,Riley Park,491656.4785,5454007.4941
Break and Enter Residential/Other,2017,8,1,17,0,51XX MOSS ST,Renfrew-Collingwood,496604.3935,5453912.7054
Break and Enter Residential/Other,2017,8,24,7,30,51XX SHERBROOKE ST,Kensington-Cedar Cottage,494083.3371,5453862.8782
Break and Enter Residential/Other,2017,10,5,13,44,51XX ST MARGARETS ST,Renfrew-Collingwood,495888.4953,5453906.9582
Break and Enter Residential/Other,2017,8,5,5,45,51XX WILLOW ST,South Cambie,491000.9667,5454060.5437
Break and Enter Residential/Other,2017,9,15,12,15,52XX BURSILL ST,Renfrew-Collingwood,496797.3746,5453732.1701
Break and Enter Residential/Other,2017,9,5,13,15,52XX CAMBIE ST,Riley Park,491568.2881,5453920.7694
Break and Enter Residential/Other,2017,5,26,4,58,52XX CHESTER ST,Kensington-Cedar Cottage,493510.3839,5453868.318
Break and Enter Residential/Other,2017,10,31,15,0,52XX KILLARNEY ST,Renfrew-Collingwood,496729.9125,5453810.5706
Break and Enter Residential/Other,2017,6,24,9,20,52XX MELBOURNE ST,Renfrew-Collingwood,497909.1747,5453683.5521
Break and Enter Residential/Other,2017,8,25,11,0,52XX PRINCE ALBERT ST,Kensington-Cedar Cottage,493586.3047,5453806.7857
Break and Enter Residential/Other,2017,10,12,11,42,52XX RUPERT ST,Renfrew-Collingwood,496998.6057,5453821.0639
Break and Enter Residential/Other,2017,3,31,7,30,53XX ANGUS DR,Shaughnessy,489278.5634,5453881.8963
Break and Enter Residential/Other,2017,1,11,11,45,53XX ARGYLE ST,Kensington-Cedar Cottage,494806.5641,5453716.2118
Break and Enter Residential/Other,2017,6,18,13,39,53XX BAILLIE ST,South Cambie,491104.1228,5453803.4549
Break and Enter Residential/Other,2017,4,30,19,49,53XX CAMBIE ST,South Cambie,491533.1186,5453745.91
Break and Enter Residential/Other,2017,7,1,0,1,53XX COMMERCIAL ST,Kensington-Cedar Cottage,495000.0919,5453759.569
Break and Enter Residential/Other,2017,11,15,8,45,53XX FLEMING ST,Kensington-Cedar Cottage,494696.7428,5453730.4741
Break and Enter Residential/Other,2017,5,31,15,0,53XX FLEMING ST,Kensington-Cedar Cottage,494705.0167,5453691.457
Break and Enter Residential/Other,2017,3,29,21,17,53XX JOYCE ST,Renfrew-Collingwood,497514.3024,5453696.6822
Break and Enter Residential/Other,2017,6,9,11,1,53XX KNIGHT ST,Kensington-Cedar Cottage,494402.9272,5453684.7095
Break and Enter Residential/Other,2017,4,8,23,45,53XX KNIGHT ST,Kensington-Cedar Cottage,494404.8516,5453755.1777
Break and Enter Residential/Other,2017,9,15,2,23,53XX MANSON ST,South Cambie,491313.8708,5453795.0318
Break and Enter Residential/Other,2017,11,27,13,45,53XX ROSS ST,Kensington-Cedar Cottage,494000.8099,5453759.9573
Break and Enter Residential/Other,2017,3,1,23,0,53XX WILLOW ST,South Cambie,490987.5065,5453828.9016
Break and Enter Residential/Other,2017,5,2,23,0,54XX ALBERTA ST,Riley Park,491757.6396,5453763.7545
Break and Enter Residential/Other,2017,5,2,22,0,54XX ALBERTA ST,Riley Park,491758.3302,5453782.4842
Break and Enter Residential/Other,2017,4,22,19,23,54XX ARGYLE ST,Kensington-Cedar Cottage,494795.3287,5453616.8139
Break and Enter Residential/Other,2017,8,17,20,25,54XX CARTIER ST,Shaughnessy,490022.868,5453810.9784
Break and Enter Residential/Other,2017,11,21,16,0,54XX CECIL ST,Renfrew-Collingwood,497391.5479,5453650.3656
Break and Enter Residential/Other,2017,2,25,18,0,54XX COLUMBIA ST,Riley Park,491941.2614,5453695.7054
Break and Enter Residential/Other,2017,3,10,20,0,54XX CYPRESS ST,Shaughnessy,489147.311,5453773.6067
Break and Enter Residential/Other,2017,7,13,0,0,54XX HEATHER ST,South Cambie,491207.6261,5453684.4804
Break and Enter Residential/Other,2017,5,23,23,30,54XX JOYCE ST,Renfrew-Collingwood,497419.8685,5453551.2319
Break and Enter Residential/Other,2017,8,15,16,5,54XX MACKIE ST,Riley Park,492039.0348,5453758.8457
Break and Enter Residential/Other,2017,9,18,15,52,54XX MCKINNON ST,Renfrew-Collingwood,497241.9043,5453584.2136
Break and Enter Residential/Other,2017,8,28,16,0,54XX OAK ST,South Cambie,490686.7785,5453721.1509
Break and Enter Residential/Other,2017,5,8,14,0,54XX RHODES ST,Renfrew-Collingwood,496346.3519,5453655.8113
Break and Enter Residential/Other,2017,1,6,5,30,54XX SHERBROOKE ST,Kensington-Cedar Cottage,494101.3337,5453651.2604
Break and Enter Residential/Other,2017,8,29,1,0,54XX SLOCAN ST,Renfrew-Collingwood,496054.9662,5453633.6475
Break and Enter Residential/Other,2017,3,19,16,0,54XX YEW ST,Arbutus Ridge,488460.022,5453782.143
Break and Enter Residential/Other,2017,4,4,12,0,55XX ABERDEEN ST,Renfrew-Collingwood,497955.7181,5453389.9238
Break and Enter Residential/Other,2017,12,15,23,0,55XX ALBERTA ST,Riley Park,491750.4451,5453559.1479
Break and Enter Residential/Other,2017,4,9,19,30,55XX ASH ST,South Cambie,491418.6365,5453598.5802
Break and Enter Residential/Other,2017,6,8,23,52,55XX BAILLIE ST,South Cambie,491099.5738,5453621.9065
Break and Enter Residential/Other,2017,11,19,9,0,55XX BOUNDARY RD,Renfrew-Collingwood,498276.617,5453485.7613
Break and Enter Residential/Other,2017,7,1,22,0,55XX BRUCE ST,Kensington-Cedar Cottage,494893.7249,5453470.1458
Break and Enter Residential/Other,2017,1,8,22,0,55XX CAMBIE ST,Riley Park,491558.3019,5453577.3328
Break and Enter Residential/Other,2017,11,1,0,4,55XX COLLEGE ST,Renfrew-Collingwood,496755.8949,5453541.8903
Break and Enter Residential/Other,2017,4,9,19,12,55XX COLUMBIA ST,Riley Park,491940.1152,5453654.6278
Break and Enter Residential/Other,2017,12,14,17,13,55XX ELM ST,Arbutus Ridge,488047.0239,5453687.8859
Break and Enter Residential/Other,2017,4,20,22,2,55XX FLEMING ST,Kensington-Cedar Cottage,494699.5409,5453442.778
Break and Enter Residential/Other,2017,6,6,19,1,55XX LARCH ST,Arbutus Ridge,488161.8982,5453737.9766
Break and Enter Residential/Other,2017,9,1,9,0,55XX MANSON ST,South Cambie,491307.1925,5453556.8152
Break and Enter Residential/Other,2017,1,30,14,52,55XX NANAIMO ST,Renfrew-Collingwood,495723.6901,5453511.2879
Break and Enter Residential/Other,2017,9,28,12,20,55XX OAK ST,South Cambie,490684.8095,5453639.7227
Break and Enter Residential/Other,2017,3,10,15,6,55XX TRAFALGAR ST,Arbutus Ridge,487932.6474,5453686.3506
Break and Enter Residential/Other,2017,5,1,15,0,55XX VICTORIA DR,Kensington-Cedar Cottage,495237.0107,5453538.8871
Break and Enter Residential/Other,2017,6,11,16,0,56XX ANGUS DR,Shaughnessy,489247.8344,5453656.0514
Break and Enter Residential/Other,2017,6,23,16,0,56XX ANGUS DR,Shaughnessy,489247.8344,5453656.0514
Break and Enter Residential/Other,2017,6,24,15,0,56XX ANGUS DR,Shaughnessy,489247.8344,5453656.0514
Break and Enter Residential/Other,2017,5,22,8,10,56XX ASH ST,South Cambie,491426.201,5453530.2135
Break and Enter Residential/Other,2017,3,7,12,0,56XX BAILLIE ST,South Cambie,491087.9736,5453522.2901
Break and Enter Residential/Other,2017,4,27,23,0,56XX BOUNDARY RD,Renfrew-Collingwood,498277.1506,5453318.596
Break and Enter Residential/Other,2017,8,3,21,19,56XX BOUNDARY RD,Renfrew-Collingwood,498277.1506,5453318.596
Break and Enter Residential/Other,2017,3,5,17,0,56XX COLUMBIA ST,Riley Park,491936.3082,5453525.9798
Break and Enter Residential/Other,2017,11,13,21,29,56XX ELIZABETH ST,Riley Park,491848.6751,5453500.1571
Break and Enter Residential/Other,2017,5,9,17,31,56XX HIGHBURY ST,Dunbar-Southlands,486294.8267,5453588.3547
Break and Enter Residential/Other,2017,11,17,13,30,56XX INVERNESS ST,Kensington-Cedar Cottage,494196.7865,5453430.9268
Break and Enter Residential/Other,2017,10,17,10,45,56XX KERR ST,Renfrew-Collingwood,497065.1536,5453365.775
Break and Enter Residential/Other,2017,7,14,2,0,56XX KERR ST,Renfrew-Collingwood,497074.7655,5453437.0544
Break and Enter Residential/Other,2017,3,27,16,34,56XX OAK ST,South Cambie,490682.3246,5453536.96
Break and Enter Residential/Other,2017,5,5,15,15,56XX OSLER ST,Shaughnessy,490514.2505,5453533.2375
Break and Enter Residential/Other,2017,5,20,21,43,56XX STAMFORD ST,Renfrew-Collingwood,497699.9691,5453385.3375
Break and Enter Residential/Other,2017,11,22,21,21,56XX WILLOW ST,South Cambie,490987.1363,5453479.6312
Break and Enter Residential/Other,2017,2,14,21,13,57XX ANGUS DR,Kerrisdale,489252.0338,5453437.2055
Break and Enter Residential/Other,2017,7,28,10,0,57XX ANGUS DR,Kerrisdale,489252.0338,5453437.2055
Break and Enter Residential/Other,2017,8,21,15,38,57XX BEATRICE ST,Victoria-Fraserview,495122.5682,5453233.7749
Break and Enter Residential/Other,2017,1,10,12,0,57XX COMMERCIAL ST,Victoria-Fraserview,494992.6983,5453241.0852
Break and Enter Residential/Other,2017,3,27,12,0,57XX DUNBAR ST,Dunbar-Southlands,486512.5535,5453513.0227
Break and Enter Residential/Other,2017,9,11,13,0,57XX DUNBAR ST,Dunbar-Southlands,486512.5535,5453513.0227
Break and Enter Residential/Other,2017,2,26,23,0,57XX HUDSON ST,Oakridge,490187.9019,5453441.4911
Break and Enter Residential/Other,2017,7,9,11,37,57XX INVERNESS ST,Sunset,494184.5631,5453297.4339
Break and Enter Residential/Other,2017,7,11,20,49,57XX KERR ST,Killarney,497065.6707,5453266.0668
Break and Enter Residential/Other,2017,11,5,9,30,57XX KERR ST,Killarney,497065.8719,5453232.4839
Break and Enter Residential/Other,2017,1,10,7,0,57XX KERR ST,Killarney,497074.4255,5453331.0969
Break and Enter Residential/Other,2017,9,29,11,30,57XX KNIGHT ST,Sunset,494382.9909,5453242.7268
Break and Enter Residential/Other,2017,10,4,21,0,57XX LANCASTER ST,Killarney,496966.3156,5453189.0616
Break and Enter Residential/Other,2017,2,18,0,0,57XX OAK ST,Oakridge,490678.6926,5453395.8843
Break and Enter Residential/Other,2017,4,29,23,54,57XX OAK ST,Oakridge,490678.6926,5453395.8843
Break and Enter Residential/Other,2017,7,15,15,30,57XX ONTARIO ST,Sunset,492315.5043,5453350.226
Break and Enter Residential/Other,2017,11,13,18,30,57XX RHODES ST,Victoria-Fraserview,496352.2518,5453201.0829
Break and Enter Residential/Other,2017,1,6,20,41,57XX SOPHIA ST,Sunset,492825.1143,5453314.5872
Break and Enter Residential/Other,2017,6,14,9,0,57XX ST MARGARETS ST,Victoria-Fraserview,495876.5273,5453238.7257
Break and Enter Residential/Other,2017,2,15,18,0,57XX WALLACE ST,Dunbar-Southlands,486096.9069,5453554.9178
Break and Enter Residential/Other,2017,11,25,17,7,58XX ATHLONE ST,Oakridge,490060.5127,5453311.313
Break and Enter Residential/Other,2017,10,8,2,44,58XX CHURCHILL ST,Kerrisdale,489704.6657,5453327.1615
Break and Enter Residential/Other,2017,4,28,16,30,58XX CHURCHILL ST,Kerrisdale,489705.1513,5453349.7467
Break and Enter Residential/Other,2017,11,29,12,30,58XX DUNBAR ST,Dunbar-Southlands,486502.5098,5453431.5445
Break and Enter Residential/Other,2017,7,25,10,42,58XX GRANVILLE ST,Kerrisdale,489832.1852,5453383.4281
Break and Enter Residential/Other,2017,7,9,23,33,58XX GRANVILLE ST,Oakridge,489841.3467,5453381.5292
Break and Enter Residential/Other,2017,8,14,15,30,58XX JOYCE ST,Killarney,497271.3143,5453077.1662
Break and Enter Residential/Other,2017,5,15,11,30,58XX KNIGHT ST,Sunset,494382.0214,5453202.6344
Break and Enter Residential/Other,2017,11,29,16,0,58XX MARGUERITE ST,Kerrisdale,489455.8097,5453360.9334
Break and Enter Residential/Other,2017,3,1,12,0,58XX MONTGOMERY ST,Oakridge,490393.5399,5453345.3569
Break and Enter Residential/Other,2017,8,23,19,0,58XX OLYMPIC ST,Dunbar-Southlands,486197.6912,5453414.4772
Break and Enter Residential/Other,2017,4,28,20,43,58XX ONTARIO ST,Sunset,492313.3341,5453252.22
Break and Enter Residential/Other,2017,2,4,12,0,58XX ONTARIO ST,Oakridge,492303.4702,5453213.592
Break and Enter Residential/Other,2017,7,10,13,0,58XX QUEBEC ST,Sunset,492454.8913,5453302.075
Break and Enter Residential/Other,2017,7,4,13,30,58XX ST MARGARETS ST,Victoria-Fraserview,495877.2553,5453176.0594
Break and Enter Residential/Other,2017,3,24,10,38,58XX TISDALL ST,Oakridge,491082.5597,5453320.4232
Break and Enter Residential/Other,2017,1,18,21,6,58XX TISDALL ST,Oakridge,491082.6695,5453316.7336
Break and Enter Residential/Other,2017,3,4,12,49,58XX TISDALL ST,Oakridge,491082.959,5453306.9892
Break and Enter Residential/Other,2017,11,25,15,12,58XX YEW ST,Kerrisdale,488452.211,5453359.6357
Break and Enter Residential/Other,2017,2,28,11,45,59XX ADERA ST,Kerrisdale,489555.6343,5453270.8761
Break and Enter Residential/Other,2017,3,3,18,55,59XX ANGUS DR,Kerrisdale,489237.7916,5453244.3734
Break and Enter Residential/Other,2017,3,10,20,50,59XX BEATRICE ST,Victoria-Fraserview,495118.224,5452978.453
Break and Enter Residential/Other,2017,7,11,12,30,59XX CARTIER ST,Oakridge,489951.7945,5453226.7739
Break and Enter Residential/Other,2017,12,4,14,30,59XX LANARK ST,Victoria-Fraserview,494489.4654,5453064.9755
Break and Enter Residential/Other,2017,5,19,23,30,59XX ORMIDALE ST,Killarney,498181.2087,5453007.6916
Break and Enter Residential/Other,2017,8,13,15,46,59XX QUEBEC ST,Sunset,492450.0377,5453078.9006
Break and Enter Residential/Other,2017,9,8,11,0,59XX VICTORIA DR,Victoria-Fraserview,495230.2301,5453016.4734
Break and Enter Residential/Other,2017,12,8,15,0,59XX WALES ST,Victoria-Fraserview,496237.9513,5453052.7847
Break and Enter Residential/Other,2017,5,20,21,57,59XX WILTSHIRE ST,Kerrisdale,489338.2815,5453278.8481
Break and Enter Residential/Other,2017,11,25,19,0,59XX WILTSHIRE ST,Kerrisdale,489346.7262,5453253.335
Break and Enter Residential/Other,2017,7,19,23,37,59XX YEW ST,Kerrisdale,488449.5667,5453290.0006
Break and Enter Residential/Other,2017,7,25,15,11,5X E 61ST AVE,Sunset,492337.0025,5451363.7508
Break and Enter Residential/Other,2017,6,18,12,0,5X E 62ND AVE,Sunset,492341.3946,5451276.6925
Break and Enter Residential/Other,2017,3,28,10,45,5X E HASTINGS ST,Central Business District,492491.4239,5458741.3163
Break and Enter Residential/Other,2017,3,28,22,14,5X E HASTINGS ST,Central Business District,492491.4239,5458741.3163
Break and Enter Residential/Other,2017,8,17,6,16,5X E HASTINGS ST,Central Business District,492491.4239,5458741.3163
Break and Enter Residential/Other,2017,8,12,4,0,5X W 12TH AVE,Mount Pleasant,492282.8612,5456400.871
Break and Enter Residential/Other,2017,6,26,10,30,5X W 23RD AVE,Riley Park,492270.8985,5455250.9113
Break and Enter Residential/Other,2017,7,3,1,15,5X W 38TH AVE,Riley Park,492227.3426,5453743.384
Break and Enter Residential/Other,2017,5,14,17,42,5X W CORDOVA ST,Central Business District,492321.9081,5458882.1259
Break and Enter Residential/Other,2017,2,17,8,29,5X W HASTINGS ST,Central Business District,492289.6201,5458781.9215
Break and Enter Residential/Other,2017,6,15,9,4,5XX ALEXANDER ST,Strathcona,493230.6566,5459025.2612
Break and Enter Residential/Other,2017,4,19,18,0,5XX CAMBIE ST,Central Business District,491944.8504,5458697.1031
Break and Enter Residential/Other,2017,11,13,9,19,5XX CAMPBELL AVE,Strathcona,493824.1453,5458573.2291
Break and Enter Residential/Other,2017,7,26,12,0,5XX CAMPBELL AVE,Strathcona,493833.6427,5458584.744
Break and Enter Residential/Other,2017,3,18,6,29,5XX CARRALL ST,Central Business District,492402.5035,5458614.7072
Break and Enter Residential/Other,2017,4,18,21,1,5XX CASSIAR ST,Hastings-Sunrise,497761.3958,5458591.1981
Break and Enter Residential/Other,2017,3,13,15,45,5XX E 10TH AVE,Mount Pleasant,493268.177,5456536.1398
Break and Enter Residential/Other,2017,5,7,3,0,5XX E 10TH AVE,Mount Pleasant,493276.0332,5456536.0555
Break and Enter Residential/Other,2017,12,14,4,30,5XX E 11TH AVE,Mount Pleasant,493278.5308,5456440.1053
Break and Enter Residential/Other,2017,11,20,8,30,5XX E 13TH AVE,Mount Pleasant,493261.4715,5456237.7339
Break and Enter Residential/Other,2017,5,22,9,0,5XX E 17TH AVE,Riley Park,493186.143,5455869.111
Break and Enter Residential/Other,2017,7,26,4,28,5XX E 17TH AVE,Riley Park,493229.4183,5455868.0443
Break and Enter Residential/Other,2017,10,12,17,30,5XX E 20TH AVE,Riley Park,493183.1653,5455576.0496
Break and Enter Residential/Other,2017,10,30,17,30,5XX E 20TH AVE,Riley Park,493218.0023,5455566.0472
Break and Enter Residential/Other,2017,8,14,0,0,5XX E 22ND AVE,Riley Park,493247.802,5455373.4823
Break and Enter Residential/Other,2017,11,27,9,30,5XX E 26TH AVE,Riley Park,493190.7994,5454997.7799
Break and Enter Residential/Other,2017,12,8,19,52,5XX E 26TH AVE,Riley Park,493293.1358,5454985.6617
Break and Enter Residential/Other,2017,5,10,16,0,5XX E 28TH AVE,Riley Park,493155.1289,5454769.3451
Break and Enter Residential/Other,2017,7,24,12,8,5XX E 28TH AVE,Riley Park,493155.1289,5454769.3451
Break and Enter Residential/Other,2017,8,3,16,0,5XX E 28TH AVE,Riley Park,493155.1289,5454769.3451
Break and Enter Residential/Other,2017,12,4,22,31,5XX E 29TH AVE,Riley Park,493184.385,5454654.3208
Break and Enter Residential/Other,2017,9,8,23,0,5XX E 30TH AVE,Riley Park,493212.254,5454532.638
Break and Enter Residential/Other,2017,9,20,20,0,5XX E 30TH AVE,Riley Park,493236.9863,5454541.2467
Break and Enter Residential/Other,2017,11,1,1,45,5XX E 30TH AVE,Riley Park,493247.6915,5454531.8679
Break and Enter Residential/Other,2017,12,31,23,20,5XX E 41ST AVE,Sunset,493176.5764,5453348.102
Break and Enter Residential/Other,2017,6,2,18,24,5XX E 48TH AVE,Sunset,493173.385,5452651.8776
Break and Enter Residential/Other,2017,8,3,7,0,5XX E 5TH AVE,Mount Pleasant,493266.7371,5457043.8125
Break and Enter Residential/Other,2017,12,1,17,50,5XX E 6TH AVE,Mount Pleasant,493308.3775,5456943.1009
Break and Enter Residential/Other,2017,3,13,3,0,5XX E CORDOVA ST,Strathcona,493278.5391,5458831.2416
Break and Enter Residential/Other,2017,9,8,9,0,5XX E CORDOVA ST,Strathcona,493289.0983,5458830.8757
Break and Enter Residential/Other,2017,5,10,0,0,5XX E HASTINGS ST,Strathcona,493264.4067,5458718.0456
Break and Enter Residential/Other,2017,7,19,7,34,5XX E PENDER ST,Strathcona,493224.3885,5458621.0443
Break and Enter Residential/Other,2017,8,23,21,50,5XX E PENDER ST,Strathcona,493330.7266,5458608.5134
Break and Enter Residential/Other,2017,12,2,18,0,5XX GORE AVE,Strathcona,492927.6397,5458623.5918
Break and Enter Residential/Other,2017,2,3,22,0,5XX GRANVILLE ST,Central Business District,491605.3231,5459069.9877
Break and Enter Residential/Other,2017,2,4,15,0,5XX GRANVILLE ST,Central Business District,491605.3231,5459069.9877
Break and Enter Residential/Other,2017,2,6,20,19,5XX GRANVILLE ST,Central Business District,491605.3231,5459069.9877
Break and Enter Residential/Other,2017,2,12,22,35,5XX GRANVILLE ST,Central Business District,491605.3231,5459069.9877
Break and Enter Residential/Other,2017,5,8,7,31,5XX HELMCKEN ST,Central Business District,491037.0409,5458295.2763
Break and Enter Residential/Other,2017,6,10,22,0,5XX KAMLOOPS ST,Hastings-Sunrise,496033.8628,5458550.9218
Break and Enter Residential/Other,2017,9,16,23,59,5XX MCLEAN DR,Grandview-Woodland,494613.7101,5458561.7079
Break and Enter Residential/Other,2017,11,12,18,49,5XX PRIOR ST,Strathcona,493210.6712,5458221.0293
Break and Enter Residential/Other,2017,8,18,13,40,5XX PRIOR ST,Strathcona,493262.112,5458210.2058
Break and Enter Residential/Other,2017,3,4,22,0,5XX RENFREW ST,Hastings-Sunrise,496789.4755,5458597.2017
Break and Enter Residential/Other,2017,6,9,18,0,5XX RICHARDS ST,Central Business District,491725.2578,5458908.4031
Break and Enter Residential/Other,2017,5,2,7,18,5XX RICHARDS ST,Central Business District,491773.218,5458943.6416
Break and Enter Residential/Other,2017,7,21,20,10,5XX RICHARDS ST,Central Business District,491773.218,5458943.6416
Break and Enter Residential/Other,2017,4,20,1,15,5XX SMITHE ST,Central Business District,491262.343,5458537.0206
Break and Enter Residential/Other,2017,9,2,14,0,5XX SMITHE ST,Central Business District,491289.7491,5458510.1763
Break and Enter Residential/Other,2017,2,17,2,38,5XX W 10TH AVE,Fairview,491629.9831,5456610.4297
Break and Enter Residential/Other,2017,1,7,15,0,5XX W 16TH AVE,South Cambie,491540.4283,5456019.5179
Break and Enter Residential/Other,2017,2,11,8,30,5XX W 16TH AVE,South Cambie,491540.4283,5456019.5179
Break and Enter Residential/Other,2017,4,4,18,30,5XX W 17TH AVE,South Cambie,491445.0527,5455932.4352
Break and Enter Residential/Other,2017,8,1,8,47,5XX W 18TH AVE,South Cambie,491466.3748,5455828.1144
Break and Enter Residential/Other,2017,4,23,12,0,5XX W 22ND AVE,South Cambie,491532.9318,5455417.6763
Break and Enter Residential/Other,2017,5,17,18,55,5XX W 27TH AVE,South Cambie,491457.7415,5454922.8033
Break and Enter Residential/Other,2017,5,30,9,43,5XX W 28TH AVE,South Cambie,491510.808,5454828.4441
Break and Enter Residential/Other,2017,9,2,1,0,5XX W 29TH AVE,South Cambie,491409.2006,5454719.3055
Break and Enter Residential/Other,2017,6,3,23,55,5XX W 30TH AVE,South Cambie,491453.4926,5454567.0339
Break and Enter Residential/Other,2017,3,5,14,0,5XX W 41ST AVE,South Cambie,491437.7129,5453441.5124
Break and Enter Residential/Other,2017,8,11,15,30,5XX W 41ST AVE,South Cambie,491437.7129,5453441.5124
Break and Enter Residential/Other,2017,8,21,12,29,5XX W 49TH AVE,Oakridge,491375.2133,5452598.1735
Break and Enter Residential/Other,2017,12,4,17,23,5XX W 49TH AVE,Oakridge,491388.7373,5452606.3862
Break and Enter Residential/Other,2017,4,9,0,0,5XX W 60TH AVE,Marpole,491404.7786,5451464.4699
Break and Enter Residential/Other,2017,1,1,22,30,5XX W 61ST AVE,Marpole,491408.0828,5451362.3034
Break and Enter Residential/Other,2017,2,22,11,20,5XX W 63RD AVE,Marpole,491400.9956,5451162.4386
Break and Enter Residential/Other,2017,7,11,17,41,5XX W 63RD AVE,Marpole,491445.8402,5451169.5891
Break and Enter Residential/Other,2017,12,6,23,15,5XX W 7TH AVE,Fairview,491599.1196,5456914.9744
Break and Enter Residential/Other,2017,4,12,18,0,5XX W HASTINGS ST,Central Business District,491852.3422,5459054.2329
Break and Enter Residential/Other,2017,4,14,18,0,5XX W HASTINGS ST,Central Business District,491852.3422,5459054.2329
Break and Enter Residential/Other,2017,9,13,19,9,5XX W HASTINGS ST,Central Business District,491852.3422,5459054.2329
Break and Enter Residential/Other,2017,2,4,0,1,5XX WHEELHOUSE SQ,Fairview,491562.3064,5457383.5077
Break and Enter Residential/Other,2017,9,1,13,30,60XX CAMBIE ST,Oakridge,491545.3031,5453043.092
Break and Enter Residential/Other,2017,4,3,19,0,60XX CAMBIE ST,Oakridge,491545.4707,5453048.2367
Break and Enter Residential/Other,2017,8,14,20,30,60XX CAMBIE ST,Oakridge,491545.4707,5453048.2367
Break and Enter Residential/Other,2017,11,6,16,30,60XX CARTIER ST,Oakridge,489941.1577,5453160.995
Break and Enter Residential/Other,2017,12,12,4,9,60XX CROWN ST,Kerrisdale,485892.3743,5453199.5928
Break and Enter Residential/Other,2017,3,6,14,50,60XX DUNBAR ST,Dunbar-Southlands,486500.6866,5453220.8192
Break and Enter Residential/Other,2017,9,21,6,0,60XX ELM ST,Kerrisdale,488033.2168,5453223.6315
Break and Enter Residential/Other,2017,2,26,17,34,60XX ELM ST,Kerrisdale,488033.8954,5453243.0704
Break and Enter Residential/Other,2017,3,31,23,30,60XX INVERNESS ST,Sunset,494185.4797,5452964.3598
Break and Enter Residential/Other,2017,5,28,4,30,60XX LAUREL ST,Oakridge,490911.0555,5453044.0158
Break and Enter Residential/Other,2017,3,24,20,40,60XX MARGUERITE ST,Kerrisdale,489459.4172,5453128.1218
Break and Enter Residential/Other,2017,1,22,10,11,60XX TISDALL ST,Oakridge,491147.2951,5453055.7361
Break and Enter Residential/Other,2017,1,31,0,54,60XX TRAFALGAR ST,Kerrisdale,487931.5342,5453166.6889
Break and Enter Residential/Other,2017,11,17,13,0,60XX VINE ST,Kerrisdale,488353.1507,5453224.0887
Break and Enter Residential/Other,2017,9,6,20,0,60XX WILTSHIRE ST,Kerrisdale,489334.2665,5453133.11
Break and Enter Residential/Other,2017,12,30,18,54,61XX ADERA ST,Kerrisdale,489550.2626,5453044.4559
Break and Enter Residential/Other,2017,1,7,20,0,61XX ASH ST,Oakridge,491412.995,5452922.1493
Break and Enter Residential/Other,2017,3,14,19,47,61XX ASH ST,Oakridge,491412.995,5452922.1493
Break and Enter Residential/Other,2017,10,1,0,0,61XX ASH ST,Oakridge,491413.4327,5452938.1741
Break and Enter Residential/Other,2017,10,11,14,30,61XX BLENHEIM ST,Dunbar-Southlands,486984.4082,5453092.8272
Break and Enter Residential/Other,2017,12,15,16,1,61XX BLENHEIM ST,Dunbar-Southlands,486984.4082,5453092.8272
Break and Enter Residential/Other,2017,6,29,10,0,61XX BUTLER ST,Killarney,497549.3099,5452789.6451
Break and Enter Residential/Other,2017,6,2,14,0,61XX CAMBIE ST,Oakridge,491511.4359,5452968.9706
Break and Enter Residential/Other,2017,11,17,11,9,61XX DOMAN ST,Killarney,497347.6931,5452793.0562
Break and Enter Residential/Other,2017,10,18,22,0,61XX GLENDALOUGH PL,Dunbar-Southlands,486865.9421,5453120.9565
Break and Enter Residential/Other,2017,5,20,22,0,61XX MACDONALD ST,Kerrisdale,487805.364,5453065.8764
Break and Enter Residential/Other,2017,11,10,2,55,61XX MACDONALD ST,Kerrisdale,487805.8293,5453110.5246
Break and Enter Residential/Other,2017,12,14,11,56,61XX NANAIMO ST,Victoria-Fraserview,495694.7738,5452825.7644
Break and Enter Residential/Other,2017,8,9,13,35,61XX OAK ST,Oakridge,490668.7633,5452985.1801
Break and Enter Residential/Other,2017,3,19,14,49,61XX WILLOW ST,Oakridge,491011.6949,5453034.9689
Break and Enter Residential/Other,2017,4,7,13,15,62XX ASH ST,Oakridge,491411.7615,5452876.9804
Break and Enter Residential/Other,2017,9,8,20,45,62XX BALSAM ST,Kerrisdale,488244.4701,5452969.2072
Break and Enter Residential/Other,2017,4,12,18,0,62XX COLUMBIA ST,Oakridge,491927.9472,5452846.8037
Break and Enter Residential/Other,2017,12,14,20,0,62XX COMMERCIAL ST,Victoria-Fraserview,495026.6901,5452709.7204
Break and Enter Residential/Other,2017,2,12,22,38,62XX MAIN ST,Sunset,492603.7882,5452842.4983
Break and Enter Residential/Other,2017,6,9,15,30,62XX MAIN ST,Sunset,492603.8433,5452805.3551
Break and Enter Residential/Other,2017,11,4,0,0,62XX OAK ST,Oakridge,490667.7434,5452923.1499
Break and Enter Residential/Other,2017,8,8,11,49,62XX ONTARIO ST,Sunset,492299.2362,5452784.5118
Break and Enter Residential/Other,2017,7,22,18,0,62XX ST GEORGE ST,Sunset,493160.2706,5452832.0876
Break and Enter Residential/Other,2017,9,2,17,0,62XX TYNE ST,Killarney,497653.9775,5452710.0925
Break and Enter Residential/Other,2017,9,29,6,0,62XX WEST BLVD,Kerrisdale,488652.3622,5452958.8498
Break and Enter Residential/Other,2017,7,22,13,30,62XX YUKON ST,Oakridge,491658.7625,5452831.0936
Break and Enter Residential/Other,2017,7,30,17,0,63XX ANGUS DR,Kerrisdale,489235.6627,5452818.5387
Break and Enter Residential/Other,2017,5,25,16,30,63XX ARGYLE ST,Victoria-Fraserview,494782.3802,5452621.2231
Break and Enter Residential/Other,2017,3,31,8,30,63XX CAMBIE ST,Oakridge,491504.8658,5452715.5801
Break and Enter Residential/Other,2017,12,12,15,8,63XX ELM ST,Kerrisdale,488034.2132,5452849.7859
Break and Enter Residential/Other,2017,2,17,15,0,63XX GLADSTONE ST,Victoria-Fraserview,495458.9235,5452683.579
Break and Enter Residential/Other,2017,4,18,22,0,63XX LARCH ST,Kerrisdale,488128.5862,5452874.4567
Break and Enter Residential/Other,2017,6,4,14,0,63XX LARCH ST,Kerrisdale,488129.182,5452898.0395
Break and Enter Residential/Other,2017,12,21,21,30,63XX MCKINNON ST,Killarney,497173.0794,5452602.4929
Break and Enter Residential/Other,2017,10,11,18,0,63XX OAK ST,Oakridge,490665.9853,5452821.0686
Break and Enter Residential/Other,2017,11,7,16,0,63XX OAK ST,Oakridge,490666.2977,5452841.7231
Break and Enter Residential/Other,2017,11,26,15,0,63XX ONTARIO ST,Sunset,492298.836,5452749.4878
Break and Enter Residential/Other,2017,5,30,18,0,63XX QUEBEC ST,Sunset,492440.4287,5452686.2133
Break and Enter Residential/Other,2017,10,20,9,32,63XX TISDALL ST,Oakridge,491140.6757,5452778.7144
Break and Enter Residential/Other,2017,10,22,12,0,64XX CAMBIE ST,Oakridge,491503.1846,5452642.8097
Break and Enter Residential/Other,2017,6,28,13,0,64XX CAMBIE ST,Oakridge,491503.7532,5452667.4197
Break and Enter Residential/Other,2017,7,8,21,0,64XX CAMBIE ST,Oakridge,491504.2464,5452688.77
Break and Enter Residential/Other,2017,10,7,23,10,64XX CHESTER ST,Sunset,493496.6785,5452602.1061
Break and Enter Residential/Other,2017,12,10,14,30,64XX CHESTER ST,Sunset,493496.8844,5452612.2624
Break and Enter Residential/Other,2017,12,25,18,0,64XX CHESTER ST,Sunset,493496.8844,5452612.2624
Break and Enter Residential/Other,2017,12,6,17,0,64XX CLARENDON ST,Victoria-Fraserview,495920.8107,5452547.5084
Break and Enter Residential/Other,2017,4,16,11,30,64XX EAST BLVD,Kerrisdale,488735.0834,5452774.7088
Break and Enter Residential/Other,2017,9,5,14,0,64XX NANAIMO ST,Victoria-Fraserview,495688.477,5452509.4887
Break and Enter Residential/Other,2017,4,2,6,0,64XX OAK ST,Oakridge,490664.7493,5452740.1279
Break and Enter Residential/Other,2017,9,16,22,57,65XX ARBUTUS ST,Kerrisdale,488710.4073,5452687.3404
Break and Enter Residential/Other,2017,2,27,19,3,65XX CHURCHILL ST,Kerrisdale,489689.2717,5452600.3768
Break and Enter Residential/Other,2017,10,19,8,0,65XX DOMAN ST,Killarney,497334.5149,5452322.028
Break and Enter Residential/Other,2017,6,5,14,30,65XX DUMFRIES ST,Victoria-Fraserview,494565.7991,5452422.7172
Break and Enter Residential/Other,2017,11,6,19,0,65XX MONTGOMERY ST,Oakridge,490389.6872,5452628.4697
Break and Enter Residential/Other,2017,12,11,20,30,65XX OAK ST,Oakridge,490659.4329,5452549.7139
Break and Enter Residential/Other,2017,4,18,7,0,65XX ROSS ST,Sunset,493972.1678,5452423.9601
Break and Enter Residential/Other,2017,3,26,16,3,65XX VICTORIA DR,Victoria-Fraserview,495213.7746,5452414.6521
Break and Enter Residential/Other,2017,6,23,22,0,65XX WILTSHIRE ST,Kerrisdale,489329.784,5452632.8281
Break and Enter Residential/Other,2017,9,29,12,0,66XX ARBUTUS ST,Kerrisdale,488696.8045,5452559.027
Break and Enter Residential/Other,2017,3,12,19,54,66XX ARLINGTON ST,Killarney,497902.2747,5452214.4627
Break and Enter Residential/Other,2017,1,20,18,24,66XX BROOKS ST,Killarney,497436.7143,5452215.7875
Break and Enter Residential/Other,2017,7,19,20,0,66XX CAMBIE ST,Oakridge,491496.9446,5452416.0908
Break and Enter Residential/Other,2017,9,13,8,0,66XX CAMBIE ST,Oakridge,491496.9446,5452416.0908
Break and Enter Residential/Other,2017,3,16,23,5,66XX CAMBIE ST,Oakridge,491497.8827,5452456.2755
Break and Enter Residential/Other,2017,5,8,17,0,66XX CAMBIE ST,Oakridge,491497.8827,5452456.2755
Break and Enter Residential/Other,2017,2,11,10,51,66XX CYPRESS ST,Kerrisdale,489116.5436,5452528.0145
Break and Enter Residential/Other,2017,1,12,11,50,66XX ELLIOTT ST,Victoria-Fraserview,496015.8891,5452295.9584
Break and Enter Residential/Other,2017,4,22,21,0,66XX FREMLIN ST,Oakridge,490772.3012,5452472.4868
Break and Enter Residential/Other,2017,7,11,1,0,66XX FREMLIN ST,Oakridge,490772.461,5452478.9733
Break and Enter Residential/Other,2017,6,4,20,27,66XX GRANVILLE ST,Kerrisdale,489810.9339,5452525.409
Break and Enter Residential/Other,2017,1,10,11,0,66XX KILLARNEY ST,Killarney,496663.9328,5452323.9089
Break and Enter Residential/Other,2017,5,19,22,9,66XX LAUREL ST,Oakridge,490887.4112,5452457.5957
Break and Enter Residential/Other,2017,7,5,10,0,66XX SHERBROOKE ST,Sunset,494060.4781,5452356.7207
Break and Enter Residential/Other,2017,4,21,13,49,66XX TISDALL ST,Oakridge,491191.0342,5452434.2029
Break and Enter Residential/Other,2017,3,11,21,56,66XX TISDALL ST,Oakridge,491200.2897,5452439.9141
Break and Enter Residential/Other,2017,8,2,22,46,67XX ADERA ST,Kerrisdale,489538.9315,5452413.1702
Break and Enter Residential/Other,2017,1,20,0,0,67XX ADERA ST,Kerrisdale,489548.1732,5452425.3649
Break and Enter Residential/Other,2017,6,28,15,0,67XX ADERA ST,Kerrisdale,489548.1732,5452425.3649
Break and Enter Residential/Other,2017,7,7,17,0,67XX ADERA ST,Kerrisdale,489548.1732,5452425.3649
Break and Enter Residential/Other,2017,11,19,17,0,67XX ADERA ST,Kerrisdale,489548.3693,5452449.9006
Break and Enter Residential/Other,2017,7,1,0,0,67XX ADERA ST,Kerrisdale,489548.5816,5452476.4809
Break and Enter Residential/Other,2017,1,21,13,34,67XX BROOKS ST,Killarney,497435.858,5452183.7514
Break and Enter Residential/Other,2017,5,20,2,30,67XX CHURCHILL ST,Kerrisdale,489683.1755,5452395.4204
Break and Enter Residential/Other,2017,12,1,23,10,67XX FREMLIN ST,Oakridge,490771.6103,5452444.4671
Break and Enter Residential/Other,2017,7,19,8,30,67XX GRANVILLE ST,Oakridge,489816.8671,5452413.7289
Break and Enter Residential/Other,2017,4,1,10,0,67XX KERR ST,Killarney,497006.2909,5452210.4905
Break and Enter Residential/Other,2017,7,5,14,50,67XX KNIGHT ST,Victoria-Fraserview,494366.239,5452221.744
Break and Enter Residential/Other,2017,8,10,6,30,67XX LANCASTER ST,Killarney,496886.802,5452258.2904
Break and Enter Residential/Other,2017,2,22,21,0,67XX OSLER ST,Oakridge,490485.133,5452443.1999
Break and Enter Residential/Other,2017,8,15,21,30,67XX RUPERT ST,Killarney,496771.9011,5452214.3653
Break and Enter Residential/Other,2017,1,10,7,0,67XX TANTALUS LANE,Killarney,498230.4463,5452198.8663
Break and Enter Residential/Other,2017,3,8,13,0,67XX TISDALL ST,Oakridge,491199.009,5452384.2143
Break and Enter Residential/Other,2017,2,21,9,38,67XX TYNE ST,Killarney,497640.6497,5452165.5534
Break and Enter Residential/Other,2017,11,15,19,59,67XX WILTSHIRE ST,Kerrisdale,489324.4137,5452423.9782
Break and Enter Residential/Other,2017,5,20,0,59,68XX ARBUTUS ST,Kerrisdale,488697.5902,5452319.6434
Break and Enter Residential/Other,2017,1,8,17,33,68XX ARLINGTON ST,Killarney,497841.9318,5452105.6725
Break and Enter Residential/Other,2017,11,7,15,0,68XX CHURCHILL ST,Kerrisdale,489672.3936,5452331.3636
Break and Enter Residential/Other,2017,6,2,16,31,68XX CHURCHILL ST,Kerrisdale,489679.7112,5452255.5392
Break and Enter Residential/Other,2017,3,23,21,0,68XX CYPRESS ST,Kerrisdale,489103.8521,5452354.1758
Break and Enter Residential/Other,2017,7,30,0,9,68XX FREMLIN ST,Oakridge,490758.3312,5452267.067
Break and Enter Residential/Other,2017,1,10,13,30,68XX FREMLIN ST,Oakridge,490768.4838,5452313.128
Break and Enter Residential/Other,2017,4,20,21,42,68XX HEATHER ST,Oakridge,490988.4746,5452249.9109
Break and Enter Residential/Other,2017,3,15,0,0,68XX HEATHER ST,Oakridge,490989.5754,5452290.7202
Break and Enter Residential/Other,2017,3,9,0,37,68XX HUDSON ST,Oakridge,490160.0004,5452323.6203
Break and Enter Residential/Other,2017,10,19,22,1,68XX KNIGHT ST,Sunset,494356.4531,5452202.1566
Break and Enter Residential/Other,2017,11,15,11,55,68XX LAUREL ST,Oakridge,490881.7851,5452256.4805
Break and Enter Residential/Other,2017,12,26,17,0,68XX LAUREL ST,Oakridge,490881.7851,5452256.4805
Break and Enter Residential/Other,2017,7,28,23,27,68XX MARGUERITE ST,Kerrisdale,489437.1408,5452327.4428
Break and Enter Residential/Other,2017,3,23,14,33,68XX MONTGOMERY ST,Oakridge,490391.5057,5452323.7023
Break and Enter Residential/Other,2017,3,3,21,0,68XX NANAIMO ST,Victoria-Fraserview,495672.5519,5452084.4764
Break and Enter Residential/Other,2017,12,1,6,0,68XX NANAIMO ST,Victoria-Fraserview,495686.1984,5452168.3006
Break and Enter Residential/Other,2017,6,3,23,0,68XX SELKIRK ST,Oakridge,490288.4258,5452280.4304
Break and Enter Residential/Other,2017,9,1,12,0,68XX WEST BLVD,Kerrisdale,488854.4587,5452328.3237
Break and Enter Residential/Other,2017,9,9,1,29,69XX ADERA ST,Kerrisdale,489528.7307,5452149.4025
Break and Enter Residential/Other,2017,9,12,12,6,69XX ADERA ST,Kerrisdale,489528.7307,5452149.4025
Break and Enter Residential/Other,2017,6,28,19,0,69XX ADERA ST,Kerrisdale,489537.9989,5452152.101
Break and Enter Residential/Other,2017,4,2,17,0,69XX ANGUS DR,Kerrisdale,489216.9907,5452143.5158
Break and Enter Residential/Other,2017,9,14,23,0,69XX ASH ST,Oakridge,491394.6116,5452167.6696
Break and Enter Residential/Other,2017,7,28,15,0,69XX CHURCHILL ST,Kerrisdale,489679.2249,5452235.3782
Break and Enter Residential/Other,2017,6,3,22,0,69XX GRANVILLE ST,Kerrisdale,489800.7611,5452154.6255
Break and Enter Residential/Other,2017,8,31,22,17,69XX HEATHER ST,Oakridge,490994.8614,5452142.4672
Break and Enter Residential/Other,2017,4,5,8,0,69XX HEATHER ST,Oakridge,490995.211,5452156.0751
Break and Enter Residential/Other,2017,10,15,2,32,69XX HEATHER ST,Oakridge,490995.211,5452156.0751
Break and Enter Residential/Other,2017,1,26,9,0,69XX LABURNUM ST,Kerrisdale,489005.2846,5452227.0592
Break and Enter Residential/Other,2017,12,25,7,0,69XX MAIN ST,Sunset,492593.889,5452077.535
Break and Enter Residential/Other,2017,4,3,14,30,69XX MCKINNON ST,Killarney,497154.8984,5452016.0053
Break and Enter Residential/Other,2017,1,30,15,30,69XX RADISSON ST,Killarney,498212.4076,5451971.898
Break and Enter Residential/Other,2017,9,16,14,15,69XX RALEIGH ST,Killarney,496537.1695,5451974.5566
Break and Enter Residential/Other,2017,5,12,17,0,6X E 59TH AVE,Sunset,492372.2706,5451556.5338
Break and Enter Residential/Other,2017,3,26,7,15,6X E HASTINGS ST,Central Business District,492509.0252,5458749.9029
Break and Enter Residential/Other,2017,11,26,17,37,6X KEEFER PL,Central Business District,492231.0617,5458545.7156
Break and Enter Residential/Other,2017,3,15,22,30,6X W 26TH AVE,Riley Park,492236.4761,5455011.0362
Break and Enter Residential/Other,2017,7,8,0,0,6X W CORDOVA ST,Central Business District,492299.8946,5458898.3505
Break and Enter Residential/Other,2017,9,6,10,51,6XX ABBOTT ST,Central Business District,492175.5864,5458454.528
Break and Enter Residential/Other,2017,6,19,15,27,6XX ALEXANDER ST,Strathcona,493396.1379,5459019.4756
Break and Enter Residential/Other,2017,11,29,8,0,6XX CAMBIE ST,Central Business District,491799.9774,5458560.3578
Break and Enter Residential/Other,2017,3,7,0,38,6XX CAMPBELL AVE,Strathcona,493830.4208,5458477.844
Break and Enter Residential/Other,2017,2,4,2,10,6XX CAMPBELL AVE,Strathcona,493830.5017,5458480.5859
Break and Enter Residential/Other,2017,11,1,14,30,6XX E 11TH AVE,Mount Pleasant,493381.7563,5456438.5046
Break and Enter Residential/Other,2017,3,14,3,10,6XX E 12TH AVE,Mount Pleasant,493461.4773,5456338.9439
Break and Enter Residential/Other,2017,10,26,11,0,6XX E 13TH AVE,Mount Pleasant,493405.7554,5456228.8019
Break and Enter Residential/Other,2017,8,4,8,54,6XX E 13TH AVE,Mount Pleasant,493405.9314,5456237.9442
Break and Enter Residential/Other,2017,1,30,17,42,6XX E 16TH AVE,Riley Park,493446.7977,5455959.3427
Break and Enter Residential/Other,2017,12,17,18,30,6XX E 21ST AVE,Riley Park,493402.9516,5455468.2999
Break and Enter Residential/Other,2017,4,7,14,0,6XX E 22ND AVE,Riley Park,493309.2289,5455371.8349
Break and Enter Residential/Other,2017,8,4,19,29,6XX E 22ND AVE,Riley Park,493314.5735,5455362.547
Break and Enter Residential/Other,2017,9,15,14,53,6XX E 22ND AVE,Riley Park,493314.5735,5455362.547
Break and Enter Residential/Other,2017,5,11,15,0,6XX E 22ND AVE,Riley Park,493317.3662,5455362.4735
Break and Enter Residential/Other,2017,8,9,8,0,6XX E 54TH AVE,Sunset,493300.1661,5452018.3626
Break and Enter Residential/Other,2017,7,28,17,48,6XX E 62ND AVE,Sunset,493345.3859,5451263.3669
Break and Enter Residential/Other,2017,9,26,9,0,6XX E 8TH AVE,Mount Pleasant,493474.8951,5456739.3473
Break and Enter Residential/Other,2017,11,21,0,4,6XX E CORDOVA ST,Strathcona,493425.3686,5458826.4239
Break and Enter Residential/Other,2017,3,18,23,0,6XX E CORDOVA ST,Strathcona,493460.2732,5458825.3424
Break and Enter Residential/Other,2017,10,16,22,0,6XX E GEORGIA ST,Strathcona,493387.4798,5458405.9951
Break and Enter Residential/Other,2017,9,14,23,30,6XX E PENDER ST,Strathcona,493399.4394,5458616.1455
Break and Enter Residential/Other,2017,7,29,6,20,6XX GREAT NORTHERN WAY,Strathcona,493480.6184,5457121.0116
Break and Enter Residential/Other,2017,11,16,0,0,6XX JACKSON AVE,Strathcona,493203.0391,5458505.9019
Break and Enter Residential/Other,2017,2,20,17,0,6XX KASLO ST,Hastings-Sunrise,496597.8354,5458470.7247
Break and Enter Residential/Other,2017,3,17,11,8,6XX PRINCESS AVE,Strathcona,493343.3446,5458460.3535
Break and Enter Residential/Other,2017,6,20,17,0,6XX PRINCESS AVE,Strathcona,493344.3921,5458494.9672
Break and Enter Residential/Other,2017,7,26,22,0,6XX SKEENA ST,Hastings-Sunrise,497934.5631,5458419.3536
Break and Enter Residential/Other,2017,5,3,22,0,6XX UNION ST,Strathcona,493376.2235,5458304.8193
Break and Enter Residential/Other,2017,4,1,5,55,6XX UNION ST,Strathcona,493381.6628,5458304.6691
Break and Enter Residential/Other,2017,10,18,17,0,6XX W 20TH AVE,South Cambie,491338.014,5455625.3291
Break and Enter Residential/Other,2017,5,6,11,0,6XX W 28TH AVE,South Cambie,491330.1764,5454824.5879
Break and Enter Residential/Other,2017,5,8,8,30,6XX W 30TH AVE,South Cambie,491332.8206,5454628.5443
Break and Enter Residential/Other,2017,4,6,10,24,6XX W 32ND AVE,South Cambie,491333.5417,5454381.8293
Break and Enter Residential/Other,2017,4,6,21,23,6XX W 32ND AVE,South Cambie,491333.5417,5454381.8293
Break and Enter Residential/Other,2017,2,16,21,0,6XX W 32ND AVE,South Cambie,491336.9552,5454390.8389
Break and Enter Residential/Other,2017,6,5,14,0,6XX W 39TH AVE,South Cambie,491364.0373,5453644.9636
Break and Enter Residential/Other,2017,8,11,0,1,6XX W 45TH AVE,Oakridge,491332.315,5453016.3577
Break and Enter Residential/Other,2017,9,10,11,0,6XX W 54TH AVE,Oakridge,491318.6693,5452112.2692
Break and Enter Residential/Other,2017,8,24,18,0,70XX ANGUS DR,Kerrisdale,489215.3954,5452087.9377
Break and Enter Residential/Other,2017,1,26,13,30,70XX BALACLAVA ST,Kerrisdale,487173.1415,5452110.724
Break and Enter Residential/Other,2017,9,27,9,48,70XX CAMBIE ST,Oakridge,491487.5525,5452021.3568
Break and Enter Residential/Other,2017,7,15,15,37,70XX CLARENDON ST,Victoria-Fraserview,495895.0763,5451860.1126
Break and Enter Residential/Other,2017,9,13,18,14,70XX CYPRESS ST,Kerrisdale,489106.831,5452046.7589
Break and Enter Residential/Other,2017,11,26,20,28,70XX CYPRESS ST,Kerrisdale,489107.2042,5452064.8338
Break and Enter Residential/Other,2017,3,29,16,56,70XX ELMHURST DR,Killarney,496497.3898,5451882.9195
Break and Enter Residential/Other,2017,2,12,15,0,70XX GRANVILLE ST,Kerrisdale,489799.3462,5452095.8998
Break and Enter Residential/Other,2017,7,29,22,4,70XX OSLER ST,Oakridge,490488.3794,5452181.1712
Break and Enter Residential/Other,2017,11,16,18,22,70XX SELKIRK ST,Oakridge,490285.1147,5452161.1635
Break and Enter Residential/Other,2017,1,30,8,45,70XX STIRLING ST,Victoria-Fraserview,495585.8132,5451927.2654
Break and Enter Residential/Other,2017,3,20,22,30,70XX WILTSHIRE ST,Kerrisdale,489315.8015,5452042.0406
Break and Enter Residential/Other,2017,5,24,8,15,71XX ANGUS DR,Kerrisdale,489211.7438,5451961.0855
Break and Enter Residential/Other,2017,12,7,12,55,71XX ARBUTUS ST,Kerrisdale,488755.81,5452004.7597
Break and Enter Residential/Other,2017,11,10,19,22,71XX BEECHWOOD ST,Kerrisdale,488615.2143,5452017.0055
Break and Enter Residential/Other,2017,9,25,19,25,71XX CAMANO ST,Killarney,498004.7715,5451819.3225
Break and Enter Residential/Other,2017,1,15,4,33,71XX CAMBIE ST,Oakridge,491486.0418,5451961.6769
Break and Enter Residential/Other,2017,7,10,19,0,71XX CAMBIE ST,Oakridge,491486.0418,5451961.6769
Break and Enter Residential/Other,2017,11,4,10,0,71XX CYPRESS ST,Kerrisdale,489105.6435,5451989.2477
Break and Enter Residential/Other,2017,3,11,20,30,71XX MAPLE ST,Kerrisdale,488868.5343,5451963.9143
Break and Enter Residential/Other,2017,8,16,11,0,71XX MARGUERITE ST,Kerrisdale,489417.8003,5451981.0588
Break and Enter Residential/Other,2017,5,10,12,0,71XX QUEBEC ST,Sunset,492423.7059,5451901.0897
Break and Enter Residential/Other,2017,10,5,20,18,72XX ANGUS DR,Kerrisdale,489200.1853,5451877.3223
Break and Enter Residential/Other,2017,12,14,14,0,72XX DUFF ST,Victoria-Fraserview,495298.9604,5451768.7391
Break and Enter Residential/Other,2017,7,18,1,5,72XX HUDSON ST,Oakridge,490206.9643,5451927.0943
Break and Enter Residential/Other,2017,11,4,17,25,72XX MAPLE ST,Kerrisdale,488858.7344,5451931.2755
Break and Enter Residential/Other,2017,12,28,7,0,72XX ONTARIO ST,Oakridge,492272.1441,5451818.4726
Break and Enter Residential/Other,2017,3,14,7,15,72XX WEAVER CRT,Killarney,497959.5051,5451673.2613
Break and Enter Residential/Other,2017,3,30,16,0,73XX CELISTA DR,Killarney,498052.9112,5451692.0115
Break and Enter Residential/Other,2017,4,11,17,0,73XX FRASER ST,Sunset,493371.57,5451668.1209
Break and Enter Residential/Other,2017,10,15,18,0,73XX HUDSON ST,Marpole,490242.5311,5451796.7386
Break and Enter Residential/Other,2017,5,12,0,1,73XX KILLARNEY ST,Killarney,496577.4525,5451652.2626
Break and Enter Residential/Other,2017,6,30,14,0,73XX VICTORIA DR,Victoria-Fraserview,495202.9609,5451684.6378
Break and Enter Residential/Other,2017,9,23,19,30,74XX ASHBURN ST,Victoria-Fraserview,495888.9062,5451545.6155
Break and Enter Residential/Other,2017,3,30,15,0,74XX ECHO PL,Killarney,497926.9041,5451541.9883
Break and Enter Residential/Other,2017,2,26,16,30,74XX GRANVILLE ST,Marpole,489784.7384,5451645.9295
Break and Enter Residential/Other,2017,11,2,20,0,74XX KNIGHT ST,Sunset,494384.2842,5451566.4275
Break and Enter Residential/Other,2017,4,9,14,0,74XX TAMARIND DR,Killarney,498215.2931,5451626.1088
Break and Enter Residential/Other,2017,8,26,13,50,74XX VIVIAN DR,Victoria-Fraserview,496301.7344,5451558.3421
Break and Enter Residential/Other,2017,1,23,9,44,75XX COLUMBIA ST,Marpole,491801.6227,5451540.6145
Break and Enter Residential/Other,2017,1,24,10,0,75XX KERR ST,Killarney,496974.0843,5451495.6082
Break and Enter Residential/Other,2017,10,17,11,0,75XX KNIGHT ST,Victoria-Fraserview,494392.652,5451496.697
Break and Enter Residential/Other,2017,4,4,9,0,75XX PRINCE EDWARD ST,Sunset,492883.2271,5451536.9054
Break and Enter Residential/Other,2017,10,18,10,15,76XX CAMBIE ST,Marpole,491500.1462,5451458.9691
Break and Enter Residential/Other,2017,11,17,1,19,76XX CARTIER ST,Marpole,489977.6105,5451532.6504
Break and Enter Residential/Other,2017,7,11,12,46,76XX FRASER ST,Sunset,493366.2288,5451417.1742
Break and Enter Residential/Other,2017,4,3,12,0,76XX GRANVILLE ST,Marpole,489781.7008,5451543.7673
Break and Enter Residential/Other,2017,4,6,19,56,76XX THORNHILL DR,Victoria-Fraserview,495005.2004,5451359.5594
Break and Enter Residential/Other,2017,9,13,8,45,77XX ANGUS DR,Marpole,489196.4149,5451402.5231
Break and Enter Residential/Other,2017,1,10,16,49,77XX CAMBIE ST,Marpole,491495.5299,5451276.6024
Break and Enter Residential/Other,2017,4,26,10,4,77XX CAMBIE ST,Marpole,491495.5299,5451276.6024
Break and Enter Residential/Other,2017,6,18,20,10,77XX CAMBIE ST,Marpole,491496.067,5451298.0665
Break and Enter Residential/Other,2017,10,11,7,0,77XX CAMBIE ST,Marpole,491496.6638,5451321.9156
Break and Enter Residential/Other,2017,5,30,22,53,77XX FRASER ST,Sunset,493373.3697,5451320.4623
Break and Enter Residential/Other,2017,10,28,20,0,77XX FRENCH ST,Marpole,489884.3565,5451466.423
Break and Enter Residential/Other,2017,9,13,14,30,77XX GRANVILLE ST,Marpole,489788.881,5451454.4834
Break and Enter Residential/Other,2017,6,12,16,40,78XX ADERA ST,Marpole,489545.616,5451338.7072
Break and Enter Residential/Other,2017,4,5,17,0,78XX FRENCH ST,Marpole,489872.2346,5451329.3953
Break and Enter Residential/Other,2017,11,16,17,55,78XX JASPER CRES,Victoria-Fraserview,495081.1055,5451112.1232
Break and Enter Residential/Other,2017,3,4,12,20,78XX THORNHILL DR,Victoria-Fraserview,495121.198,5451189.7034
Break and Enter Residential/Other,2017,10,24,9,0,78XX THORNHILL DR,Victoria-Fraserview,495177.0584,5451170.703
Break and Enter Residential/Other,2017,2,12,21,0,79XX BIRCH ST,Marpole,490069.8479,5451185.0015
Break and Enter Residential/Other,2017,4,1,11,55,79XX FRASER ST,Sunset,493369.0941,5451107.8845
Break and Enter Residential/Other,2017,3,5,23,40,79XX FRENCH ST,Marpole,489870.0245,5451166.3564
Break and Enter Residential/Other,2017,10,5,20,32,79XX FRENCH ST,Marpole,489870.0808,5451170.5151
Break and Enter Residential/Other,2017,8,28,19,37,79XX LABURNUM ST,Kerrisdale,489021.4012,5451196.8367
Break and Enter Residential/Other,2017,5,8,17,30,79XX MAIN ST,Sunset,492559.7442,5451162.5618
Break and Enter Residential/Other,2017,11,16,10,0,79XX OAK ST,Marpole,490530.3098,5451164.3563
Break and Enter Residential/Other,2017,11,9,11,49,79XX SHAUGHNESSY ST,Marpole,490620.2674,5451144.9277
Break and Enter Residential/Other,2017,10,13,10,0,79XX VICTORIA DR,Victoria-Fraserview,495183.7587,5450989.6151
Break and Enter Residential/Other,2017,9,2,17,45,79XX YUKON ST,Marpole,491654.6207,5451129.2495
Break and Enter Residential/Other,2017,10,8,22,20,79XX YUKON ST,Marpole,491654.6207,5451129.2495
Break and Enter Residential/Other,2017,11,30,1,9,79XX YUKON ST,Marpole,491654.6207,5451129.2495
Break and Enter Residential/Other,2017,12,25,4,35,7X W 16TH AVE,Riley Park,492240.0274,5455990.8116
Break and Enter Residential/Other,2017,2,21,19,0,7X W 27TH AVE,Riley Park,492213.5065,5454902.8275
Break and Enter Residential/Other,2017,10,31,10,0,7X W 44TH AVE,Oakridge,492164.0253,5453073.8765
Break and Enter Residential/Other,2017,5,13,11,0,7X W 63RD AVE,Marpole,492145.6494,5451173.4911
Break and Enter Residential/Other,2017,4,14,11,57,7X W HASTINGS ST,Central Business District,492259.0368,5458790.5641
Break and Enter Residential/Other,2017,5,3,1,33,7XX BEATTY ST,Central Business District,491731.7151,5458335.3969
Break and Enter Residential/Other,2017,1,2,10,26,7XX BIDWELL ST,West End,490284.7926,5459768.4951
Break and Enter Residential/Other,2017,12,4,18,24,7XX E 10TH AVE,Mount Pleasant,493562.362,5456523.8783
Break and Enter Residential/Other,2017,4,16,10,0,7XX E 11TH AVE,Mount Pleasant,493609.9306,5456426.1767
Break and Enter Residential/Other,2017,8,3,1,0,7XX E 14TH AVE,Mount Pleasant,493595.8636,5456128.6758
Break and Enter Residential/Other,2017,9,20,3,0,7XX E 15TH AVE,Mount Pleasant,493550.2429,5456048.9611
Break and Enter Residential/Other,2017,6,16,11,45,7XX E 18TH AVE,Kensington-Cedar Cottage,493622.3883,5455765.4652
Break and Enter Residential/Other,2017,1,19,19,0,7XX E 27TH AVE,Kensington-Cedar Cottage,493550.2414,5454868.8513
Break and Enter Residential/Other,2017,6,3,12,0,7XX E 38TH AVE,Kensington-Cedar Cottage,493566.0997,5453663.5109
Break and Enter Residential/Other,2017,1,2,10,0,7XX E 39TH AVE,Kensington-Cedar Cottage,493578.4872,5453559.3483
Break and Enter Residential/Other,2017,9,14,17,14,7XX E 53RD AVE,Sunset,493517.8043,5452130.5056
Break and Enter Residential/Other,2017,10,6,19,30,7XX E 54TH AVE,Sunset,493422.8935,5451982.9662
Break and Enter Residential/Other,2017,11,12,22,30,7XX JACKSON AVE,Strathcona,493199.1738,5458375.2914
Break and Enter Residential/Other,2017,7,15,22,0,7XX KASLO ST,Hastings-Sunrise,496593.9144,5458305.5257
Break and Enter Residential/Other,2017,8,14,10,21,7XX KEEFER ST,Strathcona,493506.14,5458503.5879
Break and Enter Residential/Other,2017,11,28,12,0,7XX MALKIN AVE,Strathcona,493495.4976,5458051.5746
Break and Enter Residential/Other,2017,8,17,8,58,7XX PACIFIC BLVD,Central Business District,492008.4222,5458175.6527
Break and Enter Residential/Other,2017,5,28,14,0,7XX RENFREW ST,Hastings-Sunrise,496796.6049,5458316.3254
Break and Enter Residential/Other,2017,9,19,17,12,7XX RICHARDS ST,Central Business District,491548.989,5458717.2612
Break and Enter Residential/Other,2017,1,17,7,0,7XX SE MARINE DR,Sunset,493418.9448,5450929.4084
Break and Enter Residential/Other,2017,11,13,22,35,7XX SE MARINE DR,Sunset,493418.9448,5450929.4084
Break and Enter Residential/Other,2017,5,5,7,0,7XX SE MARINE DR,Sunset,493509.0961,5450930.874
Break and Enter Residential/Other,2017,2,13,4,6,7XX TEMPLETON DR,Grandview-Woodland,495645.2725,5458367.6113
Break and Enter Residential/Other,2017,12,24,12,9,7XX TEMPLETON DR,Grandview-Woodland,495645.2725,5458367.6113
Break and Enter Residential/Other,2017,6,14,19,0,7XX UNION ST,Strathcona,493584.2807,5458309.0535
Break and Enter Residential/Other,2017,4,28,15,30,7XX W 12TH AVE,Fairview,491162.2076,5456428.6328
Break and Enter Residential/Other,2017,3,3,18,0,7XX W 12TH AVE,Fairview,491198.6361,5456418.7158
Break and Enter Residential/Other,2017,4,15,21,0,7XX W 12TH AVE,Fairview,491198.6361,5456418.7158
Break and Enter Residential/Other,2017,5,23,15,48,7XX W 12TH AVE,Fairview,491198.6361,5456418.7158
Break and Enter Residential/Other,2017,5,27,11,0,7XX W 12TH AVE,Fairview,491198.6361,5456418.7158
Break and Enter Residential/Other,2017,2,9,7,30,7XX W 16TH AVE,Fairview,491140.1705,5456039.9464
Break and Enter Residential/Other,2017,5,10,0,0,7XX W 17TH AVE,South Cambie,491156.4015,5455932.5768
Break and Enter Residential/Other,2017,7,14,8,10,7XX W 19TH AVE,South Cambie,491219.4514,5455728.0183
Break and Enter Residential/Other,2017,2,13,17,0,7XX W 22ND AVE,South Cambie,491213.3593,5455427.5568
Break and Enter Residential/Other,2017,12,13,18,45,7XX W 24TH AVE,South Cambie,491131.3268,5455262.5084
Break and Enter Residential/Other,2017,10,28,15,0,7XX W 24TH AVE,South Cambie,491174.5325,5455261.2618
Break and Enter Residential/Other,2017,1,24,8,21,7XX W 27TH AVE,South Cambie,491210.9575,5454929.6601
Break and Enter Residential/Other,2017,9,16,0,0,7XX W 28TH AVE,South Cambie,491187.1079,5454837.8115
Break and Enter Residential/Other,2017,6,15,21,5,7XX W 39TH AVE,South Cambie,491097.1902,5453650.4755
Break and Enter Residential/Other,2017,5,1,11,50,7XX W 42ND AVE,Oakridge,491037.1579,5453351.5751
Break and Enter Residential/Other,2017,11,11,0,0,7XX W 46TH AVE,Oakridge,491072.2669,5452928.1052
Break and Enter Residential/Other,2017,3,16,10,0,7XX W 47TH AVE,Oakridge,490963.4364,5452832.6299
Break and Enter Residential/Other,2017,6,15,14,45,7XX W 52ND AVE,Oakridge,491165.7437,5452303.1868
Break and Enter Residential/Other,2017,9,3,18,16,7XX W 53RD AVE,Oakridge,491108.96,5452187.1084
Break and Enter Residential/Other,2017,11,13,23,0,7XX W 59TH AVE,Marpole,491110.1693,5451582.4305
Break and Enter Residential/Other,2017,3,30,0,0,7XX W 61ST AVE,Marpole,491088.5339,5451373.6029
Break and Enter Residential/Other,2017,7,29,20,0,7XX W 61ST AVE,Marpole,491180.5313,5451380.2707
Break and Enter Residential/Other,2017,7,9,16,0,7XX W 62ND AVE,Marpole,491000.8883,5451277.5215
Break and Enter Residential/Other,2017,10,4,5,17,7XX W 66TH AVE,Marpole,491181.9789,5450939.9994
Break and Enter Residential/Other,2017,5,20,21,30,7XX W 68TH AVE,Marpole,491188.3462,5450829.3693
Break and Enter Residential/Other,2017,6,5,13,0,7XX W 7TH AVE,Fairview,491218.8264,5456934.8817
Break and Enter Residential/Other,2017,10,25,9,0,7XX W 8TH AVE,Fairview,491156.8475,5456832.1602
Break and Enter Residential/Other,2017,3,31,12,0,7XX W 8TH AVE,Fairview,491238.0045,5456831.0534
Break and Enter Residential/Other,2017,7,27,15,0,7XX W GEORGIA ST,Central Business District,491345.4329,5458933.3313
Break and Enter Residential/Other,2017,7,15,5,54,7XX W GEORGIA ST,Central Business District,491402.7991,5458863.8718
Break and Enter Residential/Other,2017,3,3,8,52,7XX W KING EDWARD AVE,South Cambie,491146.6037,5455168.5973
Break and Enter Residential/Other,2017,2,13,7,0,7XX WOODLAND DR,Grandview-Woodland,494706.7373,5458410.6251
Break and Enter Residential/Other,2017,2,16,23,0,80XX CAMBIE ST,Marpole,491459.9361,5451048.4207
Break and Enter Residential/Other,2017,2,27,9,0,80XX COLUMBIA ST,Marpole,491780.2229,5451026.5569
Break and Enter Residential/Other,2017,4,15,21,30,80XX FRASER ST,Sunset,493368.4999,5451058.2811
Break and Enter Residential/Other,2017,9,9,13,0,80XX KNIGHT ST,Victoria-Fraserview,494394.0108,5450931.2928
Break and Enter Residential/Other,2017,1,28,20,8,80XX LABURNUM ST,Kerrisdale,489069.2617,5451126.1472
Break and Enter Residential/Other,2017,1,20,9,30,80XX NUNAVUT LANE,Marpole,491533.3268,5451040.2943
Break and Enter Residential/Other,2017,4,22,15,30,80XX NUNAVUT LANE,Marpole,491533.3268,5451040.2943
Break and Enter Residential/Other,2017,1,8,10,0,80XX NUNAVUT LANE,Marpole,491533.4163,5451043.9066
Break and Enter Residential/Other,2017,6,8,5,23,80XX YUKON ST,Marpole,491650.0927,5450957.7199
Break and Enter Residential/Other,2017,11,29,19,18,81XX VICTORIA DR,Victoria-Fraserview,495190.943,5450879.3509
Break and Enter Residential/Other,2017,8,11,1,30,82XX TUGBOAT PL,Kerrisdale,488850.0131,5450938.5527
Break and Enter Residential/Other,2017,7,11,0,0,83XX OAK ST,Marpole,490511.5459,5450809.418
Break and Enter Residential/Other,2017,11,3,8,0,84XX ADERA ST,Marpole,489540.9186,5450830.9123
Break and Enter Residential/Other,2017,12,5,12,45,84XX CAMBIE ST,Marpole,491460.6919,5450752.763
Break and Enter Residential/Other,2017,1,18,11,55,84XX JELLICOE ST,Killarney,496530.3384,5450461.1131
Break and Enter Residential/Other,2017,5,18,13,0,84XX OAK ST,Marpole,490519.4279,5450750.959
Break and Enter Residential/Other,2017,4,28,20,1,84XX OAK ST,Marpole,490519.6255,5450760.1045
Break and Enter Residential/Other,2017,5,18,16,30,84XX OAK ST,Marpole,490519.6255,5450760.1045
Break and Enter Residential/Other,2017,5,24,14,0,84XX OAK ST,Marpole,490519.6255,5450760.1045
Break and Enter Residential/Other,2017,8,8,9,35,84XX OAK ST,Marpole,490520.4471,5450798.0769
Break and Enter Residential/Other,2017,8,4,15,11,85XX CORNISH ST,Marpole,489642.4428,5450677.1907
Break and Enter Residential/Other,2017,11,7,0,30,86XX BARNARD ST,Marpole,489430.1119,5450601.4504
Break and Enter Residential/Other,2017,11,12,0,50,86XX BARNARD ST,Marpole,489430.1119,5450601.4504
Break and Enter Residential/Other,2017,2,1,13,30,86XX FRENCH ST,Marpole,489862.0857,5450537.5564
Break and Enter Residential/Other,2017,1,21,9,14,86XX SELKIRK ST,Marpole,490294.7184,5450569.2506
Break and Enter Residential/Other,2017,8,18,7,30,86XX SHAUGHNESSY ST,Marpole,490616.8015,5450520.1631
Break and Enter Residential/Other,2017,6,22,12,0,87XX STANLEY PARK DR,Stanley Park,489211.9899,5460220.4652
Break and Enter Residential/Other,2017,2,10,15,30,8X EXPO BLVD,Central Business District,492269.1221,5458380.8897
Break and Enter Residential/Other,2017,4,11,7,5,8X EXPO BLVD,Central Business District,492269.1221,5458380.8897
Break and Enter Residential/Other,2017,4,28,18,0,8X EXPO BLVD,Central Business District,492269.1221,5458380.8897
Break and Enter Residential/Other,2017,9,22,12,30,8X W 19TH AVE,Riley Park,492224.7578,5455679.7687
Break and Enter Residential/Other,2017,5,14,18,0,8X W 38TH AVE,Riley Park,492169.5229,5453746.6486
Break and Enter Residential/Other,2017,12,14,15,0,8X W 45TH AVE,Oakridge,492141.1986,5452972.3376
Break and Enter Residential/Other,2017,3,31,5,0,8X W PENDER ST,Central Business District,492212.9599,5458701.2699
Break and Enter Residential/Other,2017,8,28,12,47,8X W PENDER ST,Central Business District,492212.9599,5458701.2699
Break and Enter Residential/Other,2017,11,13,6,11,8XX BEATTY ST,Central Business District,491641.3659,5458258.4212
Break and Enter Residential/Other,2017,5,24,15,0,8XX BROUGHTON ST,West End,490489.5347,5459402.7363
Break and Enter Residential/Other,2017,5,24,15,30,8XX BROUGHTON ST,West End,490489.5347,5459402.7363
Break and Enter Residential/Other,2017,6,14,15,30,8XX BURRARD ST,West End,491011.453,5458904.2617
Break and Enter Residential/Other,2017,4,22,16,12,8XX CARDERO ST,West End,490341.3829,5459594.0334
Break and Enter Residential/Other,2017,1,29,22,24,8XX DUNLEVY AVE,Strathcona,493055.2732,5458304.3051
Break and Enter Residential/Other,2017,6,1,4,0,8XX E 12TH AVE,Mount Pleasant,493691.0377,5456336.3632
Break and Enter Residential/Other,2017,7,18,9,45,8XX E 13TH AVE,Mount Pleasant,493731.4568,5456233.911
Break and Enter Residential/Other,2017,10,2,20,0,8XX E 14TH AVE,Mount Pleasant,493727.0899,5456122.7961
Break and Enter Residential/Other,2017,10,9,19,0,8XX E 16TH AVE,Kensington-Cedar Cottage,493731.8006,5455954.1226
Break and Enter Residential/Other,2017,10,23,9,4,8XX E 24TH AVE,Kensington-Cedar Cottage,493645.9695,5455153.3271
Break and Enter Residential/Other,2017,5,15,14,30,8XX E 28TH AVE,Kensington-Cedar Cottage,493645.6398,5454753.9233
Break and Enter Residential/Other,2017,3,27,9,0,8XX E 32ND AVE,Kensington-Cedar Cottage,493693.0454,5454322.1922
Break and Enter Residential/Other,2017,10,5,17,56,8XX E 32ND AVE,Kensington-Cedar Cottage,493711.7717,5454331.0315
Break and Enter Residential/Other,2017,2,5,1,3,8XX E 39TH AVE,Kensington-Cedar Cottage,493666.2772,5453557.8694
Break and Enter Residential/Other,2017,7,31,22,19,8XX E 56TH AVE,Sunset,493687.6275,5451816.3236
Break and Enter Residential/Other,2017,5,1,11,0,8XX E 61ST AVE,Sunset,493627.1054,5451328.982
Break and Enter Residential/Other,2017,9,17,19,0,8XX E 6TH AVE,Mount Pleasant,493673.2576,5456946.1141
Break and Enter Residential/Other,2017,12,9,10,51,8XX E 6TH AVE,Mount Pleasant,493673.2576,5456946.1141
Break and Enter Residential/Other,2017,7,10,12,0,8XX E 7TH AVE,Mount Pleasant,493696.6167,5456846.9466
Break and Enter Residential/Other,2017,4,26,5,35,8XX E CORDOVA ST,Strathcona,493727.8248,5458839.1799
Break and Enter Residential/Other,2017,10,9,14,20,8XX E GEORGIA ST,Strathcona,493682.9989,5458406.3153
Break and Enter Residential/Other,2017,6,18,12,52,8XX E GEORGIA ST,Strathcona,493700.9532,5458405.7424
Break and Enter Residential/Other,2017,10,11,17,37,8XX E GEORGIA ST,Strathcona,493716.5806,5458405.2435
Break and Enter Residential/Other,2017,10,22,4,56,8XX E HASTINGS ST,Strathcona,493794.366,5458698.9603
Break and Enter Residential/Other,2017,11,12,22,30,8XX GARDEN DR,Grandview-Woodland,495794.5514,5458281.9043
Break and Enter Residential/Other,2017,2,24,15,8,8XX HAMILTON ST,Central Business District,491470.4846,5458354.6744
Break and Enter Residential/Other,2017,8,14,16,30,8XX HAMILTON ST,Central Business District,491524.8995,5458410.9269
Break and Enter Residential/Other,2017,6,13,2,30,8XX KEEFER ST,Strathcona,493723.3773,5458496.4837
Break and Enter Residential/Other,2017,3,3,4,0,8XX KEEFER ST,Strathcona,493723.6686,5458505.6231
Break and Enter Residential/Other,2017,9,9,21,0,8XX LAKEWOOD DR,Grandview-Woodland,495504.1181,5458268.7867
Break and Enter Residential/Other,2017,7,26,5,27,8XX POWELL ST,Strathcona,493836.7651,5458901.2891
Break and Enter Residential/Other,2017,9,16,13,0,8XX PRIOR ST,Strathcona,493690.8612,5458205.2567
Break and Enter Residential/Other,2017,11,2,2,0,8XX PRIOR ST,Strathcona,493758.7147,5458202.9741
Break and Enter Residential/Other,2017,12,8,17,0,8XX UNION ST,Strathcona,493737.122,5458303.8739
Break and Enter Residential/Other,2017,5,19,7,19,8XX UNION ST,Strathcona,493799.1407,5458302.3404
Break and Enter Residential/Other,2017,5,5,15,30,8XX W 12TH AVE,Fairview,491033.3519,5456432.3053
Break and Enter Residential/Other,2017,8,28,20,53,8XX W 13TH AVE,Fairview,491046.3134,5456314.727
Break and Enter Residential/Other,2017,11,18,23,0,8XX W 15TH AVE,Fairview,491071.8926,5456111.2305
Break and Enter Residential/Other,2017,10,12,18,0,8XX W 16TH AVE,Fairview,491021.4666,5456043.5615
Break and Enter Residential/Other,2017,12,8,16,40,8XX W 42ND AVE,Oakridge,490966.133,5453356.9743
Break and Enter Residential/Other,2017,8,14,10,11,8XX W 46TH AVE,Oakridge,490875.2844,5452947.8314
Break and Enter Residential/Other,2017,7,14,19,21,8XX W 47TH AVE,Oakridge,490919.9929,5452835.1131
Break and Enter Residential/Other,2017,1,10,12,38,8XX W 48TH AVE,Oakridge,490899.4345,5452734.849
Break and Enter Residential/Other,2017,6,13,18,33,8XX W 48TH AVE,Oakridge,490912.7395,5452743.2658
Break and Enter Residential/Other,2017,8,25,20,0,8XX W 59TH AVE,Marpole,490938.8547,5451585.4671
Break and Enter Residential/Other,2017,6,13,18,30,8XX W 61ST AVE,Marpole,490866.1635,5451420.4804
Break and Enter Residential/Other,2017,3,31,14,0,8XX W 64TH AVE,Marpole,490726.7715,5451140.1394
Break and Enter Residential/Other,2017,3,7,15,30,8XX W HASTINGS ST,Central Business District,491615.9697,5459277.9859
Break and Enter Residential/Other,2017,9,16,6,45,8XX W KING EDWARD AVE,South Cambie,491015.7556,5455147.5701
Break and Enter Residential/Other,2017,10,1,17,40,8XX W KING EDWARD AVE,South Cambie,491032.4382,5455146.8924
Break and Enter Residential/Other,2017,12,12,22,0,8XX W KING EDWARD AVE,South Cambie,491065.8035,5455145.537
Break and Enter Residential/Other,2017,11,5,12,0,8XX W KING EDWARD AVE,South Cambie,491083.031,5455171.6415
Break and Enter Residential/Other,2017,4,8,11,15,8XX W PENDER ST,Central Business District,491512.7142,5459242.3497
Break and Enter Residential/Other,2017,4,9,9,32,8XX W PENDER ST,Central Business District,491512.7142,5459242.3497
Break and Enter Residential/Other,2017,3,10,18,0,9X E 32ND AVE,Riley Park,492481.5286,5454370.1309
Break and Enter Residential/Other,2017,4,2,21,0,9X E 32ND AVE,Riley Park,492481.5286,5454370.1309
Break and Enter Residential/Other,2017,10,13,17,25,9XX BOUNDARY RD,Hastings-Sunrise,498276.1887,5458217.9477
Break and Enter Residential/Other,2017,9,11,6,30,9XX CARDERO ST,West End,490183.3731,5459431.0902
Break and Enter Residential/Other,2017,8,31,21,45,9XX CARDERO ST,West End,490226.7808,5459474.6008
Break and Enter Residential/Other,2017,6,27,17,0,9XX E 10TH AVE,Mount Pleasant,493897.3867,5456520.7142
Break and Enter Residential/Other,2017,10,21,18,42,9XX E 13TH AVE,Mount Pleasant,493866.9892,5456222.6107
Break and Enter Residential/Other,2017,10,4,11,30,9XX E 14TH AVE,Mount Pleasant,493797.6223,5456122.0857
Break and Enter Residential/Other,2017,1,21,18,26,9XX E 14TH AVE,Mount Pleasant,493813.5553,5456130.9924
Break and Enter Residential/Other,2017,11,26,20,0,9XX E 24TH AVE,Kensington-Cedar Cottage,493885.88,5455146.6924
Break and Enter Residential/Other,2017,7,31,23,30,9XX E 37TH AVE,Kensington-Cedar Cottage,493777.7255,5453746.1567
Break and Enter Residential/Other,2017,9,1,10,0,9XX E 40TH AVE,Kensington-Cedar Cottage,493711.4189,5453445.1058
Break and Enter Residential/Other,2017,6,20,20,23,9XX E 52ND AVE,Sunset,493776.4681,5452215.0284
Break and Enter Residential/Other,2017,1,6,18,0,9XX E 54TH AVE,Sunset,493782.2495,5451983.2668
Break and Enter Residential/Other,2017,7,6,11,0,9XX E BROADWAY AVE,Mount Pleasant,493878.6537,5456630.3066
Break and Enter Residential/Other,2017,7,2,20,30,9XX MAIN ST,Central Business District,492726.1723,5458200.1847
Break and Enter Residential/Other,2017,8,11,16,18,9XX NICOLA ST,West End,490301.4549,5459395.9309
Break and Enter Residential/Other,2017,3,16,9,30,9XX NICOLA ST,West End,490331.0994,5459425.882
Break and Enter Residential/Other,2017,1,13,17,36,9XX QUEBEC ST,Central Business District,492576.4389,5458214.6769
Break and Enter Residential/Other,2017,1,26,18,47,9XX QUEBEC ST,Central Business District,492577.3406,5458198.9505
Break and Enter Residential/Other,2017,11,22,16,18,9XX RENFREW ST,Hastings-Sunrise,496795.1257,5458113.2391
Break and Enter Residential/Other,2017,5,18,16,30,9XX RICHARDS ST,Central Business District,491204.6667,5458383.6548
Break and Enter Residential/Other,2017,3,29,4,16,9XX SCHOOL GR,Fairview,490738.607,5457209.5895
Break and Enter Residential/Other,2017,2,20,15,0,9XX SEMLIN DR,Grandview-Woodland,495363.6236,5458168.4177
Break and Enter Residential/Other,2017,7,16,22,0,9XX THURLOW ST,West End,490808.2407,5458994.9732
Break and Enter Residential/Other,2017,10,13,17,30,9XX W 17TH AVE,South Cambie,490812.8519,5455951.5193
Break and Enter Residential/Other,2017,12,26,16,20,9XX W 17TH AVE,South Cambie,490840.727,5455941.6668
Break and Enter Residential/Other,2017,7,20,8,0,9XX W 21ST AVE,South Cambie,490824.7228,5455539.4159
Break and Enter Residential/Other,2017,3,17,20,52,9XX W 22ND AVE,South Cambie,490778.4739,5455440.5736
Break and Enter Residential/Other,2017,5,6,9,0,9XX W 33RD AVE,South Cambie,490705.873,5454307.6459
Break and Enter Residential/Other,2017,2,7,18,24,9XX W 49TH AVE,Oakridge,490720.0737,5452649.1631
Break and Enter Residential/Other,2017,2,16,13,0,9XX W 54TH AVE,Oakridge,490666.8769,5452085.7522
Break and Enter Residential/Other,2017,9,9,6,49,ADANAC ST / VERNON DR,Strathcona,494234.3026,5458330.7639
Break and Enter Residential/Other,2017,2,23,18,0,BURRARD ST / DAVIE ST,West End,490604.1485,5458488.3285
Break and Enter Residential/Other,2017,5,18,13,16,CHESS ST / NATIONAL AVE,Strathcona,493689.9838,5457762.0119
Break and Enter Residential/Other,2017,5,17,15,30,CONTINENTAL ST / DRAKE ST,Central Business District,490661.7942,5458201.0881
Break and Enter Residential/Other,2017,7,25,21,6,MALKIN AVE / PRIOR ST,Strathcona,493189.9256,5458217.13
Break and Enter Residential/Other,2017,10,20,15,40,MONTGOMERY ST / W 46TH AVE,Oakridge,490389.4419,5452968.3186
Break and Enter Residential/Other,2017,2,12,18,10,W 10TH AVE / WILLOW ST,Fairview,491135.1011,5456629.0497
Break and Enter Residential/Other,2017,2,14,16,43,W 26TH AVE / YUKON ST,Riley Park,491831.5407,5455017.9798
Break and Enter Residential/Other,2017,6,18,7,22,X E CORDOVA ST,Central Business District,492424.9863,5458861.3321
Break and Enter Residential/Other,2017,1,22,4,6,X W 22ND AVE,Riley Park,492356.9124,5455365.6698
Break and Enter Residential/Other,2017,8,14,12,0,X W 39TH AVE,Riley Park,492300.4962,5453636.6955
Break and Enter Residential/Other,2017,7,27,15,0,X W HASTINGS ST,Central Business District,492395.511,5458761.4987
Homicide,2017,2,1,0,0,OFFSET TO PROTECT PRIVACY,Stanley Park,0.0,0.0
Homicide,2017,7,9,0,0,OFFSET TO PROTECT PRIVACY,West End,0.0,0.0
Homicide,2017,12,20,0,0,OFFSET TO PROTECT PRIVACY,West End,0.0,0.0
Homicide,2017,10,13,0,0,OFFSET TO PROTECT PRIVACY,West End,0.0,0.0
Homicide,2017,3,4,0,0,OFFSET TO PROTECT PRIVACY,Central Business District,0.0,0.0
Homicide,2017,6,27,0,0,OFFSET TO PROTECT PRIVACY,Central Business District,0.0,0.0
Homicide,2017,3,14,0,0,OFFSET TO PROTECT PRIVACY,Strathcona,0.0,0.0
Homicide,2017,1,27,0,0,OFFSET TO PROTECT PRIVACY,Strathcona,0.0,0.0
Homicide,2017,8,28,0,0,OFFSET TO PROTECT PRIVACY,Strathcona,0.0,0.0
Homicide,2017,10,12,0,0,OFFSET TO PROTECT PRIVACY,Grandview-Woodland,0.0,0.0
Homicide,2017,4,2,0,0,OFFSET TO PROTECT PRIVACY,Grandview-Woodland,0.0,0.0
Homicide,2017,2,9,0,0,OFFSET TO PROTECT PRIVACY,Sunset,0.0,0.0
Homicide,2017,4,15,0,0,OFFSET TO PROTECT PRIVACY,Sunset,0.0,0.0
Homicide,2017,5,23,0,0,OFFSET TO PROTECT PRIVACY,Mount Pleasant,0.0,0.0
Homicide,2017,3,9,0,0,OFFSET TO PROTECT PRIVACY,Kensington-Cedar Cottage,0.0,0.0
Homicide,2017,9,27,0,0,OFFSET TO PROTECT PRIVACY,Marpole,0.0,0.0
Homicide,2017,11,27,0,0,OFFSET TO PROTECT PRIVACY,Fairview,0.0,0.0
Mischief,2017,11,18,12,26,10XX ALBERNI ST,West End,491030.3956,5459151.6264
Mischief,2017,3,31,21,0,10XX BARCLAY ST,West End,490795.7612,5458913.0082
Mischief,2017,10,6,17,30,10XX BARCLAY ST,West End,490848.24,5458858.3322
Mischief,2017,1,29,10,35,10XX BEACH AVE,West End,490197.8719,5458238.7921
Mischief,2017,5,22,20,55,10XX BEACH AVE,West End,490197.8719,5458238.7921
Mischief,2017,5,18,9,15,10XX BEACH AVE,West End,490227.2225,5458210.3785
Mischief,2017,6,1,6,42,10XX BEACH AVE,Central Business District,490249.2307,5458166.8328
Mischief,2017,7,24,6,12,10XX BEACH AVE,Central Business District,490255.3982,5458158.7882
Mischief,2017,2,5,3,38,10XX BEACH AVE,Central Business District,490268.432,5458142.577
Mischief,2017,3,12,21,9,10XX BEACH AVE,Central Business District,490268.432,5458142.577
Mischief,2017,5,12,15,0,10XX BEACH AVE,Central Business District,490268.432,5458142.577
Mischief,2017,9,12,3,24,10XX BEACH AVE,Central Business District,490268.432,5458142.577
Mischief,2017,11,8,7,0,10XX BEACH AVE,Central Business District,490268.432,5458142.577
Mischief,2017,12,14,13,30,10XX BIDWELL ST,West End,490032.0813,5459511.0231
Mischief,2017,8,1,12,0,10XX BOUNDARY RD,Hastings-Sunrise,498275.5062,5458109.2642
Mischief,2017,8,8,2,45,10XX BROUGHTON ST,West End,490277.8424,5459189.1414
Mischief,2017,3,10,20,0,10XX BURNABY ST,West End,490516.1015,5458409.7558
Mischief,2017,3,25,9,48,10XX BURRARD ST,West End,490729.6302,5458622.1395
Mischief,2017,5,31,12,34,10XX BURRARD ST,West End,490729.6302,5458622.1395
Mischief,2017,10,4,7,30,10XX BURRARD ST,West End,490729.6302,5458622.1395
Mischief,2017,10,20,3,24,10XX BURRARD ST,West End,490729.6302,5458622.1395
Mischief,2017,11,8,13,0,10XX BURRARD ST,West End,490729.6302,5458622.1395
Mischief,2017,12,2,22,0,10XX BURRARD ST,West End,490729.6302,5458622.1395
Mischief,2017,12,15,7,15,10XX BURRARD ST,West End,490729.6302,5458622.1395
Mischief,2017,2,5,4,29,10XX BURRARD ST,Central Business District,490729.9102,5458609.3957
Mischief,2017,10,28,2,0,10XX BURRARD ST,Central Business District,490729.9102,5458609.3957
Mischief,2017,4,27,9,50,10XX BURRARD ST,West End,490806.2772,5458701.6118
Mischief,2017,8,3,15,20,10XX BURRARD ST,West End,490806.2772,5458701.6118
Mischief,2017,10,9,22,30,10XX BURRARD ST,West End,490806.2772,5458701.6118
Mischief,2017,11,15,4,30,10XX BURRARD ST,West End,490806.2772,5458701.6118
Mischief,2017,11,15,19,47,10XX BURRARD ST,West End,490806.2772,5458701.6118
Mischief,2017,4,22,21,22,10XX BURRARD ST,Central Business District,490835.5218,5458718.9971
Mischief,2017,7,16,1,10,10XX BURRARD ST,Central Business District,490835.5218,5458718.9971
Mischief,2017,9,3,22,0,10XX BURRARD ST,Central Business District,490835.5218,5458718.9971
Mischief,2017,10,19,11,20,10XX BUTE ST,West End,490419.2021,5458916.588
Mischief,2017,9,4,9,30,10XX CAMBIE ST,Central Business District,491326.4661,5458023.7923
Mischief,2017,10,20,10,31,10XX CAMBIE ST,Central Business District,491326.4661,5458023.7923
Mischief,2017,2,15,14,13,10XX CAMBIE ST,Central Business District,491406.9889,5458129.8993
Mischief,2017,10,28,13,0,10XX CAMBIE ST,Central Business District,491407.3592,5458130.6092
Mischief,2017,4,23,13,54,10XX CANADA PL,Central Business District,491405.1327,5459577.5491
Mischief,2017,1,2,17,0,10XX CANADA PL,Central Business District,491492.0426,5459540.3896
Mischief,2017,1,19,22,51,10XX CANADA PL,Central Business District,491492.0426,5459540.3896
Mischief,2017,3,2,23,0,10XX CANADA PL,Central Business District,491492.0426,5459540.3896
Mischief,2017,3,7,19,0,10XX CANADA PL,Central Business District,491492.0426,5459540.3896
Mischief,2017,5,18,0,15,10XX CANADA PL,Central Business District,491492.0426,5459540.3896
Mischief,2017,5,20,19,7,10XX CANADA PL,Central Business District,491492.0426,5459540.3896
Mischief,2017,5,24,2,15,10XX CANADA PL,Central Business District,491492.0426,5459540.3896
Mischief,2017,9,11,20,58,10XX CANADA PL,Central Business District,491492.0426,5459540.3896
Mischief,2017,4,25,0,0,10XX CANADA PL,Central Business District,491519.3199,5459518.8272
Mischief,2017,9,17,10,0,10XX CHILCO ST,West End,489666.5674,5459811.8628
Mischief,2017,9,22,9,30,10XX COMMERCIAL DR,Grandview-Woodland,494937.4793,5458085.2014
Mischief,2017,9,22,4,49,10XX COMMERCIAL DR,Grandview-Woodland,494937.7242,5458109.1122
Mischief,2017,10,10,13,46,10XX COMMERCIAL DR,Grandview-Woodland,494946.8873,5458110.933
Mischief,2017,1,29,6,34,10XX COMOX ST,West End,490653.759,5458753.9139
Mischief,2017,2,4,8,24,10XX COMOX ST,West End,490699.5209,5458708.1997
Mischief,2017,6,29,22,59,10XX COMOX ST,West End,490749.8274,5458645.021
Mischief,2017,9,27,0,24,10XX COMOX ST,West End,490749.8274,5458645.021
Mischief,2017,2,2,10,47,10XX COTTON DR,Grandview-Woodland,494798.5713,5458176.9094
Mischief,2017,9,18,0,1,10XX COTTON DR,Grandview-Woodland,494798.5713,5458176.9094
Mischief,2017,10,1,22,24,10XX COTTON DR,Grandview-Woodland,494798.5713,5458176.9094
Mischief,2017,2,12,22,0,10XX DAVIE ST,West End,490518.0473,5458579.6513
Mischief,2017,2,14,1,9,10XX DAVIE ST,West End,490518.0473,5458579.6513
Mischief,2017,7,22,19,0,10XX DAVIE ST,West End,490518.0473,5458579.6513
Mischief,2017,9,8,1,30,10XX DAVIE ST,West End,490523.7064,5458574.0711
Mischief,2017,8,9,5,4,10XX DAVIE ST,West End,490525.8349,5458559.1303
Mischief,2017,8,27,8,30,10XX DAVIE ST,West End,490528.544,5458556.4589
Mischief,2017,8,29,8,51,10XX DAVIE ST,West End,490528.544,5458556.4589
Mischief,2017,6,12,10,55,10XX DAVIE ST,West End,490547.508,5458537.759
Mischief,2017,6,16,20,0,10XX DAVIE ST,West End,490566.1496,5458532.219
Mischief,2017,3,30,11,37,10XX DAVIE ST,West End,490593.5634,5458492.3451
Mischief,2017,11,29,20,30,10XX DAVIE ST,West End,490593.5634,5458492.3451
Mischief,2017,5,6,21,42,10XX DENMAN ST,West End,489827.0644,5459548.4064
Mischief,2017,3,12,1,25,10XX DENMAN ST,West End,489875.1091,5459583.5524
Mischief,2017,6,20,23,5,10XX DENMAN ST,West End,489875.1091,5459583.5524
Mischief,2017,7,9,11,45,10XX DENMAN ST,West End,489922.2667,5459630.5263
Mischief,2017,12,29,22,0,10XX DUNSMUIR ST,Central Business District,491237.7903,5459258.9505
Mischief,2017,7,17,15,32,10XX E 14TH AVE,Mount Pleasant,493940.5132,5456119.9255
Mischief,2017,7,17,12,44,10XX E 14TH AVE,Mount Pleasant,493982.8212,5456128.5977
Mischief,2017,7,12,12,0,10XX E 16TH AVE,Kensington-Cedar Cottage,493971.7085,5455948.8904
Mischief,2017,8,6,20,31,10XX E 17TH AVE,Kensington-Cedar Cottage,493931.4815,5455845.9717
Mischief,2017,10,27,16,0,10XX E 22ND AVE,Kensington-Cedar Cottage,493991.7566,5455356.1269
Mischief,2017,8,29,20,30,10XX E 28TH AVE,Kensington-Cedar Cottage,493890.6013,5454742.1278
Mischief,2017,1,3,0,0,10XX E 33RD AVE,Kensington-Cedar Cottage,493925.1561,5454163.2917
Mischief,2017,4,18,16,38,10XX E 39TH AVE,Kensington-Cedar Cottage,493861.4862,5453545.1947
Mischief,2017,12,14,18,0,10XX E 40TH AVE,Kensington-Cedar Cottage,493833.7252,5453441.8404
Mischief,2017,5,31,20,30,10XX E 40TH AVE,Kensington-Cedar Cottage,493951.3682,5453441.0136
Mischief,2017,6,5,17,24,10XX E 40TH AVE,Kensington-Cedar Cottage,493951.3682,5453441.0136
Mischief,2017,6,16,11,0,10XX E 40TH AVE,Kensington-Cedar Cottage,493951.3682,5453441.0136
Mischief,2017,10,19,20,22,10XX E 59TH AVE,Sunset,493779.1463,5451519.6927
Mischief,2017,8,8,12,0,10XX E 62ND AVE,Sunset,493811.1257,5451234.1752
Mischief,2017,8,27,18,0,10XX E CORDOVA ST,Strathcona,494021.7673,5458805.0532
Mischief,2017,4,8,9,0,10XX E GEORGIA ST,Strathcona,494050.8375,5458395.8498
Mischief,2017,9,3,3,59,10XX E HASTINGS ST,Strathcona,494007.0836,5458691.3766
Mischief,2017,9,5,8,30,10XX E PENDER ST,Strathcona,494066.6526,5458596.9088
Mischief,2017,3,3,18,0,10XX EXPO BLVD,Central Business District,491546.0895,5458011.0024
Mischief,2017,7,23,11,0,10XX EXPO BLVD,Central Business District,491546.0895,5458011.0024
Mischief,2017,7,25,17,0,10XX EXPO BLVD,Central Business District,491546.0895,5458011.0024
Mischief,2017,7,26,22,0,10XX EXPO BLVD,Central Business District,491546.0895,5458011.0024
Mischief,2017,3,1,12,0,10XX GILFORD ST,West End,489706.2282,5459642.1122
Mischief,2017,5,12,23,28,10XX GRANVILLE ST,Central Business District,490952.3162,5458399.5689
Mischief,2017,11,30,10,57,10XX GRANVILLE ST,Central Business District,490952.3162,5458399.5689
Mischief,2017,7,1,0,54,10XX GRANVILLE ST,Central Business District,490954.533,5458414.9124
Mischief,2017,8,28,4,12,10XX GRANVILLE ST,Central Business District,490954.533,5458414.9124
Mischief,2017,8,21,23,22,10XX GRANVILLE ST,Central Business District,490956.7215,5458417.1499
Mischief,2017,5,14,1,44,10XX GRANVILLE ST,Central Business District,490968.8928,5458416.5165
Mischief,2017,2,4,12,39,10XX GRANVILLE ST,Central Business District,490974.9276,5458435.7636
Mischief,2017,1,27,14,40,10XX GRANVILLE ST,Central Business District,490985.4041,5458446.4747
Mischief,2017,2,1,16,20,10XX GRANVILLE ST,Central Business District,490985.4041,5458446.4747
Mischief,2017,5,30,16,47,10XX GRANVILLE ST,Central Business District,490985.6552,5458433.6542
Mischief,2017,7,13,19,38,10XX GRANVILLE ST,Central Business District,490985.6552,5458433.6542
Mischief,2017,9,7,9,53,10XX GRANVILLE ST,Central Business District,490985.6552,5458433.6542
Mischief,2017,9,12,7,31,10XX GRANVILLE ST,Central Business District,490985.6552,5458433.6542
Mischief,2017,9,9,15,12,10XX GRANVILLE ST,Central Business District,490993.9249,5458455.1861
Mischief,2017,3,7,3,41,10XX GRANVILLE ST,Central Business District,491000.4619,5458448.7923
Mischief,2017,5,9,4,24,10XX GRANVILLE ST,Central Business District,491000.4619,5458448.7923
Mischief,2017,5,19,9,38,10XX GRANVILLE ST,Central Business District,491000.4619,5458448.7923
Mischief,2017,6,16,15,31,10XX GRANVILLE ST,Central Business District,491000.4619,5458448.7923
Mischief,2017,6,16,18,1,10XX GRANVILLE ST,Central Business District,491000.4619,5458448.7923
Mischief,2017,7,12,13,51,10XX GRANVILLE ST,Central Business District,491000.4619,5458448.7923
Mischief,2017,7,18,23,36,10XX GRANVILLE ST,Central Business District,491000.4619,5458448.7923
Mischief,2017,8,24,8,10,10XX GRANVILLE ST,Central Business District,491000.4619,5458448.7923
Mischief,2017,9,27,9,54,10XX GRANVILLE ST,Central Business District,491000.4619,5458448.7923
Mischief,2017,11,28,10,8,10XX GRANVILLE ST,Central Business District,491000.4619,5458448.7923
Mischief,2017,4,11,19,8,10XX GRANVILLE ST,Central Business District,491016.8336,5458478.6079
Mischief,2017,11,16,1,23,10XX GRANVILLE ST,Central Business District,491016.8336,5458478.6079
Mischief,2017,7,26,7,11,10XX GRANVILLE ST,Central Business District,491020.1578,5458468.9291
Mischief,2017,9,21,10,26,10XX GRANVILLE ST,Central Business District,491020.1578,5458468.9291
Mischief,2017,12,28,11,29,10XX GRANVILLE ST,Central Business District,491020.1578,5458468.9291
Mischief,2017,1,8,1,0,10XX GRANVILLE ST,Central Business District,491021.2753,5458470.0718
Mischief,2017,1,26,22,15,10XX GRANVILLE ST,Central Business District,491021.2753,5458470.0718
Mischief,2017,5,21,1,0,10XX GRANVILLE ST,Central Business District,491031.1,5458480.1163
Mischief,2017,1,6,21,28,10XX GRANVILLE ST,Central Business District,491039.8822,5458502.1721
Mischief,2017,12,9,0,36,10XX GRANVILLE ST,Central Business District,491046.4189,5458495.7784
Mischief,2017,5,21,23,45,10XX GRANVILLE ST,Central Business District,491048.5142,5458497.9206
Mischief,2017,8,16,13,0,10XX HAMILTON ST,Central Business District,491258.6755,5458209.495
Mischief,2017,7,10,3,0,10XX HAMILTON ST,Central Business District,491298.3478,5458236.8281
Mischief,2017,1,21,1,12,10XX HAMILTON ST,Central Business District,491307.0517,5458245.6877
Mischief,2017,6,9,17,0,10XX HARO ST,West End,490852.3827,5459007.5877
Mischief,2017,9,5,18,0,10XX HARWOOD ST,West End,490370.0447,5458403.2085
Mischief,2017,8,28,2,15,10XX HARWOOD ST,West End,490411.2998,5458361.2055
Mischief,2017,8,29,8,36,10XX HARWOOD ST,West End,490434.3487,5458350.7878
Mischief,2017,11,29,12,0,10XX HARWOOD ST,West End,490435.9692,5458336.0877
Mischief,2017,6,22,9,30,10XX HOMER ST,Central Business District,491209.5598,5458231.9777
Mischief,2017,8,21,15,7,10XX HORNBY ST,Central Business District,490896.524,5458629.7483
Mischief,2017,11,29,22,30,10XX HORNBY ST,Central Business District,490909.6103,5458643.1367
Mischief,2017,3,18,12,53,10XX HOWE ST,Central Business District,490912.2593,5458506.0209
Mischief,2017,11,16,8,28,10XX HOWE ST,Central Business District,490912.2593,5458506.0209
Mischief,2017,9,8,5,49,10XX HOWE ST,Central Business District,490945.0676,5458552.6272
Mischief,2017,9,26,23,19,10XX HOWE ST,Central Business District,490978.1781,5458573.3927
Mischief,2017,11,7,14,57,10XX HOWE ST,Central Business District,490978.1781,5458573.3927
Mischief,2017,12,8,14,42,10XX HOWE ST,Central Business District,490978.1781,5458573.3927
Mischief,2017,3,21,10,58,10XX JERVIS ST,West End,490412.2089,5459133.6754
Mischief,2017,4,23,20,9,10XX JERVIS ST,West End,490422.5148,5459131.0185
Mischief,2017,11,15,23,31,10XX JERVIS ST,West End,490422.5148,5459131.0185
Mischief,2017,9,3,23,30,10XX KEEFER ST,Strathcona,494057.3744,5458484.0725
Mischief,2017,6,21,7,0,10XX KINGSWAY AVE,Kensington-Cedar Cottage,493985.1532,5455629.1555
Mischief,2017,1,25,16,10,10XX LAURIER AVE,Shaughnessy,490641.7782,5455334.6011
Mischief,2017,6,17,23,5,10XX MAIN ST,Central Business District,492723.7706,5458103.8792
Mischief,2017,3,18,22,6,10XX MAIN ST,Strathcona,492743.2373,5458089.6091
Mischief,2017,12,12,7,47,10XX MAIN ST,Strathcona,492743.2373,5458089.6091
Mischief,2017,8,4,1,5,10XX MAIN ST,Strathcona,492744.1467,5458124.6243
Mischief,2017,3,18,22,0,10XX MAINLAND ST,Central Business District,491313.6249,5458187.5545
Mischief,2017,1,13,10,46,10XX MAINLAND ST,Central Business District,491323.2043,5458184.3174
Mischief,2017,3,5,23,45,10XX MAINLAND ST,Central Business District,491346.1971,5458208.1626
Mischief,2017,10,1,7,0,10XX MALKIN AVE,Strathcona,494001.4798,5457816.8962
Mischief,2017,8,7,11,23,10XX MARINASIDE CRES,Central Business District,491545.474,5457835.8202
Mischief,2017,10,24,16,0,10XX MARINASIDE CRES,Central Business District,491645.5116,5457866.4683
Mischief,2017,1,29,19,30,10XX NELSON ST,West End,490794.8878,5458754.7884
Mischief,2017,6,14,9,20,10XX NELSON ST,West End,490794.8878,5458754.7884
Mischief,2017,10,30,7,0,10XX NELSON ST,West End,490806.6828,5458743.1289
Mischief,2017,5,16,14,54,10XX NELSON ST,West End,490825.6864,5458724.345
Mischief,2017,8,3,13,10,10XX NELSON ST,West End,490825.6864,5458724.345
Mischief,2017,5,9,0,0,10XX NICOLA ST,West End,490193.4378,5459274.2607
Mischief,2017,8,20,22,44,10XX NICOLA ST,West End,490234.7951,5459315.1433
Mischief,2017,11,4,5,0,10XX ODLUM DR,Grandview-Woodland,494485.4275,5458119.4065
Mischief,2017,4,14,21,0,10XX PACIFIC BLVD,Central Business District,491615.7544,5457941.338
Mischief,2017,9,26,0,52,10XX PACIFIC ST,West End,490246.1686,5458368.0315
Mischief,2017,2,28,13,0,10XX PACIFIC ST,West End,490298.1327,5458316.5676
Mischief,2017,5,18,0,0,10XX PACIFIC ST,West End,490298.1327,5458316.5676
Mischief,2017,8,22,12,0,10XX PACIFIC ST,West End,490298.1327,5458316.5676
Mischief,2017,4,15,3,0,10XX PACIFIC ST,West End,490351.6917,5458276.3433
Mischief,2017,11,26,19,0,10XX PACIFIC ST,West End,490351.6917,5458276.3433
Mischief,2017,5,26,15,0,10XX PACIFIC ST,West End,490358.5943,5458256.622
Mischief,2017,7,15,20,53,10XX PACIFIC ST,West End,490358.5943,5458256.622
Mischief,2017,6,14,0,0,10XX QUEBEC ST,Central Business District,492585.9106,5458059.5872
Mischief,2017,6,19,0,0,10XX QUEBEC ST,Central Business District,492585.9106,5458059.5872
Mischief,2017,6,24,0,0,10XX QUEBEC ST,Central Business District,492585.9106,5458059.5872
Mischief,2017,5,23,15,42,10XX QUEBEC ST,Central Business District,492586.9351,5458039.3939
Mischief,2017,9,28,18,0,10XX QUEBEC ST,Central Business District,492586.9351,5458039.3939
Mischief,2017,6,7,18,24,10XX RENFREW ST,Hastings-Sunrise,496794.7701,5458065.4176
Mischief,2017,7,14,19,50,10XX RICHARDS ST,Central Business District,491190.6896,5458356.5276
Mischief,2017,10,19,10,0,10XX RICHARDS ST,Central Business District,491190.6896,5458356.5276
Mischief,2017,11,16,12,0,10XX RICHARDS ST,Central Business District,491190.6896,5458356.5276
Mischief,2017,11,22,22,0,10XX ROBSON ST,West End,491001.397,5459015.1601
Mischief,2017,4,12,22,35,10XX ROBSON ST,West End,491004.9767,5459024.4782
Mischief,2017,12,6,19,36,10XX ROBSON ST,West End,491058.2284,5458958.9991
Mischief,2017,11,11,20,30,10XX SALSBURY DR,Grandview-Woodland,495080.475,5458087.7428
Mischief,2017,3,30,18,0,10XX SALSBURY DR,Grandview-Woodland,495089.9692,5458110.798
Mischief,2017,4,7,14,45,10XX SE MARINE DR,Sunset,493873.1291,5450918.867
Mischief,2017,6,17,2,17,10XX SEYMOUR ST,Central Business District,491035.1506,5458335.9447
Mischief,2017,1,29,21,0,10XX SEYMOUR ST,Central Business District,491044.9783,5458358.9775
Mischief,2017,3,31,23,36,10XX SEYMOUR ST,Central Business District,491044.9783,5458358.9775
Mischief,2017,6,3,19,0,10XX SEYMOUR ST,Central Business District,491044.9783,5458358.9775
Mischief,2017,6,19,20,14,10XX SEYMOUR ST,Central Business District,491044.9783,5458358.9775
Mischief,2017,6,24,18,0,10XX SEYMOUR ST,Central Business District,491044.9783,5458358.9775
Mischief,2017,6,24,23,59,10XX SEYMOUR ST,Central Business District,491044.9783,5458358.9775
Mischief,2017,9,9,14,6,10XX SEYMOUR ST,Central Business District,491044.9783,5458358.9775
Mischief,2017,11,7,15,30,10XX SEYMOUR ST,Central Business District,491044.9783,5458358.9775
Mischief,2017,11,14,22,0,10XX SEYMOUR ST,Central Business District,491044.9783,5458358.9775
Mischief,2017,8,23,19,0,10XX SEYMOUR ST,Central Business District,491058.4181,5458372.6422
Mischief,2017,1,4,19,0,10XX SEYMOUR ST,Central Business District,491125.4165,5458427.7214
Mischief,2017,3,2,16,33,10XX SEYMOUR ST,Central Business District,491125.4165,5458427.7214
Mischief,2017,7,10,14,34,10XX SEYMOUR ST,Central Business District,491125.4165,5458427.7214
Mischief,2017,7,10,17,46,10XX SEYMOUR ST,Central Business District,491125.4165,5458427.7214
Mischief,2017,12,8,15,30,10XX SEYMOUR ST,Central Business District,491125.4165,5458427.7214
Mischief,2017,5,25,7,0,10XX STATION ST,Strathcona,492788.8423,5458081.2304
Mischief,2017,10,4,22,0,10XX TEMPLETON DR,Grandview-Woodland,495650.8386,5458080.3215
Mischief,2017,7,8,0,0,10XX TEMPLETON DR,Grandview-Woodland,495651.0198,5458095.9932
Mischief,2017,4,1,22,50,10XX THURLOW ST,West End,490689.3869,5458863.1159
Mischief,2017,7,22,19,17,10XX VICTORIA DR,Grandview-Woodland,495229.0376,5458023.9634
Mischief,2017,9,9,20,18,10XX W 13TH AVE,Fairview,490683.7544,5456333.6081
Mischief,2017,5,14,22,17,10XX W 41ST AVE,Oakridge,490656.1202,5453461.0375
Mischief,2017,3,19,10,31,10XX W 43RD AVE,Oakridge,490606.6752,5453263.3008
Mischief,2017,9,10,17,0,10XX W 48TH AVE,Oakridge,490552.5485,5452753.0966
Mischief,2017,11,4,19,40,10XX W 57TH AVE,Marpole,490636.5792,5451827.8727
Mischief,2017,12,7,15,0,10XX W 71ST AVE,Marpole,490409.4956,5450472.6777
Mischief,2017,10,7,15,0,10XX W 7TH AVE,Fairview,490672.055,5456938.9266
Mischief,2017,9,7,0,0,10XX W 8TH AVE,Fairview,490781.5533,5456843.87
Mischief,2017,7,16,16,0,10XX W CORDOVA ST,Central Business District,491404.497,5459504.1392
Mischief,2017,6,20,11,47,10XX W CORDOVA ST,Central Business District,491419.7671,5459498.1213
Mischief,2017,6,20,7,30,10XX W GEORGIA ST,Central Business District,491088.6115,5459190.0607
Mischief,2017,12,21,21,43,10XX W GEORGIA ST,Central Business District,491101.2769,5459177.5159
Mischief,2017,12,3,23,48,10XX W GEORGIA ST,West End,491114.6849,5459151.365
Mischief,2017,1,1,11,0,10XX W GEORGIA ST,Central Business District,491115.752,5459163.1779
Mischief,2017,1,9,0,0,10XX W GEORGIA ST,Central Business District,491115.752,5459163.1779
Mischief,2017,2,24,7,6,10XX W GEORGIA ST,Central Business District,491115.752,5459163.1779
Mischief,2017,4,6,9,7,10XX W GEORGIA ST,Central Business District,491115.752,5459163.1779
Mischief,2017,5,21,6,47,10XX W GEORGIA ST,Central Business District,491115.752,5459163.1779
Mischief,2017,9,12,22,20,10XX W GEORGIA ST,Central Business District,491115.752,5459163.1779
Mischief,2017,12,14,11,33,10XX W GEORGIA ST,West End,491185.5521,5459081.171
Mischief,2017,12,15,17,51,10XX W HASTINGS ST,Central Business District,491449.2475,5459411.3564
Mischief,2017,10,21,19,50,10XX W HASTINGS ST,Central Business District,491482.6578,5459387.0403
Mischief,2017,2,1,8,20,10XX W PENDER ST,Central Business District,491258.4981,5459410.0689
Mischief,2017,12,5,19,14,10XX W PENDER ST,Central Business District,491295.894,5459393.0972
Mischief,2017,5,19,19,23,10XX W PENDER ST,Central Business District,491415.7251,5459321.6104
Mischief,2017,1,8,13,9,10XX W WATERFRONT RD,Central Business District,491440.0383,5459565.7683
Mischief,2017,5,5,1,0,10XX W WATERFRONT RD,Central Business District,491440.0383,5459565.7683
Mischief,2017,6,27,2,35,10XX W WATERFRONT RD,Central Business District,491440.0383,5459565.7683
Mischief,2017,7,4,8,45,10XX W WATERFRONT RD,Central Business District,491440.0383,5459565.7683
Mischief,2017,10,27,0,35,10XX WINDERMERE ST,Hastings-Sunrise,497351.5782,5458018.9396
Mischief,2017,4,1,16,50,11XX ALBERNI ST,West End,490983.9912,5459210.3728
Mischief,2017,4,19,2,22,11XX ALBERNI ST,West End,490995.6077,5459186.3898
Mischief,2017,9,10,10,0,11XX BARCLAY ST,West End,490685.1878,5459025.6383
Mischief,2017,11,27,17,30,11XX BARCLAY ST,West End,490727.7276,5458995.6824
Mischief,2017,9,27,18,48,11XX BARCLAY ST,West End,490728.4014,5458982.008
Mischief,2017,11,9,14,30,11XX BARCLAY ST,West End,490749.3026,5458973.8993
Mischief,2017,3,25,20,55,11XX BEACH AVE,West End,490138.1417,5458350.3199
Mischief,2017,4,19,15,24,11XX BEACH AVE,West End,490138.1417,5458350.3199
Mischief,2017,6,24,12,0,11XX BEACH AVE,West End,490138.1417,5458350.3199
Mischief,2017,6,24,16,0,11XX BEACH AVE,West End,490138.1417,5458350.3199
Mischief,2017,12,31,21,11,11XX BEACH AVE,West End,490139.8917,5458331.0106
Mischief,2017,7,29,20,39,11XX BIDWELL ST,West End,489821.5559,5459300.1997
Mischief,2017,4,14,17,0,11XX BIDWELL ST,West End,489957.9147,5459435.7157
Mischief,2017,5,11,18,0,11XX BIDWELL ST,West End,489957.9147,5459435.7157
Mischief,2017,7,5,11,35,11XX BROUGHTON ST,West End,490122.6897,5459046.1746
Mischief,2017,10,3,17,8,11XX BROUGHTON ST,West End,490199.3046,5459122.8011
Mischief,2017,10,22,12,0,11XX BROUGHTON ST,West End,490199.3046,5459122.8011
Mischief,2017,8,10,0,0,11XX BURNABY ST,West End,490282.37,5458656.854
Mischief,2017,4,23,14,0,11XX BURNABY ST,West End,490296.5923,5458630.1312
Mischief,2017,10,10,9,15,11XX BURNABY ST,West End,490373.7527,5458554.584
Mischief,2017,11,3,17,0,11XX BURRARD ST,Central Business District,490636.0478,5458514.1753
Mischief,2017,12,10,9,30,11XX BURRARD ST,Central Business District,490652.6966,5458531.0645
Mischief,2017,10,4,12,30,11XX BURRARD ST,Central Business District,490674.8901,5458553.5781
Mischief,2017,4,26,19,30,11XX BURRARD ST,Central Business District,490679.8024,5458558.5615
Mischief,2017,5,12,11,31,11XX BURRARD ST,Central Business District,490679.8024,5458558.5615
Mischief,2017,6,8,18,35,11XX BURRARD ST,Central Business District,490679.8024,5458558.5615
Mischief,2017,11,4,7,30,11XX BURRARD ST,Central Business District,490679.8024,5458558.5615
Mischief,2017,9,3,20,34,11XX BURRARD ST,Central Business District,490718.6878,5458598.0078
Mischief,2017,6,28,12,13,11XX BUTE ST,West End,490347.5963,5458842.9712
Mischief,2017,10,4,12,27,11XX BUTE ST,West End,490347.5963,5458842.9712
Mischief,2017,3,7,13,36,11XX BUTE ST,West End,490410.3816,5458894.5439
Mischief,2017,2,2,14,0,11XX CARDERO ST,West End,490014.4141,5459263.7902
Mischief,2017,12,2,5,26,11XX COMMERCIAL DR,Grandview-Woodland,494945.4833,5457975.5345
Mischief,2017,11,1,21,39,11XX COMMERCIAL DR,Grandview-Woodland,494945.7593,5458001.3602
Mischief,2017,7,20,17,20,11XX COMMERCIAL DR,Grandview-Woodland,494945.8632,5458011.0862
Mischief,2017,6,18,21,0,11XX COMOX ST,West End,490542.5384,5458852.1922
Mischief,2017,4,13,16,0,11XX COMOX ST,West End,490602.9819,5458791.7198
Mischief,2017,4,21,11,37,11XX DAVIE ST,West End,490318.1321,5458781.6243
Mischief,2017,3,18,0,46,11XX DAVIE ST,West End,490359.3808,5458726.4785
Mischief,2017,4,21,20,30,11XX DAVIE ST,West End,490359.3808,5458726.4785
Mischief,2017,12,12,19,0,11XX DAVIE ST,West End,490359.3808,5458726.4785
Mischief,2017,7,10,23,45,11XX DAVIE ST,West End,490380.8655,5458717.6218
Mischief,2017,8,20,1,0,11XX DAVIE ST,West End,490418.9458,5458665.7082
Mischief,2017,6,18,15,26,11XX DAVIE ST,West End,490437.0686,5458647.2185
Mischief,2017,4,3,20,27,11XX DAVIE ST,West End,490448.7283,5458635.3231
Mischief,2017,9,8,3,35,11XX DAVIE ST,West End,490448.7283,5458635.3231
Mischief,2017,10,30,19,0,11XX DEVONSHIRE CRES,Shaughnessy,490501.6695,5454649.6552
Mischief,2017,5,20,4,0,11XX E 10TH AVE,Mount Pleasant,494081.0515,5456518.4694
Mischief,2017,8,5,22,0,11XX E 10TH AVE,Mount Pleasant,494132.7131,5456527.068
Mischief,2017,5,9,12,46,11XX E 12TH AVE,Mount Pleasant,494088.1281,5456321.2947
Mischief,2017,4,20,16,0,11XX E 17TH AVE,Kensington-Cedar Cottage,494169.1798,5455851.2864
Mischief,2017,6,4,16,1,11XX E 22ND AVE,Kensington-Cedar Cottage,494118.3252,5455353.1417
Mischief,2017,1,26,3,0,11XX E 29TH AVE,Kensington-Cedar Cottage,493999.3845,5454656.7049
Mischief,2017,11,3,18,0,11XX E 33RD AVE,Kensington-Cedar Cottage,494005.8131,5454162.2823
Mischief,2017,12,30,10,32,11XX E 33RD AVE,Kensington-Cedar Cottage,494116.0624,5454170.5361
Mischief,2017,9,9,2,24,11XX E 43RD AVE,Sunset,493985.0938,5453122.2086
Mischief,2017,12,6,2,30,11XX E 54TH AVE,Sunset,493959.8808,5451969.7496
Mischief,2017,5,19,17,23,11XX E 60TH AVE,Sunset,494004.6823,5451415.7865
Mischief,2017,4,16,21,0,11XX E 63RD AVE,Sunset,493950.6132,5451118.6135
Mischief,2017,1,15,3,30,11XX E 63RD AVE,Sunset,494052.6942,5451118.7997
Mischief,2017,8,29,0,0,11XX E 63RD AVE,Sunset,494052.6942,5451118.7997
Mischief,2017,4,10,9,43,11XX E BROADWAY AVE,Mount Pleasant,494159.2861,5456635.6216
Mischief,2017,10,27,10,0,11XX E HASTINGS ST,Strathcona,494091.5371,5458689.0586
Mischief,2017,1,27,12,30,11XX E HASTINGS ST,Strathcona,494140.0196,5458690.1153
Mischief,2017,3,12,16,3,11XX E HASTINGS ST,Strathcona,494140.0196,5458690.1153
Mischief,2017,2,15,21,20,11XX E HASTINGS ST,Strathcona,494194.8243,5458692.5987
Mischief,2017,5,22,18,45,11XX E KING EDWARD AVE,Kensington-Cedar Cottage,494042.8801,5455086.6212
Mischief,2017,10,17,5,8,11XX E PENDER ST,Strathcona,494093.1937,5458587.0559
Mischief,2017,10,7,13,0,11XX E PENDER ST,Strathcona,494167.1036,5458594.2657
Mischief,2017,7,14,10,41,11XX FRANKLIN ST,Strathcona,494093.6787,5458838.6732
Mischief,2017,11,2,12,0,11XX GILFORD ST,West End,489647.8884,5459582.8633
Mischief,2017,12,16,3,19,11XX GRANVILLE ST,Central Business District,490847.9734,5458294.4643
Mischief,2017,7,29,0,0,11XX GRANVILLE ST,Central Business District,490852.4071,5458298.9215
Mischief,2017,8,11,23,0,11XX GRANVILLE ST,Central Business District,490857.0083,5458316.5131
Mischief,2017,2,27,13,42,11XX GRANVILLE ST,Central Business District,490863.6588,5458323.1988
Mischief,2017,3,25,14,31,11XX GRANVILLE ST,Central Business District,490863.6588,5458323.1988
Mischief,2017,6,8,1,20,11XX GRANVILLE ST,Central Business District,490863.6588,5458323.1988
Mischief,2017,12,3,22,54,11XX GRANVILLE ST,Central Business District,490863.6588,5458323.1988
Mischief,2017,3,12,15,49,11XX GRANVILLE ST,Central Business District,490925.7298,5458385.5992
Mischief,2017,10,11,15,2,11XX GRANVILLE ST,Central Business District,490925.7298,5458385.5992
Mischief,2017,2,11,3,3,11XX GRANVILLE ST,Central Business District,490936.6463,5458383.6077
Mischief,2017,4,5,22,13,11XX GRANVILLE ST,Central Business District,490936.6463,5458383.6077
Mischief,2017,8,4,7,30,11XX GRANVILLE ST,Central Business District,490936.6463,5458383.6077
Mischief,2017,9,24,5,13,11XX GRANVILLE ST,Central Business District,490936.6463,5458383.6077
Mischief,2017,10,16,0,1,11XX HAMILTON ST,Central Business District,491106.5109,5458042.665
Mischief,2017,5,16,10,42,11XX HAMILTON ST,Central Business District,491169.8317,5458106.3448
Mischief,2017,3,7,12,0,11XX HAMILTON ST,Central Business District,491193.5174,5458130.1656
Mischief,2017,1,8,22,0,11XX HARO ST,West End,490731.7543,5459144.116
Mischief,2017,10,21,12,0,11XX HARO ST,West End,490795.8574,5459078.341
Mischief,2017,3,28,18,0,11XX HARO ST,West End,490826.7405,5459046.6523
Mischief,2017,3,29,16,0,11XX HARO ST,West End,490826.7405,5459046.6523
Mischief,2017,10,22,14,40,11XX HARO ST,West End,490835.0336,5459025.0416
Mischief,2017,7,5,18,32,11XX HARWOOD ST,West End,490225.3786,5458548.2197
Mischief,2017,12,23,0,0,11XX HARWOOD ST,West End,490225.3786,5458548.2197
Mischief,2017,8,15,22,30,11XX HARWOOD ST,West End,490240.8715,5458545.7721
Mischief,2017,4,8,1,0,11XX HARWOOD ST,West End,490259.9148,5458514.1177
Mischief,2017,9,25,18,50,11XX HARWOOD ST,West End,490291.7498,5458482.6829
Mischief,2017,11,11,8,11,11XX HOMER ST,Central Business District,491131.6435,5458153.1011
Mischief,2017,3,16,16,28,11XX HOMER ST,Central Business District,491147.1987,5458168.5742
Mischief,2017,6,21,0,17,11XX HORNBY ST,Central Business District,490704.1032,5458444.8061
Mischief,2017,11,27,15,58,11XX HORNBY ST,Central Business District,490751.6156,5458494.0611
Mischief,2017,1,29,0,3,11XX HORNBY ST,Central Business District,490762.516,5458492.1905
Mischief,2017,4,14,18,0,11XX HORNBY ST,Central Business District,490762.516,5458492.1905
Mischief,2017,9,25,7,50,11XX HORNBY ST,Central Business District,490762.516,5458492.1905
Mischief,2017,3,5,9,33,11XX HORNBY ST,Central Business District,490766.7331,5458509.7331
Mischief,2017,3,7,7,20,11XX HORNBY ST,Central Business District,490766.7331,5458509.7331
Mischief,2017,6,7,12,35,11XX HORNBY ST,Central Business District,490766.7331,5458509.7331
Mischief,2017,6,22,21,29,11XX HORNBY ST,Central Business District,490766.7331,5458509.7331
Mischief,2017,8,8,11,34,11XX HORNBY ST,Central Business District,490766.7331,5458509.7331
Mischief,2017,7,29,18,0,11XX HORNBY ST,Central Business District,490771.0525,5458514.2109
Mischief,2017,10,27,13,0,11XX HORNBY ST,Central Business District,490771.0525,5458514.2109
Mischief,2017,3,30,0,0,11XX HORNBY ST,Central Business District,490788.4316,5458519.0567
Mischief,2017,1,13,4,37,11XX HOWE ST,Central Business District,490849.9689,5458442.5047
Mischief,2017,2,28,20,30,11XX HOWE ST,Central Business District,490849.9689,5458442.5047
Mischief,2017,5,29,18,0,11XX HOWE ST,Central Business District,490849.9689,5458442.5047
Mischief,2017,8,11,18,0,11XX HOWE ST,Central Business District,490849.9689,5458442.5047
Mischief,2017,10,17,20,0,11XX HOWE ST,Central Business District,490849.9689,5458442.5047
Mischief,2017,11,3,21,20,11XX HOWE ST,Central Business District,490849.9689,5458442.5047
Mischief,2017,3,7,21,0,11XX JERVIS ST,West End,490304.9975,5459016.2664
Mischief,2017,11,9,10,0,11XX KEEFER ST,Strathcona,494088.8245,5458483.9605
Mischief,2017,9,22,6,17,11XX KEEFER ST,Strathcona,494141.8224,5458493.002
Mischief,2017,7,6,20,16,11XX KINGSWAY AVE,Kensington-Cedar Cottage,494110.388,5455539.4434
Mischief,2017,1,27,18,0,11XX LAKEWOOD DR,Grandview-Woodland,495500.075,5457981.0479
Mischief,2017,7,21,8,0,11XX LAMEYS MILL RD,Fairview,490604.6296,5457083.3661
Mischief,2017,1,15,0,0,11XX LILY ST,Grandview-Woodland,495307.9634,5457984.9065
Mischief,2017,2,6,6,53,11XX MAIN ST,Central Business District,492720.0057,5457969.8943
Mischief,2017,11,10,17,30,11XX MAINLAND ST,Central Business District,491233.0852,5458091.0149
Mischief,2017,11,22,14,0,11XX MARINASIDE CRES,Central Business District,491350.1877,5457858.9824
Mischief,2017,9,27,21,15,11XX MELVILLE ST,Central Business District,490994.5895,5459444.8683
Mischief,2017,10,5,4,2,11XX MELVILLE ST,Central Business District,490994.5895,5459444.8683
Mischief,2017,2,14,8,0,11XX MELVILLE ST,Central Business District,491076.9743,5459365.1598
Mischief,2017,6,21,5,0,11XX MELVILLE ST,Central Business District,491076.9743,5459365.1598
Mischief,2017,12,11,23,0,11XX MELVILLE ST,Central Business District,491076.9743,5459365.1598
Mischief,2017,4,8,10,0,11XX NICOLA ST,West End,490118.2635,5459210.1569
Mischief,2017,7,1,13,0,11XX NOOTKA ST,Hastings-Sunrise,496992.2558,5457989.1945
Mischief,2017,8,22,21,0,11XX NOOTKA ST,Hastings-Sunrise,496992.2558,5457989.1945
Mischief,2017,7,20,5,52,11XX PACIFIC BLVD,Central Business District,491237.0896,5457941.717
Mischief,2017,2,16,7,39,11XX PACIFIC BLVD,Central Business District,491291.1095,5457960.5017
Mischief,2017,8,23,0,12,11XX PACIFIC ST,West End,490140.6207,5458486.5115
Mischief,2017,12,6,19,0,11XX PACIFIC ST,West End,490221.3405,5458405.5505
Mischief,2017,12,22,17,30,11XX PENDRELL ST,West End,490428.6068,5458812.5157
Mischief,2017,1,16,19,0,11XX PENDRELL ST,West End,490439.7327,5458801.3692
Mischief,2017,7,20,11,16,11XX PENDRELL ST,West End,490439.7327,5458801.3692
Mischief,2017,11,23,13,16,11XX QUEBEC ST,Central Business District,492598.3517,5458016.1542
Mischief,2017,1,8,14,0,11XX QUEBEC ST,Central Business District,492608.5323,5457963.2666
Mischief,2017,11,8,10,30,11XX QUEBEC ST,Central Business District,492609.2795,5457958.9958
Mischief,2017,10,4,14,0,11XX RICHARDS ST,Central Business District,490981.517,5458146.7256
Mischief,2017,10,20,20,0,11XX RICHARDS ST,Central Business District,490981.517,5458146.7256
Mischief,2017,2,21,22,16,11XX RICHARDS ST,Central Business District,491077.6462,5458243.3316
Mischief,2017,3,22,9,0,11XX ROBSON ST,West End,490783.7617,5459244.5635
Mischief,2017,4,2,5,16,11XX ROBSON ST,West End,490807.3948,5459220.9589
Mischief,2017,7,11,7,30,11XX ROBSON ST,West End,490822.0875,5459206.2841
Mischief,2017,10,20,14,0,11XX ROBSON ST,West End,490833.5694,5459181.8922
Mischief,2017,9,27,4,7,11XX ROBSON ST,West End,490912.5973,5459102.9607
Mischief,2017,11,15,22,0,11XX SEYMOUR ST,Central Business District,491006.3825,5458306.8154
Mischief,2017,10,4,17,0,11XX THE CASTINGS ST,Fairview,490488.4641,5457086.6184
Mischief,2017,12,9,18,0,11XX VICTORIA DR,Grandview-Woodland,495228.6495,5457995.9094
Mischief,2017,1,17,0,0,11XX W 14TH AVE,Fairview,490487.7503,5456227.7584
Mischief,2017,3,23,20,30,11XX W 54TH AVE,Oakridge,490282.0413,5452104.9209
Mischief,2017,1,18,19,7,11XX W 6TH AVE,Fairview,490494.4262,5457037.9418
Mischief,2017,6,6,0,0,11XX W 6TH AVE,Fairview,490508.7951,5457037.5295
Mischief,2017,8,20,13,30,11XX W 6TH AVE,Fairview,490508.7951,5457037.5295
Mischief,2017,8,13,13,16,11XX W 70TH AVE,Marpole,490317.0397,5450639.2575
Mischief,2017,4,8,3,14,11XX W 71ST AVE,Marpole,490318.4149,5450475.6763
Mischief,2017,4,21,12,0,11XX W 71ST AVE,Marpole,490406.0692,5450463.623
Mischief,2017,5,10,23,0,11XX W 7TH AVE,Fairview,490482.1295,5456943.798
Mischief,2017,1,20,18,0,11XX W BROADWAY AVE,Fairview,490589.9737,5456755.5053
Mischief,2017,4,23,14,25,11XX W BROADWAY AVE,Fairview,490592.4576,5456746.2881
Mischief,2017,1,8,19,30,11XX W BROADWAY AVE,Fairview,490605.5174,5456745.9251
Mischief,2017,6,25,20,1,11XX W CORDOVA ST,Central Business District,491128.9874,5459617.4195
Mischief,2017,1,21,12,0,11XX W GEORGIA ST,Central Business District,490952.0114,5459324.8748
Mischief,2017,5,21,2,0,11XX W GEORGIA ST,Central Business District,490952.0114,5459324.8748
Mischief,2017,5,26,21,0,11XX W GEORGIA ST,Central Business District,490952.0114,5459324.8748
Mischief,2017,6,3,13,42,11XX W GEORGIA ST,Central Business District,490952.0114,5459324.8748
Mischief,2017,10,14,8,10,11XX W GEORGIA ST,Central Business District,490952.0114,5459324.8748
Mischief,2017,12,2,20,13,11XX W GEORGIA ST,Central Business District,490952.0114,5459324.8748
Mischief,2017,1,12,20,55,11XX W GEORGIA ST,Central Business District,491028.5504,5459249.4499
Mischief,2017,5,19,19,0,11XX W GEORGIA ST,Central Business District,491028.5504,5459249.4499
Mischief,2017,7,1,2,27,11XX W GEORGIA ST,West End,491037.4399,5459227.8519
Mischief,2017,7,1,10,34,11XX W HASTINGS ST,Central Business District,491127.8585,5459549.2833
Mischief,2017,1,10,20,0,11XX W HASTINGS ST,Central Business District,491225.5158,5459497.4916
Mischief,2017,10,17,21,2,11XX W PENDER ST,Central Business District,491035.8752,5459521.2951
Mischief,2017,8,21,17,7,11XX W PENDER ST,Central Business District,491170.2015,5459450.1916
Mischief,2017,7,16,10,19,11XX W PENDER ST,Central Business District,491193.6656,5459449.5702
Mischief,2017,2,4,22,44,11XX W PENDER ST,Central Business District,491233.528,5459421.406
Mischief,2017,7,27,19,0,12XX BARCLAY ST,West End,490525.7265,5459183.5513
Mischief,2017,3,6,7,0,12XX BARCLAY ST,West End,490583.5148,5459127.3671
Mischief,2017,4,13,18,17,12XX BARCLAY ST,West End,490602.6865,5459108.7279
Mischief,2017,7,7,19,0,12XX BIDWELL ST,West End,489727.7164,5459217.15
Mischief,2017,9,17,13,0,12XX BIDWELL ST,West End,489727.7164,5459217.15
Mischief,2017,4,19,23,18,12XX BIDWELL ST,West End,489803.8562,5459281.8787
Mischief,2017,1,29,0,0,12XX BURNABY ST,West End,490151.5668,5458788.482
Mischief,2017,10,8,18,30,12XX BURNABY ST,West End,490160.1998,5458766.4917
Mischief,2017,10,22,15,0,12XX BURRARD ST,Central Business District,490562.8367,5458441.0069
Mischief,2017,9,28,0,1,12XX BURRARD ST,Central Business District,490575.0259,5458453.0712
Mischief,2017,5,13,0,0,12XX BURRARD ST,Central Business District,490606.2267,5458483.9526
Mischief,2017,8,25,0,0,12XX BUTE ST,West End,490271.2664,5458754.7897
Mischief,2017,11,4,21,10,12XX BUTE ST,West End,490291.7511,5458775.7476
Mischief,2017,11,10,12,0,12XX CARDERO ST,West End,489880.1255,5459144.4264
Mischief,2017,2,28,12,38,12XX CARDERO ST,West End,489896.0353,5459160.1153
Mischief,2017,6,21,20,43,12XX CARDERO ST,West End,489896.0353,5459160.1153
Mischief,2017,10,18,15,0,12XX CARDERO ST,West End,489917.3939,5459168.3353
Mischief,2017,7,21,13,0,12XX CHESTNUT ST,Kitsilano,489366.8328,5458001.4489
Mischief,2017,8,25,23,57,12XX COMOX ST,West End,490375.7811,5459030.4224
Mischief,2017,3,31,17,0,12XX COMOX ST,West End,490416.3105,5458977.8181
Mischief,2017,6,23,0,1,12XX CONNAUGHT DR,Shaughnessy,490305.6031,5454625.9967
Mischief,2017,7,31,6,17,12XX DAVIE ST,West End,490200.93,5458897.5679
Mischief,2017,3,6,11,11,12XX DAVIE ST,West End,490252.8978,5458833.5311
Mischief,2017,11,1,0,5,12XX DAVIE ST,West End,490262.0031,5458837.3971
Mischief,2017,10,5,9,0,12XX DAVIE ST,West End,490292.5164,5458794.4976
Mischief,2017,1,2,8,8,12XX DAVIE ST,West End,490299.0267,5458800.9204
Mischief,2017,11,20,18,18,12XX DAVIE ST,West End,490299.0267,5458800.9204
Mischief,2017,12,4,5,30,12XX E 11TH AVE,Mount Pleasant,494216.2734,5456417.447
Mischief,2017,12,4,8,14,12XX E 11TH AVE,Mount Pleasant,494216.2734,5456417.447
Mischief,2017,10,8,23,0,12XX E 11TH AVE,Mount Pleasant,494236.8401,5456417.2652
Mischief,2017,10,7,3,36,12XX E 11TH AVE,Mount Pleasant,494259.5586,5456425.9519
Mischief,2017,3,23,15,20,12XX E 12TH AVE,Mount Pleasant,494215.2723,5456319.0231
Mischief,2017,11,24,23,0,12XX E 20TH AVE,Kensington-Cedar Cottage,494201.8448,5455550.5537
Mischief,2017,6,14,15,10,12XX E 51ST AVE,Sunset,494095.7499,5452293.5908
Mischief,2017,7,5,8,0,12XX E 54TH AVE,Sunset,494118.4039,5451965.9297
Mischief,2017,6,30,23,0,12XX E 63RD AVE,Sunset,494081.627,5451118.8521
Mischief,2017,12,18,19,15,12XX E 7TH AVE,Mount Pleasant,494229.4077,5456830.3809
Mischief,2017,8,26,7,47,12XX E 8TH AVE,Mount Pleasant,494249.0435,5456738.3524
Mischief,2017,10,23,2,7,12XX E 8TH AVE,Mount Pleasant,494249.0435,5456738.3524
Mischief,2017,9,26,11,32,12XX E 8TH AVE,Mount Pleasant,494266.4806,5456729.0395
Mischief,2017,1,14,0,42,12XX E 8TH AVE,Mount Pleasant,494289.7639,5456737.9584
Mischief,2017,8,16,22,21,12XX E GEORGIA ST,Strathcona,494288.7151,5458431.9354
Mischief,2017,10,13,22,30,12XX E GEORGIA ST,Strathcona,494288.7151,5458431.9354
Mischief,2017,1,29,2,0,12XX E KING EDWARD AVE,Kensington-Cedar Cottage,494182.2363,5455084.8958
Mischief,2017,3,25,1,17,12XX E PENDER ST,Strathcona,494244.9318,5458625.7003
Mischief,2017,10,9,17,0,12XX GRANT ST,Strathcona,494279.2477,5457636.635
Mischief,2017,7,8,3,58,12XX GRANVILLE ST,Central Business District,490711.4545,5458168.033
Mischief,2017,4,15,3,21,12XX GRANVILLE ST,Central Business District,490720.1022,5458163.8044
Mischief,2017,9,7,4,30,12XX GRANVILLE ST,Central Business District,490720.1022,5458163.8044
Mischief,2017,10,7,7,47,12XX GRANVILLE ST,Central Business District,490720.1022,5458163.8044
Mischief,2017,11,4,3,53,12XX GRANVILLE ST,Central Business District,490720.1022,5458163.8044
Mischief,2017,4,28,6,6,12XX GRANVILLE ST,Central Business District,490748.7654,5458206.2958
Mischief,2017,7,1,9,0,12XX GRANVILLE ST,Central Business District,490748.7654,5458206.2958
Mischief,2017,3,14,16,30,12XX GRANVILLE ST,Central Business District,490792.6606,5458251.3108
Mischief,2017,1,27,7,54,12XX GRANVILLE ST,Central Business District,490803.6344,5458262.5646
Mischief,2017,1,28,4,8,12XX GRANVILLE ST,Central Business District,490803.6344,5458262.5646
Mischief,2017,3,17,12,35,12XX GRANVILLE ST,Central Business District,490821.1549,5458267.4345
Mischief,2017,3,21,0,27,12XX GRANVILLE ST,Central Business District,490821.1549,5458267.4345
Mischief,2017,10,20,18,19,12XX GRANVILLE ST,Central Business District,490821.1549,5458267.4345
Mischief,2017,11,4,23,14,12XX GRANVILLE ST,Central Business District,490821.1549,5458267.4345
Mischief,2017,7,22,3,10,12XX HAMILTON ST,Central Business District,491051.1626,5457987.2665
Mischief,2017,3,19,2,5,12XX HAMILTON ST,Central Business District,491061.9265,5458010.9059
Mischief,2017,3,3,13,0,12XX HARO ST,West End,490649.1332,5459213.7511
Mischief,2017,4,17,22,9,12XX HARO ST,West End,490653.3002,5459222.9296
Mischief,2017,10,21,15,0,12XX HARWOOD ST,West End,490103.4197,5458668.8068
Mischief,2017,4,8,22,0,12XX HARWOOD ST,West End,490136.4368,5458636.0668
Mischief,2017,10,18,1,25,12XX HARWOOD ST,West End,490136.4368,5458636.0668
Mischief,2017,7,20,17,0,12XX HOMER ST,Central Business District,490950.24,5457984.8183
Mischief,2017,9,3,15,0,12XX HOMER ST,Central Business District,491004.4732,5458039.2664
Mischief,2017,10,19,15,2,12XX HOMER ST,Central Business District,491019.9349,5458054.7893
Mischief,2017,6,29,23,50,12XX HORNBY ST,Central Business District,490624.5562,5458350.8815
Mischief,2017,5,23,21,30,12XX HORNBY ST,Central Business District,490680.0351,5458406.7857
Mischief,2017,11,4,3,24,12XX HORNBY ST,Central Business District,490680.0351,5458406.7857
Mischief,2017,5,23,20,10,12XX HOWE ST,Central Business District,490650.5904,5458254.6229
Mischief,2017,3,5,7,49,12XX HOWE ST,Central Business District,490652.2295,5458243.3224
Mischief,2017,11,30,3,40,12XX HOWE ST,Central Business District,490652.2295,5458243.3224
Mischief,2017,5,1,0,0,12XX HOWE ST,Central Business District,490688.4395,5458292.5363
Mischief,2017,8,6,21,54,12XX HOWE ST,Central Business District,490688.4395,5458292.5363
Mischief,2017,11,15,12,0,12XX KINGSWAY AVE,Kensington-Cedar Cottage,494295.0638,5455394.5303
Mischief,2017,10,31,17,0,12XX LAKEWOOD DR,Grandview-Woodland,495507.9433,5457889.8047
Mischief,2017,12,19,20,54,12XX MAIN ST,Central Business District,492717.348,5457893.4414
Mischief,2017,7,14,9,51,12XX MARINASIDE CRES,Central Business District,491268.6824,5457797.0202
Mischief,2017,8,12,14,0,12XX MELVILLE ST,Central Business District,490955.3268,5459482.9139
Mischief,2017,1,27,16,0,12XX NANAIMO ST,Grandview-Woodland,495879.7739,5457887.4729
Mischief,2017,1,15,18,45,12XX NANAIMO ST,Grandview-Woodland,495879.7897,5457891.8747
Mischief,2017,11,16,6,30,12XX NELSON ST,West End,490495.0142,5459066.3738
Mischief,2017,5,4,20,9,12XX NELSON ST,West End,490504.5221,5459056.769
Mischief,2017,3,15,22,0,12XX NELSON ST,West End,490524.6904,5459023.3982
Mischief,2017,4,10,15,17,12XX PACIFIC ST,West End,489988.5138,5458640.1017
Mischief,2017,7,27,18,0,12XX PACIFIC ST,West End,489988.5138,5458640.1017
Mischief,2017,10,1,4,11,12XX RICHARDS ST,Central Business District,490959.3662,5458124.3199
Mischief,2017,9,26,10,54,12XX ROBSON ST,West End,490652.8318,5459362.4392
Mischief,2017,8,12,2,25,12XX ROBSON ST,West End,490699.3349,5459315.9808
Mischief,2017,4,16,9,5,12XX ROBSON ST,West End,490740.6514,5459287.6289
Mischief,2017,8,27,20,0,12XX ROBSON ST,West End,490740.6514,5459287.6289
Mischief,2017,10,8,6,11,12XX ROBSON ST,West End,490740.6514,5459287.6289
Mischief,2017,11,8,12,30,12XX ROBSON ST,West End,490740.6514,5459287.6289
Mischief,2017,2,16,16,0,12XX ROBSON ST,West End,490760.5747,5459254.7993
Mischief,2017,9,11,13,4,12XX ROBSON ST,West End,490760.5747,5459254.7993
Mischief,2017,12,6,8,30,12XX ROBSON ST,West End,490767.0374,5459261.2681
Mischief,2017,12,11,10,0,12XX SALSBURY DR,Grandview-Woodland,495077.6707,5457900.223
Mischief,2017,12,1,17,0,12XX SALSBURY DR,Grandview-Woodland,495085.845,5457833.3819
Mischief,2017,3,22,16,0,12XX SEYMOUR ST,Central Business District,490785.5024,5458098.3031
Mischief,2017,5,22,2,43,12XX SEYMOUR ST,Central Business District,490845.2092,5458145.5929
Mischief,2017,4,26,7,33,12XX SEYMOUR ST,Central Business District,490887.2591,5458188.0494
Mischief,2017,10,5,18,25,12XX SEYMOUR ST,Central Business District,490893.8986,5458194.753
Mischief,2017,7,30,8,0,12XX THURLOW ST,West End,490420.6771,5458601.7437
Mischief,2017,8,28,17,0,12XX W 10TH AVE,Fairview,490273.4433,5456647.4439
Mischief,2017,9,29,21,0,12XX W 10TH AVE,Fairview,490394.3681,5456653.683
Mischief,2017,6,25,21,14,12XX W 15TH AVE,Fairview,490314.9867,5456139.6099
Mischief,2017,5,30,16,17,12XX W 27TH AVE,Shaughnessy,490377.8387,5454958.437
Mischief,2017,11,24,1,0,12XX W 8TH AVE,Fairview,490437.5807,5456852.2976
Mischief,2017,7,21,7,38,12XX W BROADWAY AVE,Fairview,490341.7582,5456752.9558
Mischief,2017,12,14,9,6,12XX W BROADWAY AVE,Fairview,490381.3842,5456761.122
Mischief,2017,12,10,22,5,12XX W BROADWAY AVE,Fairview,490433.5515,5456750.6846
Mischief,2017,3,21,17,0,12XX W CORDOVA ST,Central Business District,491003.7164,5459691.5289
Mischief,2017,10,6,17,1,12XX W CORDOVA ST,Central Business District,491077.5995,5459646.4033
Mischief,2017,12,31,19,21,12XX W CORDOVA ST,Central Business District,491077.5995,5459646.4033
Mischief,2017,3,11,19,45,12XX W CORDOVA ST,Central Business District,491113.6115,5459615.3056
Mischief,2017,3,11,22,0,12XX W CORDOVA ST,Central Business District,491113.6115,5459615.3056
Mischief,2017,3,11,23,0,12XX W CORDOVA ST,Central Business District,491113.6115,5459615.3056
Mischief,2017,4,8,18,0,12XX W CORDOVA ST,Central Business District,491113.6115,5459615.3056
Mischief,2017,7,4,18,0,12XX W CORDOVA ST,Central Business District,491113.6115,5459615.3056
Mischief,2017,1,20,16,0,12XX W GEORGIA ST,West End,490784.6792,5459477.7821
Mischief,2017,7,19,16,10,12XX W GEORGIA ST,West End,490877.0188,5459385.9862
Mischief,2017,9,6,1,0,12XX W GEORGIA ST,Central Business District,490885.7068,5459390.2434
Mischief,2017,1,20,10,15,12XX W HASTINGS ST,Central Business District,491061.5289,5459578.1999
Mischief,2017,5,11,13,32,12XX W KING EDWARD AVE,Shaughnessy,490226.6793,5455195.7862
Mischief,2017,12,4,11,0,12XX WOODLAND DR,Grandview-Woodland,494655.7669,5457904.2188
Mischief,2017,8,28,6,29,13XX ARBUTUS ST,Kitsilano,488900.5851,5457975.5879
Mischief,2017,10,4,21,30,13XX ARBUTUS ST,Kitsilano,488909.7191,5457975.1116
Mischief,2017,10,22,11,30,13XX BARCLAY ST,West End,490447.6802,5459259.5019
Mischief,2017,4,8,20,0,13XX BARCLAY ST,West End,490450.2246,5459269.787
Mischief,2017,6,23,16,0,13XX BARCLAY ST,West End,490493.695,5459214.6979
Mischief,2017,5,29,10,36,13XX BURRARD ST,Central Business District,490446.4355,5458325.5382
Mischief,2017,6,18,0,56,13XX BURRARD ST,West End,490463.6362,5458355.6331
Mischief,2017,3,19,14,0,13XX BUTE ST,West End,490223.0721,5458706.347
Mischief,2017,7,5,18,0,13XX BUTE ST,West End,490223.0721,5458706.347
Mischief,2017,6,12,18,0,13XX CARDERO ST,West End,489784.338,5459030.5339
Mischief,2017,12,20,15,0,13XX CARTWRIGHT ST,Fairview,490294.4083,5457445.8615
Mischief,2017,6,12,21,40,13XX COMMERCIAL DR,Grandview-Woodland,494932.1515,5457722.1002
Mischief,2017,2,19,22,0,13XX COMMERCIAL DR,Grandview-Woodland,494933.3932,5457786.5155
Mischief,2017,10,16,22,0,13XX COMMERCIAL DR,Grandview-Woodland,494933.5061,5457792.3715
Mischief,2017,10,25,3,45,13XX COMMERCIAL DR,Grandview-Woodland,494933.7777,5457806.3001
Mischief,2017,4,1,16,32,13XX COMMERCIAL DR,Grandview-Woodland,494941.4819,5457731.6839
Mischief,2017,4,29,20,13,13XX COMMERCIAL DR,Grandview-Woodland,494942.9871,5457809.7631
Mischief,2017,9,4,18,0,13XX CONTINENTAL ST,Central Business District,490638.5428,5458160.6568
Mischief,2017,12,20,11,0,13XX COTTON DR,Grandview-Woodland,494792.6475,5457796.7447
Mischief,2017,10,22,14,0,13XX DAVIE ST,West End,490181.6254,5458903.786
Mischief,2017,6,18,10,0,13XX E 10TH AVE,Kensington-Cedar Cottage,494376.521,5456513.9624
Mischief,2017,2,25,18,30,13XX E 11TH AVE,Kensington-Cedar Cottage,494376.2447,5456415.1643
Mischief,2017,6,11,18,0,13XX E 11TH AVE,Kensington-Cedar Cottage,494376.2447,5456415.1643
Mischief,2017,3,6,18,0,13XX E 12TH AVE,Kensington-Cedar Cottage,494422.9233,5456316.5765
Mischief,2017,9,2,15,0,13XX E 12TH AVE,Kensington-Cedar Cottage,494453.757,5456325.7958
Mischief,2017,1,12,19,0,13XX E 13TH AVE,Kensington-Cedar Cottage,494426.7236,5456216.6522
Mischief,2017,7,30,16,55,13XX E 17TH AVE,Kensington-Cedar Cottage,494418.6186,5455837.9688
Mischief,2017,6,22,18,36,13XX E 17TH AVE,Kensington-Cedar Cottage,494449.1202,5455837.4296
Mischief,2017,4,30,19,0,13XX E 19TH AVE,Kensington-Cedar Cottage,494335.848,5455646.8428
Mischief,2017,6,24,22,58,13XX E 26TH AVE,Kensington-Cedar Cottage,494322.3326,5454970.2739
Mischief,2017,3,25,18,0,13XX E 47TH AVE,Sunset,494183.4205,5452769.9618
Mischief,2017,10,1,16,30,13XX E 54TH AVE,Sunset,494278.582,5451961.5323
Mischief,2017,12,1,19,0,13XX E 59TH AVE,Sunset,494265.8952,5451511.5489
Mischief,2017,8,22,0,0,13XX E 63RD AVE,Sunset,494253.6756,5451119.1855
Mischief,2017,1,25,14,49,13XX E 7TH AVE,Grandview-Woodland,494408.6279,5456836.6655
Mischief,2017,12,21,9,0,13XX E 7TH AVE,Grandview-Woodland,494451.9497,5456835.7874
Mischief,2017,2,5,13,37,13XX E 8TH AVE,Grandview-Woodland,494401.9637,5456727.4443
Mischief,2017,5,16,0,43,13XX E 8TH AVE,Grandview-Woodland,494401.9637,5456727.4443
Mischief,2017,6,25,3,51,13XX E HASTINGS ST,Grandview-Woodland,494413.1594,5458730.1757
Mischief,2017,1,2,4,1,13XX GRANVILLE BRDG,Central Business District,490685.6376,5458142.3647
Mischief,2017,7,26,9,45,13XX GRANVILLE BRDG,Central Business District,490691.7349,5458135.8515
Mischief,2017,3,19,0,0,13XX GRANVILLE ST,Central Business District,490702.1119,5458145.7983
Mischief,2017,3,15,2,0,13XX GRANVILLE ST,Central Business District,490709.5111,5458152.977
Mischief,2017,11,25,20,0,13XX GRAVELEY ST,Grandview-Woodland,494418.9859,5457531.5254
Mischief,2017,7,21,17,0,13XX HARO ST,West End,490509.464,5459350.455
Mischief,2017,12,30,21,0,13XX HARO ST,West End,490559.2945,5459301.0396
Mischief,2017,8,16,21,30,13XX HARWOOD ST,West End,489967.9229,5458816.8945
Mischief,2017,5,2,8,46,13XX HARWOOD ST,West End,489998.3881,5458773.3473
Mischief,2017,12,12,10,59,13XX HOMER ST,Central Business District,490884.6307,5457917.275
Mischief,2017,9,28,0,45,13XX HOMER ST,Central Business District,490891.9138,5457924.9907
Mischief,2017,1,25,0,42,13XX HOMER ST,Central Business District,490893.101,5457912.9273
Mischief,2017,1,25,14,7,13XX HOMER ST,Central Business District,490893.101,5457912.9273
Mischief,2017,1,22,7,44,13XX HOMER ST,Central Business District,490916.6939,5457937.9216
Mischief,2017,8,28,14,37,13XX HOMER ST,Central Business District,490916.6939,5457937.9216
Mischief,2017,3,3,17,0,13XX HORNBY ST,Central Business District,490519.8692,5458259.212
Mischief,2017,6,28,13,7,13XX HORNBY ST,Central Business District,490564.1722,5458290.1094
Mischief,2017,12,20,19,58,13XX HORNBY ST,Central Business District,490564.1722,5458290.1094
Mischief,2017,2,3,22,30,13XX HOWE ST,Central Business District,490531.019,5458135.3664
Mischief,2017,2,26,14,35,13XX HOWE ST,Central Business District,490565.4463,5458169.3364
Mischief,2017,3,31,16,1,13XX HOWE ST,Central Business District,490565.4463,5458169.3364
Mischief,2017,5,6,21,10,13XX HOWE ST,Central Business District,490565.4463,5458169.3364
Mischief,2017,3,19,10,0,13XX JERVIS ST,West End,489987.349,5458693.3784
Mischief,2017,1,6,7,15,13XX JOHNSTON ST,Fairview,490270.8975,5457590.1919
Mischief,2017,4,7,3,49,13XX JOHNSTON ST,Fairview,490270.8975,5457590.1919
Mischief,2017,10,10,10,24,13XX JOHNSTON ST,Fairview,490270.8975,5457590.1919
Mischief,2017,8,11,22,30,13XX LAURIER AVE,Shaughnessy,490074.0872,5455339.6437
Mischief,2017,9,9,20,0,13XX MAPLE ST,Kitsilano,489082.95,5457942.2405
Mischief,2017,3,31,17,18,13XX NANAIMO ST,Hastings-Sunrise,495888.2797,5457756.5089
Mischief,2017,3,24,11,27,13XX NELSON ST,West End,490377.3461,5459171.2642
Mischief,2017,10,19,14,30,13XX NELSON ST,West End,490391.5043,5459170.1486
Mischief,2017,7,14,5,2,13XX NELSON ST,West End,490414.1087,5459135.0309
Mischief,2017,11,30,14,0,13XX NELSON ST,West End,490414.1087,5459135.0309
Mischief,2017,12,28,10,0,13XX PENDRELL ST,West End,490212.3448,5459040.0615
Mischief,2017,12,10,5,50,13XX PENDRELL ST,West End,490254.813,5458984.4632
Mischief,2017,11,27,21,0,13XX RICHARDS ST,Central Business District,490835.981,5457997.8622
Mischief,2017,9,7,21,5,13XX ROBSON ST,West End,490555.8393,5459459.1848
Mischief,2017,10,27,0,0,13XX ROBSON ST,West End,490579.5052,5459435.5802
Mischief,2017,10,29,21,30,13XX ROBSON ST,West End,490579.5052,5459435.5802
Mischief,2017,7,9,23,24,13XX ROBSON ST,West End,490599.1574,5459415.9793
Mischief,2017,11,22,8,59,13XX ROBSON ST,West End,490619.3713,5459408.7329
Mischief,2017,10,20,9,45,13XX ROLSTON ST,Central Business District,490735.2931,5458092.4386
Mischief,2017,8,21,11,20,13XX SEYMOUR ST,Central Business District,490781.5759,5458081.3014
Mischief,2017,11,17,3,4,13XX SW MARINE DR,Marpole,490134.4365,5450044.9917
Mischief,2017,3,18,19,19,13XX W 11TH AVE,Fairview,490140.6216,5456555.8538
Mischief,2017,2,2,19,0,13XX W 14TH AVE,Fairview,490095.9603,5456247.2208
Mischief,2017,12,30,17,30,13XX W 4TH AVE,Fairview,490206.954,5457061.1416
Mischief,2017,2,2,2,59,13XX W 51ST AVE,Oakridge,490040.9847,5452464.5434
Mischief,2017,9,16,20,0,13XX W 6TH AVE,Fairview,490195.402,5457043.2582
Mischief,2017,6,17,23,19,13XX W 70TH AVE,Marpole,490142.3312,5450653.0372
Mischief,2017,9,13,2,44,13XX W 73RD AVE,Marpole,490178.2791,5450171.3225
Mischief,2017,11,12,14,0,13XX W 7TH AVE,Fairview,490176.6073,5456960.5614
Mischief,2017,3,21,10,51,13XX W BROADWAY AVE,Fairview,490229.4103,5456755.865
Mischief,2017,12,31,6,30,13XX W BROADWAY AVE,Fairview,490229.4103,5456755.865
Mischief,2017,10,26,22,0,13XX W GEORGIA ST,Central Business District,490743.2799,5459531.5866
Mischief,2017,10,1,15,30,13XX W GEORGIA ST,Central Business District,490745.0812,5459529.809
Mischief,2017,12,27,16,30,13XX W PENDER ST,Central Business District,490797.3138,5459620.4887
Mischief,2017,3,23,3,30,13XX WALNUT ST,Kitsilano,489173.2046,5457967.7974
Mischief,2017,10,29,15,0,14XX ANDERSON ST,Fairview,490173.4443,5457688.6179
Mischief,2017,5,4,13,44,14XX BARCLAY ST,West End,490378.3866,5459327.5326
Mischief,2017,10,1,11,0,14XX BARCLAY ST,West End,490378.3866,5459327.5326
Mischief,2017,12,8,21,0,14XX BEACH AVE,West End,489845.3316,5458768.6557
Mischief,2017,7,19,22,0,14XX BURNABY ST,West End,489973.7858,5458950.8319
Mischief,2017,2,28,3,55,14XX BURRARD ST,Central Business District,490309.1668,5458181.3853
Mischief,2017,3,28,9,23,14XX BURRARD STREET BRDG,Central Business District,490337.7016,5458209.9872
Mischief,2017,1,18,5,27,14XX BURRARD STREET BRDG,Kitsilano,489531.0604,5457848.9949
Mischief,2017,3,25,22,30,14XX BURRARD STREET BRDG,Kitsilano,489531.0604,5457848.9949
Mischief,2017,4,8,17,0,14XX BURRARD STREET BRDG,Fairview,490027.3016,5458076.9207
Mischief,2017,12,1,10,42,14XX BURRARD STREET BRDG,Kitsilano,490027.3016,5458076.9207
Mischief,2017,3,21,11,54,14XX CEDAR COTTAGE MEWS,Kensington-Cedar Cottage,494525.3953,5455165.3652
Mischief,2017,9,24,12,0,14XX CHARLES ST,Grandview-Woodland,494537.1936,5457812.0169
Mischief,2017,1,22,15,0,14XX CHESTNUT ST,Kitsilano,489359.9171,5457819.9543
Mischief,2017,12,24,20,0,14XX CHESTNUT ST,Kitsilano,489359.9171,5457819.9543
Mischief,2017,4,16,20,57,14XX CLARK DR,Strathcona,494370.0885,5457697.7133
Mischief,2017,9,14,20,0,14XX COMMERCIAL DR,Grandview-Woodland,494941.0428,5457708.5221
Mischief,2017,7,27,19,51,14XX COMOX ST,West End,490214.0481,5459177.3984
Mischief,2017,11,18,8,15,14XX COMOX ST,West End,490214.0481,5459177.3984
Mischief,2017,11,19,21,30,14XX COMOX ST,West End,490214.0481,5459177.3984
Mischief,2017,2,19,6,27,14XX COMOX ST,West End,490221.3719,5459183.0097
Mischief,2017,4,28,16,5,14XX COMOX ST,West End,490232.8662,5459158.6568
Mischief,2017,6,5,17,5,14XX CREEKSIDE DR,Fairview,489764.4032,5457805.9818
Mischief,2017,9,1,19,0,14XX CREEKSIDE DR,Fairview,489764.4032,5457805.9818
Mischief,2017,10,1,0,0,14XX E 11TH AVE,Kensington-Cedar Cottage,494501.7089,5456413.4801
Mischief,2017,2,12,21,0,14XX E 14TH AVE,Kensington-Cedar Cottage,494510.5538,5456120.4359
Mischief,2017,11,10,20,0,14XX E 18TH AVE,Kensington-Cedar Cottage,494576.7218,5455742.4361
Mischief,2017,11,10,22,30,14XX E 18TH AVE,Kensington-Cedar Cottage,494576.7218,5455742.4361
Mischief,2017,10,31,19,0,14XX E 21ST AVE,Kensington-Cedar Cottage,494614.9533,5455440.3483
Mischief,2017,10,28,19,3,14XX E 27TH AVE,Kensington-Cedar Cottage,494484.0326,5454849.1467
Mischief,2017,5,16,8,40,14XX E 49TH AVE,Victoria-Fraserview,494372.9513,5452507.0056
Mischief,2017,5,29,22,30,14XX E 7TH AVE,Grandview-Woodland,494535.6496,5456824.9358
Mischief,2017,2,4,19,58,14XX E BROADWAY AVE,Kensington-Cedar Cottage,494591.3891,5456620.4736
Mischief,2017,9,27,8,0,14XX E GEORGIA ST,Grandview-Woodland,494503.4919,5458428.3054
Mischief,2017,4,15,14,0,14XX E HASTINGS ST,Grandview-Woodland,494501.9506,5458728.5402
Mischief,2017,9,2,18,20,14XX E HASTINGS ST,Grandview-Woodland,494501.9506,5458728.5402
Mischief,2017,1,18,14,44,14XX E HASTINGS ST,Grandview-Woodland,494563.7471,5458727.4016
Mischief,2017,9,22,8,5,14XX E HASTINGS ST,Grandview-Woodland,494563.7471,5458727.4016
Mischief,2017,10,1,22,30,14XX E HASTINGS ST,Grandview-Woodland,494563.7471,5458727.4016
Mischief,2017,12,28,23,0,14XX E HASTINGS ST,Grandview-Woodland,494563.7471,5458727.4016
Mischief,2017,9,25,19,40,14XX E HASTINGS ST,Grandview-Woodland,494592.7539,5458736.0127
Mischief,2017,8,7,20,0,14XX E KING EDWARD AVE,Kensington-Cedar Cottage,494477.5646,5455089.5381
Mischief,2017,10,28,13,4,14XX E KING EDWARD AVE,Kensington-Cedar Cottage,494477.5646,5455089.5381
Mischief,2017,11,1,1,0,14XX HARO ST,West End,490465.3956,5459393.1506
Mischief,2017,10,4,12,16,14XX HARWOOD ST,West End,489882.076,5458901.1113
Mischief,2017,12,9,22,0,14XX HARWOOD ST,West End,489882.076,5458901.1113
Mischief,2017,1,21,18,30,14XX HARWOOD ST,West End,489926.9028,5458848.2013
Mischief,2017,7,29,16,0,14XX HORNBY ST,Central Business District,490360.8481,5458086.7832
Mischief,2017,2,27,23,0,14XX HORNBY ST,Central Business District,490391.3158,5458130.8131
Mischief,2017,7,29,4,35,14XX HOWE ST,Central Business District,490435.076,5458022.9336
Mischief,2017,3,5,10,26,14XX KINGSWAY AVE,Kensington-Cedar Cottage,494638.9964,5455142.4666
Mischief,2017,1,24,14,53,14XX LABURNUM ST,Kitsilano,488991.696,5457822.5087
Mischief,2017,1,26,19,0,14XX LAMEYS MILL RD,Fairview,490093.8163,5457245.4082
Mischief,2017,7,16,5,2,14XX MAPLE ST,Kitsilano,489079.5285,5457838.8605
Mischief,2017,9,21,23,0,14XX MAPLE ST,Kitsilano,489080.5656,5457870.1944
Mischief,2017,4,16,13,0,14XX NAPIER ST,Grandview-Woodland,494498.4173,5458015.398
Mischief,2017,5,19,4,51,14XX NELSON ST,West End,490293.7069,5459253.5052
Mischief,2017,8,7,3,47,14XX NELSON ST,West End,490313.6847,5459233.9866
Mischief,2017,12,10,5,50,14XX PENDRELL ST,West End,490116.2554,5459123.6547
Mischief,2017,12,11,8,25,14XX PENDRELL ST,West End,490158.9472,5459080.7219
Mischief,2017,4,23,10,9,14XX QUEBEC ST,Central Business District,492586.5863,5457740.9297
Mischief,2017,5,7,10,10,14XX QUEBEC ST,Central Business District,492586.5863,5457740.9297
Mischief,2017,9,8,14,0,14XX QUEBEC ST,Central Business District,492586.5863,5457740.9297
Mischief,2017,9,9,1,48,14XX QUEBEC ST,Central Business District,492586.5863,5457740.9297
Mischief,2017,9,14,8,52,14XX QUEBEC ST,Central Business District,492586.5863,5457740.9297
Mischief,2017,9,14,8,54,14XX QUEBEC ST,Central Business District,492586.5863,5457740.9297
Mischief,2017,10,29,15,0,14XX QUEBEC ST,Central Business District,492586.5863,5457740.9297
Mischief,2017,11,1,8,21,14XX QUEBEC ST,Central Business District,492586.5863,5457740.9297
Mischief,2017,12,28,13,0,14XX QUEBEC ST,Central Business District,492586.5863,5457740.9297
Mischief,2017,1,4,22,0,14XX ROBSON ST,West End,490542.7452,5459472.1427
Mischief,2017,4,29,15,30,14XX ROBSON ST,West End,490542.7452,5459472.1427
Mischief,2017,10,5,6,30,14XX SEYMOUR MEWS,Central Business District,490579.1031,5457877.6666
Mischief,2017,11,1,1,0,14XX SW MARINE DR,Marpole,489877.0201,5450191.8741
Mischief,2017,6,18,16,52,14XX SW MARINE DR,Marpole,489888.1702,5450214.08
Mischief,2017,11,3,15,15,14XX W 12TH AVE,Fairview,490046.9541,5456448.9346
Mischief,2017,10,31,18,40,14XX W 12TH AVE,Fairview,490085.4554,5456447.7717
Mischief,2017,12,25,22,0,14XX W 54TH AVE,Oakridge,489833.4246,5452115.3992
Mischief,2017,1,19,9,49,14XX W 64TH AVE,Marpole,489973.1621,5451151.6464
Mischief,2017,8,5,18,0,14XX W 64TH AVE,Marpole,489973.1621,5451151.6464
Mischief,2017,4,27,17,0,14XX W 6TH AVE,Fairview,490047.3281,5457048.5742
Mischief,2017,2,9,20,30,14XX W 70TH AVE,Marpole,489958.9408,5450649.3715
Mischief,2017,7,1,10,0,14XX W BROADWAY AVE,Fairview,489964.7917,5456771.3431
Mischief,2017,4,21,15,48,14XX W BROADWAY AVE,Fairview,490043.0822,5456769.7695
Mischief,2017,11,25,18,0,14XX W GEORGIA ST,West End,490628.9295,5459632.7902
Mischief,2017,11,27,18,0,14XX W GEORGIA ST,West End,490628.9295,5459632.7902
Mischief,2017,12,4,21,11,14XX W GEORGIA ST,West End,490628.9295,5459632.7902
Mischief,2017,2,13,16,7,14XX W GEORGIA ST,Central Business District,490632.1266,5459642.5723
Mischief,2017,3,13,15,0,14XX WILLIAM ST,Grandview-Woodland,494540.2306,5457923.7314
Mischief,2017,3,13,19,15,14XX WILLIAM ST,Grandview-Woodland,494540.2306,5457923.7314
Mischief,2017,10,5,21,50,14XX WILLIAM ST,Grandview-Woodland,494540.2306,5457923.7314
Mischief,2017,7,28,12,56,1500K MAIN ST,Strathcona,492734.2783,5457773.2388
Mischief,2017,9,4,4,21,15XX ADANAC ST,Grandview-Woodland,494639.3325,5458317.1795
Mischief,2017,2,5,6,0,15XX ATLAS LANE,Kerrisdale,489740.1278,5452008.7382
Mischief,2017,3,26,0,0,15XX BARCLAY ST,West End,490266.5416,5459439.2911
Mischief,2017,1,28,22,30,15XX BURNABY ST,West End,489884.0132,5459039.8653
Mischief,2017,1,29,0,45,15XX BURNABY ST,West End,489884.0132,5459039.8653
Mischief,2017,8,7,0,11,15XX BURNABY ST,West End,489915.3899,5459008.9255
Mischief,2017,6,20,4,15,15XX COAL HARBOUR QUAY,Central Business District,490667.1295,5459894.2914
Mischief,2017,1,18,14,46,15XX COMMERCIAL DR,Grandview-Woodland,494930.191,5457606.9666
Mischief,2017,1,11,11,36,15XX COMMERCIAL DR,Grandview-Woodland,494930.4929,5457623.17
Mischief,2017,2,22,13,0,15XX COMMERCIAL DR,Grandview-Woodland,494930.4929,5457623.17
Mischief,2017,11,29,13,31,15XX COMMERCIAL DR,Grandview-Woodland,494930.4929,5457623.17
Mischief,2017,5,5,16,42,15XX COMMERCIAL DR,Grandview-Woodland,494939.5988,5457621.0585
Mischief,2017,10,25,19,0,15XX COMOX ST,West End,490112.0698,5459279.1129
Mischief,2017,10,4,7,30,15XX COMOX ST,West End,490125.8866,5459265.2998
Mischief,2017,11,22,15,30,15XX COMOX ST,West End,490125.8866,5459265.2998
Mischief,2017,12,1,17,0,15XX COMOX ST,West End,490125.8866,5459265.2998
Mischief,2017,12,19,19,0,15XX COMOX ST,West End,490125.8866,5459265.2998
Mischief,2017,3,20,3,0,15XX DAVIE ST,West End,489962.7286,5459119.1835
Mischief,2017,9,27,19,30,15XX DAVIE ST,West End,489994.1287,5459087.9913
Mischief,2017,10,8,8,52,15XX DAVIE ST,West End,489994.1287,5459087.9913
Mischief,2017,9,13,19,0,15XX E 11TH AVE,Kensington-Cedar Cottage,494653.3001,5456411.0233
Mischief,2017,1,31,19,36,15XX E 12TH AVE,Kensington-Cedar Cottage,494659.6124,5456322.6218
Mischief,2017,1,3,23,55,15XX E 20TH AVE,Kensington-Cedar Cottage,494781.5182,5455535.9941
Mischief,2017,5,20,1,0,15XX E 2ND AVE,Grandview-Woodland,494715.2666,5457336.3796
Mischief,2017,4,20,8,30,15XX E 37TH AVE,Kensington-Cedar Cottage,494653.2242,5453786.3746
Mischief,2017,10,31,23,27,15XX E 3RD AVE,Grandview-Woodland,494693.2017,5457235.8892
Mischief,2017,11,5,11,2,15XX E 4TH AVE,Grandview-Woodland,494655.4608,5457123.6056
Mischief,2017,3,20,0,0,15XX E 55TH AVE,Victoria-Fraserview,494571.9289,5451871.3002
Mischief,2017,8,2,23,38,15XX E 57TH AVE,Victoria-Fraserview,494544.9173,5451702.0345
Mischief,2017,8,26,19,20,15XX E 5TH AVE,Grandview-Woodland,494755.6684,5457034.3358
Mischief,2017,2,22,16,32,15XX E BROADWAY AVE,Kensington-Cedar Cottage,494655.6355,5456619.5405
Mischief,2017,3,13,19,12,15XX E BROADWAY AVE,Grandview-Woodland,494739.8266,5456627.52
Mischief,2017,1,11,4,55,15XX E HASTINGS ST,Grandview-Woodland,494703.9379,5458724.7389
Mischief,2017,5,6,7,11,15XX E HASTINGS ST,Grandview-Woodland,494703.9379,5458724.7389
Mischief,2017,2,27,15,34,15XX E KING EDWARD AVE,Kensington-Cedar Cottage,494691.1787,5455078.4288
Mischief,2017,3,25,6,6,15XX E KING EDWARD AVE,Kensington-Cedar Cottage,494691.1787,5455078.4288
Mischief,2017,5,8,22,0,15XX FRANCES ST,Grandview-Woodland,494614.255,5458517.266
Mischief,2017,4,20,5,0,15XX HARO ST,West End,490350.3292,5459507.0402
Mischief,2017,5,16,12,0,15XX HARO ST,West End,490387.9769,5459481.5652
Mischief,2017,7,21,5,21,15XX ISLAND PARK WALK,Fairview,489999.9609,5457483.8373
Mischief,2017,3,10,0,45,15XX JOHNSTON ST,Fairview,490177.1178,5457687.5704
Mischief,2017,8,21,22,0,15XX KAMLOOPS ST,Hastings-Sunrise,496026.6172,5457585.1095
Mischief,2017,5,6,7,0,15XX KINGSWAY AVE,Kensington-Cedar Cottage,494803.5526,5455029.8177
Mischief,2017,6,9,18,34,15XX KINGSWAY AVE,Kensington-Cedar Cottage,494806.5387,5455038.9186
Mischief,2017,11,5,13,0,15XX KITCHENER ST,Grandview-Woodland,494725.2231,5457717.948
Mischief,2017,11,5,23,0,15XX LAKEWOOD DR,Grandview-Woodland,495504.0008,5457605.1711
Mischief,2017,7,17,12,0,15XX LILLOOET ST,Hastings-Sunrise,497172.6463,5457616.3582
Mischief,2017,3,21,18,59,15XX MAIN ST,Mount Pleasant,492697.8332,5457658.4092
Mischief,2017,3,31,3,16,15XX MAIN ST,Mount Pleasant,492697.8332,5457658.4092
Mischief,2017,9,19,9,11,15XX MAIN ST,Mount Pleasant,492697.8332,5457658.4092
Mischief,2017,9,30,13,45,15XX MAIN ST,Mount Pleasant,492697.8332,5457658.4092
Mischief,2017,10,31,3,37,15XX MAIN ST,Mount Pleasant,492697.8332,5457658.4092
Mischief,2017,1,27,19,0,15XX MAPLE ST,Kitsilano,489065.6942,5457720.824
Mischief,2017,4,11,21,27,15XX MARINER WALK,Fairview,489855.7575,5457511.3968
Mischief,2017,3,23,12,23,15XX MCLEAN DR,Grandview-Woodland,494519.974,5457575.9635
Mischief,2017,10,29,1,47,15XX NELSON ST,West End,490205.5127,5459352.9426
Mischief,2017,7,15,21,0,15XX NELSON ST,West End,490225.2814,5459320.425
Mischief,2017,4,8,0,0,15XX PENDRELL ST,West End,490062.6529,5459190.4707
Mischief,2017,7,4,19,5,15XX PENDRELL ST,West End,490062.6529,5459190.4707
Mischief,2017,8,11,7,0,15XX PENDRELL ST,West End,490074.3594,5459165.7759
Mischief,2017,10,4,17,0,15XX PENDRELL ST,West End,490074.3594,5459165.7759
Mischief,2017,3,7,0,0,15XX POWELL ST,Grandview-Woodland,494635.2109,5458946.1424
Mischief,2017,9,29,15,0,15XX POWELL ST,Grandview-Woodland,494635.2109,5458946.1424
Mischief,2017,10,20,13,59,15XX POWELL ST,Grandview-Woodland,494635.2109,5458946.1424
Mischief,2017,9,30,1,49,15XX POWELL ST,Grandview-Woodland,494670.11,5458964.4903
Mischief,2017,12,24,5,38,15XX QUEBEC ST,Mount Pleasant,492599.6717,5457689.3808
Mischief,2017,6,26,17,38,15XX RAND AVE,Marpole,489588.2959,5450352.8135
Mischief,2017,10,17,23,30,15XX ROBSON ST,West End,490444.8734,5459567.7885
Mischief,2017,10,4,15,12,15XX ROBSON ST,West End,490446.4684,5459579.1065
Mischief,2017,2,8,23,18,15XX SE MARINE DR,Victoria-Fraserview,494584.1499,5450933.1809
Mischief,2017,4,7,15,54,15XX SW MARINE DR,Marpole,489520.9032,5450647.7069
Mischief,2017,12,11,19,0,15XX VENABLES ST,Grandview-Woodland,494644.0184,5458225.1459
Mischief,2017,4,3,12,0,15XX VINE ST,Kitsilano,488557.7014,5457772.9759
Mischief,2017,2,13,18,0,15XX W 10TH AVE,Fairview,489918.1647,5456657.4674
Mischief,2017,11,9,18,30,15XX W 11TH AVE,Fairview,489822.2421,5456555.9857
Mischief,2017,2,16,13,45,15XX W 12TH AVE,Fairview,489889.8444,5456462.7799
Mischief,2017,12,5,22,15,15XX W 15TH AVE,Fairview,489732.8497,5456154.7765
Mischief,2017,10,9,8,0,15XX W 16TH AVE,Fairview,489784.7451,5456049.1462
Mischief,2017,10,14,20,0,15XX W 16TH AVE,Fairview,489835.9712,5456047.624
Mischief,2017,11,30,12,0,15XX W 1ST AVE,Fairview,489747.3419,5457601.2815
Mischief,2017,5,27,10,19,15XX W 1ST AVE,Fairview,489811.3325,5457645.5782
Mischief,2017,10,13,17,0,15XX W 2ND AVE,Fairview,489963.0603,5457418.1395
Mischief,2017,7,9,12,45,15XX W 33RD AVE,Shaughnessy,489746.8638,5454352.4347
Mischief,2017,8,28,9,42,15XX W 3RD AVE,Fairview,489808.3659,5457352.78
Mischief,2017,3,26,1,53,15XX W 4TH AVE,Fairview,489874.4116,5457256.6517
Mischief,2017,1,15,12,0,15XX W 62ND AVE,Marpole,489780.5259,5451355.296
Mischief,2017,6,20,1,35,15XX W 63RD AVE,Marpole,489777.0306,5451250.307
Mischief,2017,8,18,22,30,15XX W 64TH AVE,Marpole,489613.2795,5451160.287
Mischief,2017,7,10,21,30,15XX W 65TH AVE,Marpole,489758.7156,5451066.2188
Mischief,2017,6,1,9,0,15XX W 66TH AVE,Marpole,489743.5411,5450968.2943
Mischief,2017,12,8,14,56,15XX W 68TH AVE,Marpole,489673.8342,5450865.6971
Mischief,2017,10,13,18,0,15XX W 6TH AVE,Fairview,489831.0809,5457053.9465
Mischief,2017,6,15,0,0,15XX W 7TH AVE,Fairview,489830.2657,5456969.562
Mischief,2017,11,29,8,30,15XX W 7TH AVE,Fairview,489830.2657,5456969.562
Mischief,2017,4,28,12,0,15XX W 7TH AVE,Fairview,489869.3338,5456959.403
Mischief,2017,9,26,3,38,15XX W 8TH AVE,Fairview,489880.4569,5456874.8903
Mischief,2017,11,15,1,49,15XX W BROADWAY AVE,Fairview,489751.8219,5456775.1439
Mischief,2017,1,13,11,21,15XX W BROADWAY AVE,Fairview,489913.4796,5456772.3596
Mischief,2017,1,14,15,20,15XX W BROADWAY AVE,Fairview,489918.0,5456767.0
Mischief,2017,10,8,22,26,15XX W GEORGIA ST,West End,490582.626,5459679.7687
Mischief,2017,2,5,12,0,15XX W PENDER ST,Central Business District,490585.011,5459729.3314
Mischief,2017,12,1,19,0,15XX WILLIAM ST,Grandview-Woodland,494739.3469,5457910.9085
Mischief,2017,3,18,17,1,15XX WOODLAND DR,Grandview-Woodland,494652.1964,5457577.6253
Mischief,2017,9,13,23,0,15XX WOODLAND DR,Grandview-Woodland,494652.1964,5457577.6253
Mischief,2017,5,24,10,27,15XX WOODLAND DR,Grandview-Woodland,494652.221,5457578.8873
Mischief,2017,11,29,1,0,15XX WOODLAND DR,Grandview-Woodland,494661.4366,5457582.4461
Mischief,2017,12,11,14,0,15XX WOODLAND DR,Grandview-Woodland,494661.4366,5457582.4461
Mischief,2017,10,9,18,0,15XX YEW ST,Kitsilano,488730.929,5457768.3574
Mischief,2017,2,19,23,51,16XX ALBERNI ST,West End,490395.7219,5459773.3479
Mischief,2017,7,23,17,30,16XX ALBERNI ST,West End,490406.645,5459762.5174
Mischief,2017,11,18,7,0,16XX ALBERNI ST,West End,490406.645,5459762.5174
Mischief,2017,8,3,18,11,16XX ALBERNI ST,West End,490417.6148,5459751.6408
Mischief,2017,8,22,0,0,16XX ALBERNI ST,West End,490448.237,5459721.2791
Mischief,2017,8,26,1,51,16XX BARCLAY ST,West End,490221.8768,5459483.1298
Mischief,2017,9,27,5,9,16XX BARCLAY ST,West End,490228.3212,5459489.6168
Mischief,2017,10,29,6,0,16XX BAYSHORE DR,Central Business District,490459.412,5459919.8512
Mischief,2017,9,9,20,0,16XX BAYSHORE DR,Central Business District,490520.4315,5459929.9482
Mischief,2017,5,13,0,0,16XX BAYSHORE DR,Central Business District,490555.6472,5459895.4575
Mischief,2017,6,3,22,0,16XX BAYSHORE DR,Central Business District,490555.6472,5459895.4575
Mischief,2017,6,19,20,0,16XX BAYSHORE DR,Central Business District,490555.6472,5459895.4575
Mischief,2017,7,30,11,12,16XX BAYSHORE DR,Central Business District,490555.6472,5459895.4575
Mischief,2017,2,13,14,30,16XX BAYSHORE DR,Central Business District,490592.1237,5459859.7313
Mischief,2017,8,10,10,0,16XX BAYSHORE DR,Central Business District,490592.1237,5459859.7313
Mischief,2017,8,15,7,22,16XX BAYSHORE DR,Central Business District,490592.1237,5459859.7313
Mischief,2017,4,7,5,0,16XX BAYSHORE DR,Central Business District,490598.522,5459866.264
Mischief,2017,7,8,14,0,16XX BAYSHORE DR,Central Business District,490598.522,5459866.264
Mischief,2017,7,29,12,0,16XX BAYSHORE DR,Central Business District,490598.522,5459866.264
Mischief,2017,8,8,14,0,16XX BAYSHORE DR,Central Business District,490598.522,5459866.264
Mischief,2017,9,5,22,0,16XX BAYSHORE DR,Central Business District,490598.522,5459866.264
Mischief,2017,6,23,4,5,16XX BEACH AVE,West End,489681.3949,5458937.0073
Mischief,2017,11,26,12,0,16XX BURNABY ST,West End,489770.7784,5459163.6721
Mischief,2017,12,9,20,0,16XX BURNABY ST,West End,489775.5065,5459146.2783
Mischief,2017,12,24,23,0,16XX BURNABY ST,West End,489775.5065,5459146.2783
Mischief,2017,11,23,3,58,16XX BURNABY ST,West End,489797.5958,5459124.7153
Mischief,2017,5,2,21,42,16XX CHARLES ST,Grandview-Woodland,494865.0347,5457810.0357
Mischief,2017,11,19,15,44,16XX COMMERCIAL DR,Grandview-Woodland,494937.7101,5457520.0451
Mischief,2017,4,13,16,0,16XX COMOX ST,West End,490021.7743,5459381.5281
Mischief,2017,12,15,3,56,16XX DAVIE ST,West End,489812.4684,5459268.9321
Mischief,2017,8,7,19,0,16XX DAVIE ST,West End,489856.5062,5459237.8924
Mischief,2017,3,10,11,48,16XX DAVIE ST,West End,489871.1197,5459223.3048
Mischief,2017,8,2,9,7,16XX DAVIE ST,West End,489897.7837,5459183.7677
Mischief,2017,10,10,18,45,16XX DURANLEAU ST,Fairview,490103.9743,5457641.2627
Mischief,2017,7,28,0,0,16XX DURANLEAU ST,Fairview,490106.4169,5457737.8729
Mischief,2017,9,15,16,0,16XX E 10TH AVE,Kensington-Cedar Cottage,494791.5509,5456522.0249
Mischief,2017,12,16,17,30,16XX E 10TH AVE,Kensington-Cedar Cottage,494852.7664,5456521.8817
Mischief,2017,5,12,23,0,16XX E 12TH AVE,Kensington-Cedar Cottage,494843.0346,5456321.1438
Mischief,2017,10,22,15,0,16XX E 12TH AVE,Kensington-Cedar Cottage,494843.0346,5456321.1438
Mischief,2017,10,31,12,0,16XX E 14TH AVE,Kensington-Cedar Cottage,494804.1403,5456118.4305
Mischief,2017,3,14,21,48,16XX E 1ST AVE,Grandview-Woodland,494860.7037,5457421.8849
Mischief,2017,2,18,8,30,16XX E 33RD AVE,Kensington-Cedar Cottage,494794.964,5454150.1613
Mischief,2017,7,8,23,0,16XX E 35TH AVE,Kensington-Cedar Cottage,494708.3379,5453963.9336
Mischief,2017,6,29,17,0,16XX E 41ST AVE,Victoria-Fraserview,494697.2846,5453317.6693
Mischief,2017,1,12,16,59,16XX E 57TH AVE,Victoria-Fraserview,494712.1248,5451699.4136
Mischief,2017,7,26,20,59,16XX E 58TH AVE,Victoria-Fraserview,494681.2942,5451601.7079
Mischief,2017,12,26,14,38,16XX E 6TH AVE,Grandview-Woodland,494787.0968,5456924.4808
Mischief,2017,2,7,6,55,16XX E 8TH AVE,Grandview-Woodland,494794.1286,5456729.5066
Mischief,2017,1,15,18,0,16XX E 8TH AVE,Grandview-Woodland,494900.7102,5456693.1563
Mischief,2017,1,16,1,0,16XX E 8TH AVE,Grandview-Woodland,494900.7102,5456693.1563
Mischief,2017,9,8,9,0,16XX E 8TH AVE,Grandview-Woodland,494900.7102,5456693.1563
Mischief,2017,10,31,18,0,16XX E BROADWAY AVE,Grandview-Woodland,494785.8499,5456626.8827
Mischief,2017,11,1,17,45,16XX E BROADWAY AVE,Grandview-Woodland,494785.8499,5456626.8827
Mischief,2017,1,2,17,38,16XX E BROADWAY AVE,Grandview-Woodland,494908.2389,5456625.1891
Mischief,2017,3,3,16,7,16XX E HASTINGS ST,Grandview-Woodland,494722.37,5458724.3256
Mischief,2017,10,4,17,41,16XX E HASTINGS ST,Grandview-Woodland,494731.7058,5458724.0333
Mischief,2017,3,15,13,0,16XX E HASTINGS ST,Grandview-Woodland,494815.7284,5458721.4033
Mischief,2017,5,26,0,0,16XX E HASTINGS ST,Grandview-Woodland,494815.7284,5458721.4033
Mischief,2017,8,12,18,45,16XX E HASTINGS ST,Grandview-Woodland,494816.0145,5458730.5428
Mischief,2017,3,4,16,0,16XX E KENT AVE N,Victoria-Fraserview,494662.6431,5450733.7671
Mischief,2017,4,5,14,40,16XX E PENDER ST,Grandview-Woodland,494723.357,5458614.9868
Mischief,2017,4,24,0,20,16XX E PENDER ST,Grandview-Woodland,494723.357,5458614.9868
Mischief,2017,4,24,7,30,16XX E PENDER ST,Grandview-Woodland,494723.357,5458614.9868
Mischief,2017,4,24,8,0,16XX E PENDER ST,Grandview-Woodland,494785.963,5458613.8727
Mischief,2017,9,14,14,3,16XX E PENDER ST,Grandview-Woodland,494838.4325,5458612.9387
Mischief,2017,3,19,1,0,16XX FRANCES ST,Grandview-Woodland,494724.5905,5458514.8263
Mischief,2017,11,26,20,0,16XX FRANCES ST,Grandview-Woodland,494799.1125,5458513.2754
Mischief,2017,11,17,8,15,16XX FRANKLIN ST,Grandview-Woodland,494725.2877,5458826.2945
Mischief,2017,2,11,4,30,16XX FRANKLIN ST,Grandview-Woodland,494832.3206,5458824.3612
Mischief,2017,11,29,17,0,16XX GARDEN DR,Grandview-Woodland,495786.4766,5457515.3151
Mischief,2017,5,3,21,31,16XX GRANVILLE ST,Central Business District,490419.584,5457877.1578
Mischief,2017,6,5,18,0,16XX GRANVILLE ST,Central Business District,490419.584,5457877.1578
Mischief,2017,6,23,22,0,16XX GRANVILLE ST,Central Business District,490419.584,5457877.1578
Mischief,2017,11,7,21,30,16XX GRANVILLE ST,Central Business District,490419.584,5457877.1578
Mischief,2017,11,7,23,0,16XX GRANVILLE ST,Central Business District,490419.584,5457877.1578
Mischief,2017,4,18,18,0,16XX GRANVILLE ST,Central Business District,490427.8293,5457872.5618
Mischief,2017,8,18,23,0,16XX HARO ST,West End,490242.0135,5459620.1911
Mischief,2017,11,28,19,0,16XX HARO ST,West End,490270.9144,5459603.2533
Mischief,2017,5,29,14,15,16XX HORNBY ST,Central Business District,490299.2806,5458037.7311
Mischief,2017,12,23,15,15,16XX HORNBY ST,Central Business District,490299.2806,5458037.7311
Mischief,2017,3,11,2,33,16XX KINGSWAY AVE,Kensington-Cedar Cottage,494843.3101,5455012.7707
Mischief,2017,5,20,14,30,16XX KINGSWAY AVE,Kensington-Cedar Cottage,494875.6179,5454978.5939
Mischief,2017,10,30,2,0,16XX KINGSWAY AVE,Kensington-Cedar Cottage,494896.3004,5454963.8961
Mischief,2017,5,21,2,0,16XX MAIN ST,Mount Pleasant,492681.9429,5457603.4113
Mischief,2017,12,15,20,48,16XX MANITOBA ST,Mount Pleasant,492238.3538,5457603.3647
Mischief,2017,6,1,10,36,16XX NAPIER ST,Grandview-Woodland,494923.2387,5458018.9232
Mischief,2017,8,12,15,0,16XX NAPIER ST,Grandview-Woodland,494923.2387,5458018.9232
Mischief,2017,10,7,20,0,16XX NAPIER ST,Grandview-Woodland,494923.2387,5458018.9232
Mischief,2017,6,18,9,0,16XX ONTARIO ST,Mount Pleasant,492385.0288,5457533.6844
Mischief,2017,11,8,0,1,16XX ONTARIO ST,Mount Pleasant,492385.0288,5457533.6844
Mischief,2017,10,2,20,0,16XX PANDORA ST,Grandview-Woodland,494743.5547,5458925.1517
Mischief,2017,3,10,18,30,16XX PANDORA ST,Grandview-Woodland,494803.6251,5458924.412
Mischief,2017,12,8,5,45,16XX PENDRELL ST,West End,489915.7313,5459322.8049
Mischief,2017,9,9,2,29,16XX QUEBEC ST,Mount Pleasant,492588.7135,5457658.0048
Mischief,2017,9,16,11,30,16XX QUEBEC ST,Mount Pleasant,492588.7135,5457658.0048
Mischief,2017,11,10,21,30,16XX QUEBEC ST,Mount Pleasant,492588.7135,5457658.0048
Mischief,2017,7,2,16,56,16XX ROBSON ST,West End,490361.0873,5459651.4651
Mischief,2017,12,11,17,0,16XX VENABLES ST,Grandview-Woodland,494763.9833,5458222.0234
Mischief,2017,11,10,20,0,16XX W 10TH AVE,Fairview,489607.3914,5456674.5562
Mischief,2017,12,4,17,0,16XX W 12TH AVE,Fairview,489585.2867,5456462.1456
Mischief,2017,5,14,19,0,16XX W 12TH AVE,Fairview,489663.5199,5456459.9358
Mischief,2017,11,6,23,0,16XX W 13TH AVE,Fairview,489584.2608,5456352.0818
Mischief,2017,1,24,6,39,16XX W 3RD AVE,Fairview,489687.8754,5457356.1939
Mischief,2017,8,28,5,30,16XX W 45TH AVE,Kerrisdale,489693.5399,5453101.5469
Mischief,2017,12,2,14,0,16XX W 4TH AVE,Fairview,489589.3217,5457249.8832
Mischief,2017,5,26,14,30,16XX W 4TH AVE,Fairview,489596.6103,5457249.6751
Mischief,2017,2,7,0,40,16XX W 4TH AVE,Fairview,489712.4156,5457255.6053
Mischief,2017,7,24,7,0,16XX W 4TH AVE,Fairview,489712.4156,5457255.6053
Mischief,2017,9,5,11,35,16XX W 5TH AVE,Fairview,489585.1449,5457156.071
Mischief,2017,9,21,8,0,16XX W 5TH AVE,Fairview,489692.7989,5457155.076
Mischief,2017,12,10,12,0,16XX W 5TH AVE,Fairview,489743.6733,5457154.6108
Mischief,2017,3,28,16,58,16XX W 62ND AVE,Marpole,489459.9391,5451361.7089
Mischief,2017,11,7,9,0,16XX W 75TH AVE,Marpole,489286.1314,5450406.7127
Mischief,2017,9,22,16,45,16XX W 75TH AVE,Marpole,489425.2807,5450307.181
Mischief,2017,9,17,19,0,16XX W 7TH AVE,Fairview,489655.3971,5456964.8689
Mischief,2017,6,22,8,0,16XX W 8TH AVE,Fairview,489604.5103,5456882.6285
Mischief,2017,2,5,14,50,16XX W 8TH AVE,Fairview,489651.5906,5456872.4922
Mischief,2017,4,10,15,56,16XX WHYTE AVE,Kitsilano,489805.8979,5458085.9514
Mischief,2017,11,30,20,0,16XX WILLIAM ST,Grandview-Woodland,494816.207,5457917.0917
Mischief,2017,4,6,1,34,17XX BALSAM ST,Kitsilano,488382.3758,5457562.4112
Mischief,2017,9,11,19,36,17XX BURRARD ST,Fairview,489417.2623,5457487.0373
Mischief,2017,4,1,0,0,17XX BURRARD ST,Fairview,489419.4988,5457524.5822
Mischief,2017,2,26,15,27,17XX COLUMBIA ST,Mount Pleasant,492045.7034,5457494.3988
Mischief,2017,8,19,21,30,17XX COLUMBIA ST,Mount Pleasant,492045.7766,5457498.905
Mischief,2017,3,12,11,8,17XX COMOX ST,West End,489888.1719,5459515.3215
Mischief,2017,3,18,23,0,17XX COMOX ST,West End,489888.1719,5459515.3215
Mischief,2017,3,28,17,0,17XX COMOX ST,West End,489888.1719,5459515.3215
Mischief,2017,4,2,15,0,17XX COMOX ST,West End,489888.1719,5459515.3215
Mischief,2017,5,5,17,0,17XX COMOX ST,West End,489888.1719,5459515.3215
Mischief,2017,5,6,22,0,17XX COMOX ST,West End,489888.1719,5459515.3215
Mischief,2017,7,28,19,0,17XX COMOX ST,West End,489888.1719,5459515.3215
Mischief,2017,11,16,22,0,17XX COMOX ST,West End,489888.1719,5459515.3215
Mischief,2017,12,9,22,0,17XX DAVIE ST,West End,489742.0455,5459351.9429
Mischief,2017,2,4,20,30,17XX DUNBAR ST,Kitsilano,486653.5,5457624.9694
Mischief,2017,2,26,2,0,17XX E 16TH AVE,Kensington-Cedar Cottage,494921.968,5455952.8465
Mischief,2017,2,17,16,0,17XX E 18TH AVE,Kensington-Cedar Cottage,494955.7408,5455722.8996
Mischief,2017,9,16,19,0,17XX E 28TH AVE,Kensington-Cedar Cottage,494906.3945,5454699.2442
Mischief,2017,11,5,16,10,17XX E 28TH AVE,Kensington-Cedar Cottage,494906.3945,5454699.2442
Mischief,2017,12,9,10,0,17XX E 28TH AVE,Kensington-Cedar Cottage,494947.9879,5454705.7716
Mischief,2017,9,16,18,0,17XX E 29TH AVE,Kensington-Cedar Cottage,494947.6366,5454576.9741
Mischief,2017,8,26,17,0,17XX E 37TH AVE,Kensington-Cedar Cottage,494842.0148,5453773.223
Mischief,2017,9,1,23,0,17XX E 41ST AVE,Victoria-Fraserview,494798.7274,5453314.4673
Mischief,2017,3,12,1,34,17XX E 41ST AVE,Kensington-Cedar Cottage,494884.7765,5453322.4936
Mischief,2017,6,12,19,30,17XX E 4TH AVE,Grandview-Woodland,494944.6937,5457154.33
Mischief,2017,4,7,10,55,17XX E 55TH AVE,Victoria-Fraserview,494873.97,5451913.7515
Mischief,2017,5,23,13,41,17XX E 55TH AVE,Victoria-Fraserview,494873.97,5451913.7515
Mischief,2017,8,26,23,39,17XX E 57TH AVE,Victoria-Fraserview,494800.3287,5451706.6402
Mischief,2017,9,4,16,34,17XX E 57TH AVE,Victoria-Fraserview,494800.3287,5451706.6402
Mischief,2017,11,5,5,11,17XX E 64TH AVE,Victoria-Fraserview,494770.6301,5451016.6018
Mischief,2017,1,13,20,0,17XX E 6TH AVE,Grandview-Woodland,494927.5723,5456921.7954
Mischief,2017,4,20,8,36,17XX E 7TH AVE,Grandview-Woodland,494962.3433,5456820.3233
Mischief,2017,12,23,14,36,17XX E BROADWAY AVE,Grandview-Woodland,494951.0401,5456624.5247
Mischief,2017,4,18,6,34,17XX E BROADWAY AVE,Grandview-Woodland,494999.8456,5456623.7287
Mischief,2017,5,22,15,38,17XX E BROADWAY AVE,Grandview-Woodland,494999.8456,5456623.7287
Mischief,2017,3,12,21,0,17XX E GEORGIA ST,Grandview-Woodland,494952.8718,5458410.6101
Mischief,2017,12,10,0,2,17XX E GEORGIA ST,Grandview-Woodland,494973.6595,5458410.2677
Mischief,2017,7,24,10,20,17XX E GEORGIA ST,Grandview-Woodland,494981.3691,5458419.2858
Mischief,2017,12,15,0,19,17XX E HASTINGS ST,Grandview-Woodland,494975.6593,5458718.7748
Mischief,2017,6,27,18,35,17XX E HASTINGS ST,Grandview-Woodland,494984.4873,5458718.7174
Mischief,2017,12,11,1,0,17XX E HASTINGS ST,Grandview-Woodland,494993.3153,5458718.66
Mischief,2017,6,2,19,0,17XX E KENT AVE S,Victoria-Fraserview,494907.1638,5450608.4722
Mischief,2017,8,24,23,29,17XX E PENDER ST,Grandview-Woodland,494919.3626,5458620.6769
Mischief,2017,8,4,23,7,17XX FRANCES ST,Grandview-Woodland,494883.495,5458511.5076
Mischief,2017,6,27,6,50,17XX HARO ST,West End,490179.5072,5459679.2387
Mischief,2017,10,1,3,0,17XX ISLAND AVE,Victoria-Fraserview,494917.1888,5450765.6072
Mischief,2017,12,19,15,15,17XX KINGSWAY AVE,Kensington-Cedar Cottage,494953.7883,5454922.9315
Mischief,2017,4,11,18,0,17XX MANITOBA ST,Mount Pleasant,492238.4116,5457415.937
Mischief,2017,1,11,3,7,17XX NAPIER ST,Grandview-Woodland,494942.7114,5458009.5917
Mischief,2017,4,27,16,0,17XX NASSAU DR,Victoria-Fraserview,494935.979,5451762.6652
Mischief,2017,7,29,15,30,17XX NELSON ST,West End,490023.7491,5459520.7969
Mischief,2017,12,14,20,30,17XX NELSON ST,West End,490023.7491,5459520.7969
Mischief,2017,4,20,0,0,17XX PARKER ST,Grandview-Woodland,494987.5449,5458108.9068
Mischief,2017,4,5,18,0,17XX ROBSON ST,West End,490184.7452,5459826.5657
Mischief,2017,6,26,15,18,17XX ROBSON ST,West End,490236.626,5459788.8878
Mischief,2017,8,19,19,52,17XX ROBSON ST,West End,490240.3285,5459772.5365
Mischief,2017,8,16,15,34,17XX ROBSON ST,West End,490264.4887,5459761.804
Mischief,2017,10,15,16,0,17XX ROBSON ST,West End,490264.4887,5459761.804
Mischief,2017,10,22,1,43,17XX ROBSON ST,West End,490264.4887,5459761.804
Mischief,2017,9,6,19,20,17XX RUPERT ST,Hastings-Sunrise,497561.1433,5457377.4198
Mischief,2017,4,4,17,47,17XX VENABLES ST,Grandview-Woodland,494986.981,5458217.296
Mischief,2017,11,29,19,20,17XX W 10TH AVE,Fairview,489491.8316,5456677.4491
Mischief,2017,2,8,0,1,17XX W 12TH AVE,Fairview,489440.0679,5456467.5962
Mischief,2017,12,4,0,0,17XX W 13TH AVE,Fairview,489468.711,5456355.7067
Mischief,2017,2,14,12,0,17XX W 15TH AVE,Fairview,489541.9911,5456149.3349
Mischief,2017,3,12,1,0,17XX W 35TH AVE,Shaughnessy,489478.1294,5454130.9905
Mischief,2017,3,12,1,0,17XX W 35TH AVE,Shaughnessy,489501.7544,5454130.1669
Mischief,2017,4,10,21,49,17XX W 3RD AVE,Fairview,489486.9229,5457361.7281
Mischief,2017,4,11,22,40,17XX W 3RD AVE,Fairview,489486.9229,5457361.7281
Mischief,2017,4,17,21,10,17XX W 3RD AVE,Fairview,489486.9229,5457361.7281
Mischief,2017,4,22,22,57,17XX W 3RD AVE,Fairview,489486.9229,5457361.7281
Mischief,2017,4,30,1,12,17XX W 3RD AVE,Fairview,489486.9229,5457361.7281
Mischief,2017,9,23,18,0,17XX W 3RD AVE,Fairview,489546.6885,5457351.083
Mischief,2017,11,1,22,0,17XX W 6TH AVE,Fairview,489427.4967,5457065.1745
Mischief,2017,4,24,11,48,17XX W 75TH AVE,Marpole,489158.6158,5450508.4543
Mischief,2017,4,12,17,55,17XX W 7TH AVE,Fairview,489570.1095,5456967.0119
Mischief,2017,12,11,2,43,17XX W BROADWAY AVE,Fairview,489560.5596,5456772.007
Mischief,2017,8,11,11,58,17XX WATERLOO ST,Kitsilano,486939.209,5457617.1269
Mischief,2017,11,29,19,30,17XX WILLIAM ST,Grandview-Woodland,494941.6098,5457908.1865
Mischief,2017,10,24,23,0,17XX WILLIAM ST,Grandview-Woodland,495015.7439,5457907.1342
Mischief,2017,2,6,20,50,18XX ADANAC ST,Grandview-Woodland,495053.8062,5458316.6881
Mischief,2017,10,29,16,0,18XX ALBERNI ST,West End,490159.3731,5460019.3509
Mischief,2017,2,20,18,59,18XX ALBERNI ST,West End,490218.512,5459949.2411
Mischief,2017,2,6,11,2,18XX ANDERSON ST,Fairview,489963.7846,5457391.2311
Mischief,2017,9,2,23,30,18XX BARCLAY ST,West End,489942.7911,5459759.1591
Mischief,2017,10,4,21,0,18XX BARCLAY ST,West End,489991.1994,5459711.5889
Mischief,2017,4,30,22,56,18XX BURRARD ST,Kitsilano,489404.8947,5457403.7657
Mischief,2017,11,3,14,4,18XX BURRARD ST,Fairview,489413.8776,5457397.6457
Mischief,2017,10,26,9,0,18XX CHARLES ST,Grandview-Woodland,495163.1764,5457804.2782
Mischief,2017,11,8,19,0,18XX COMMERCIAL DR,Grandview-Woodland,494935.8043,5457301.6922
Mischief,2017,10,29,2,6,18XX COMMERCIAL DR,Grandview-Woodland,494935.8562,5457312.825
Mischief,2017,11,11,21,40,18XX COMMERCIAL DR,Grandview-Woodland,494935.9082,5457323.9579
Mischief,2017,6,20,20,51,18XX COMOX ST,West End,489780.0567,5459611.1248
Mischief,2017,8,10,20,0,18XX E 10TH AVE,Kensington-Cedar Cottage,495119.4326,5456511.1827
Mischief,2017,8,31,12,35,18XX E 10TH AVE,Kensington-Cedar Cottage,495119.4326,5456511.1827
Mischief,2017,9,14,13,0,18XX E 10TH AVE,Kensington-Cedar Cottage,495119.4326,5456511.1827
Mischief,2017,9,18,7,30,18XX E 10TH AVE,Kensington-Cedar Cottage,495119.4326,5456511.1827
Mischief,2017,3,8,19,0,18XX E 11TH AVE,Kensington-Cedar Cottage,495062.2071,5456406.4139
Mischief,2017,11,23,14,0,18XX E 12TH AVE,Kensington-Cedar Cottage,495060.805,5456308.6159
Mischief,2017,12,28,19,30,18XX E 12TH AVE,Kensington-Cedar Cottage,495117.5777,5456316.6575
Mischief,2017,11,18,19,0,18XX E 13TH AVE,Kensington-Cedar Cottage,495130.7153,5456217.0382
Mischief,2017,11,12,18,0,18XX E 14TH AVE,Kensington-Cedar Cottage,495058.3309,5456105.6348
Mischief,2017,11,20,18,0,18XX E 14TH AVE,Kensington-Cedar Cottage,495058.3309,5456105.6348
Mischief,2017,8,18,20,30,18XX E 38TH AVE,Kensington-Cedar Cottage,495101.0137,5453605.8737
Mischief,2017,3,20,18,0,18XX E 39TH AVE,Kensington-Cedar Cottage,495053.9317,5453523.9271
Mischief,2017,8,23,21,24,18XX E 61ST AVE,Victoria-Fraserview,495017.898,5451312.5708
Mischief,2017,2,25,21,26,18XX E GEORGIA ST,Grandview-Woodland,495056.8482,5458408.519
Mischief,2017,11,7,21,0,18XX E HASTINGS ST,Grandview-Woodland,495039.1078,5458718.2997
Mischief,2017,1,27,7,39,18XX E HASTINGS ST,Grandview-Woodland,495077.01,5458717.6521
Mischief,2017,6,13,11,27,18XX E HASTINGS ST,Grandview-Woodland,495077.01,5458717.6521
Mischief,2017,7,17,20,13,18XX E HASTINGS ST,Grandview-Woodland,495077.01,5458717.6521
Mischief,2017,8,20,19,40,18XX E HASTINGS ST,Grandview-Woodland,495077.01,5458717.6521
Mischief,2017,11,16,20,8,18XX E HASTINGS ST,Grandview-Woodland,495077.01,5458717.6521
Mischief,2017,10,27,16,40,18XX E HASTINGS ST,Grandview-Woodland,495217.2481,5458715.2557
Mischief,2017,6,2,21,30,18XX E KENT AVE S,Victoria-Fraserview,494933.2152,5450597.1295
Mischief,2017,9,5,0,0,18XX E KENT AVE S,Victoria-Fraserview,495027.9474,5450555.8835
Mischief,2017,10,22,23,30,18XX E KENT AVE S,Victoria-Fraserview,495027.9474,5450555.8835
Mischief,2017,1,28,0,0,18XX E PENDER ST,Grandview-Woodland,495037.5532,5458609.5533
Mischief,2017,5,5,5,30,18XX E PENDER ST,Grandview-Woodland,495037.5532,5458609.5533
Mischief,2017,11,9,7,11,18XX E PENDER ST,Grandview-Woodland,495037.5532,5458609.5533
Mischief,2017,3,4,18,0,18XX E PENDER ST,Grandview-Woodland,495132.6752,5458617.5941
Mischief,2017,5,28,13,50,18XX FIR ST,Fairview,489762.4109,5457443.644
Mischief,2017,5,9,5,0,18XX FRANCES ST,Grandview-Woodland,495091.0917,5458506.9735
Mischief,2017,4,25,19,32,18XX FRANCES ST,Grandview-Woodland,495164.2522,5458514.6052
Mischief,2017,4,28,22,0,18XX FRANCES ST,Grandview-Woodland,495164.2522,5458514.6052
Mischief,2017,5,9,6,36,18XX FRANCES ST,Grandview-Woodland,495164.2522,5458514.6052
Mischief,2017,12,6,0,16,18XX GREER AVE,Kitsilano,489353.3374,5457871.8706
Mischief,2017,9,13,1,31,18XX HARO ST,West End,490016.8537,5459851.6862
Mischief,2017,7,16,21,3,18XX LORNE ST,Mount Pleasant,492733.0859,5457294.4695
Mischief,2017,10,7,13,0,18XX LORNE ST,Mount Pleasant,492733.0859,5457294.4695
Mischief,2017,10,7,12,30,18XX LORNE ST,Mount Pleasant,492749.4825,5457313.2282
Mischief,2017,2,18,4,55,18XX MAIN ST,Mount Pleasant,492683.6848,5457363.0553
Mischief,2017,8,30,7,1,18XX NELSON ST,West End,489911.2093,5459637.1735
Mischief,2017,9,6,20,50,18XX PANDORA ST,Grandview-Woodland,495083.5512,5458920.6026
Mischief,2017,9,16,8,0,18XX PENDRELL ST,West End,489742.383,5459504.5684
Mischief,2017,7,6,20,26,18XX POWELL ST,Grandview-Woodland,495231.3439,5459115.8985
Mischief,2017,9,8,4,12,18XX RENFREW ST,Hastings-Sunrise,496786.4579,5457298.3566
Mischief,2017,12,30,12,0,18XX RENFREW ST,Hastings-Sunrise,496786.4579,5457298.3566
Mischief,2017,6,18,16,0,18XX SPYGLASS PL,Fairview,491609.8697,5457424.4147
Mischief,2017,1,21,1,46,18XX SPYGLASS PL,Fairview,491610.5503,5457446.3125
Mischief,2017,9,10,5,51,18XX SPYGLASS PL,Fairview,491618.1342,5457395.9763
Mischief,2017,8,26,17,0,18XX STAINSBURY AVE,Kensington-Cedar Cottage,495047.2255,5455512.9794
Mischief,2017,11,18,10,15,18XX STEWART ST,Grandview-Woodland,495068.666,5459153.7916
Mischief,2017,9,7,22,0,18XX THORNTON ST,Strathcona,493091.0447,5457156.2469
Mischief,2017,8,12,4,0,18XX UPLAND DR,Victoria-Fraserview,495037.3524,5451690.2033
Mischief,2017,3,26,17,0,18XX VICTORIA DR,Grandview-Woodland,495209.6301,5457319.8117
Mischief,2017,4,8,14,58,18XX W 12TH AVE,Kitsilano,489355.9637,5456479.5989
Mischief,2017,8,17,18,30,18XX W 15TH AVE,Kitsilano,489232.6969,5456156.2319
Mischief,2017,12,21,23,0,18XX W 15TH AVE,Kitsilano,489369.7204,5456153.6648
Mischief,2017,4,28,21,0,18XX W 2ND AVE,Kitsilano,489317.8481,5457464.5186
Mischief,2017,1,20,19,0,18XX W 35TH AVE,Shaughnessy,489212.41,5454149.6466
Mischief,2017,1,20,20,0,18XX W 35TH AVE,Shaughnessy,489404.7913,5454133.6126
Mischief,2017,5,14,22,0,18XX W 35TH AVE,Shaughnessy,489404.7913,5454133.6126
Mischief,2017,11,9,18,30,18XX W 4TH AVE,Kitsilano,489330.8098,5457266.2422
Mischief,2017,1,26,11,51,18XX W 4TH AVE,Kitsilano,489344.0899,5457256.7279
Mischief,2017,7,16,19,0,18XX W 7TH AVE,Kitsilano,489394.097,5456971.5624
Mischief,2017,5,12,22,45,18XX W GEORGIA ST,West End,490270.3136,5459994.8106
Mischief,2017,12,31,23,20,19XX ALBERNI ST,West End,490090.1449,5460087.6266
Mischief,2017,12,17,21,0,19XX ALBERTA ST,Mount Pleasant,491948.9626,5457299.432
Mischief,2017,10,10,11,20,19XX ARGYLE DR,Victoria-Fraserview,494929.6799,5451793.038
Mischief,2017,3,19,0,0,19XX BALACLAVA ST,Kitsilano,487352.8769,5457379.251
Mischief,2017,10,22,22,30,19XX BARCLAY ST,West End,489837.4531,5459876.2392
Mischief,2017,5,12,19,0,19XX BLENHEIM ST,Kitsilano,487080.8307,5457417.8945
Mischief,2017,6,7,18,30,19XX COMMERCIAL DR,Grandview-Woodland,494925.2735,5457153.8509
Mischief,2017,10,7,6,11,19XX COMOX ST,West End,489672.1474,5459717.7976
Mischief,2017,3,26,12,0,19XX COMOX ST,West End,489682.1658,5459720.7902
Mischief,2017,10,2,19,0,19XX COMOX ST,West End,489682.1658,5459720.7902
Mischief,2017,8,29,17,0,19XX COMOX ST,West End,489697.5235,5459692.9823
Mischief,2017,8,30,0,0,19XX COMOX ST,West End,489697.5235,5459692.9823
Mischief,2017,11,16,22,30,19XX CREELMAN AVE,Kitsilano,489233.2421,5457982.1202
Mischief,2017,10,20,10,56,19XX E 39TH AVE,Kensington-Cedar Cottage,495160.2691,5453531.4704
Mischief,2017,11,19,6,0,19XX E 39TH AVE,Kensington-Cedar Cottage,495213.4377,5453521.5243
Mischief,2017,12,2,11,44,19XX E 49TH AVE,Victoria-Fraserview,495199.3758,5452484.9549
Mischief,2017,8,30,18,18,19XX E 53RD AVE,Victoria-Fraserview,495075.0762,5452112.2652
Mischief,2017,12,25,22,55,19XX E HASTINGS ST,Grandview-Woodland,495237.8058,5458714.901
Mischief,2017,6,2,17,30,19XX E KENT AVE S,Victoria-Fraserview,495051.6304,5450545.572
Mischief,2017,6,17,2,46,19XX FOLEY ST,Strathcona,493703.1347,5457164.08
Mischief,2017,8,16,17,0,19XX FRANKLIN ST,Grandview-Woodland,495300.4317,5458816.779
Mischief,2017,2,26,9,30,19XX GRAVELEY ST,Grandview-Woodland,495217.674,5457520.9367
Mischief,2017,7,6,13,50,19XX GRAVELEY ST,Grandview-Woodland,495217.674,5457520.9367
Mischief,2017,12,23,17,0,19XX HARO ST,West End,489897.5311,5459970.6387
Mischief,2017,5,10,21,0,19XX HARO ST,West End,489911.97,5459956.2443
Mischief,2017,12,26,16,0,19XX HARO ST,West End,489965.1013,5459890.3669
Mischief,2017,8,20,1,0,19XX HARRISON DR,Victoria-Fraserview,495170.4779,5450868.172
Mischief,2017,4,23,20,0,19XX HIGHBURY ST,West Point Grey,486358.1501,5457437.2852
Mischief,2017,12,31,4,37,19XX KINGSWAY AVE,Kensington-Cedar Cottage,495183.4921,5454768.3785
Mischief,2017,5,22,14,30,19XX KINGSWAY AVE,Kensington-Cedar Cottage,495197.7911,5454746.7177
Mischief,2017,7,30,18,0,19XX KINGSWAY AVE,Kensington-Cedar Cottage,495208.8404,5454750.0014
Mischief,2017,2,27,19,13,19XX KINGSWAY AVE,Kensington-Cedar Cottage,495250.5899,5454719.7337
Mischief,2017,12,30,23,0,19XX NELSON ST,West End,489776.9819,5459781.3178
Mischief,2017,7,2,4,56,19XX OGDEN AVE,Kitsilano,489250.5919,5458247.8339
Mischief,2017,3,23,2,30,19XX PENDRELL ST,West End,489615.3055,5459633.5333
Mischief,2017,1,8,6,8,19XX POWELL ST,Grandview-Woodland,495247.1226,5459117.7597
Mischief,2017,5,14,6,0,19XX QUEBEC ST,Mount Pleasant,492529.3652,5457279.1074
Mischief,2017,11,10,19,0,19XX ROBSON ST,West End,489973.5592,5460052.5787
Mischief,2017,5,5,20,41,19XX ROBSON ST,West End,489983.5992,5460028.4137
Mischief,2017,12,25,2,0,19XX ROBSON ST,West End,490007.011,5460016.7247
Mischief,2017,2,26,19,30,19XX STAINSBURY AVE,Kensington-Cedar Cottage,495145.7803,5455458.8001
Mischief,2017,1,9,1,30,19XX STEPHENS ST,Kitsilano,487903.2501,5457314.9648
Mischief,2017,11,3,21,0,19XX TEMPLETON DR,Grandview-Woodland,495639.9688,5457217.5413
Mischief,2017,9,2,10,58,19XX VENABLES ST,Grandview-Woodland,495288.2488,5458206.1812
Mischief,2017,6,27,17,6,19XX W 10TH AVE,Kitsilano,489063.3533,5456688.437
Mischief,2017,8,31,0,0,19XX W 12TH AVE,Kitsilano,489048.3495,5456477.9759
Mischief,2017,5,8,22,0,19XX W 12TH AVE,Kitsilano,489148.168,5456475.5331
Mischief,2017,6,2,21,28,19XX W 14TH AVE,Kitsilano,489145.821,5456275.1443
Mischief,2017,3,19,13,15,19XX W 16TH AVE,Kitsilano,489188.7355,5456066.0356
Mischief,2017,4,18,22,0,19XX W 17TH AVE,Shaughnessy,489111.9029,5455952.612
Mischief,2017,9,10,22,0,19XX W 17TH AVE,Shaughnessy,489111.9029,5455952.612
Mischief,2017,9,16,8,0,19XX W 17TH AVE,Shaughnessy,489111.9029,5455952.612
Mischief,2017,11,25,17,0,19XX W 19TH AVE,Shaughnessy,489183.0648,5455760.3097
Mischief,2017,12,12,22,0,19XX W 19TH AVE,Shaughnessy,489186.1251,5455751.1217
Mischief,2017,7,6,15,30,19XX W 1ST AVE,Kitsilano,489178.387,5457566.2205
Mischief,2017,7,7,17,54,19XX W 1ST AVE,Kitsilano,489179.4764,5457566.1907
Mischief,2017,5,13,5,20,19XX W 1ST AVE,Kitsilano,489237.2539,5457555.4743
Mischief,2017,12,4,19,0,19XX W 2ND AVE,Kitsilano,489118.751,5457460.8561
Mischief,2017,3,7,21,0,19XX W 3RD AVE,Kitsilano,489180.1455,5457362.1955
Mischief,2017,11,5,9,15,19XX W 41ST AVE,Kerrisdale,489117.505,5453529.5752
Mischief,2017,5,15,19,0,19XX W 45TH AVE,Kerrisdale,489064.684,5453126.7929
Mischief,2017,2,23,9,30,19XX W 4TH AVE,Kitsilano,489121.8918,5457271.7439
Mischief,2017,1,6,10,18,19XX W 4TH AVE,Kitsilano,489183.9606,5457261.0312
Mischief,2017,6,10,0,0,19XX W 4TH AVE,Kitsilano,489195.9349,5457269.8758
Mischief,2017,3,28,1,2,19XX W 4TH AVE,Kitsilano,489216.1844,5457260.2183
Mischief,2017,2,20,18,30,19XX W 7TH AVE,Kitsilano,489119.6133,5456979.2043
Mischief,2017,11,6,20,0,19XX W 8TH AVE,Kitsilano,489136.3383,5456887.0651
Mischief,2017,3,21,7,43,19XX W BROADWAY AVE,Kitsilano,489212.9946,5456781.6614
Mischief,2017,4,8,19,0,19XX W BROADWAY AVE,Kitsilano,489212.9946,5456781.6614
Mischief,2017,12,15,3,0,1X E 19TH AVE,Riley Park,492393.2002,5455676.4313
Mischief,2017,2,18,22,0,1X E 3RD AVE,Mount Pleasant,492401.6709,5457282.0929
Mischief,2017,4,9,4,21,1X E BROADWAY AVE,Mount Pleasant,492397.0494,5456694.1504
Mischief,2017,6,25,9,11,1X E HASTINGS ST,Central Business District,492441.0951,5458743.4818
Mischief,2017,11,21,9,34,1X E HASTINGS ST,Central Business District,492441.0951,5458743.4818
Mischief,2017,6,8,1,44,1X E PENDER ST,Central Business District,492430.5284,5458637.4185
Mischief,2017,12,2,11,0,1X PEVERIL AVE,Riley Park,492307.0725,5454669.2239
Mischief,2017,3,23,9,0,1X W 4TH AVE,Mount Pleasant,492355.4027,5457180.751
Mischief,2017,10,23,18,0,1X W 5TH AVE,Mount Pleasant,492356.01,5457092.1594
Mischief,2017,10,21,0,40,1X W 8TH AVE,Mount Pleasant,492348.0635,5456788.6855
Mischief,2017,8,27,17,31,1X W HASTINGS ST,Central Business District,492375.3042,5458757.7072
Mischief,2017,8,30,18,34,1X W HASTINGS ST,Central Business District,492375.3042,5458757.7072
Mischief,2017,11,15,1,16,1X WATER ST,Central Business District,492394.5419,5458980.1627
Mischief,2017,3,21,1,16,1XX ABBOTT ST,Central Business District,492271.2753,5459047.7555
Mischief,2017,12,6,20,5,1XX ABBOTT ST,Central Business District,492274.1283,5459061.3311
Mischief,2017,1,4,22,0,1XX ALEXANDER ST,Central Business District,492580.9132,5459007.4397
Mischief,2017,4,28,7,52,1XX ALEXANDER ST,Central Business District,492580.9132,5459007.4397
Mischief,2017,7,31,23,0,1XX ALEXANDER ST,Central Business District,492580.9132,5459007.4397
Mischief,2017,10,5,17,13,1XX ALEXANDER ST,Central Business District,492580.9132,5459007.4397
Mischief,2017,10,8,3,34,1XX ALEXANDER ST,Central Business District,492580.9132,5459007.4397
Mischief,2017,11,12,12,40,1XX ALEXANDER ST,Central Business District,492580.9132,5459007.4397
Mischief,2017,6,7,9,0,1XX ALEXANDER ST,Central Business District,492747.093,5459047.9143
Mischief,2017,5,29,19,31,1XX ATHLETES WAY,Mount Pleasant,492086.2662,5457657.1064
Mischief,2017,1,28,19,30,1XX BOUNDARY RD,Hastings-Sunrise,498280.8956,5459011.0993
Mischief,2017,9,29,7,30,1XX COLUMBIA ST,Central Business District,492574.337,5458994.9378
Mischief,2017,9,25,22,30,1XX COLUMBIA ST,Central Business District,492574.7124,5459008.5986
Mischief,2017,12,5,17,0,1XX COMMERCIAL DR,Grandview-Woodland,494888.421,5459010.3717
Mischief,2017,3,15,1,23,1XX DUNLEVY AVE,Strathcona,493063.9359,5458990.6275
Mischief,2017,6,24,6,27,1XX DUNLEVY AVE,Strathcona,493064.1531,5458998.5757
Mischief,2017,12,16,19,0,1XX DUNLEVY AVE,Strathcona,493073.5146,5459006.3924
Mischief,2017,12,21,10,0,1XX DUNLEVY AVE,Strathcona,493073.5146,5459006.3924
Mischief,2017,12,25,10,0,1XX DUNLEVY AVE,Strathcona,493073.5146,5459006.3924
Mischief,2017,10,13,7,40,1XX DUNLEVY AVE,Strathcona,493074.2169,5459032.1055
Mischief,2017,5,24,19,0,1XX DUNSMUIR ST,Central Business District,491997.8588,5458514.9581
Mischief,2017,2,24,18,0,1XX E 10TH AVE,Mount Pleasant,492543.934,5456594.653
Mischief,2017,7,17,6,0,1XX E 10TH AVE,Mount Pleasant,492543.934,5456594.653
Mischief,2017,7,19,8,30,1XX E 10TH AVE,Mount Pleasant,492543.934,5456594.653
Mischief,2017,7,21,14,0,1XX E 10TH AVE,Mount Pleasant,492543.934,5456594.653
Mischief,2017,9,8,17,0,1XX E 10TH AVE,Mount Pleasant,492543.934,5456594.653
Mischief,2017,11,24,15,30,1XX E 10TH AVE,Mount Pleasant,492543.934,5456594.653
Mischief,2017,12,11,9,15,1XX E 10TH AVE,Mount Pleasant,492543.934,5456594.653
Mischief,2017,11,18,2,42,1XX E 11TH AVE,Mount Pleasant,492559.8189,5456485.643
Mischief,2017,6,28,14,59,1XX E 14TH AVE,Mount Pleasant,492499.3094,5456184.7707
Mischief,2017,12,3,5,30,1XX E 14TH AVE,Mount Pleasant,492499.3094,5456184.7707
Mischief,2017,5,14,9,28,1XX E 1ST AVE,Mount Pleasant,492554.3653,5457497.6392
Mischief,2017,2,21,9,0,1XX E 1ST AVE,Mount Pleasant,492654.4656,5457486.0802
Mischief,2017,3,23,9,35,1XX E 1ST AVE,Mount Pleasant,492654.4656,5457486.0802
Mischief,2017,12,5,23,0,1XX E 21ST AVE,Riley Park,492515.8827,5455451.4329
Mischief,2017,12,16,15,0,1XX E 24TH AVE,Riley Park,492504.7143,5455197.1574
Mischief,2017,5,10,19,0,1XX E 32ND AVE,Riley Park,492596.6174,5454358.7582
Mischief,2017,4,28,1,0,1XX E 37TH AVE,Riley Park,492538.6779,5453842.9421
Mischief,2017,7,5,3,6,1XX E 3RD AVE,Mount Pleasant,492527.4018,5457276.0622
Mischief,2017,11,30,11,2,1XX E 3RD AVE,Mount Pleasant,492621.9857,5457284.2336
Mischief,2017,10,21,16,30,1XX E 43RD AVE,Sunset,492538.394,5453127.4989
Mischief,2017,1,23,4,30,1XX E 49TH AVE,Sunset,492509.9173,5452552.8113
Mischief,2017,9,12,8,43,1XX E 49TH AVE,Sunset,492509.9173,5452552.8113
Mischief,2017,2,3,18,0,1XX E 57TH AVE,Sunset,492425.9545,5451749.1774
Mischief,2017,2,25,9,0,1XX E 57TH AVE,Sunset,492425.9545,5451749.1774
Mischief,2017,4,9,17,45,1XX E 57TH AVE,Sunset,492425.9545,5451749.1774
Mischief,2017,4,29,20,0,1XX E 57TH AVE,Sunset,492425.9545,5451749.1774
Mischief,2017,8,19,20,0,1XX E 60TH AVE,Sunset,492417.2625,5451456.6196
Mischief,2017,10,1,18,0,1XX E 6TH AVE,Mount Pleasant,492523.5159,5456974.6171
Mischief,2017,10,1,20,28,1XX E 6TH AVE,Mount Pleasant,492523.5159,5456974.6171
Mischief,2017,11,3,9,30,1XX E 7TH AVE,Mount Pleasant,492516.377,5456875.1912
Mischief,2017,10,3,23,33,1XX E 8TH AVE,Mount Pleasant,492565.0861,5456782.4607
Mischief,2017,11,25,20,30,1XX E CORDOVA ST,Central Business District,492569.3686,5458843.9296
Mischief,2017,6,9,0,1,1XX E CORDOVA ST,Central Business District,492580.5494,5458852.6887
Mischief,2017,6,9,0,32,1XX E CORDOVA ST,Central Business District,492580.5494,5458852.6887
Mischief,2017,7,19,21,28,1XX E CORDOVA ST,Central Business District,492580.5494,5458852.6887
Mischief,2017,9,17,16,49,1XX E CORDOVA ST,Central Business District,492580.5494,5458852.6887
Mischief,2017,9,22,9,0,1XX E CORDOVA ST,Central Business District,492580.5494,5458852.6887
Mischief,2017,10,9,23,9,1XX E CORDOVA ST,Central Business District,492580.5494,5458852.6887
Mischief,2017,11,18,7,21,1XX E CORDOVA ST,Central Business District,492633.5455,5458841.6885
Mischief,2017,7,20,1,0,1XX E CORDOVA ST,Central Business District,492659.8823,5458840.7683
Mischief,2017,12,12,8,22,1XX E GEORGIA ST,Central Business District,492716.0161,5458428.6757
Mischief,2017,5,1,23,55,1XX E HASTINGS ST,Central Business District,492566.4957,5458738.913
Mischief,2017,8,22,15,49,1XX E HASTINGS ST,Central Business District,492566.4957,5458738.913
Mischief,2017,10,2,23,46,1XX E HASTINGS ST,Central Business District,492566.4957,5458738.913
Mischief,2017,6,14,12,27,1XX E HASTINGS ST,Central Business District,492609.8074,5458746.6213
Mischief,2017,3,26,20,46,1XX E HASTINGS ST,Central Business District,492636.1816,5458736.5923
Mischief,2017,9,28,10,5,1XX E HASTINGS ST,Central Business District,492636.1816,5458736.5923
Mischief,2017,12,13,21,30,1XX E HASTINGS ST,Central Business District,492636.1816,5458736.5923
Mischief,2017,1,12,21,49,1XX E HASTINGS ST,Central Business District,492637.3376,5458745.7041
Mischief,2017,8,23,20,30,1XX E HASTINGS ST,Central Business District,492637.3376,5458745.7041
Mischief,2017,8,25,4,21,1XX E HASTINGS ST,Central Business District,492637.3376,5458745.7041
Mischief,2017,6,1,10,35,1XX E HASTINGS ST,Central Business District,492647.3569,5458736.2212
Mischief,2017,10,6,9,47,1XX E HASTINGS ST,Central Business District,492647.3569,5458736.2212
Mischief,2017,11,1,10,43,1XX E HASTINGS ST,Central Business District,492647.3569,5458736.2212
Mischief,2017,1,5,16,6,1XX E HASTINGS ST,Central Business District,492674.887,5458735.3039
Mischief,2017,1,22,18,27,1XX E HASTINGS ST,Central Business District,492674.887,5458735.3039
Mischief,2017,2,24,1,38,1XX E HASTINGS ST,Central Business District,492674.887,5458735.3039
Mischief,2017,5,23,8,39,1XX E HASTINGS ST,Central Business District,492674.887,5458735.3039
Mischief,2017,7,26,1,34,1XX E HASTINGS ST,Central Business District,492674.887,5458735.3039
Mischief,2017,9,12,21,14,1XX E HASTINGS ST,Central Business District,492674.887,5458735.3039
Mischief,2017,9,16,5,0,1XX E HASTINGS ST,Central Business District,492674.887,5458735.3039
Mischief,2017,11,16,20,50,1XX E HASTINGS ST,Central Business District,492674.887,5458735.3039
Mischief,2017,1,29,0,27,1XX E HASTINGS ST,Central Business District,492687.5291,5458734.8822
Mischief,2017,2,16,17,55,1XX E HASTINGS ST,Central Business District,492687.5291,5458734.8822
Mischief,2017,3,28,16,16,1XX E HASTINGS ST,Central Business District,492687.5291,5458734.8822
Mischief,2017,6,13,23,32,1XX E HASTINGS ST,Central Business District,492687.5291,5458734.8822
Mischief,2017,6,26,10,0,1XX E HASTINGS ST,Central Business District,492687.5291,5458734.8822
Mischief,2017,9,6,16,20,1XX E HASTINGS ST,Central Business District,492687.5291,5458734.8822
Mischief,2017,9,20,14,13,1XX E HASTINGS ST,Central Business District,492687.5291,5458734.8822
Mischief,2017,10,19,23,46,1XX E HASTINGS ST,Central Business District,492687.5291,5458734.8822
Mischief,2017,11,29,9,58,1XX E HASTINGS ST,Central Business District,492687.5291,5458734.8822
Mischief,2017,12,1,5,39,1XX E HASTINGS ST,Central Business District,492687.5291,5458734.8822
Mischief,2017,12,26,13,31,1XX E HASTINGS ST,Central Business District,492687.5291,5458734.8822
Mischief,2017,2,20,10,45,1XX E HASTINGS ST,Central Business District,492708.1305,5458743.3452
Mischief,2017,3,4,17,20,1XX E HASTINGS ST,Central Business District,492708.1305,5458743.3452
Mischief,2017,3,5,15,45,1XX E HASTINGS ST,Central Business District,492708.1305,5458743.3452
Mischief,2017,4,6,17,54,1XX E HASTINGS ST,Central Business District,492708.1305,5458743.3452
Mischief,2017,5,1,17,15,1XX E HASTINGS ST,Central Business District,492708.1305,5458743.3452
Mischief,2017,5,24,8,54,1XX E HASTINGS ST,Central Business District,492708.1305,5458743.3452
Mischief,2017,6,22,9,36,1XX E HASTINGS ST,Central Business District,492708.1305,5458743.3452
Mischief,2017,8,3,20,33,1XX E HASTINGS ST,Central Business District,492708.1305,5458743.3452
Mischief,2017,10,16,9,9,1XX E HASTINGS ST,Central Business District,492708.1305,5458743.3452
Mischief,2017,12,27,7,21,1XX E HASTINGS ST,Central Business District,492708.1305,5458743.3452
Mischief,2017,12,31,19,53,1XX E HASTINGS ST,Central Business District,492708.1305,5458743.3452
Mischief,2017,2,19,14,18,1XX E HASTINGS ST,Central Business District,492716.4868,5458743.067
Mischief,2017,9,11,7,5,1XX E HASTINGS ST,Central Business District,492730.1702,5458742.611
Mischief,2017,11,1,12,35,1XX E HASTINGS ST,Central Business District,492730.1702,5458742.611
Mischief,2017,10,18,16,56,1XX E PENDER ST,Central Business District,492565.8345,5458632.4699
Mischief,2017,10,22,20,34,1XX E PENDER ST,Central Business District,492565.8345,5458632.4699
Mischief,2017,10,20,23,0,1XX E PENDER ST,Central Business District,492577.8741,5458632.0073
Mischief,2017,6,27,1,27,1XX E PENDER ST,Central Business District,492607.796,5458640.0007
Mischief,2017,6,2,10,34,1XX E PENDER ST,Central Business District,492619.6842,5458639.5417
Mischief,2017,9,19,17,8,1XX E PENDER ST,Central Business District,492634.5444,5458638.968
Mischief,2017,1,17,10,49,1XX E PENDER ST,Central Business District,492673.1811,5458637.4764
Mischief,2017,1,22,10,32,1XX E PENDER ST,Central Business District,492673.1811,5458637.4764
Mischief,2017,11,14,19,30,1XX E PENDER ST,Central Business District,492675.1625,5458637.3999
Mischief,2017,5,14,4,2,1XX E PENDER ST,Central Business District,492677.7888,5458637.2987
Mischief,2017,8,10,9,41,1XX E PENDER ST,Central Business District,492677.7888,5458637.2987
Mischief,2017,12,6,14,40,1XX E PENDER ST,Central Business District,492677.7888,5458637.2987
Mischief,2017,5,1,12,13,1XX E PENDER ST,Central Business District,492687.7353,5458627.7636
Mischief,2017,6,11,1,40,1XX E PENDER ST,Central Business District,492709.701,5458626.9153
Mischief,2017,5,27,10,6,1XX E WATERFRONT RD,Central Business District,492593.8664,5459090.508
Mischief,2017,8,3,4,45,1XX E WATERFRONT RD,Central Business District,492593.8664,5459090.508
Mischief,2017,4,5,8,24,1XX HEATLEY AVE,Strathcona,493505.5312,5458967.9453
Mischief,2017,8,27,3,52,1XX JACKSON AVE,Strathcona,493218.2006,5459008.5793
Mischief,2017,7,12,6,36,1XX KEEFER PL,Central Business District,492117.1624,5458563.9812
Mischief,2017,8,5,18,0,1XX KEEFER PL,Central Business District,492117.1624,5458563.9812
Mischief,2017,8,6,3,38,1XX KEEFER PL,Central Business District,492117.1624,5458563.9812
Mischief,2017,11,3,20,30,1XX KEEFER PL,Central Business District,492117.1624,5458563.9812
Mischief,2017,7,30,21,16,1XX KEEFER PL,Central Business District,492122.6441,5458572.1096
Mischief,2017,3,4,9,30,1XX KEEFER PL,Central Business District,492146.1755,5458557.3624
Mischief,2017,1,15,21,0,1XX KEEFER ST,Central Business District,492573.2407,5458504.7326
Mischief,2017,9,30,12,10,1XX KEEFER ST,Central Business District,492573.2407,5458504.7326
Mischief,2017,9,16,17,25,1XX KEEFER ST,Central Business District,492627.1323,5458532.0643
Mischief,2017,6,6,3,35,1XX KEEFER ST,Central Business District,492642.0048,5458524.9216
Mischief,2017,2,7,18,29,1XX KEEFER ST,Central Business District,492710.4372,5458526.6515
Mischief,2017,8,31,13,0,1XX KEEFER ST,Central Business District,492710.4372,5458526.6515
Mischief,2017,10,21,4,12,1XX KEEFER ST,Central Business District,492710.4372,5458526.6515
Mischief,2017,11,17,23,0,1XX KEEFER ST,Central Business District,492710.4372,5458526.6515
Mischief,2017,12,23,15,0,1XX KEEFER ST,Central Business District,492710.4372,5458526.6515
Mischief,2017,1,12,13,0,1XX KEEFER ST,Central Business District,492725.4136,5458526.1607
Mischief,2017,10,31,19,15,1XX KEEFER ST,Central Business District,492725.4136,5458526.1607
Mischief,2017,1,5,3,8,1XX KEEFER ST,Central Business District,492725.7131,5458535.2998
Mischief,2017,4,11,19,30,1XX KEEFER ST,Central Business District,492725.7131,5458535.2998
Mischief,2017,4,21,2,26,1XX KEEFER ST,Central Business District,492725.7131,5458535.2998
Mischief,2017,10,15,7,0,1XX MAIN ST,Central Business District,492754.7645,5458944.1858
Mischief,2017,1,26,15,33,1XX MAIN ST,Strathcona,492768.9288,5459042.1015
Mischief,2017,4,14,13,25,1XX MAIN ST,Strathcona,492768.9288,5459042.1015
Mischief,2017,11,6,19,33,1XX MAIN ST,Strathcona,492768.9288,5459042.1015
Mischief,2017,9,18,23,0,1XX MCLEAN DR,Grandview-Woodland,494619.8348,5458975.5552
Mischief,2017,11,2,18,0,1XX MILROSS AV,Central Business District,492615.6419,5458155.4826
Mischief,2017,6,11,1,0,1XX MILROSS AVE,Central Business District,492582.9829,5458147.4201
Mischief,2017,8,18,21,58,1XX MILROSS AVE,Central Business District,492707.3757,5458143.2828
Mischief,2017,7,4,21,0,1XX N TEMPLETON DR,Grandview-Woodland,495653.6434,5459246.907
Mischief,2017,8,5,21,15,1XX N TEMPLETON DR,Grandview-Woodland,495653.6434,5459246.907
Mischief,2017,6,13,0,0,1XX NATIONAL AVE,Central Business District,492698.1671,5458033.8655
Mischief,2017,9,2,12,0,1XX PENTICTON ST,Hastings-Sunrise,496225.3057,5459015.5602
Mischief,2017,10,23,8,34,1XX POWELL ST,Central Business District,492576.3745,5458952.488
Mischief,2017,2,15,12,15,1XX POWELL ST,Central Business District,492577.88,5458943.2953
Mischief,2017,9,5,14,0,1XX POWELL ST,Central Business District,492577.88,5458943.2953
Mischief,2017,11,3,12,46,1XX POWELL ST,Central Business District,492577.88,5458943.2953
Mischief,2017,12,25,18,0,1XX POWELL ST,Central Business District,492577.88,5458943.2953
Mischief,2017,2,20,11,8,1XX POWELL ST,Central Business District,492616.4248,5458942.1477
Mischief,2017,12,1,0,0,1XX POWELL ST,Central Business District,492619.9289,5458942.0434
Mischief,2017,6,29,20,40,1XX POWELL ST,Central Business District,492631.0905,5458941.7112
Mischief,2017,3,5,15,30,1XX POWELL ST,Central Business District,492631.3626,5458950.8512
Mischief,2017,2,8,14,33,1XX PRINCESS AVE,Strathcona,493350.5691,5459014.0688
Mischief,2017,2,14,23,29,1XX PRINCESS AVE,Strathcona,493350.5691,5459014.0688
Mischief,2017,3,23,14,48,1XX PRINCESS AVE,Strathcona,493350.5691,5459014.0688
Mischief,2017,4,8,11,16,1XX PRINCESS AVE,Strathcona,493350.5691,5459014.0688
Mischief,2017,6,2,7,56,1XX PRINCESS AVE,Strathcona,493350.5691,5459014.0688
Mischief,2017,6,14,5,1,1XX PRINCESS AVE,Strathcona,493350.5691,5459014.0688
Mischief,2017,8,9,6,20,1XX PRINCESS AVE,Strathcona,493350.5691,5459014.0688
Mischief,2017,12,8,7,49,1XX PRINCESS AVE,Strathcona,493350.5691,5459014.0688
Mischief,2017,4,25,17,15,1XX PRIOR ST,Central Business District,492575.051,5458227.5421
Mischief,2017,11,9,20,30,1XX PRIOR ST,Central Business District,492575.051,5458227.5421
Mischief,2017,12,18,1,39,1XX PRIOR ST,Central Business District,492575.051,5458227.5421
Mischief,2017,11,22,9,2,1XX PRIOR ST,Central Business District,492582.133,5458226.8468
Mischief,2017,1,14,2,45,1XX ROBSON ST,Central Business District,491659.718,5458376.0155
Mischief,2017,9,5,19,0,1XX ROUNDHOUSE MEWS,Central Business District,491092.419,5457867.4662
Mischief,2017,1,20,15,27,1XX SMITHE ST,Central Business District,491592.9258,5458211.1889
Mischief,2017,8,23,4,3,1XX SW MARINE DR,Marpole,492042.2586,5451051.03
Mischief,2017,10,3,4,20,1XX TERMINAL AVE,Central Business District,492699.2641,5457805.8817
Mischief,2017,6,7,22,2,1XX TROUNCE ALLY,Central Business District,492240.1458,5458963.2949
Mischief,2017,5,18,5,0,1XX UNION ST,Central Business District,492626.622,5458332.4619
Mischief,2017,11,3,0,1,1XX UNION ST,Central Business District,492626.622,5458332.4619
Mischief,2017,12,13,0,0,1XX UNION ST,Central Business District,492626.622,5458332.4619
Mischief,2017,12,31,11,34,1XX UNION ST,Central Business District,492626.622,5458332.4619
Mischief,2017,1,13,13,0,1XX UNION ST,Central Business District,492638.9902,5458332.9138
Mischief,2017,2,7,17,0,1XX UNION ST,Central Business District,492638.9902,5458332.9138
Mischief,2017,3,7,12,0,1XX UNION ST,Central Business District,492638.9902,5458332.9138
Mischief,2017,4,5,15,0,1XX UNION ST,Central Business District,492638.9902,5458332.9138
Mischief,2017,4,5,15,26,1XX UNION ST,Central Business District,492638.9902,5458332.9138
Mischief,2017,5,1,14,22,1XX UNION ST,Central Business District,492638.9902,5458332.9138
Mischief,2017,5,11,14,26,1XX UNION ST,Central Business District,492638.9902,5458332.9138
Mischief,2017,6,28,0,0,1XX UNION ST,Central Business District,492638.9902,5458332.9138
Mischief,2017,7,21,16,0,1XX UNION ST,Central Business District,492638.9902,5458332.9138
Mischief,2017,8,31,16,0,1XX UNION ST,Central Business District,492638.9902,5458332.9138
Mischief,2017,11,9,19,16,1XX W 10TH AVE,Mount Pleasant,492083.3629,5456607.4599
Mischief,2017,4,12,21,0,1XX W 10TH AVE,Mount Pleasant,492197.0135,5456595.1116
Mischief,2017,9,10,17,0,1XX W 14TH AVE,Mount Pleasant,492125.8023,5456195.4642
Mischief,2017,9,3,13,0,1XX W 14TH AVE,Mount Pleasant,492155.3712,5456194.8554
Mischief,2017,7,12,10,0,1XX W 16TH AVE,Riley Park,492200.383,5455992.3838
Mischief,2017,5,19,21,0,1XX W 19TH AVE,Riley Park,492190.8406,5455671.2779
Mischief,2017,2,10,10,46,1XX W 1ST AVE,Mount Pleasant,492220.7215,5457492.7297
Mischief,2017,1,12,14,1,1XX W 3RD AVE,Mount Pleasant,492186.5082,5457289.5023
Mischief,2017,9,11,8,30,1XX W 3RD AVE,Mount Pleasant,492190.6847,5457298.5397
Mischief,2017,10,3,1,56,1XX W 3RD AVE,Mount Pleasant,492233.575,5457288.2635
Mischief,2017,4,18,15,30,1XX W 43RD AVE,Oakridge,492047.9226,5453188.856
Mischief,2017,2,24,14,20,1XX W 47TH AVE,Oakridge,491980.4467,5452772.7735
Mischief,2017,1,1,12,0,1XX W 49TH AVE,Oakridge,492001.5368,5452575.2372
Mischief,2017,4,6,9,39,1XX W 49TH AVE,Oakridge,492102.3675,5452559.9667
Mischief,2017,6,15,9,0,1XX W 5TH AVE,Mount Pleasant,492232.3337,5457095.5582
Mischief,2017,6,15,9,30,1XX W 5TH AVE,Mount Pleasant,492232.3337,5457095.5582
Mischief,2017,10,2,12,0,1XX W 63RD AVE,Marpole,492117.6274,5451174.1602
Mischief,2017,1,15,8,12,1XX W 6TH AVE,Mount Pleasant,492227.3656,5456983.4606
Mischief,2017,8,12,20,49,1XX W 6TH AVE,Mount Pleasant,492227.3656,5456983.4606
Mischief,2017,9,11,10,10,1XX W 6TH AVE,Mount Pleasant,492227.3656,5456983.4606
Mischief,2017,5,14,11,15,1XX W 7TH AVE,Mount Pleasant,492049.458,5456897.7521
Mischief,2017,8,6,8,5,1XX W 7TH AVE,Mount Pleasant,492083.1005,5456896.6885
Mischief,2017,4,11,15,58,1XX W 7TH AVE,Mount Pleasant,492135.4333,5456895.0341
Mischief,2017,10,19,22,24,1XX W 7TH AVE,Mount Pleasant,492206.1675,5456883.6493
Mischief,2017,3,29,17,0,1XX W 7TH AVE,Mount Pleasant,492224.8578,5456883.0584
Mischief,2017,4,9,1,51,1XX W 8TH AVE,Mount Pleasant,492219.7561,5456783.1708
Mischief,2017,4,27,13,47,1XX W 8TH AVE,Mount Pleasant,492219.7561,5456783.1708
Mischief,2017,11,9,17,0,1XX W BROADWAY AVE,Mount Pleasant,492055.1079,5456715.7147
Mischief,2017,11,11,7,30,1XX W BROADWAY AVE,Mount Pleasant,492164.2836,5456701.9342
Mischief,2017,11,2,19,14,1XX W BROADWAY AVE,Mount Pleasant,492192.6392,5456700.7322
Mischief,2017,11,5,9,45,1XX W BROADWAY AVE,Mount Pleasant,492203.1869,5456709.4374
Mischief,2017,9,17,14,56,1XX W BROADWAY AVE,Mount Pleasant,492213.9058,5456699.8307
Mischief,2017,1,16,22,17,1XX W BROADWAY AVE,Mount Pleasant,492221.3094,5456699.5169
Mischief,2017,6,18,19,48,1XX W BROADWAY AVE,Mount Pleasant,492221.3094,5456699.5169
Mischief,2017,5,11,10,32,1XX W CORDOVA ST,Central Business District,492185.6625,5458931.117
Mischief,2017,7,23,2,30,1XX W CORDOVA ST,Central Business District,492202.3298,5458917.2378
Mischief,2017,11,8,13,30,1XX W CORDOVA ST,Central Business District,492206.3375,5458916.175
Mischief,2017,2,20,2,47,1XX W CORDOVA ST,Central Business District,492226.5253,5458910.8227
Mischief,2017,5,17,3,39,1XX W CORDOVA ST,Central Business District,492226.5253,5458910.8227
Mischief,2017,6,19,3,25,1XX W CORDOVA ST,Central Business District,492226.5253,5458910.8227
Mischief,2017,7,12,4,28,1XX W CORDOVA ST,Central Business District,492226.5253,5458910.8227
Mischief,2017,7,16,22,45,1XX W CORDOVA ST,Central Business District,492226.5253,5458910.8227
Mischief,2017,7,25,6,0,1XX W CORDOVA ST,Central Business District,492226.5253,5458910.8227
Mischief,2017,10,29,18,53,1XX W CORDOVA ST,Central Business District,492226.5253,5458910.8227
Mischief,2017,11,11,5,19,1XX W CORDOVA ST,Central Business District,492226.5253,5458910.8227
Mischief,2017,11,23,21,15,1XX W CORDOVA ST,Central Business District,492226.5253,5458910.8227
Mischief,2017,11,28,11,15,1XX W CORDOVA ST,Central Business District,492226.5253,5458910.8227
Mischief,2017,12,9,18,18,1XX W CORDOVA ST,Central Business District,492226.5253,5458910.8227
Mischief,2017,1,28,20,15,1XX W GEORGIA ST,Central Business District,491795.0971,5458476.1282
Mischief,2017,3,23,13,0,1XX W GEORGIA ST,Central Business District,491795.0971,5458476.1282
Mischief,2017,3,25,23,0,1XX W GEORGIA ST,Central Business District,491795.0971,5458476.1282
Mischief,2017,3,28,12,0,1XX W GEORGIA ST,Central Business District,491795.0971,5458476.1282
Mischief,2017,3,30,21,0,1XX W GEORGIA ST,Central Business District,491795.0971,5458476.1282
Mischief,2017,4,3,9,1,1XX W GEORGIA ST,Central Business District,491795.0971,5458476.1282
Mischief,2017,4,5,15,11,1XX W GEORGIA ST,Central Business District,491795.0971,5458476.1282
Mischief,2017,4,23,9,24,1XX W GEORGIA ST,Central Business District,491795.0971,5458476.1282
Mischief,2017,6,14,20,42,1XX W GEORGIA ST,Central Business District,491795.0971,5458476.1282
Mischief,2017,7,5,2,56,1XX W GEORGIA ST,Central Business District,491795.0971,5458476.1282
Mischief,2017,7,22,17,24,1XX W GEORGIA ST,Central Business District,491795.0971,5458476.1282
Mischief,2017,8,14,12,0,1XX W GEORGIA ST,Central Business District,491795.0971,5458476.1282
Mischief,2017,8,29,18,0,1XX W GEORGIA ST,Central Business District,491795.0971,5458476.1282
Mischief,2017,10,13,0,0,1XX W GEORGIA ST,Central Business District,491795.0971,5458476.1282
Mischief,2017,10,24,17,30,1XX W GEORGIA ST,Central Business District,491795.0971,5458476.1282
Mischief,2017,12,10,17,0,1XX W GEORGIA ST,Central Business District,491795.0971,5458476.1282
Mischief,2017,3,23,13,51,1XX W GEORGIA ST,Central Business District,491811.6487,5458473.3659
Mischief,2017,6,12,9,46,1XX W GEORGIA ST,Central Business District,491811.6487,5458473.3659
Mischief,2017,12,30,4,36,1XX W HASTINGS ST,Central Business District,492093.5729,5458839.2961
Mischief,2017,11,23,21,50,1XX W HASTINGS ST,Central Business District,492113.5506,5458842.8375
Mischief,2017,2,10,1,20,1XX W HASTINGS ST,Central Business District,492148.0205,5458832.4733
Mischief,2017,8,2,1,35,1XX W HASTINGS ST,Central Business District,492197.2022,5458808.1371
Mischief,2017,11,13,21,47,1XX W HASTINGS ST,Central Business District,492197.2022,5458808.1371
Mischief,2017,7,17,3,21,1XX W PENDER ST,Central Business District,492074.1894,5458729.9836
Mischief,2017,8,17,7,14,1XX W PENDER ST,Central Business District,492074.1894,5458729.9836
Mischief,2017,8,17,21,20,1XX W PENDER ST,Central Business District,492074.1894,5458729.9836
Mischief,2017,8,25,7,30,1XX W PENDER ST,Central Business District,492074.1894,5458729.9836
Mischief,2017,9,20,0,24,1XX W PENDER ST,Central Business District,492074.1894,5458729.9836
Mischief,2017,11,27,23,38,1XX W PENDER ST,Central Business District,492074.1894,5458729.9836
Mischief,2017,9,17,3,59,1XX W PENDER ST,Central Business District,492103.9564,5458731.1164
Mischief,2017,10,30,20,36,1XX W PENDER ST,Central Business District,492103.9564,5458731.1164
Mischief,2017,11,22,2,54,1XX W PENDER ST,Central Business District,492127.7227,5458724.5705
Mischief,2017,3,3,9,23,1XX W PENDER ST,Central Business District,492154.6895,5458707.7587
Mischief,2017,7,4,8,0,1XX W PENDER ST,Central Business District,492154.6895,5458707.7587
Mischief,2017,10,21,19,0,1XX W PENDER ST,Central Business District,492172.3273,5458702.9613
Mischief,2017,1,14,9,38,1XX WATER ST,Central Business District,492175.4091,5459048.5507
Mischief,2017,4,11,17,15,1XX WATER ST,Central Business District,492204.6478,5459031.2779
Mischief,2017,4,15,4,22,1XX WATER ST,Central Business District,492204.6478,5459031.2779
Mischief,2017,4,26,9,30,1XX WATER ST,Central Business District,492204.6478,5459031.2779
Mischief,2017,8,4,7,30,1XX WATER ST,Central Business District,492204.6478,5459031.2779
Mischief,2017,10,23,9,40,1XX WATER ST,Central Business District,492204.6478,5459031.2779
Mischief,2017,11,2,5,36,1XX WATER ST,Central Business District,492204.6478,5459031.2779
Mischief,2017,12,18,5,24,1XX WATER ST,Central Business District,492204.6478,5459031.2779
Mischief,2017,12,31,21,30,1XX WATER ST,Central Business District,492204.6478,5459031.2779
Mischief,2017,4,10,7,4,1XX WATER ST,Central Business District,492212.9631,5459029.0573
Mischief,2017,11,10,12,30,1XX WATER ST,Central Business District,492215.3223,5459037.8917
Mischief,2017,2,3,16,0,1XX WATER ST,Central Business District,492236.2458,5459022.8396
Mischief,2017,7,5,6,35,1XX WATER ST,Central Business District,492236.2458,5459022.8396
Mischief,2017,7,30,10,15,1XX WATER ST,Central Business District,492236.2458,5459022.8396
Mischief,2017,11,4,17,44,1XX WATER ST,Central Business District,492236.2458,5459022.8396
Mischief,2017,11,14,1,30,1XX WATER ST,Central Business District,492236.2458,5459022.8396
Mischief,2017,5,15,15,3,1XX WATER ST,Central Business District,492241.4827,5459021.4409
Mischief,2017,8,30,2,31,1XX WATER ST,Central Business District,492249.4441,5459019.3148
Mischief,2017,8,30,15,27,1XX WATER ST,Central Business District,492249.4441,5459019.3148
Mischief,2017,3,6,11,0,1XX WATER ST,Central Business District,492254.5394,5459017.9543
Mischief,2017,3,20,19,45,1XX WATER ST,Central Business District,492254.5394,5459017.9543
Mischief,2017,12,11,0,39,1XX WATER ST,Central Business District,492254.5394,5459017.9543
Mischief,2017,12,30,0,54,1XX WATER ST,Central Business District,492254.5394,5459017.9543
Mischief,2017,8,28,4,50,20XX ALBERTA ST,Mount Pleasant,491945.1607,5457191.009
Mischief,2017,3,5,4,49,20XX ALMA ST,West Point Grey,486484.4111,5457255.4503
Mischief,2017,10,29,20,14,20XX ALMA ST,West Point Grey,486484.4111,5457255.4503
Mischief,2017,2,22,23,0,20XX BALSAM ST,Kitsilano,488366.6478,5457284.2492
Mischief,2017,9,8,23,0,20XX BARCLAY ST,West End,489742.9421,5459975.0184
Mischief,2017,5,16,17,9,20XX BARCLAY ST,West End,489775.1583,5459925.9898
Mischief,2017,8,18,11,35,20XX BAUER ST,Grandview-Woodland,495086.9218,5457014.9924
Mischief,2017,2,22,13,11,20XX BEACH AVE,West End,489358.9782,5459781.0413
Mischief,2017,3,22,17,0,20XX BEACH AVE,West End,489365.9995,5459777.6929
Mischief,2017,2,17,21,30,20XX BURRARD ST,Fairview,489409.314,5457254.855
Mischief,2017,10,11,15,32,20XX CASSIAR ST,Hastings-Sunrise,497739.9617,5457016.9641
Mischief,2017,4,28,12,0,20XX COLLINGWOOD ST,Kitsilano,486774.1709,5457296.2883
Mischief,2017,11,22,10,18,20XX COMMERCIAL DR,Grandview-Woodland,494923.7845,5457071.9661
Mischief,2017,8,31,18,7,20XX COMMERCIAL DR,Grandview-Woodland,494933.8025,5457123.4228
Mischief,2017,6,25,1,20,20XX COMOX ST,West End,489569.4115,5459833.8012
Mischief,2017,12,19,20,0,20XX COMOX ST,West End,489569.4115,5459833.8012
Mischief,2017,3,19,0,0,20XX COMOX ST,West End,489603.0888,5459799.3875
Mischief,2017,3,30,10,34,20XX DUNDAS ST,Grandview-Woodland,495406.7367,5459123.493
Mischief,2017,11,10,0,0,20XX E 1ST AVE,Grandview-Woodland,495477.0426,5457417.1605
Mischief,2017,3,13,5,25,20XX E 23RD AVE,Kensington-Cedar Cottage,495309.1189,5455185.4418
Mischief,2017,11,15,12,35,20XX E 27TH AVE,Kensington-Cedar Cottage,495261.9123,5454884.8248
Mischief,2017,5,2,23,30,20XX E 27TH AVE,Kensington-Cedar Cottage,495386.3196,5454883.3311
Mischief,2017,11,1,11,22,20XX E 2ND AVE,Grandview-Woodland,495401.8914,5457318.12
Mischief,2017,10,25,16,0,20XX E 36TH AVE,Kensington-Cedar Cottage,495292.8506,5453860.845
Mischief,2017,5,29,16,37,20XX E 37TH AVE,Kensington-Cedar Cottage,495279.0815,5453790.3178
Mischief,2017,6,20,16,45,20XX E 3RD AVE,Grandview-Woodland,495358.628,5457226.7806
Mischief,2017,10,3,1,15,20XX E 40TH AVE,Kensington-Cedar Cottage,495235.4319,5453457.6793
Mischief,2017,7,20,0,0,20XX E 7TH AVE,Grandview-Woodland,495418.0311,5456826.0238
Mischief,2017,8,6,14,5,20XX E HASTINGS ST,Grandview-Woodland,495378.897,5458712.4574
Mischief,2017,8,22,22,30,20XX E HASTINGS ST,Grandview-Woodland,495492.838,5458711.012
Mischief,2017,1,25,15,45,20XX E HASTINGS ST,Grandview-Woodland,495500.9849,5458710.9087
Mischief,2017,5,2,23,22,20XX E HASTINGS ST,Grandview-Woodland,495500.9849,5458710.9087
Mischief,2017,12,15,19,26,20XX E HASTINGS ST,Grandview-Woodland,495500.9849,5458710.9087
Mischief,2017,10,28,0,0,20XX E PENDER ST,Grandview-Woodland,495406.9367,5458615.916
Mischief,2017,5,8,21,0,20XX FERNDALE ST,Grandview-Woodland,495374.566,5458542.8731
Mischief,2017,5,6,23,0,20XX FERNDALE ST,Grandview-Woodland,495436.0149,5458551.9271
Mischief,2017,3,20,19,59,20XX FRANKLIN ST,Grandview-Woodland,495452.3165,5458815.0513
Mischief,2017,12,25,19,45,20XX GRANVILLE BRDG,Fairview,489922.8652,5457133.809
Mischief,2017,9,5,21,0,20XX GRAVELEY ST,Grandview-Woodland,495430.0767,5457517.5951
Mischief,2017,8,20,23,0,20XX HARRISON DR,Victoria-Fraserview,495210.116,5450866.9496
Mischief,2017,4,19,6,40,20XX HARRISON DR,Victoria-Fraserview,495233.7584,5450869.0692
Mischief,2017,8,23,20,25,20XX HARRISON DR,Victoria-Fraserview,495331.4471,5450802.8359
Mischief,2017,8,9,23,0,20XX HIGHBURY ST,West Point Grey,486353.9527,5457305.3113
Mischief,2017,9,11,1,28,20XX KINGSWAY AVE,Kensington-Cedar Cottage,495283.0213,5454696.8783
Mischief,2017,9,25,17,50,20XX KINGSWAY AVE,Kensington-Cedar Cottage,495283.0213,5454696.8783
Mischief,2017,12,16,23,0,20XX KINGSWAY AVE,Kensington-Cedar Cottage,495334.8648,5454660.7167
Mischief,2017,4,3,5,38,20XX MACDONALD ST,Kitsilano,487753.2556,5457303.4142
Mischief,2017,11,20,23,9,20XX MAIN ST,Mount Pleasant,492672.7511,5457110.0243
Mischief,2017,2,19,11,57,20XX MANITOBA ST,Mount Pleasant,492243.9176,5457187.1038
Mischief,2017,8,21,20,36,20XX MCLEAN DR,Grandview-Woodland,494513.112,5457125.2482
Mischief,2017,3,24,19,0,20XX NELSON ST,West End,489698.0723,5459846.7959
Mischief,2017,4,12,19,25,20XX PANDORA ST,Grandview-Woodland,495426.4565,5458918.1088
Mischief,2017,11,10,20,19,20XX PANDORA ST,Grandview-Woodland,495461.3196,5458926.9948
Mischief,2017,11,5,23,0,20XX PENDRELL ST,West End,489505.029,5459742.898
Mischief,2017,11,24,19,0,20XX QUALICUM DR,Victoria-Fraserview,495284.175,5451133.4427
Mischief,2017,12,22,16,30,20XX RUPERT ST,Hastings-Sunrise,497556.2672,5457042.0548
Mischief,2017,2,3,0,0,20XX SEMLIN DR,Grandview-Woodland,495357.0979,5457116.5092
Mischief,2017,7,26,10,0,20XX STEPHENS ST,Kitsilano,487893.0728,5457274.1904
Mischief,2017,4,4,12,7,20XX TRAFALGAR ST,Kitsilano,488033.8927,5457243.6914
Mischief,2017,5,9,3,46,20XX TRIUMPH ST,Grandview-Woodland,495384.3479,5459016.404
Mischief,2017,6,2,20,26,20XX UPLAND DR,Victoria-Fraserview,495252.0663,5451692.4474
Mischief,2017,4,30,16,0,20XX VICTORIA DR,Grandview-Woodland,495214.8989,5457024.5558
Mischief,2017,1,30,9,47,20XX W 11TH AVE,Kitsilano,488995.1805,5456578.6551
Mischief,2017,6,3,0,0,20XX W 33RD AVE,Arbutus Ridge,488849.8951,5454386.6146
Mischief,2017,6,4,7,39,20XX W 33RD AVE,Arbutus Ridge,488849.8951,5454386.6146
Mischief,2017,8,17,12,0,20XX W 35TH AVE,Shaughnessy,488805.3119,5454157.9184
Mischief,2017,6,25,20,0,20XX W 35TH AVE,Shaughnessy,488888.5552,5454148.1356
Mischief,2017,9,28,16,0,20XX W 35TH AVE,Shaughnessy,488940.4684,5454147.7374
Mischief,2017,6,20,3,22,20XX W 41ST AVE,Shaughnessy,488731.6235,5453549.0657
Mischief,2017,6,29,23,35,20XX W 41ST AVE,Shaughnessy,488731.6235,5453549.0657
Mischief,2017,8,31,23,0,20XX W 43RD AVE,Kerrisdale,488920.8897,5453326.2021
Mischief,2017,8,24,22,40,20XX W 45TH AVE,Kerrisdale,488723.2956,5453126.1602
Mischief,2017,4,10,9,43,20XX W 4TH AVE,Kitsilano,488947.7355,5457276.0498
Mischief,2017,12,13,10,27,20XX W 4TH AVE,Kitsilano,489050.5141,5457264.391
Mischief,2017,3,26,10,0,20XX W 54TH AVE,Kerrisdale,488785.3128,5452108.6579
Mischief,2017,10,30,22,0,20XX W 57TH AVE,Kerrisdale,488841.8168,5451877.929
Mischief,2017,6,29,23,7,20XX W 5TH AVE,Kitsilano,488945.9082,5457179.6189
Mischief,2017,5,27,22,0,20XX W 6TH AVE,Kitsilano,488909.3976,5457077.9733
Mischief,2017,12,12,12,0,20XX W 6TH AVE,Kitsilano,488926.3493,5457086.7145
Mischief,2017,12,23,22,0,20XX W 6TH AVE,Kitsilano,488926.3493,5457086.7145
Mischief,2017,4,28,9,0,20XX W 7TH AVE,Kitsilano,488993.7414,5456991.6941
Mischief,2017,1,5,13,0,20XX W 8TH AVE,Kitsilano,488959.3225,5456901.4488
Mischief,2017,11,26,19,30,20XX W BROADWAY AVE,Kitsilano,488910.2916,5456789.8815
Mischief,2017,12,25,0,0,20XX W BROADWAY AVE,Kitsilano,488910.2916,5456789.8815
Mischief,2017,12,31,0,0,20XX W BROADWAY AVE,Kitsilano,488910.2916,5456789.8815
Mischief,2017,1,11,20,34,20XX WALL ST,Grandview-Woodland,495505.9323,5459267.2854
Mischief,2017,11,1,2,22,20XX WOODLAND DR,Grandview-Woodland,494643.1883,5457073.8925
Mischief,2017,11,13,19,0,21XX ADANAC ST,Grandview-Woodland,495553.4887,5458300.9089
Mischief,2017,8,13,12,17,21XX ALBERTA ST,Mount Pleasant,491942.1159,5457057.7508
Mischief,2017,9,26,15,20,21XX CAMBIE ST,Mount Pleasant,491665.4144,5457104.307
Mischief,2017,2,5,12,5,21XX CAMBIE ST,Mount Pleasant,491665.6823,5457087.35
Mischief,2017,7,9,13,57,21XX COMMERCIAL DR,Grandview-Woodland,494931.2357,5456957.6901
Mischief,2017,3,24,8,30,21XX DUNDAS ST,Grandview-Woodland,495594.7524,5459113.9134
Mischief,2017,11,18,7,36,21XX E 33RD AVE,Kensington-Cedar Cottage,495555.5118,5454118.8481
Mischief,2017,9,2,1,0,21XX E 44TH AVE,Victoria-Fraserview,495355.4708,5453060.3331
Mischief,2017,5,13,18,0,21XX E 4TH AVE,Grandview-Woodland,495544.2182,5457106.9859
Mischief,2017,8,3,22,0,21XX E 4TH AVE,Grandview-Woodland,495598.2295,5457116.1683
Mischief,2017,11,14,11,45,21XX E 55TH AVE,Victoria-Fraserview,495390.8486,5451853.4378
Mischief,2017,4,30,2,40,21XX E 5TH AVE,Grandview-Woodland,495572.7794,5457023.4203
Mischief,2017,10,14,20,23,21XX E PENDER ST,Grandview-Woodland,495631.7909,5458606.096
Mischief,2017,6,3,13,30,21XX FRASERVIEW DR,Victoria-Fraserview,495460.7384,5450966.4088
Mischief,2017,9,9,23,0,21XX GRANDVIEW HWY S,Kensington-Cedar Cottage,495505.7622,5456301.988
Mischief,2017,9,28,15,0,21XX GRANDVIEW HWY S,Kensington-Cedar Cottage,495533.9588,5456297.61
Mischief,2017,9,29,11,27,21XX GRANDVIEW HWY S,Kensington-Cedar Cottage,495533.9588,5456297.61
Mischief,2017,4,4,17,0,21XX GRANVILLE ST,Fairview,489922.4515,5457109.585
Mischief,2017,4,14,0,0,21XX GRAVELEY ST,Grandview-Woodland,495586.4259,5457524.3046
Mischief,2017,12,1,0,0,21XX HERMON DR,Hastings-Sunrise,497824.0548,5456962.6794
Mischief,2017,12,28,21,24,21XX KINGSWAY AVE,Kensington-Cedar Cottage,495401.3851,5454601.4945
Mischief,2017,9,11,1,30,21XX KINGSWAY AVE,Kensington-Cedar Cottage,495417.7114,5454600.8471
Mischief,2017,4,25,9,27,21XX KINGSWAY AVE,Kensington-Cedar Cottage,495423.1678,5454596.8387
Mischief,2017,12,23,17,0,21XX KINGSWAY AVE,Kensington-Cedar Cottage,495428.609,5454581.4955
Mischief,2017,10,10,19,30,21XX KINGSWAY AVE,Kensington-Cedar Cottage,495450.4498,5454576.797
Mischief,2017,10,28,19,11,21XX MAIN ST,Mount Pleasant,492675.9616,5457067.7285
Mischief,2017,10,23,11,13,21XX OXFORD ST,Grandview-Woodland,495552.4796,5459215.5536
Mischief,2017,6,8,22,1,21XX SEMLIN DR,Grandview-Woodland,495355.1291,5456997.6599
Mischief,2017,3,28,14,45,21XX STANLEY PARK DR,Stanley Park,491432.5557,5460812.289
Mischief,2017,8,21,18,0,21XX TRIUMPH ST,Grandview-Woodland,495593.6754,5459024.5228
Mischief,2017,3,15,23,59,21XX TRIUMPH ST,Grandview-Woodland,495626.0726,5459015.2249
Mischief,2017,7,8,18,0,21XX W 11TH AVE,Kitsilano,488842.1962,5456591.9414
Mischief,2017,8,17,20,0,21XX W 15TH AVE,Kitsilano,488697.0123,5456180.1587
Mischief,2017,12,11,0,0,21XX W 15TH AVE,Kitsilano,488710.3916,5456170.7423
Mischief,2017,12,6,18,0,21XX W 2ND AVE,Kitsilano,488882.6767,5457466.9832
Mischief,2017,5,21,22,45,21XX W 32ND AVE,Arbutus Ridge,488646.5659,5454492.9846
Mischief,2017,11,14,12,0,21XX W 32ND AVE,Arbutus Ridge,488658.1069,5454483.5305
Mischief,2017,10,14,7,21,21XX W 35TH AVE,Arbutus Ridge,488583.2828,5454173.57
Mischief,2017,12,1,22,0,21XX W 3RD AVE,Kitsilano,488763.0421,5457381.3667
Mischief,2017,4,28,3,24,21XX W 3RD AVE,Kitsilano,488832.429,5457370.5741
Mischief,2017,7,30,23,59,21XX W 40TH AVE,Arbutus Ridge,488672.2663,5453650.4245
Mischief,2017,12,10,18,0,21XX W 42ND AVE,Kerrisdale,488569.1227,5453443.008
Mischief,2017,1,14,22,0,21XX W 44TH AVE,Kerrisdale,488486.5999,5453249.3948
Mischief,2017,8,18,9,0,21XX W 46TH AVE,Kerrisdale,488658.2073,5453018.2039
Mischief,2017,8,18,17,0,21XX W 47TH AVE,Kerrisdale,488469.318,5452926.7509
Mischief,2017,5,13,10,45,21XX W 4TH AVE,Kitsilano,488880.5766,5457268.5468
Mischief,2017,3,8,23,0,21XX W 54TH AVE,Kerrisdale,488513.1708,5452146.8929
Mischief,2017,11,3,15,30,21XX W 5TH AVE,Kitsilano,488731.4215,5457176.2106
Mischief,2017,3,13,17,0,21XX W 5TH AVE,Kitsilano,488873.9289,5457172.1622
Mischief,2017,8,8,16,0,21XX W 5TH AVE,Kitsilano,488873.9289,5457172.1622
Mischief,2017,6,19,1,0,21XX W 7TH AVE,Kitsilano,488752.7785,5456998.9817
Mischief,2017,3,8,21,14,21XX WALL ST,Grandview-Woodland,495588.5916,5459445.0789
Mischief,2017,3,11,10,45,21XX WILLIAM ST,Grandview-Woodland,495507.81,5457899.7831
Mischief,2017,6,22,12,0,21XX YEW ST,Kitsilano,488714.761,5457176.6104
Mischief,2017,4,6,21,0,21XX YORK AVE,Kitsilano,488818.6682,5457672.3881
Mischief,2017,7,17,12,0,21XX YORK AVE,Kitsilano,488818.6682,5457672.3881
Mischief,2017,6,22,21,0,21XX YORK AVE,Kitsilano,488850.0413,5457671.5327
Mischief,2017,5,3,0,14,21XX YUKON ST,Mount Pleasant,491802.1634,5457101.4673
Mischief,2017,6,10,17,15,22XX ALMA ST,Kitsilano,486490.1565,5457141.2401
Mischief,2017,4,19,6,42,22XX BONACCORD DR,Victoria-Fraserview,495511.9202,5450860.0953
Mischief,2017,5,18,20,0,22XX BURQUITLAM DR,Victoria-Fraserview,495473.6906,5450825.2808
Mischief,2017,11,14,15,0,22XX CAMBIE ST,Mount Pleasant,491656.6642,5456918.9056
Mischief,2017,12,8,16,0,22XX CASSIAR ST,Hastings-Sunrise,497748.1637,5456793.7356
Mischief,2017,4,1,23,13,22XX COLLINGWOOD ST,Kitsilano,486770.2206,5457088.6498
Mischief,2017,1,6,18,0,22XX COMMERCIAL DR,Grandview-Woodland,494921.4454,5456917.6723
Mischief,2017,3,16,4,58,22XX COMMERCIAL DR,Grandview-Woodland,494930.5633,5456915.6897
Mischief,2017,4,1,6,57,22XX COMMERCIAL DR,Grandview-Woodland,494930.5633,5456915.6897
Mischief,2017,4,3,1,34,22XX DUNDAS ST,Grandview-Woodland,495729.6321,5459113.3415
Mischief,2017,4,28,20,0,22XX DUNDAS ST,Grandview-Woodland,495759.4222,5459112.9876
Mischief,2017,4,23,16,0,22XX E 24TH AVE,Kensington-Cedar Cottage,495656.1182,5455127.5554
Mischief,2017,8,20,4,0,22XX E 30TH AVE,Kensington-Cedar Cottage,495680.3024,5454271.8814
Mischief,2017,8,12,22,30,22XX E 30TH AVE,Kensington-Cedar Cottage,495726.0674,5454240.0673
Mischief,2017,8,20,4,30,22XX E 30TH AVE,Kensington-Cedar Cottage,495726.0674,5454240.0673
Mischief,2017,8,21,0,0,22XX E 30TH AVE,Kensington-Cedar Cottage,495726.0674,5454240.0673
Mischief,2017,11,4,22,30,22XX E 3RD AVE,Grandview-Woodland,495639.5908,5457214.1282
Mischief,2017,4,27,19,0,22XX E 41ST AVE,Victoria-Fraserview,495480.6011,5453335.7324
Mischief,2017,12,19,21,0,22XX E 47TH AVE,Victoria-Fraserview,495470.2457,5452758.8168
Mischief,2017,12,7,16,0,22XX E 47TH AVE,Victoria-Fraserview,495511.882,5452766.6261
Mischief,2017,9,18,20,30,22XX E 48TH AVE,Victoria-Fraserview,495491.8085,5452614.4718
Mischief,2017,10,20,0,0,22XX E 48TH AVE,Victoria-Fraserview,495491.8085,5452614.4718
Mischief,2017,8,8,16,0,22XX E 49TH AVE,Victoria-Fraserview,495666.9335,5452480.082
Mischief,2017,4,26,10,23,22XX E 61ST AVE,Victoria-Fraserview,495491.0958,5451304.8891
Mischief,2017,4,9,21,48,22XX E HASTINGS ST,Grandview-Woodland,495786.4951,5458710.0168
Mischief,2017,12,25,22,57,22XX FRANKLIN ST,Grandview-Woodland,495733.7652,5458810.2234
Mischief,2017,2,15,2,15,22XX GRANT ST,Grandview-Woodland,495713.1822,5457602.1709
Mischief,2017,1,15,12,0,22XX GRANVILLE ST,Fairview,489921.0348,5457035.3861
Mischief,2017,10,26,23,23,22XX HERMON DR,Hastings-Sunrise,497840.9273,5456866.757
Mischief,2017,2,12,9,56,22XX HERMON DR,Hastings-Sunrise,497843.2629,5456765.4107
Mischief,2017,4,1,18,10,22XX HERMON DR,Hastings-Sunrise,497843.2629,5456765.4107
Mischief,2017,3,25,9,8,22XX HERMON DR,Hastings-Sunrise,497849.6469,5456798.3902
Mischief,2017,8,23,4,49,22XX KINGSWAY AVE,Kensington-Cedar Cottage,495713.965,5454390.6225
Mischief,2017,12,7,16,27,22XX MACDONALD ST,Kitsilano,487756.1237,5457106.034
Mischief,2017,8,18,0,1,22XX MCGILL ST,Grandview-Woodland,495636.8661,5459517.9823
Mischief,2017,3,18,17,33,22XX NEWPORT AVE,Victoria-Fraserview,495541.093,5451385.5124
Mischief,2017,9,19,14,58,22XX PANDORA ST,Grandview-Woodland,495733.5039,5458922.8396
Mischief,2017,7,12,22,30,22XX QUEBEC ST,Mount Pleasant,492521.1381,5456977.84
Mischief,2017,4,4,2,0,22XX SCARBORO AVE,Victoria-Fraserview,495649.5048,5451180.3198
Mischief,2017,9,6,22,0,22XX SLOCAN ST,Hastings-Sunrise,496403.0286,5456888.3655
Mischief,2017,10,23,21,30,22XX TRIUMPH ST,Grandview-Woodland,495745.5892,5459023.4563
Mischief,2017,9,4,22,30,22XX TURNER ST,Grandview-Woodland,495658.006,5458481.5731
Mischief,2017,12,11,1,0,22XX VINE ST,Kitsilano,488540.8714,5457090.0275
Mischief,2017,10,5,8,0,22XX W 10TH AVE,Kitsilano,488596.1075,5456691.0847
Mischief,2017,2,22,0,0,22XX W 1ST AVE,Kitsilano,488606.8054,5457572.5147
Mischief,2017,12,5,11,0,22XX W 21ST AVE,Arbutus Ridge,488523.3187,5455651.2381
Mischief,2017,6,18,1,0,22XX W 33RD AVE,Arbutus Ridge,488393.6328,5454388.3769
Mischief,2017,4,22,15,0,22XX W 37TH AVE,Arbutus Ridge,488400.4092,5453961.4884
Mischief,2017,4,22,23,0,22XX W 37TH AVE,Arbutus Ridge,488423.8027,5453960.774
Mischief,2017,4,22,20,0,22XX W 37TH AVE,Arbutus Ridge,488435.4995,5453960.4167
Mischief,2017,4,22,22,0,22XX W 40TH AVE,Arbutus Ridge,488403.3969,5453663.5541
Mischief,2017,4,23,18,0,22XX W 40TH AVE,Arbutus Ridge,488403.3969,5453663.5541
Mischief,2017,2,17,18,0,22XX W 40TH AVE,Arbutus Ridge,488420.0004,5453663.2925
Mischief,2017,3,2,11,30,22XX W 4TH AVE,Kitsilano,488660.7466,5457273.9842
Mischief,2017,11,8,16,0,22XX W 4TH AVE,Kitsilano,488708.5682,5457281.97
Mischief,2017,2,22,9,0,22XX W 8TH AVE,Kitsilano,488654.0017,5456900.2087
Mischief,2017,6,20,17,45,22XX W BROADWAY AVE,Kitsilano,488555.3549,5456799.69
Mischief,2017,10,9,19,34,22XX W BROADWAY AVE,Kitsilano,488650.1684,5456797.0693
Mischief,2017,1,22,9,24,22XX W BROADWAY AVE,Kitsilano,488660.2294,5456805.9388
Mischief,2017,11,1,8,0,22XX W BROADWAY AVE,Kitsilano,488660.2294,5456805.9388
Mischief,2017,11,6,15,0,22XX W BROADWAY AVE,Kitsilano,488660.2294,5456805.9388
Mischief,2017,10,24,7,28,22XX YEW ST,Kitsilano,488713.2825,5457084.4362
Mischief,2017,7,26,23,58,23XX ALBERTA ST,Mount Pleasant,491934.8193,5456807.304
Mischief,2017,6,20,8,45,23XX BAYSWATER ST,Kitsilano,487550.858,5457020.2309
Mischief,2017,1,18,17,0,23XX BURRARD ST,Kitsilano,489392.7567,5456899.3804
Mischief,2017,9,23,22,0,23XX BURRARD ST,Fairview,489403.7495,5456971.3066
Mischief,2017,10,20,22,56,23XX CAMBIE ST,Fairview,491637.2119,5456826.5706
Mischief,2017,10,27,6,55,23XX CLARK DR,Grandview-Woodland,494366.6268,5456820.505
Mischief,2017,10,25,22,0,23XX CLARK DR,Grandview-Woodland,494366.8503,5456827.8752
Mischief,2017,7,19,14,30,23XX COMMERCIAL DR,Grandview-Woodland,494929.294,5456822.6503
Mischief,2017,4,7,18,45,23XX COMMERCIAL DR,Grandview-Woodland,494928.4765,5456771.171
Mischief,2017,8,31,19,30,23XX DUNDAS ST,Grandview-Woodland,495801.555,5459112.4765
Mischief,2017,9,1,7,1,23XX E 30TH AVE,Renfrew-Collingwood,495836.4546,5454157.7314
Mischief,2017,10,23,0,17,23XX E 39TH AVE,Renfrew-Collingwood,495822.1218,5453572.3457
Mischief,2017,8,28,19,18,23XX E 3RD AVE,Grandview-Woodland,495854.1877,5457210.5993
Mischief,2017,4,8,10,8,23XX E GEORGIA ST,Grandview-Woodland,495839.1315,5458389.922
Mischief,2017,2,8,12,36,23XX E HASTINGS ST,Grandview-Woodland,495798.0891,5458709.9812
Mischief,2017,8,3,21,20,23XX E HASTINGS ST,Grandview-Woodland,495875.9059,5458709.7385
Mischief,2017,3,14,9,36,23XX E PENDER ST,Grandview-Woodland,495817.2658,5458614.9426
Mischief,2017,9,20,11,0,23XX GRANDVIEW HWY S,Kensington-Cedar Cottage,495801.8576,5456141.5463
Mischief,2017,6,19,18,0,23XX GRANT ST,Grandview-Woodland,495787.9199,5457601.2745
Mischief,2017,10,30,12,0,23XX GRAVELEY ST,Grandview-Woodland,495800.4743,5457512.3675
Mischief,2017,11,7,22,0,23XX GRAVELEY ST,Grandview-Woodland,495800.4743,5457512.3675
Mischief,2017,5,21,22,0,23XX HERMON DR,Hastings-Sunrise,497787.9058,5456710.1469
Mischief,2017,11,11,19,1,23XX KINGSWAY AVE,Renfrew-Collingwood,495768.1547,5454340.812
Mischief,2017,4,23,0,57,23XX KINGSWAY AVE,Renfrew-Collingwood,495773.3927,5454348.3071
Mischief,2017,11,5,23,11,23XX KINGSWAY AVE,Renfrew-Collingwood,495773.3927,5454348.3071
Mischief,2017,4,17,8,36,23XX KINGSWAY AVE,Renfrew-Collingwood,495900.5076,5454248.6701
Mischief,2017,6,15,12,0,23XX LIONS GT BRDG,Stanley Park,489633.9751,5462045.6652
Mischief,2017,3,25,20,55,23XX MAIN ST,Mount Pleasant,492646.5317,5456827.4324
Mischief,2017,8,30,21,38,23XX MANITOBA ST,Mount Pleasant,492235.4011,5456885.8735
Mischief,2017,2,14,19,0,23XX MCLEAN DR,Grandview-Woodland,494497.3652,5456766.5918
Mischief,2017,2,15,0,29,23XX MCLEAN DR,Grandview-Woodland,494497.3652,5456766.5918
Mischief,2017,9,9,0,0,23XX MCLEAN DR,Grandview-Woodland,494497.3652,5456766.5918
Mischief,2017,1,14,0,0,23XX NAPIER ST,Grandview-Woodland,495831.0786,5458007.0452
Mischief,2017,6,17,0,0,23XX NAPIER ST,Grandview-Woodland,495831.0786,5458007.0452
Mischief,2017,12,15,8,14,23XX VANNESS AVE,Kensington-Cedar Cottage,495733.4605,5455160.7091
Mischief,2017,4,11,20,30,23XX VICTORIA DR,Grandview-Woodland,495212.3934,5456821.3972
Mischief,2017,2,7,23,55,23XX W 16TH AVE,Kitsilano,488431.4765,5456086.6828
Mischief,2017,8,6,0,0,23XX W 2ND AVE,Kitsilano,488453.3576,5457487.2709
Mischief,2017,4,16,19,22,23XX W 36TH AVE,Arbutus Ridge,488269.5255,5454071.7593
Mischief,2017,4,23,17,0,23XX W 37TH AVE,Arbutus Ridge,488332.4195,5453963.5369
Mischief,2017,4,30,8,0,23XX W 37TH AVE,Arbutus Ridge,488365.0075,5453962.5671
Mischief,2017,12,5,15,0,23XX W 40TH AVE,Arbutus Ridge,488381.6684,5453654.7512
Mischief,2017,9,1,2,0,23XX W 41ST AVE,Arbutus Ridge,488327.2802,5453559.318
Mischief,2017,7,22,22,10,23XX W 4TH AVE,Kitsilano,488511.6253,5457287.335
Mischief,2017,11,9,15,30,23XX W 4TH AVE,Kitsilano,488511.6253,5457287.335
Mischief,2017,12,1,20,30,23XX W BROADWAY AVE,Kitsilano,488414.2602,5456803.6094
Mischief,2017,5,8,16,0,23XX WOODLAND DR,Grandview-Woodland,494648.5132,5456803.9458
Mischief,2017,9,4,12,0,24XX BRUNSWICK ST,Mount Pleasant,492938.1512,5456741.846
Mischief,2017,5,21,12,0,24XX CAROLINA ST,Mount Pleasant,493380.3751,5456736.1916
Mischief,2017,9,17,21,10,24XX COMMERCIAL DR,Grandview-Woodland,494927.0267,5456665.3381
Mischief,2017,6,14,20,0,24XX COURTENAY ST,West Point Grey,485353.5199,5456983.0203
Mischief,2017,10,10,3,14,24XX DUNDAS ST,Hastings-Sunrise,495890.8037,5459111.0838
Mischief,2017,7,31,14,30,24XX E 10TH AVE,Renfrew-Collingwood,495919.3282,5456469.0388
Mischief,2017,9,18,9,30,24XX E 19TH AVE,Renfrew-Collingwood,495949.0628,5455600.3874
Mischief,2017,5,13,17,9,24XX E 1ST AVE,Hastings-Sunrise,495905.146,5457428.5791
Mischief,2017,12,27,18,0,24XX E 1ST AVE,Hastings-Sunrise,495953.7323,5457430.7363
Mischief,2017,12,15,23,10,24XX E 1ST AVE,Hastings-Sunrise,495975.3076,5457402.6038
Mischief,2017,11,1,12,16,24XX E 1ST AVE,Hastings-Sunrise,495980.7247,5457431.9348
Mischief,2017,11,15,0,0,24XX E 1ST AVE,Hastings-Sunrise,495980.7247,5457431.9348
Mischief,2017,1,3,11,30,24XX E 20TH AVE,Renfrew-Collingwood,495999.6317,5455515.6556
Mischief,2017,12,15,16,0,24XX E 26TH AVE,Renfrew-Collingwood,495980.8081,5454922.7925
Mischief,2017,2,6,23,0,24XX E 27TH AVE,Renfrew-Collingwood,495982.4086,5454838.8952
Mischief,2017,3,16,10,45,24XX E 2ND AVE,Hastings-Sunrise,495943.4561,5457309.8682
Mischief,2017,7,21,12,36,24XX E 45TH AVE,Victoria-Fraserview,495834.0211,5452962.6527
Mischief,2017,9,13,16,0,24XX E 48TH AVE,Victoria-Fraserview,495874.9572,5452549.3645
Mischief,2017,11,3,21,45,24XX E 4TH AVE,Hastings-Sunrise,495883.4716,5457104.1928
Mischief,2017,7,30,4,50,24XX E 51ST AVE,Victoria-Fraserview,495886.4984,5452199.7662
Mischief,2017,2,22,23,30,24XX E 5TH AVE,Hastings-Sunrise,495884.7751,5456994.44
Mischief,2017,3,7,18,0,24XX E HASTINGS ST,Hastings-Sunrise,495982.1692,5458709.4705
Mischief,2017,4,11,12,5,24XX E HASTINGS ST,Hastings-Sunrise,495987.6676,5458718.6011
Mischief,2017,9,16,11,1,24XX E HASTINGS ST,Hastings-Sunrise,496023.2615,5458718.5139
Mischief,2017,10,16,17,0,24XX E PENDER ST,Hastings-Sunrise,495907.3686,5458614.9525
Mischief,2017,8,22,23,0,24XX EDDINGTON DR,Arbutus Ridge,488308.5949,5454718.1189
Mischief,2017,3,22,20,0,24XX FRASER ST,Mount Pleasant,493521.932,5456741.654
Mischief,2017,10,10,14,0,24XX GRANVILLE ST,Fairview,489925.8596,5456866.0715
Mischief,2017,6,23,23,28,24XX KINGSWAY AVE,Renfrew-Collingwood,495911.9677,5454240.7102
Mischief,2017,1,29,21,30,24XX MAIN ST,Mount Pleasant,492645.0897,5456771.2598
Mischief,2017,12,9,16,0,24XX MAIN ST,Mount Pleasant,492664.5267,5456698.045
Mischief,2017,2,15,19,5,24XX MAIN ST,Mount Pleasant,492666.0427,5456764.2893
Mischief,2017,8,8,23,0,24XX MAIN ST,Mount Pleasant,492666.0427,5456764.2893
Mischief,2017,3,6,23,0,24XX MCBAIN AVE,Arbutus Ridge,488304.6159,5455036.4201
Mischief,2017,3,26,4,37,24XX NANAIMO ST,Hastings-Sunrise,495888.3502,5456678.8328
Mischief,2017,5,12,2,6,24XX OAK ST,Fairview,490785.0923,5456823.2755
Mischief,2017,5,23,14,53,24XX ONTARIO ST,Mount Pleasant,492374.5734,5456740.7532
Mischief,2017,8,15,22,0,24XX ONTARIO ST,Mount Pleasant,492374.5734,5456740.7532
Mischief,2017,8,17,22,0,24XX ONTARIO ST,Mount Pleasant,492374.5734,5456740.7532
Mischief,2017,8,18,9,0,24XX ONTARIO ST,Mount Pleasant,492374.5734,5456740.7532
Mischief,2017,3,6,10,57,24XX PENTICTON ST,Hastings-Sunrise,496206.0038,5456635.6167
Mischief,2017,5,9,18,0,24XX POINT GREY RD,Kitsilano,488252.785,5457873.47
Mischief,2017,6,6,20,0,24XX ST CATHERINES ST,Mount Pleasant,493792.853,5456672.3393
Mischief,2017,6,20,3,0,24XX W 19TH AVE,Arbutus Ridge,488273.4685,5455858.092
Mischief,2017,4,23,0,0,24XX W 2ND AVE,Kitsilano,488262.7573,5457483.0885
Mischief,2017,2,23,22,0,24XX W 7TH AVE,Kitsilano,488284.2877,5457010.2526
Mischief,2017,9,15,20,0,24XX W 7TH AVE,Kitsilano,488328.8174,5457000.2125
Mischief,2017,8,7,0,37,24XX WINDERMERE ST,Hastings-Sunrise,497347.4163,5456682.3404
Mischief,2017,9,5,7,47,24XX WINDSOR ST,Mount Pleasant,493944.3371,5456736.4048
Mischief,2017,1,11,22,0,25XX ALBERTA ST,Mount Pleasant,491921.4545,5456676.1345
Mischief,2017,10,5,7,33,25XX ALBERTA ST,Mount Pleasant,491921.4545,5456676.1345
Mischief,2017,11,28,17,30,25XX ALBERTA ST,Mount Pleasant,491930.5175,5456673.8092
Mischief,2017,5,15,12,45,25XX COMMERCIAL DR,Kensington-Cedar Cottage,494915.9024,5456526.1782
Mischief,2017,11,13,12,0,25XX COMMERCIAL DR,Kensington-Cedar Cottage,494916.4742,5456563.9055
Mischief,2017,8,31,19,0,25XX COMMERCIAL DR,Kensington-Cedar Cottage,494917.2534,5456615.3327
Mischief,2017,8,31,22,0,25XX COMMERCIAL DR,Kensington-Cedar Cottage,494917.2534,5456615.3327
Mischief,2017,5,13,2,49,25XX COMMERCIAL DR,Kensington-Cedar Cottage,494925.3903,5456548.8025
Mischief,2017,6,27,1,14,25XX COMMERCIAL DR,Kensington-Cedar Cottage,494925.3903,5456548.8025
Mischief,2017,1,20,19,0,25XX DUNBAR ST,Kitsilano,486633.3276,5456856.1511
Mischief,2017,3,3,20,30,25XX E 11TH AVE,Renfrew-Collingwood,496057.1552,5456365.7782
Mischief,2017,10,23,0,38,25XX E 18TH AVE,Renfrew-Collingwood,496046.2375,5455703.4329
Mischief,2017,9,14,4,10,25XX E 21ST AVE,Renfrew-Collingwood,496122.0254,5455416.1862
Mischief,2017,3,9,1,0,25XX E 22ND AVE,Renfrew-Collingwood,496142.2736,5455330.2445
Mischief,2017,8,4,23,0,25XX E 29TH AVE,Renfrew-Collingwood,496020.3204,5454646.5706
Mischief,2017,12,9,20,0,25XX E BROADWAY AVE,Renfrew-Collingwood,496179.7643,5456579.2273
Mischief,2017,7,25,14,0,25XX E HASTINGS ST,Hastings-Sunrise,496068.6816,5458709.2446
Mischief,2017,1,29,4,20,25XX E HASTINGS ST,Hastings-Sunrise,496186.0308,5458718.0583
Mischief,2017,12,13,22,30,25XX E HASTINGS ST,Hastings-Sunrise,496186.0308,5458718.0583
Mischief,2017,12,15,12,0,25XX E HASTINGS ST,Hastings-Sunrise,496186.0308,5458718.0583
Mischief,2017,12,6,13,0,25XX ETON ST,Hastings-Sunrise,496103.0092,5459438.9631
Mischief,2017,6,12,19,0,25XX GRANDVIEW HWY N,Renfrew-Collingwood,496021.6548,5456154.1454
Mischief,2017,6,29,12,0,25XX GRANT ST,Hastings-Sunrise,496137.6344,5457619.5126
Mischief,2017,6,5,22,7,25XX GRANVILLE ST,Fairview,489914.2992,5456760.4112
Mischief,2017,11,4,18,0,25XX GUELPH ST,Mount Pleasant,493096.0332,5456642.0565
Mischief,2017,6,15,20,0,25XX HOYLAKE AVE,Victoria-Fraserview,495900.7297,5451441.0254
Mischief,2017,2,18,7,57,25XX KINGSWAY AVE,Renfrew-Collingwood,496076.201,5454135.8233
Mischief,2017,4,18,17,0,25XX KINGSWAY AVE,Renfrew-Collingwood,496086.8285,5454117.2451
Mischief,2017,5,1,1,0,25XX KINGSWAY AVE,Renfrew-Collingwood,496166.6354,5454061.4961
Mischief,2017,3,18,9,29,25XX MAIN ST,Mount Pleasant,492663.5657,5456655.5388
Mischief,2017,2,15,21,1,25XX MANITOBA ST,Mount Pleasant,492231.7684,5456700.5555
Mischief,2017,8,1,0,0,25XX MAPLE ST,Kitsilano,489050.9345,5456757.9846
Mischief,2017,1,26,23,13,25XX NANAIMO ST,Kensington-Cedar Cottage,495877.9849,5456573.389
Mischief,2017,6,29,15,25,25XX NANAIMO ST,Renfrew-Collingwood,495887.1113,5456593.0438
Mischief,2017,5,7,1,0,25XX PANDORA ST,Hastings-Sunrise,496186.6196,5458911.8921
Mischief,2017,6,6,9,0,25XX PANDORA ST,Hastings-Sunrise,496212.3193,5458911.7711
Mischief,2017,10,2,23,15,25XX QUEBEC ST,Mount Pleasant,492513.0594,5456681.1561
Mischief,2017,5,14,20,0,25XX TRINITY ST,Hastings-Sunrise,496106.4537,5459658.783
Mischief,2017,6,7,21,10,25XX TRINITY ST,Hastings-Sunrise,496139.07,5459658.7294
Mischief,2017,7,11,22,0,25XX VENABLES ST,Hastings-Sunrise,496054.4977,5458205.1993
Mischief,2017,9,27,18,30,25XX VICTORIA DR,Kensington-Cedar Cottage,495208.6867,5456616.1333
Mischief,2017,6,18,18,30,25XX W 10TH AVE,Kitsilano,488153.4203,5456712.9765
Mischief,2017,8,16,19,32,25XX W 20TH AVE,Arbutus Ridge,488155.7843,5455761.0613
Mischief,2017,7,8,13,15,25XX W 23RD AVE,Arbutus Ridge,488166.3051,5455467.3667
Mischief,2017,5,6,9,0,25XX W 37TH AVE,Arbutus Ridge,488063.2171,5453971.636
Mischief,2017,5,6,7,0,25XX W 37TH AVE,Arbutus Ridge,488109.5999,5453970.1994
Mischief,2017,4,13,16,0,25XX W 43RD AVE,Kerrisdale,488052.3027,5453350.05
Mischief,2017,12,7,0,0,25XX W 4TH AVE,Kitsilano,488066.6689,5457292.367
Mischief,2017,2,23,18,17,25XX W BROADWAY AVE,Kitsilano,488110.385,5456822.5559
Mischief,2017,4,11,14,30,25XX WILLOW ST,Fairview,491131.833,5456706.665
Mischief,2017,10,24,10,0,25XX WILLOW ST,Fairview,491141.3695,5456729.9355
Mischief,2017,5,5,1,52,26XX BLANCA ST,West Point Grey,484344.329,5456808.863
Mischief,2017,8,21,3,22,26XX CAMBIE ST,Fairview,491627.5327,5456526.5805
Mischief,2017,1,23,19,0,26XX CHARLES ST,Hastings-Sunrise,496301.7715,5457840.7223
Mischief,2017,2,14,22,0,26XX CHARLES ST,Hastings-Sunrise,496351.1542,5457831.3851
Mischief,2017,2,15,20,40,26XX COMMERCIAL DR,Kensington-Cedar Cottage,494915.1523,5456456.3273
Mischief,2017,9,9,2,44,26XX COMMERCIAL DR,Kensington-Cedar Cottage,494915.7505,5456515.6033
Mischief,2017,9,2,14,12,26XX COMMERCIAL DR,Kensington-Cedar Cottage,494924.894,5456515.511
Mischief,2017,9,6,19,0,26XX CROWN ST,West Point Grey,485896.2858,5456778.6618
Mischief,2017,11,13,22,0,26XX DUKE ST,Renfrew-Collingwood,496304.6545,5454072.9002
Mischief,2017,5,3,22,48,26XX DUKE ST,Renfrew-Collingwood,496314.9038,5454077.2527
Mischief,2017,6,3,2,1,26XX E 25TH AVE,Renfrew-Collingwood,496225.144,5455015.1675
Mischief,2017,4,16,0,36,26XX E 29TH AVE,Renfrew-Collingwood,496211.3351,5454646.0325
Mischief,2017,12,1,7,0,26XX E 29TH AVE,Renfrew-Collingwood,496211.3351,5454646.0325
Mischief,2017,11,13,15,30,26XX E 42ND AVE,Victoria-Fraserview,496148.0802,5453226.5992
Mischief,2017,2,27,18,21,26XX E 46TH AVE,Victoria-Fraserview,496035.4439,5452849.6299
Mischief,2017,11,5,10,0,26XX E 46TH AVE,Victoria-Fraserview,496110.2892,5452858.537
Mischief,2017,10,13,19,0,26XX E 49TH AVE,Victoria-Fraserview,496020.2394,5452443.5562
Mischief,2017,11,1,14,30,26XX E BROADWAY AVE,Hastings-Sunrise,496265.6289,5456588.3196
Mischief,2017,11,29,12,44,26XX E BROADWAY AVE,Hastings-Sunrise,496265.6289,5456588.3196
Mischief,2017,5,8,11,50,26XX E BROADWAY AVE,Renfrew-Collingwood,496207.025,5456579.2015
Mischief,2017,5,4,22,0,26XX E GEORGIA ST,Hastings-Sunrise,496357.6524,5458388.3396
Mischief,2017,12,4,9,21,26XX E HASTINGS ST,Hastings-Sunrise,496402.3228,5458708.316
Mischief,2017,11,12,19,3,26XX E PENDER ST,Hastings-Sunrise,496298.8276,5458613.7957
Mischief,2017,5,5,11,34,26XX EDGAR CRES,Arbutus Ridge,488073.7885,5454845.6801
Mischief,2017,3,4,12,0,26XX ETON ST,Hastings-Sunrise,496227.9976,5459439.4766
Mischief,2017,10,16,18,0,26XX ETON ST,Hastings-Sunrise,496227.9976,5459439.4766
Mischief,2017,7,31,0,0,26XX ETON ST,Hastings-Sunrise,496338.5802,5459438.4174
Mischief,2017,11,29,7,0,26XX ETON ST,Hastings-Sunrise,496375.5286,5459447.208
Mischief,2017,7,25,5,0,26XX ETON ST,Hastings-Sunrise,496390.6562,5459437.9186
Mischief,2017,7,1,3,30,26XX FRANKLIN ST,Hastings-Sunrise,496272.2913,5458818.3484
Mischief,2017,7,19,22,16,26XX FRANKLIN ST,Hastings-Sunrise,496292.4067,5458809.1912
Mischief,2017,9,18,13,32,26XX GARDEN DR,Kensington-Cedar Cottage,495770.6416,5456484.2056
Mischief,2017,4,16,17,0,26XX GRANVILLE ST,Fairview,489914.7169,5456627.3147
Mischief,2017,7,5,7,48,26XX GRANVILLE ST,Fairview,489924.423,5456650.8635
Mischief,2017,3,16,2,0,26XX KAMLOOPS ST,Renfrew-Collingwood,496012.4239,5456467.6419
Mischief,2017,4,9,21,30,26XX KITCHENER ST,Hastings-Sunrise,496253.3122,5457722.978
Mischief,2017,6,4,10,0,26XX LAKEWOOD DR,Kensington-Cedar Cottage,495489.2103,5456442.2412
Mischief,2017,2,7,19,13,26XX LAUREL ST,Fairview,490883.8467,5456629.1953
Mischief,2017,4,28,21,28,26XX LAUREL ST,Fairview,490883.8467,5456629.1953
Mischief,2017,9,12,17,0,26XX MAIN ST,Mount Pleasant,492644.989,5456540.0327
Mischief,2017,11,4,18,30,26XX MAIN ST,Mount Pleasant,492644.989,5456540.0327
Mischief,2017,11,10,15,0,26XX MAIN ST,Mount Pleasant,492644.989,5456540.0327
Mischief,2017,8,9,0,0,26XX MAIN ST,Mount Pleasant,492656.0914,5456583.6183
Mischief,2017,8,22,4,0,26XX NAPIER ST,Hastings-Sunrise,496225.1743,5458020.8251
Mischief,2017,8,15,18,0,26XX OXFORD ST,Hastings-Sunrise,496226.6929,5459212.0342
Mischief,2017,4,15,8,30,26XX RENFREW ST,Renfrew-Collingwood,496779.6036,5456456.0844
Mischief,2017,12,14,16,30,26XX TRINITY ST,Hastings-Sunrise,496375.608,5459658.2613
Mischief,2017,5,10,21,0,26XX VANNESS AVE,Renfrew-Collingwood,496323.3326,5454838.6021
Mischief,2017,8,19,8,0,26XX W 13TH AVE,Kitsilano,487985.0368,5456424.715
Mischief,2017,10,20,19,0,26XX W 21ST AVE,Arbutus Ridge,487990.8079,5455674.1243
Mischief,2017,9,15,16,0,26XX W 35TH AVE,Arbutus Ridge,487972.0423,5454195.8257
Mischief,2017,12,13,20,0,26XX W 42ND AVE,Kerrisdale,487977.9756,5453449.3324
Mischief,2017,5,15,18,0,26XX W 43RD AVE,Kerrisdale,488011.7898,5453360.1016
Mischief,2017,11,3,18,0,26XX W 4TH AVE,Kitsilano,488025.9097,5457293.5382
Mischief,2017,6,24,22,49,26XX W 6TH AVE,Kitsilano,488022.3956,5457099.7013
Mischief,2017,6,30,5,0,26XX W BROADWAY AVE,Kitsilano,487991.8187,5456817.3943
Mischief,2017,5,2,16,55,26XX W BROADWAY AVE,Kitsilano,488017.6856,5456826.2916
Mischief,2017,1,26,17,0,26XX WALLACE ST,West Point Grey,486109.9066,5456748.5381
Mischief,2017,5,5,13,15,26XX YEW ST,Kitsilano,488702.1348,5456663.1626
Mischief,2017,7,16,12,47,27XX ADANAC ST,Hastings-Sunrise,496418.3604,5458298.8604
Mischief,2017,3,19,15,0,27XX ALAMEIN AVE,Arbutus Ridge,487965.7456,5455263.1358
Mischief,2017,11,17,16,30,27XX ALDER ST,Fairview,490438.5412,5456467.116
Mischief,2017,10,24,6,48,27XX CAMBRIDGE ST,Hastings-Sunrise,496423.4418,5459327.0265
Mischief,2017,10,20,15,20,27XX CAMBRIDGE ST,Hastings-Sunrise,496470.721,5459326.8885
Mischief,2017,7,27,14,0,27XX CHARLES ST,Hastings-Sunrise,496529.0526,5457830.7584
Mischief,2017,5,22,22,49,27XX CLARK DR,Kensington-Cedar Cottage,494367.0038,5456400.4488
Mischief,2017,8,30,12,41,27XX COMMERCIAL DR,Kensington-Cedar Cottage,494914.2308,5456380.4054
Mischief,2017,5,22,0,32,27XX COMMERCIAL DR,Kensington-Cedar Cottage,494914.6514,5456408.323
Mischief,2017,12,22,18,54,27XX COMMERCIAL DR,Kensington-Cedar Cottage,494914.6514,5456408.323
Mischief,2017,4,19,10,0,27XX COMMERCIAL DR,Kensington-Cedar Cottage,494923.1103,5456362.8079
Mischief,2017,9,10,20,0,27XX COOPERATIVE WAY,Renfrew-Collingwood,496427.4385,5456077.0857
Mischief,2017,2,15,18,0,27XX CRANBERRY DR,Kitsilano,488823.0562,5456555.2841
Mischief,2017,8,9,18,0,27XX CYPRESS ST,Kitsilano,489209.5106,5456502.9207
Mischief,2017,11,21,19,30,27XX DUKE ST,Renfrew-Collingwood,496430.5202,5454004.4618
Mischief,2017,5,31,12,20,27XX E 12TH AVE,Renfrew-Collingwood,496403.6636,5456217.3104
Mischief,2017,7,23,17,38,27XX E 29TH AVE,Renfrew-Collingwood,496399.0692,5454646.1598
Mischief,2017,9,3,17,0,27XX E 38TH AVE,Renfrew-Collingwood,496240.9485,5453670.9029
Mischief,2017,6,3,16,32,27XX E 38TH AVE,Renfrew-Collingwood,496321.8373,5453670.0304
Mischief,2017,3,12,12,0,27XX E 46TH AVE,Victoria-Fraserview,496242.8846,5452848.9377
Mischief,2017,9,1,21,0,27XX E 56TH AVE,Victoria-Fraserview,496227.0321,5451792.576
Mischief,2017,8,31,22,41,27XX E BROADWAY AVE,Hastings-Sunrise,496493.7098,5456587.9069
Mischief,2017,10,3,17,0,27XX E KENT AVE N,Killarney,496187.0495,5450371.3882
Mischief,2017,4,2,22,0,27XX ETON ST,Hastings-Sunrise,496420.0878,5459437.651
Mischief,2017,4,11,23,30,27XX GARDEN DR,Kensington-Cedar Cottage,495769.6675,5456400.6514
Mischief,2017,7,16,14,24,27XX GARDEN DR,Kensington-Cedar Cottage,495769.6675,5456400.6514
Mischief,2017,12,25,10,30,27XX HORLEY ST,Renfrew-Collingwood,496596.0032,5454111.1919
Mischief,2017,8,24,18,30,27XX KINGSWAY AVE,Renfrew-Collingwood,496340.152,5453937.2819
Mischief,2017,10,21,18,30,27XX KINGSWAY AVE,Renfrew-Collingwood,496340.152,5453937.2819
Mischief,2017,12,15,23,43,27XX KINGSWAY AVE,Renfrew-Collingwood,496340.152,5453937.2819
Mischief,2017,12,15,12,0,27XX KINGSWAY AVE,Renfrew-Collingwood,496362.8362,5453921.091
Mischief,2017,3,10,7,0,27XX KINGSWAY AVE,Renfrew-Collingwood,496472.5461,5453844.5508
Mischief,2017,3,22,1,8,27XX MAIN ST,Mount Pleasant,492656.9708,5456437.6737
Mischief,2017,10,3,10,53,27XX MAIN ST,Mount Pleasant,492658.2742,5456484.8775
Mischief,2017,10,8,14,0,27XX MANITOBA ST,Mount Pleasant,492224.1572,5456490.8696
Mischief,2017,6,14,21,27,27XX PRINCE ALBERT ST,Mount Pleasant,493660.2753,5456428.6301
Mischief,2017,12,8,15,30,27XX PRINCE EDWARD ST,Mount Pleasant,492995.797,5456398.0327
Mischief,2017,12,14,1,45,27XX RENFREW ST,Renfrew-Collingwood,496777.467,5456365.5863
Mischief,2017,3,29,19,48,27XX RUPERT ST,Renfrew-Collingwood,497553.3042,5456336.5938
Mischief,2017,6,2,11,6,27XX SOPHIA ST,Mount Pleasant,492843.1683,5456409.6615
Mischief,2017,1,9,0,1,27XX TOLMIE ST,West Point Grey,484569.225,5456709.6211
Mischief,2017,2,17,19,0,27XX VENABLES ST,Hastings-Sunrise,496430.1139,5458214.5928
Mischief,2017,7,7,15,16,27XX W 2ND AVE,Kitsilano,487792.572,5457495.3245
Mischief,2017,4,1,22,0,27XX W 42ND AVE,Kerrisdale,487847.3222,5453459.2983
Mischief,2017,12,12,17,0,27XX W 42ND AVE,Kerrisdale,487858.3994,5453459.2287
Mischief,2017,6,18,20,31,27XX W 5TH AVE,Kitsilano,487891.1003,5457195.8632
Mischief,2017,3,19,3,7,27XX W BROADWAY AVE,Kitsilano,487792.3791,5456821.2347
Mischief,2017,5,27,9,0,27XX WATSON ST,Mount Pleasant,492699.9001,5456482.0483
Mischief,2017,12,11,21,0,27XX WATSON ST,Mount Pleasant,492699.9001,5456482.0483
Mischief,2017,7,29,18,36,27XX WILLIAM ST,Hastings-Sunrise,496508.5942,5457927.8174
Mischief,2017,7,7,0,0,27XX WILLIAM ST,Hastings-Sunrise,496531.9881,5457936.8559
Mischief,2017,12,16,17,35,27XX WOODLAND DR,Kensington-Cedar Cottage,494634.5205,5456396.7533
Mischief,2017,7,11,20,5,28XX BENTALL ST,Renfrew-Collingwood,497676.2065,5456229.2665
Mischief,2017,9,12,12,43,28XX BENTALL ST,Renfrew-Collingwood,497676.2065,5456229.2665
Mischief,2017,12,11,22,12,28XX BENTALL ST,Renfrew-Collingwood,497676.2065,5456229.2665
Mischief,2017,4,20,21,6,28XX BENTALL ST,Renfrew-Collingwood,497676.3272,5456209.7702
Mischief,2017,10,3,16,45,28XX CAMBIE ST,Mount Pleasant,491636.2048,5456319.3779
Mischief,2017,12,26,9,56,28XX CAMBIE ST,Mount Pleasant,491636.2048,5456319.3779
Mischief,2017,2,6,14,30,28XX COMMERCIAL DR,Kensington-Cedar Cottage,494912.5561,5456247.7252
Mischief,2017,11,2,22,0,28XX COMMERCIAL DR,Kensington-Cedar Cottage,494921.5217,5456230.349
Mischief,2017,4,4,9,0,28XX DUNBAR ST,Kitsilano,486622.4188,5456555.7667
Mischief,2017,4,29,18,0,28XX E 15TH AVE,Renfrew-Collingwood,496747.8689,5455946.3615
Mischief,2017,8,8,22,30,28XX E 1ST AVE,Hastings-Sunrise,496590.7519,5457399.7562
Mischief,2017,8,10,15,4,28XX E 1ST AVE,Hastings-Sunrise,496590.7519,5457399.7562
Mischief,2017,10,20,19,30,28XX E 21ST AVE,Renfrew-Collingwood,496710.3825,5455420.2877
Mischief,2017,3,3,22,0,28XX E 22ND AVE,Renfrew-Collingwood,496692.6414,5455328.3253
Mischief,2017,3,3,17,30,28XX E 22ND AVE,Renfrew-Collingwood,496767.6074,5455328.0628
Mischief,2017,7,27,16,13,28XX E 22ND AVE,Renfrew-Collingwood,496777.5432,5455308.9905
Mischief,2017,6,8,17,0,28XX E 3RD AVE,Hastings-Sunrise,496708.4285,5457209.4341
Mischief,2017,12,25,1,31,28XX E 43RD AVE,Killarney,496516.9199,5453157.3755
Mischief,2017,2,19,12,58,28XX E 44TH AVE,Killarney,496492.0367,5453056.6679
Mischief,2017,6,6,23,38,28XX E 45TH AVE,Killarney,496596.4506,5452942.5948
Mischief,2017,6,23,0,0,28XX E 48TH AVE,Killarney,496541.3467,5452564.7198
Mischief,2017,3,11,0,0,28XX E 5TH AVE,Hastings-Sunrise,496732.3171,5456989.3687
Mischief,2017,3,17,2,0,28XX E 5TH AVE,Hastings-Sunrise,496732.3171,5456989.3687
Mischief,2017,6,12,2,3,28XX E BROADWAY AVE,Hastings-Sunrise,496608.8289,5456586.6463
Mischief,2017,12,27,21,30,28XX E BROADWAY AVE,Hastings-Sunrise,496758.3899,5456582.038
Mischief,2017,3,2,20,0,28XX E BROADWAY AVE,Renfrew-Collingwood,496620.1084,5456577.1504
Mischief,2017,1,4,18,15,28XX E HASTINGS ST,Hastings-Sunrise,496612.192,5458707.6331
Mischief,2017,3,20,6,30,28XX E HASTINGS ST,Hastings-Sunrise,496773.3471,5458716.7839
Mischief,2017,3,20,23,47,28XX E HASTINGS ST,Hastings-Sunrise,496773.3471,5458716.7839
Mischief,2017,3,20,1,47,28XX EUCLID AVE,Renfrew-Collingwood,496477.4499,5454388.2281
Mischief,2017,12,14,9,52,28XX EUCLID AVE,Renfrew-Collingwood,496477.4499,5454388.2281
Mischief,2017,6,10,18,0,28XX GRANDVIEW HWY,Renfrew-Collingwood,496590.026,5456154.7509
Mischief,2017,2,11,5,0,28XX GRANVILLE ST,Fairview,489912.1175,5456420.6781
Mischief,2017,8,8,23,0,28XX GRANVILLE ST,Fairview,489912.8915,5456454.3011
Mischief,2017,12,23,22,0,28XX MACKENZIE ST,Kitsilano,487617.1918,5456526.9941
Mischief,2017,10,12,12,30,28XX MAIN ST,Mount Pleasant,492640.1389,5456357.1531
Mischief,2017,12,24,23,37,28XX MAIN ST,Mount Pleasant,492647.9539,5456299.0111
Mischief,2017,12,18,9,14,28XX MAPLE ST,Kitsilano,489044.4539,5456480.8691
Mischief,2017,10,4,10,40,28XX NATAL ST,Renfrew-Collingwood,497799.9632,5456251.0891
Mischief,2017,9,13,11,0,28XX RUPERT ST,Renfrew-Collingwood,497551.6785,5456216.0526
Mischief,2017,10,15,16,0,28XX RUPERT ST,Renfrew-Collingwood,497551.6785,5456216.0526
Mischief,2017,12,13,1,0,28XX ST GEORGE ST,Mount Pleasant,493233.0751,5456267.8585
Mischief,2017,4,13,17,0,28XX TRINITY ST,Hastings-Sunrise,496610.9175,5459658.001
Mischief,2017,11,15,17,0,28XX W 15TH AVE,Kitsilano,487707.2911,5456220.9769
Mischief,2017,10,25,7,30,28XX W 19TH AVE,Arbutus Ridge,487783.7451,5455869.0335
Mischief,2017,9,4,12,0,28XX W 24TH AVE,Arbutus Ridge,487623.3975,5455367.631
Mischief,2017,4,24,20,0,28XX W 34TH AVE,Arbutus Ridge,487761.7131,5454295.7479
Mischief,2017,3,15,0,0,28XX W 35TH AVE,Arbutus Ridge,487760.1666,5454200.5232
Mischief,2017,3,26,20,0,28XX W 39TH AVE,Arbutus Ridge,487731.9502,5453767.5746
Mischief,2017,7,28,0,1,28XX W 41ST AVE,Kerrisdale,487751.8653,5453558.8019
Mischief,2017,12,12,18,30,28XX W 49TH AVE,Kerrisdale,487680.8976,5452745.7394
Mischief,2017,12,12,17,0,28XX W 49TH AVE,Kerrisdale,487714.9548,5452745.2687
Mischief,2017,3,22,10,24,28XX W 4TH AVE,Kitsilano,487638.6204,5457303.1363
Mischief,2017,5,6,22,0,28XX W BROADWAY AVE,Kitsilano,487633.1144,5456823.7439
Mischief,2017,11,18,18,45,28XX WATSON ST,Mount Pleasant,492695.9532,5456383.9746
Mischief,2017,7,8,12,0,28XX YEW ST,Kitsilano,488696.1047,5456480.8087
Mischief,2017,5,6,4,14,29XX ALDER ST,Fairview,490432.6738,5456245.3774
Mischief,2017,12,23,6,40,29XX ARBUTUS ST,Kitsilano,488864.461,5456335.383
Mischief,2017,9,29,8,0,29XX E 15TH AVE,Renfrew-Collingwood,496883.1054,5455957.1749
Mischief,2017,7,22,13,25,29XX E 22ND AVE,Renfrew-Collingwood,496955.134,5455312.7386
Mischief,2017,7,2,9,1,29XX E 27TH AVE,Renfrew-Collingwood,496821.2011,5454825.9077
Mischief,2017,7,9,21,0,29XX E 2ND AVE,Hastings-Sunrise,496783.5577,5457298.8083
Mischief,2017,2,16,20,0,29XX E 2ND AVE,Hastings-Sunrise,496966.6259,5457297.7368
Mischief,2017,5,10,15,2,29XX E 49TH AVE,Killarney,496675.9733,5452436.3999
Mischief,2017,2,3,18,59,29XX E 4TH AVE,Hastings-Sunrise,496789.2569,5457096.88
Mischief,2017,8,25,4,0,29XX E 52ND AVE,Killarney,496662.4613,5452101.8367
Mischief,2017,12,18,14,9,29XX E 54TH AVE,Killarney,496733.1092,5451930.29
Mischief,2017,8,3,0,0,29XX E 54TH AVE,Killarney,496735.7855,5451930.2613
Mischief,2017,7,26,7,0,29XX E 8TH AVE,Hastings-Sunrise,496776.4305,5456681.9409
Mischief,2017,8,26,13,0,29XX E HASTINGS ST,Hastings-Sunrise,496808.7101,5458716.797
Mischief,2017,6,7,2,27,29XX E PENDER ST,Hastings-Sunrise,496869.5442,5458601.9741
Mischief,2017,10,18,12,20,29XX E PENDER ST,Hastings-Sunrise,496869.5442,5458601.9741
Mischief,2017,11,3,3,30,29XX E PENDER ST,Hastings-Sunrise,496972.2478,5458601.7609
Mischief,2017,11,23,17,30,29XX EUCLID AVE,Renfrew-Collingwood,496807.4052,5454194.3851
Mischief,2017,9,3,23,0,29XX KINGSWAY AVE,Renfrew-Collingwood,496782.1279,5453709.0713
Mischief,2017,5,10,13,30,29XX KITCHENER ST,Hastings-Sunrise,496876.4346,5457730.3361
Mischief,2017,10,28,23,15,29XX MAIN ST,Mount Pleasant,492646.2676,5456206.6148
Mischief,2017,5,9,17,0,29XX MAIN ST,Mount Pleasant,492647.6338,5456284.3271
Mischief,2017,1,17,12,35,29XX NANAIMO ST,Renfrew-Collingwood,495884.0607,5456068.3798
Mischief,2017,4,9,16,9,29XX OAK ST,Fairview,490772.187,5456250.4133
Mischief,2017,11,3,2,35,29XX OAK ST,Fairview,490782.937,5456321.4065
Mischief,2017,11,2,21,20,29XX ONTARIO ST,Mount Pleasant,492360.0217,5456276.3069
Mischief,2017,11,14,6,0,29XX QUEBEC ST,Mount Pleasant,492499.2349,5456285.2494
Mischief,2017,1,2,21,30,29XX TRIMBLE ST,West Point Grey,485001.5717,5456440.9164
Mischief,2017,2,20,7,56,29XX W 10TH AVE,Kitsilano,487616.0127,5456729.3396
Mischief,2017,4,12,6,47,29XX W 12TH AVE,Kitsilano,487608.337,5456524.265
Mischief,2017,1,13,19,30,29XX W 30TH AVE,Dunbar-Southlands,487419.6082,5454730.6005
Mischief,2017,8,31,23,0,29XX W 36TH AVE,Dunbar-Southlands,487597.7376,5454085.5349
Mischief,2017,8,30,18,0,29XX W 39TH AVE,Dunbar-Southlands,487595.658,5453767.2139
Mischief,2017,5,3,20,0,29XX W 3RD AVE,Kitsilano,487465.8381,5457404.3605
Mischief,2017,1,5,16,0,29XX W 42ND AVE,Kerrisdale,487597.1689,5453451.2894
Mischief,2017,12,1,18,0,29XX W 6TH AVE,Kitsilano,487459.3892,5457122.8466
Mischief,2017,10,29,18,30,29XX W 8TH AVE,Kitsilano,487602.8109,5456926.1015
Mischief,2017,12,3,8,0,29XX W BROADWAY AVE,Kitsilano,487520.6716,5456837.4673
Mischief,2017,4,6,8,37,29XX W BROADWAY AVE,Kitsilano,487618.682,5456824.1772
Mischief,2017,10,14,21,0,29XX WALL ST,Hastings-Sunrise,496906.3495,5459703.037
Mischief,2017,2,18,5,0,2X BLOOD ALLEY SQ,Central Business District,492371.6978,5458919.6691
Mischief,2017,9,2,20,43,2X E 6TH AVE,Mount Pleasant,492414.3949,5456986.8298
Mischief,2017,6,5,16,30,2X E CORDOVA ST,Central Business District,492453.0836,5458847.036
Mischief,2017,1,29,6,16,2X E HASTINGS ST,Central Business District,492452.8594,5458751.6999
Mischief,2017,3,12,19,0,2X GARDEN DR,Grandview-Woodland,495794.5519,5459092.504
Mischief,2017,10,14,22,30,2X W 16TH AVE,Riley Park,492303.7357,5455988.2913
Mischief,2017,3,7,17,0,2X W 26TH AVE,Riley Park,492311.6645,5455008.3971
Mischief,2017,5,13,12,0,2X W 2ND AVE,Mount Pleasant,492336.9744,5457389.1738
Mischief,2017,12,10,7,8,2X W HASTINGS ST,Central Business District,492349.5724,5458774.4809
Mischief,2017,11,6,22,47,2X W HASTINGS ST,Central Business District,492357.3899,5458772.2719
Mischief,2017,5,19,10,5,2X W HASTINGS ST,Central Business District,492367.1438,5458760.0134
Mischief,2017,8,23,14,4,2X W HASTINGS ST,Central Business District,492367.1438,5458760.0134
Mischief,2017,11,10,4,30,2X W HASTINGS ST,Central Business District,492367.1438,5458760.0134
Mischief,2017,11,10,23,6,2X W HASTINGS ST,Central Business District,492367.1438,5458760.0134
Mischief,2017,11,28,17,0,2X W PENDER ST,Central Business District,492334.8918,5458658.3008
Mischief,2017,8,18,18,11,2X W PENDER ST,Central Business District,492338.0294,5458666.9244
Mischief,2017,11,16,0,58,2XX ABBOTT ST,Central Business District,492255.5602,5459018.3351
Mischief,2017,11,3,16,56,2XX ABBOTT ST,Central Business District,492257.1691,5458988.3162
Mischief,2017,3,31,2,10,2XX ABBOTT ST,Central Business District,492262.1655,5459007.4422
Mischief,2017,4,23,19,33,2XX ABBOTT ST,Central Business District,492262.1655,5459007.4422
Mischief,2017,9,7,15,11,2XX ABBOTT ST,Central Business District,492262.1655,5459007.4422
Mischief,2017,12,1,14,26,2XX ABBOTT ST,Central Business District,492262.1655,5459007.4422
Mischief,2017,4,3,10,24,2XX ABBOTT ST,Central Business District,492264.9678,5459018.1693
Mischief,2017,6,11,14,50,2XX BURRARD ST,Central Business District,491602.097,5459484.4883
Mischief,2017,8,22,22,36,2XX BURRARD ST,Central Business District,491602.097,5459484.4883
Mischief,2017,11,26,17,44,2XX BURRARD ST,Central Business District,491602.097,5459484.4883
Mischief,2017,1,7,19,20,2XX CAMBIE ST,Central Business District,492089.486,5459063.9135
Mischief,2017,11,20,4,47,2XX CAMBIE ST,Central Business District,492089.486,5459063.9135
Mischief,2017,12,18,18,0,2XX CARRALL ST,Central Business District,492424.4353,5458961.8473
Mischief,2017,7,24,21,9,2XX CARRALL ST,Central Business District,492424.6447,5458968.8438
Mischief,2017,8,29,11,30,2XX CARRALL ST,Central Business District,492424.7842,5458973.5081
Mischief,2017,1,1,18,15,2XX CENTRAL ST,Strathcona,492757.9072,5457632.8168
Mischief,2017,3,7,8,10,2XX CENTRAL ST,Strathcona,492757.9072,5457632.8168
Mischief,2017,5,30,19,17,2XX CENTRAL ST,Strathcona,492757.9072,5457632.8168
Mischief,2017,6,11,9,0,2XX CENTRAL ST,Strathcona,492757.9072,5457632.8168
Mischief,2017,8,2,18,0,2XX COLUMBIA ST,Central Business District,492562.2672,5458895.7981
Mischief,2017,6,11,23,18,2XX COLUMBIA ST,Central Business District,492573.0032,5458946.5899
Mischief,2017,8,7,7,46,2XX COLUMBIA ST,Central Business District,492573.0032,5458946.5899
Mischief,2017,9,29,3,58,2XX COLUMBIA ST,Central Business District,492573.0032,5458946.5899
Mischief,2017,10,3,10,50,2XX COLUMBIA ST,Central Business District,492573.0032,5458946.5899
Mischief,2017,10,13,14,30,2XX COLUMBIA ST,Central Business District,492573.0032,5458946.5899
Mischief,2017,9,22,11,48,2XX DUNLEVY AVE,Strathcona,493061.6671,5458907.6233
Mischief,2017,10,8,12,47,2XX DUNLEVY AVE,Strathcona,493061.6671,5458907.6233
Mischief,2017,10,29,19,1,2XX DUNLEVY AVE,Strathcona,493061.6671,5458907.6233
Mischief,2017,11,24,21,30,2XX DUNLEVY AVE,Strathcona,493061.6671,5458907.6233
Mischief,2017,10,20,23,0,2XX DUNLEVY AVE,Strathcona,493071.4675,5458931.4982
Mischief,2017,11,8,18,17,2XX E 10TH AVE,Mount Pleasant,492653.9908,5456583.1782
Mischief,2017,1,11,12,16,2XX E 11TH AVE,Mount Pleasant,492654.9572,5456483.4852
Mischief,2017,3,11,5,0,2XX E 13TH AVE,Mount Pleasant,492740.2856,5456281.1658
Mischief,2017,9,6,21,30,2XX E 14TH AVE,Mount Pleasant,492713.4506,5456189.1832
Mischief,2017,5,19,22,0,2XX E 15TH AVE,Mount Pleasant,492638.4057,5456082.6305
Mischief,2017,10,14,0,43,2XX E 1ST AVE,Mount Pleasant,492686.2493,5457484.6531
Mischief,2017,10,28,22,45,2XX E 1ST AVE,Mount Pleasant,492686.2493,5457484.6531
Mischief,2017,10,22,6,0,2XX E 1ST AVE,Mount Pleasant,492800.5163,5457390.3179
Mischief,2017,1,26,19,0,2XX E 1ST AVE,Mount Pleasant,492827.8941,5457366.4146
Mischief,2017,9,8,4,3,2XX E 1ST AVE,Strathcona,492907.6319,5457308.4554
Mischief,2017,10,21,0,0,2XX E 24TH AVE,Riley Park,492673.2523,5455176.2838
Mischief,2017,12,14,8,0,2XX E 24TH AVE,Riley Park,492739.9364,5455184.0057
Mischief,2017,1,1,12,0,2XX E 26TH AVE,Riley Park,492691.4598,5454977.8534
Mischief,2017,5,2,22,0,2XX E 2ND AVE,Mount Pleasant,492797.706,5457285.6479
Mischief,2017,9,14,8,0,2XX E 47TH AVE,Sunset,492616.0718,5452764.1223
Mischief,2017,10,14,3,33,2XX E 49TH AVE,Sunset,492677.5509,5452548.6404
Mischief,2017,4,5,5,32,2XX E 50TH AVE,Sunset,492612.7095,5452445.7231
Mischief,2017,4,10,17,30,2XX E 55TH AVE,Sunset,492632.2243,5451927.8823
Mischief,2017,9,19,0,25,2XX E 56TH AVE,Sunset,492584.0731,5451836.1245
Mischief,2017,10,23,4,0,2XX E 61ST AVE,Sunset,492711.0972,5451353.6039
Mischief,2017,3,26,23,0,2XX E 62ND AVE,Sunset,492575.5279,5451285.586
Mischief,2017,3,28,23,45,2XX E 62ND AVE,Sunset,492701.4135,5451291.3357
Mischief,2017,10,12,7,30,2XX E BROADWAY AVE,Mount Pleasant,492722.4357,5456689.4701
Mischief,2017,8,4,10,32,2XX E CORDOVA ST,Strathcona,492755.5644,5458837.4373
Mischief,2017,10,16,9,26,2XX E CORDOVA ST,Strathcona,492755.5644,5458837.4373
Mischief,2017,1,11,22,25,2XX E CORDOVA ST,Strathcona,492808.2006,5458835.9159
Mischief,2017,5,2,5,25,2XX E CORDOVA ST,Strathcona,492808.2006,5458835.9159
Mischief,2017,6,17,8,24,2XX E CORDOVA ST,Strathcona,492808.2006,5458835.9159
Mischief,2017,11,2,21,23,2XX E CORDOVA ST,Strathcona,492808.2006,5458835.9159
Mischief,2017,11,29,5,50,2XX E CORDOVA ST,Strathcona,492808.2006,5458835.9159
Mischief,2017,2,9,8,40,2XX E CORDOVA ST,Strathcona,492850.4943,5458843.8415
Mischief,2017,2,28,10,5,2XX E CORDOVA ST,Strathcona,492850.4943,5458843.8415
Mischief,2017,11,21,15,0,2XX E CORDOVA ST,Strathcona,492864.9489,5458843.4238
Mischief,2017,5,10,21,42,2XX E GEORGIA ST,Strathcona,492752.9791,5458423.7334
Mischief,2017,8,23,10,0,2XX E GEORGIA ST,Strathcona,492764.3892,5458432.6232
Mischief,2017,4,8,0,11,2XX E GEORGIA ST,Strathcona,492767.4329,5458423.4083
Mischief,2017,5,2,2,8,2XX E GEORGIA ST,Strathcona,492768.2749,5458432.5358
Mischief,2017,1,8,1,0,2XX E GEORGIA ST,Strathcona,492785.7057,5458432.1436
Mischief,2017,11,15,9,57,2XX E GEORGIA ST,Strathcona,492916.3825,5458420.0583
Mischief,2017,6,19,14,57,2XX E HASTINGS ST,Strathcona,492751.4507,5458732.7678
Mischief,2017,10,17,13,0,2XX E HASTINGS ST,Strathcona,492807.2631,5458740.5168
Mischief,2017,12,3,4,24,2XX E HASTINGS ST,Strathcona,492807.2631,5458740.5168
Mischief,2017,1,26,15,50,2XX E HASTINGS ST,Strathcona,492829.204,5458739.9675
Mischief,2017,12,9,14,51,2XX E HASTINGS ST,Strathcona,492833.8523,5458739.8509
Mischief,2017,3,29,0,31,2XX E HASTINGS ST,Strathcona,492849.3825,5458739.4619
Mischief,2017,4,14,19,32,2XX E PENDER ST,Strathcona,492757.3267,5458625.1479
Mischief,2017,10,15,19,0,2XX E PENDER ST,Strathcona,492757.3267,5458625.1479
Mischief,2017,12,9,22,0,2XX E PENDER ST,Strathcona,492757.3296,5458634.2958
Mischief,2017,12,13,20,0,2XX E PENDER ST,Strathcona,492805.3223,5458623.6917
Mischief,2017,12,2,17,30,2XX E PENDER ST,Strathcona,492816.1929,5458623.3616
Mischief,2017,2,17,15,4,2XX GORE AVE,Strathcona,492889.9827,5458926.4212
Mischief,2017,4,4,10,25,2XX GORE AVE,Strathcona,492898.2211,5458937.241
Mischief,2017,9,23,16,45,2XX GORE AVE,Strathcona,492898.2211,5458937.241
Mischief,2017,1,28,19,0,2XX GRANVILLE ST,Central Business District,491790.6712,5459256.6208
Mischief,2017,11,6,22,0,2XX GRANVILLE ST,Central Business District,491833.5672,5459286.8751
Mischief,2017,8,5,23,0,2XX HAWKS AVE,Strathcona,493671.8559,5458909.7128
Mischief,2017,2,22,8,45,2XX INDUSTRIAL AVE,Strathcona,492730.0331,5457519.1745
Mischief,2017,1,10,13,24,2XX JACKSON AVE,Strathcona,493215.0829,5458905.3079
Mischief,2017,6,8,21,29,2XX KEEFER ST,Strathcona,492754.9726,5458525.2227
Mischief,2017,1,12,11,30,2XX KEEFER ST,Strathcona,492873.6423,5458521.7303
Mischief,2017,2,14,0,0,2XX KEEFER ST,Strathcona,492873.6423,5458521.7303
Mischief,2017,10,31,11,52,2XX KEEFER ST,Strathcona,492873.6423,5458521.7303
Mischief,2017,3,7,12,24,2XX MAIN ST,Central Business District,492752.1179,5458893.423
Mischief,2017,6,10,18,43,2XX MAIN ST,Central Business District,492752.8235,5458906.9479
Mischief,2017,7,26,8,8,2XX MAIN ST,Central Business District,492753.4264,5458918.5057
Mischief,2017,2,1,11,18,2XX MAIN ST,Strathcona,492762.5001,5458916.923
Mischief,2017,4,4,5,15,2XX MAIN ST,Strathcona,492762.5001,5458916.923
Mischief,2017,11,4,6,30,2XX MAIN ST,Strathcona,492762.5001,5458916.923
Mischief,2017,5,10,2,2,2XX MAIN ST,Strathcona,492763.6634,5458939.2185
Mischief,2017,4,8,2,0,2XX MCLEAN DR,Grandview-Woodland,494618.8587,5458943.6246
Mischief,2017,4,9,0,0,2XX MCLEAN DR,Grandview-Woodland,494618.8587,5458943.6246
Mischief,2017,7,7,23,0,2XX N GARDEN DR,Grandview-Woodland,495797.7622,5459345.7633
Mischief,2017,11,29,18,0,2XX N KAMLOOPS ST,Hastings-Sunrise,496035.9203,5459334.4708
Mischief,2017,4,2,3,0,2XX N TEMPLETON DR,Grandview-Woodland,495655.6184,5459347.8558
Mischief,2017,1,7,20,25,2XX PRINCESS AVE,Strathcona,493347.4393,5458909.1085
Mischief,2017,2,17,18,7,2XX PRINCESS AVE,Strathcona,493356.5277,5458903.1068
Mischief,2017,4,9,19,33,2XX PRINCESS AVE,Strathcona,493356.5277,5458903.1068
Mischief,2017,7,10,1,57,2XX PRINCESS AVE,Strathcona,493356.5277,5458903.1068
Mischief,2017,10,8,18,0,2XX PRINCESS AVE,Strathcona,493356.5277,5458903.1068
Mischief,2017,11,3,21,0,2XX PRINCESS AVE,Strathcona,493356.5277,5458903.1068
Mischief,2017,5,9,1,21,2XX PRINCESS AVE,Strathcona,493356.6795,5458919.3871
Mischief,2017,7,17,8,36,2XX PRINCESS AVE,Strathcona,493356.6795,5458919.3871
Mischief,2017,11,21,18,0,2XX PRIOR ST,Strathcona,492743.6652,5458222.5311
Mischief,2017,6,11,8,0,2XX RAYMUR AVE,Strathcona,494011.8591,5458817.9086
Mischief,2017,1,29,4,55,2XX ROBSON ST,Central Business District,491585.2634,5458435.5331
Mischief,2017,2,19,6,45,2XX ROBSON ST,Central Business District,491589.0114,5458444.6546
Mischief,2017,4,12,7,58,2XX ROBSON ST,Central Business District,491589.0114,5458444.6546
Mischief,2017,7,6,1,0,2XX SE MARINE DR,Sunset,492559.7737,5450915.7074
Mischief,2017,8,10,21,30,2XX SLOCAN ST,Hastings-Sunrise,496416.9059,5458913.801
Mischief,2017,6,12,19,0,2XX SW MARINE DR,Marpole,491888.2835,5451016.7997
Mischief,2017,8,8,21,50,2XX TERMINAL AVE,Strathcona,492774.7837,5457763.5136
Mischief,2017,9,7,15,20,2XX TERMINAL AVE,Strathcona,492774.7837,5457763.5136
Mischief,2017,1,5,8,30,2XX TERMINAL AVE,Strathcona,492790.7163,5457759.2427
Mischief,2017,2,18,4,5,2XX TERMINAL AVE,Strathcona,492790.7163,5457759.2427
Mischief,2017,8,15,5,54,2XX TERMINAL AVE,Strathcona,492839.0939,5457770.896
Mischief,2017,4,17,16,25,2XX THURLOW ST,Central Business District,491347.9709,5459536.4317
Mischief,2017,4,7,13,0,2XX UNION ST,Strathcona,492748.0568,5458325.6211
Mischief,2017,5,14,20,12,2XX UNION ST,Strathcona,492748.0568,5458325.6211
Mischief,2017,12,12,7,52,2XX UNION ST,Strathcona,492748.0568,5458325.6211
Mischief,2017,7,11,19,0,2XX UNION ST,Strathcona,492834.5719,5458331.4046
Mischief,2017,11,28,0,50,2XX W 10TH AVE,Mount Pleasant,491998.521,5456600.628
Mischief,2017,12,26,0,0,2XX W 10TH AVE,Mount Pleasant,492030.2408,5456599.8013
Mischief,2017,7,1,12,0,2XX W 17TH AVE,Riley Park,492007.9705,5455887.9133
Mischief,2017,10,10,1,0,2XX W 19TH AVE,Riley Park,491997.014,5455677.4368
Mischief,2017,11,3,16,30,2XX W 23RD AVE,Riley Park,491944.3418,5455261.329
Mischief,2017,10,15,8,51,2XX W 2ND AVE,Mount Pleasant,491984.8956,5457362.5754
Mischief,2017,10,16,22,0,2XX W 2ND AVE,Mount Pleasant,491997.5933,5457360.8377
Mischief,2017,8,18,12,0,2XX W 48TH AVE,Oakridge,491929.8323,5452675.7321
Mischief,2017,1,13,1,0,2XX W 63RD AVE,Marpole,491881.209,5451189.2398
Mischief,2017,1,14,0,0,2XX W 6TH AVE,Mount Pleasant,492002.0767,5456998.3716
Mischief,2017,2,11,17,0,2XX W 8TH AVE,Mount Pleasant,491949.3197,5456800.162
Mischief,2017,6,8,0,0,2XX W BROADWAY AVE,Mount Pleasant,491992.0466,5456708.6427
Mischief,2017,6,13,4,33,2XX W HASTINGS ST,Central Business District,492028.77,5458878.5636
Mischief,2017,7,17,17,2,2XX W HASTINGS ST,Central Business District,492028.77,5458878.5636
Mischief,2017,4,10,12,15,2XX W PENDER ST,Central Business District,491958.8371,5458790.5821
Mischief,2017,7,7,8,52,2XX W PENDER ST,Central Business District,491958.8371,5458790.5821
Mischief,2017,2,17,8,30,2XX W PENDER ST,Central Business District,491989.8407,5458760.7379
Mischief,2017,7,11,23,15,2XX W PENDER ST,Central Business District,491989.8407,5458760.7379
Mischief,2017,7,7,22,0,30XX COMMERCIAL DR,Kensington-Cedar Cottage,494910.9759,5456038.4176
Mischief,2017,6,8,18,0,30XX COMMERCIAL DR,Kensington-Cedar Cottage,494920.6637,5456109.0824
Mischief,2017,12,13,10,23,30XX COMMERCIAL DR,Kensington-Cedar Cottage,494920.6637,5456109.0824
Mischief,2017,9,20,22,0,30XX CROWN ST,West Point Grey,485874.2674,5456340.1114
Mischief,2017,11,17,1,30,30XX E 1ST AVE,Hastings-Sunrise,496992.2668,5457398.0756
Mischief,2017,8,20,0,0,30XX E 20TH AVE,Renfrew-Collingwood,497050.9678,5455503.8335
Mischief,2017,1,29,15,0,30XX E 21ST AVE,Renfrew-Collingwood,497025.6721,5455409.8781
Mischief,2017,1,30,15,47,30XX E 21ST AVE,Renfrew-Collingwood,497082.111,5455418.8693
Mischief,2017,9,23,0,30,30XX E 26TH AVE,Renfrew-Collingwood,496986.5813,5454917.6536
Mischief,2017,12,23,0,0,30XX E 28TH AVE,Renfrew-Collingwood,496992.7948,5454733.0191
Mischief,2017,10,30,21,0,30XX E 29TH AVE,Renfrew-Collingwood,497001.8424,5454646.6072
Mischief,2017,8,1,1,30,30XX E 2ND AVE,Hastings-Sunrise,497106.7306,5457306.6121
Mischief,2017,8,13,4,41,30XX E 59TH AVE,Killarney,496771.0405,5451579.0808
Mischief,2017,3,12,14,0,30XX E HASTINGS ST,Hastings-Sunrise,497160.0445,5458708.0295
Mischief,2017,10,3,22,0,30XX E KENT AVE N,Killarney,496784.8536,5450446.0664
Mischief,2017,10,26,15,0,30XX E KENT AVE N,Killarney,496879.833,5450449.5893
Mischief,2017,9,13,10,43,30XX E KENT AVE S,Killarney,496807.491,5450410.8579
Mischief,2017,9,20,3,0,30XX E KENT AVE S,Killarney,496807.491,5450410.8579
Mischief,2017,10,2,22,30,30XX E KENT AVE S,Killarney,496807.491,5450410.8579
Mischief,2017,11,13,14,53,30XX E KENT AVE S,Killarney,496807.491,5450410.8579
Mischief,2017,4,30,21,0,30XX EUCLID AVE,Renfrew-Collingwood,497044.6203,5454047.9306
Mischief,2017,9,27,6,45,30XX FRASER ST,Mount Pleasant,493512.5023,5456097.2071
Mischief,2017,3,11,9,17,30XX GRANDVIEW HWY,Renfrew-Collingwood,496985.9589,5456158.8457
Mischief,2017,6,3,19,33,30XX GRANT ST,Hastings-Sunrise,496993.0929,5457617.5362
Mischief,2017,5,13,17,0,30XX HEATHER ST,Fairview,491265.9756,5456130.9772
Mischief,2017,12,11,22,30,30XX HEMLOCK ST,Fairview,490088.5048,5456237.6864
Mischief,2017,6,15,0,1,30XX KINGS AVE,Renfrew-Collingwood,496900.4434,5454516.549
Mischief,2017,11,19,20,0,30XX KINGS AVE,Renfrew-Collingwood,497068.9947,5454409.4168
Mischief,2017,10,11,21,0,30XX KINGSWAY AVE,Renfrew-Collingwood,497001.0754,5453668.7867
Mischief,2017,2,23,15,0,30XX KINGSWAY AVE,Renfrew-Collingwood,497078.1448,5453664.9388
Mischief,2017,3,12,10,14,30XX KINGSWAY AVE,Renfrew-Collingwood,497078.1448,5453664.9388
Mischief,2017,6,24,5,45,30XX KINGSWAY AVE,Renfrew-Collingwood,497078.1448,5453664.9388
Mischief,2017,7,2,16,57,30XX KINGSWAY AVE,Renfrew-Collingwood,497078.1448,5453664.9388
Mischief,2017,10,5,16,46,30XX KINGSWAY AVE,Renfrew-Collingwood,497081.0336,5453655.0891
Mischief,2017,9,19,1,0,30XX MADDAMS ST,Kensington-Cedar Cottage,494537.0275,5456095.8492
Mischief,2017,7,16,0,44,30XX MAIN ST,Mount Pleasant,492635.6648,5456164.4565
Mischief,2017,1,11,2,57,30XX MAIN ST,Mount Pleasant,492645.6526,5456180.9956
Mischief,2017,9,25,22,4,30XX NANAIMO ST,Kensington-Cedar Cottage,495875.0639,5456054.8311
Mischief,2017,10,1,9,0,30XX NANAIMO ST,Renfrew-Collingwood,495884.8039,5455998.5942
Mischief,2017,11,4,1,30,30XX OAK ST,Fairview,490757.4449,5456137.1427
Mischief,2017,3,12,8,0,30XX ONTARIO ST,Mount Pleasant,492346.6279,5456143.9333
Mischief,2017,3,3,20,12,30XX PRINCE EDWARD ST,Mount Pleasant,492987.4896,5456100.734
Mischief,2017,5,22,19,30,30XX PRINCE EDWARD ST,Mount Pleasant,492987.4896,5456100.734
Mischief,2017,6,23,19,0,30XX PRINCE EDWARD ST,Mount Pleasant,492989.3035,5456173.2683
Mischief,2017,6,17,0,12,30XX RENFREW ST,Renfrew-Collingwood,496786.3719,5456046.447
Mischief,2017,8,14,1,0,30XX VENABLES ST,Hastings-Sunrise,497086.9016,5458182.1989
Mischief,2017,8,11,22,0,30XX W 12TH AVE,Kitsilano,487398.5791,5456541.1191
Mischief,2017,2,1,12,0,30XX W 2ND AVE,Kitsilano,487385.4009,5457507.9216
Mischief,2017,11,12,18,0,30XX W 37TH AVE,Dunbar-Southlands,487392.1316,5453984.4261
Mischief,2017,4,18,0,0,30XX W 38TH AVE,Dunbar-Southlands,487308.737,5453877.2729
Mischief,2017,7,20,8,0,30XX W 38TH AVE,Dunbar-Southlands,487396.8155,5453876.7833
Mischief,2017,1,28,3,42,30XX W 41ST AVE,Kerrisdale,487395.1486,5453560.499
Mischief,2017,8,28,23,30,30XX W 42ND AVE,Kerrisdale,487359.828,5453452.516
Mischief,2017,12,15,12,10,30XX W 44TH AVE,Kerrisdale,487338.3128,5453246.7033
Mischief,2017,10,9,16,0,30XX W 7TH AVE,Kitsilano,487401.6318,5457029.4579
Mischief,2017,5,6,21,0,30XX W BROADWAY AVE,Kitsilano,487410.0642,5456831.4573
Mischief,2017,3,4,16,0,31XX CHARLES ST,Hastings-Sunrise,497283.1687,5457828.1239
Mischief,2017,6,20,3,49,31XX CROWN ST,West Point Grey,485870.5039,5456186.4018
Mischief,2017,6,27,20,30,31XX E 16TH AVE,Renfrew-Collingwood,497270.9078,5455872.8119
Mischief,2017,10,1,13,40,31XX E 43RD AVE,Killarney,497211.2414,5453147.8576
Mischief,2017,2,25,17,0,31XX E 45TH AVE,Killarney,497030.2911,5452940.329
Mischief,2017,4,1,8,0,31XX E 54TH AVE,Killarney,496995.28,5451926.5632
Mischief,2017,8,26,19,0,31XX E 5TH AVE,Hastings-Sunrise,497195.1491,5456995.7765
Mischief,2017,3,10,17,29,31XX E 7TH AVE,Hastings-Sunrise,497231.89,5456782.0853
Mischief,2017,3,31,19,28,31XX E BROADWAY AVE,Renfrew-Collingwood,497248.1034,5456566.2411
Mischief,2017,1,16,9,27,31XX E PENDER ST,Hastings-Sunrise,497184.3484,5458600.9909
Mischief,2017,6,4,1,0,31XX GARDEN DR,Kensington-Cedar Cottage,495754.5554,5455918.5749
Mischief,2017,6,2,17,0,31XX GARDEN DR,Kensington-Cedar Cottage,495763.9665,5455997.016
Mischief,2017,12,8,13,51,31XX GRANDVIEW HWY,Renfrew-Collingwood,497311.413,5456155.9402
Mischief,2017,10,17,7,0,31XX GRANDVIEW HWY,Renfrew-Collingwood,497315.5642,5456155.9583
Mischief,2017,8,7,22,0,31XX HEATHER ST,Fairview,491263.4306,5456033.7603
Mischief,2017,10,17,19,0,31XX KINGSWAY AVE,Renfrew-Collingwood,497122.3826,5453646.6774
Mischief,2017,8,25,17,52,31XX MAIN ST,Mount Pleasant,492640.0729,5456058.2745
Mischief,2017,5,5,17,39,31XX MAIN ST,Mount Pleasant,492640.7179,5456080.0557
Mischief,2017,7,5,5,0,31XX MAIN ST,Mount Pleasant,492640.7179,5456080.0557
Mischief,2017,3,25,11,30,31XX PIERVIEW CRES,Killarney,497005.7581,5450538.4047
Mischief,2017,3,4,6,30,31XX SONGBIRD MEWS,Killarney,496927.9486,5450484.4734
Mischief,2017,4,22,3,51,31XX TRAFALGAR ST,Kitsilano,487996.3102,5456157.6885
Mischief,2017,6,10,21,0,31XX W 12TH AVE,Kitsilano,487323.4101,5456533.7805
Mischief,2017,12,16,2,3,31XX W 3RD AVE,Kitsilano,487246.027,5457410.2768
Mischief,2017,1,12,18,0,31XX W 42ND AVE,Kerrisdale,487267.453,5453453.0093
Mischief,2017,2,20,0,54,31XX W BROADWAY AVE,Kitsilano,487334.0967,5456833.5813
Mischief,2017,11,12,20,30,31XX WAVERLEY AVE,Killarney,497189.2797,5452691.7277
Mischief,2017,1,25,18,0,31XX YEW ST,Kitsilano,488679.2858,5456142.6625
Mischief,2017,6,5,19,0,31XX YUKON ST,Mount Pleasant,491761.8882,5456042.2372
Mischief,2017,10,27,0,0,32XX AUSTREY AVE,Renfrew-Collingwood,497274.6244,5454018.5952
Mischief,2017,11,10,23,30,32XX AUSTREY AVE,Renfrew-Collingwood,497274.6244,5454018.5952
Mischief,2017,7,20,11,17,32XX CAMBIE ST,Riley Park,491632.4107,5456016.6364
Mischief,2017,11,25,16,0,32XX CLIVE AVE,Renfrew-Collingwood,497347.6748,5454078.9723
Mischief,2017,4,2,16,0,32XX E 16TH AVE,Renfrew-Collingwood,497344.2427,5455863.3092
Mischief,2017,5,6,17,0,32XX E 16TH AVE,Renfrew-Collingwood,497344.2427,5455863.3092
Mischief,2017,10,17,20,0,32XX E 17TH AVE,Renfrew-Collingwood,497349.1593,5455771.8256
Mischief,2017,11,11,17,0,32XX E 22ND AVE,Renfrew-Collingwood,497348.5832,5455311.0042
Mischief,2017,12,10,18,0,32XX E 23RD AVE,Renfrew-Collingwood,497343.8225,5455207.1731
Mischief,2017,3,4,9,15,32XX E 23RD AVE,Renfrew-Collingwood,497506.664,5455215.0747
Mischief,2017,6,2,13,30,32XX E 24TH AVE,Renfrew-Collingwood,497457.6927,5455106.8361
Mischief,2017,8,12,22,30,32XX E 24TH AVE,Renfrew-Collingwood,497461.517,5455115.9781
Mischief,2017,12,31,16,30,32XX E 24TH AVE,Renfrew-Collingwood,497461.517,5455115.9781
Mischief,2017,2,1,21,17,32XX E 49TH AVE,Killarney,497180.824,5452431.0342
Mischief,2017,10,6,16,30,32XX E 53RD AVE,Killarney,497215.841,5452059.0593
Mischief,2017,2,26,12,30,32XX E 54TH AVE,Killarney,497157.6296,5451926.6594
Mischief,2017,4,19,13,30,32XX E 54TH AVE,Killarney,497314.2253,5451924.8266
Mischief,2017,11,25,18,28,32XX E 58TH AVE,Killarney,497258.0786,5451612.6257
Mischief,2017,1,25,11,2,32XX E 58TH AVE,Killarney,497323.3083,5451614.8475
Mischief,2017,12,26,17,16,32XX E 58TH AVE,Killarney,497323.3083,5451614.8475
Mischief,2017,8,21,22,50,32XX E 58TH AVE,Killarney,497338.4911,5451612.6498
Mischief,2017,3,1,12,0,32XX E BROADWAY AVE,Renfrew-Collingwood,497352.783,5456566.4094
Mischief,2017,1,15,0,42,32XX E GEORGIA ST,Hastings-Sunrise,497375.0413,5458386.9464
Mischief,2017,10,31,21,0,32XX E PENDER ST,Hastings-Sunrise,497369.0064,5458600.8363
Mischief,2017,9,20,19,0,32XX EUCLID AVE,Renfrew-Collingwood,497228.087,5453944.9342
Mischief,2017,4,19,15,37,32XX FRASER ST,Riley Park,493456.2932,5455927.4235
Mischief,2017,10,14,18,0,32XX MANITOBA ST,Riley Park,492210.7455,5455994.9732
Mischief,2017,8,5,23,0,32XX MARMION AVE,Killarney,497374.1081,5453195.4408
Mischief,2017,1,15,8,26,32XX MATAPAN CRES,Renfrew-Collingwood,497791.1044,5456005.7976
Mischief,2017,6,8,17,30,32XX MATAPAN CRES,Renfrew-Collingwood,497791.1044,5456005.7976
Mischief,2017,6,15,8,30,32XX MATAPAN CRES,Renfrew-Collingwood,497803.2219,5455918.1042
Mischief,2017,9,4,19,0,32XX MATAPAN CRES,Renfrew-Collingwood,497818.3884,5456057.3084
Mischief,2017,9,13,22,30,32XX MATAPAN CRES,Renfrew-Collingwood,497821.8048,5456048.8245
Mischief,2017,1,15,8,35,32XX PARKER ST,Hastings-Sunrise,497527.4242,5458120.7669
Mischief,2017,10,10,21,31,32XX QUADRA ST,Dunbar-Southlands,486897.6045,5455982.6062
Mischief,2017,12,27,19,0,32XX QUEBEC ST,Riley Park,492490.4062,5455947.2813
Mischief,2017,2,10,12,0,32XX RENFREW ST,Renfrew-Collingwood,496783.7692,5455752.9067
Mischief,2017,5,20,22,0,32XX RENFREW ST,Renfrew-Collingwood,496784.5998,5455826.4822
Mischief,2017,7,20,7,35,32XX SCHOOL AVE,Killarney,497298.2308,5453343.9091
Mischief,2017,2,11,20,0,32XX SOPHIA ST,Riley Park,492841.3793,5455974.9077
Mischief,2017,6,3,0,15,32XX TUPPER ST,South Cambie,491562.8623,5455929.3752
Mischief,2017,4,22,23,15,32XX TUPPER ST,South Cambie,491563.5083,5456022.2556
Mischief,2017,8,4,23,0,32XX TURNER ST,Hastings-Sunrise,497367.895,5458476.0015
Mischief,2017,10,13,19,30,32XX TURNER ST,Hastings-Sunrise,497492.9051,5458484.1761
Mischief,2017,5,30,21,30,32XX TURNER ST,Hastings-Sunrise,497547.2679,5458483.7545
Mischief,2017,5,26,2,18,32XX VANNESS AVE,Renfrew-Collingwood,497251.5316,5454208.9141
Mischief,2017,12,3,10,46,32XX VANNESS AVE,Renfrew-Collingwood,497389.184,5454133.8335
Mischief,2017,11,6,20,0,32XX VANNESS AVE,Renfrew-Collingwood,497421.5026,5454102.833
Mischief,2017,8,26,20,49,32XX W 16TH AVE,Arbutus Ridge,487103.8813,5456116.8071
Mischief,2017,6,24,16,22,32XX W 16TH AVE,Arbutus Ridge,487181.9134,5456114.6356
Mischief,2017,4,8,15,0,32XX W 24TH AVE,Dunbar-Southlands,487104.158,5455381.2476
Mischief,2017,8,12,0,0,32XX W 26TH AVE,Dunbar-Southlands,487086.363,5455154.8652
Mischief,2017,7,5,12,41,32XX W 29TH AVE,Dunbar-Southlands,487012.0279,5454839.8589
Mischief,2017,7,25,16,0,32XX W 34TH AVE,Dunbar-Southlands,487189.5878,5454299.8119
Mischief,2017,7,28,17,0,32XX W 35TH AVE,Dunbar-Southlands,487172.2486,5454195.8482
Mischief,2017,4,17,22,45,32XX W 39TH AVE,Dunbar-Southlands,487198.0516,5453771.183
Mischief,2017,10,14,18,0,32XX W 5TH AVE,Kitsilano,487161.0778,5457225.1097
Mischief,2017,10,11,22,33,32XX W BROADWAY AVE,Kitsilano,487073.8574,5456849.7898
Mischief,2017,4,21,5,6,32XX W BROADWAY AVE,Kitsilano,487102.9952,5456848.9781
Mischief,2017,6,24,20,30,32XX W BROADWAY AVE,Kitsilano,487195.3388,5456837.2578
Mischief,2017,12,21,15,0,32XX W KING EDWARD AVE,Dunbar-Southlands,487209.9336,5455249.8253
Mischief,2017,1,17,22,0,32XX WELLINGTON AVE,Renfrew-Collingwood,497245.2818,5454501.0472
Mischief,2017,8,15,12,0,33XX ARCHIMEDES ST,Renfrew-Collingwood,497555.9926,5453633.0677
Mischief,2017,4,3,7,30,33XX ASH ST,South Cambie,491406.3703,5455923.9952
Mischief,2017,6,17,20,0,33XX AUSTREY AVE,Renfrew-Collingwood,497394.1396,5453935.5347
Mischief,2017,12,22,21,52,33XX CAMBIE ST,South Cambie,491618.5956,5455897.3979
Mischief,2017,5,30,8,0,33XX CHERRY ST,Renfrew-Collingwood,497542.4925,5453586.1319
Mischief,2017,10,10,23,0,33XX CLIVE AVE,Renfrew-Collingwood,497496.164,5453999.9683
Mischief,2017,11,6,22,0,33XX CLIVE AVE,Renfrew-Collingwood,497502.4683,5453996.1464
Mischief,2017,5,22,23,0,33XX COLUMBIA ST,Riley Park,492018.7125,5455890.5782
Mischief,2017,9,17,12,30,33XX E 22ND AVE,Renfrew-Collingwood,497567.5236,5455311.1246
Mischief,2017,12,22,15,0,33XX E 24TH AVE,Renfrew-Collingwood,497544.9514,5455106.8281
Mischief,2017,12,29,3,22,33XX E 24TH AVE,Renfrew-Collingwood,497544.9514,5455106.8281
Mischief,2017,9,18,10,0,33XX E 28TH AVE,Renfrew-Collingwood,497631.1427,5454736.3929
Mischief,2017,2,2,15,48,33XX E 28TH AVE,Renfrew-Collingwood,497645.624,5454736.3608
Mischief,2017,1,21,22,8,33XX E 2ND AVE,Hastings-Sunrise,497703.4236,5457304.7358
Mischief,2017,7,30,15,6,33XX E 43RD AVE,Killarney,497519.0722,5453124.8265
Mischief,2017,11,18,14,18,33XX E 43RD AVE,Killarney,497519.0722,5453124.8265
Mischief,2017,10,25,20,19,33XX E 44TH AVE,Killarney,497566.8539,5453026.0607
Mischief,2017,11,2,16,0,33XX E 44TH AVE,Killarney,497566.8539,5453026.0607
Mischief,2017,7,5,4,0,33XX E 44TH AVE,Killarney,497609.1355,5453034.3138
Mischief,2017,7,30,14,30,33XX E 58TH AVE,Killarney,497369.5583,5451601.4457
Mischief,2017,12,22,16,30,33XX E 5TH AVE,Hastings-Sunrise,497650.7138,5456983.4576
Mischief,2017,3,21,22,0,33XX E 6TH AVE,Hastings-Sunrise,497551.8656,5456878.1667
Mischief,2017,5,11,18,0,33XX E BROADWAY AVE,Hastings-Sunrise,497593.3453,5456575.1026
Mischief,2017,9,14,13,0,33XX FINDLAY ST,Kensington-Cedar Cottage,495056.998,5455738.1391
Mischief,2017,10,22,20,44,33XX FINDLAY ST,Kensington-Cedar Cottage,495056.998,5455738.1391
Mischief,2017,1,15,6,59,33XX GRANDVIEW HWY,Renfrew-Collingwood,497573.7969,5456147.3685
Mischief,2017,3,4,6,43,33XX KASLO ST,Renfrew-Collingwood,496572.1881,5455751.2418
Mischief,2017,8,20,12,0,33XX KASLO ST,Renfrew-Collingwood,496581.4769,5455773.5252
Mischief,2017,11,7,19,54,33XX KINGSWAY AVE,Renfrew-Collingwood,497386.1067,5453480.257
Mischief,2017,1,16,2,28,33XX KINGSWAY AVE,Renfrew-Collingwood,497401.4578,5453479.6691
Mischief,2017,5,23,16,0,33XX KINGSWAY AVE,Renfrew-Collingwood,497452.2276,5453427.2724
Mischief,2017,8,2,16,20,33XX MAIN ST,Riley Park,492626.7919,5455877.2637
Mischief,2017,5,10,17,0,33XX MONMOUTH AVE,Renfrew-Collingwood,497579.7522,5454407.313
Mischief,2017,11,6,18,0,33XX MONMOUTH AVE,Renfrew-Collingwood,497597.6102,5454407.1526
Mischief,2017,10,6,21,0,33XX NOOTKA ST,Renfrew-Collingwood,496968.4901,5455714.9752
Mischief,2017,1,31,20,20,33XX OAK ST,Shaughnessy,490733.4782,5455870.1841
Mischief,2017,2,28,20,54,33XX OAK ST,Shaughnessy,490733.4782,5455870.1841
Mischief,2017,9,27,22,0,33XX PRICE ST,Renfrew-Collingwood,497503.4739,5454589.5094
Mischief,2017,6,8,15,0,33XX PRINCE ALBERT ST,Kensington-Cedar Cottage,493635.4654,5455861.2512
Mischief,2017,3,13,23,0,33XX QUEENS AVE,Renfrew-Collingwood,497454.2298,5454228.8713
Mischief,2017,11,1,20,0,33XX QUEENS AVE,Renfrew-Collingwood,497454.2298,5454228.8713
Mischief,2017,3,20,1,36,33XX QUEENS AVE,Renfrew-Collingwood,497498.2101,5454212.0594
Mischief,2017,11,1,22,30,33XX QUEENS AVE,Renfrew-Collingwood,497525.4761,5454184.147
Mischief,2017,11,25,23,0,33XX SCHOOL AVE,Killarney,497629.9359,5453142.2354
Mischief,2017,8,5,1,0,33XX TURNER ST,Hastings-Sunrise,497558.3726,5458474.5256
Mischief,2017,10,21,18,0,33XX VANNESS AVE,Renfrew-Collingwood,497518.0427,5454053.1149
Mischief,2017,7,7,21,0,33XX VENABLES ST,Hastings-Sunrise,497559.3294,5458202.9916
Mischief,2017,6,4,14,0,33XX VICTORIA DR,Kensington-Cedar Cottage,495192.0937,5455770.7776
Mischief,2017,7,14,16,25,33XX VICTORIA DR,Kensington-Cedar Cottage,495192.5449,5455784.1595
Mischief,2017,10,15,0,0,33XX W 16TH AVE,Kitsilano,487037.3749,5456145.647
Mischief,2017,6,25,18,0,33XX W 23RD AVE,Dunbar-Southlands,486967.9542,5455481.781
Mischief,2017,5,12,19,0,33XX W 3RD AVE,Kitsilano,487057.7242,5457415.4183
Mischief,2017,10,31,21,30,33XX W 40TH AVE,Dunbar-Southlands,486880.1881,5453676.8393
Mischief,2017,12,8,12,0,33XX W 4TH AVE,Kitsilano,487023.9079,5457325.7293
Mischief,2017,6,25,12,21,33XX W 6TH AVE,Kitsilano,487044.5055,5457135.636
Mischief,2017,5,8,8,45,33XX W 7TH AVE,Kitsilano,487058.3692,5457038.4636
Mischief,2017,6,10,17,0,33XX W 7TH AVE,Kitsilano,487060.918,5457029.2449
Mischief,2017,4,30,17,22,33XX W BROADWAY AVE,Kitsilano,486926.6903,5456844.7694
Mischief,2017,8,14,8,30,33XX W BROADWAY AVE,Kitsilano,487049.7999,5456841.3153
Mischief,2017,7,25,23,0,33XX WILLIAM ST,Hastings-Sunrise,497563.8799,5457926.2346
Mischief,2017,3,17,13,0,33XX WILLIAM ST,Hastings-Sunrise,497631.946,5457925.9333
Mischief,2017,1,6,18,12,34XX ADANAC ST,Hastings-Sunrise,497770.7547,5458293.1826
Mischief,2017,9,3,1,30,34XX ASCOT PL,Renfrew-Collingwood,497669.7049,5454031.8248
Mischief,2017,5,6,20,30,34XX CAMBRIDGE ST,Hastings-Sunrise,497822.7147,5459320.8744
Mischief,2017,5,6,8,30,34XX COPELAND AVE,Killarney,497880.5425,5451391.5371
Mischief,2017,4,14,14,10,34XX CROWLEY DR,Renfrew-Collingwood,497645.9489,5453838.5216
Mischief,2017,9,23,6,0,34XX CROWLEY DR,Renfrew-Collingwood,497691.053,5453819.5262
Mischief,2017,11,15,6,53,34XX DUNBAR ST,Dunbar-Southlands,486532.861,5455903.5999
Mischief,2017,10,14,12,0,34XX E 24TH AVE,Renfrew-Collingwood,497748.3589,5455108.6545
Mischief,2017,6,4,17,8,34XX E 27TH AVE,Renfrew-Collingwood,497742.6677,5454831.8358
Mischief,2017,6,1,0,0,34XX E 3RD AVE,Hastings-Sunrise,497916.8128,5457203.0387
Mischief,2017,6,18,15,0,34XX E 4TH AVE,Hastings-Sunrise,497754.0457,5457092.2025
Mischief,2017,8,21,19,30,34XX E 51ST AVE,Killarney,497650.37,5452224.297
Mischief,2017,10,27,12,30,34XX E HASTINGS ST,Hastings-Sunrise,497779.0396,5458714.6395
Mischief,2017,6,23,8,53,34XX E HASTINGS ST,Hastings-Sunrise,497820.9939,5458705.2418
Mischief,2017,8,10,7,9,34XX E HASTINGS ST,Hastings-Sunrise,497820.9939,5458705.2418
Mischief,2017,1,17,15,0,34XX E HASTINGS ST,Hastings-Sunrise,497886.35,5458713.9913
Mischief,2017,8,24,10,10,34XX E HASTINGS ST,Hastings-Sunrise,497886.35,5458713.9913
Mischief,2017,2,5,14,0,34XX E PENDER ST,Hastings-Sunrise,497798.0412,5458611.6462
Mischief,2017,9,13,8,20,34XX EUCLID AVE,Renfrew-Collingwood,497599.0289,5453716.9197
Mischief,2017,4,24,18,34,34XX FLEMING ST,Kensington-Cedar Cottage,494795.6933,5455692.8967
Mischief,2017,5,25,15,6,34XX GARDEN DR,Kensington-Cedar Cottage,495762.706,5455633.64
Mischief,2017,12,17,18,15,34XX KINGSWAY AVE,Renfrew-Collingwood,497682.7034,5453268.2463
Mischief,2017,2,16,16,25,34XX KINGSWAY AVE,Renfrew-Collingwood,497691.2415,5453254.8617
Mischief,2017,4,27,19,24,34XX KINGSWAY AVE,Renfrew-Collingwood,497708.2463,5453259.0102
Mischief,2017,10,16,16,30,34XX KINGSWAY AVE,Renfrew-Collingwood,497714.186,5453257.1052
Mischief,2017,5,29,8,0,34XX NAPIER ST,Hastings-Sunrise,497785.6831,5458017.9549
Mischief,2017,1,17,9,0,34XX OAK ST,South Cambie,490739.596,5455770.3538
Mischief,2017,9,1,21,0,34XX OXFORD ST,Hastings-Sunrise,497890.0794,5459209.2101
Mischief,2017,8,29,22,0,34XX PANDORA ST,Hastings-Sunrise,497760.5049,5458907.3298
Mischief,2017,4,17,11,9,34XX PANDORA ST,Hastings-Sunrise,497892.1269,5458916.2171
Mischief,2017,11,6,21,0,34XX PRICE ST,Renfrew-Collingwood,497731.4437,5454446.8155
Mischief,2017,1,9,0,0,34XX QUESNEL DR,Dunbar-Southlands,487018.0347,5455945.8096
Mischief,2017,10,22,23,7,34XX SAWMILL CRES,Killarney,497874.3841,5450323.423
Mischief,2017,4,26,22,0,34XX SEAFORTH DR,Renfrew-Collingwood,497687.4813,5455640.6067
Mischief,2017,11,25,5,30,34XX SLOCAN ST,Renfrew-Collingwood,496396.3723,5455628.1408
Mischief,2017,10,20,12,0,34XX TURNER ST,Hastings-Sunrise,497824.5849,5458484.9831
Mischief,2017,7,8,12,57,34XX VANNESS AVE,Renfrew-Collingwood,497784.4096,5453861.1575
Mischief,2017,1,7,16,10,34XX VANNESS AVE,Renfrew-Collingwood,497800.413,5453850.9062
Mischief,2017,11,11,19,0,34XX W 14TH AVE,Kitsilano,486802.3658,5456345.8467
Mischief,2017,6,11,17,0,34XX W 23RD AVE,Dunbar-Southlands,486858.0642,5455482.5138
Mischief,2017,6,13,19,0,34XX W 23RD AVE,Dunbar-Southlands,486883.6585,5455473.1988
Mischief,2017,10,28,14,24,34XX W 24TH AVE,Dunbar-Southlands,486882.7505,5455375.2458
Mischief,2017,5,13,11,0,34XX W 30TH AVE,Dunbar-Southlands,486814.167,5454733.8144
Mischief,2017,2,13,18,0,34XX W 5TH AVE,Kitsilano,486918.7095,5457222.4967
Mischief,2017,6,11,1,0,34XX W 7TH AVE,Kitsilano,486864.5091,5457034.6897
Mischief,2017,1,10,22,0,34XX W 7TH AVE,Kitsilano,486884.0569,5457034.1579
Mischief,2017,6,10,22,0,34XX W 7TH AVE,Kitsilano,486884.0569,5457034.1579
Mischief,2017,6,11,1,40,34XX W 7TH AVE,Kitsilano,486911.863,5457033.4012
Mischief,2017,4,14,19,0,34XX W 8TH AVE,Kitsilano,486800.9422,5456945.5016
Mischief,2017,12,3,5,56,34XX W BROADWAY AVE,Kitsilano,486815.8612,5456847.8797
Mischief,2017,11,24,21,0,34XX W BROADWAY AVE,Kitsilano,486909.5959,5456854.3966
Mischief,2017,11,11,0,0,34XX WELLINGTON AVE,Renfrew-Collingwood,497626.1354,5454259.395
Mischief,2017,11,17,17,0,34XX WELLINGTON AVE,Renfrew-Collingwood,497626.1354,5454259.395
Mischief,2017,4,1,18,20,34XX WELWYN ST,Kensington-Cedar Cottage,494949.4258,5455706.3095
Mischief,2017,11,14,9,54,34XX WILLIAM ST,Hastings-Sunrise,497879.772,5457932.4623
Mischief,2017,12,13,15,58,34XX WINDSOR ST,Kensington-Cedar Cottage,493915.3895,5455749.1797
Mischief,2017,3,8,7,37,34XX WORTHINGTON DR,Renfrew-Collingwood,497872.0551,5455698.2132
Mischief,2017,1,26,0,0,34XX WORTHINGTON DR,Renfrew-Collingwood,497947.6762,5455622.4979
Mischief,2017,3,13,0,31,34XX YARDLEY AVE,Renfrew-Collingwood,497714.4387,5454130.2101
Mischief,2017,9,18,11,45,35XX CAMBIE ST,South Cambie,491610.9731,5455673.7654
Mischief,2017,12,3,1,0,35XX CAMBIE ST,Riley Park,491619.8178,5455661.5553
Mischief,2017,12,2,17,0,35XX CAMBIE ST,Riley Park,491620.5591,5455691.515
Mischief,2017,5,9,12,0,35XX CLARK DR,Kensington-Cedar Cottage,494323.6117,5455613.9828
Mischief,2017,6,21,7,30,35XX CROWLEY DR,Renfrew-Collingwood,497858.3971,5453695.2762
Mischief,2017,6,8,23,30,35XX E 26TH AVE,Renfrew-Collingwood,498013.2617,5454914.6995
Mischief,2017,12,23,0,0,35XX E 28TH AVE,Renfrew-Collingwood,498045.9404,5454726.2211
Mischief,2017,9,23,14,0,35XX E 29TH AVE,Renfrew-Collingwood,497926.3172,5454629.6407
Mischief,2017,9,16,17,0,35XX E 47TH AVE,Killarney,497896.3988,5452619.1466
Mischief,2017,5,9,16,15,35XX E 49TH AVE,Killarney,497888.5157,5452328.47
Mischief,2017,4,24,18,44,35XX E PENDER ST,Hastings-Sunrise,498006.7463,5458611.0549
Mischief,2017,8,4,10,10,35XX FLEMING ST,Kensington-Cedar Cottage,494795.4471,5455583.908
Mischief,2017,4,11,21,0,35XX FLEMING ST,Kensington-Cedar Cottage,494804.701,5455632.543
Mischief,2017,12,13,10,0,35XX FRANKLIN ST,Hastings-Sunrise,498048.1437,5458807.2371
Mischief,2017,4,15,12,0,35XX FRASER ST,Riley Park,493447.8835,5455620.7864
Mischief,2017,10,17,18,0,35XX FRASER ST,Riley Park,493447.8835,5455620.7864
Mischief,2017,10,17,18,3,35XX GLADSTONE ST,Kensington-Cedar Cottage,495624.555,5455297.0711
Mischief,2017,1,9,17,45,35XX GRANDVIEW HWY,Renfrew-Collingwood,498072.7748,5456160.7021
Mischief,2017,3,27,17,0,35XX GRANDVIEW HWY,Renfrew-Collingwood,498072.7748,5456160.7021
Mischief,2017,6,25,9,15,35XX GRANDVIEW HWY,Renfrew-Collingwood,498072.7748,5456160.7021
Mischief,2017,12,28,11,49,35XX GRANDVIEW HWY,Renfrew-Collingwood,498072.7748,5456160.7021
Mischief,2017,3,4,7,50,35XX GRAVELEY ST,Hastings-Sunrise,498063.0424,5457512.2139
Mischief,2017,8,6,0,0,35XX HURST PL,Killarney,498081.0078,5451911.7088
Mischief,2017,9,22,0,30,35XX KINGSWAY AVE,Renfrew-Collingwood,497882.8477,5453257.2973
Mischief,2017,4,2,15,31,35XX KINGSWAY AVE,Killarney,497990.7407,5453255.6898
Mischief,2017,4,16,12,0,35XX LAKEWOOD ST,Kensington-Cedar Cottage,495584.9695,5455536.6889
Mischief,2017,2,14,21,0,35XX MCGILL ST,Hastings-Sunrise,498075.6795,5459545.1454
Mischief,2017,8,25,19,0,35XX NAPIER ST,Hastings-Sunrise,497942.5616,5458016.9374
Mischief,2017,3,3,16,0,35XX NAPLES WAY,Killarney,497884.6885,5450673.7399
Mischief,2017,10,27,19,0,35XX OXFORD ST,Hastings-Sunrise,497978.2307,5459209.0422
Mischief,2017,6,28,7,30,35XX POINT GREY RD,Kitsilano,486785.0003,5457701.7485
Mischief,2017,6,19,1,0,35XX PRINCE ALBERT ST,Kensington-Cedar Cottage,493629.7456,5455608.1515
Mischief,2017,10,23,23,0,35XX TANNER ST,Renfrew-Collingwood,497953.7003,5454437.0693
Mischief,2017,4,4,0,47,35XX VIMY CRES,Renfrew-Collingwood,498062.3466,5456094.3564
Mischief,2017,5,19,12,40,35XX VIMY CRES,Renfrew-Collingwood,498062.3466,5456094.3564
Mischief,2017,7,22,1,29,35XX W 11TH AVE,Kitsilano,486741.6677,5456647.8597
Mischief,2017,1,16,17,0,35XX W 12TH AVE,Kitsilano,486756.5955,5456550.3807
Mischief,2017,11,9,23,0,35XX W 17TH AVE,Dunbar-Southlands,486647.0868,5456075.882
Mischief,2017,5,27,13,0,35XX W 18TH AVE,Dunbar-Southlands,486659.1916,5455978.992
Mischief,2017,5,27,21,0,35XX W 18TH AVE,Dunbar-Southlands,486762.9919,5455978.4994
Mischief,2017,4,21,12,38,35XX W 23RD AVE,Dunbar-Southlands,486530.6364,5455475.7368
Mischief,2017,1,15,18,0,35XX W 23RD AVE,Dunbar-Southlands,486750.3701,5455483.2438
Mischief,2017,7,15,14,0,35XX W 2ND AVE,Kitsilano,486682.5723,5457523.8703
Mischief,2017,4,3,20,40,35XX W 42ND AVE,Dunbar-Southlands,486563.9974,5453467.8095
Mischief,2017,6,15,0,0,35XX W 42ND AVE,Dunbar-Southlands,486604.696,5453467.9517
Mischief,2017,6,8,19,0,35XX W 42ND AVE,Dunbar-Southlands,486637.0149,5453468.0644
Mischief,2017,10,23,17,0,35XX W 43RD AVE,Dunbar-Southlands,486521.7261,5453361.8784
Mischief,2017,6,11,15,14,35XX W 43RD AVE,Dunbar-Southlands,486549.635,5453361.9466
Mischief,2017,6,9,20,30,35XX W 43RD AVE,Dunbar-Southlands,486735.2425,5453353.257
Mischief,2017,3,18,2,55,35XX W 47TH AVE,Kerrisdale,486657.3122,5452970.1439
Mischief,2017,9,12,14,0,35XX W 50TH AVE,Kerrisdale,486636.6405,5452645.2774
Mischief,2017,6,6,16,0,35XX W 6TH AVE,Kitsilano,486745.8662,5457142.8088
Mischief,2017,6,10,17,0,35XX W 7TH AVE,Kitsilano,486769.3677,5457037.2756
Mischief,2017,6,11,1,30,35XX W 7TH AVE,Kitsilano,486769.3677,5457037.2756
Mischief,2017,12,3,0,25,35XX W BROADWAY AVE,Kitsilano,486697.5145,5456851.1976
Mischief,2017,3,13,20,0,35XX W BROADWAY AVE,Kitsilano,486736.1622,5456850.1149
Mischief,2017,3,16,16,40,35XX W BROADWAY AVE,Kitsilano,486736.1622,5456850.1149
Mischief,2017,6,4,23,0,35XX WINDSOR ST,Kensington-Cedar Cottage,493911.4933,5455648.5117
Mischief,2017,12,12,15,53,36XX COMMERCIAL ST,Kensington-Cedar Cottage,495052.3075,5455510.7059
Mischief,2017,11,20,19,46,36XX COQUIHALLA DR,Killarney,498136.3403,5452270.1653
Mischief,2017,1,27,18,0,36XX CROWLEY DR,Renfrew-Collingwood,498027.7236,5453589.434
Mischief,2017,4,14,23,0,36XX E 27TH AVE,Renfrew-Collingwood,498257.5792,5454818.7025
Mischief,2017,11,22,14,15,36XX E 29TH AVE,Renfrew-Collingwood,498185.9812,5454636.7784
Mischief,2017,11,16,23,0,36XX E GEORGIA ST,Hastings-Sunrise,498136.5553,5458385.5199
Mischief,2017,10,6,20,1,36XX E HASTINGS ST,Hastings-Sunrise,498134.3131,5458704.6822
Mischief,2017,11,17,17,30,36XX E HASTINGS ST,Hastings-Sunrise,498134.3131,5458704.6822
Mischief,2017,5,2,3,52,36XX E HASTINGS ST,Hastings-Sunrise,498184.0326,5458704.8218
Mischief,2017,2,18,1,28,36XX E HASTINGS ST,Hastings-Sunrise,498242.5005,5458714.1299
Mischief,2017,4,19,21,0,36XX E PENDER ST,Hastings-Sunrise,498138.7487,5458610.8967
Mischief,2017,9,2,15,12,36XX ETON ST,Hastings-Sunrise,498148.0949,5459445.2163
Mischief,2017,7,27,12,0,36XX FRANKLIN ST,Hastings-Sunrise,498220.1801,5458815.6337
Mischief,2017,7,11,10,40,36XX HAIDA DR,Renfrew-Collingwood,498078.9282,5455655.342
Mischief,2017,11,17,0,1,36XX KINGSWAY AVE,Renfrew-Collingwood,498129.646,5453273.4402
Mischief,2017,10,22,19,15,36XX KINGSWAY AVE,Renfrew-Collingwood,498228.9781,5453280.2923
Mischief,2017,12,14,17,0,36XX MAIN ST,Riley Park,492659.18,5455548.3497
Mischief,2017,11,2,19,30,36XX ONTARIO ST,Riley Park,492374.8886,5455493.0397
Mischief,2017,6,2,20,0,36XX ONTARIO ST,Riley Park,492375.2684,5455506.5134
Mischief,2017,11,2,4,31,36XX OXFORD ST,Hastings-Sunrise,498135.2524,5459209.6797
Mischief,2017,12,17,20,0,36XX RAE AVE,Renfrew-Collingwood,498255.2231,5453726.7842
Mischief,2017,11,12,20,0,36XX TURNER ST,Hastings-Sunrise,498240.9571,5458482.5864
Mischief,2017,2,5,7,0,36XX VANNESS AVE,Renfrew-Collingwood,498020.9193,5453697.4368
Mischief,2017,4,3,20,18,36XX VANNESS AVE,Renfrew-Collingwood,498020.9193,5453697.4368
Mischief,2017,5,12,17,0,36XX VANNESS AVE,Renfrew-Collingwood,498061.9393,5453668.6428
Mischief,2017,12,8,16,34,36XX VANNESS AVE,Renfrew-Collingwood,498061.9393,5453668.6428
Mischief,2017,3,27,3,0,36XX VANNESS AVE,Renfrew-Collingwood,498095.6417,5453645.0094
Mischief,2017,2,23,23,8,36XX VICTORIA DR,Kensington-Cedar Cottage,495183.4946,5455578.0799
Mischief,2017,12,15,14,54,36XX VICTORIA DR,Kensington-Cedar Cottage,495212.3296,5455523.7503
Mischief,2017,4,12,9,30,36XX W 10TH AVE,Kitsilano,486488.0313,5456767.307
Mischief,2017,4,14,0,20,36XX W 10TH AVE,Kitsilano,486488.0313,5456767.307
Mischief,2017,8,9,9,26,36XX W 10TH AVE,Kitsilano,486488.0313,5456767.307
Mischief,2017,8,12,22,6,36XX W 10TH AVE,Kitsilano,486488.0313,5456767.307
Mischief,2017,2,6,3,13,36XX W 16TH AVE,Dunbar-Southlands,486451.3018,5456133.069
Mischief,2017,2,17,21,0,36XX W 16TH AVE,Kitsilano,486507.7764,5456159.6111
Mischief,2017,1,13,17,0,36XX W 28TH AVE,Dunbar-Southlands,486486.3205,5454940.2758
Mischief,2017,8,26,5,2,36XX W 39TH AVE,Dunbar-Southlands,486511.5233,5453752.1592
Mischief,2017,9,2,18,0,36XX W 39TH AVE,Dunbar-Southlands,486511.5233,5453752.1592
Mischief,2017,10,6,23,0,36XX W 3RD AVE,Kitsilano,486604.2322,5457427.5253
Mischief,2017,3,28,8,2,36XX W 4TH AVE,Kitsilano,486583.874,5457326.5538
Mischief,2017,7,11,0,0,36XX W 4TH AVE,Kitsilano,486602.0007,5457335.3574
Mischief,2017,3,8,0,1,36XX W 7TH AVE,Kitsilano,486523.8309,5457053.8057
Mischief,2017,8,7,13,26,36XX W BROADWAY AVE,Kitsilano,486492.8246,5456865.9663
Mischief,2017,7,16,23,46,36XX WELLINGTON AVE,Renfrew-Collingwood,498025.8207,5454000.5914
Mischief,2017,2,6,19,30,36XX WILLIAM ST,Hastings-Sunrise,498177.0942,5457924.3061
Mischief,2017,4,26,20,30,36XX WILLIAM ST,Hastings-Sunrise,498191.5138,5457933.4668
Mischief,2017,12,22,21,0,37XX DUNBAR ST,Dunbar-Southlands,486530.0185,5455679.443
Mischief,2017,5,20,13,46,37XX KNIGHT ST,Kensington-Cedar Cottage,494476.3466,5455402.0034
Mischief,2017,11,29,0,4,37XX MAIN ST,Riley Park,492659.1791,5455481.8801
Mischief,2017,10,7,2,19,37XX POINT GREY RD,West Point Grey,486493.6518,5457736.1814
Mischief,2017,10,27,12,0,37XX RENFREW ST,Renfrew-Collingwood,496761.7927,5455381.7406
Mischief,2017,11,2,0,0,37XX RENFREW ST,Renfrew-Collingwood,496761.7927,5455381.7406
Mischief,2017,2,5,13,46,37XX W 21ST AVE,Dunbar-Southlands,486323.0591,5455688.9428
Mischief,2017,6,17,18,30,37XX W 5TH AVE,West Point Grey,486484.1612,5457233.3514
Mischief,2017,10,8,17,30,37XX W 7TH AVE,West Point Grey,486468.4682,5457055.3486
Mischief,2017,4,9,7,51,37XX W 8TH AVE,West Point Grey,486449.539,5456955.2204
Mischief,2017,8,14,14,30,38XX COLUMBIA ST,Riley Park,492005.0248,5455343.7072
Mischief,2017,12,28,20,0,38XX HUDSON ST,Shaughnessy,490221.1371,5455460.3991
Mischief,2017,10,28,21,6,38XX MAIN ST,Riley Park,492645.7115,5455331.7735
Mischief,2017,5,20,15,30,38XX OAK ST,South Cambie,490727.1067,5455365.5876
Mischief,2017,12,6,19,45,38XX RUPERT ST,Renfrew-Collingwood,497530.3736,5455229.6593
Mischief,2017,8,7,0,0,38XX W 10TH AVE,West Point Grey,486269.5366,5456766.274
Mischief,2017,8,29,20,0,38XX W 12TH AVE,West Point Grey,486276.5158,5456571.5802
Mischief,2017,8,29,19,0,38XX W 12TH AVE,West Point Grey,486325.3711,5456561.2965
Mischief,2017,8,28,21,0,38XX W 13TH AVE,West Point Grey,486150.6926,5456463.396
Mischief,2017,8,28,17,30,38XX W 13TH AVE,West Point Grey,486321.0148,5456458.9598
Mischief,2017,8,28,19,0,38XX W 13TH AVE,West Point Grey,486321.0148,5456458.9598
Mischief,2017,8,28,19,55,38XX W 13TH AVE,West Point Grey,486321.0148,5456458.9598
Mischief,2017,6,16,21,0,38XX W 16TH AVE,West Point Grey,486214.8245,5456166.8217
Mischief,2017,4,26,17,30,38XX W 17TH AVE,Dunbar-Southlands,486158.1795,5456086.6411
Mischief,2017,4,27,8,14,38XX W 17TH AVE,Dunbar-Southlands,486158.1795,5456086.6411
Mischief,2017,7,4,16,0,38XX W 19TH AVE,Dunbar-Southlands,486311.7295,5455879.3443
Mischief,2017,7,4,19,30,38XX W 19TH AVE,Dunbar-Southlands,486311.7295,5455879.3443
Mischief,2017,6,3,0,30,38XX W 23RD AVE,Dunbar-Southlands,486118.2981,5455479.1382
Mischief,2017,11,30,13,0,38XX W 24TH AVE,Dunbar-Southlands,486295.2566,5455378.715
Mischief,2017,10,30,10,0,38XX W 2ND AVE,West Point Grey,486150.388,5457503.5629
Mischief,2017,8,13,18,40,38XX W 2ND AVE,West Point Grey,486219.1014,5457544.1094
Mischief,2017,10,27,18,30,38XX W 2ND AVE,West Point Grey,486264.7171,5457533.7446
Mischief,2017,4,5,12,0,38XX W 35TH AVE,Dunbar-Southlands,486242.5302,5454202.704
Mischief,2017,4,8,0,0,38XX W 35TH AVE,Dunbar-Southlands,486242.5302,5454202.704
Mischief,2017,4,19,1,12,38XX W 35TH AVE,Dunbar-Southlands,486242.5302,5454202.704
Mischief,2017,5,4,2,49,38XX W 35TH AVE,Dunbar-Southlands,486242.5302,5454202.704
Mischief,2017,12,9,20,0,38XX W 36TH AVE,Dunbar-Southlands,486107.1746,5454097.1168
Mischief,2017,10,9,18,0,38XX W 36TH AVE,Dunbar-Southlands,486134.1896,5454106.0483
Mischief,2017,12,22,8,30,38XX W 41ST AVE,Dunbar-Southlands,486186.3183,5453568.5894
Mischief,2017,12,22,14,0,38XX W 41ST AVE,Dunbar-Southlands,486204.4339,5453577.6915
Mischief,2017,1,4,10,50,38XX W BROADWAY AVE,West Point Grey,486309.443,5456868.3953
Mischief,2017,5,31,14,3,39XX FRASER ST,Riley Park,493436.5936,5455235.7372
Mischief,2017,5,18,15,53,39XX MAIN ST,Riley Park,492653.2267,5455276.3308
Mischief,2017,5,10,18,30,39XX RUPERT ST,Renfrew-Collingwood,497548.0908,5455163.5898
Mischief,2017,11,1,0,20,39XX ST CATHERINES ST,Kensington-Cedar Cottage,493758.2823,5455164.4406
Mischief,2017,4,29,21,30,39XX VICTORIA DR,Kensington-Cedar Cottage,495270.7586,5455209.9971
Mischief,2017,8,29,23,0,39XX W 11TH AVE,West Point Grey,486071.4409,5456674.0711
Mischief,2017,6,20,8,30,39XX W 16TH AVE,West Point Grey,486008.1785,5456173.8565
Mischief,2017,8,4,16,52,39XX W 16TH AVE,West Point Grey,486008.1785,5456173.8565
Mischief,2017,6,14,21,30,39XX W 20TH AVE,Dunbar-Southlands,486071.2404,5455783.1358
Mischief,2017,6,7,12,39,39XX W 20TH AVE,Dunbar-Southlands,486110.1994,5455782.5443
Mischief,2017,11,2,21,0,39XX W 32ND AVE,Dunbar-Southlands,485957.4231,5454531.241
Mischief,2017,10,10,18,0,39XX W 35TH AVE,Dunbar-Southlands,485999.8775,5454206.21
Mischief,2017,10,31,22,0,39XX W 36TH AVE,Dunbar-Southlands,485942.0164,5454109.4516
Mischief,2017,10,10,10,0,39XX W 36TH AVE,Dunbar-Southlands,486068.4666,5454106.955
Mischief,2017,9,23,0,0,39XX W 51ST AVE,Musqueam,485986.3056,5452553.5634
Mischief,2017,9,25,0,0,39XX W 51ST AVE,Musqueam,485986.3056,5452553.5634
Mischief,2017,3,7,20,44,39XX W BROADWAY AVE,West Point Grey,486096.0156,5456900.2307
Mischief,2017,8,10,19,13,39XX W KING EDWARD AVE,Dunbar-Southlands,485927.2992,5455289.3753
Mischief,2017,4,27,18,20,3X E 10TH AVE,Mount Pleasant,492411.6934,5456589.1553
Mischief,2017,5,23,15,44,3X E 69TH AVE,Sunset,492286.7093,5450737.3565
Mischief,2017,9,18,11,59,3X E 6TH AVE,Mount Pleasant,492426.1616,5456977.3518
Mischief,2017,12,11,23,45,3X E 8TH AVE,Mount Pleasant,492418.4847,5456786.671
Mischief,2017,9,20,10,15,3X E PENDER ST,Central Business District,492469.4726,5458635.9998
Mischief,2017,9,16,3,28,3X SMITHE ST,Central Business District,491757.8557,5458033.0668
Mischief,2017,10,23,9,0,3X SMITHE ST,Central Business District,491768.802,5458035.2336
Mischief,2017,10,22,3,45,3X SMITHE ST,Central Business District,491810.033,5457989.3413
Mischief,2017,9,1,22,0,3X W BROADWAY AVE,Mount Pleasant,492321.2878,5456705.7573
Mischief,2017,5,18,14,25,3X W CORDOVA ST,Central Business District,492346.5732,5458874.6525
Mischief,2017,12,10,8,9,3X W HASTINGS ST,Central Business District,492345.1494,5458775.7311
Mischief,2017,9,7,17,9,3X W HASTINGS ST,Central Business District,492349.2296,5458774.5781
Mischief,2017,2,20,21,20,3X W PENDER ST,Central Business District,492310.1566,5458674.5229
Mischief,2017,4,16,18,0,3X W PENDER ST,Central Business District,492310.1566,5458674.5229
Mischief,2017,9,22,16,7,3X WATER ST,Central Business District,492360.0246,5458989.4837
Mischief,2017,6,6,6,57,3XX ABBOTT ST,Central Business District,492213.8723,5458862.6471
Mischief,2017,12,17,5,21,3XX ABBOTT ST,Central Business District,492213.8723,5458862.6471
Mischief,2017,12,17,12,45,3XX ABBOTT ST,Central Business District,492213.8723,5458862.6471
Mischief,2017,3,29,15,7,3XX ABBOTT ST,Central Business District,492219.1855,5458881.348
Mischief,2017,10,5,11,25,3XX ABBOTT ST,Central Business District,492219.1855,5458881.348
Mischief,2017,12,27,1,46,3XX ABBOTT ST,Central Business District,492230.7233,5458888.4988
Mischief,2017,4,11,18,36,3XX ABBOTT ST,Central Business District,492237.1355,5458911.0666
Mischief,2017,12,2,22,43,3XX ABBOTT ST,Central Business District,492237.1355,5458911.0666
Mischief,2017,8,5,12,38,3XX ALEXANDER ST,Strathcona,492890.2142,5459034.8466
Mischief,2017,11,9,10,0,3XX ALEXANDER ST,Strathcona,492890.2142,5459034.8466
Mischief,2017,10,26,13,0,3XX ALEXANDER ST,Strathcona,492907.9472,5459034.2866
Mischief,2017,5,23,22,56,3XX ALEXANDER ST,Strathcona,492927.8688,5459033.6571
Mischief,2017,10,27,20,50,3XX ALEXANDER ST,Strathcona,492944.8472,5459033.1208
Mischief,2017,12,16,2,1,3XX ALEXANDER ST,Strathcona,492971.786,5459032.2703
Mischief,2017,3,9,10,7,3XX BURRARD ST,Central Business District,491516.6744,5459414.892
Mischief,2017,5,15,10,56,3XX BURRARD ST,Central Business District,491516.6744,5459414.892
Mischief,2017,5,26,21,0,3XX CAMBIE ST,Central Business District,492057.3814,5458952.1077
Mischief,2017,8,30,10,20,3XX CAMBIE ST,Central Business District,492065.0689,5458977.2305
Mischief,2017,11,7,23,7,3XX CAMBIE ST,Central Business District,492065.0689,5458977.2305
Mischief,2017,12,18,1,45,3XX CAMPBELL AVE,Strathcona,493840.3243,5458804.2945
Mischief,2017,12,10,8,0,3XX CARRALL ST,Central Business District,492407.8434,5458753.6732
Mischief,2017,8,1,21,0,3XX CARRALL ST,Central Business District,492420.5176,5458837.0428
Mischief,2017,3,29,2,41,3XX COLUMBIA ST,Central Business District,492559.3043,5458795.3325
Mischief,2017,12,4,3,6,3XX COLUMBIA ST,Central Business District,492559.3043,5458795.3325
Mischief,2017,3,17,16,59,3XX COLUMBIA ST,Central Business District,492560.7565,5458847.2808
Mischief,2017,11,20,15,53,3XX COLUMBIA ST,Central Business District,492568.4447,5458795.0772
Mischief,2017,11,24,9,47,3XX DUNLEVY AVE,Strathcona,493068.6,5458827.0951
Mischief,2017,2,16,15,0,3XX DUNSMUIR ST,Central Business District,491796.3944,5458737.8055
Mischief,2017,2,16,16,59,3XX DUNSMUIR ST,Central Business District,491796.3944,5458737.8055
Mischief,2017,3,4,16,0,3XX DUNSMUIR ST,Central Business District,491796.3944,5458737.8055
Mischief,2017,4,20,22,0,3XX DUNSMUIR ST,Central Business District,491796.3944,5458737.8055
Mischief,2017,7,4,16,9,3XX DUNSMUIR ST,Central Business District,491796.3944,5458737.8055
Mischief,2017,10,6,12,30,3XX DUNSMUIR ST,Central Business District,491796.3944,5458737.8055
Mischief,2017,11,9,17,28,3XX DUNSMUIR ST,Central Business District,491796.3944,5458737.8055
Mischief,2017,11,10,0,3,3XX DUNSMUIR ST,Central Business District,491796.3944,5458737.8055
Mischief,2017,6,6,18,30,3XX DUNSMUIR ST,Central Business District,491813.0087,5458708.1654
Mischief,2017,12,10,19,43,3XX DUNSMUIR ST,Central Business District,491813.0087,5458708.1654
Mischief,2017,7,29,10,0,3XX E 1ST AVE,Mount Pleasant,492962.4161,5457249.1975
Mischief,2017,6,1,20,30,3XX E 26TH AVE,Riley Park,492820.6821,5454975.0439
Mischief,2017,3,22,21,28,3XX E 2ND AVE,Mount Pleasant,492976.5223,5457140.7752
Mischief,2017,10,1,9,6,3XX E 2ND AVE,Mount Pleasant,493032.7576,5457059.1017
Mischief,2017,3,25,14,0,3XX E 43RD AVE,Sunset,492825.1825,5453149.0492
Mischief,2017,11,27,18,0,3XX E 48TH AVE,Sunset,492825.4303,5452650.689
Mischief,2017,12,5,19,30,3XX E 51ST AVE,Sunset,492876.3806,5452321.1242
Mischief,2017,11,27,14,30,3XX E 56TH AVE,Sunset,492749.5333,5451830.2622
Mischief,2017,12,13,7,0,3XX E 58TH AVE,Sunset,492789.2505,5451649.1077
Mischief,2017,1,22,13,25,3XX E 5TH AVE,Mount Pleasant,492815.2429,5457066.9686
Mischief,2017,10,17,17,14,3XX E 63RD AVE,Sunset,492777.4829,5451192.2903
Mischief,2017,4,1,18,13,3XX E 63RD AVE,Sunset,492816.2888,5451197.4178
Mischief,2017,2,18,22,30,3XX E 64TH AVE,Sunset,492732.7825,5451100.9712
Mischief,2017,2,27,19,0,3XX E 64TH AVE,Sunset,492732.7825,5451100.9712
Mischief,2017,2,28,19,30,3XX E 64TH AVE,Sunset,492732.7825,5451100.9712
Mischief,2017,3,3,1,38,3XX E 64TH AVE,Sunset,492732.7825,5451100.9712
Mischief,2017,3,4,5,19,3XX E 64TH AVE,Sunset,492732.7825,5451100.9712
Mischief,2017,2,25,2,2,3XX E 7TH AVE,Mount Pleasant,492865.8202,5456865.9472
Mischief,2017,1,24,7,0,3XX E 7TH AVE,Mount Pleasant,492880.365,5456874.9221
Mischief,2017,10,28,1,0,3XX E 8TH AVE,Mount Pleasant,492805.3598,5456766.4414
Mischief,2017,2,20,12,4,3XX E BROADWAY AVE,Mount Pleasant,492933.9023,5456669.3903
Mischief,2017,5,5,18,20,3XX E BROADWAY AVE,Mount Pleasant,492933.9023,5456669.3903
Mischief,2017,4,24,11,19,3XX E CORDOVA ST,Strathcona,492906.9814,5458833.0408
Mischief,2017,3,18,7,50,3XX E CORDOVA ST,Strathcona,492919.1407,5458832.6379
Mischief,2017,4,10,6,0,3XX E CORDOVA ST,Strathcona,492938.0412,5458832.0116
Mischief,2017,5,1,1,3,3XX E HASTINGS ST,Strathcona,492915.7127,5458728.6332
Mischief,2017,5,3,11,36,3XX E HASTINGS ST,Strathcona,492915.7127,5458728.6332
Mischief,2017,5,18,21,35,3XX E HASTINGS ST,Strathcona,492915.7127,5458728.6332
Mischief,2017,6,3,23,51,3XX E HASTINGS ST,Strathcona,492915.7127,5458728.6332
Mischief,2017,6,7,17,35,3XX E HASTINGS ST,Strathcona,492915.7127,5458728.6332
Mischief,2017,12,7,2,45,3XX E HASTINGS ST,Strathcona,492915.7127,5458728.6332
Mischief,2017,1,15,19,16,3XX E HASTINGS ST,Strathcona,492944.4406,5458727.7819
Mischief,2017,3,22,20,0,3XX E HASTINGS ST,Strathcona,492944.4406,5458727.7819
Mischief,2017,6,11,9,30,3XX E HASTINGS ST,Strathcona,492956.2026,5458736.5814
Mischief,2017,1,12,16,42,3XX E HASTINGS ST,Strathcona,492964.5501,5458727.186
Mischief,2017,1,30,4,0,3XX E HASTINGS ST,Strathcona,492970.968,5458726.9962
Mischief,2017,10,12,14,43,3XX E HASTINGS ST,Strathcona,492976.7399,5458735.9732
Mischief,2017,1,12,4,52,3XX E HASTINGS ST,Strathcona,492978.914,5458726.7604
Mischief,2017,3,7,7,40,3XX E HASTINGS ST,Strathcona,492978.914,5458726.7604
Mischief,2017,3,15,1,12,3XX E HASTINGS ST,Strathcona,492978.914,5458726.7604
Mischief,2017,5,23,0,24,3XX E HASTINGS ST,Strathcona,492978.914,5458726.7604
Mischief,2017,11,26,23,21,3XX E HASTINGS ST,Strathcona,492996.1508,5458726.2497
Mischief,2017,11,25,0,0,3XX E KENT AVE S,Sunset,492771.1122,5450494.5306
Mischief,2017,10,8,15,36,3XX E PENDER ST,Strathcona,492929.588,5458619.91
Mischief,2017,12,27,17,0,3XX E PENDER ST,Strathcona,492929.588,5458619.91
Mischief,2017,12,28,13,18,3XX E PENDER ST,Strathcona,492963.2468,5458627.9799
Mischief,2017,3,31,23,0,3XX GARDEN DR,Grandview-Woodland,495789.9327,5458783.7364
Mischief,2017,7,11,15,5,3XX GORE AVE,Strathcona,492906.9601,5458836.6757
Mischief,2017,8,9,10,33,3XX GORE AVE,Strathcona,492906.9601,5458836.6757
Mischief,2017,10,12,13,37,3XX GORE AVE,Strathcona,492906.9601,5458836.6757
Mischief,2017,5,16,17,0,3XX GRANVILLE ST,Central Business District,491780.6525,5459233.5504
Mischief,2017,6,30,12,0,3XX GRANVILLE ST,Central Business District,491780.6525,5459233.5504
Mischief,2017,7,3,14,0,3XX GRANVILLE ST,Central Business District,491780.6525,5459233.5504
Mischief,2017,7,14,21,27,3XX GRANVILLE ST,Central Business District,491780.6525,5459233.5504
Mischief,2017,7,22,22,23,3XX GRANVILLE ST,Central Business District,491780.6525,5459233.5504
Mischief,2017,8,15,12,0,3XX GRANVILLE ST,Central Business District,491780.6525,5459233.5504
Mischief,2017,8,24,16,1,3XX GRANVILLE ST,Central Business District,491780.6525,5459233.5504
Mischief,2017,8,22,15,32,3XX GRANVILLE ST,Central Business District,491794.8843,5459247.885
Mischief,2017,8,6,9,40,3XX HEATLEY AVE,Strathcona,493484.9224,5458757.1106
Mischief,2017,10,6,17,30,3XX HEATLEY AVE,Strathcona,493494.8436,5458785.9267
Mischief,2017,1,22,3,47,3XX HELMCKEN ST,Central Business District,491210.8478,5458126.4515
Mischief,2017,1,14,0,52,3XX HOMER ST,Central Business District,492005.9402,5459036.4323
Mischief,2017,3,17,20,14,3XX HOMER ST,Central Business District,492005.9402,5459036.4323
Mischief,2017,3,13,9,0,3XX HOWE ST,Central Business District,491719.0758,5459317.0065
Mischief,2017,6,21,15,10,3XX INDUSTRIAL AVE,Strathcona,492884.185,5457452.7788
Mischief,2017,2,22,16,0,3XX INDUSTRIAL AVE,Strathcona,492887.0343,5457452.0376
Mischief,2017,12,14,16,12,3XX JACKSON AVE,Strathcona,493210.5691,5458754.6439
Mischief,2017,10,18,11,30,3XX JACKSON AVE,Strathcona,493210.8814,5458764.8008
Mischief,2017,2,24,18,18,3XX JACKSON AVE,Strathcona,493212.1128,5458804.8489
Mischief,2017,6,8,11,30,3XX JACKSON AVE,Strathcona,493212.1128,5458804.8489
Mischief,2017,1,18,2,39,3XX JERVIS ST,Central Business District,490982.3336,5459710.0738
Mischief,2017,10,27,20,0,3XX KEEFER ST,Strathcona,493005.2732,5458517.8105
Mischief,2017,10,26,9,0,3XX KINGSWAY AVE,Mount Pleasant,492933.4109,5456420.0854
Mischief,2017,1,6,19,20,3XX LAKEWOOD DR,Grandview-Woodland,495509.2205,5458792.3962
Mischief,2017,10,16,10,0,3XX LAKEWOOD DR,Grandview-Woodland,495518.4787,5458817.141
Mischief,2017,1,15,2,30,3XX MAIN ST,Central Business District,492748.5921,5458821.028
Mischief,2017,12,9,0,20,3XX MAIN ST,Central Business District,492748.5921,5458821.028
Mischief,2017,6,23,18,2,3XX MAIN ST,Central Business District,492749.1595,5458835.0841
Mischief,2017,10,31,16,0,3XX MCLEAN DR,Grandview-Woodland,494615.934,5458831.6664
Mischief,2017,5,19,23,13,3XX N WINDERMERE ST,Hastings-Sunrise,497269.2728,5459525.7261
Mischief,2017,3,2,19,15,3XX POWELL ST,Strathcona,492898.594,5458933.6513
Mischief,2017,6,4,23,6,3XX POWELL ST,Strathcona,492898.594,5458933.6513
Mischief,2017,6,11,17,49,3XX POWELL ST,Strathcona,492898.594,5458933.6513
Mischief,2017,3,29,9,30,3XX POWELL ST,Strathcona,492925.206,5458932.8307
Mischief,2017,5,16,11,3,3XX POWELL ST,Strathcona,492935.1855,5458932.523
Mischief,2017,1,11,18,0,3XX POWELL ST,Strathcona,492943.4663,5458932.2674
Mischief,2017,2,1,16,9,3XX POWELL ST,Strathcona,492946.933,5458941.3088
Mischief,2017,3,25,15,15,3XX POWELL ST,Strathcona,492946.933,5458941.3088
Mischief,2017,10,9,12,32,3XX POWELL ST,Strathcona,492961.7976,5458931.7024
Mischief,2017,1,25,17,0,3XX POWELL ST,Strathcona,493048.5686,5458938.1753
Mischief,2017,4,29,22,57,3XX PRINCESS AVE,Strathcona,493343.9569,5458746.5219
Mischief,2017,12,31,21,0,3XX PRINCESS AVE,Strathcona,493343.9569,5458746.5219
Mischief,2017,9,13,12,21,3XX PRINCESS AVE,Strathcona,493355.6074,5458818.7745
Mischief,2017,1,4,17,49,3XX RAILWAY ST,Strathcona,492889.7841,5459062.8992
Mischief,2017,2,9,23,9,3XX RAILWAY ST,Strathcona,492889.7841,5459062.8992
Mischief,2017,8,8,1,3,3XX RAILWAY ST,Strathcona,492889.7841,5459062.8992
Mischief,2017,9,3,19,52,3XX RAILWAY ST,Strathcona,492889.7841,5459062.8992
Mischief,2017,9,5,17,14,3XX RAILWAY ST,Strathcona,492889.7841,5459062.8992
Mischief,2017,7,31,15,32,3XX RENFREW ST,Hastings-Sunrise,496795.9891,5458797.2597
Mischief,2017,1,1,12,20,3XX RICHARDS ST,Central Business District,491935.6013,5459107.8068
Mischief,2017,6,2,21,0,3XX RICHARDS ST,Central Business District,491935.6013,5459107.8068
Mischief,2017,12,11,11,45,3XX ROBSON ST,Central Business District,491540.0812,5458494.4285
Mischief,2017,2,20,1,20,3XX ROBSON ST,Central Business District,491542.5646,5458478.6183
Mischief,2017,4,12,4,8,3XX ROBSON ST,Central Business District,491555.5452,5458465.0691
Mischief,2017,12,5,4,59,3XX ROBSON ST,Central Business District,491555.5452,5458465.0691
Mischief,2017,5,23,9,0,3XX SE MARINE DR,Sunset,492774.6613,5450882.6093
Mischief,2017,8,26,17,0,3XX SE MARINE DR,Sunset,492774.6613,5450882.6093
Mischief,2017,8,29,9,0,3XX SE MARINE DR,Sunset,492774.6613,5450882.6093
Mischief,2017,2,28,19,0,3XX SEYMOUR ST,Central Business District,491831.0926,5459152.7312
Mischief,2017,7,2,9,0,3XX SLOCAN ST,Hastings-Sunrise,496416.7884,5458808.6204
Mischief,2017,12,18,1,0,3XX SMITHE ST,Central Business District,491403.8983,5458402.2331
Mischief,2017,3,30,21,30,3XX SW MARINE DR,Marpole,491655.1559,5450916.4155
Mischief,2017,10,11,2,10,3XX TEMPLETON DR,Grandview-Woodland,495658.3075,5458811.2365
Mischief,2017,3,6,4,50,3XX TERMINAL AVE,Strathcona,492886.3906,5457734.6287
Mischief,2017,7,14,11,40,3XX TERMINAL AVE,Strathcona,492886.3906,5457734.6287
Mischief,2017,12,13,7,27,3XX TERMINAL AVE,Strathcona,492886.3906,5457734.6287
Mischief,2017,5,21,9,18,3XX TERMINAL AVE,Strathcona,492994.8317,5457706.9711
Mischief,2017,11,22,1,0,3XX TERMINAL AVE,Strathcona,493041.9951,5457716.323
Mischief,2017,12,23,18,42,3XX TERMINAL AVE,Strathcona,493041.9951,5457716.323
Mischief,2017,12,5,18,45,3XX UNION ST,Strathcona,493005.8996,5458316.2295
Mischief,2017,9,23,0,0,3XX VICTORIA DR,Grandview-Woodland,495227.0537,5458798.491
Mischief,2017,10,28,6,18,3XX W 16TH AVE,Mount Pleasant,491806.0482,5456016.2509
Mischief,2017,10,14,17,0,3XX W 16TH AVE,Riley Park,491852.101,5456005.7688
Mischief,2017,10,14,19,0,3XX W 16TH AVE,Riley Park,491893.9496,5456004.5689
Mischief,2017,9,4,9,0,3XX W 23RD AVE,Riley Park,491808.6774,5455256.4164
Mischief,2017,10,6,16,0,3XX W 26TH AVE,Riley Park,491869.8905,5455011.9973
Mischief,2017,11,5,3,6,3XX W 2ND AVE,Mount Pleasant,491881.3258,5457272.5831
Mischief,2017,9,3,9,30,3XX W 45TH AVE,Oakridge,491679.5773,5452997.6544
Mischief,2017,12,31,0,0,3XX W 49TH AVE,Oakridge,491772.0843,5452576.1097
Mischief,2017,5,10,22,0,3XX W 59TH AVE,Marpole,491826.5565,5451576.9956
Mischief,2017,1,10,21,10,3XX W 59TH AVE,Marpole,491864.6995,5451576.3989
Mischief,2017,8,28,4,14,3XX W 5TH AVE,Mount Pleasant,491931.2422,5457094.7499
Mischief,2017,11,20,0,0,3XX W 6TH AVE,Mount Pleasant,491879.4345,5456993.661
Mischief,2017,10,23,17,0,3XX W 8TH AVE,Mount Pleasant,491867.8869,5456793.3328
Mischief,2017,6,29,8,21,3XX W 8TH AVE,Mount Pleasant,491922.6857,5456791.781
Mischief,2017,10,23,23,23,3XX W 8TH AVE,Mount Pleasant,491922.6857,5456791.781
Mischief,2017,5,14,13,52,3XX W BROADWAY AVE,Mount Pleasant,491798.782,5456723.2462
Mischief,2017,11,9,0,0,3XX W BROADWAY AVE,Mount Pleasant,491806.2979,5456713.8866
Mischief,2017,2,2,2,19,3XX W BROADWAY AVE,Mount Pleasant,491923.1317,5456710.5931
Mischief,2017,7,9,16,16,3XX W BROADWAY AVE,Mount Pleasant,491923.1317,5456710.5931
Mischief,2017,12,23,22,46,3XX W BROADWAY AVE,Mount Pleasant,491923.1317,5456710.5931
Mischief,2017,3,12,21,41,3XX W CORDOVA ST,Central Business District,492028.8928,5459008.6163
Mischief,2017,5,3,10,19,3XX W CORDOVA ST,Central Business District,492042.2416,5458995.0715
Mischief,2017,11,16,6,7,3XX W CORDOVA ST,Central Business District,492044.8923,5458992.3817
Mischief,2017,2,7,8,0,3XX W CORDOVA ST,Central Business District,492055.5429,5458981.5747
Mischief,2017,12,16,20,17,3XX W CORDOVA ST,Central Business District,492055.5429,5458981.5747
Mischief,2017,11,14,2,52,3XX W CORDOVA ST,Central Business District,492060.9906,5458989.0739
Mischief,2017,3,16,6,57,3XX W GEORGIA ST,Central Business District,491651.5374,5458615.1804
Mischief,2017,5,18,17,16,3XX W GEORGIA ST,Central Business District,491651.5374,5458615.1804
Mischief,2017,8,10,2,27,3XX W GEORGIA ST,Central Business District,491651.5374,5458615.1804
Mischief,2017,5,17,21,6,3XX W GEORGIA ST,Central Business District,491659.3965,5458620.2104
Mischief,2017,1,23,7,0,3XX W HASTINGS ST,Central Business District,491977.7987,5458915.4919
Mischief,2017,3,31,6,1,3XX W HASTINGS ST,Central Business District,491997.4637,5458895.7293
Mischief,2017,6,15,11,5,3XX W HASTINGS ST,Central Business District,491997.4637,5458895.7293
Mischief,2017,11,16,23,2,3XX W PENDER ST,Central Business District,491900.5158,5458861.3611
Mischief,2017,2,21,16,11,3XX W PENDER ST,Central Business District,491924.911,5458836.4395
Mischief,2017,9,7,12,57,3XX W PENDER ST,Central Business District,491924.9333,5458823.3451
Mischief,2017,12,24,17,40,3XX W PENDER ST,Central Business District,491924.9333,5458823.3451
Mischief,2017,6,25,23,9,3XX WATER ST,Central Business District,491974.3862,5459104.9878
Mischief,2017,11,16,16,50,3XX WATER ST,Central Business District,491974.3862,5459104.9878
Mischief,2017,2,7,18,15,3XX WATER ST,Central Business District,492032.1494,5459078.6253
Mischief,2017,10,5,4,30,3XX WATER ST,Central Business District,492032.1494,5459078.6253
Mischief,2017,3,11,19,59,3XX WATER ST,Central Business District,492062.6928,5459079.2467
Mischief,2017,4,8,6,28,3XX WATER ST,Central Business District,492079.972,5459064.6859
Mischief,2017,7,28,18,45,3XX WATER ST,Central Business District,492079.972,5459064.6859
Mischief,2017,3,17,15,30,3XX WOODLAND DR,Grandview-Woodland,494721.7515,5458825.9379
Mischief,2017,2,23,23,30,40XX KNIGHT ST,Kensington-Cedar Cottage,494475.9578,5455120.9598
Mischief,2017,11,20,11,0,40XX KNIGHT ST,Kensington-Cedar Cottage,494475.9578,5455120.9598
Mischief,2017,4,1,17,30,40XX MAIN ST,Riley Park,492650.4029,5455179.3696
Mischief,2017,3,12,0,0,40XX MARGUERITE ST,Shaughnessy,489485.3969,5455281.6428
Mischief,2017,12,10,13,41,40XX NOOTKA ST,Renfrew-Collingwood,496975.8681,5455106.8442
Mischief,2017,1,8,23,30,40XX PERRY ST,Kensington-Cedar Cottage,494817.7299,5455145.4261
Mischief,2017,11,4,20,0,40XX RUPERT ST,Renfrew-Collingwood,497529.91,5455042.1883
Mischief,2017,12,5,15,30,40XX W 10TH AVE,West Point Grey,485872.211,5456776.1277
Mischief,2017,9,20,0,0,40XX W 12TH AVE,West Point Grey,485866.8752,5456572.1908
Mischief,2017,9,21,0,0,40XX W 12TH AVE,West Point Grey,485875.1224,5456571.9355
Mischief,2017,5,19,22,0,40XX W 18TH AVE,Dunbar-Southlands,485800.2379,5455995.1345
Mischief,2017,5,15,21,0,40XX W 21ST AVE,Dunbar-Southlands,485847.5817,5455693.298
Mischief,2017,3,27,21,0,40XX W 21ST AVE,Dunbar-Southlands,485903.9663,5455683.6872
Mischief,2017,3,15,13,0,40XX W 27TH AVE,Dunbar-Southlands,485896.9816,5455051.1848
Mischief,2017,5,9,0,0,40XX W 31ST AVE,Dunbar-Southlands,485780.9995,5454637.752
Mischief,2017,3,1,0,0,40XX W 31ST AVE,Dunbar-Southlands,485837.2522,5454628.075
Mischief,2017,5,5,21,0,40XX W 31ST AVE,Dunbar-Southlands,485845.9198,5454627.993
Mischief,2017,5,5,20,0,40XX W 31ST AVE,Dunbar-Southlands,485897.9253,5454627.5006
Mischief,2017,5,5,23,30,40XX W 31ST AVE,Dunbar-Southlands,485897.9253,5454627.5006
Mischief,2017,12,22,20,0,40XX W 33RD AVE,Dunbar-Southlands,485896.3533,5454419.0037
Mischief,2017,9,24,19,0,40XX W 38TH AVE,Dunbar-Southlands,485804.0886,5453885.2814
Mischief,2017,1,24,20,0,40XX W 40TH AVE,Dunbar-Southlands,485791.8813,5453673.0823
Mischief,2017,9,21,23,0,40XX W 4TH AVE,West Point Grey,485800.8202,5457337.5655
Mischief,2017,3,4,14,0,40XX WINDERMERE ST,Renfrew-Collingwood,497339.3171,5455021.5213
Mischief,2017,2,22,19,48,41XX ATLIN ST,Renfrew-Collingwood,496668.3154,5455010.7654
Mischief,2017,5,17,18,0,41XX BALKAN ST,Riley Park,493056.4029,5455005.6483
Mischief,2017,8,18,20,30,41XX CARTIER ST,Shaughnessy,490044.0399,5455112.4714
Mischief,2017,2,18,15,0,41XX GLADSTONE ST,Kensington-Cedar Cottage,495591.7122,5455036.8243
Mischief,2017,6,2,6,20,41XX GLADSTONE ST,Kensington-Cedar Cottage,495591.7122,5455036.8243
Mischief,2017,6,20,13,50,41XX GLADSTONE ST,Kensington-Cedar Cottage,495591.7122,5455036.8243
Mischief,2017,10,31,16,30,41XX GLADSTONE ST,Kensington-Cedar Cottage,495591.7122,5455036.8243
Mischief,2017,2,26,1,0,41XX HIGHBURY ST,Dunbar-Southlands,486316.7657,5455232.9613
Mischief,2017,6,17,19,15,41XX MAIN ST,Riley Park,492648.3617,5455102.626
Mischief,2017,3,21,17,5,41XX STAULO CRES,Musqueam,485549.9089,5452800.7703
Mischief,2017,4,8,21,32,41XX W 10TH AVE,West Point Grey,485519.0773,5456783.176
Mischief,2017,4,8,21,35,41XX W 10TH AVE,West Point Grey,485519.0773,5456783.176
Mischief,2017,1,19,18,0,41XX W 10TH AVE,West Point Grey,485662.3606,5456779.1474
Mischief,2017,1,26,20,0,41XX W 11TH AVE,West Point Grey,485600.7702,5456679.9616
Mischief,2017,6,21,22,0,41XX W 13TH AVE,West Point Grey,485453.3413,5456490.6786
Mischief,2017,5,20,19,0,41XX W 13TH AVE,West Point Grey,485580.5044,5456487.3119
Mischief,2017,2,18,21,48,41XX WALLACE ST,Dunbar-Southlands,486104.3466,5455184.5234
Mischief,2017,11,18,21,6,42XX BALKAN ST,Riley Park,493055.6061,5454935.5022
Mischief,2017,10,16,0,35,42XX CYPRESS ST,Shaughnessy,489168.5086,5455002.4795
Mischief,2017,11,10,22,28,42XX JOHN ST,Riley Park,492927.4957,5454997.5433
Mischief,2017,5,24,11,6,42XX KAMLOOPS ST,Renfrew-Collingwood,496055.4912,5454876.5255
Mischief,2017,6,21,5,0,42XX LAUREL ST,South Cambie,490913.4234,5454983.2037
Mischief,2017,6,27,15,0,42XX MAIN ST,Riley Park,492633.8406,5454948.8321
Mischief,2017,1,28,22,41,42XX MAIN ST,Riley Park,492634.0901,5454956.6734
Mischief,2017,10,15,23,10,42XX W 10TH AVE,West Point Grey,485301.4786,5456788.9776
Mischief,2017,10,8,16,0,42XX W 13TH AVE,West Point Grey,485435.6101,5456481.9944
Mischief,2017,10,11,9,10,42XX W 9TH AVE,West Point Grey,485245.5943,5456896.5391
Mischief,2017,5,3,8,50,42XX WATSON ST,Riley Park,492690.8153,5454976.1721
Mischief,2017,9,4,19,41,43XX ALEXANDRA ST,Shaughnessy,489699.2306,5454894.9401
Mischief,2017,5,25,3,13,43XX ANGUS DR,Shaughnessy,489361.691,5454963.4633
Mischief,2017,11,29,12,0,43XX BRAKENRIDGE ST,Arbutus Ridge,488301.6063,5454966.4718
Mischief,2017,12,19,13,0,43XX CAMBIE ST,South Cambie,491573.0568,5454864.4541
Mischief,2017,9,9,9,31,43XX COLLINGWOOD ST,Dunbar-Southlands,486767.3781,5454988.0482
Mischief,2017,10,3,19,0,43XX COMMERCIAL ST,Kensington-Cedar Cottage,495056.9233,5454793.9917
Mischief,2017,5,6,9,0,43XX DUNBAR ST,Dunbar-Southlands,486523.0069,5455021.4008
Mischief,2017,7,9,14,0,43XX ELGIN ST,Kensington-Cedar Cottage,493973.8866,5454751.4992
Mischief,2017,8,22,0,52,43XX ELGIN ST,Kensington-Cedar Cottage,493973.8866,5454751.4992
Mischief,2017,1,16,14,0,43XX MAIN ST,Riley Park,492626.765,5454811.8717
Mischief,2017,3,18,0,0,43XX MAIN ST,Riley Park,492633.2119,5454935.2005
Mischief,2017,10,29,16,0,43XX MAIN ST,Riley Park,492633.2119,5454935.2005
Mischief,2017,10,2,18,0,43XX ONTARIO ST,Riley Park,492352.4286,5454826.2076
Mischief,2017,6,10,19,0,43XX PUGET DR,Arbutus Ridge,487834.7699,5454955.0833
Mischief,2017,12,4,5,0,43XX QUEBEC ST,Riley Park,492488.3095,5454920.5293
Mischief,2017,12,1,10,0,43XX SIDNEY ST,Kensington-Cedar Cottage,495439.2177,5454885.6429
Mischief,2017,5,13,1,0,43XX W 10TH AVE,West Point Grey,485132.9484,5456802.515
Mischief,2017,1,6,20,45,43XX W 11TH AVE,West Point Grey,485057.2479,5456700.3167
Mischief,2017,10,1,11,2,43XX W 12TH AVE,West Point Grey,485217.445,5456588.8422
Mischief,2017,12,3,16,0,43XX W 12TH AVE,West Point Grey,485217.445,5456588.8422
Mischief,2017,9,28,23,0,442E E 15TH AVE,Mount Pleasant,493066.2888,5456069.2897
Mischief,2017,10,4,8,0,44XX ARBUTUS ST,Arbutus Ridge,488837.9062,5454811.4039
Mischief,2017,11,16,19,45,44XX DUMFRIES ST,Kensington-Cedar Cottage,494657.466,5454736.3221
Mischief,2017,12,8,8,22,44XX DUNBAR ST,Dunbar-Southlands,486512.1903,5454886.4181
Mischief,2017,1,21,10,55,44XX HAGGART ST,Arbutus Ridge,488155.8836,5454935.1515
Mischief,2017,5,8,9,0,44XX MAIN ST,Riley Park,492622.1191,5454652.4183
Mischief,2017,7,17,0,53,44XX MAIN ST,Riley Park,492632.8991,5454713.7556
Mischief,2017,8,19,22,30,44XX NANAIMO ST,Kensington-Cedar Cottage,495871.5893,5454677.5641
Mischief,2017,8,8,2,29,44XX NANAIMO ST,Renfrew-Collingwood,495880.7105,5454734.8577
Mischief,2017,4,8,19,11,44XX OAK ST,South Cambie,490713.7244,5454765.0249
Mischief,2017,10,29,10,19,44XX OAK ST,South Cambie,490713.7244,5454765.0249
Mischief,2017,10,31,0,0,44XX OSLER ST,Shaughnessy,490546.3536,5454776.5088
Mischief,2017,12,29,8,10,44XX PERRY ST,Kensington-Cedar Cottage,494809.2541,5454745.5066
Mischief,2017,5,16,18,0,44XX PERRY ST,Kensington-Cedar Cottage,494810.1034,5454781.2795
Mischief,2017,11,4,16,0,44XX RUPERT ST,Renfrew-Collingwood,497546.0946,5454727.65
Mischief,2017,7,13,21,0,44XX SOPHIA ST,Riley Park,492828.9845,5454765.1023
Mischief,2017,8,17,11,0,44XX W 10TH AVE,West Point Grey,484791.8471,5456802.1507
Mischief,2017,10,10,20,39,44XX W 10TH AVE,West Point Grey,484925.8351,5456798.7353
Mischief,2017,11,9,21,0,44XX W 10TH AVE,West Point Grey,484965.2487,5456797.7305
Mischief,2017,12,16,23,0,44XX W 12TH AVE,West Point Grey,484820.879,5456607.2451
Mischief,2017,2,14,18,30,44XX W 5TH AVE,West Point Grey,485000.3805,5457284.5327
Mischief,2017,7,5,0,0,44XX W 6TH AVE,West Point Grey,484851.4181,5457184.8459
Mischief,2017,6,14,22,0,44XX W 7TH AVE,West Point Grey,485008.5857,5457086.5181
Mischief,2017,4,7,18,30,44XX YEW ST,Arbutus Ridge,488741.816,5454931.3691
Mischief,2017,3,7,0,53,45XX ANGUS DR,Shaughnessy,489416.0828,5454754.826
Mischief,2017,1,8,2,0,45XX BELMONT AVE,West Point Grey,484740.2842,5457909.5721
Mischief,2017,1,15,3,58,45XX BOUNDARY RD,Renfrew-Collingwood,498269.3876,5454627.2787
Mischief,2017,3,29,20,30,45XX CLANCY LORANGER WAY,Riley Park,492100.003,5454511.7995
Mischief,2017,9,18,20,3,45XX CLARENDON ST,Renfrew-Collingwood,496151.1137,5454628.573
Mischief,2017,9,24,22,30,45XX CLARENDON ST,Renfrew-Collingwood,496151.1137,5454628.573
Mischief,2017,1,26,21,30,45XX HARRIET ST,Kensington-Cedar Cottage,493690.2131,5454543.9719
Mischief,2017,6,22,10,0,45XX MAGNOLIA ST,Arbutus Ridge,489101.1302,5454709.7539
Mischief,2017,7,29,7,59,45XX MAGNOLIA ST,Arbutus Ridge,489101.1302,5454709.7539
Mischief,2017,8,13,1,0,45XX MARGUERITE ST,Shaughnessy,489518.092,5454721.4135
Mischief,2017,5,14,13,0,45XX NANAIMO ST,Renfrew-Collingwood,495880.7624,5454646.8459
Mischief,2017,12,27,19,11,45XX PERRY ST,Kensington-Cedar Cottage,494807.8706,5454687.1416
Mischief,2017,12,20,21,0,45XX SLOCAN ST,Renfrew-Collingwood,496336.4087,5454568.682
Mischief,2017,10,11,21,0,45XX SLOCAN ST,Renfrew-Collingwood,496390.0065,5454647.5078
Mischief,2017,10,17,11,0,45XX SLOCAN ST,Renfrew-Collingwood,496390.0065,5454647.5078
Mischief,2017,5,13,17,45,45XX W 10TH AVE,West Point Grey,484625.7794,5456815.5142
Mischief,2017,8,5,20,0,45XX W 10TH AVE,West Point Grey,484631.7096,5456806.213
Mischief,2017,11,17,17,0,45XX W 12TH AVE,West Point Grey,484664.0606,5456601.7849
Mischief,2017,11,3,8,30,45XX W 13TH AVE,West Point Grey,484594.1361,5456503.7576
Mischief,2017,11,4,5,0,45XX W 13TH AVE,West Point Grey,484770.9614,5456499.1802
Mischief,2017,11,8,8,23,45XX W 14TH AVE,West Point Grey,484596.2967,5456412.3259
Mischief,2017,11,5,12,0,45XX W 14TH AVE,West Point Grey,484663.3233,5456401.4142
Mischief,2017,11,6,16,0,45XX W 14TH AVE,West Point Grey,484667.5275,5456401.3035
Mischief,2017,11,3,18,0,45XX W 14TH AVE,West Point Grey,484714.0143,5456409.227
Mischief,2017,10,23,21,30,45XX W 14TH AVE,West Point Grey,484768.4283,5456398.6473
Mischief,2017,11,3,17,0,45XX W 14TH AVE,West Point Grey,484768.4283,5456398.6473
Mischief,2017,3,1,15,0,45XX W 15TH AVE,West Point Grey,484635.5591,5456309.7771
Mischief,2017,5,28,2,20,45XX WINDSOR ST,Kensington-Cedar Cottage,493888.8252,5454541.7932
Mischief,2017,7,5,22,0,45XX WINDSOR ST,Kensington-Cedar Cottage,493892.2055,5454651.3564
Mischief,2017,3,6,22,0,46XX BELMONT AVE,West Point Grey,484472.3595,5457916.5496
Mischief,2017,3,7,20,44,46XX CLARENDON ST,Renfrew-Collingwood,496061.0535,5454464.0468
Mischief,2017,9,17,16,37,46XX CULLODEN ST,Kensington-Cedar Cottage,494251.1653,5454497.7243
Mischief,2017,2,13,1,20,46XX CULLODEN ST,Kensington-Cedar Cottage,494251.7102,5454524.3168
Mischief,2017,5,4,22,0,46XX DRUMMOND DR,West Point Grey,484422.2348,5457723.172
Mischief,2017,5,4,22,0,46XX DRUMMOND DR,West Point Grey,484466.0588,5457651.4667
Mischief,2017,12,19,15,11,46XX EARLES ST,Renfrew-Collingwood,496811.4632,5454444.1096
Mischief,2017,5,13,0,0,46XX EARLES ST,Renfrew-Collingwood,496815.2129,5454450.1006
Mischief,2017,4,29,14,30,46XX NANAIMO ST,Kensington-Cedar Cottage,495861.7329,5454492.1833
Mischief,2017,5,17,8,1,46XX ONTARIO ST,Riley Park,492333.924,5454500.6743
Mischief,2017,9,6,9,17,46XX ONTARIO ST,Riley Park,492333.924,5454500.6743
Mischief,2017,10,16,23,0,46XX PICTON ST,Renfrew-Collingwood,497045.7417,5454456.4589
Mischief,2017,10,20,21,35,46XX RAVINE ST,Renfrew-Collingwood,496615.5384,5454456.69
Mischief,2017,7,9,19,0,46XX REID ST,Renfrew-Collingwood,497342.4054,5454514.6472
Mischief,2017,8,27,23,20,46XX RUPERT ST,Renfrew-Collingwood,497382.8839,5454428.3221
Mischief,2017,10,1,21,0,46XX RUPERT ST,Renfrew-Collingwood,497453.7902,5454525.4073
Mischief,2017,6,19,23,30,46XX SLOCAN ST,Renfrew-Collingwood,496300.3643,5454495.9887
Mischief,2017,12,16,14,0,46XX VALLEY DR,Arbutus Ridge,488933.8834,5454645.6931
Mischief,2017,6,17,2,0,46XX VICTORIA DR,Kensington-Cedar Cottage,495255.3341,5454519.5773
Mischief,2017,12,14,22,0,46XX VICTORIA DR,Kensington-Cedar Cottage,495256.6263,5454582.7628
Mischief,2017,4,17,17,0,46XX W 10TH AVE,West Point Grey,484446.0338,5456811.1674
Mischief,2017,6,24,17,0,46XX W 10TH AVE,West Point Grey,484446.0338,5456811.1674
Mischief,2017,4,11,16,10,46XX W 12TH AVE,West Point Grey,484355.7917,5456618.1979
Mischief,2017,6,28,22,0,46XX W 12TH AVE,West Point Grey,484450.6148,5456615.964
Mischief,2017,10,28,22,30,46XX W 15TH AVE,West Point Grey,484443.1955,5456305.9878
Mischief,2017,10,22,22,30,46XX W 15TH AVE,West Point Grey,484546.1609,5456303.1068
Mischief,2017,9,13,12,0,46XX W 9TH AVE,West Point Grey,484562.0161,5456905.5968
Mischief,2017,12,24,16,0,47XX BEATRICE ST,Kensington-Cedar Cottage,495155.2169,5454441.3101
Mischief,2017,8,14,17,16,47XX FAIRMONT ST,Renfrew-Collingwood,496931.9381,5454334.0461
Mischief,2017,4,8,9,0,47XX HUDSON ST,Shaughnessy,490152.4777,5454518.2316
Mischief,2017,2,2,0,0,47XX NANAIMO ST,Renfrew-Collingwood,495812.6933,5454397.2156
Mischief,2017,8,10,16,0,47XX OSLER ST,Shaughnessy,490537.1789,5454429.9292
Mischief,2017,8,27,23,0,47XX REID ST,Renfrew-Collingwood,497294.4281,5454437.9222
Mischief,2017,9,18,9,16,47XX SLOCAN ST,Renfrew-Collingwood,496226.903,5454394.7192
Mischief,2017,9,23,8,54,47XX SLOCAN ST,Renfrew-Collingwood,496226.903,5454394.7192
Mischief,2017,10,20,14,21,47XX SLOCAN ST,Renfrew-Collingwood,496233.4427,5454388.0748
Mischief,2017,2,12,11,36,47XX ST CATHERINES ST,Kensington-Cedar Cottage,493745.2765,5454373.7731
Mischief,2017,11,28,16,0,47XX ST CATHERINES ST,Kensington-Cedar Cottage,493745.2765,5454373.7731
Mischief,2017,6,6,0,0,47XX VALLEY DR,Arbutus Ridge,489031.8051,5454525.2387
Mischief,2017,9,11,19,0,47XX W 2ND AVE,West Point Grey,484351.4186,5457649.1683
Mischief,2017,5,10,11,5,48XX BALDWIN ST,Kensington-Cedar Cottage,495693.8962,5454391.9161
Mischief,2017,3,31,19,30,48XX BEATRICE ST,Kensington-Cedar Cottage,495158.2205,5454301.8404
Mischief,2017,12,15,7,18,48XX CLARENDON ST,Renfrew-Collingwood,496025.8158,5454174.0348
Mischief,2017,1,31,0,30,48XX CLARENDON ST,Renfrew-Collingwood,496025.8215,5454174.8791
Mischief,2017,2,25,20,15,48XX CLARENDON ST,Renfrew-Collingwood,496025.8215,5454174.8791
Mischief,2017,5,14,21,30,48XX CLARENDON ST,Renfrew-Collingwood,496025.8215,5454174.8791
Mischief,2017,10,14,12,39,48XX DUCHESS ST,Renfrew-Collingwood,496317.8836,5454247.3891
Mischief,2017,3,17,17,0,48XX DUCHESS ST,Renfrew-Collingwood,496343.3085,5454259.5994
Mischief,2017,9,7,18,0,48XX DUCHESS ST,Renfrew-Collingwood,496343.3085,5454259.5994
Mischief,2017,12,9,9,30,48XX DUMFRIES ST,Kensington-Cedar Cottage,494647.9356,5454314.82
Mischief,2017,10,6,21,0,48XX EARLES ST,Renfrew-Collingwood,496646.0931,5454197.153
Mischief,2017,5,5,15,45,48XX ELGIN ST,Kensington-Cedar Cottage,493967.1939,5454273.7378
Mischief,2017,5,13,19,0,48XX ELM ST,Arbutus Ridge,488056.4738,5454419.4819
Mischief,2017,12,12,6,30,48XX FLEMING ST,Kensington-Cedar Cottage,494740.6956,5454306.559
Mischief,2017,11,17,20,30,48XX JOYCE ST,Renfrew-Collingwood,497816.5967,5454147.5595
Mischief,2017,12,18,0,0,48XX JOYCE ST,Renfrew-Collingwood,497911.7887,5454299.9794
Mischief,2017,9,6,19,6,48XX JOYCE ST,Renfrew-Collingwood,497927.3721,5454325.0151
Mischief,2017,12,26,23,52,48XX MAIN ST,Riley Park,492612.0783,5454313.2098
Mischief,2017,10,9,2,58,48XX MOSS ST,Renfrew-Collingwood,496840.9298,5454323.1806
Mischief,2017,3,24,21,45,48XX ONTARIO ST,Riley Park,492327.031,5454240.0067
Mischief,2017,10,16,0,0,48XX ONTARIO ST,Riley Park,492327.031,5454240.0067
Mischief,2017,11,1,18,0,48XX RUPERT ST,Renfrew-Collingwood,497297.1549,5454274.283
Mischief,2017,4,20,16,0,48XX SLOCAN ST,Renfrew-Collingwood,496114.3235,5454205.1007
Mischief,2017,9,6,3,0,49XX CHESTER ST,Kensington-Cedar Cottage,493505.9587,5454132.7991
Mischief,2017,9,14,11,0,49XX GRANVILLE ST,Shaughnessy,489863.3806,5454284.4801
Mischief,2017,6,1,0,0,49XX MAIN ST,Riley Park,492607.1633,5454142.019
Mischief,2017,8,21,0,0,49XX MAIN ST,Riley Park,492607.1633,5454142.019
Mischief,2017,7,15,0,0,49XX PINE CRES,Shaughnessy,489319.4876,5454365.4739
Mischief,2017,8,16,21,0,49XX PRINCE ALBERT ST,Kensington-Cedar Cottage,493592.4843,5454067.8165
Mischief,2017,1,9,23,30,49XX RUBY ST,Renfrew-Collingwood,498095.09,5454112.4903
Mischief,2017,7,21,23,0,49XX SOMERVILLE ST,Kensington-Cedar Cottage,493764.3757,5454168.3548
Mischief,2017,4,16,22,0,49XX WINDSOR ST,Kensington-Cedar Cottage,493847.7921,5454167.3621
Mischief,2017,2,18,3,15,4X BLOOD ALLEY SQ,Central Business District,492356.7179,5458923.8754
Mischief,2017,12,1,12,0,4X E 13TH AVE,Mount Pleasant,492419.045,5456287.1474
Mischief,2017,3,20,18,0,4X E 6TH AVE,Mount Pleasant,492439.8727,5456986.1144
Mischief,2017,5,16,22,13,4X E HASTINGS ST,Central Business District,492474.6649,5458741.8546
Mischief,2017,5,23,19,0,4X E HASTINGS ST,Central Business District,492474.6649,5458741.8546
Mischief,2017,6,3,21,0,4X E KING EDWARD AVE,Riley Park,492428.6998,5455126.1384
Mischief,2017,1,9,6,25,4X POWELL ST,Central Business District,492489.5428,5458955.1999
Mischief,2017,11,13,18,0,4X POWELL ST,Central Business District,492492.0356,5458955.1217
Mischief,2017,7,30,21,42,4X W CORDOVA ST,Central Business District,492328.0833,5458889.8094
Mischief,2017,8,29,20,0,4X W CORDOVA ST,Central Business District,492328.0833,5458889.8094
Mischief,2017,11,22,21,58,4X W CORDOVA ST,Central Business District,492335.1304,5458887.6741
Mischief,2017,10,29,0,10,4XX ABBOTT ST,Central Business District,492183.6983,5458754.3419
Mischief,2017,8,27,13,49,4XX ABBOTT ST,Central Business District,492195.1974,5458796.3429
Mischief,2017,4,11,12,0,4XX ABBOTT ST,Central Business District,492202.3297,5458787.7659
Mischief,2017,5,5,9,4,4XX ABBOTT ST,Central Business District,492202.3297,5458787.7659
Mischief,2017,9,25,2,29,4XX ABBOTT ST,Central Business District,492206.3827,5458802.571
Mischief,2017,4,30,2,18,4XX ABBOTT ST,Central Business District,492207.9535,5458808.3072
Mischief,2017,2,18,6,38,4XX ALEXANDER ST,Strathcona,493073.9211,5459029.0818
Mischief,2017,6,15,2,0,4XX BEACH CRES,Central Business District,490683.8821,5457746.0883
Mischief,2017,5,13,1,30,4XX BEACH CRES,Central Business District,490763.9983,5457656.8307
Mischief,2017,4,15,18,20,4XX BROUGHTON ST,Central Business District,490802.5726,5459717.9552
Mischief,2017,9,1,8,10,4XX BROUGHTON ST,Central Business District,490806.5623,5459722.0839
Mischief,2017,10,15,8,30,4XX BROUGHTON ST,Central Business District,490823.9994,5459740.1313
Mischief,2017,5,6,8,32,4XX BROUGHTON ST,Central Business District,490825.4475,5459741.6301
Mischief,2017,3,13,17,59,4XX BURRARD ST,Central Business District,491495.7649,5459381.6396
Mischief,2017,3,27,6,0,4XX BURRARD ST,Central Business District,491495.7649,5459381.6396
Mischief,2017,6,1,8,46,4XX CAMPBELL AVE,Strathcona,493837.079,5458696.9422
Mischief,2017,12,18,22,55,4XX CAMPBELL AVE,Strathcona,493837.079,5458696.9422
Mischief,2017,4,13,6,33,4XX CARRALL ST,Central Business District,492406.8333,5458727.419
Mischief,2017,9,4,20,41,4XX CARRALL ST,Central Business District,492413.4846,5458656.8264
Mischief,2017,5,30,14,13,4XX CARRALL ST,Central Business District,492415.8292,5458723.3589
Mischief,2017,9,18,20,46,4XX CARRALL ST,Central Business District,492416.8196,5458749.3415
Mischief,2017,9,17,4,26,4XX COLUMBIA ST,Central Business District,492557.6565,5458709.2128
Mischief,2017,5,29,2,0,4XX COLUMBIA ST,Central Business District,492557.6674,5458711.0479
Mischief,2017,2,1,1,47,4XX COLUMBIA ST,Central Business District,492566.9278,5458730.7117
Mischief,2017,5,8,19,0,4XX COMMERCIAL DR,Grandview-Woodland,494884.4005,5458722.1665
Mischief,2017,10,28,21,0,4XX DAVIE ST,Central Business District,491014.6337,5458073.8986
Mischief,2017,11,20,13,6,4XX DAVIE ST,Central Business District,491026.4436,5458062.0425
Mischief,2017,5,29,15,14,4XX DRAKE ST,Central Business District,490911.3756,5457946.2841
Mischief,2017,9,2,19,0,4XX DUNLEVY AVE,Strathcona,493065.6364,5458727.1092
Mischief,2017,11,3,9,33,4XX DUNSMUIR ST,Central Business District,491737.5694,5458796.8651
Mischief,2017,2,15,4,49,4XX E 10TH AVE,Mount Pleasant,493049.0345,5456532.3685
Mischief,2017,1,28,1,1,4XX E 10TH AVE,Mount Pleasant,493070.3878,5456538.1257
Mischief,2017,2,11,21,32,4XX E 11TH AVE,Mount Pleasant,493005.328,5456434.9286
Mischief,2017,8,20,9,40,4XX E 15TH AVE,Mount Pleasant,492987.9132,5456074.6327
Mischief,2017,12,19,2,0,4XX E 15TH AVE,Mount Pleasant,493062.5566,5456069.5441
Mischief,2017,2,2,16,0,4XX E 15TH AVE,Mount Pleasant,493099.0048,5456067.0591
Mischief,2017,10,24,23,26,4XX E 17TH AVE,Riley Park,493050.9055,5455869.9992
Mischief,2017,11,27,16,30,4XX E 19TH AVE,Riley Park,493014.509,5455679.9791
Mischief,2017,4,25,22,0,4XX E 20TH AVE,Riley Park,493133.2769,5455577.2735
Mischief,2017,9,25,17,0,4XX E 24TH AVE,Riley Park,492999.2491,5455178.6986
Mischief,2017,7,29,22,23,4XX E 34TH AVE,Riley Park,492945.5731,5454092.5423
Mischief,2017,6,13,0,0,4XX E 38TH AVE,Riley Park,493080.7405,5453714.0907
Mischief,2017,5,28,23,45,4XX E 43RD AVE,Sunset,492924.8247,5453146.1709
Mischief,2017,6,29,23,0,4XX E 47TH AVE,Sunset,492937.363,5452753.6063
Mischief,2017,7,7,18,0,4XX E 49TH AVE,Sunset,493075.3216,5452537.8031
Mischief,2017,6,3,22,36,4XX E 49TH AVE,Sunset,493084.9162,5452537.5231
Mischief,2017,12,23,21,0,4XX E 50TH AVE,Sunset,493056.9146,5452423.8211
Mischief,2017,3,8,21,0,4XX E 55TH AVE,Sunset,492897.1269,5451920.2562
Mischief,2017,9,27,20,30,4XX E 56TH AVE,Sunset,493040.3753,5451823.5932
Mischief,2017,4,2,22,45,4XX E 57TH AVE,Sunset,493041.4202,5451729.3311
Mischief,2017,3,5,23,12,4XX E 60TH AVE,Sunset,492878.2912,5451442.0122
Mischief,2017,10,28,9,36,4XX E 63RD AVE,Sunset,492876.3076,5451181.9687
Mischief,2017,11,11,11,29,4XX E 63RD AVE,Sunset,492876.3076,5451181.9687
Mischief,2017,6,26,0,0,4XX E 63RD AVE,Sunset,492970.7775,5451172.6522
Mischief,2017,8,28,6,50,4XX E 6TH AVE,Mount Pleasant,493111.3625,5456944.6467
Mischief,2017,5,30,13,51,4XX E BROADWAY AVE,Mount Pleasant,493088.8073,5456639.3913
Mischief,2017,9,24,17,0,4XX E BROADWAY AVE,Mount Pleasant,493098.5306,5456639.1242
Mischief,2017,8,17,20,45,4XX E BROADWAY AVE,Mount Pleasant,493109.3861,5456639.0004
Mischief,2017,3,16,13,18,4XX E BROADWAY AVE,Mount Pleasant,493188.2489,5456647.245
Mischief,2017,3,25,9,2,4XX E CORDOVA ST,Strathcona,493071.284,5458827.6703
Mischief,2017,9,7,7,0,4XX E CORDOVA ST,Strathcona,493071.284,5458827.6703
Mischief,2017,10,5,7,55,4XX E CORDOVA ST,Strathcona,493071.284,5458827.6703
Mischief,2017,12,26,0,47,4XX E CORDOVA ST,Strathcona,493097.7514,5458827.0635
Mischief,2017,3,17,4,30,4XX E HASTINGS ST,Strathcona,493068.3246,5458733.2572
Mischief,2017,5,2,2,42,4XX E HASTINGS ST,Strathcona,493068.3246,5458733.2572
Mischief,2017,8,8,23,0,4XX E HASTINGS ST,Strathcona,493068.3246,5458733.2572
Mischief,2017,9,7,18,0,4XX E HASTINGS ST,Strathcona,493068.3246,5458733.2572
Mischief,2017,7,2,5,25,4XX E HASTINGS ST,Strathcona,493134.3333,5458722.1354
Mischief,2017,11,21,11,26,4XX E KING EDWARD AVE,Riley Park,493099.8253,5455111.4515
Mischief,2017,3,17,12,55,4XX E PENDER ST,Strathcona,493065.4797,5458615.6264
Mischief,2017,2,5,9,50,4XX GORE AVE,Strathcona,492916.0776,5458732.1754
Mischief,2017,4,24,11,52,4XX GRANVILLE ST,Central Business District,491645.6423,5459110.6221
Mischief,2017,1,2,10,0,4XX GRANVILLE ST,Central Business District,491666.7587,5459118.8959
Mischief,2017,3,15,5,31,4XX GREAT NORTHERN WAY,Strathcona,493046.8736,5457125.9694
Mischief,2017,12,30,21,0,4XX HAMILTON ST,Central Business District,492004.9582,5458892.4757
Mischief,2017,5,10,20,3,4XX HAWKS AVE,Strathcona,493665.0438,5458702.0635
Mischief,2017,3,27,0,18,4XX HAWKS AVE,Strathcona,493665.1875,5458706.1097
Mischief,2017,9,15,19,30,4XX HAWKS AVE,Strathcona,493665.1875,5458706.1097
Mischief,2017,7,1,0,0,4XX HELMCKEN ST,Central Business District,491082.8346,5458238.5831
Mischief,2017,4,24,16,5,4XX HOMER ST,Central Business District,491933.9949,5458963.7702
Mischief,2017,10,2,17,21,4XX HOMER ST,Central Business District,491933.9949,5458963.7702
Mischief,2017,4,13,18,30,4XX HORNBY ST,Central Business District,491576.3205,5459316.5936
Mischief,2017,8,30,12,36,4XX HOWE ST,Central Business District,491602.6147,5459198.5262
Mischief,2017,11,26,7,0,4XX HOWE ST,Central Business District,491602.6147,5459198.5262
Mischief,2017,12,6,17,0,4XX HOWE ST,Central Business District,491649.6035,5459248.795
Mischief,2017,6,26,21,8,4XX INDUSTRIAL AVE,Strathcona,493063.9317,5457415.4665
Mischief,2017,3,15,22,0,4XX INTERURBAN WAY,Marpole,491498.384,5450698.2924
Mischief,2017,8,29,12,0,4XX INTERURBAN WAY,Marpole,491510.4969,5450706.2995
Mischief,2017,4,4,13,31,4XX JACKSON AVE,Strathcona,493199.8144,5458703.8809
Mischief,2017,4,5,4,6,4XX JACKSON AVE,Strathcona,493199.8144,5458703.8809
Mischief,2017,3,31,5,0,4XX KEEFER ST,Strathcona,493066.0803,5458515.9829
Mischief,2017,3,7,0,2,4XX KEEFER ST,Strathcona,493123.797,5458514.2481
Mischief,2017,11,17,12,50,4XX KINGSWAY AVE,Mount Pleasant,493190.9465,5456139.9197
Mischief,2017,4,18,17,0,4XX MAIN ST,Central Business District,492744.7511,5458688.8773
Mischief,2017,3,14,17,42,4XX MAIN ST,Central Business District,492745.1677,5458732.0569
Mischief,2017,5,8,19,0,4XX MAIN ST,Central Business District,492745.1677,5458732.0569
Mischief,2017,2,19,15,54,4XX MAIN ST,Strathcona,492754.3319,5458734.1167
Mischief,2017,6,15,12,37,4XX MAIN ST,Strathcona,492754.3319,5458734.1167
Mischief,2017,7,13,5,56,4XX MAIN ST,Strathcona,492754.3319,5458734.1167
Mischief,2017,8,26,2,32,4XX MAIN ST,Strathcona,492754.3319,5458734.1167
Mischief,2017,10,18,9,42,4XX MAIN ST,Strathcona,492754.3319,5458734.1167
Mischief,2017,10,7,2,34,4XX NELSON ST,Central Business District,491260.6091,5458292.7173
Mischief,2017,9,7,17,30,4XX POWELL ST,Strathcona,493071.1268,5458928.3353
Mischief,2017,11,22,18,35,4XX POWELL ST,Strathcona,493074.1676,5458937.3924
Mischief,2017,3,22,23,0,4XX POWELL ST,Strathcona,493192.891,5458924.6924
Mischief,2017,6,22,16,36,4XX POWELL ST,Strathcona,493192.891,5458924.6924
Mischief,2017,4,15,21,0,4XX PRIOR ST,Strathcona,493051.494,5458215.2133
Mischief,2017,5,19,23,30,4XX PRIOR ST,Strathcona,493051.494,5458215.2133
Mischief,2017,10,2,23,42,4XX RAYMUR AVE,Strathcona,494007.534,5458692.8755
Mischief,2017,5,10,23,21,4XX ROBSON ST,Central Business District,491439.3401,5458583.1616
Mischief,2017,5,13,4,46,4XX ROBSON ST,Central Business District,491439.3401,5458583.1616
Mischief,2017,8,17,23,53,4XX ROBSON ST,Central Business District,491457.6285,5458577.9599
Mischief,2017,11,24,4,42,4XX ROBSON ST,Central Business District,491457.6285,5458577.9599
Mischief,2017,3,9,3,0,4XX SE MARINE DR,Sunset,492871.0495,5450892.9061
Mischief,2017,5,10,9,24,4XX SEMLIN DR,Grandview-Woodland,495375.2997,5458644.5433
Mischief,2017,1,31,17,0,4XX SEYMOUR ST,Central Business District,491759.3721,5459080.529
Mischief,2017,7,27,18,0,4XX SEYMOUR ST,Central Business District,491759.3721,5459080.529
Mischief,2017,8,23,21,0,4XX SEYMOUR ST,Central Business District,491759.3721,5459080.529
Mischief,2017,8,26,19,0,4XX SEYMOUR ST,Central Business District,491759.3721,5459080.529
Mischief,2017,9,4,19,0,4XX SEYMOUR ST,Central Business District,491759.3721,5459080.529
Mischief,2017,12,9,18,0,4XX SEYMOUR ST,Central Business District,491759.3721,5459080.529
Mischief,2017,12,10,16,0,4XX SEYMOUR ST,Central Business District,491759.3721,5459080.529
Mischief,2017,2,10,20,0,4XX SEYMOUR ST,Central Business District,491766.2341,5459087.4573
Mischief,2017,9,4,23,26,4XX SEYMOUR ST,Central Business District,491767.2414,5459075.4801
Mischief,2017,12,4,19,30,4XX SEYMOUR ST,Central Business District,491792.3219,5459100.803
Mischief,2017,12,12,13,30,4XX SW MARINE DR,Marpole,491509.2162,5450861.6428
Mischief,2017,6,14,20,20,4XX SW MARINE DR,Marpole,491547.2632,5450856.636
Mischief,2017,7,15,12,0,4XX SW MARINE DR,Marpole,491617.3945,5450898.8702
Mischief,2017,7,22,21,0,4XX TEMPLETON DR,Grandview-Woodland,495657.9236,5458713.3311
Mischief,2017,9,17,7,0,4XX TERMINAL AVE,Strathcona,493127.9789,5457693.1965
Mischief,2017,9,17,7,6,4XX TERMINAL AVE,Strathcona,493127.9789,5457693.1965
Mischief,2017,2,2,17,49,4XX UNION ST,Strathcona,493055.4291,5458314.8485
Mischief,2017,3,30,23,0,4XX UNION ST,Strathcona,493055.4291,5458314.8485
Mischief,2017,8,24,22,30,4XX UNION ST,Strathcona,493079.856,5458314.177
Mischief,2017,10,31,21,30,4XX UNION ST,Strathcona,493117.8534,5458313.1323
Mischief,2017,10,31,22,0,4XX UNION ST,Strathcona,493117.8534,5458313.1323
Mischief,2017,4,17,1,47,4XX UNION ST,Strathcona,493161.2789,5458311.9384
Mischief,2017,11,19,0,0,4XX UNION ST,Strathcona,493161.2789,5458311.9384
Mischief,2017,11,26,9,24,4XX UNION ST,Strathcona,493161.2789,5458311.9384
Mischief,2017,12,9,18,0,4XX UNION ST,Strathcona,493161.2789,5458311.9384
Mischief,2017,5,10,8,20,4XX W 12TH AVE,Mount Pleasant,491704.7784,5456413.6287
Mischief,2017,4,12,16,44,4XX W 13TH AVE,Mount Pleasant,491693.1891,5456297.4844
Mischief,2017,12,8,20,0,4XX W 23RD AVE,Riley Park,491750.4738,5455258.0519
Mischief,2017,3,7,0,25,4XX W 26TH AVE,Riley Park,491826.679,5455013.6099
Mischief,2017,12,7,21,30,4XX W 28TH AVE,Riley Park,491640.014,5454824.0802
Mischief,2017,10,21,21,0,4XX W 39TH AVE,Riley Park,491565.058,5453633.5229
Mischief,2017,1,10,16,17,4XX W 48TH AVE,Oakridge,491615.3946,5452687.8426
Mischief,2017,7,27,2,0,4XX W 49TH AVE,Oakridge,491650.1452,5452582.7269
Mischief,2017,4,12,18,55,4XX W 7TH AVE,Mount Pleasant,491700.7093,5456910.5743
Mischief,2017,9,14,19,32,4XX W 8TH AVE,Mount Pleasant,491666.2208,5456814.193
Mischief,2017,8,9,21,43,4XX W 8TH AVE,Mount Pleasant,491673.8107,5456811.6893
Mischief,2017,12,14,6,0,4XX W 8TH AVE,Mount Pleasant,491751.9104,5456806.0992
Mischief,2017,5,1,9,30,4XX W CORDOVA ST,Central Business District,491964.6524,5459073.8979
Mischief,2017,5,10,11,50,4XX W CORDOVA ST,Central Business District,491964.6524,5459073.8979
Mischief,2017,10,23,9,29,4XX W GEORGIA ST,Central Business District,491558.8499,5458721.2624
Mischief,2017,11,15,10,23,4XX W GEORGIA ST,Central Business District,491570.7982,5458709.4224
Mischief,2017,2,4,2,26,4XX W GEORGIA ST,Central Business District,491604.1977,5458663.4529
Mischief,2017,2,27,21,3,4XX W GEORGIA ST,Central Business District,491620.6378,5458660.035
Mischief,2017,3,4,18,0,4XX W GEORGIA ST,Central Business District,491620.6378,5458660.035
Mischief,2017,4,3,1,13,4XX W GEORGIA ST,Central Business District,491620.6378,5458660.035
Mischief,2017,6,22,14,27,4XX W GEORGIA ST,Central Business District,491620.6378,5458660.035
Mischief,2017,6,21,23,0,4XX W HASTINGS ST,Central Business District,491917.3483,5458976.199
Mischief,2017,1,11,5,30,4XX W HASTINGS ST,Central Business District,491926.527,5458967.0093
Mischief,2017,2,2,21,29,4XX W HASTINGS ST,Central Business District,491931.5864,5458974.8833
Mischief,2017,2,17,17,56,4XX W KING EDWARD AVE,Riley Park,491624.6947,5455152.5066
Mischief,2017,5,6,22,2,4XX W KING EDWARD AVE,Riley Park,491624.6947,5455152.5066
Mischief,2017,1,16,22,15,4XX W PENDER ST,Central Business District,491838.7072,5458925.524
Mischief,2017,1,8,9,9,4XX W PENDER ST,Central Business District,491843.6078,5458920.3151
Mischief,2017,3,29,11,30,4XX W WATERFRONT RD,Central Business District,492101.6873,5459256.961
Mischief,2017,6,22,22,0,4XX W WATERFRONT RD,Central Business District,492129.976,5459234.6622
Mischief,2017,3,10,21,0,50XX ANGUS DR,Shaughnessy,489414.306,5454223.2635
Mischief,2017,2,26,3,42,50XX BOUNDARY RD,Renfrew-Collingwood,498279.579,5453973.6891
Mischief,2017,4,26,21,0,50XX BOUNDARY RD,Renfrew-Collingwood,498279.579,5453973.6891
Mischief,2017,7,15,22,0,50XX BOUNDARY RD,Renfrew-Collingwood,498279.579,5453973.6891
Mischief,2017,12,17,18,30,50XX CAMBIE ST,Riley Park,491458.6638,5454118.9223
Mischief,2017,6,5,21,0,50XX CARNARVON ST,Dunbar-Southlands,487412.413,5454300.8753
Mischief,2017,1,31,14,7,50XX CHATHAM ST,Renfrew-Collingwood,497048.9555,5454048.9053
Mischief,2017,5,12,19,0,50XX CHESTER ST,Kensington-Cedar Cottage,493513.7777,5454055.1555
Mischief,2017,3,28,10,0,50XX CLARENDON ST,Renfrew-Collingwood,495968.4527,5453995.0055
Mischief,2017,11,2,14,26,50XX CONNAUGHT DR,Shaughnessy,489625.0618,5454192.039
Mischief,2017,11,9,0,0,50XX CYPRESS ST,Arbutus Ridge,489179.8185,5454219.4139
Mischief,2017,11,13,23,0,50XX EARLES ST,Renfrew-Collingwood,496527.7917,5454007.4505
Mischief,2017,12,18,18,42,50XX FRASER ST,Kensington-Cedar Cottage,493425.146,5454055.9219
Mischief,2017,8,28,3,46,50XX HIGHGATE ST,Renfrew-Collingwood,495796.8074,5453964.5694
Mischief,2017,4,26,23,21,50XX JOYCE ST,Renfrew-Collingwood,497678.4808,5453944.5139
Mischief,2017,1,13,17,0,50XX MACDONALD ST,Arbutus Ridge,487774.3399,5454298.7309
Mischief,2017,11,13,20,0,50XX MOSS ST,Renfrew-Collingwood,496666.3913,5454025.1711
Mischief,2017,7,26,18,0,51XX BALACLAVA ST,Dunbar-Southlands,487209.9911,5454198.567
Mischief,2017,7,28,9,30,51XX BALACLAVA ST,Dunbar-Southlands,487209.9911,5454198.567
Mischief,2017,5,5,15,30,51XX CAMBIE ST,South Cambie,491502.49,5454014.1595
Mischief,2017,9,22,10,45,51XX CAMBIE ST,Riley Park,491555.9783,5453978.6604
Mischief,2017,4,22,12,13,51XX CLARENDON ST,Renfrew-Collingwood,495967.1246,5453922.2363
Mischief,2017,8,16,8,0,51XX CONNAUGHT DR,Shaughnessy,489620.6325,5454097.0113
Mischief,2017,8,17,21,0,51XX CONNAUGHT DR,Shaughnessy,489632.9424,5454142.6498
Mischief,2017,1,28,0,30,51XX DUNBAR ST,Dunbar-Southlands,486520.3953,5454156.6514
Mischief,2017,9,17,0,0,51XX FAIRMONT ST,Renfrew-Collingwood,496721.728,5453962.1254
Mischief,2017,9,13,10,0,51XX GRANVILLE ST,Shaughnessy,489858.2402,5454047.8974
Mischief,2017,5,24,21,0,51XX JOYCE ST,Renfrew-Collingwood,497652.6935,5453887.6302
Mischief,2017,5,24,17,0,51XX JOYCE ST,Renfrew-Collingwood,497653.3585,5453886.8261
Mischief,2017,7,19,0,24,51XX JOYCE ST,Renfrew-Collingwood,497675.1419,5453939.1556
Mischief,2017,11,13,16,45,51XX RUPERT ST,Renfrew-Collingwood,497092.6486,5453952.8593
Mischief,2017,4,6,8,51,51XX SPENCER ST,Renfrew-Collingwood,497211.3068,5453948.0663
Mischief,2017,6,27,0,0,51XX WALES ST,Renfrew-Collingwood,496228.9701,5453866.3183
Mischief,2017,10,13,8,0,52XX BURSILL ST,Renfrew-Collingwood,496845.8344,5453805.4932
Mischief,2017,2,28,22,0,52XX EAST BLVD,Shaughnessy,488729.0379,5454032.8994
Mischief,2017,11,28,3,0,52XX FRASER ST,Kensington-Cedar Cottage,493421.7981,5453853.8
Mischief,2017,10,14,19,0,52XX JOYCE ST,Renfrew-Collingwood,497585.7485,5453798.6783
Mischief,2017,7,29,13,0,52XX OAK ST,Shaughnessy,490680.7465,5453855.8833
Mischief,2017,6,8,6,29,52XX RUPERT ST,Renfrew-Collingwood,496998.3774,5453803.6035
Mischief,2017,12,16,23,0,52XX RUPERT ST,Renfrew-Collingwood,497002.5488,5453827.2947
Mischief,2017,4,22,21,0,52XX YEW ST,Arbutus Ridge,488491.4982,5454056.3303
Mischief,2017,4,22,22,0,52XX YEW ST,Arbutus Ridge,488491.4982,5454056.3303
Mischief,2017,11,19,1,10,53XX CULLODEN ST,Kensington-Cedar Cottage,494295.9799,5453737.6903
Mischief,2017,6,2,18,0,53XX CULLODEN ST,Kensington-Cedar Cottage,494304.7754,5453721.7896
Mischief,2017,4,26,15,54,53XX FRASER ST,Kensington-Cedar Cottage,493417.2722,5453677.4179
Mischief,2017,12,1,1,15,53XX JOYCE ST,Renfrew-Collingwood,497520.598,5453706.3789
Mischief,2017,11,2,21,7,53XX JOYCE ST,Renfrew-Collingwood,497539.4848,5453735.469
Mischief,2017,2,18,3,0,53XX JOYCE ST,Renfrew-Collingwood,497540.6314,5453708.9223
Mischief,2017,6,24,10,30,53XX JOYCE ST,Renfrew-Collingwood,497540.6314,5453708.9223
Mischief,2017,1,23,4,47,53XX MCHARDY ST,Renfrew-Collingwood,497211.817,5453661.3728
Mischief,2017,7,21,22,42,53XX OBEN ST,Renfrew-Collingwood,498077.3464,5453622.1354
Mischief,2017,9,7,20,0,53XX OBEN ST,Renfrew-Collingwood,498077.3464,5453622.1354
Mischief,2017,6,2,17,0,53XX RHODES ST,Renfrew-Collingwood,496344.0587,5453682.9037
Mischief,2017,12,17,20,0,53XX TYNE ST,Renfrew-Collingwood,497787.4955,5453604.2349
Mischief,2017,7,24,13,33,53XX VICTORIA DR,Kensington-Cedar Cottage,495239.5247,5453742.7651
Mischief,2017,10,12,22,15,54XX ALBERTA ST,Riley Park,491757.0186,5453746.9217
Mischief,2017,6,27,0,0,54XX CECIL ST,Renfrew-Collingwood,497327.2389,5453550.2872
Mischief,2017,1,23,4,20,54XX CECIL ST,Renfrew-Collingwood,497348.1139,5453582.7727
Mischief,2017,10,14,18,40,54XX CECIL ST,Renfrew-Collingwood,497397.4877,5453659.6094
Mischief,2017,1,1,1,0,54XX FLEMING ST,Kensington-Cedar Cottage,494702.5095,5453579.3315
Mischief,2017,3,1,0,0,54XX FLEMING ST,Kensington-Cedar Cottage,494702.5095,5453579.3315
Mischief,2017,3,17,9,0,54XX FLEMING ST,Kensington-Cedar Cottage,494704.2452,5453656.9569
Mischief,2017,8,16,17,0,54XX GRANVILLE ST,Shaughnessy,489848.8491,5453822.2715
Mischief,2017,5,6,21,6,54XX LARCH ST,Arbutus Ridge,488165.2794,5453867.0138
Mischief,2017,9,2,23,0,54XX MANSON ST,South Cambie,491311.2914,5453697.9566
Mischief,2017,4,11,22,0,54XX OSLER ST,Shaughnessy,490520.0576,5453786.9157
Mischief,2017,8,31,15,0,55XX BALSAM ST,Arbutus Ridge,488253.4025,5453701.0784
Mischief,2017,8,31,23,0,55XX BALSAM ST,Arbutus Ridge,488253.4025,5453701.0784
Mischief,2017,5,20,20,35,55XX BALSAM ST,Arbutus Ridge,488261.7451,5453667.7361
Mischief,2017,5,24,16,50,55XX BALSAM ST,Arbutus Ridge,488263.8542,5453755.1934
Mischief,2017,12,8,11,44,55XX CAMBIE ST,Riley Park,491558.3034,5453577.3746
Mischief,2017,4,14,5,28,55XX CHESTER ST,Kensington-Cedar Cottage,493506.9789,5453486.0277
Mischief,2017,5,31,16,6,55XX DUMFRIES ST,Kensington-Cedar Cottage,494600.6639,5453507.119
Mischief,2017,8,18,20,0,55XX EARLES ST,Renfrew-Collingwood,496451.0209,5453568.6286
Mischief,2017,12,14,17,13,55XX ELM ST,Arbutus Ridge,488047.0239,5453687.8859
Mischief,2017,5,2,15,0,55XX FLEMING ST,Kensington-Cedar Cottage,494700.0185,5453464.8906
Mischief,2017,5,2,16,39,55XX FLEMING ST,Kensington-Cedar Cottage,494700.4962,5453487.0032
Mischief,2017,8,25,22,0,55XX GLADSTONE ST,Kensington-Cedar Cottage,495482.7883,5453569.5083
Mischief,2017,2,24,9,53,55XX JOYCE ST,Renfrew-Collingwood,497349.6248,5453415.3782
Mischief,2017,3,30,19,0,55XX MCKINNON ST,Renfrew-Collingwood,497194.8436,5453497.044
Mischief,2017,3,18,21,0,55XX ORMIDALE ST,Renfrew-Collingwood,498196.8172,5453391.4696
Mischief,2017,4,4,0,27,55XX ROSS ST,Kensington-Cedar Cottage,493986.5468,5453489.7319
Mischief,2017,11,1,23,30,55XX TYNE ST,Renfrew-Collingwood,497790.0162,5453470.7597
Mischief,2017,8,18,22,47,55XX WEST BLVD,Arbutus Ridge,488674.7106,5453750.2734
Mischief,2017,1,4,1,50,56XX DUNBAR ST,Dunbar-Southlands,486504.9238,5453614.2592
Mischief,2017,8,31,17,0,56XX ELM ST,Arbutus Ridge,488055.7948,5453662.2947
Mischief,2017,7,15,2,41,56XX FRASER ST,Kensington-Cedar Cottage,493412.909,5453399.7951
Mischief,2017,10,24,22,0,56XX HEATHER ST,South Cambie,491205.1315,5453520.6543
Mischief,2017,9,11,21,0,56XX KILLARNEY ST,Renfrew-Collingwood,496661.5872,5453412.3543
Mischief,2017,4,25,17,0,56XX NANAIMO ST,Renfrew-Collingwood,495723.2855,5453455.2563
Mischief,2017,10,21,20,30,56XX ORMIDALE ST,Renfrew-Collingwood,498186.7877,5453275.0275
Mischief,2017,11,4,5,20,56XX VICTORIA DR,Kensington-Cedar Cottage,495227.3414,5453385.365
Mischief,2017,3,16,19,56,56XX VICTORIA DR,Kensington-Cedar Cottage,495227.3852,5453387.0916
Mischief,2017,11,15,14,48,56XX VICTORIA DR,Kensington-Cedar Cottage,495228.0583,5453412.7707
Mischief,2017,7,29,14,29,57XX BALSAM ST,Kerrisdale,488248.2686,5453488.7234
Mischief,2017,10,2,12,0,57XX CAMBIE ST,Oakridge,491554.9229,5453325.2632
Mischief,2017,3,3,11,42,57XX CHESTER ST,Sunset,493510.1342,5453243.2737
Mischief,2017,6,2,20,0,57XX CHESTER ST,Sunset,493511.5645,5453329.6123
Mischief,2017,12,27,20,30,57XX CREE ST,Sunset,492722.1534,5453279.2679
Mischief,2017,2,15,2,30,57XX EARLES ST,Victoria-Fraserview,496443.4923,5453301.4114
Mischief,2017,9,13,2,0,57XX FLEMING ST,Victoria-Fraserview,494696.7118,5453310.7913
Mischief,2017,12,9,18,53,57XX GRANVILLE ST,Kerrisdale,489831.0388,5453510.2454
Mischief,2017,12,31,17,0,57XX JOYCE ST,Killarney,497271.2692,5453218.1891
Mischief,2017,3,30,2,39,57XX MAIN ST,Sunset,492615.5691,5453324.052
Mischief,2017,5,30,16,1,57XX MAIN ST,Sunset,492615.5691,5453324.052
Mischief,2017,10,14,15,0,57XX NANAIMO ST,Victoria-Fraserview,495719.9839,5453279.7671
Mischief,2017,3,2,3,56,57XX PRINCE ALBERT ST,Sunset,493602.7363,5453293.1575
Mischief,2017,6,16,14,0,57XX RHODES ST,Victoria-Fraserview,496342.7105,5453312.8174
Mischief,2017,5,30,12,0,57XX TYNE ST,Killarney,497716.3481,5453232.1648
Mischief,2017,1,4,18,34,57XX VICTORIA DR,Victoria-Fraserview,495225.622,5453262.1921
Mischief,2017,4,3,11,0,57XX VICTORIA DR,Victoria-Fraserview,495234.6627,5453249.2567
Mischief,2017,4,17,18,30,57XX WALES ST,Victoria-Fraserview,496245.0499,5453241.5889
Mischief,2017,9,2,3,4,58XX ADERA ST,Kerrisdale,489557.0319,5453336.3849
Mischief,2017,8,10,5,19,58XX ARGYLE ST,Victoria-Fraserview,494795.2938,5453167.7271
Mischief,2017,9,19,6,21,58XX CAMBIE ST,Oakridge,491553.9863,5453297.7351
Mischief,2017,3,5,9,0,58XX CHESTER ST,Sunset,493500.6729,5453224.1933
Mischief,2017,6,4,17,40,58XX FLEMING ST,Victoria-Fraserview,494694.0285,5453174.5766
Mischief,2017,1,22,10,32,58XX NANAIMO ST,Victoria-Fraserview,495721.7331,5453176.6559
Mischief,2017,2,1,0,30,58XX NANAIMO ST,Victoria-Fraserview,495721.7331,5453176.6559
Mischief,2017,2,27,3,30,58XX NANAIMO ST,Victoria-Fraserview,495721.7331,5453176.6559
Mischief,2017,10,20,19,0,58XX ONTARIO ST,Sunset,492313.0649,5453238.0025
Mischief,2017,2,24,21,0,58XX ORMIDALE ST,Killarney,498179.1289,5453243.4002
Mischief,2017,10,27,13,30,58XX WEST BLVD,Kerrisdale,488667.251,5453384.916
Mischief,2017,9,2,3,15,59XX ARGYLE ST,Victoria-Fraserview,494781.8364,5453003.751
Mischief,2017,5,20,22,0,59XX ATHLONE ST,Oakridge,490059.0713,5453261.7555
Mischief,2017,5,19,0,0,59XX ATHLONE ST,Oakridge,490068.9895,5453288.7524
Mischief,2017,5,21,4,5,59XX ATHLONE ST,Oakridge,490068.9895,5453288.7524
Mischief,2017,11,11,20,6,59XX BALSAM ST,Kerrisdale,488253.6988,5453339.1806
Mischief,2017,4,13,0,0,59XX ELM ST,Kerrisdale,488037.3672,5453342.4519
Mischief,2017,4,13,21,0,59XX ELM ST,Kerrisdale,488046.7823,5453350.054
Mischief,2017,6,8,22,0,59XX HOLLAND ST,Kerrisdale,485993.9568,5453366.038
Mischief,2017,11,10,17,30,59XX LARCH ST,Kerrisdale,488149.3658,5453262.7779
Mischief,2017,10,1,10,0,59XX LARCH ST,Kerrisdale,488152.1368,5453342.0948
Mischief,2017,9,17,10,0,59XX LINCOLN ST,Killarney,498079.1199,5453056.9994
Mischief,2017,7,18,20,45,59XX MAIN ST,Sunset,492617.4113,5453090.6884
Mischief,2017,8,13,20,2,59XX OAK ST,Oakridge,490664.2951,5453205.05
Mischief,2017,12,17,21,0,59XX ORMIDALE ST,Killarney,498172.1593,5452996.8785
Mischief,2017,4,4,21,48,59XX PRINCE ALBERT ST,Sunset,493607.3607,5453078.3264
Mischief,2017,11,30,9,20,59XX PRINCE ALBERT ST,Sunset,493607.3607,5453078.3264
Mischief,2017,12,9,0,9,59XX PRINCE ALBERT ST,Sunset,493607.3607,5453078.3264
Mischief,2017,12,19,0,0,59XX TODERICK ST,Killarney,497872.2148,5453023.4357
Mischief,2017,4,13,18,5,59XX TRAFALGAR ST,Kerrisdale,487924.0343,5453343.4225
Mischief,2017,4,13,22,0,59XX TRAFALGAR ST,Kerrisdale,487924.0343,5453343.4225
Mischief,2017,4,14,18,0,59XX TRAFALGAR ST,Kerrisdale,487933.251,5453351.1885
Mischief,2017,3,30,1,6,59XX WEST BLVD,Kerrisdale,488662.8426,5453279.9833
Mischief,2017,3,5,23,0,5X ALEXANDER ST,Central Business District,492501.5498,5458993.8561
Mischief,2017,11,27,13,37,5X E 13TH AVE,Mount Pleasant,492430.4122,5456297.1256
Mischief,2017,10,11,18,52,5X E 2ND AVE,Mount Pleasant,492458.91,5457400.3719
Mischief,2017,7,1,23,30,5X E 37TH AVE,Riley Park,492389.0202,5453847.4422
Mischief,2017,2,14,20,0,5X E 3RD AVE,Mount Pleasant,492456.0804,5457288.593
Mischief,2017,7,12,10,51,5X E 5TH AVE,Mount Pleasant,492450.6658,5457089.513
Mischief,2017,8,7,10,34,5X E 69TH AVE,Sunset,492317.3324,5450736.155
Mischief,2017,6,23,23,17,5X E CORDOVA ST,Central Business District,492492.1655,5458853.6387
Mischief,2017,8,14,22,55,5X E CORDOVA ST,Central Business District,492492.1655,5458853.6387
Mischief,2017,12,24,10,14,5X E CORDOVA ST,Central Business District,492492.1655,5458853.6387
Mischief,2017,7,4,15,45,5X E CORDOVA ST,Central Business District,492497.5369,5458844.4634
Mischief,2017,7,4,12,55,5X E CORDOVA ST,Central Business District,492497.8946,5458853.6056
Mischief,2017,3,24,20,54,5X E HASTINGS ST,Central Business District,492488.7677,5458750.5528
Mischief,2017,5,10,14,2,5X E HASTINGS ST,Central Business District,492488.7677,5458750.5528
Mischief,2017,7,9,0,4,5X E HASTINGS ST,Central Business District,492488.7677,5458750.5528
Mischief,2017,12,20,16,0,5X E HASTINGS ST,Central Business District,492488.7677,5458750.5528
Mischief,2017,1,2,4,17,5X E HASTINGS ST,Central Business District,492491.4239,5458741.3163
Mischief,2017,1,7,21,40,5X E HASTINGS ST,Central Business District,492491.4239,5458741.3163
Mischief,2017,7,1,11,0,5X E HASTINGS ST,Central Business District,492491.4239,5458741.3163
Mischief,2017,12,14,18,0,5X E PENDER ST,Central Business District,492486.4415,5458635.3772
Mischief,2017,12,26,8,21,5X E PENDER ST,Central Business District,492486.4415,5458635.3772
Mischief,2017,12,30,16,30,5X E PENDER ST,Central Business District,492486.4415,5458635.3772
Mischief,2017,5,21,3,0,5X E PENDER ST,Central Business District,492486.7751,5458644.5151
Mischief,2017,9,19,23,0,5X E PENDER ST,Central Business District,492486.7751,5458644.5151
Mischief,2017,4,16,0,0,5X EXPO BLVD,Central Business District,492333.7123,5458362.9587
Mischief,2017,10,14,9,0,5X JACKSON AVE,Strathcona,493210.9472,5459072.3522
Mischief,2017,6,14,21,6,5X KEEFER PL,Central Business District,492248.5734,5458541.2202
Mischief,2017,12,26,17,1,5X KEEFER PL,Central Business District,492248.5734,5458541.2202
Mischief,2017,1,7,0,30,5X MIDLOTHIAN AVE,Riley Park,492178.5945,5454318.657
Mischief,2017,10,13,15,37,5X POWELL ST,Central Business District,492502.0069,5458954.8089
Mischief,2017,10,14,21,0,5X W 16TH AVE,Riley Park,492269.7809,5455989.6344
Mischief,2017,10,14,17,0,5X W 16TH AVE,Mount Pleasant,492275.5522,5455998.5572
Mischief,2017,1,28,20,0,5X W 22ND AVE,Riley Park,492275.5466,5455367.7804
Mischief,2017,5,21,5,0,5X W 22ND AVE,Riley Park,492275.5466,5455367.7804
Mischief,2017,6,21,9,37,5X W 6TH AVE,Mount Pleasant,492303.6382,5456990.2172
Mischief,2017,11,16,19,0,5X W 7TH AVE,Mount Pleasant,492301.0782,5456890.5151
Mischief,2017,5,22,15,50,5X W CORDOVA ST,Central Business District,492321.9081,5458882.1259
Mischief,2017,5,25,2,39,5X W CORDOVA ST,Central Business District,492321.9081,5458882.1259
Mischief,2017,8,21,17,15,5X W CORDOVA ST,Central Business District,492321.9081,5458882.1259
Mischief,2017,4,22,20,25,5X W CORDOVA ST,Central Business District,492324.5597,5458890.877
Mischief,2017,5,4,11,7,5X W CORDOVA ST,Central Business District,492324.5597,5458890.877
Mischief,2017,5,16,7,45,5X W CORDOVA ST,Central Business District,492324.5597,5458890.877
Mischief,2017,8,4,19,39,5X W CORDOVA ST,Central Business District,492324.5597,5458890.877
Mischief,2017,9,7,22,22,5X W CORDOVA ST,Central Business District,492324.5597,5458890.877
Mischief,2017,4,24,15,5,5X W HASTINGS ST,Central Business District,492299.8056,5458788.545
Mischief,2017,12,18,20,0,5X W HASTINGS ST,Central Business District,492304.3474,5458787.2617
Mischief,2017,2,7,22,31,5X W HASTINGS ST,Central Business District,492308.4276,5458786.1087
Mischief,2017,4,19,19,51,5X W HASTINGS ST,Central Business District,492308.4276,5458786.1087
Mischief,2017,2,11,15,34,5X W PENDER ST,Central Business District,492276.9063,5458683.6731
Mischief,2017,7,15,9,46,5XX ABBOTT ST,Central Business District,492168.9151,5458624.4035
Mischief,2017,2,9,22,16,5XX ABBOTT ST,Central Business District,492169.9396,5458667.7581
Mischief,2017,3,2,20,15,5XX ABBOTT ST,Central Business District,492177.5785,5458603.9554
Mischief,2017,7,12,16,10,5XX ABBOTT ST,Central Business District,492177.5785,5458603.9554
Mischief,2017,8,23,20,45,5XX ABBOTT ST,Central Business District,492178.9798,5458663.2371
Mischief,2017,8,11,3,53,5XX ABBOTT ST,Central Business District,492179.6274,5458690.6645
Mischief,2017,4,14,7,30,5XX ALEXANDER ST,Strathcona,493242.9486,5459024.8185
Mischief,2017,9,15,8,30,5XX ALEXANDER ST,Strathcona,493242.9486,5459024.8185
Mischief,2017,10,23,12,51,5XX ATLANTIC ST,Strathcona,493225.8365,5458112.7053
Mischief,2017,11,25,10,0,5XX ATLANTIC ST,Strathcona,493233.705,5458121.691
Mischief,2017,7,18,15,15,5XX BEATTY ST,Central Business District,492084.3623,5458689.885
Mischief,2017,2,15,2,36,5XX BEATTY ST,Central Business District,492110.5044,5458716.3533
Mischief,2017,1,29,2,50,5XX BROUGHTON ST,Central Business District,490742.3074,5459657.7121
Mischief,2017,12,14,7,0,5XX BURRARD ST,Central Business District,491418.3505,5459316.4819
Mischief,2017,3,11,18,0,5XX CAMBIE ST,Central Business District,491996.5212,5458752.9945
Mischief,2017,4,6,5,19,5XX CARRALL ST,Central Business District,492402.09,5458605.9214
Mischief,2017,11,8,21,51,5XX CARRALL ST,Central Business District,492402.09,5458605.9214
Mischief,2017,7,9,20,40,5XX CARRALL ST,Central Business District,492402.5035,5458614.7072
Mischief,2017,7,21,9,26,5XX CARRALL ST,Central Business District,492408.0336,5458534.6189
Mischief,2017,11,8,22,6,5XX CARRALL ST,Central Business District,492412.9195,5458640.8895
Mischief,2017,10,17,18,50,5XX COLUMBIA ST,Central Business District,492566.0035,5458630.4075
Mischief,2017,11,4,20,15,5XX COLUMBIA ST,Central Business District,492566.0035,5458630.4075
Mischief,2017,5,5,23,29,5XX DAVIE ST,Central Business District,490955.1859,5458133.5837
Mischief,2017,3,14,17,0,5XX DENMAN ST,Central Business District,490353.2861,5460067.4482
Mischief,2017,9,5,2,31,5XX DRAKE ST,Central Business District,490799.3667,5458070.5554
Mischief,2017,2,2,23,29,5XX DUNSMUIR ST,Central Business District,491665.7847,5458868.9251
Mischief,2017,12,28,7,22,5XX DUNSMUIR ST,Central Business District,491665.7847,5458868.9251
Mischief,2017,1,12,22,30,5XX E 10TH AVE,Mount Pleasant,493236.225,5456530.6104
Mischief,2017,11,27,18,0,5XX E 11TH AVE,Mount Pleasant,493319.0441,5456430.3236
Mischief,2017,4,10,20,30,5XX E 13TH AVE,Mount Pleasant,493232.2366,5456228.8587
Mischief,2017,9,16,0,0,5XX E 13TH AVE,Mount Pleasant,493280.9774,5456238.2329
Mischief,2017,12,26,16,57,5XX E 1ST AVE,Strathcona,493198.0224,5457292.5313
Mischief,2017,6,25,22,0,5XX E 22ND AVE,Riley Park,493223.3419,5455374.1402
Mischief,2017,1,16,11,12,5XX E 22ND AVE,Riley Park,493255.9553,5455373.263
Mischief,2017,4,8,10,0,5XX E 26TH AVE,Riley Park,493181.8371,5454988.8926
Mischief,2017,3,25,8,0,5XX E 26TH AVE,Riley Park,493231.9337,5454987.438
Mischief,2017,10,27,22,30,5XX E 30TH AVE,Riley Park,493153.1595,5454534.5654
Mischief,2017,7,3,19,45,5XX E 41ST AVE,Sunset,493176.5764,5453348.102
Mischief,2017,12,31,23,20,5XX E 41ST AVE,Sunset,493176.5764,5453348.102
Mischief,2017,4,25,8,30,5XX E 41ST AVE,Sunset,493176.5764,5453348.1021
Mischief,2017,3,24,23,0,5XX E 43RD AVE,Sunset,493260.6513,5453137.5964
Mischief,2017,9,6,17,0,5XX E 43RD AVE,Sunset,493260.6513,5453137.5964
Mischief,2017,2,10,23,53,5XX E 53RD AVE,Sunset,493147.1034,5452112.3767
Mischief,2017,7,26,8,15,5XX E 59TH AVE,Sunset,493182.7423,5451540.3014
Mischief,2017,12,20,23,0,5XX E 5TH AVE,Mount Pleasant,493277.0568,5457052.9557
Mischief,2017,5,8,23,55,5XX E 5TH AVE,Mount Pleasant,493318.3483,5457052.9512
Mischief,2017,9,15,18,0,5XX E 5TH AVE,Mount Pleasant,493318.3483,5457052.9512
Mischief,2017,10,10,2,45,5XX E 8TH AVE,Mount Pleasant,493270.6708,5456742.5685
Mischief,2017,9,15,8,20,5XX E CORDOVA ST,Strathcona,493215.2723,5458824.2855
Mischief,2017,9,26,13,11,5XX E CORDOVA ST,Strathcona,493215.2723,5458824.2855
Mischief,2017,10,6,14,17,5XX E CORDOVA ST,Strathcona,493215.2723,5458824.2855
Mischief,2017,7,29,17,26,5XX E CORDOVA ST,Strathcona,493231.0243,5458823.7394
Mischief,2017,12,6,18,0,5XX E HASTINGS ST,Strathcona,493209.1951,5458719.8828
Mischief,2017,8,24,16,0,5XX E HASTINGS ST,Strathcona,493217.282,5458719.6139
Mischief,2017,1,14,23,38,5XX E HASTINGS ST,Strathcona,493264.4067,5458718.0456
Mischief,2017,6,21,17,15,5XX E HASTINGS ST,Strathcona,493264.4067,5458718.0456
Mischief,2017,10,18,7,15,5XX E HASTINGS ST,Strathcona,493264.4067,5458718.0456
Mischief,2017,2,10,3,30,5XX E HASTINGS ST,Strathcona,493272.5649,5458726.9232
Mischief,2017,4,7,3,6,5XX E HASTINGS ST,Strathcona,493291.531,5458726.2921
Mischief,2017,6,19,2,17,5XX E HASTINGS ST,Strathcona,493291.531,5458726.2921
Mischief,2017,6,29,15,1,5XX E HASTINGS ST,Strathcona,493291.531,5458726.2921
Mischief,2017,9,14,16,17,5XX E HASTINGS ST,Strathcona,493291.531,5458726.2921
Mischief,2017,9,15,21,50,5XX E PENDER ST,Strathcona,493330.7266,5458608.5134
Mischief,2017,2,24,0,50,5XX EVANS AVE,Strathcona,493291.6013,5457763.4612
Mischief,2017,3,14,1,54,5XX GARDEN DR,Grandview-Woodland,495797.2479,5458608.339
Mischief,2017,1,14,0,15,5XX GORE AVE,Strathcona,492927.6397,5458623.5918
Mischief,2017,12,2,18,0,5XX GORE AVE,Strathcona,492927.6397,5458623.5918
Mischief,2017,5,5,16,5,5XX GRANVILLE ST,Central Business District,491556.8225,5459008.1222
Mischief,2017,9,17,11,0,5XX GRANVILLE ST,Central Business District,491605.197,5459056.8786
Mischief,2017,1,7,15,32,5XX GRANVILLE ST,Central Business District,491650.0977,5459102.1318
Mischief,2017,10,24,11,30,5XX GREAT NORTHERN WAY,Strathcona,493319.9946,5457123.0287
Mischief,2017,11,21,23,0,5XX HAMILTON ST,Central Business District,491886.1304,5458786.284
Mischief,2017,12,10,2,34,5XX HAMILTON ST,Central Business District,491886.1304,5458786.284
Mischief,2017,3,20,18,0,5XX HAMILTON ST,Central Business District,491896.5061,5458796.761
Mischief,2017,8,30,18,30,5XX HAMILTON ST,Central Business District,491896.5061,5458796.761
Mischief,2017,1,15,19,0,5XX HAMILTON ST,Central Business District,491927.9048,5458815.4717
Mischief,2017,5,13,19,45,5XX HAMILTON ST,Central Business District,491927.9048,5458815.4717
Mischief,2017,7,15,17,0,5XX HAMILTON ST,Central Business District,491927.9048,5458815.4717
Mischief,2017,6,16,10,29,5XX HELMCKEN ST,Central Business District,491046.2046,5458273.9198
Mischief,2017,10,13,7,52,5XX HOMER ST,Central Business District,491795.2259,5458836.4744
Mischief,2017,11,19,17,14,5XX HOMER ST,Central Business District,491795.2259,5458836.4744
Mischief,2017,11,11,5,42,5XX HOMER ST,Central Business District,491847.123,5458876.2636
Mischief,2017,4,15,15,15,5XX HOMER ST,Central Business District,491862.3738,5458891.7912
Mischief,2017,4,15,16,0,5XX HOMER ST,Central Business District,491862.3738,5458891.7912
Mischief,2017,8,13,3,26,5XX HORNBY ST,Central Business District,491396.6603,5459144.0692
Mischief,2017,9,11,18,0,5XX HORNBY ST,Central Business District,491418.1713,5459153.337
Mischief,2017,4,19,19,0,5XX HORNBY ST,Central Business District,491450.1033,5459186.7369
Mischief,2017,11,1,17,0,5XX HORNBY ST,Central Business District,491450.1033,5459186.7369
Mischief,2017,11,6,22,0,5XX HORNBY ST,Central Business District,491460.5243,5459210.8692
Mischief,2017,10,13,18,0,5XX HOWE ST,Central Business District,491470.5525,5459077.6294
Mischief,2017,1,14,0,0,5XX HOWE ST,Central Business District,491577.5882,5459171.8223
Mischief,2017,2,10,16,0,5XX INDUSTRIAL AVE,Strathcona,493169.1138,5457378.6553
Mischief,2017,7,11,9,0,5XX INDUSTRIAL AVE,Strathcona,493197.6067,5457371.2429
Mischief,2017,10,13,19,0,5XX LILLOOET ST,Hastings-Sunrise,497179.2929,5458603.6323
Mischief,2017,8,19,10,4,5XX MAIN ST,Central Business District,492743.9297,5458621.3675
Mischief,2017,2,19,1,47,5XX MAIN ST,Strathcona,492753.2377,5458626.8509
Mischief,2017,3,3,8,32,5XX MAIN ST,Strathcona,492753.2377,5458626.8509
Mischief,2017,5,19,4,59,5XX MAIN ST,Strathcona,492753.2377,5458626.8509
Mischief,2017,7,3,10,0,5XX MAIN ST,Strathcona,492753.2377,5458626.8509
Mischief,2017,11,25,15,0,5XX MALKIN AVE,Strathcona,493185.2823,5458214.0147
Mischief,2017,2,21,17,33,5XX MCLEAN DR,Grandview-Woodland,494613.7101,5458561.7079
Mischief,2017,2,5,21,0,5XX MOBERLY RD,Fairview,491458.8793,5457272.3306
Mischief,2017,3,11,20,0,5XX N KASLO ST,Hastings-Sunrise,496609.9475,5459713.947
Mischief,2017,1,17,1,0,5XX NICOLA ST,Central Business District,490635.0094,5459718.0966
Mischief,2017,12,8,18,0,5XX NICOLA ST,Central Business District,490677.1551,5459762.259
Mischief,2017,4,7,2,31,5XX PACIFIC ST,Central Business District,490685.8519,5457925.6041
Mischief,2017,6,29,4,58,5XX PIPELINE RD,Stanley Park,490119.5768,5460695.2099
Mischief,2017,3,12,11,18,5XX POWELL ST,Strathcona,493215.5596,5458933.1607
Mischief,2017,10,24,13,25,5XX POWELL ST,Strathcona,493218.102,5458923.9355
Mischief,2017,1,16,13,48,5XX POWELL ST,Strathcona,493254.3493,5458922.8364
Mischief,2017,4,16,10,29,5XX POWELL ST,Strathcona,493254.3493,5458922.8364
Mischief,2017,8,29,11,50,5XX POWELL ST,Strathcona,493254.3493,5458922.8364
Mischief,2017,9,2,21,8,5XX POWELL ST,Strathcona,493254.3493,5458922.8364
Mischief,2017,2,5,14,23,5XX POWELL ST,Strathcona,493306.4085,5458930.406
Mischief,2017,12,22,7,30,5XX POWELL ST,Strathcona,493306.4085,5458930.406
Mischief,2017,6,29,18,7,5XX RAYMUR AVE,Strathcona,493983.0058,5458566.5087
Mischief,2017,3,14,2,22,5XX RAYMUR AVE,Strathcona,493987.7854,5458578.8994
Mischief,2017,3,6,16,23,5XX RENFREW ST,Hastings-Sunrise,496789.4755,5458597.2017
Mischief,2017,11,20,9,2,5XX RICHARDS ST,Central Business District,491714.714,5458884.8419
Mischief,2017,1,13,19,28,5XX RICHARDS ST,Central Business District,491747.2184,5458930.4755
Mischief,2017,9,2,16,0,5XX RICHARDS ST,Central Business District,491747.2184,5458930.4755
Mischief,2017,12,4,17,16,5XX RICHARDS ST,Central Business District,491747.2184,5458930.4755
Mischief,2017,6,1,13,6,5XX RICHARDS ST,Central Business District,491752.9508,5458936.2368
Mischief,2017,4,10,0,0,5XX RICHARDS ST,Central Business District,491771.3311,5458954.7094
Mischief,2017,4,18,6,5,5XX RICHARDS ST,Central Business District,491773.218,5458943.6416
Mischief,2017,4,25,10,40,5XX RICHARDS ST,Central Business District,491773.218,5458943.6416
Mischief,2017,11,8,17,59,5XX RICHARDS ST,Central Business District,491773.218,5458943.6416
Mischief,2017,11,22,15,30,5XX RICHARDS ST,Central Business District,491773.218,5458943.6416
Mischief,2017,11,23,5,0,5XX RICHARDS ST,Central Business District,491773.218,5458943.6416
Mischief,2017,1,28,22,30,5XX RICHARDS ST,Central Business District,491793.8958,5458964.4233
Mischief,2017,4,3,8,0,5XX RICHARDS ST,Central Business District,491793.8958,5458964.4233
Mischief,2017,6,15,21,54,5XX RICHARDS ST,Central Business District,491793.8958,5458964.4233
Mischief,2017,7,27,12,0,5XX RICHARDS ST,Central Business District,491793.8958,5458964.4233
Mischief,2017,7,27,23,0,5XX RICHARDS ST,Central Business District,491793.8958,5458964.4233
Mischief,2017,11,27,18,0,5XX RICHARDS ST,Central Business District,491793.8958,5458964.4233
Mischief,2017,8,10,17,11,5XX ROBSON ST,Central Business District,491388.6916,5458634.1072
Mischief,2017,2,15,15,45,5XX ROBSON ST,Central Business District,491392.6143,5458643.1525
Mischief,2017,11,16,18,26,5XX ROBSON ST,Central Business District,491422.8966,5458599.4158
Mischief,2017,3,26,17,0,5XX SALSBURY DR,Grandview-Woodland,495026.9071,5458601.7426
Mischief,2017,9,29,12,26,5XX SEYMOUR ST,Central Business District,491615.377,5458922.4126
Mischief,2017,12,9,5,44,5XX SEYMOUR ST,Central Business District,491615.377,5458922.4126
Mischief,2017,8,15,11,0,5XX SEYMOUR ST,Central Business District,491622.1251,5458929.2096
Mischief,2017,3,16,7,29,5XX SEYMOUR ST,Central Business District,491644.6188,5458951.8659
Mischief,2017,1,7,8,37,5XX SEYMOUR ST,Central Business District,491656.1246,5458976.4335
Mischief,2017,1,9,6,40,5XX SEYMOUR ST,Central Business District,491656.1246,5458976.4335
Mischief,2017,1,22,21,28,5XX SEYMOUR ST,Central Business District,491656.1246,5458976.4335
Mischief,2017,2,5,10,0,5XX SEYMOUR ST,Central Business District,491656.1246,5458976.4335
Mischief,2017,2,19,2,34,5XX SEYMOUR ST,Central Business District,491656.1246,5458976.4335
Mischief,2017,3,31,12,56,5XX SEYMOUR ST,Central Business District,491656.1246,5458976.4335
Mischief,2017,4,9,20,42,5XX SEYMOUR ST,Central Business District,491656.1246,5458976.4335
Mischief,2017,4,10,18,53,5XX SEYMOUR ST,Central Business District,491656.1246,5458976.4335
Mischief,2017,4,13,6,40,5XX SEYMOUR ST,Central Business District,491656.1246,5458976.4335
Mischief,2017,4,20,22,0,5XX SEYMOUR ST,Central Business District,491656.1246,5458976.4335
Mischief,2017,5,8,9,30,5XX SEYMOUR ST,Central Business District,491656.1246,5458976.4335
Mischief,2017,5,8,13,54,5XX SEYMOUR ST,Central Business District,491656.1246,5458976.4335
Mischief,2017,5,14,19,45,5XX SEYMOUR ST,Central Business District,491656.1246,5458976.4335
Mischief,2017,6,9,1,57,5XX SEYMOUR ST,Central Business District,491656.1246,5458976.4335
Mischief,2017,6,9,17,22,5XX SEYMOUR ST,Central Business District,491656.1246,5458976.4335
Mischief,2017,6,10,16,0,5XX SEYMOUR ST,Central Business District,491656.1246,5458976.4335
Mischief,2017,6,18,6,45,5XX SEYMOUR ST,Central Business District,491656.1246,5458976.4335
Mischief,2017,6,23,21,6,5XX SEYMOUR ST,Central Business District,491656.1246,5458976.4335
Mischief,2017,6,30,18,0,5XX SEYMOUR ST,Central Business District,491656.1246,5458976.4335
Mischief,2017,7,2,11,28,5XX SEYMOUR ST,Central Business District,491656.1246,5458976.4335
Mischief,2017,7,9,7,0,5XX SEYMOUR ST,Central Business District,491656.1246,5458976.4335
Mischief,2017,7,13,15,40,5XX SEYMOUR ST,Central Business District,491656.1246,5458976.4335
Mischief,2017,7,17,2,23,5XX SEYMOUR ST,Central Business District,491656.1246,5458976.4335
Mischief,2017,7,19,5,23,5XX SEYMOUR ST,Central Business District,491656.1246,5458976.4335
Mischief,2017,7,20,14,30,5XX SEYMOUR ST,Central Business District,491656.1246,5458976.4335
Mischief,2017,7,23,6,4,5XX SEYMOUR ST,Central Business District,491656.1246,5458976.4335
Mischief,2017,7,30,5,0,5XX SEYMOUR ST,Central Business District,491656.1246,5458976.4335
Mischief,2017,9,20,6,30,5XX SEYMOUR ST,Central Business District,491656.1246,5458976.4335
Mischief,2017,9,28,10,8,5XX SEYMOUR ST,Central Business District,491656.1246,5458976.4335
Mischief,2017,10,9,15,33,5XX SEYMOUR ST,Central Business District,491656.1246,5458976.4335
Mischief,2017,10,31,6,0,5XX SEYMOUR ST,Central Business District,491656.1246,5458976.4335
Mischief,2017,11,11,18,30,5XX SEYMOUR ST,Central Business District,491656.1246,5458976.4335
Mischief,2017,11,11,19,11,5XX SEYMOUR ST,Central Business District,491656.1246,5458976.4335
Mischief,2017,11,18,12,41,5XX SEYMOUR ST,Central Business District,491656.1246,5458976.4335
Mischief,2017,11,20,20,0,5XX SEYMOUR ST,Central Business District,491656.1246,5458976.4335
Mischief,2017,12,2,11,0,5XX SEYMOUR ST,Central Business District,491656.1246,5458976.4335
Mischief,2017,12,10,5,50,5XX SEYMOUR ST,Central Business District,491656.1246,5458976.4335
Mischief,2017,12,17,20,23,5XX SEYMOUR ST,Central Business District,491656.1246,5458976.4335
Mischief,2017,12,12,0,10,5XX SEYMOUR ST,Central Business District,491708.6831,5459016.3939
Mischief,2017,3,10,20,0,5XX SEYMOUR ST,Central Business District,491723.8136,5459031.6335
Mischief,2017,8,15,11,9,5XX SEYMOUR ST,Central Business District,491723.8136,5459031.6335
Mischief,2017,8,18,9,8,5XX SEYMOUR ST,Central Business District,491723.8136,5459031.6335
Mischief,2017,7,17,14,0,5XX SKEENA ST,Hastings-Sunrise,497944.0515,5458604.7321
Mischief,2017,11,20,1,57,5XX SMITHE ST,Central Business District,491296.3531,5458503.7073
Mischief,2017,7,12,0,3,5XX SMITHE ST,Central Business District,491305.8042,5458481.6496
Mischief,2017,3,10,22,0,5XX TAYLOR ST,Central Business District,492323.4808,5458662.465
Mischief,2017,12,20,5,20,5XX THURLOW ST,Central Business District,491192.6366,5459379.3653
Mischief,2017,2,22,23,0,5XX UNION ST,Strathcona,493199.6868,5458310.8225
Mischief,2017,5,1,22,0,5XX UNION ST,Strathcona,493281.1806,5458317.0369
Mischief,2017,1,9,19,0,5XX UNION ST,Strathcona,493326.795,5458306.2444
Mischief,2017,5,22,18,0,5XX UNION ST,Strathcona,493326.795,5458306.2444
Mischief,2017,5,31,21,0,5XX UNION ST,Strathcona,493326.795,5458306.2444
Mischief,2017,9,29,20,0,5XX UNION ST,Strathcona,493326.795,5458306.2444
Mischief,2017,9,1,0,0,5XX W 10TH AVE,Fairview,491598.4222,5456620.3531
Mischief,2017,2,25,7,30,5XX W 12TH AVE,Fairview,491526.3604,5456417.3795
Mischief,2017,6,10,16,25,5XX W 12TH AVE,Fairview,491526.3604,5456417.3795
Mischief,2017,4,8,23,1,5XX W 12TH AVE,Fairview,491618.9531,5456405.7419
Mischief,2017,11,21,2,0,5XX W 16TH AVE,Fairview,491464.9581,5456030.0553
Mischief,2017,12,8,22,0,5XX W 16TH AVE,Fairview,491618.8535,5456027.3441
Mischief,2017,3,27,2,24,5XX W 16TH AVE,South Cambie,491624.5415,5456018.1058
Mischief,2017,2,16,8,0,5XX W 17TH AVE,South Cambie,491535.335,5455929.7076
Mischief,2017,2,20,20,0,5XX W 20TH AVE,South Cambie,491549.2439,5455615.6879
Mischief,2017,9,24,3,0,5XX W 22ND AVE,South Cambie,491456.7486,5455429.3479
Mischief,2017,8,18,19,0,5XX W 29TH AVE,South Cambie,491552.3053,5454713.1022
Mischief,2017,4,30,5,56,5XX W 29TH AVE,South Cambie,491567.8795,5454712.4272
Mischief,2017,10,7,0,0,5XX W 7TH AVE,Fairview,491568.0897,5456915.8086
Mischief,2017,1,10,3,0,5XX W 8TH AVE,Fairview,491639.0932,5456813.8108
Mischief,2017,9,20,7,30,5XX W BROADWAY AVE,Fairview,491576.8474,5456719.4373
Mischief,2017,9,9,7,0,5XX W BROADWAY AVE,Fairview,491587.4934,5456728.3024
Mischief,2017,3,28,9,36,5XX W BROADWAY AVE,Fairview,491622.017,5456727.3918
Mischief,2017,3,5,4,9,5XX W BROADWAY AVE,Fairview,491628.8664,5456718.0587
Mischief,2017,2,6,3,31,5XX W GEORGIA ST,Central Business District,491502.4532,5458777.1782
Mischief,2017,11,13,5,40,5XX W GEORGIA ST,Central Business District,491502.4532,5458777.1782
Mischief,2017,11,13,6,17,5XX W GEORGIA ST,Central Business District,491502.4532,5458777.1782
Mischief,2017,8,31,16,0,5XX W GEORGIA ST,Central Business District,491515.0884,5458764.6499
Mischief,2017,3,20,13,22,5XX W GEORGIA ST,Central Business District,491536.4475,5458730.5945
Mischief,2017,3,20,13,0,5XX W HASTINGS ST,Central Business District,491827.083,5459079.5453
Mischief,2017,4,5,23,22,5XX W HASTINGS ST,Central Business District,491827.083,5459079.5453
Mischief,2017,5,12,15,42,5XX W HASTINGS ST,Central Business District,491827.083,5459079.5453
Mischief,2017,6,28,10,1,5XX W HASTINGS ST,Central Business District,491827.083,5459079.5453
Mischief,2017,8,21,20,37,5XX W HASTINGS ST,Central Business District,491827.083,5459079.5453
Mischief,2017,9,11,11,45,5XX W HASTINGS ST,Central Business District,491827.083,5459079.5453
Mischief,2017,4,23,22,52,5XX W PENDER ST,Central Business District,491743.0341,5459021.7425
Mischief,2017,5,19,21,21,5XX W PENDER ST,Central Business District,491775.7255,5458977.7738
Mischief,2017,11,9,22,0,5XX W PENDER ST,Central Business District,491786.4885,5458967.4663
Mischief,2017,5,21,22,0,60XX ATHLONE ST,Oakridge,490066.2114,5453191.4035
Mischief,2017,11,6,16,30,60XX CARTIER ST,Oakridge,489941.1577,5453160.995
Mischief,2017,6,28,19,0,60XX COLLINGWOOD PL,Dunbar-Southlands,486713.5554,5453223.5173
Mischief,2017,2,15,23,36,60XX CROWN ST,Kerrisdale,485892.4026,5453197.2813
Mischief,2017,1,19,1,0,60XX DOMAN ST,Killarney,497340.4096,5452855.4798
Mischief,2017,1,2,16,30,60XX HOLLAND ST,Kerrisdale,485998.1111,5453224.3627
Mischief,2017,6,30,18,0,60XX TISDALL ST,Oakridge,491143.2448,5453115.8366
Mischief,2017,4,13,0,0,60XX TRAFALGAR ST,Kerrisdale,487932.3378,5453253.0504
Mischief,2017,4,13,15,0,60XX VINE ST,Kerrisdale,488353.7107,5453243.6895
Mischief,2017,8,17,18,30,60XX VINE ST,Kerrisdale,488353.7107,5453243.6895
Mischief,2017,7,25,1,30,60XX WEST BLVD,Kerrisdale,488660.9889,5453203.3839
Mischief,2017,9,15,21,0,60XX WEST BLVD,Kerrisdale,488661.82,5453238.5887
Mischief,2017,9,26,14,0,60XX YEW ST,Kerrisdale,488456.8087,5453244.0289
Mischief,2017,5,20,22,30,61XX ADERA ST,Kerrisdale,489561.0973,5453103.2868
Mischief,2017,8,15,11,0,61XX ADERA ST,Kerrisdale,489561.0973,5453103.2868
Mischief,2017,1,23,15,27,61XX ARGYLE ST,Victoria-Fraserview,494787.8833,5452907.1977
Mischief,2017,7,10,12,0,61XX BALSAM ST,Kerrisdale,488246.737,5453103.3858
Mischief,2017,8,5,2,20,61XX BEATRICE ST,Victoria-Fraserview,495115.264,5452790.3808
Mischief,2017,9,1,2,0,61XX BEATRICE ST,Victoria-Fraserview,495115.264,5452790.3808
Mischief,2017,12,24,23,30,61XX BROOKS ST,Killarney,497452.5991,5452747.3554
Mischief,2017,5,8,8,15,61XX CYPRESS ST,Kerrisdale,489118.819,5453018.3366
Mischief,2017,3,12,23,30,61XX DUMFRIES ST,Victoria-Fraserview,494575.7948,5452818.2226
Mischief,2017,3,4,15,30,61XX DUMFRIES ST,Victoria-Fraserview,494577.1105,5452872.615
Mischief,2017,3,4,12,0,61XX DUMFRIES ST,Victoria-Fraserview,494586.2048,5452870.4513
Mischief,2017,5,29,12,0,61XX ELGIN ST,Sunset,493893.1912,5452871.2486
Mischief,2017,1,16,19,0,61XX FRASER ST,Sunset,493403.6237,5452864.7441
Mischief,2017,1,29,16,45,61XX FRASER ST,Sunset,493403.6237,5452864.7441
Mischief,2017,6,14,8,36,61XX GLENDALOUGH PL,Dunbar-Southlands,486865.9421,5453120.9565
Mischief,2017,6,15,16,26,61XX GLENDALOUGH PL,Dunbar-Southlands,486865.9421,5453120.9565
Mischief,2017,4,10,20,0,61XX ROSS ST,Sunset,493986.4255,5452919.6087
Mischief,2017,10,31,22,0,61XX SOPHIA ST,Sunset,492762.2286,5452877.4332
Mischief,2017,3,19,14,49,61XX WILLOW ST,Oakridge,491011.6949,5453034.9689
Mischief,2017,5,21,0,1,62XX ADERA ST,Kerrisdale,489548.1162,5452969.6049
Mischief,2017,6,27,18,15,62XX ADERA ST,Kerrisdale,489548.1162,5452969.6049
Mischief,2017,12,8,17,30,62XX ELLIOTT ST,Victoria-Fraserview,496024.8185,5452686.6466
Mischief,2017,11,23,3,53,62XX GRANVILLE ST,Kerrisdale,489824.0112,5452986.662
Mischief,2017,5,26,18,0,62XX KILLARNEY ST,Killarney,496685.3172,5452639.5079
Mischief,2017,10,16,20,21,62XX KILLARNEY ST,Killarney,496685.3172,5452639.5079
Mischief,2017,4,11,20,31,62XX ST CATHERINES ST,Sunset,493701.6958,5452783.5669
Mischief,2017,7,29,23,38,62XX VICTORIA DR,Victoria-Fraserview,495223.9606,5452762.3896
Mischief,2017,6,28,17,30,63XX ADERA ST,Kerrisdale,489555.2214,5452897.7795
Mischief,2017,6,29,17,45,63XX ADERA ST,Kerrisdale,489555.2214,5452897.7795
Mischief,2017,6,30,16,30,63XX ADERA ST,Kerrisdale,489555.2214,5452897.7795
Mischief,2017,4,23,0,0,63XX ANGUS DR,Kerrisdale,489235.6627,5452818.5387
Mischief,2017,1,6,22,49,63XX BEATRICE ST,Victoria-Fraserview,495122.0309,5452645.307
Mischief,2017,12,25,1,0,63XX BRUCE ST,Victoria-Fraserview,494917.0785,5452673.7022
Mischief,2017,10,15,20,5,63XX FRASER ST,Sunset,493400.6412,5452730.3848
Mischief,2017,9,30,16,0,63XX MAIN ST,Sunset,492610.2992,5452679.6384
Mischief,2017,6,12,22,0,63XX MAPLE ST,Kerrisdale,488917.4277,5452858.976
Mischief,2017,9,20,14,13,63XX MAPLE ST,Kerrisdale,488917.4277,5452858.976
Mischief,2017,9,10,19,0,63XX PRINCE ALBERT ST,Sunset,493590.4289,5452701.8284
Mischief,2017,4,18,15,45,63XX SOPHIA ST,Sunset,492761.8503,5452749.696
Mischief,2017,5,3,17,0,63XX SOPHIA ST,Sunset,492761.8503,5452749.696
Mischief,2017,4,9,15,0,63XX WINDSOR ST,Sunset,493801.1405,5452711.7719
Mischief,2017,4,22,18,0,64XX ANGUS DR,Kerrisdale,489235.4148,5452808.95
Mischief,2017,6,3,0,0,64XX ELGIN ST,Sunset,493899.393,5452620.2125
Mischief,2017,6,20,4,30,64XX FRASER ST,Sunset,493390.5287,5452527.6491
Mischief,2017,4,13,11,40,64XX KILLARNEY ST,Killarney,496679.3024,5452498.5794
Mischief,2017,11,30,15,58,64XX KILLARNEY ST,Killarney,496679.3024,5452498.5794
Mischief,2017,9,12,17,0,64XX LANARK ST,Victoria-Fraserview,494477.6677,5452558.1486
Mischief,2017,12,12,18,0,64XX ONTARIO ST,Sunset,492296.2928,5452662.2214
Mischief,2017,2,4,17,0,64XX VICTORIA DR,Victoria-Fraserview,495210.4946,5452590.5677
Mischief,2017,2,23,16,0,64XX VICTORIA DR,Victoria-Fraserview,495211.4869,5452620.4621
Mischief,2017,6,5,11,22,64XX VICTORIA DR,Victoria-Fraserview,495217.0802,5452515.6829
Mischief,2017,11,1,18,0,64XX VICTORIA DR,Victoria-Fraserview,495217.2947,5452521.9458
Mischief,2017,5,19,12,27,64XX VICTORIA DR,Victoria-Fraserview,495220.9466,5452631.1385
Mischief,2017,2,14,16,0,65XX ARGYLE ST,Victoria-Fraserview,494768.0731,5452400.0198
Mischief,2017,1,7,14,0,65XX BERKELEY ST,Victoria-Fraserview,495803.2125,5452335.2008
Mischief,2017,1,1,0,0,65XX BUTLER ST,Killarney,497556.5587,5452423.6592
Mischief,2017,5,10,0,0,65XX CHAMBORD PL,Killarney,498112.5569,5452430.4854
Mischief,2017,10,29,19,0,65XX DAWSON ST,Killarney,496452.8812,5452441.7719
Mischief,2017,11,17,20,0,65XX DOMAN ST,Killarney,497335.2338,5452352.9804
Mischief,2017,4,14,14,30,65XX GLADSTONE ST,Victoria-Fraserview,495463.5568,5452479.2504
Mischief,2017,5,28,4,28,65XX ROSS ST,Sunset,493972.7161,5452449.4925
Mischief,2017,5,3,10,0,65XX RUPERT ST,Killarney,496780.1938,5452435.0046
Mischief,2017,4,11,12,30,65XX RUPERT ST,Killarney,496789.0783,5452427.9466
Mischief,2017,4,18,14,58,65XX RUPERT ST,Killarney,496789.0783,5452427.9466
Mischief,2017,8,18,17,0,65XX YEW ST,Kerrisdale,488440.226,5452721.865
Mischief,2017,12,3,3,0,66XX ARLINGTON ST,Killarney,497951.7843,5452270.1412
Mischief,2017,2,11,10,51,66XX CYPRESS ST,Kerrisdale,489116.5436,5452528.0145
Mischief,2017,3,18,0,42,66XX DOMAN ST,Killarney,497321.3901,5452240.9857
Mischief,2017,4,24,23,0,66XX DOMAN ST,Killarney,497334.296,5452315.7733
Mischief,2017,3,31,12,53,66XX FREMLIN ST,Oakridge,490763.3197,5452479.1987
Mischief,2017,6,1,0,0,66XX MAIN ST,Sunset,492593.9004,5452416.5088
Mischief,2017,7,22,0,0,66XX ONTARIO ST,Sunset,492290.0277,5452364.4446
Mischief,2017,3,11,21,56,66XX TISDALL ST,Oakridge,491200.2897,5452439.9141
Mischief,2017,6,1,0,0,67XX ALBERTA ST,Oakridge,491773.1589,5452400.261
Mischief,2017,8,20,5,30,67XX DOMAN ST,Killarney,497320.861,5452224.9886
Mischief,2017,10,31,6,45,67XX DUMFRIES ST,Victoria-Fraserview,494561.981,5452274.0241
Mischief,2017,7,2,6,0,67XX KERR ST,Killarney,497006.2854,5452209.6831
Mischief,2017,10,7,20,30,67XX LA SALLE ST,Killarney,498121.875,5452098.951
Mischief,2017,10,20,17,45,67XX LANARK ST,Victoria-Fraserview,494470.0404,5452241.806
Mischief,2017,12,27,6,0,67XX LANARK ST,Victoria-Fraserview,494470.0404,5452241.806
Mischief,2017,5,23,14,15,67XX NEAL ST,Oakridge,491098.2186,5452350.0595
Mischief,2017,1,7,22,20,67XX RUPERT ST,Killarney,496770.8239,5452185.4969
Mischief,2017,12,21,18,54,67XX RUPERT ST,Killarney,496770.8239,5452185.4969
Mischief,2017,5,5,19,0,68XX CHURCHILL ST,Kerrisdale,489671.117,5452278.4409
Mischief,2017,8,11,10,0,68XX CULLODEN ST,Sunset,494257.752,5452156.5414
Mischief,2017,8,29,23,30,68XX CYPRESS ST,Kerrisdale,489102.8555,5452303.9905
Mischief,2017,10,17,21,32,68XX FRASER ST,Sunset,493388.3287,5452160.7355
Mischief,2017,7,7,22,4,68XX LABURNUM ST,Kerrisdale,488999.1888,5452353.8836
Mischief,2017,7,29,6,49,68XX LABURNUM ST,Kerrisdale,488999.1888,5452353.8836
Mischief,2017,11,16,23,0,68XX LABURNUM ST,Kerrisdale,489009.0549,5452383.7923
Mischief,2017,5,6,14,0,68XX QUEBEC ST,Sunset,492438.8372,5452194.9308
Mischief,2017,5,6,22,0,68XX QUEBEC ST,Sunset,492439.3152,5452218.5436
Mischief,2017,8,15,15,10,68XX VICTORIA DR,Victoria-Fraserview,495199.4237,5452077.4408
Mischief,2017,11,9,15,45,68XX VIVIAN ST,Killarney,496327.3168,5452119.3429
Mischief,2017,10,11,0,0,69XX ARGYLE ST,Victoria-Fraserview,494755.8095,5451953.1052
Mischief,2017,3,13,23,20,69XX ARLINGTON ST,Killarney,497806.7769,5451936.7531
Mischief,2017,9,11,21,25,69XX BROOKS ST,Killarney,497435.6692,5452016.1481
Mischief,2017,1,16,8,10,69XX MAIN ST,Sunset,492595.3339,5452130.8338
Mischief,2017,10,23,14,10,69XX NANAIMO ST,Victoria-Fraserview,495672.3082,5452016.968
Mischief,2017,5,23,12,0,69XX QUEBEC ST,Sunset,492436.5935,5452083.3965
Mischief,2017,11,3,17,0,69XX VICTORIA DR,Victoria-Fraserview,495198.8218,5451960.292
Mischief,2017,7,20,21,0,69XX VIVIAN ST,Killarney,496324.3013,5452031.8462
Mischief,2017,7,2,0,0,6X E 2ND AVE,Mount Pleasant,492481.5952,5457379.9652
Mischief,2017,11,27,13,0,6X E 60TH AVE,Sunset,492368.7237,5451458.1713
Mischief,2017,11,29,9,9,6X E CORDOVA ST,Central Business District,492508.5075,5458844.4001
Mischief,2017,9,28,22,0,6X KEEFER PL,Central Business District,492231.0617,5458545.7156
Mischief,2017,11,7,15,33,6X KEEFER PL,Central Business District,492231.0617,5458545.7156
Mischief,2017,6,27,14,0,6X W 11TH AVE,Mount Pleasant,492273.3283,5456493.2069
Mischief,2017,6,21,12,0,6X W 11TH AVE,Mount Pleasant,492275.9483,5456493.0933
Mischief,2017,5,9,19,30,6X W 41ST AVE,Riley Park,492191.139,5453392.0398
Mischief,2017,8,29,1,52,6X W 8TH AVE,Mount Pleasant,492277.1935,5456781.5404
Mischief,2017,11,7,11,19,6X W 8TH AVE,Mount Pleasant,492277.1935,5456781.5404
Mischief,2017,12,9,20,0,6X W CORDOVA ST,Central Business District,492299.8946,5458898.3505
Mischief,2017,8,14,7,53,6X W CORDOVA ST,Central Business District,492304.2902,5458887.4641
Mischief,2017,12,29,20,22,6X WATER ST,Central Business District,492312.0156,5459002.4486
Mischief,2017,5,31,18,38,6XX ABBOTT ST,Central Business District,492166.4265,5458452.7208
Mischief,2017,11,6,18,35,6XX ABBOTT ST,Central Business District,492175.5864,5458454.528
Mischief,2017,1,21,16,0,6XX ATLANTIC ST,Strathcona,493328.313,5458110.5632
Mischief,2017,11,5,20,0,6XX ATLANTIC ST,Strathcona,493328.313,5458110.5632
Mischief,2017,12,15,10,50,6XX ATLANTIC ST,Strathcona,493328.313,5458110.5632
Mischief,2017,8,16,7,6,6XX BEATTY ST,Central Business District,491959.8657,5458563.8719
Mischief,2017,9,20,21,0,6XX BURRARD ST,Central Business District,491277.8528,5459162.4022
Mischief,2017,4,22,1,0,6XX BURRARD ST,Central Business District,491279.2096,5459177.4159
Mischief,2017,8,13,12,0,6XX BURRARD ST,Central Business District,491279.2096,5459177.4159
Mischief,2017,11,26,1,37,6XX BURRARD ST,Central Business District,491279.2096,5459177.4159
Mischief,2017,11,27,0,18,6XX BURRARD ST,Central Business District,491279.2096,5459177.4159
Mischief,2017,3,24,16,30,6XX CAMBIE ST,Central Business District,491780.1032,5458526.6583
Mischief,2017,4,23,7,18,6XX CAMBIE ST,Central Business District,491780.1032,5458526.6583
Mischief,2017,5,7,5,40,6XX CAMBIE ST,Central Business District,491780.1032,5458526.6583
Mischief,2017,10,11,4,14,6XX CAMBIE ST,Central Business District,491780.1032,5458526.6583
Mischief,2017,4,16,19,0,6XX CAMBIE ST,Central Business District,491821.6156,5458582.7287
Mischief,2017,12,5,19,10,6XX CAMBIE ST,Central Business District,491821.6156,5458582.7287
Mischief,2017,2,15,10,25,6XX CAMBIE ST,Central Business District,491883.3839,5458633.4362
Mischief,2017,12,27,18,0,6XX CAMBIE ST,Central Business District,491883.3839,5458633.4362
Mischief,2017,2,4,2,10,6XX CAMPBELL AVE,Strathcona,493830.5017,5458480.5859
Mischief,2017,8,13,3,29,6XX DAVIE ST,Central Business District,490887.2413,5458201.863
Mischief,2017,12,9,19,0,6XX DENMAN ST,West End,490245.0928,5459970.4274
Mischief,2017,1,31,19,10,6XX DRAKE ST,Central Business District,490774.6964,5458082.5403
Mischief,2017,7,14,21,14,6XX DRAKE ST,Central Business District,490774.6964,5458082.5403
Mischief,2017,7,22,22,25,6XX DUNSMUIR ST,Central Business District,491601.1223,5458920.9032
Mischief,2017,8,30,4,57,6XX DUNSMUIR ST,Central Business District,491604.8679,5458930.0825
Mischief,2017,7,5,10,30,6XX E 10TH AVE,Mount Pleasant,493429.4186,5456528.8232
Mischief,2017,10,11,19,0,6XX E 10TH AVE,Mount Pleasant,493429.4186,5456528.8232
Mischief,2017,10,26,11,0,6XX E 13TH AVE,Mount Pleasant,493405.7554,5456228.8019
Mischief,2017,1,23,17,55,6XX E 15TH AVE,Mount Pleasant,493439.8207,5456053.5575
Mischief,2017,10,17,16,38,6XX E 17TH AVE,Riley Park,493317.4228,5455865.8691
Mischief,2017,6,27,23,16,6XX E 18TH AVE,Riley Park,493379.9941,5455763.371
Mischief,2017,10,31,19,57,6XX E 18TH AVE,Riley Park,493379.9941,5455763.371
Mischief,2017,7,10,21,20,6XX E 28TH AVE,Riley Park,493323.9662,5454764.0779
Mischief,2017,9,2,22,26,6XX E 28TH AVE,Riley Park,493340.0726,5454754.427
Mischief,2017,2,24,10,13,6XX E 45TH AVE,Sunset,493279.7703,5452934.5415
Mischief,2017,7,30,20,23,6XX E 49TH AVE,Sunset,493251.0804,5452522.9899
Mischief,2017,8,12,3,30,6XX E 53RD AVE,Sunset,493262.0323,5452109.1213
Mischief,2017,8,5,16,0,6XX E 58TH AVE,Sunset,493264.0648,5451604.4253
Mischief,2017,10,28,15,16,6XX E 65TH AVE,Sunset,493341.0233,5451011.9354
Mischief,2017,3,4,0,0,6XX E 6TH AVE,Mount Pleasant,493411.6206,5456951.0887
Mischief,2017,11,9,20,0,6XX E 7TH AVE,Mount Pleasant,493440.1841,5456841.1456
Mischief,2017,9,1,18,0,6XX E 7TH AVE,Mount Pleasant,493465.8196,5456840.868
Mischief,2017,10,14,23,50,6XX E 8TH AVE,Mount Pleasant,493433.3085,5456749.2133
Mischief,2017,12,29,16,26,6XX E BROADWAY AVE,Mount Pleasant,493443.984,5456635.1257
Mischief,2017,7,24,0,14,6XX E BROADWAY AVE,Mount Pleasant,493484.8585,5456634.8085
Mischief,2017,10,29,15,0,6XX E CORDOVA ST,Strathcona,493355.2763,5458819.4472
Mischief,2017,11,4,22,30,6XX E CORDOVA ST,Strathcona,493355.2763,5458819.4472
Mischief,2017,6,23,1,16,6XX E CORDOVA ST,Strathcona,493403.6057,5458817.9498
Mischief,2017,8,30,23,0,6XX E CORDOVA ST,Strathcona,493458.6161,5458825.3942
Mischief,2017,2,10,12,0,6XX E GEORGIA ST,Strathcona,493341.4107,5458407.3591
Mischief,2017,2,19,6,59,6XX E HASTINGS ST,Strathcona,493351.9542,5458724.3091
Mischief,2017,7,12,11,0,6XX E HASTINGS ST,Strathcona,493351.9542,5458724.3091
Mischief,2017,11,24,2,1,6XX E HASTINGS ST,Strathcona,493351.9542,5458724.3091
Mischief,2017,5,5,20,5,6XX E HASTINGS ST,Strathcona,493354.526,5458715.093
Mischief,2017,7,25,22,41,6XX E HASTINGS ST,Strathcona,493354.526,5458715.093
Mischief,2017,11,1,1,22,6XX E HASTINGS ST,Strathcona,493354.526,5458715.093
Mischief,2017,7,22,10,27,6XX E HASTINGS ST,Strathcona,493390.7282,5458714.1263
Mischief,2017,1,15,3,20,6XX E HASTINGS ST,Strathcona,493457.041,5458712.3555
Mischief,2017,8,13,6,40,6XX E HASTINGS ST,Strathcona,493481.3481,5458711.7064
Mischief,2017,8,13,8,13,6XX E HASTINGS ST,Strathcona,493481.3481,5458711.7064
Mischief,2017,9,7,19,0,6XX E HASTINGS ST,Strathcona,493481.3481,5458711.7064
Mischief,2017,1,15,13,11,6XX E PENDER ST,Strathcona,493384.4145,5458616.4426
Mischief,2017,6,28,19,0,6XX EVANS AVE,Strathcona,493446.8393,5457723.2623
Mischief,2017,9,11,9,41,6XX EVANS AVE,Strathcona,493451.5787,5457722.0357
Mischief,2017,3,24,17,0,6XX EXPO BLVD,Central Business District,492080.5773,5458435.4767
Mischief,2017,3,29,23,47,6XX EXPO BLVD,Central Business District,492094.6157,5458444.3592
Mischief,2017,12,9,15,9,6XX FELLOWES ST,Hastings-Sunrise,498133.0422,5459835.8292
Mischief,2017,2,28,10,33,6XX GRANVILLE ST,Central Business District,491445.9138,5458896.4061
Mischief,2017,4,2,2,39,6XX GRANVILLE ST,Central Business District,491445.9138,5458896.4061
Mischief,2017,4,6,12,1,6XX GRANVILLE ST,Central Business District,491445.9138,5458896.4061
Mischief,2017,6,4,15,1,6XX GRANVILLE ST,Central Business District,491445.9138,5458896.4061
Mischief,2017,12,2,7,45,6XX GRANVILLE ST,Central Business District,491445.9138,5458896.4061
Mischief,2017,12,18,17,45,6XX GRANVILLE ST,Central Business District,491445.9138,5458896.4061
Mischief,2017,9,3,13,15,6XX GRANVILLE ST,Central Business District,491450.5927,5458901.1186
Mischief,2017,5,15,0,0,6XX GRANVILLE ST,Central Business District,491516.6268,5458980.6038
Mischief,2017,7,5,19,30,6XX GRANVILLE ST,Central Business District,491516.6268,5458980.6038
Mischief,2017,7,9,8,0,6XX GRANVILLE ST,Central Business District,491516.6268,5458980.6038
Mischief,2017,12,18,17,0,6XX GRANVILLE ST,Central Business District,491516.6268,5458980.6038
Mischief,2017,1,12,23,0,6XX GRANVILLE ST,Central Business District,491535.0184,5458986.1559
Mischief,2017,5,6,23,0,6XX GRANVILLE ST,Central Business District,491535.0184,5458986.1559
Mischief,2017,12,1,18,33,6XX HEATLEY AVE,Strathcona,493477.3513,5458494.4498
Mischief,2017,1,20,8,56,6XX HELMCKEN ST,Central Business District,490976.8333,5458355.5361
Mischief,2017,9,20,5,4,6XX HOMER ST,Central Business District,491746.5085,5458773.8444
Mischief,2017,10,17,16,53,6XX HOMER ST,Central Business District,491746.5085,5458773.8444
Mischief,2017,1,4,4,54,6XX HOWE ST,Central Business District,491374.8771,5458983.8834
Mischief,2017,2,18,14,25,6XX HOWE ST,Central Business District,491374.8771,5458983.8834
Mischief,2017,3,24,22,22,6XX HOWE ST,Central Business District,491460.851,5459055.1343
Mischief,2017,8,18,13,48,6XX KEEFER ST,Strathcona,493347.3425,5458516.7794
Mischief,2017,10,9,13,30,6XX KINGSWAY AVE,Mount Pleasant,493338.55,5456075.0131
Mischief,2017,6,12,22,19,6XX KINGSWAY AVE,Mount Pleasant,493423.5634,5456018.5991
Mischief,2017,8,6,14,43,6XX KINGSWAY AVE,Mount Pleasant,493423.5634,5456018.5991
Mischief,2017,6,28,0,0,6XX MAIN ST,Central Business District,492738.8025,5458433.6363
Mischief,2017,8,31,16,0,6XX MAIN ST,Central Business District,492738.8025,5458433.6363
Mischief,2017,1,5,9,40,6XX MAIN ST,Central Business District,492739.0511,5458443.3758
Mischief,2017,1,21,8,50,6XX MAIN ST,Central Business District,492739.2003,5458449.2196
Mischief,2017,7,22,16,0,6XX MAIN ST,Central Business District,492740.2941,5458492.0737
Mischief,2017,12,22,17,0,6XX MAIN ST,Strathcona,492750.0317,5458515.2154
Mischief,2017,3,7,12,0,6XX MAIN ST,Strathcona,492750.33,5458526.9029
Mischief,2017,4,14,6,55,6XX MAIN ST,Strathcona,492750.33,5458526.9029
Mischief,2017,7,7,20,27,6XX MAIN ST,Strathcona,492750.33,5458526.9029
Mischief,2017,8,19,11,0,6XX MOBERLY RD,Fairview,491258.8138,5457087.5468
Mischief,2017,6,7,5,30,6XX MOBERLY RD,Fairview,491392.8359,5457133.1464
Mischief,2017,2,17,13,7,6XX NATIONAL AVE,Strathcona,493464.3197,5457815.8222
Mischief,2017,12,14,18,0,6XX NELSON ST,Central Business District,491081.6912,5458470.7644
Mischief,2017,3,1,16,4,6XX NELSON ST,Central Business District,491118.7416,5458434.8301
Mischief,2017,11,30,17,30,6XX NELSON ST,Central Business District,491118.7416,5458434.8301
Mischief,2017,1,5,13,21,6XX PACIFIC BLVD,Central Business District,492163.9606,5458264.1541
Mischief,2017,12,8,16,0,6XX PACIFIC BLVD,Central Business District,492163.9606,5458264.1541
Mischief,2017,5,10,17,40,6XX POWELL ST,Strathcona,493359.0941,5458919.6601
Mischief,2017,8,25,14,35,6XX POWELL ST,Strathcona,493370.119,5458928.4736
Mischief,2017,9,13,15,1,6XX POWELL ST,Strathcona,493370.119,5458928.4736
Mischief,2017,8,7,9,12,6XX POWELL ST,Strathcona,493386.4134,5458927.9794
Mischief,2017,12,14,10,8,6XX POWELL ST,Strathcona,493386.4134,5458927.9794
Mischief,2017,12,27,9,8,6XX POWELL ST,Strathcona,493471.1795,5458925.4087
Mischief,2017,3,3,21,0,6XX PRINCESS AVE,Strathcona,493344.3921,5458494.9672
Mischief,2017,10,28,23,11,6XX PRINCESS AVE,Strathcona,493344.3921,5458494.9672
Mischief,2017,12,9,23,6,6XX PRINCESS AVE,Strathcona,493344.8706,5458510.781
Mischief,2017,12,11,13,0,6XX PRINCESS AVE,Strathcona,493344.8706,5458510.781
Mischief,2017,7,20,13,45,6XX PRIOR ST,Strathcona,493335.9497,5458207.7996
Mischief,2017,11,12,23,48,6XX PRIOR ST,Strathcona,493335.9497,5458207.7996
Mischief,2017,6,9,16,50,6XX QUEBEC ST,Central Business District,492575.4129,5458499.8196
Mischief,2017,7,13,5,23,6XX RICHARDS ST,Central Business District,491591.2049,5458773.009
Mischief,2017,1,10,1,0,6XX RICHARDS ST,Central Business District,491603.3348,5458785.2991
Mischief,2017,2,21,7,33,6XX RICHARDS ST,Central Business District,491603.3348,5458785.2991
Mischief,2017,3,13,0,0,6XX RICHARDS ST,Central Business District,491603.3348,5458785.2991
Mischief,2017,3,14,23,26,6XX RICHARDS ST,Central Business District,491603.3348,5458785.2991
Mischief,2017,4,23,21,0,6XX RICHARDS ST,Central Business District,491603.3348,5458785.2991
Mischief,2017,6,10,12,23,6XX RICHARDS ST,Central Business District,491603.3348,5458785.2991
Mischief,2017,7,15,0,0,6XX RICHARDS ST,Central Business District,491603.3348,5458785.2991
Mischief,2017,8,3,4,18,6XX RICHARDS ST,Central Business District,491603.3348,5458785.2991
Mischief,2017,9,14,10,0,6XX RICHARDS ST,Central Business District,491603.3348,5458785.2991
Mischief,2017,10,8,18,0,6XX RICHARDS ST,Central Business District,491603.3348,5458785.2991
Mischief,2017,10,9,21,9,6XX RICHARDS ST,Central Business District,491603.3348,5458785.2991
Mischief,2017,11,14,4,53,6XX RICHARDS ST,Central Business District,491603.3348,5458785.2991
Mischief,2017,2,11,3,30,6XX RICHARDS ST,Central Business District,491675.3442,5458845.2428
Mischief,2017,2,11,23,30,6XX RICHARDS ST,Central Business District,491675.3442,5458845.2428
Mischief,2017,2,21,22,57,6XX RICHARDS ST,Central Business District,491675.3442,5458845.2428
Mischief,2017,3,12,7,0,6XX RICHARDS ST,Central Business District,491675.3442,5458845.2428
Mischief,2017,4,9,0,53,6XX RICHARDS ST,Central Business District,491675.3442,5458845.2428
Mischief,2017,8,11,19,9,6XX RICHARDS ST,Central Business District,491675.3442,5458845.2428
Mischief,2017,8,13,22,29,6XX RICHARDS ST,Central Business District,491675.3442,5458845.2428
Mischief,2017,8,14,22,26,6XX RICHARDS ST,Central Business District,491675.3442,5458845.2428
Mischief,2017,12,1,12,0,6XX RICHARDS ST,Central Business District,491675.3442,5458845.2428
Mischief,2017,6,3,21,53,6XX ROBSON ST,Central Business District,491318.1581,5458704.0571
Mischief,2017,5,2,19,11,6XX ROBSON ST,Central Business District,491355.59,5458667.6378
Mischief,2017,7,22,16,15,6XX SALSBURY DR,Grandview-Woodland,495034.5361,5458498.715
Mischief,2017,2,24,18,0,6XX SE MARINE DR,Sunset,493218.8864,5450929.1722
Mischief,2017,12,13,3,0,6XX SEYMOUR ST,Central Business District,491552.1992,5458858.3965
Mischief,2017,2,16,18,30,6XX SEYMOUR ST,Central Business District,491578.4269,5458898.0014
Mischief,2017,6,26,0,20,6XX SEYMOUR ST,Central Business District,491609.751,5458916.7392
Mischief,2017,12,13,15,0,6XX SEYMOUR ST,Central Business District,491609.751,5458916.7392
Mischief,2017,7,31,0,0,6XX SKEENA ST,Hastings-Sunrise,497935.3432,5458454.0333
Mischief,2017,4,26,5,31,6XX SMITHE ST,Central Business District,491210.727,5458577.098
Mischief,2017,6,15,20,30,6XX SMITHE ST,Central Business District,491210.727,5458577.098
Mischief,2017,7,30,22,38,6XX STAMPS LAND,Fairview,491400.533,5457344.4868
Mischief,2017,8,14,11,0,6XX STAMPS LAND,Fairview,491400.533,5457344.4868
Mischief,2017,4,26,20,30,6XX UNION ST,Strathcona,493340.9834,5458305.793
Mischief,2017,5,16,23,30,6XX UNION ST,Strathcona,493340.9834,5458305.793
Mischief,2017,5,1,18,50,6XX UNION ST,Strathcona,493421.7062,5458303.563
Mischief,2017,5,23,17,0,6XX UNION ST,Strathcona,493441.4961,5458303.0165
Mischief,2017,10,5,21,35,6XX VERNON DR,Strathcona,494243.1223,5458527.2057
Mischief,2017,1,13,16,0,6XX W 10TH AVE,Fairview,491437.1388,5456615.33
Mischief,2017,9,14,18,45,6XX W 10TH AVE,Fairview,491437.1388,5456615.33
Mischief,2017,8,9,12,0,6XX W 18TH AVE,South Cambie,491310.5366,5455835.1247
Mischief,2017,11,4,22,30,6XX W 21ST AVE,South Cambie,491384.649,5455522.7876
Mischief,2017,5,11,0,15,6XX W 24TH AVE,South Cambie,491370.1571,5455263.1984
Mischief,2017,8,27,21,12,6XX W 33RD AVE,South Cambie,491369.9731,5454259.3693
Mischief,2017,8,25,15,0,6XX W 37TH AVE,South Cambie,491305.2642,5453853.0763
Mischief,2017,3,8,0,0,6XX W 41ST AVE,Oakridge,491253.1721,5453429.8565
Mischief,2017,3,13,9,50,6XX W 41ST AVE,Oakridge,491253.1721,5453429.8565
Mischief,2017,4,23,9,30,6XX W 41ST AVE,Oakridge,491253.1721,5453429.8565
Mischief,2017,5,26,16,55,6XX W 41ST AVE,Oakridge,491253.1721,5453429.8565
Mischief,2017,7,11,11,58,6XX W 41ST AVE,Oakridge,491253.1721,5453429.8565
Mischief,2017,8,2,15,30,6XX W 41ST AVE,Oakridge,491253.1721,5453429.8565
Mischief,2017,9,6,18,24,6XX W 41ST AVE,Oakridge,491253.1721,5453429.8565
Mischief,2017,9,7,15,49,6XX W 41ST AVE,Oakridge,491253.1721,5453429.8565
Mischief,2017,10,29,17,39,6XX W 41ST AVE,Oakridge,491253.1721,5453429.8565
Mischief,2017,4,24,23,30,6XX W 57TH AVE,Oakridge,491265.6108,5451823.2492
Mischief,2017,12,9,0,0,6XX W 70TH AVE,Marpole,491161.0926,5450610.2348
Mischief,2017,5,22,23,14,6XX W 8TH AVE,Fairview,491359.8791,5456837.4785
Mischief,2017,3,9,20,40,6XX W BROADWAY AVE,Fairview,491288.8555,5456736.8038
Mischief,2017,12,16,12,52,6XX W BROADWAY AVE,Fairview,491307.6129,5456727.0901
Mischief,2017,3,22,8,0,6XX W BROADWAY AVE,Fairview,491441.1205,5456732.213
Mischief,2017,11,17,17,27,6XX W BROADWAY AVE,Fairview,491441.1205,5456732.213
Mischief,2017,11,24,20,11,6XX W BROADWAY AVE,Fairview,491441.1205,5456732.213
Mischief,2017,4,24,8,30,6XX W CORDOVA ST,Central Business District,491791.7261,5459246.796
Mischief,2017,5,11,15,0,6XX W CORDOVA ST,Central Business District,491791.7261,5459246.796
Mischief,2017,7,13,18,25,6XX W CORDOVA ST,Central Business District,491791.7261,5459246.796
Mischief,2017,1,12,5,54,6XX W GEORGIA ST,Central Business District,491439.7827,5458826.841
Mischief,2017,4,21,23,15,6XX W GEORGIA ST,Central Business District,491439.7827,5458826.841
Mischief,2017,5,21,1,36,6XX W GEORGIA ST,Central Business District,491439.7827,5458826.841
Mischief,2017,7,7,8,55,6XX W GEORGIA ST,Central Business District,491439.7827,5458826.841
Mischief,2017,7,31,20,0,6XX W GEORGIA ST,Central Business District,491439.7827,5458826.841
Mischief,2017,10,9,19,33,6XX W GEORGIA ST,Central Business District,491439.7827,5458826.841
Mischief,2017,11,29,9,43,6XX W GEORGIA ST,Central Business District,491439.7827,5458826.841
Mischief,2017,12,4,20,26,6XX W GEORGIA ST,Central Business District,491439.7827,5458826.841
Mischief,2017,12,6,16,15,6XX W GEORGIA ST,Central Business District,491439.7827,5458826.841
Mischief,2017,8,17,19,48,6XX W GEORGIA ST,Central Business District,491477.174,5458789.3651
Mischief,2017,6,4,2,27,6XX W HASTINGS ST,Central Business District,491719.6199,5459174.26
Mischief,2017,7,17,4,16,6XX W HASTINGS ST,Central Business District,491719.6199,5459174.26
Mischief,2017,9,7,7,20,6XX W HASTINGS ST,Central Business District,491719.6199,5459174.26
Mischief,2017,12,18,23,24,6XX W PENDER ST,Central Business District,491708.4086,5459054.8454
Mischief,2017,2,6,23,46,6XX W PENDER ST,Central Business District,491710.5903,5459040.1247
Mischief,2017,8,9,5,45,6XX W WATERFRONT RD,Central Business District,491861.5984,5459361.8226
Mischief,2017,2,26,12,0,6XX W WATERFRONT RD,Central Business District,491906.8492,5459333.6101
Mischief,2017,9,23,4,23,6XX WOODLAND DR,Grandview-Woodland,494718.1299,5458518.0169
Mischief,2017,1,9,13,0,70XX HEATHER ST,Oakridge,490982.8603,5452027.376
Mischief,2017,6,23,23,48,70XX HEATHER ST,Oakridge,490982.8603,5452027.376
Mischief,2017,10,29,16,0,70XX HEATHER ST,Oakridge,490982.8603,5452027.376
Mischief,2017,2,11,19,54,70XX HEATHER ST,Oakridge,490993.1252,5452074.3231
Mischief,2017,10,22,1,24,70XX INVERNESS ST,Sunset,494153.0234,5451888.6124
Mischief,2017,5,4,16,30,70XX KILLARNEY ST,Killarney,496716.7877,5451933.5899
Mischief,2017,11,20,12,0,71XX ASH CRES,Oakridge,491274.3593,5451942.1432
Mischief,2017,9,11,12,0,71XX FRASER ST,Sunset,493375.152,5451862.7517
Mischief,2017,4,5,18,0,71XX MACDONALD ST,Kerrisdale,487745.2784,5452098.6967
Mischief,2017,9,23,3,40,72XX CULLODEN ST,Sunset,494274.7444,5451756.2819
Mischief,2017,7,7,2,0,72XX HEATHER ST,Oakridge,490988.8908,5451911.6899
Mischief,2017,8,3,20,45,72XX HUDSON ST,Oakridge,490164.0709,5451966.8186
Mischief,2017,10,30,9,0,72XX KNIGHT ST,Victoria-Fraserview,494393.1966,5451725.2432
Mischief,2017,12,14,1,30,73XX FRASER ST,Sunset,493381.8747,5451721.7293
Mischief,2017,9,8,23,7,73XX KNIGHT ST,Sunset,494384.5911,5451642.3832
Mischief,2017,7,23,2,30,73XX WEST BLVD,Kerrisdale,489060.5801,5451799.7203
Mischief,2017,6,21,15,20,74XX CAMBIE ST,Marpole,491505.2699,5451670.4882
Mischief,2017,1,22,1,30,74XX FRASER ST,Sunset,493378.5982,5451569.1378
Mischief,2017,9,29,8,50,74XX NANAIMO ST,Victoria-Fraserview,495673.4802,5451443.2804
Mischief,2017,6,3,3,30,74XX NANAIMO ST,Victoria-Fraserview,495674.9851,5451546.453
Mischief,2017,10,31,20,30,74XX SHERBROOKE ST,Sunset,494060.635,5451614.7718
Mischief,2017,1,14,18,0,75XX KERR ST,Killarney,496972.6213,5451441.6099
Mischief,2017,5,30,19,57,75XX KNIGHT ST,Victoria-Fraserview,494392.652,5451496.697
Mischief,2017,11,14,16,0,75XX KNIGHT ST,Victoria-Fraserview,494392.652,5451496.697
Mischief,2017,12,12,11,0,75XX NANAIMO ST,Victoria-Fraserview,495673.006,5451415.4531
Mischief,2017,12,18,6,15,75XX OAK ST,Marpole,490558.5245,5451525.8689
Mischief,2017,10,3,21,2,75XX VICTORIA DR,Victoria-Fraserview,495191.1452,5451400.5181
Mischief,2017,7,19,18,50,76XX BORDEN ST,Victoria-Fraserview,494612.9098,5451343.3765
Mischief,2017,3,9,18,30,76XX FRENCH ST,Marpole,489886.646,5451558.2438
Mischief,2017,11,8,12,30,76XX GRANVILLE ST,Marpole,489791.1362,5451556.8663
Mischief,2017,9,16,11,58,76XX MAIN ST,Sunset,492566.6059,5451408.3006
Mischief,2017,7,9,19,14,76XX PRINCE ALBERT ST,Sunset,493601.6659,5451382.2884
Mischief,2017,7,22,3,23,76XX WEST BLVD,Kerrisdale,489160.8251,5451539.2706
Mischief,2017,6,26,16,19,77XX BUTLER ST,Killarney,497575.0639,5451293.0989
Mischief,2017,8,7,16,0,77XX CAMBIE ST,Marpole,491498.3802,5451389.902
Mischief,2017,2,13,2,20,77XX CLEADON CRT,Killarney,498077.5666,5451292.8013
Mischief,2017,8,29,10,0,77XX FRASER ST,Sunset,493372.7458,5451291.7797
Mischief,2017,6,16,17,58,77XX KNIGHT ST,Victoria-Fraserview,494390.5029,5451313.3645
Mischief,2017,3,20,17,43,77XX MATHESON CRES,Killarney,498142.9467,5451335.8632
Mischief,2017,4,5,3,29,78XX GRANVILLE ST,Marpole,489776.2874,5451328.6623
Mischief,2017,10,29,20,0,78XX WINDSOR ST,Sunset,493763.1261,5451176.0976
Mischief,2017,1,30,0,0,79XX COLUMBIA ST,Marpole,491793.0196,5451179.5662
Mischief,2017,7,26,4,30,79XX PRINCE EDWARD ST,Sunset,492873.721,5451134.5209
Mischief,2017,12,9,16,0,79XX ROSS ST,Sunset,493938.2227,5451100.0892
Mischief,2017,2,20,6,38,7X E 59TH AVE,Sunset,492392.0737,5451565.0813
Mischief,2017,12,1,21,30,7X E 61ST AVE,Sunset,492370.5614,5451362.8364
Mischief,2017,10,3,14,9,7X E 7TH AVE,Mount Pleasant,492478.753,5456885.5693
Mischief,2017,8,30,12,45,7X E PENDER ST,Central Business District,492518.8122,5458634.1953
Mischief,2017,6,13,9,0,7X E PENDER ST,Central Business District,492525.0314,5458643.1184
Mischief,2017,12,14,22,14,7X E PENDER ST,Central Business District,492527.6406,5458633.873
Mischief,2017,4,21,16,11,7X KINGSWAY AVE,Mount Pleasant,492724.7115,5456719.8913
Mischief,2017,12,8,17,0,7X W 8TH AVE,Mount Pleasant,492265.433,5456791.0205
Mischief,2017,11,8,5,12,7X W PENDER ST,Central Business District,492220.9532,5458699.0703
Mischief,2017,4,22,7,3,7XX ALEXANDER ST,Strathcona,493507.8831,5459016.1188
Mischief,2017,4,24,22,10,7XX ALEXANDER ST,Strathcona,493507.8831,5459016.1188
Mischief,2017,6,11,1,30,7XX ALEXANDER ST,Strathcona,493530.2476,5459015.6971
Mischief,2017,9,1,10,13,7XX ALEXANDER ST,Strathcona,493598.7201,5459006.9033
Mischief,2017,11,5,20,30,7XX BEATTY ST,Central Business District,491837.5197,5458441.1982
Mischief,2017,3,5,22,0,7XX BROUGHTON ST,West End,490677.5329,5459587.2054
Mischief,2017,5,22,13,18,7XX BROUGHTON ST,West End,490677.5329,5459587.2054
Mischief,2017,11,1,3,0,7XX BURRARD ST,West End,491107.1134,5458998.8356
Mischief,2017,9,3,23,16,7XX BURRARD ST,Central Business District,491119.4089,5458998.0868
Mischief,2017,12,15,18,8,7XX BURRARD ST,Central Business District,491119.4089,5458998.0868
Mischief,2017,1,20,12,8,7XX BUTE ST,West End,490796.7279,5459281.2509
Mischief,2017,3,9,12,44,7XX BUTE ST,West End,490796.7279,5459281.2509
Mischief,2017,8,7,12,22,7XX CAMBIE ST,Central Business District,491760.5943,5458506.5954
Mischief,2017,9,1,14,30,7XX CARDERO ST,West End,490397.7095,5459662.6263
Mischief,2017,10,27,2,0,7XX CHILCO ST,West End,490010.4317,5460145.6053
Mischief,2017,7,18,9,39,7XX CLARK DR,Strathcona,494377.7062,5458381.4592
Mischief,2017,4,8,15,0,7XX CLARK DR,Grandview-Woodland,494387.3957,5458417.857
Mischief,2017,3,24,3,56,7XX DAVIE ST,Central Business District,490762.9325,5458338.5269
Mischief,2017,1,21,8,41,7XX DAVIE ST,Central Business District,490777.6005,5458311.0872
Mischief,2017,9,19,22,12,7XX DAVIE ST,Central Business District,490777.6005,5458311.0872
Mischief,2017,10,19,20,41,7XX DAVIE ST,Central Business District,490777.6005,5458311.0872
Mischief,2017,3,14,4,38,7XX DAVIE ST,Central Business District,490794.4178,5458294.3972
Mischief,2017,12,5,1,30,7XX DENMAN ST,West End,490205.8015,5459931.708
Mischief,2017,5,26,21,40,7XX DENMAN ST,West End,490218.7802,5459944.7988
Mischief,2017,6,26,0,0,7XX DUNSMUIR ST,Central Business District,491483.7724,5459051.5702
Mischief,2017,7,11,16,0,7XX DUNSMUIR ST,Central Business District,491483.7724,5459051.5702
Mischief,2017,7,21,12,21,7XX DUNSMUIR ST,Central Business District,491483.7724,5459051.5702
Mischief,2017,7,28,20,20,7XX DUNSMUIR ST,Central Business District,491483.7724,5459051.5702
Mischief,2017,8,1,11,5,7XX DUNSMUIR ST,Central Business District,491483.7724,5459051.5702
Mischief,2017,8,5,0,0,7XX DUNSMUIR ST,Central Business District,491483.7724,5459051.5702
Mischief,2017,9,25,0,0,7XX DUNSMUIR ST,Central Business District,491483.7724,5459051.5702
Mischief,2017,10,6,0,0,7XX DUNSMUIR ST,Central Business District,491483.7724,5459051.5702
Mischief,2017,11,7,16,36,7XX DUNSMUIR ST,Central Business District,491483.7724,5459051.5702
Mischief,2017,11,12,0,0,7XX DUNSMUIR ST,Central Business District,491483.7724,5459051.5702
Mischief,2017,11,20,9,47,7XX DUNSMUIR ST,Central Business District,491483.7724,5459051.5702
Mischief,2017,12,3,0,0,7XX DUNSMUIR ST,Central Business District,491483.7724,5459051.5702
Mischief,2017,12,13,2,0,7XX DUNSMUIR ST,Central Business District,491483.7724,5459051.5702
Mischief,2017,12,14,16,0,7XX DUNSMUIR ST,Central Business District,491483.7724,5459051.5702
Mischief,2017,12,23,12,30,7XX DUNSMUIR ST,Central Business District,491483.7724,5459051.5702
Mischief,2017,12,27,16,40,7XX DUNSMUIR ST,Central Business District,491483.7724,5459051.5702
Mischief,2017,3,10,5,6,7XX DUNSMUIR ST,Central Business District,491511.6366,5459023.6766
Mischief,2017,4,14,1,0,7XX DUNSMUIR ST,Central Business District,491511.6366,5459023.6766
Mischief,2017,7,4,8,20,7XX DUNSMUIR ST,Central Business District,491511.6366,5459023.6766
Mischief,2017,7,17,0,0,7XX DUNSMUIR ST,Central Business District,491511.6366,5459023.6766
Mischief,2017,7,27,13,10,7XX DUNSMUIR ST,Central Business District,491511.6366,5459023.6766
Mischief,2017,7,31,10,0,7XX DUNSMUIR ST,Central Business District,491511.6366,5459023.6766
Mischief,2017,8,8,0,0,7XX DUNSMUIR ST,Central Business District,491511.6366,5459023.6766
Mischief,2017,10,25,0,0,7XX DUNSMUIR ST,Central Business District,491511.6366,5459023.6766
Mischief,2017,7,20,6,48,7XX E 10TH AVE,Mount Pleasant,493517.5936,5456527.2732
Mischief,2017,5,29,13,42,7XX E 10TH AVE,Mount Pleasant,493618.8454,5456525.7437
Mischief,2017,9,18,12,5,7XX E 10TH AVE,Mount Pleasant,493618.8454,5456525.7437
Mischief,2017,3,14,0,0,7XX E 11TH AVE,Mount Pleasant,493623.7286,5456425.976
Mischief,2017,9,20,19,30,7XX E 11TH AVE,Mount Pleasant,493623.7286,5456425.976
Mischief,2017,7,5,22,30,7XX E 11TH AVE,Mount Pleasant,493640.5213,5456425.732
Mischief,2017,8,31,21,30,7XX E 17TH AVE,Kensington-Cedar Cottage,493502.7696,5455870.2425
Mischief,2017,10,20,22,0,7XX E 26TH AVE,Kensington-Cedar Cottage,493446.3523,5454981.1323
Mischief,2017,3,14,17,28,7XX E 29TH AVE,Kensington-Cedar Cottage,493431.0629,5454662.4075
Mischief,2017,5,18,16,30,7XX E 29TH AVE,Kensington-Cedar Cottage,493431.0629,5454662.4075
Mischief,2017,10,26,14,0,7XX E 30TH AVE,Kensington-Cedar Cottage,493582.967,5454525.3289
Mischief,2017,5,25,5,3,7XX E 39TH AVE,Kensington-Cedar Cottage,493431.3774,5453562.4809
Mischief,2017,2,19,18,27,7XX E 54TH AVE,Sunset,493469.6314,5451981.8156
Mischief,2017,11,1,0,0,7XX E 56TH AVE,Sunset,493489.7826,5451811.414
Mischief,2017,3,10,15,5,7XX E 58TH AVE,Sunset,493485.638,5451621.0938
Mischief,2017,9,26,20,23,7XX E 59TH AVE,Sunset,493586.2774,5451522.9422
Mischief,2017,9,6,9,14,7XX E 62ND AVE,Sunset,493534.1003,5451234.5295
Mischief,2017,4,22,9,54,7XX E BROADWAY AVE,Mount Pleasant,493554.3331,5456634.158
Mischief,2017,7,19,8,38,7XX E CORDOVA ST,Strathcona,493499.7026,5458814.9541
Mischief,2017,8,14,17,0,7XX E CORDOVA ST,Strathcona,493499.7026,5458814.9541
Mischief,2017,3,22,22,30,7XX E CORDOVA ST,Strathcona,493566.1237,5458812.7524
Mischief,2017,4,3,19,0,7XX E GEORGIA ST,Strathcona,493482.9642,5458403.2439
Mischief,2017,9,22,0,0,7XX E GEORGIA ST,Strathcona,493486.0503,5458412.3488
Mischief,2017,7,15,16,5,7XX E HASTINGS ST,Strathcona,493496.7915,5458711.1148
Mischief,2017,12,22,16,11,7XX E HASTINGS ST,Strathcona,493542.9202,5458708.9176
Mischief,2017,11,2,8,7,7XX E HASTINGS ST,Strathcona,493606.15,5458715.0604
Mischief,2017,11,9,1,1,7XX E HASTINGS ST,Strathcona,493606.15,5458715.0604
Mischief,2017,1,31,14,37,7XX E HASTINGS ST,Strathcona,493639.1867,5458704.3326
Mischief,2017,9,16,18,7,7XX E PENDER ST,Strathcona,493493.8262,5458604.9978
Mischief,2017,9,21,0,0,7XX E PENDER ST,Strathcona,493493.8262,5458604.9978
Mischief,2017,6,30,17,0,7XX E PENDER ST,Strathcona,493559.8315,5458611.8915
Mischief,2017,3,31,17,36,7XX EXPO BLVD,Central Business District,491931.7988,5458341.6749
Mischief,2017,10,30,18,0,7XX EXPO BLVD,Central Business District,491933.2655,5458336.2759
Mischief,2017,9,15,14,21,7XX GRANVILLE ST,Central Business District,491295.2384,5458744.7745
Mischief,2017,10,8,16,23,7XX GRANVILLE ST,Central Business District,491295.2384,5458744.7745
Mischief,2017,10,27,16,45,7XX GRANVILLE ST,Central Business District,491295.2384,5458744.7745
Mischief,2017,8,16,3,20,7XX GRANVILLE ST,Central Business District,491365.5518,5458815.5167
Mischief,2017,1,6,0,0,7XX GRANVILLE ST,Central Business District,491371.9005,5458834.8757
Mischief,2017,2,26,1,0,7XX GRANVILLE ST,Central Business District,491371.9005,5458834.8757
Mischief,2017,3,7,23,0,7XX GRANVILLE ST,Central Business District,491371.9005,5458834.8757
Mischief,2017,4,13,5,0,7XX GRANVILLE ST,Central Business District,491371.9005,5458834.8757
Mischief,2017,4,21,0,0,7XX GRANVILLE ST,Central Business District,491371.9005,5458834.8757
Mischief,2017,7,20,8,0,7XX GRANVILLE ST,Central Business District,491371.9005,5458834.8757
Mischief,2017,10,19,0,0,7XX GRANVILLE ST,Central Business District,491371.9005,5458834.8757
Mischief,2017,11,15,20,13,7XX GRANVILLE ST,Central Business District,491371.9005,5458834.8757
Mischief,2017,12,4,0,0,7XX GRANVILLE ST,Central Business District,491371.9005,5458834.8757
Mischief,2017,1,13,5,37,7XX GRANVILLE ST,Central Business District,491384.3286,5458834.4081
Mischief,2017,3,4,15,0,7XX GRANVILLE ST,Central Business District,491384.3286,5458834.4081
Mischief,2017,6,8,11,53,7XX GRANVILLE ST,Central Business District,491384.3286,5458834.4081
Mischief,2017,11,12,8,41,7XX GRANVILLE ST,Central Business District,491384.3286,5458834.4081
Mischief,2017,1,10,22,3,7XX GRANVILLE ST,Central Business District,491396.0641,5458846.2153
Mischief,2017,4,8,0,30,7XX GRANVILLE ST,Central Business District,491396.0641,5458846.2153
Mischief,2017,4,8,16,12,7XX GRANVILLE ST,Central Business District,491396.0641,5458846.2153
Mischief,2017,9,17,3,16,7XX GRANVILLE ST,Central Business District,491396.0641,5458846.2153
Mischief,2017,3,24,0,0,7XX GRANVILLE ST,Central Business District,491405.3528,5458855.5609
Mischief,2017,5,14,11,0,7XX GRANVILLE ST,Central Business District,491405.3528,5458855.5609
Mischief,2017,5,27,7,25,7XX GRANVILLE ST,Central Business District,491405.3528,5458855.5609
Mischief,2017,4,17,3,23,7XX GREAT NORTHERN WAY,Mount Pleasant,493622.5528,5457072.5752
Mischief,2017,10,22,0,0,7XX HAMILTON ST,Central Business District,491585.1434,5458472.449
Mischief,2017,11,2,13,0,7XX HAMILTON ST,Central Business District,491595.323,5458495.3119
Mischief,2017,9,30,10,9,7XX HAMILTON ST,Central Business District,491630.1912,5458516.8236
Mischief,2017,6,9,22,10,7XX HAMILTON ST,Central Business District,491686.9924,5458572.7761
Mischief,2017,10,31,14,42,7XX HAMILTON ST,Central Business District,491686.9924,5458572.7761
Mischief,2017,12,26,8,16,7XX HAMILTON ST,Central Business District,491686.9924,5458572.7761
Mischief,2017,7,2,19,0,7XX HAWKS AVE,Strathcona,493656.0888,5458397.6214
Mischief,2017,12,30,3,26,7XX HAWKS AVE,Strathcona,493656.0888,5458397.6214
Mischief,2017,6,4,0,0,7XX HOMER ST,Central Business District,491620.5714,5458646.3398
Mischief,2017,7,23,23,0,7XX HORNBY ST,Central Business District,491170.6499,5458916.7921
Mischief,2017,11,24,20,34,7XX HORNBY ST,Central Business District,491170.6499,5458916.7921
Mischief,2017,12,17,7,0,7XX HORNBY ST,Central Business District,491170.6499,5458916.7921
Mischief,2017,3,25,19,16,7XX HORNBY ST,Central Business District,491207.4632,5458941.1901
Mischief,2017,12,8,6,0,7XX HORNBY ST,Central Business District,491207.4632,5458941.1901
Mischief,2017,4,9,15,30,7XX HOWE ST,Central Business District,491333.8896,5458930.9314
Mischief,2017,5,29,17,0,7XX JACKSON AVE,Strathcona,493190.4495,5458389.2587
Mischief,2017,10,1,18,25,7XX JACKSON AVE,Strathcona,493191.1087,5458410.985
Mischief,2017,12,6,7,0,7XX JERVIS ST,West End,490663.9427,5459374.2651
Mischief,2017,9,21,19,0,7XX KEEFER ST,Strathcona,493487.7954,5458507.811
Mischief,2017,1,11,21,19,7XX KEEFER ST,Strathcona,493506.14,5458503.5879
Mischief,2017,10,26,1,0,7XX KINGSWAY AVE,Mount Pleasant,493470.0245,5455998.5406
Mischief,2017,1,5,9,30,7XX MAIN ST,Central Business District,492736.5846,5458390.7263
Mischief,2017,8,20,0,0,7XX MAIN ST,Central Business District,492736.5846,5458390.7263
Mischief,2017,11,3,0,1,7XX MAIN ST,Central Business District,492736.5846,5458390.7263
Mischief,2017,12,20,15,0,7XX MAIN ST,Central Business District,492736.5846,5458390.7263
Mischief,2017,12,31,11,34,7XX MAIN ST,Central Business District,492736.5846,5458390.7263
Mischief,2017,2,26,3,24,7XX MAIN ST,Central Business District,492738.5908,5458427.1495
Mischief,2017,3,21,18,0,7XX MAIN ST,Strathcona,492745.9154,5458393.8657
Mischief,2017,3,10,21,0,7XX MAIN ST,Strathcona,492747.721,5458426.6466
Mischief,2017,3,19,18,9,7XX MAIN ST,Strathcona,492747.721,5458426.6466
Mischief,2017,7,25,18,19,7XX MAIN ST,Strathcona,492747.721,5458426.6466
Mischief,2017,11,18,10,35,7XX MAIN ST,Strathcona,492747.721,5458426.6466
Mischief,2017,6,10,9,0,7XX MALKIN AVE,Strathcona,493297.3002,5458069.7904
Mischief,2017,3,12,4,1,7XX NELSON ST,Central Business District,491044.0745,5458507.3886
Mischief,2017,1,17,15,0,7XX PACIFIC BLVD,Central Business District,491969.6723,5458156.549
Mischief,2017,10,29,20,13,7XX PACIFIC BLVD,Central Business District,491969.6723,5458156.549
Mischief,2017,11,17,9,0,7XX PACIFIC BLVD,Central Business District,491969.6723,5458156.549
Mischief,2017,5,12,18,0,7XX PACIFIC BLVD,Central Business District,491980.0532,5458153.1168
Mischief,2017,10,11,6,0,7XX PACIFIC BLVD,Central Business District,491994.1347,5458164.3011
Mischief,2017,2,20,7,25,7XX PACIFIC BLVD,Central Business District,492008.4222,5458175.6527
Mischief,2017,4,19,20,19,7XX PACIFIC BLVD,Central Business District,492008.4222,5458175.6527
Mischief,2017,5,23,2,15,7XX PACIFIC BLVD,Central Business District,492008.4222,5458175.6527
Mischief,2017,6,28,21,9,7XX PACIFIC BLVD,Central Business District,492008.4222,5458175.6527
Mischief,2017,7,5,13,0,7XX PACIFIC BLVD,Central Business District,492008.4222,5458175.6527
Mischief,2017,10,18,23,4,7XX PACIFIC BLVD,Central Business District,492008.4222,5458175.6527
Mischief,2017,11,12,9,19,7XX PACIFIC BLVD,Central Business District,492008.4222,5458175.6527
Mischief,2017,11,14,22,0,7XX PACIFIC BLVD,Central Business District,492008.4222,5458175.6527
Mischief,2017,2,9,7,0,7XX PACIFIC BLVD,Central Business District,492069.7024,5458224.3254
Mischief,2017,7,24,7,0,7XX PACIFIC BLVD,Central Business District,492069.7024,5458224.3254
Mischief,2017,7,15,10,30,7XX POWELL ST,Strathcona,493498.7925,5458915.4228
Mischief,2017,9,30,14,0,7XX POWELL ST,Strathcona,493498.7925,5458915.4228
Mischief,2017,11,14,14,0,7XX POWELL ST,Strathcona,493498.7925,5458915.4228
Mischief,2017,4,23,10,58,7XX POWELL ST,Strathcona,493509.0666,5458924.2592
Mischief,2017,8,1,6,0,7XX POWELL ST,Strathcona,493509.0666,5458924.2592
Mischief,2017,8,12,17,48,7XX POWELL ST,Strathcona,493509.0666,5458924.2592
Mischief,2017,9,3,15,20,7XX POWELL ST,Strathcona,493509.0666,5458924.2592
Mischief,2017,9,12,11,56,7XX POWELL ST,Strathcona,493509.0666,5458924.2592
Mischief,2017,12,1,21,0,7XX POWELL ST,Strathcona,493545.7215,5458923.1468
Mischief,2017,9,25,8,0,7XX PRIOR ST,Strathcona,493481.3323,5458202.9855
Mischief,2017,8,15,0,0,7XX PRIOR ST,Strathcona,493581.2227,5458208.8776
Mischief,2017,8,17,23,23,7XX QUEBEC ST,Central Business District,492577.0989,5458416.3849
Mischief,2017,4,7,23,2,7XX RICHARDS ST,Central Business District,491476.8117,5458657.923
Mischief,2017,10,21,23,30,7XX RICHARDS ST,Central Business District,491548.989,5458717.2612
Mischief,2017,12,16,14,58,7XX RICHARDS ST,Central Business District,491548.989,5458717.2612
Mischief,2017,4,13,13,58,7XX ROBSON ST,Central Business District,491273.4999,5458747.5265
Mischief,2017,12,28,5,30,7XX ROBSON ST,Central Business District,491273.4999,5458747.5265
Mischief,2017,7,7,9,37,7XX ROBSON ST,Central Business District,491281.5324,5458739.6944
Mischief,2017,2,23,17,0,7XX SALSBURY DR,Grandview-Woodland,495024.0556,5458338.2669
Mischief,2017,11,13,22,35,7XX SE MARINE DR,Sunset,493418.9448,5450929.4084
Mischief,2017,6,10,20,38,7XX SEYMOUR ST,Central Business District,491413.6384,5458730.9797
Mischief,2017,6,28,21,18,7XX SEYMOUR ST,Central Business District,491413.6384,5458730.9797
Mischief,2017,6,28,9,30,7XX SEYMOUR ST,Central Business District,491477.846,5458783.0417
Mischief,2017,4,14,18,0,7XX SW MARINE DR,Marpole,490974.9361,5450497.7295
Mischief,2017,9,1,12,35,7XX TEMPLETON DR,Grandview-Woodland,495645.2725,5458367.6113
Mischief,2017,9,11,15,0,7XX TEMPLETON DR,Grandview-Woodland,495645.2725,5458367.6113
Mischief,2017,11,23,14,30,7XX TEMPLETON DR,Grandview-Woodland,495645.2725,5458367.6113
Mischief,2017,11,5,18,0,7XX TERMINAL AVE,Strathcona,493541.2994,5457587.2146
Mischief,2017,7,6,20,30,7XX TERMINAL AVE,Strathcona,493611.2557,5457569.0425
Mischief,2017,6,18,5,13,7XX THURLOW ST,West End,490972.0608,5459146.8985
Mischief,2017,3,30,23,49,7XX UNION ST,Strathcona,493479.9856,5458301.9865
Mischief,2017,5,1,18,30,7XX UNION ST,Strathcona,493521.265,5458310.3095
Mischief,2017,7,25,21,27,7XX W 12TH AVE,Fairview,491247.2998,5456426.832
Mischief,2017,11,25,18,0,7XX W 14TH AVE,Fairview,491256.7114,5456207.3645
Mischief,2017,9,4,18,15,7XX W 15TH AVE,Fairview,491167.4033,5456118.1177
Mischief,2017,1,7,2,0,7XX W 16TH AVE,Fairview,491136.6601,5456040.0797
Mischief,2017,9,9,19,0,7XX W 16TH AVE,Fairview,491136.6601,5456040.0797
Mischief,2017,12,1,17,0,7XX W 16TH AVE,South Cambie,491257.2639,5456026.3478
Mischief,2017,6,27,16,23,7XX W 19TH AVE,South Cambie,491241.2089,5455727.4187
Mischief,2017,12,7,19,30,7XX W 23RD AVE,South Cambie,491242.003,5455325.9777
Mischief,2017,3,30,0,0,7XX W 61ST AVE,Marpole,491088.5339,5451373.6029
Mischief,2017,11,19,21,0,7XX W 68TH AVE,Marpole,491161.2718,5450830.0368
Mischief,2017,8,5,0,0,7XX W 68TH AVE,Marpole,491215.8765,5450837.8371
Mischief,2017,5,15,0,0,7XX W 68TH AVE,Marpole,491226.0201,5450828.4402
Mischief,2017,11,19,23,0,7XX W 68TH AVE,Marpole,491226.0201,5450828.4402
Mischief,2017,9,24,21,0,7XX W 70TH AVE,Marpole,491040.0261,5450634.1049
Mischief,2017,4,22,22,24,7XX W 70TH AVE,Marpole,491134.5538,5450639.0036
Mischief,2017,12,5,16,0,7XX W 7TH AVE,Fairview,491188.5279,5456926.2539
Mischief,2017,6,5,13,0,7XX W 7TH AVE,Fairview,491218.8264,5456934.8817
Mischief,2017,6,19,21,15,7XX W 7TH AVE,Fairview,491218.8264,5456934.8817
Mischief,2017,1,14,14,0,7XX W 7TH AVE,Fairview,491237.8517,5456925.4114
Mischief,2017,1,13,18,0,7XX W 7TH AVE,Fairview,491246.2285,5456934.4136
Mischief,2017,11,26,0,0,7XX W 7TH AVE,Fairview,491251.7089,5456934.32
Mischief,2017,9,20,5,14,7XX W BROADWAY AVE,Fairview,491172.2681,5456739.2076
Mischief,2017,4,11,14,29,7XX W BROADWAY AVE,Fairview,491205.4662,5456729.413
Mischief,2017,10,31,6,46,7XX W BROADWAY AVE,Fairview,491205.4662,5456729.413
Mischief,2017,12,1,10,30,7XX W BROADWAY AVE,Fairview,491259.368,5456737.5055
Mischief,2017,12,26,17,0,7XX W BROADWAY AVE,Fairview,491259.368,5456737.5055
Mischief,2017,12,26,18,0,7XX W BROADWAY AVE,Fairview,491259.368,5456737.5055
Mischief,2017,4,15,2,8,7XX W BROADWAY AVE,Fairview,491272.6202,5456728.1008
Mischief,2017,2,14,9,15,7XX W GEORGIA ST,Central Business District,491402.7991,5458863.8718
Mischief,2017,3,2,13,48,7XX W GEORGIA ST,Central Business District,491402.7991,5458863.8718
Mischief,2017,5,4,17,50,7XX W GEORGIA ST,Central Business District,491402.7991,5458863.8718
Mischief,2017,1,26,0,0,7XX W GEORGIA ST,Central Business District,491407.7443,5458871.8391
Mischief,2017,1,27,16,0,7XX W GEORGIA ST,Central Business District,491407.7443,5458871.8391
Mischief,2017,2,10,6,29,7XX W GEORGIA ST,Central Business District,491407.7443,5458871.8391
Mischief,2017,2,20,16,55,7XX W GEORGIA ST,Central Business District,491407.7443,5458871.8391
Mischief,2017,3,3,6,0,7XX W GEORGIA ST,Central Business District,491407.7443,5458871.8391
Mischief,2017,3,26,4,40,7XX W GEORGIA ST,Central Business District,491407.7443,5458871.8391
Mischief,2017,3,27,6,15,7XX W GEORGIA ST,Central Business District,491407.7443,5458871.8391
Mischief,2017,5,23,11,0,7XX W GEORGIA ST,Central Business District,491407.7443,5458871.8391
Mischief,2017,7,12,0,0,7XX W GEORGIA ST,Central Business District,491407.7443,5458871.8391
Mischief,2017,7,21,1,0,7XX W GEORGIA ST,Central Business District,491407.7443,5458871.8391
Mischief,2017,8,5,10,51,7XX W GEORGIA ST,Central Business District,491407.7443,5458871.8391
Mischief,2017,8,19,0,0,7XX W GEORGIA ST,Central Business District,491407.7443,5458871.8391
Mischief,2017,10,4,0,0,7XX W GEORGIA ST,Central Business District,491407.7443,5458871.8391
Mischief,2017,10,5,6,0,7XX W GEORGIA ST,Central Business District,491407.7443,5458871.8391
Mischief,2017,12,11,0,0,7XX W GEORGIA ST,Central Business District,491407.7443,5458871.8391
Mischief,2017,12,13,5,41,7XX W GEORGIA ST,Central Business District,491407.7443,5458871.8391
Mischief,2017,12,13,21,0,7XX W GEORGIA ST,Central Business District,491407.7443,5458871.8391
Mischief,2017,12,14,6,0,7XX W GEORGIA ST,Central Business District,491407.7443,5458871.8391
Mischief,2017,12,30,16,0,7XX W GEORGIA ST,Central Business District,491407.7443,5458871.8391
Mischief,2017,11,24,10,6,7XX W KENT AVE N,Marpole,491202.0499,5450296.0375
Mischief,2017,1,5,9,18,7XX W PENDER ST,Central Business District,491607.7847,5459138.4593
Mischief,2017,5,8,0,0,7XX W PENDER ST,Central Business District,491607.7847,5459138.4593
Mischief,2017,6,20,0,0,7XX W PENDER ST,Central Business District,491607.7847,5459138.4593
Mischief,2017,9,19,0,0,7XX W PENDER ST,Central Business District,491607.7847,5459138.4593
Mischief,2017,7,10,10,0,7XX W PENDER ST,Central Business District,491643.4738,5459104.1741
Mischief,2017,7,24,0,0,7XX W PENDER ST,Central Business District,491643.4738,5459104.1741
Mischief,2017,7,31,22,10,7XX W PENDER ST,Central Business District,491643.4738,5459104.1741
Mischief,2017,8,22,10,5,7XX W PENDER ST,Central Business District,491643.4738,5459104.1741
Mischief,2017,10,5,21,45,7XX W PENDER ST,Central Business District,491643.4738,5459104.1741
Mischief,2017,5,29,16,3,7XX WOODLAND DR,Grandview-Woodland,494706.7373,5458410.6251
Mischief,2017,6,5,22,30,80XX CURATE WYND,Killarney,497887.2452,5451112.6826
Mischief,2017,11,19,23,59,80XX GRANVILLE ST,Marpole,489780.6818,5451128.5336
Mischief,2017,7,11,9,51,80XX NUNAVUT LANE,Marpole,491533.0581,5451029.4574
Mischief,2017,3,2,19,17,80XX NUNAVUT LANE,Marpole,491533.4163,5451043.9066
Mischief,2017,1,14,17,50,80XX OAK ST,Marpole,490529.1279,5451128.108
Mischief,2017,11,15,13,32,81XX GRANVILLE ST,Marpole,489778.7139,5451049.7604
Mischief,2017,8,18,21,30,81XX HUDSON ST,Marpole,490216.0122,5451032.5045
Mischief,2017,8,19,1,0,81XX HUDSON ST,Marpole,490225.2686,5451037.0277
Mischief,2017,8,2,17,50,81XX LAVAL PL,Killarney,497877.1998,5450995.1413
Mischief,2017,8,31,5,0,81XX ONTARIO ST,Marpole,492228.3907,5450918.6706
Mischief,2017,8,22,11,30,81XX ONTARIO ST,Marpole,492228.66,5450926.3056
Mischief,2017,3,21,0,0,82XX ELLIOTT ST,Victoria-Fraserview,495914.6325,5450663.962
Mischief,2017,9,20,20,0,82XX GRANVILLE ST,Marpole,489777.7612,5451011.5137
Mischief,2017,6,23,0,0,82XX MAIN ST,Sunset,492543.3472,5450763.2422
Mischief,2017,4,19,2,38,82XX MONTCALM ST,Marpole,490123.8318,5450947.4168
Mischief,2017,10,30,2,10,82XX OAK ST,Marpole,490514.3768,5450929.1527
Mischief,2017,9,20,21,30,82XX OAK ST,Marpole,490524.6674,5450969.7336
Mischief,2017,9,22,21,0,82XX OAK ST,Marpole,490524.8923,5450977.7207
Mischief,2017,11,10,12,30,82XX OAK ST,Marpole,490524.8923,5450977.7207
Mischief,2017,9,5,8,15,83XX CAPRI CRES,Killarney,497998.8635,5450617.3941
Mischief,2017,3,7,0,1,83XX CHATEAU PL,Kerrisdale,488935.6556,5450758.927
Mischief,2017,12,6,15,15,83XX EAST BLVD,Marpole,489398.7707,5450972.7756
Mischief,2017,1,15,16,40,83XX GRANVILLE ST,Marpole,489766.2398,5450913.7798
Mischief,2017,6,21,10,15,83XX GRANVILLE ST,Marpole,489774.485,5450880.4185
Mischief,2017,10,16,0,56,84XX CAMBIE ST,Marpole,491458.8149,5450674.0814
Mischief,2017,2,20,15,45,84XX CORNISH ST,Marpole,489655.3482,5450771.1837
Mischief,2017,7,23,23,30,84XX GLADSTONE ST,Victoria-Fraserview,495486.2893,5450597.7989
Mischief,2017,7,24,0,40,84XX GLADSTONE ST,Victoria-Fraserview,495486.2893,5450597.7989
Mischief,2017,7,2,21,0,84XX GLADSTONE ST,Victoria-Fraserview,495490.7226,5450605.9104
Mischief,2017,3,5,1,28,84XX GRANVILLE ST,Marpole,489771.7671,5450774.4797
Mischief,2017,1,28,0,0,84XX JELLICOE ST,Killarney,496530.3063,5450490.0434
Mischief,2017,9,5,22,0,84XX JELLICOE ST,Killarney,496530.3158,5450481.4711
Mischief,2017,8,19,18,20,84XX LAUREL ST,Marpole,490823.6994,5450797.6308
Mischief,2017,1,21,19,45,84XX MAIN ST,Sunset,492539.1739,5450630.7688
Mischief,2017,5,24,14,0,84XX OAK ST,Marpole,490519.6255,5450760.1045
Mischief,2017,8,17,22,0,84XX SHAUGHNESSY ST,Marpole,490612.6199,5450753.6534
Mischief,2017,8,18,6,30,84XX SHAUGHNESSY ST,Marpole,490621.8323,5450756.6169
Mischief,2017,9,4,0,45,85XX GRANVILLE ST,Marpole,489760.7975,5450702.6809
Mischief,2017,12,19,22,47,85XX HUDSON ST,Marpole,490208.3369,5450689.5488
Mischief,2017,12,15,17,33,85XX OAK ST,Marpole,490517.9031,5450680.2723
Mischief,2017,4,12,10,50,86XX ASH ST,Marpole,491332.8753,5450497.5787
Mischief,2017,9,14,10,39,86XX FRASER ST,Sunset,493359.8236,5450429.0229
Mischief,2017,5,21,22,0,86XX FREMLIN ST,Marpole,490716.8051,5450625.7678
Mischief,2017,12,3,18,0,86XX FRENCH ST,Marpole,489861.1595,5450500.1669
Mischief,2017,3,4,2,16,86XX GRANVILLE ST,Marpole,489768.4157,5450642.4496
Mischief,2017,12,16,11,30,86XX HEATHER ST,Marpole,490946.508,5450581.2484
Mischief,2017,12,17,19,15,86XX HEATHER ST,Marpole,490946.508,5450581.2484
Mischief,2017,10,12,1,39,86XX LAUREL ST,Marpole,490797.2231,5450504.2817
Mischief,2017,1,1,19,23,86XX LAUREL ST,Marpole,490798.3466,5450537.8876
Mischief,2017,12,30,2,30,86XX LAUREL ST,Marpole,490800.6849,5450569.9305
Mischief,2017,12,25,0,0,86XX LOGAN ST,Marpole,490889.7741,5450555.9029
Mischief,2017,3,17,20,14,86XX LOGAN ST,Marpole,490901.1631,5450619.749
Mischief,2017,6,17,0,10,86XX OAK ST,Marpole,490514.5547,5450550.2274
Mischief,2017,12,3,9,30,86XX OSLER ST,Marpole,490406.7523,5450562.9578
Mischief,2017,6,21,22,40,86XX SELKIRK ST,Marpole,490286.2284,5450603.7664
Mischief,2017,8,18,19,0,86XX SELKIRK ST,Marpole,490295.9817,5450635.7162
Mischief,2017,11,3,9,0,86XX SHAUGHNESSY ST,Marpole,490607.766,5450525.6334
Mischief,2017,12,10,19,0,86XX SHAUGHNESSY ST,Marpole,490607.766,5450525.6334
Mischief,2017,12,17,8,15,86XX SHAUGHNESSY ST,Marpole,490616.1712,5450489.0032
Mischief,2017,3,3,17,11,87XX CARTIER ST,Marpole,489970.8601,5450351.4487
Mischief,2017,12,3,19,11,87XX FRENCH ST,Marpole,489860.673,5450480.5206
Mischief,2017,6,28,12,0,87XX GRANVILLE ST,Marpole,489752.461,5450371.5125
Mischief,2017,2,27,20,0,87XX HUDSON ST,Marpole,490185.1491,5450365.7783
Mischief,2017,3,1,18,0,87XX MONTCALM ST,Marpole,490073.3585,5450417.1089
Mischief,2017,6,19,11,0,87XX MONTCALM ST,Marpole,490083.5749,5450460.7128
Mischief,2017,5,21,12,0,87XX OAK ST,Marpole,490502.2564,5450417.9963
Mischief,2017,5,2,19,0,87XX OSLER ST,Marpole,490402.1101,5450411.7026
Mischief,2017,12,17,12,3,87XX OSLER ST,Marpole,490410.923,5450395.8962
Mischief,2017,11,3,15,32,87XX SELKIRK ST,Marpole,490290.9824,5450412.4745
Mischief,2017,6,19,20,36,87XX SW MARINE DR,Marpole,489638.4107,5450386.6332
Mischief,2017,5,31,12,0,87XX SW MARINE DR,Marpole,489641.0838,5450444.7442
Mischief,2017,1,1,11,9,88XX HUDSON ST,Marpole,490192.4127,5450284.381
Mischief,2017,8,22,22,0,88XX MONTCALM ST,Marpole,490070.2092,5450290.4017
Mischief,2017,1,16,17,0,88XX OAK STREET BRDG,Marpole,490533.6772,5450281.3385
Mischief,2017,3,13,22,0,8X E 13TH AVE,Mount Pleasant,492478.0843,5456286.4029
Mischief,2017,10,12,9,0,8X E 13TH AVE,Mount Pleasant,492478.0843,5456286.4029
Mischief,2017,11,19,13,0,8X E 13TH AVE,Mount Pleasant,492478.0843,5456286.4029
Mischief,2017,11,10,0,0,8X E 18TH AVE,Riley Park,492439.0595,5455772.9123
Mischief,2017,9,12,8,0,8X E CORDOVA ST,Central Business District,492537.9986,5458853.3741
Mischief,2017,8,6,12,33,8X EXPO BLVD,Central Business District,492269.1221,5458380.8897
Mischief,2017,6,9,2,40,8X PACIFIC BLVD,Central Business District,492266.4699,5458261.6836
Mischief,2017,11,5,16,0,8X PACIFIC BLVD,Central Business District,492266.4699,5458261.6836
Mischief,2017,5,5,14,47,8X SE MARINE DR,Sunset,492408.113,5450989.1962
Mischief,2017,3,2,18,0,8X SW MARINE DR,Marpole,492125.8947,5451063.2295
Mischief,2017,3,13,18,0,8X SW MARINE DR,Marpole,492125.8947,5451063.2295
Mischief,2017,3,16,10,47,8X SW MARINE DR,Marpole,492125.8947,5451063.2295
Mischief,2017,11,16,11,33,8X SW MARINE DR,Marpole,492125.8947,5451063.2295
Mischief,2017,12,4,20,9,8X SW MARINE DR,Marpole,492125.8947,5451063.2295
Mischief,2017,8,8,20,0,8X W 19TH AVE,Riley Park,492231.147,5455670.5163
Mischief,2017,11,14,3,0,8X W 1ST AVE,Mount Pleasant,492272.5777,5457513.4638
Mischief,2017,5,20,0,1,8X W 41ST AVE,Oakridge,492164.6527,5453384.4338
Mischief,2017,10,20,18,0,8X W CORDOVA ST,Central Business District,492271.7059,5458906.8915
Mischief,2017,1,16,4,13,8X W PENDER ST,Central Business District,492206.8702,5458693.4618
Mischief,2017,4,29,16,0,8X W PENDER ST,Central Business District,492206.8702,5458693.4618
Mischief,2017,7,24,3,47,8X W PENDER ST,Central Business District,492206.8702,5458693.4618
Mischief,2017,7,27,18,0,8X W PENDER ST,Central Business District,492206.8702,5458693.4618
Mischief,2017,11,14,10,0,8X W PENDER ST,Central Business District,492206.8702,5458693.4618
Mischief,2017,12,8,1,30,8X W PENDER ST,Central Business District,492206.8702,5458693.4618
Mischief,2017,5,9,3,27,8X W PENDER ST,Central Business District,492214.4911,5458700.8484
Mischief,2017,7,19,2,30,8X W PENDER ST,Central Business District,492224.8205,5458688.522
Mischief,2017,8,7,19,10,8XX AVISON WAY,Stanley Park,490531.2051,5460907.1265
Mischief,2017,9,14,18,28,8XX AVISON WAY,Stanley Park,490536.128,5460885.8119
Mischief,2017,5,4,20,59,8XX BEACH AVE,Central Business District,490346.1199,5458066.3545
Mischief,2017,5,3,13,0,8XX BEATTY ST,Central Business District,491645.2231,5458249.3642
Mischief,2017,12,27,21,15,8XX BEATTY ST,Central Business District,491645.2231,5458249.3642
Mischief,2017,10,15,19,30,8XX BEATTY ST,Central Business District,491647.7859,5458264.7985
Mischief,2017,5,16,17,30,8XX BEATTY ST,Central Business District,491665.7997,5458282.6923
Mischief,2017,6,20,12,33,8XX BEATTY ST,Central Business District,491708.1753,5458311.8974
Mischief,2017,11,3,21,45,8XX BEATTY ST,Central Business District,491708.1753,5458311.8974
Mischief,2017,5,15,13,57,8XX BURRARD ST,Central Business District,490967.8782,5458848.0228
Mischief,2017,6,1,19,0,8XX BURRARD ST,Central Business District,491011.0801,5458890.9937
Mischief,2017,1,22,1,0,8XX BURRARD ST,Central Business District,491058.9779,5458938.635
Mischief,2017,11,1,10,3,8XX BURRARD ST,Central Business District,491058.9779,5458938.635
Mischief,2017,3,20,7,51,8XX BURRARD ST,Central Business District,491070.8735,5458950.4669
Mischief,2017,6,30,14,11,8XX BURRARD ST,Central Business District,491070.8735,5458950.4669
Mischief,2017,12,22,8,9,8XX BURRARD ST,Central Business District,491070.8735,5458950.4669
Mischief,2017,7,24,18,0,8XX CAMBIE ST,Central Business District,491564.3807,5458311.5238
Mischief,2017,8,12,13,31,8XX CAMBIE ST,Central Business District,491625.9024,5458371.6505
Mischief,2017,5,14,17,19,8XX CHILCO ST,West End,489941.5268,5460078.0411
Mischief,2017,4,1,17,10,8XX DENMAN ST,West End,490074.481,5459785.5617
Mischief,2017,6,9,12,1,8XX DENMAN ST,West End,490074.481,5459785.5617
Mischief,2017,2,26,3,45,8XX DRAKE ST,Central Business District,490628.2456,5458227.8681
Mischief,2017,4,13,20,0,8XX DUNLEVY AVE,Strathcona,493054.2596,5458279.1177
Mischief,2017,4,12,12,0,8XX DUNSMUIR ST,Central Business District,491400.2333,5459120.9457
Mischief,2017,7,9,20,30,8XX E 14TH AVE,Mount Pleasant,493653.9385,5456127.1149
Mischief,2017,5,8,12,0,8XX E 16TH AVE,Kensington-Cedar Cottage,493738.3905,5455954.6136
Mischief,2017,12,6,0,0,8XX E 18TH AVE,Kensington-Cedar Cottage,493656.1247,5455755.4607
Mischief,2017,7,9,21,30,8XX E 22ND AVE,Kensington-Cedar Cottage,493660.7902,5455363.9378
Mischief,2017,1,21,19,0,8XX E 37TH AVE,Kensington-Cedar Cottage,493590.8104,5453748.3246
Mischief,2017,9,9,2,11,8XX E 45TH AVE,Sunset,493657.3636,5452934.4718
Mischief,2017,12,8,22,52,8XX E 52ND AVE,Sunset,493661.4828,5452217.552
Mischief,2017,2,3,22,30,8XX E 58TH AVE,Sunset,493611.7663,5451618.6497
Mischief,2017,2,9,7,52,8XX E 58TH AVE,Sunset,493611.7663,5451618.6497
Mischief,2017,7,30,14,0,8XX E 7TH AVE,Mount Pleasant,493745.1956,5456837.1221
Mischief,2017,8,20,1,42,8XX E BROADWAY AVE,Mount Pleasant,493678.941,5456641.9442
Mischief,2017,12,30,22,0,8XX E CORDOVA ST,Strathcona,493684.8568,5458809.1813
Mischief,2017,3,11,11,16,8XX E CORDOVA ST,Strathcona,493727.8248,5458839.1799
Mischief,2017,12,19,19,30,8XX E CORDOVA ST,Strathcona,493779.9268,5458857.9562
Mischief,2017,9,13,21,0,8XX E GEORGIA ST,Strathcona,493656.592,5458398.0096
Mischief,2017,8,5,0,49,8XX E HASTINGS ST,Strathcona,493665.6868,5458703.1487
Mischief,2017,11,19,12,0,8XX E HASTINGS ST,Strathcona,493665.6868,5458703.1487
Mischief,2017,5,3,11,49,8XX E HASTINGS ST,Strathcona,493777.8687,5458699.4973
Mischief,2017,8,16,20,12,8XX E HASTINGS ST,Strathcona,493789.4682,5458708.2684
Mischief,2017,1,15,13,46,8XX E PENDER ST,Strathcona,493690.5449,5458598.2852
Mischief,2017,11,9,18,0,8XX GILFORD ST,West End,490003.2958,5459938.3914
Mischief,2017,10,9,7,20,8XX GRANVILLE ST,Central Business District,491179.9241,5458628.6107
Mischief,2017,5,11,5,43,8XX GRANVILLE ST,Central Business District,491179.9559,5458641.6221
Mischief,2017,7,22,6,5,8XX GRANVILLE ST,Central Business District,491179.9559,5458641.6221
Mischief,2017,9,4,19,40,8XX GRANVILLE ST,Central Business District,491179.9559,5458641.6221
Mischief,2017,9,6,0,39,8XX GRANVILLE ST,Central Business District,491179.9559,5458641.6221
Mischief,2017,9,8,9,7,8XX GRANVILLE ST,Central Business District,491179.9559,5458641.6221
Mischief,2017,12,5,4,0,8XX GRANVILLE ST,Central Business District,491179.9559,5458641.6221
Mischief,2017,12,29,20,9,8XX GRANVILLE ST,Central Business District,491179.9559,5458641.6221
Mischief,2017,1,18,7,41,8XX GRANVILLE ST,Central Business District,491190.9813,5458652.7295
Mischief,2017,9,2,17,34,8XX GRANVILLE ST,Central Business District,491190.9813,5458652.7295
Mischief,2017,9,26,15,2,8XX GRANVILLE ST,Central Business District,491230.5943,5458679.6577
Mischief,2017,4,1,0,7,8XX GRANVILLE ST,Central Business District,491285.6749,5458735.1475
Mischief,2017,2,14,5,22,8XX GREAT NORTHERN WAY,Strathcona,493822.3157,5457023.3463
Mischief,2017,8,4,4,43,8XX GREAT NORTHERN WAY,Strathcona,493822.3157,5457023.3463
Mischief,2017,1,26,5,50,8XX GRIFFITHS WAY,Central Business District,492026.4501,5458303.3812
Mischief,2017,12,12,1,0,8XX HAMILTON ST,Central Business District,491457.0123,5458353.6254
Mischief,2017,1,7,22,0,8XX HAMILTON ST,Central Business District,491470.4421,5458367.7823
Mischief,2017,8,27,19,30,8XX HAMILTON ST,Central Business District,491472.2909,5458356.5414
Mischief,2017,11,15,12,33,8XX HAMILTON ST,Central Business District,491472.2909,5458356.5414
Mischief,2017,3,19,1,0,8XX HAMILTON ST,Central Business District,491472.6187,5458370.0324
Mischief,2017,12,26,14,0,8XX HAMILTON ST,Central Business District,491514.0165,5458399.6764
Mischief,2017,5,9,16,11,8XX HAMILTON ST,Central Business District,491524.3902,5458410.4003
Mischief,2017,12,26,17,0,8XX HAMILTON ST,Central Business District,491524.3902,5458410.4003
Mischief,2017,9,5,10,53,8XX HAMILTON ST,Central Business District,491566.2548,5458453.6788
Mischief,2017,3,4,5,3,8XX HOMER ST,Central Business District,491395.6117,5458433.312
Mischief,2017,3,21,11,46,8XX HOMER ST,Central Business District,491395.6117,5458433.312
Mischief,2017,7,4,0,8,8XX HOMER ST,Central Business District,491395.6117,5458433.312
Mischief,2017,7,10,7,0,8XX HOMER ST,Central Business District,491478.9954,5458504.3177
Mischief,2017,2,27,11,20,8XX HOMER ST,Central Business District,491492.1295,5458517.5463
Mischief,2017,1,5,23,30,8XX HORNBY ST,Central Business District,491062.1526,5458806.9684
Mischief,2017,3,30,0,49,8XX HORNBY ST,Central Business District,491068.0022,5458812.8788
Mischief,2017,4,24,3,52,8XX HORNBY ST,Central Business District,491126.5922,5458872.0813
Mischief,2017,4,24,5,24,8XX HORNBY ST,Central Business District,491126.5922,5458872.0813
Mischief,2017,6,30,18,0,8XX HORNBY ST,Central Business District,491144.3589,5458877.0343
Mischief,2017,7,12,16,30,8XX HORNBY ST,Central Business District,491144.3589,5458877.0343
Mischief,2017,10,2,10,0,8XX HORNBY ST,Central Business District,491144.3589,5458877.0343
Mischief,2017,2,26,15,32,8XX HOWE ST,Central Business District,491166.1481,5458763.207
Mischief,2017,10,21,18,30,8XX HOWE ST,Central Business District,491166.1481,5458763.207
Mischief,2017,1,16,11,0,8XX HOWE ST,Central Business District,491179.9621,5458776.8478
Mischief,2017,11,27,16,29,8XX HOWE ST,Central Business District,491179.9621,5458776.8478
Mischief,2017,8,11,14,50,8XX HOWE ST,Central Business District,491211.1982,5458807.691
Mischief,2017,12,2,21,0,8XX JERVIS ST,West End,490610.6809,5459319.0407
Mischief,2017,5,12,22,29,8XX JERVIS ST,West End,490652.152,5459362.034
Mischief,2017,5,24,17,0,8XX JERVIS ST,West End,490652.152,5459362.034
Mischief,2017,8,24,0,42,8XX JERVIS ST,West End,490652.152,5459362.034
Mischief,2017,1,18,17,30,8XX KEEFER ST,Strathcona,493659.8327,5458498.5091
Mischief,2017,2,4,14,0,8XX KEEFER ST,Strathcona,493659.8327,5458498.5091
Mischief,2017,4,4,19,0,8XX KEEFER ST,Strathcona,493692.711,5458506.6098
Mischief,2017,1,27,13,0,8XX LAGOON DR,West End,489931.0551,5460083.3221
Mischief,2017,9,27,7,57,8XX MAIN ST,Strathcona,492750.3086,5458315.6345
Mischief,2017,8,1,22,14,8XX MCLEAN DR,Grandview-Woodland,494611.6709,5458321.0979
Mischief,2017,8,7,21,0,8XX MCLEAN DR,Grandview-Woodland,494611.6709,5458321.0979
Mischief,2017,1,20,2,35,8XX NELSON ST,Central Business District,490967.7972,5458584.3761
Mischief,2017,7,18,14,24,8XX NELSON ST,Central Business District,490967.7972,5458584.3761
Mischief,2017,2,24,1,25,8XX PACIFIC ST,Central Business District,490448.6475,5458166.9152
Mischief,2017,2,4,12,0,8XX PENTICTON ST,Hastings-Sunrise,496221.4099,5458298.4001
Mischief,2017,7,4,1,20,8XX POWELL ST,Strathcona,493719.2956,5458907.6981
Mischief,2017,6,7,19,11,8XX PRINCESS AVE,Strathcona,493338.5585,5458308.9424
Mischief,2017,10,12,15,0,8XX QUEBEC ST,Central Business District,492577.0159,5458324.9521
Mischief,2017,8,20,14,25,8XX RICHARDS ST,Central Business District,491390.0339,5458570.9032
Mischief,2017,9,4,19,8,8XX RICHARDS ST,Central Business District,491390.0339,5458570.9032
Mischief,2017,11,5,0,0,8XX RICHARDS ST,Central Business District,491424.4819,5458592.5576
Mischief,2017,11,9,21,15,8XX RICHARDS ST,Central Business District,491424.4819,5458592.5576
Mischief,2017,11,28,16,37,8XX RICHARDS ST,Central Business District,491424.4819,5458592.5576
Mischief,2017,12,15,9,15,8XX RICHARDS ST,Central Business District,491424.4819,5458592.5576
Mischief,2017,7,12,21,27,8XX ROBSON ST,Central Business District,491204.8396,5458814.6891
Mischief,2017,7,26,17,30,8XX ROBSON ST,Central Business District,491204.8396,5458814.6891
Mischief,2017,3,30,14,0,8XX SEYMOUR ST,Central Business District,491248.8038,5458550.9014
Mischief,2017,4,20,0,0,8XX SEYMOUR ST,Central Business District,491248.8038,5458550.9014
Mischief,2017,10,17,15,0,8XX SEYMOUR ST,Central Business District,491248.8038,5458550.9014
Mischief,2017,12,28,18,30,8XX SEYMOUR ST,Central Business District,491248.8038,5458550.9014
Mischief,2017,5,3,2,27,8XX SEYMOUR ST,Central Business District,491316.8667,5458632.8979
Mischief,2017,5,27,2,26,8XX SEYMOUR ST,Central Business District,491359.5315,5458663.1174
Mischief,2017,6,6,9,9,8XX SEYMOUR ST,Central Business District,491359.5315,5458663.1174
Mischief,2017,7,13,0,53,8XX SEYMOUR ST,Central Business District,491359.5315,5458663.1174
Mischief,2017,8,1,22,36,8XX SEYMOUR ST,Central Business District,491359.5315,5458663.1174
Mischief,2017,11,9,22,10,8XX SEYMOUR ST,Central Business District,491359.5315,5458663.1174
Mischief,2017,4,2,11,30,8XX SMITHE ST,Central Business District,491089.957,5458698.2236
Mischief,2017,7,15,3,11,8XX SMITHE ST,Central Business District,491089.957,5458698.2236
Mischief,2017,11,12,3,50,8XX SW MARINE DR,Marpole,490871.1179,5450432.4614
Mischief,2017,12,13,8,0,8XX SW MARINE DR,Marpole,490884.794,5450462.1898
Mischief,2017,4,3,3,17,8XX TERMINAL AVE,Strathcona,493866.7122,5457463.8013
Mischief,2017,5,27,7,57,8XX THURLOW ST,West End,490874.8826,5459062.1687
Mischief,2017,3,17,22,0,8XX UNION ST,Strathcona,493658.6951,5458296.6658
Mischief,2017,11,15,13,30,8XX UNION ST,Strathcona,493671.613,5458296.3469
Mischief,2017,12,9,6,45,8XX W 10TH AVE,Fairview,491013.8928,5456627.4988
Mischief,2017,3,17,19,6,8XX W 10TH AVE,Fairview,491073.7343,5456635.1534
Mischief,2017,9,13,7,46,8XX W 12TH AVE,Fairview,490973.5303,5456425.0269
Mischief,2017,10,18,18,30,8XX W 12TH AVE,Fairview,490986.1313,5456433.7819
Mischief,2017,7,24,18,45,8XX W 12TH AVE,Fairview,491033.0002,5456432.316
Mischief,2017,7,9,10,42,8XX W 24TH AVE,South Cambie,490967.7983,5455266.8145
Mischief,2017,7,13,0,0,8XX W 46TH AVE,Oakridge,490838.2031,5452949.8093
Mischief,2017,10,31,22,0,8XX W 54TH AVE,Oakridge,490982.8376,5452077.6606
Mischief,2017,9,18,22,20,8XX W 62ND AVE,Marpole,490969.6495,5451318.9491
Mischief,2017,10,25,15,0,8XX W 68TH AVE,Marpole,490952.0671,5450794.544
Mischief,2017,12,15,10,0,8XX W 69TH AVE,Marpole,490905.6191,5450723.9416
Mischief,2017,11,24,1,47,8XX W 6TH AVE,Fairview,491107.777,5457020.8053
Mischief,2017,6,11,12,9,8XX W 7TH AVE,Fairview,491119.2193,5456936.758
Mischief,2017,10,18,18,0,8XX W 8TH AVE,Fairview,491130.1797,5456832.74
Mischief,2017,11,11,14,29,8XX W 8TH AVE,Fairview,491130.1797,5456832.74
Mischief,2017,11,1,20,30,8XX W BROADWAY AVE,Fairview,490973.8325,5456736.4186
Mischief,2017,10,31,17,30,8XX W BROADWAY AVE,Fairview,490996.1962,5456744.7909
Mischief,2017,8,7,9,0,8XX W BROADWAY AVE,Fairview,491122.1739,5456740.4123
Mischief,2017,12,3,13,0,8XX W BROADWAY AVE,Fairview,491122.1739,5456740.4123
Mischief,2017,8,15,2,28,8XX W CORDOVA ST,Central Business District,491711.8384,5459324.8971
Mischief,2017,5,2,18,47,8XX W GEORGIA ST,Central Business District,491279.7136,5459000.0143
Mischief,2017,5,21,17,8,8XX W GEORGIA ST,Central Business District,491279.7136,5459000.0143
Mischief,2017,5,27,19,24,8XX W GEORGIA ST,Central Business District,491279.7136,5459000.0143
Mischief,2017,7,12,1,40,8XX W GEORGIA ST,Central Business District,491279.7136,5459000.0143
Mischief,2017,8,3,3,35,8XX W GEORGIA ST,Central Business District,491279.7136,5459000.0143
Mischief,2017,12,1,23,30,8XX W GEORGIA ST,Central Business District,491279.7136,5459000.0143
Mischief,2017,12,3,18,27,8XX W GEORGIA ST,Central Business District,491279.7136,5459000.0143
Mischief,2017,12,30,18,18,8XX W GEORGIA ST,Central Business District,491279.7136,5459000.0143
Mischief,2017,1,8,22,26,8XX W GEORGIA ST,Central Business District,491334.185,5458944.5383
Mischief,2017,7,11,14,15,8XX W HASTINGS ST,Central Business District,491624.1082,5459282.7766
Mischief,2017,12,10,10,0,8XX W HASTINGS ST,Central Business District,491624.1082,5459282.7766
Mischief,2017,12,14,22,12,8XX W HASTINGS ST,Central Business District,491635.3908,5459258.5407
Mischief,2017,8,2,8,35,8XX W HASTINGS ST,Central Business District,491641.9795,5459251.9436
Mischief,2017,12,14,21,53,8XX W PENDER ST,Central Business District,491514.9848,5459240.1729
Mischief,2017,11,14,7,9,8XX W PENDER ST,Central Business District,491570.9721,5459173.8223
Mischief,2017,8,4,14,0,91XX STANLEY PARK DR,Stanley Park,489281.6264,5459831.3401
Mischief,2017,5,23,10,50,92XX HUDSON ST,Marpole,490150.9982,5449861.7366
Mischief,2017,12,20,16,0,9X E 14TH AVE,Mount Pleasant,492479.9652,5456194.4002
Mischief,2017,3,21,19,0,9X E 2ND AVE,Mount Pleasant,492518.3892,5457399.3321
Mischief,2017,3,11,8,22,9X E 32ND AVE,Riley Park,492482.4041,5454370.1369
Mischief,2017,4,10,14,0,9X E HASTINGS ST,Central Business District,492546.4815,5458739.5604
Mischief,2017,9,25,12,54,9X E HASTINGS ST,Central Business District,492546.4815,5458739.5604
Mischief,2017,1,12,5,0,9X E HASTINGS ST,Central Business District,492555.06,5458748.4351
Mischief,2017,6,26,19,15,9X E HASTINGS ST,Central Business District,492555.06,5458748.4351
Mischief,2017,1,4,20,54,9X E PENDER ST,Central Business District,492557.4021,5458641.9366
Mischief,2017,10,23,7,48,9X KEEFER PL,Central Business District,492176.2531,5458550.3449
Mischief,2017,6,16,23,53,9X POWELL ST,Central Business District,492551.8633,5458953.2447
Mischief,2017,7,11,3,33,9X TROUNCE ALLY,Central Business District,492251.9416,5458969.4422
Mischief,2017,10,14,9,47,9X W CORDOVA ST,Central Business District,492250.5644,5458913.2973
Mischief,2017,3,25,1,5,9X W PENDER ST,Central Business District,492183.8782,5458709.2725
Mischief,2017,1,1,1,39,9X WATER ST,Central Business District,492273.8306,5459012.7604
Mischief,2017,2,15,3,50,9XX BEACH AVE,Central Business District,490330.956,5458081.2118
Mischief,2017,5,14,22,0,9XX BEACH AVE,Central Business District,490330.956,5458081.2118
Mischief,2017,1,8,0,0,9XX BEACH AVE,Central Business District,490337.9031,5458074.3935
Mischief,2017,3,25,4,20,9XX BEATTY ST,Central Business District,491546.8477,5458164.5817
Mischief,2017,3,21,19,15,9XX BURRARD ST,West End,490870.3933,5458765.9317
Mischief,2017,7,25,16,40,9XX BURRARD ST,Central Business District,490889.6263,5458771.9423
Mischief,2017,12,25,9,30,9XX BURRARD ST,Central Business District,490908.075,5458789.9723
Mischief,2017,4,23,16,30,9XX BURRARD ST,West End,490938.7233,5458832.2216
Mischief,2017,7,22,22,19,9XX BURRARD ST,Central Business District,490952.9374,5458833.2026
Mischief,2017,9,26,7,50,9XX BURRARD ST,Central Business District,490952.9374,5458833.2026
Mischief,2017,11,14,5,27,9XX BURRARD ST,Central Business District,490952.9374,5458833.2026
Mischief,2017,11,17,7,30,9XX BURRARD ST,Central Business District,490952.9374,5458833.2026
Mischief,2017,12,2,17,2,9XX BURRARD ST,Central Business District,490952.9374,5458833.2026
Mischief,2017,9,28,20,41,9XX BUTE ST,West End,490587.7335,5459088.5276
Mischief,2017,3,19,18,0,9XX BUTE ST,West End,490613.5692,5459102.1885
Mischief,2017,3,29,23,59,9XX CAMBIE ST,Central Business District,491475.3882,5458216.7298
Mischief,2017,4,1,22,0,9XX CAMBIE ST,Central Business District,491475.3882,5458216.7298
Mischief,2017,9,27,22,30,9XX CAMBIE ST,Central Business District,491494.1427,5458236.8199
Mischief,2017,1,23,9,26,9XX CAMBIE ST,Central Business District,491522.3969,5458268.7109
Mischief,2017,9,19,12,10,9XX CAMBIE ST,Central Business District,491522.3969,5458268.7109
Mischief,2017,2,18,3,52,9XX CANADA PL,Central Business District,491612.8672,5459491.059
Mischief,2017,2,23,7,0,9XX CANADA PL,Central Business District,491612.8672,5459491.059
Mischief,2017,2,23,8,30,9XX CANADA PL,Central Business District,491612.8672,5459491.059
Mischief,2017,4,1,18,30,9XX CANADA PL,Central Business District,491612.8672,5459491.059
Mischief,2017,12,1,1,12,9XX CANADA PL,Central Business District,491612.8672,5459491.059
Mischief,2017,3,1,9,0,9XX CANADA PL,Central Business District,491688.0605,5459446.9747
Mischief,2017,7,2,14,0,9XX CANADA PL,Central Business District,491688.0605,5459446.9747
Mischief,2017,11,17,12,41,9XX CANADA PL,Central Business District,491688.0605,5459446.9747
Mischief,2017,12,3,2,7,9XX CANADA PL,Central Business District,491688.0605,5459446.9747
Mischief,2017,12,6,11,0,9XX CANADA PL,Central Business District,491688.0605,5459446.9747
Mischief,2017,12,14,1,19,9XX CANADA PL,Central Business District,491688.0605,5459446.9747
Mischief,2017,8,24,21,30,9XX CASSIAR ST,Hastings-Sunrise,497769.5411,5458199.6742
Mischief,2017,2,5,10,34,9XX CHARLESON AVE,Fairview,490788.5608,5457068.5841
Mischief,2017,2,14,0,1,9XX CHARLESON AVE,Fairview,490788.5608,5457068.5841
Mischief,2017,12,7,0,0,9XX CHARLESON AVE,Fairview,490788.5608,5457068.5841
Mischief,2017,12,10,10,47,9XX CHARLESON AVE,Fairview,490788.5608,5457068.5841
Mischief,2017,10,1,14,30,9XX COMMERCIAL DR,Grandview-Woodland,494949.5228,5458170.164
Mischief,2017,6,12,23,22,9XX COOPERAGE WAY,Central Business District,491785.5716,5457952.599
Mischief,2017,8,8,21,0,9XX COOPERAGE WAY,Central Business District,491785.5716,5457952.599
Mischief,2017,2,10,21,39,9XX DAVIE ST,Central Business District,490611.7387,5458474.4551
Mischief,2017,9,7,6,0,9XX DAVIE ST,Central Business District,490654.9614,5458431.9631
Mischief,2017,2,24,1,15,9XX DENMAN ST,West End,489966.6331,5459687.1178
Mischief,2017,9,13,19,15,9XX DENMAN ST,West End,489985.926,5459706.1384
Mischief,2017,4,5,19,25,9XX DENMAN ST,West End,490032.7081,5459741.5561
Mischief,2017,4,13,4,59,9XX DENMAN ST,West End,490032.7081,5459741.5561
Mischief,2017,11,17,23,0,9XX E 23RD AVE,Kensington-Cedar Cottage,493763.0936,5455251.9476
Mischief,2017,9,5,17,0,9XX E 37TH AVE,Kensington-Cedar Cottage,493769.4178,5453746.3825
Mischief,2017,8,3,15,0,9XX E 39TH AVE,Kensington-Cedar Cottage,493774.1086,5453546.9469
Mischief,2017,5,23,17,30,9XX E 41ST AVE,Kensington-Cedar Cottage,493682.8075,5453350.798
Mischief,2017,3,31,22,4,9XX E 51ST AVE,Sunset,493745.4978,5452301.1248
Mischief,2017,3,21,8,22,9XX E 57TH AVE,Sunset,493732.1646,5451722.0912
Mischief,2017,3,29,18,50,9XX E 57TH AVE,Sunset,493732.1646,5451722.0912
Mischief,2017,10,8,0,34,9XX E 62ND AVE,Sunset,493674.4843,5451228.6004
Mischief,2017,12,9,15,0,9XX E BROADWAY AVE,Mount Pleasant,493899.5417,5456639.1866
Mischief,2017,5,11,12,0,9XX E HASTINGS ST,Strathcona,493870.7475,5458696.3241
Mischief,2017,8,29,17,10,9XX E HASTINGS ST,Strathcona,493870.7475,5458696.3241
Mischief,2017,3,22,0,0,9XX EVANS AVE,Strathcona,493982.4806,5457584.2349
Mischief,2017,3,23,10,0,9XX EVANS AVE,Strathcona,493982.4806,5457584.2349
Mischief,2017,5,7,5,48,9XX EXPO BLVD,Central Business District,491654.3328,5458113.6655
Mischief,2017,6,23,4,33,9XX EXPO BLVD,Central Business District,491654.3328,5458113.6655
Mischief,2017,3,7,7,0,9XX GILFORD ST,West End,489803.3784,5459751.0976
Mischief,2017,12,12,0,0,9XX GILFORD ST,West End,489803.3784,5459751.0976
Mischief,2017,10,15,3,54,9XX GRANVILLE ST,Central Business District,491053.7278,5458516.1486
Mischief,2017,12,3,18,13,9XX GRANVILLE ST,Central Business District,491053.7278,5458516.1486
Mischief,2017,9,10,14,34,9XX GRANVILLE ST,Central Business District,491069.2787,5458518.7
Mischief,2017,10,15,14,50,9XX GRANVILLE ST,Central Business District,491077.7996,5458527.1581
Mischief,2017,7,19,2,19,9XX GRANVILLE ST,Central Business District,491091.1917,5458553.3346
Mischief,2017,12,24,2,19,9XX GRANVILLE ST,Central Business District,491091.1917,5458553.3346
Mischief,2017,2,14,18,30,9XX GRANVILLE ST,Central Business District,491130.8593,5458592.708
Mischief,2017,4,5,12,9,9XX GRANVILLE ST,Central Business District,491130.8593,5458592.708
Mischief,2017,7,3,4,40,9XX GRANVILLE ST,Central Business District,491164.1116,5458625.7133
Mischief,2017,7,9,1,37,9XX GRANVILLE ST,Central Business District,491164.1116,5458625.7133
Mischief,2017,7,25,1,52,9XX GRANVILLE ST,Central Business District,491165.9499,5458614.6546
Mischief,2017,8,30,17,0,9XX GRANVILLE ST,Central Business District,491165.9499,5458614.6546
Mischief,2017,12,1,12,24,9XX GRANVILLE ST,Central Business District,491165.9499,5458614.6546
Mischief,2017,4,25,0,36,9XX GRANVILLE ST,Central Business District,491168.1536,5458616.842
Mischief,2017,7,18,22,56,9XX GRANVILLE ST,Central Business District,491168.1536,5458616.842
Mischief,2017,8,11,14,17,9XX GRANVILLE ST,Central Business District,491168.1536,5458616.842
Mischief,2017,8,19,15,55,9XX GRANVILLE ST,Central Business District,491168.1536,5458616.842
Mischief,2017,9,1,2,53,9XX GRANVILLE ST,Central Business District,491168.1536,5458616.842
Mischief,2017,10,16,10,0,9XX GRANVILLE ST,Central Business District,491168.1536,5458616.842
Mischief,2017,10,25,22,13,9XX GRANVILLE ST,Central Business District,491168.1536,5458616.842
Mischief,2017,11,26,1,0,9XX HEATLEY AVE,Strathcona,493466.7237,5458179.6604
Mischief,2017,5,1,7,0,9XX HEATLEY AVE,Strathcona,493477.2056,5458204.3153
Mischief,2017,8,31,12,14,9XX HELMCKEN ST,Central Business District,490788.6352,5458527.9219
Mischief,2017,3,25,0,8,9XX HOMER ST,Central Business District,491352.9132,5458377.2485
Mischief,2017,12,5,23,21,9XX HOMER ST,Central Business District,491386.6318,5458411.2859
Mischief,2017,5,4,18,52,9XX HORNBY ST,Central Business District,490975.0015,5458720.303
Mischief,2017,4,15,23,0,9XX HORNBY ST,Central Business District,490977.1562,5458722.4188
Mischief,2017,11,23,8,15,9XX HOWE ST,Central Business District,491005.3113,5458601.1333
Mischief,2017,11,30,12,57,9XX HOWE ST,Central Business District,491005.3113,5458601.1333
Mischief,2017,4,11,14,58,9XX HOWE ST,Central Business District,491094.9352,5458692.7686
Mischief,2017,6,17,0,4,9XX HOWE ST,Central Business District,491094.9352,5458692.7686
Mischief,2017,12,24,0,0,9XX HOWE ST,Central Business District,491094.9352,5458692.7686
Mischief,2017,3,18,16,36,9XX KEEFER ST,Strathcona,493741.3002,5458495.9125
Mischief,2017,10,31,21,17,9XX LAGOON DR,West End,489733.9229,5460037.5552
Mischief,2017,7,18,3,31,9XX LAGOON DR,West End,489803.7266,5460055.1279
Mischief,2017,9,29,18,0,9XX LAGOON DR,West End,489803.7266,5460055.1279
Mischief,2017,9,26,20,0,9XX LAMEYS MILL RD,Fairview,490744.3647,5457094.4455
Mischief,2017,3,17,18,0,9XX MAIN ST,Central Business District,492725.6842,5458181.5083
Mischief,2017,3,27,13,28,9XX MAIN ST,Central Business District,492725.6842,5458181.5083
Mischief,2017,2,13,21,50,9XX MAIN ST,Central Business District,492726.1723,5458200.1847
Mischief,2017,8,14,8,57,9XX MAIN ST,Central Business District,492726.1723,5458200.1847
Mischief,2017,11,17,7,1,9XX MAIN ST,Central Business District,492726.1723,5458200.1847
Mischief,2017,10,25,3,5,9XX MAIN ST,Strathcona,492745.9994,5458195.9259
Mischief,2017,3,13,17,53,9XX MAIN ST,Strathcona,492746.5445,5458216.9188
Mischief,2017,5,28,13,45,9XX MAIN ST,Strathcona,492746.5445,5458216.9188
Mischief,2017,11,3,18,0,9XX MAINLAND ST,Central Business District,491369.9361,5458247.7543
Mischief,2017,10,30,9,24,9XX NELSON ST,Central Business District,490902.8601,5458650.2895
Mischief,2017,12,27,12,0,9XX NELSON ST,Central Business District,490902.8601,5458650.2895
Mischief,2017,12,5,15,8,9XX ODLUM DR,Grandview-Woodland,494486.8653,5458218.4875
Mischief,2017,7,29,3,19,9XX PRINCESS AVE,Strathcona,493324.6757,5458174.0161
Mischief,2017,5,18,16,30,9XX RICHARDS ST,Central Business District,491204.6667,5458383.6548
Mischief,2017,7,16,23,28,9XX RICHARDS ST,Central Business District,491204.6667,5458383.6548
Mischief,2017,3,27,10,43,9XX RICHARDS ST,Central Business District,491227.0639,5458406.3747
Mischief,2017,7,19,3,13,9XX RICHARDS ST,Central Business District,491309.7264,5458477.2033
Mischief,2017,3,15,20,3,9XX SCHOOL GR,Fairview,490734.7594,5457208.8724
Mischief,2017,11,25,18,0,9XX SCHOOL GR,Fairview,490734.7594,5457208.8724
Mischief,2017,12,4,7,0,9XX SCHOOL GR,Fairview,490734.7594,5457208.8724
Mischief,2017,12,7,19,30,9XX SCHOOL GR,Fairview,490734.7595,5457208.8724
Mischief,2017,5,10,2,30,9XX SEYMOUR ST,Central Business District,491128.2494,5458443.5285
Mischief,2017,4,26,2,0,9XX SEYMOUR ST,Central Business District,491198.775,5458513.8645
Mischief,2017,9,28,20,0,9XX SEYMOUR ST,Central Business District,491198.775,5458513.8645
Mischief,2017,10,20,8,0,9XX SEYMOUR ST,Central Business District,491198.775,5458513.8645
Mischief,2017,4,1,13,19,9XX SEYMOUR ST,Central Business District,491208.2714,5458510.421
Mischief,2017,5,29,10,48,9XX SEYMOUR ST,Central Business District,491208.2714,5458510.421
Mischief,2017,10,20,0,0,9XX SEYMOUR ST,Central Business District,491208.2714,5458510.421
Mischief,2017,2,19,13,39,9XX SEYMOUR ST,Central Business District,491241.7534,5458543.8127
Mischief,2017,12,20,0,26,9XX SEYMOUR ST,Central Business District,491241.7534,5458543.8127
Mischief,2017,5,7,21,0,9XX SMITHE ST,Central Business District,490993.6098,5458790.7421
Mischief,2017,4,8,19,16,9XX SMITHE ST,Central Business District,491022.9988,5458762.7695
Mischief,2017,7,30,0,30,9XX STATION ST,Strathcona,492800.2634,5458154.1527
Mischief,2017,9,10,16,0,9XX TERMINAL AVE,Strathcona,493902.9131,5457453.3292
Mischief,2017,9,24,15,0,9XX THURLOW ST,West End,490807.9785,5458994.7085
Mischief,2017,2,6,7,40,9XX W 10TH AVE,Fairview,490843.1078,5456641.0999
Mischief,2017,5,24,2,10,9XX W 10TH AVE,Fairview,490927.3589,5456629.6344
Mischief,2017,6,27,10,15,9XX W 10TH AVE,Fairview,490942.6415,5456629.2632
Mischief,2017,7,19,19,57,9XX W 10TH AVE,Fairview,490942.6415,5456629.2632
Mischief,2017,10,24,8,0,9XX W 16TH AVE,South Cambie,490821.6336,5456039.9812
Mischief,2017,10,22,4,5,9XX W 16TH AVE,South Cambie,490938.7394,5456036.7923
Mischief,2017,5,7,10,30,9XX W 17TH AVE,South Cambie,490800.5749,5455942.6831
Mischief,2017,5,29,20,0,9XX W 17TH AVE,South Cambie,490868.8334,5455940.9555
Mischief,2017,8,21,18,0,9XX W 18TH AVE,South Cambie,490781.4562,5455850.7313
Mischief,2017,5,10,20,30,9XX W 20TH AVE,South Cambie,490893.4482,5455647.9894
Mischief,2017,6,4,0,0,9XX W 23RD AVE,South Cambie,490822.7703,5455338.9318
Mischief,2017,5,22,0,0,9XX W 37TH AVE,South Cambie,490715.7995,5453876.3684
Mischief,2017,10,26,13,47,9XX W 41ST AVE,Oakridge,490757.8022,5453456.0815
Mischief,2017,6,9,5,0,9XX W 6TH AVE,Fairview,490865.5808,5457027.0475
Mischief,2017,10,22,14,32,9XX W 7TH AVE,Fairview,490961.6925,5456931.594
Mischief,2017,3,3,19,30,9XX W 8TH AVE,Fairview,490874.3167,5456850.6276
Mischief,2017,1,15,6,58,9XX W CORDOVA ST,Central Business District,491637.4587,5459386.5999
Mischief,2017,2,23,17,0,9XX W CORDOVA ST,Central Business District,491637.4587,5459386.5999
Mischief,2017,4,20,8,40,9XX W CORDOVA ST,Central Business District,491637.4587,5459386.5999
Mischief,2017,8,27,12,30,9XX W CORDOVA ST,Central Business District,491637.4587,5459386.5999
Mischief,2017,8,27,19,31,9XX W CORDOVA ST,Central Business District,491637.4587,5459386.5999
Mischief,2017,9,24,20,30,9XX W CORDOVA ST,Central Business District,491637.4587,5459386.5999
Mischief,2017,11,29,17,30,9XX W CORDOVA ST,Central Business District,491637.4587,5459386.5999
Mischief,2017,12,1,20,13,9XX W CORDOVA ST,Central Business District,491637.4587,5459386.5999
Mischief,2017,12,27,17,15,9XX W CORDOVA ST,Central Business District,491637.4587,5459386.5999
Mischief,2017,3,2,13,55,9XX W GEORGIA ST,Central Business District,491259.2299,5459007.7464
Mischief,2017,4,1,18,55,9XX W GEORGIA ST,Central Business District,491259.2299,5459007.7464
Mischief,2017,6,13,13,0,9XX W GEORGIA ST,Central Business District,491259.2299,5459007.7464
Mischief,2017,7,14,23,45,9XX W GEORGIA ST,Central Business District,491259.2299,5459007.7464
Mischief,2017,7,25,3,6,9XX W GEORGIA ST,Central Business District,491259.2299,5459007.7464
Mischief,2017,11,30,18,0,9XX W GEORGIA ST,Central Business District,491259.2299,5459007.7464
Mischief,2017,12,3,0,24,9XX W GEORGIA ST,Central Business District,491259.2299,5459007.7464
Mischief,2017,2,21,13,27,9XX W HASTINGS ST,Central Business District,491501.3856,5459388.0897
Mischief,2017,12,11,11,32,9XX W HASTINGS ST,Central Business District,491566.9312,5459340.1101
Mischief,2017,5,30,1,33,9XX W HASTINGS ST,Central Business District,491571.383,5459322.6421
Mischief,2017,7,5,10,0,9XX W HASTINGS ST,Central Business District,491571.383,5459322.6421
Mischief,2017,1,8,15,36,ABBOTT ST / W CORDOVA ST,Central Business District,492233.1575,5458913.7943
Mischief,2017,1,29,12,0,ABBOTT ST / W CORDOVA ST,Central Business District,492233.1575,5458913.7943
Mischief,2017,8,26,21,56,ABBOTT ST / W CORDOVA ST,Central Business District,492233.1575,5458913.7943
Mischief,2017,2,19,12,30,ABBOTT ST / W HASTINGS ST,Central Business District,492203.9207,5458810.8912
Mischief,2017,8,19,15,12,ABBOTT ST / W HASTINGS ST,Central Business District,492203.9207,5458810.8912
Mischief,2017,8,28,15,45,ABBOTT ST / W HASTINGS ST,Central Business District,492203.9207,5458810.8912
Mischief,2017,9,3,16,30,ABBOTT ST / W HASTINGS ST,Central Business District,492203.9207,5458810.8912
Mischief,2017,1,16,8,20,ABBOTT ST / W PENDER ST,Central Business District,492175.4366,5458706.8536
Mischief,2017,10,14,11,25,ABBOTT ST / W PENDER ST,Central Business District,492175.4366,5458706.8536
Mischief,2017,11,10,8,53,ABBOTT ST / W PENDER ST,Central Business District,492175.4366,5458706.8536
Mischief,2017,2,11,17,0,ABBOTT ST / WATER ST,Central Business District,492260.9736,5459020.968
Mischief,2017,1,26,10,53,ADANAC ST / CLARK DR,Grandview-Woodland,494381.4557,5458326.4319
Mischief,2017,5,23,18,30,ADANAC ST / CLARK DR,Grandview-Woodland,494381.4557,5458326.4319
Mischief,2017,1,11,18,0,ALBERNI ST / BURRARD ST,West End,491151.7651,5459036.2266
Mischief,2017,10,9,23,0,ALBERNI ST / BUTE ST,West End,490842.8526,5459340.7184
Mischief,2017,8,15,18,30,ALBERNI ST / CARDERO ST,West End,490457.1744,5459718.856
Mischief,2017,10,22,22,30,ALBERNI ST / CHILCO ST,Stanley Park,490015.3422,5460156.844
Mischief,2017,1,1,10,15,ALBERNI ST / DENMAN ST,West End,490227.3948,5459946.9941
Mischief,2017,4,27,14,30,ALBERNI ST / NICOLA ST,West End,490544.2631,5459631.7474
Mischief,2017,10,13,2,36,ALBERTA ST / W 41ST AVE,Riley Park,491740.81,5453418.2977
Mischief,2017,4,7,18,0,ALBERTA ST / W 5TH AVE,Mount Pleasant,491938.4099,5457099.1221
Mischief,2017,11,1,18,0,ALDER BAY WALK / ISLAND PARK WALK,Fairview,490334.1493,5457230.6871
Mischief,2017,11,20,23,0,ALDER ST / W 11TH AVE,Fairview,490435.9489,5456544.808
Mischief,2017,11,6,18,6,ALEXANDER ST / COLUMBIA ST,Central Business District,492570.16,5459009.3688
Mischief,2017,3,19,19,0,ALEXANDER ST / DUNLEVY AVE,Strathcona,493069.6881,5459033.7524
Mischief,2017,8,29,20,56,ALEXANDER ST / GORE AVE,Strathcona,492884.8125,5459039.5913
Mischief,2017,2,9,2,32,ALEXANDRA ST / W KING EDWARD AVE,Shaughnessy,489702.4129,5455186.3942
Mischief,2017,5,30,8,55,ALMA ST / SW MARINE DR,Dunbar-Southlands,486395.1731,5453172.7629
Mischief,2017,8,5,17,0,ANDERSON ST / DURANLEAU ST,Fairview,490102.7315,5457550.0251
Mischief,2017,8,8,8,17,ANDERSON ST / LAMEYS MILL RD,Fairview,489978.9965,5457412.9646
Mischief,2017,12,1,10,47,ANDERSON ST / W 4TH AVE,Fairview,489908.0191,5457251.641
Mischief,2017,8,15,1,58,ARBUTUS ST / W 37TH AVE,Arbutus Ridge,488684.511,5453957.659
Mischief,2017,9,13,1,0,ARBUTUS ST / W 37TH AVE,Arbutus Ridge,488684.511,5453957.659
Mischief,2017,1,21,11,0,ARBUTUS ST / W 4TH AVE,Kitsilano,488885.8573,5457272.9884
Mischief,2017,5,16,0,0,ARBUTUS ST / W 8TH AVE,Kitsilano,488877.1078,5456899.928
Mischief,2017,10,10,4,0,ARBUTUS ST / W 8TH AVE,Kitsilano,488877.1078,5456899.928
Mischief,2017,8,23,17,0,ARGYLE ST / E 54TH AVE,Victoria-Fraserview,494760.4702,5451956.107
Mischief,2017,7,14,22,10,ASH ST / SW MARINE DR,Marpole,491231.9343,5450680.7965
Mischief,2017,2,18,21,0,ASH ST / W 19TH AVE,South Cambie,491396.9144,5455727.6867
Mischief,2017,6,29,8,0,ASH ST / W 62ND AVE,Marpole,491251.4223,5451275.0561
Mischief,2017,3,17,18,0,ASH ST / W 6TH AVE,Fairview,491457.6414,5457016.7474
Mischief,2017,5,31,11,28,ASH ST / W 6TH AVE,Fairview,491457.6414,5457016.7474
Mischief,2017,2,14,12,56,ASH ST / W 8TH AVE,Fairview,491453.966,5456830.342
Mischief,2017,5,19,10,58,ASH ST / W BROADWAY AVE,Fairview,491449.6182,5456727.3828
Mischief,2017,7,8,5,18,BALACLAVA ST / W 2ND AVE,Kitsilano,487360.8315,5457513.0865
Mischief,2017,8,18,18,30,BALFOUR AVE / OAK ST,Shaughnessy,490725.1484,5455446.7048
Mischief,2017,3,28,22,15,BARCLAY ST / JERVIS ST,West End,490499.8828,5459215.0542
Mischief,2017,3,4,19,0,BARCLAY ST / LAGOON DR,Stanley Park,489686.4286,5460030.3826
Mischief,2017,10,13,17,5,BAYSHORE DR / CARDERO ST,Central Business District,490598.0877,5459860.2897
Mischief,2017,12,17,15,16,BEACH AVE / BURRARD ST,West End,490237.479,5458189.5172
Mischief,2017,11,28,16,30,BEACH AVE / BUTE ST,West End,490026.1957,5458512.3029
Mischief,2017,8,5,21,55,BEACH AVE / CARDERO ST,West End,489688.1766,5458934.8876
Mischief,2017,12,15,17,48,BEACH AVE / CHILCO ST,West End,489508.8384,5459647.5671
Mischief,2017,10,22,8,45,BEACH AVE / DAVIE ST,West End,489646.6964,5459446.4527
Mischief,2017,4,6,4,2,BEACH AVE / GRANVILLE ST,Central Business District,490481.3648,5457940.456
Mischief,2017,4,25,21,6,BEACH AVE / THURLOW ST,West End,490149.8975,5458324.1119
Mischief,2017,8,7,11,14,BEACH AVE / THURLOW ST,West End,490149.8975,5458324.1119
Mischief,2017,5,29,21,0,BEACH CRES / HOMER ST,Central Business District,490771.2461,5457656.3985
Mischief,2017,8,30,7,17,BEACH CRES / SEYMOUR MEWS,Central Business District,490556.9986,5457861.5448
Mischief,2017,2,13,20,0,BEATTY ST / W GEORGIA ST,Central Business District,491835.3334,5458445.4738
Mischief,2017,1,2,7,20,BEATTY ST / W PENDER ST,Central Business District,492111.7939,5458724.1652
Mischief,2017,8,19,1,55,BEECHWOOD ST / W 51ST AVE,Kerrisdale,488555.7507,5452480.9403
Mischief,2017,7,29,18,0,BIDWELL ST / BURNABY ST,West End,489722.0631,5459204.8365
Mischief,2017,12,20,18,0,BIDWELL ST / BURNABY ST,West End,489722.0631,5459204.8365
Mischief,2017,12,5,22,0,BIDWELL ST / COMOX ST,West End,489955.7981,5459440.0761
Mischief,2017,11,12,18,0,BIDWELL ST / ROBSON ST,West End,490264.7788,5459755.1462
Mischief,2017,11,17,18,55,BIDWELL ST / ROBSON ST,West End,490264.7788,5459755.1462
Mischief,2017,8,26,10,30,BIRCH ST / W 11TH AVE,Fairview,490265.3795,5456548.5206
Mischief,2017,8,18,16,34,BOUNDARY RD / E 1ST AVE,Hastings-Sunrise,498277.8105,5457403.6273
Mischief,2017,5,12,8,56,BOUNDARY RD / E 49TH AVE,Killarney,498268.1942,5452129.2134
Mischief,2017,5,20,0,40,BOUNDARY RD / LOUGHEED HWY,Renfrew-Collingwood,498275.8021,5456982.9149
Mischief,2017,10,1,17,0,BOUNDARY RD / RUMBLE AVE,Killarney,498266.5969,5451335.3083
Mischief,2017,9,2,1,52,BOUNDARY RD / VANNESS AVE,Renfrew-Collingwood,498279.4212,5453571.3477
Mischief,2017,9,30,19,0,BOUNDARY RD / VANNESS AVE,Renfrew-Collingwood,498279.4212,5453571.3477
Mischief,2017,11,29,6,0,BROUGHTON ST / COMOX ST,West End,490240.3616,5459157.6447
Mischief,2017,9,28,17,15,BROUGHTON ST / DAVIE ST,West End,490087.153,5459004.4138
Mischief,2017,2,21,17,45,BRUNSWICK ST / E BROADWAY AVE,Mount Pleasant,492941.3029,5456673.5726
Mischief,2017,7,14,10,50,BURNABY ST / BUTE ST,West End,490220.8904,5458710.6491
Mischief,2017,2,26,5,0,BURRARD ST / CORNWALL AVE,Kitsilano,489414.714,5457736.884
Mischief,2017,1,20,17,49,BURRARD ST / DAVIE ST,West End,490604.1485,5458488.3285
Mischief,2017,12,10,1,41,BURRARD ST / DAVIE ST,West End,490604.1485,5458488.3285
Mischief,2017,2,17,14,55,BURRARD ST / DUNSMUIR ST,Central Business District,491317.437,5459212.357
Mischief,2017,7,8,20,10,BURRARD ST / DUNSMUIR ST,Central Business District,491317.437,5459212.357
Mischief,2017,10,29,0,44,BURRARD ST / NELSON ST,West End,490833.2787,5458723.2683
Mischief,2017,11,12,17,50,BURRARD ST / NELSON ST,West End,490833.2787,5458723.2683
Mischief,2017,4,25,22,43,BURRARD ST / SMITHE ST,West End,490950.9624,5458837.6462
Mischief,2017,8,11,4,0,BURRARD ST / W 4TH AVE,Fairview,489404.7671,5457259.625
Mischief,2017,3,10,20,0,BURRARD ST / W 8TH AVE,Fairview,489396.9671,5456885.2275
Mischief,2017,12,28,20,0,BUTE ST / HARWOOD ST,West End,490145.2738,5458633.7431
Mischief,2017,6,4,18,45,BUTE ST / MELVILLE ST,Central Business District,490968.6889,5459463.5653
Mischief,2017,8,6,14,0,BUTE ST / PACIFIC ST,West End,490066.9359,5458553.9408
Mischief,2017,12,15,17,10,BUTE ST / W PENDER ST,Central Business District,491027.5544,5459520.0552
Mischief,2017,1,1,3,30,CAMBIE ST / EXPO BLVD,Central Business District,491329.164,5457991.4602
Mischief,2017,5,23,14,45,CAMBIE ST / NELSON ST,Central Business District,491405.1788,5458158.2779
Mischief,2017,3,30,21,46,CAMBIE ST / SMITHE ST,Central Business District,491519.9402,5458274.4849
Mischief,2017,1,21,20,32,CAMBIE ST / W 12TH AVE,Fairview,491628.4363,5456410.0605
Mischief,2017,5,14,11,2,CAMBIE ST / W 13TH AVE,Fairview,491631.4554,5456303.984
Mischief,2017,11,19,18,40,CAMBIE ST / W 18TH AVE,Riley Park,491619.939,5455799.2473
Mischief,2017,11,2,12,0,CAMBIE ST / W 39TH AVE,South Cambie,491534.093,5453631.0592
Mischief,2017,8,18,16,20,CAMBIE ST / W 45TH AVE,Oakridge,491517.4062,5453010.8561
Mischief,2017,5,2,5,25,CAMBIE ST / W 50TH AVE,Oakridge,491503.4067,5452496.9949
Mischief,2017,4,27,19,0,CAMBIE ST / W 54TH AVE,Oakridge,491494.3781,5452110.3047
Mischief,2017,12,9,9,30,CAMBIE ST / W 6TH AVE,Mount Pleasant,491657.1208,5457006.4915
Mischief,2017,2,2,8,55,CAMBIE ST / W 7TH AVE,Fairview,491643.1057,5456918.3656
Mischief,2017,3,20,20,48,CAMBIE ST / W 8TH AVE,Fairview,491641.6578,5456817.7806
Mischief,2017,12,11,19,0,CAMBIE ST / W 8TH AVE,Fairview,491641.6578,5456817.7806
Mischief,2017,11,7,15,35,CAMBIE ST / W CORDOVA ST,Central Business District,492061.6986,5458981.8421
Mischief,2017,8,22,7,42,CAMBIE ST / W GEORGIA ST,Central Business District,491761.0359,5458513.5215
Mischief,2017,12,29,20,37,CAMBIE ST / W HASTINGS ST,Central Business District,492028.3046,5458872.7095
Mischief,2017,3,6,7,15,CAMBIE ST / W KING EDWARD AVE,South Cambie,491594.3716,5455134.4764
Mischief,2017,3,18,12,0,CAMBIE ST / W PENDER ST,Central Business District,491994.9503,5458762.165
Mischief,2017,3,24,11,30,CAMPBELL AVE / KEEFER ST,Strathcona,493826.432,5458497.7734
Mischief,2017,6,5,22,30,CAMPBELL AVE / UNION ST,Strathcona,493820.453,5458297.24
Mischief,2017,7,27,21,0,CARNARVON ST / W 37TH AVE,Dunbar-Southlands,487405.4226,5453988.8627
Mischief,2017,12,22,19,0,CARNARVON ST / W BROADWAY AVE,Kitsilano,487481.9292,5456834.011
Mischief,2017,3,12,20,0,CAROLINA ST / E 12TH AVE,Mount Pleasant,493372.3299,5456335.4449
Mischief,2017,7,6,1,51,CAROLINA ST / E 12TH AVE,Mount Pleasant,493372.3299,5456335.4449
Mischief,2017,3,13,17,25,CAROLINA ST / E BROADWAY AVE,Mount Pleasant,493375.9054,5456640.2258
Mischief,2017,8,13,8,41,CARRALL ST / E CORDOVA ST,Central Business District,492416.8338,5458858.141
Mischief,2017,9,24,4,17,CARRALL ST / E CORDOVA ST,Central Business District,492416.8338,5458858.141
Mischief,2017,8,16,12,18,CARRALL ST / E HASTINGS ST,Central Business District,492412.3483,5458751.9869
Mischief,2017,9,3,18,40,CARRALL ST / E HASTINGS ST,Central Business District,492412.3483,5458751.9869
Mischief,2017,12,13,18,30,CARRALL ST / KEEFER PL,Central Business District,492401.9923,5458502.0813
Mischief,2017,9,10,21,0,CARRALL ST / KEEFER ST,Central Business District,492401.9923,5458502.0813
Mischief,2017,8,22,21,30,CARRALL ST / W CORDOVA ST,Central Business District,492416.8336,5458858.1411
Mischief,2017,5,25,15,30,CARRALL ST / W HASTINGS ST,Central Business District,492412.3483,5458751.9869
Mischief,2017,12,13,10,9,CENTRAL ST / QUEBEC ST,Mount Pleasant,492593.4372,5457685.3918
Mischief,2017,9,13,9,0,CHAMPLAIN CRES / MARQUETTE CRES,Killarney,497835.795,5451098.7143
Mischief,2017,12,18,0,0,CHESTNUT ST / CREELMAN AVE,Kitsilano,489361.4218,5457973.4696
Mischief,2017,10,23,13,0,CITADEL PRDE / W GEORGIA ST,Central Business District,491878.2531,5458415.6164
Mischief,2017,6,13,17,29,CLARK DR / E 12TH AVE,Mount Pleasant,494355.7957,5456321.0861
Mischief,2017,5,2,15,1,CLARK DR / E 1ST AVE,Grandview-Woodland,494371.8735,5457434.9755
Mischief,2017,5,7,9,51,CLARK DR / E 2ND AVE,Grandview-Woodland,494370.3678,5457335.5008
Mischief,2017,8,1,16,35,CLARK DR / E 3RD AVE,Grandview-Woodland,494370.6208,5457234.947
Mischief,2017,8,16,19,36,CLARK DR / E BROADWAY AVE,Mount Pleasant,494352.2844,5456628.3669
Mischief,2017,10,28,5,1,CLARK DR / E BROADWAY AVE,Mount Pleasant,494352.2844,5456628.3669
Mischief,2017,10,2,4,20,CLARK DR / GRANT ST,Grandview-Woodland,494374.0774,5457640.8718
Mischief,2017,10,9,20,35,COLLINGWOOD ST / W 4TH AVE,Kitsilano,486778.9302,5457327.1201
Mischief,2017,10,16,19,56,COLUMBIA ST / E CORDOVA ST,Central Business District,492565.3684,5458848.6441
Mischief,2017,7,4,18,28,COLUMBIA ST / E PENDER ST,Central Business District,492561.8384,5458637.2021
Mischief,2017,2,16,21,0,COLUMBIA ST / KEEFER ST,Central Business District,492569.9919,5458508.4776
Mischief,2017,4,24,9,48,COLUMBIA ST / KEEFER ST,Central Business District,492569.9919,5458508.4776
Mischief,2017,8,17,8,50,COLUMBIA ST / KEEFER ST,Central Business District,492569.9919,5458508.4776
Mischief,2017,12,7,6,0,COLUMBIA ST / KEEFER ST,Central Business District,492569.9919,5458508.4776
Mischief,2017,11,8,17,0,COLUMBIA ST / POWELL ST,Central Business District,492568.4777,5458948.1491
Mischief,2017,9,26,10,10,COLUMBIA ST / W 2ND AVE,Mount Pleasant,492039.4185,5457391.3647
Mischief,2017,5,11,7,30,COLUMBIA ST / W 49TH AVE,Oakridge,491937.2778,5452574.5505
Mischief,2017,4,18,17,0,COLUMBIA ST / W 6TH AVE,Mount Pleasant,492036.3823,5456992.8226
Mischief,2017,5,24,14,25,COMMERCIAL DR / E 1ST AVE,Grandview-Woodland,494931.3198,5457427.4717
Mischief,2017,2,12,20,29,COMMERCIAL DR / E BROADWAY AVE,Kensington-Cedar Cottage,494921.9034,5456620.4275
Mischief,2017,2,23,20,30,COMMERCIAL DR / E BROADWAY AVE,Kensington-Cedar Cottage,494921.9034,5456620.4275
Mischief,2017,2,23,20,52,COMMERCIAL DR / E BROADWAY AVE,Kensington-Cedar Cottage,494921.9034,5456620.4275
Mischief,2017,2,25,1,21,COMMERCIAL DR / E BROADWAY AVE,Kensington-Cedar Cottage,494921.9034,5456620.4275
Mischief,2017,11,13,0,41,COMMERCIAL DR / E BROADWAY AVE,Kensington-Cedar Cottage,494921.9034,5456620.4275
Mischief,2017,5,12,13,17,COMMERCIAL DR / E HASTINGS ST,Grandview-Woodland,494879.8653,5458723.9695
Mischief,2017,12,8,15,6,COMMERCIAL DR / E HASTINGS ST,Grandview-Woodland,494879.8653,5458723.9695
Mischief,2017,8,25,23,30,COMMERCIAL DR / E PENDER ST,Grandview-Woodland,494877.6344,5458616.8141
Mischief,2017,4,13,20,30,COMMERCIAL DR / PARKER ST,Grandview-Woodland,494942.3465,5458113.9735
Mischief,2017,10,22,23,0,COMMERCIAL ST / E 20TH AVE,Kensington-Cedar Cottage,495047.9244,5455517.8143
Mischief,2017,10,13,16,0,COMMERCIAL ST / STAINSBURY AVE,Kensington-Cedar Cottage,495047.9244,5455517.8143
Mischief,2017,10,16,14,8,COMOX ST / DENMAN ST,West End,489841.3547,5459556.3822
Mischief,2017,9,5,3,22,COOPERAGE WAY / SMITHE MEWS,Central Business District,491813.2788,5457975.254
Mischief,2017,9,29,0,0,CROWLEY DR / JOYCE ST,Renfrew-Collingwood,497624.6545,5453858.0309
Mischief,2017,4,8,20,0,DAVIE ST / DENMAN ST,West End,489686.5485,5459400.7084
Mischief,2017,7,25,22,57,DAVIE ST / GRANVILLE ST,Central Business District,490821.3141,5458274.1466
Mischief,2017,9,4,3,33,DAVIE ST / GRANVILLE ST,Central Business District,490821.3141,5458274.1466
Mischief,2017,9,29,11,2,DAVIE ST / GRANVILLE ST,Central Business District,490821.3141,5458274.1466
Mischief,2017,7,22,2,20,DAVIE ST / HOMER ST,Central Business District,491033.2549,5458061.6829
Mischief,2017,10,23,8,37,DAVIE ST / JERVIS ST,West End,490187.8745,5458904.0124
Mischief,2017,10,21,17,0,DAVIE ST / MAINLAND ST,Central Business District,491115.8213,5457981.2723
Mischief,2017,7,13,23,33,DAVIE ST / PACIFIC BLVD,Central Business District,491162.9519,5457932.715
Mischief,2017,12,2,19,30,DAVIE ST / PACIFIC BLVD,Central Business District,491162.9519,5457932.715
Mischief,2017,8,9,18,0,DAVIE ST / THURLOW ST,West End,490456.6509,5458633.7717
Mischief,2017,9,16,12,30,DAVIE ST / THURLOW ST,West End,490456.6509,5458633.7717
Mischief,2017,11,15,12,33,DAVIE ST / THURLOW ST,West End,490456.6509,5458633.7717
Mischief,2017,7,23,18,16,DENMAN ST / HARO ST,West End,490072.3248,5459789.9313
Mischief,2017,5,2,22,0,DENMAN ST / PENDRELL ST,West End,489762.9313,5459476.8847
Mischief,2017,7,9,11,45,DENMAN ST / PENDRELL ST,West End,489762.9313,5459476.8847
Mischief,2017,9,2,12,0,DENMAN ST / ROBSON ST,West End,490148.8817,5459867.8024
Mischief,2017,1,21,14,18,DENMAN ST / W GEORGIA ST,West End,490276.8957,5459994.7653
Mischief,2017,7,12,19,30,DENMAN ST / W GEORGIA ST,West End,490276.8957,5459994.7653
Mischief,2017,8,31,14,45,DENMAN ST / W GEORGIA ST,West End,490276.8957,5459994.7653
Mischief,2017,9,8,20,44,DENMAN ST / W GEORGIA ST,West End,490276.8957,5459994.7653
Mischief,2017,10,19,15,9,DRAKE ST / HOWE ST,Central Business District,490632.533,5458230.0635
Mischief,2017,7,22,1,50,DRAKE ST / PACIFIC BLVD,Central Business District,490999.2209,5457866.4448
Mischief,2017,1,26,12,0,DRAKE ST / RICHARDS ST,Central Business District,490847.2718,5458015.3865
Mischief,2017,8,9,13,3,DRAKE ST / SEYMOUR ST,Central Business District,490778.7445,5458084.983
Mischief,2017,11,7,21,45,DUNBAR ST / W 24TH AVE,Dunbar-Southlands,486522.9632,5455381.2618
Mischief,2017,6,8,0,0,DUNBAR ST / W 31ST AVE,Dunbar-Southlands,486517.1725,5454627.4279
Mischief,2017,8,19,13,45,DUNBAR ST / W 41ST AVE,Dunbar-Southlands,486508.7177,5453570.9512
Mischief,2017,4,26,7,10,DUNDAS ST / N CASSIAR ST,Hastings-Sunrise,497754.2784,5459115.7222
Mischief,2017,5,24,14,5,DUNLEVY AVE / E CORDOVA ST,Strathcona,493064.1838,5458832.4063
Mischief,2017,2,17,12,55,DUNLEVY AVE / E HASTINGS ST,Strathcona,493061.1073,5458728.8989
Mischief,2017,4,15,21,0,DUNLEVY AVE / UNION ST,Strathcona,493051.3104,5458319.5355
Mischief,2017,1,14,14,0,DUNSMUIR ST / GRANVILLE ST,Central Business District,491535.5975,5458993.2215
Mischief,2017,7,2,16,0,DUNSMUIR ST / HAMILTON ST,Central Business District,491817.3263,5458710.3092
Mischief,2017,3,12,9,35,DUNSMUIR ST / HOMER ST,Central Business District,491747.0364,5458780.8861
Mischief,2017,9,12,19,0,DUNSMUIR ST / HOMER ST,Central Business District,491747.0364,5458780.8861
Mischief,2017,11,17,22,29,DUNSMUIR ST / HOMER ST,Central Business District,491747.0364,5458780.8861
Mischief,2017,1,8,2,0,DUNSMUIR ST / HOWE ST,Central Business District,491464.1457,5459064.7482
Mischief,2017,8,5,17,0,DUNSMUIR ST / RICHARDS ST,Central Business District,491675.884,5458852.2984
Mischief,2017,9,3,19,30,DUNSMUIR ST / RICHARDS ST,Central Business District,491675.884,5458852.2984
Mischief,2017,10,19,13,0,DUNSMUIR ST / RICHARDS ST,Central Business District,491675.884,5458852.2984
Mischief,2017,11,19,0,40,DUNSMUIR ST / RICHARDS ST,Central Business District,491675.884,5458852.2984
Mischief,2017,12,3,17,32,DUNSMUIR ST / RICHARDS ST,Central Business District,491675.884,5458852.2984
Mischief,2017,12,31,20,0,DUNSMUIR ST / RICHARDS ST,Central Business District,491675.884,5458852.2984
Mischief,2017,10,17,5,45,DUNSMUIR ST / SEYMOUR ST,Central Business District,491607.5141,5458920.9821
Mischief,2017,12,9,18,45,E 10TH AVE / GARDEN DR,Kensington-Cedar Cottage,495766.2968,5456503.5952
Mischief,2017,5,25,20,0,E 11TH AVE / KINGSWAY AVE,Mount Pleasant,492886.7794,5456483.1075
Mischief,2017,10,12,22,0,E 11TH AVE / QUEBEC ST,Mount Pleasant,492502.4965,5456491.4886
Mischief,2017,10,28,2,7,E 12TH AVE / FRASER ST,Mount Pleasant,493510.6984,5456333.7791
Mischief,2017,8,2,9,0,E 12TH AVE / KASLO ST,Renfrew-Collingwood,496576.7897,5456256.2998
Mischief,2017,4,8,22,10,E 12TH AVE / MAIN ST,Mount Pleasant,492639.7835,5456386.0248
Mischief,2017,7,5,14,51,E 12TH AVE / MAIN ST,Mount Pleasant,492639.7835,5456386.0248
Mischief,2017,9,8,13,22,E 14TH AVE / MAIN ST,Mount Pleasant,492641.3353,5456186.1716
Mischief,2017,1,30,20,0,E 14TH AVE / ONTARIO ST,Mount Pleasant,492352.7709,5456201.6115
Mischief,2017,6,24,10,0,E 15TH AVE / VICTORIA DR,Kensington-Cedar Cottage,495196.8725,5456007.6094
Mischief,2017,1,26,17,25,E 16TH AVE / ONTARIO ST,Mount Pleasant,492347.2231,5455991.1463
Mischief,2017,5,9,19,26,E 16TH AVE / SOPHIA ST,Mount Pleasant,492836.939,5455980.0037
Mischief,2017,8,1,17,45,E 16TH AVE / VICTORIA DR,Kensington-Cedar Cottage,495193.2635,5455941.1661
Mischief,2017,5,20,11,15,E 17TH AVE / FRASER ST,Riley Park,493457.1804,5455866.6825
Mischief,2017,6,19,1,0,E 18TH AVE / PRINCE EDWARD ST,Riley Park,492974.6386,5455777.885
Mischief,2017,7,27,15,21,E 1ST AVE / MAIN ST,Mount Pleasant,492671.827,5457490.2349
Mischief,2017,12,23,13,10,E 1ST AVE / NANAIMO ST,Hastings-Sunrise,495881.9559,5457406.9744
Mischief,2017,10,9,19,0,E 1ST AVE / RENFREW ST,Hastings-Sunrise,496782.9851,5457402.4866
Mischief,2017,3,14,22,9,E 1ST AVE / SEMLIN DR,Grandview-Woodland,495358.2336,5457424.8823
Mischief,2017,4,14,7,0,E 20TH AVE / NOOTKA ST,Renfrew-Collingwood,496971.6895,5455508.6935
Mischief,2017,7,24,20,0,E 21ST AVE / LILLOOET ST,Renfrew-Collingwood,497154.6044,5455414.1009
Mischief,2017,12,3,13,0,E 22ND AVE / PRINCE ALBERT ST,Kensington-Cedar Cottage,493617.4095,5455360.3693
Mischief,2017,7,1,1,0,E 24TH AVE / RUPERT ST,Renfrew-Collingwood,497534.4274,5455111.3685
Mischief,2017,11,21,12,15,E 25TH AVE / VICTORIA DR,Kensington-Cedar Cottage,495263.9604,5455083.3377
Mischief,2017,7,26,22,0,E 28TH AVE / NANAIMO ST,Kensington-Cedar Cottage,495876.1367,5454739.3072
Mischief,2017,8,5,23,0,E 28TH AVE / NANAIMO ST,Kensington-Cedar Cottage,495876.1367,5454739.3072
Mischief,2017,5,14,17,0,E 28TH AVE / ONTARIO ST,Riley Park,492347.4289,5454814.9531
Mischief,2017,6,23,18,35,E 28TH AVE / QUEBEC ST,Riley Park,492537.3204,5454807.2995
Mischief,2017,12,20,5,36,E 29TH AVE / RUPERT ST,Renfrew-Collingwood,497518.7122,5454638.2579
Mischief,2017,2,3,17,0,E 2ND AVE / MAIN ST,Mount Pleasant,492668.0702,5457370.525
Mischief,2017,3,17,13,25,E 34TH AVE / GLADSTONE ST,Kensington-Cedar Cottage,495422.0159,5454019.8069
Mischief,2017,11,21,7,30,E 38TH AVE / EARLES ST,Renfrew-Collingwood,496443.894,5453673.5025
Mischief,2017,2,3,20,0,E 3RD AVE / ONTARIO ST,Mount Pleasant,492384.1832,5457287.5236
Mischief,2017,8,30,6,45,E 3RD AVE / QUEBEC ST,Mount Pleasant,492524.8337,5457280.6609
Mischief,2017,5,1,4,25,E 40TH AVE / VICTORIA DR,Kensington-Cedar Cottage,495233.9265,5453462.2605
Mischief,2017,2,6,16,13,E 41ST AVE / VICTORIA DR,Victoria-Fraserview,495229.7606,5453325.7475
Mischief,2017,6,1,17,30,E 43RD AVE / ROSS ST,Sunset,493983.6366,5453126.8288
Mischief,2017,6,3,17,53,E 45TH AVE / ROSS ST,Sunset,493981.8501,5452923.7121
Mischief,2017,10,31,21,0,E 45TH AVE / ST CATHERINES ST,Sunset,493699.6138,5452929.1641
Mischief,2017,4,16,1,30,E 47TH AVE / FLEMING ST,Victoria-Fraserview,494678.3508,5452709.1933
Mischief,2017,3,20,15,15,E 49TH AVE / KNIGHT ST,Sunset,494369.8571,5452502.4578
Mischief,2017,9,26,9,34,E 49TH AVE / VICTORIA DR,Victoria-Fraserview,495211.6049,5452489.3887
Mischief,2017,10,12,9,51,E 49TH AVE / VICTORIA DR,Victoria-Fraserview,495211.6049,5452489.3887
Mischief,2017,9,28,16,0,E 4TH AVE / WOODLAND DR,Grandview-Woodland,494648.4935,5457128.2348
Mischief,2017,2,15,22,0,E 50TH AVE / NANAIMO ST,Victoria-Fraserview,495691.1872,5452354.9671
Mischief,2017,6,22,17,30,E 50TH AVE / VICTORIA DR,Victoria-Fraserview,495208.2994,5452363.9366
Mischief,2017,8,11,17,41,E 51ST AVE / KERR ST,Killarney,497001.9159,5452240.5599
Mischief,2017,11,9,15,45,E 53RD AVE / VIVIAN ST,Killarney,496319.7799,5452033.3639
Mischief,2017,5,16,21,36,E 54TH AVE / KERR ST,Killarney,496993.9267,5451931.1348
Mischief,2017,7,5,10,0,E 54TH AVE / MAIN ST,Sunset,492588.1542,5452034.708
Mischief,2017,4,30,22,0,E 54TH AVE / MONT ROYAL SQ,Killarney,497226.759,5451929.768
Mischief,2017,10,31,23,30,E 56TH AVE / FRASER ST,Sunset,493379.1246,5451818.3984
Mischief,2017,3,20,1,52,E 59TH AVE / ROSS ST,Sunset,493947.8012,5451521.4884
Mischief,2017,7,5,23,0,E 5TH AVE / SCOTIA ST,Mount Pleasant,492810.8818,5457071.6539
Mischief,2017,8,11,11,30,E 60TH AVE / PRINCE ALBERT ST,Sunset,493597.3857,5451424.7779
Mischief,2017,6,1,22,0,E 62ND AVE / PRINCE ALBERT ST,Sunset,493588.9446,5451236.7552
Mischief,2017,2,15,22,0,E 6TH AVE / RENFREW ST,Hastings-Sunrise,496775.9403,5456888.3604
Mischief,2017,12,31,15,30,E 7TH AVE / MAIN ST,Mount Pleasant,492652.2319,5456870.089
Mischief,2017,8,29,11,30,E 7TH AVE / WOODLAND DR,Grandview-Woodland,494644.272,5456827.2785
Mischief,2017,8,30,11,30,E 7TH AVE / WOODLAND DR,Grandview-Woodland,494644.272,5456827.2785
Mischief,2017,1,3,18,0,E 8TH AVE / GLEN DR,Mount Pleasant,494082.6659,5456736.3384
Mischief,2017,4,7,20,0,E 8TH AVE / QUEBEC ST,Mount Pleasant,492511.161,5456779.4302
Mischief,2017,11,24,2,22,E BROADWAY AVE / GUELPH ST,Mount Pleasant,493091.4791,5456643.777
Mischief,2017,7,17,22,45,E BROADWAY AVE / KAMLOOPS ST,Hastings-Sunrise,496019.7397,5456585.1721
Mischief,2017,11,12,12,30,E BROADWAY AVE / KASLO ST,Hastings-Sunrise,496577.4077,5456583.0401
Mischief,2017,1,14,21,0,E BROADWAY AVE / KINGSWAY AVE,Mount Pleasant,492749.521,5456683.8049
Mischief,2017,12,22,17,30,E BROADWAY AVE / MAIN ST,Mount Pleasant,492648.2568,5456688.4973
Mischief,2017,6,4,22,49,E BROADWAY AVE / QUEBEC ST,Mount Pleasant,492508.8625,5456694.3107
Mischief,2017,7,12,11,0,E CORDOVA ST / HEATLEY AVE,Strathcona,493491.1797,5458819.8111
Mischief,2017,11,4,21,30,E GEORGIA ST / GORE AVE,Strathcona,492939.977,5458424.1007
Mischief,2017,12,20,21,45,E GEORGIA ST / SALSBURY DR,Grandview-Woodland,495028.6957,5458413.9334
Mischief,2017,1,21,2,40,E HASTINGS ST / GORE AVE,Strathcona,492911.3556,5458733.3363
Mischief,2017,11,21,1,30,E HASTINGS ST / GORE AVE,Strathcona,492911.3556,5458733.3363
Mischief,2017,8,5,11,0,E HASTINGS ST / HAWKS AVE,Strathcona,493660.6757,5458707.8862
Mischief,2017,8,11,21,17,E HASTINGS ST / LAKEWOOD DR,Grandview-Woodland,495513.4366,5458715.3232
Mischief,2017,9,20,17,48,E HASTINGS ST / LAKEWOOD DR,Grandview-Woodland,495513.4366,5458715.3232
Mischief,2017,12,31,19,39,E HASTINGS ST / MAIN ST,Strathcona,492749.7913,5458737.3828
Mischief,2017,5,7,22,30,E HASTINGS ST / MCLEAN DR,Grandview-Woodland,494609.4772,5458731.1317
Mischief,2017,12,4,16,22,E HASTINGS ST / PRINCESS AVE,Strathcona,493347.6086,5458719.8515
Mischief,2017,5,1,16,53,E HASTINGS ST / RAYMUR AVE,Strathcona,493995.8663,5458696.3355
Mischief,2017,8,27,1,25,E HASTINGS ST / SALSBURY DR,Grandview-Woodland,495033.2589,5458722.9728
Mischief,2017,10,21,23,0,E HASTINGS ST / SLOCAN ST,Hastings-Sunrise,496411.7739,5458712.8621
Mischief,2017,7,10,10,36,E HASTINGS ST / VERNON DR,Strathcona,494242.7219,5458709.836
Mischief,2017,7,31,6,18,E KENT AVE N / ST GEORGE ST,Sunset,493149.9565,5450576.459
Mischief,2017,1,2,0,0,E KING EDWARD AVE / KNIGHT ST,Kensington-Cedar Cottage,494455.9045,5455085.2718
Mischief,2017,9,9,22,2,E KING EDWARD AVE / KNIGHT ST,Kensington-Cedar Cottage,494455.9045,5455085.2718
Mischief,2017,4,1,5,45,E PENDER ST / GORE AVE,Strathcona,492922.9609,5458624.6964
Mischief,2017,1,24,12,0,E PENDER ST / MAIN ST,Strathcona,492748.7551,5458629.982
Mischief,2017,8,27,0,0,E PENDER ST / VERNON DR,Strathcona,494239.867,5458587.7849
Mischief,2017,4,24,12,0,EAST BLVD / W 42ND AVE,Kerrisdale,488714.0012,5453436.3546
Mischief,2017,11,13,0,0,EUCLID AVE / RUPERT ST,Renfrew-Collingwood,497120.8512,5454006.105
Mischief,2017,8,3,6,13,EXPO BLVD / NELSON ST,Central Business District,491563.6977,5458020.6777
Mischief,2017,10,20,20,45,EXPO BLVD / QUEBEC ST,Central Business District,492559.1082,5458210.5211
Mischief,2017,8,27,3,0,EXPO BLVD / SMITHE ST,Central Business District,491653.6469,5458119.7105
Mischief,2017,11,3,12,0,FELLOWES ST / N BOUNDARY RD,Hastings-Sunrise,498294.1216,5459913.4456
Mischief,2017,6,14,5,56,FIR ST / W 1ST AVE,Fairview,489714.6287,5457574.4724
Mischief,2017,2,17,16,0,FIR ST / W 2ND AVE,Fairview,489757.903,5457448.6571
Mischief,2017,6,2,18,20,FIR ST / W 2ND AVE,Fairview,489757.903,5457448.6571
Mischief,2017,1,14,21,30,FIR ST / W BROADWAY AVE,Fairview,489739.4853,5456770.7837
Mischief,2017,3,31,5,14,FOLEY ST / GREAT NORTHERN WAY,Strathcona,493703.0382,5457053.6625
Mischief,2017,3,30,8,1,FRANCES ST / WOODLAND DR,Grandview-Woodland,494713.5898,5458519.6279
Mischief,2017,9,21,10,0,FREMLIN ST / W 54TH AVE,Oakridge,490758.9855,5452087.6876
Mischief,2017,6,17,11,30,FREMLIN ST / W 71ST AVE,Marpole,490708.3598,5450462.0162
Mischief,2017,5,28,19,1,GILFORD ST / NELSON ST,West End,489805.4059,5459746.6629
Mischief,2017,8,6,21,30,GILFORD ST / PENDRELL ST,West End,489650.3469,5459596.9161
Mischief,2017,1,30,17,29,GORE AVE / KEEFER ST,Strathcona,492931.226,5458524.6097
Mischief,2017,12,21,13,0,GORE AVE / KEEFER ST,Strathcona,492931.226,5458524.6097
Mischief,2017,5,12,22,8,GORE AVE / POWELL ST,Strathcona,492893.5328,5458938.3815
Mischief,2017,5,19,17,49,GORE AVE / PRIOR ST,Strathcona,492952.7999,5458230.7803
Mischief,2017,5,4,19,30,GORE AVE / UNION ST,Strathcona,492947.3823,5458322.4364
Mischief,2017,5,24,23,10,GORE AVE / UNION ST,Strathcona,492947.3823,5458322.4364
Mischief,2017,10,19,21,0,GORE AVE / UNION ST,Strathcona,492947.3823,5458322.4364
Mischief,2017,6,25,0,0,GRANDVIEW HWY / RENFREW ST,Renfrew-Collingwood,496771.1183,5456159.7259
Mischief,2017,10,25,11,55,GRANDVIEW HWY / RUPERT ST,Renfrew-Collingwood,497535.9484,5456151.798
Mischief,2017,5,12,0,25,GRANVILLE ST / HELMCKEN ST,Central Business District,490936.8721,5458390.3175
Mischief,2017,5,25,4,33,GRANVILLE ST / HELMCKEN ST,Central Business District,490936.8721,5458390.3175
Mischief,2017,7,25,21,0,GRANVILLE ST / LAURIER AVE,Shaughnessy,489880.2608,5455350.5084
Mischief,2017,4,23,1,6,GRANVILLE ST / NELSON ST,Central Business District,491050.9499,5458506.949
Mischief,2017,7,29,23,20,GRANVILLE ST / ROBSON ST,Central Business District,491285.8784,5458741.8424
Mischief,2017,9,29,0,0,GRANVILLE ST / ROBSON ST,Central Business District,491285.8784,5458741.8424
Mischief,2017,9,29,23,0,GRANVILLE ST / ROBSON ST,Central Business District,491285.8784,5458741.8424
Mischief,2017,10,24,16,30,GRANVILLE ST / ROBSON ST,Central Business District,491285.8784,5458741.8424
Mischief,2017,12,23,0,0,GRANVILLE ST / ROBSON ST,Central Business District,491285.8784,5458741.8424
Mischief,2017,5,13,2,0,GRANVILLE ST / SMITHE ST,Central Business District,491170.9319,5458626.0415
Mischief,2017,9,9,0,27,GRANVILLE ST / SMITHE ST,Central Business District,491170.9319,5458626.0415
Mischief,2017,11,25,0,0,GRANVILLE ST / SMITHE ST,Central Business District,491170.9319,5458626.0415
Mischief,2017,2,1,21,0,GRANVILLE ST / W 10TH AVE,Fairview,489920.1137,5456661.9916
Mischief,2017,8,29,17,4,GRANVILLE ST / W 14TH AVE,Fairview,489905.8735,5456248.7076
Mischief,2017,2,26,18,45,GRANVILLE ST / W 41ST AVE,Kerrisdale,489835.554,5453516.5475
Mischief,2017,9,8,13,40,GRANVILLE ST / W 66TH AVE,Marpole,489771.9787,5450962.9703
Mischief,2017,8,13,19,12,GRANVILLE ST / W 70TH AVE,Marpole,489763.9695,5450647.5405
Mischief,2017,2,11,14,20,GRANVILLE ST / W BROADWAY AVE,Fairview,489918.7795,5456767.6951
Mischief,2017,3,27,2,17,GRANVILLE ST / W BROADWAY AVE,Fairview,489918.7795,5456767.6951
Mischief,2017,9,11,17,2,GRANVILLE ST / W BROADWAY AVE,Fairview,489918.7795,5456767.6951
Mischief,2017,5,8,9,0,GRANVILLE ST / W CORDOVA ST,Central Business District,491792.7299,5459252.2043
Mischief,2017,5,18,8,0,GRANVILLE ST / W CORDOVA ST,Central Business District,491792.7299,5459252.2043
Mischief,2017,8,30,20,14,GRANVILLE ST / W CORDOVA ST,Central Business District,491792.7299,5459252.2043
Mischief,2017,9,1,20,30,GRANVILLE ST / W CORDOVA ST,Central Business District,491792.7299,5459252.2043
Mischief,2017,1,3,15,0,GRANVILLE ST / W GEORGIA ST,Central Business District,491408.2275,5458864.9388
Mischief,2017,1,4,16,0,GRANVILLE ST / W GEORGIA ST,Central Business District,491408.2275,5458864.9388
Mischief,2017,1,4,21,0,GRANVILLE ST / W GEORGIA ST,Central Business District,491408.2275,5458864.9388
Mischief,2017,1,30,8,18,GRANVILLE ST / W GEORGIA ST,Central Business District,491408.2275,5458864.9388
Mischief,2017,6,16,19,3,GRANVILLE ST / W GEORGIA ST,Central Business District,491408.2275,5458864.9388
Mischief,2017,9,24,10,0,GRANVILLE ST / W GEORGIA ST,Central Business District,491408.2275,5458864.9388
Mischief,2017,10,13,9,59,GRANVILLE ST / W GEORGIA ST,Central Business District,491408.2275,5458864.9388
Mischief,2017,10,20,0,0,GRANVILLE ST / W GEORGIA ST,Central Business District,491408.2275,5458864.9388
Mischief,2017,12,18,20,0,GRAVELEY ST / SALSBURY DR,Grandview-Woodland,495076.9629,5457529.2495
Mischief,2017,12,10,17,0,GRAVELEY ST / SEMLIN DR,Grandview-Woodland,495359.3928,5457523.2787
Mischief,2017,7,1,21,30,GREAT NORTHERN WAY / THORNTON ST,Mount Pleasant,493082.0459,5457120.8439
Mischief,2017,3,20,13,27,HAMILTON ST / NELSON ST,Central Business District,491307.1931,5458252.3556
Mischief,2017,7,16,14,15,HAMILTON ST / ROBSON ST,Central Business District,491566.3725,5458460.3764
Mischief,2017,12,15,6,6,HAMILTON ST / W GEORGIA ST,Central Business District,491689.9639,5458582.1207
Mischief,2017,7,8,18,0,HARO ST / THURLOW ST,West End,490842.95,5459023.4695
Mischief,2017,10,6,12,20,HAROLD ST / KINGSWAY AVE,Renfrew-Collingwood,497458.5364,5453428.045
Mischief,2017,12,8,13,39,HEATHER ST / W 57TH AVE,Marpole,490979.7685,5451824.6606
Mischief,2017,6,23,14,52,HEATLEY AVE / POWELL ST,Strathcona,493493.7201,5458920.1509
Mischief,2017,10,16,6,30,HEATLEY AVE / POWELL ST,Strathcona,493493.7201,5458920.1509
Mischief,2017,12,6,16,0,HEATLEY AVE / UNION ST,Strathcona,493475.7921,5458306.643
Mischief,2017,3,13,20,24,HELMCKEN ST / HOMER ST,Central Business District,491149.8021,5458177.612
Mischief,2017,6,13,10,20,HELMCKEN ST / HORNBY ST,Central Business District,490792.8379,5458530.21
Mischief,2017,7,8,13,0,HELMCKEN ST / HORNBY ST,Central Business District,490792.8379,5458530.21
Mischief,2017,3,2,0,0,HELMCKEN ST / HOWE ST,Central Business District,490862.9336,5458462.1455
Mischief,2017,6,27,22,0,HELMCKEN ST / RICHARDS ST,Central Business District,491077.8876,5458250.056
Mischief,2017,12,7,9,5,HELMCKEN ST / RICHARDS ST,Central Business District,491077.8876,5458250.056
Mischief,2017,4,30,14,0,HOMER ST / NELSON ST,Central Business District,491264.9057,5458294.9023
Mischief,2017,4,1,8,48,HOMER ST / W HASTINGS ST,Central Business District,491931.8766,5458968.1231
Mischief,2017,4,23,0,9,HOMER ST / W PENDER ST,Central Business District,491860.155,5458896.0568
Mischief,2017,9,29,6,19,HOMER ST / W PENDER ST,Central Business District,491860.155,5458896.0568
Mischief,2017,10,1,20,0,HOMER ST / W PENDER ST,Central Business District,491860.155,5458896.0568
Mischief,2017,10,22,14,0,HORNBY ST / ROBSON ST,Central Business District,491144.6333,5458883.8112
Mischief,2017,8,31,13,0,HORNBY ST / W GEORGIA ST,Central Business District,491266.1029,5459007.3504
Mischief,2017,10,10,16,30,HOWE ST / ROBSON ST,Central Business District,491211.4749,5458814.3895
Mischief,2017,12,3,19,30,HOWE ST / SMITHE ST,Central Business District,491095.1705,5458699.548
Mischief,2017,2,27,23,54,HOWE ST / W CORDOVA ST,Central Business District,491719.4859,5459323.804
Mischief,2017,1,8,16,50,HOWE ST / W PENDER ST,Central Business District,491575.303,5459176.0038
Mischief,2017,12,21,16,1,HOWE ST / W PENDER ST,Central Business District,491575.303,5459176.0038
Mischief,2017,4,19,3,26,HUDSON ST / W 67TH AVE,Marpole,490217.3307,5450898.3393
Mischief,2017,7,4,23,4,INDUSTRIAL AVE / WESTERN ST,Strathcona,492724.9374,5457526.533
Mischief,2017,11,15,21,0,JACKSON AVE / KEEFER ST,Strathcona,493198.7772,5458516.5686
Mischief,2017,6,29,14,30,JACKSON AVE / POWELL ST,Strathcona,493211.1925,5458928.7191
Mischief,2017,9,2,13,0,JACKSON AVE / POWELL ST,Strathcona,493211.1925,5458928.7191
Mischief,2017,11,19,2,58,JELLICOE ST / SE MARINE DR,Killarney,496525.3931,5450548.9406
Mischief,2017,1,7,16,0,JERVIS ST / W PENDER ST,Central Business District,490868.7488,5459594.2682
Mischief,2017,1,15,4,28,JOYCE ST / KINGSWAY AVE,Renfrew-Collingwood,497384.3166,5453488.0782
Mischief,2017,5,6,14,0,JOYCE ST / KINGSWAY AVE,Renfrew-Collingwood,497384.3166,5453488.0782
Mischief,2017,11,18,18,11,JOYCE ST / VANNESS AVE,Renfrew-Collingwood,497681.6365,5453940.9398
Mischief,2017,4,22,6,14,KEEFER PL / TAYLOR ST,Central Business District,492282.1356,5458527.8841
Mischief,2017,7,17,23,0,KEEFER PL / TAYLOR ST,Central Business District,492282.1356,5458527.8841
Mischief,2017,1,21,18,59,KEEFER ST / MAIN ST,Strathcona,492745.8377,5458530.0655
Mischief,2017,9,27,22,30,KEEFER ST / MAIN ST,Strathcona,492745.8377,5458530.0655
Mischief,2017,10,4,12,30,KEEFER ST / MAIN ST,Strathcona,492745.8377,5458530.0655
Mischief,2017,5,31,6,20,KEEFER ST / QUEBEC ST,Central Business District,492569.9919,5458508.4776
Mischief,2017,8,17,15,0,KEEFER ST / QUEBEC ST,Central Business District,492569.9919,5458508.4776
Mischief,2017,11,24,18,0,KINGSWAY AVE / LINCOLN ST,Killarney,498072.0583,5453265.0992
Mischief,2017,4,29,19,30,KINGSWAY AVE / PRINCE EDWARD ST,Mount Pleasant,492991.8778,5456320.9306
Mischief,2017,6,3,2,0,KINGSWAY AVE / RUPERT ST,Renfrew-Collingwood,496918.1785,5453685.4235
Mischief,2017,9,4,5,0,KINGSWAY AVE / RUPERT ST,Renfrew-Collingwood,496918.1785,5453685.4235
Mischief,2017,2,18,10,20,KINGSWAY AVE / SLOCAN ST,Renfrew-Collingwood,496064.4396,5454138.4622
Mischief,2017,11,23,18,0,KINGSWAY AVE / STAMFORD ST,Renfrew-Collingwood,497634.2024,5453291.995
Mischief,2017,9,23,15,30,KINGSWAY AVE / TAUNTON ST,Renfrew-Collingwood,497121.1756,5453652.1738
Mischief,2017,8,17,13,30,KINGSWAY AVE / TYNE ST,Killarney,497724.8299,5453248.8897
Mischief,2017,8,4,17,15,LABURNUM ST / W 41ST AVE,Kerrisdale,489036.268,5453536.3682
Mischief,2017,4,15,6,22,LAGOON DR / STANLEY PARK DR,Stanley Park,489237.8348,5460023.9444
Mischief,2017,4,17,11,37,LAMEYS MILL RD / OLD BRIDGE WALK,Fairview,490003.6596,5457357.7453
Mischief,2017,10,19,3,54,LAMEYS MILL RD / SITKA SQ,Fairview,490618.1088,5457078.5586
Mischief,2017,7,8,15,0,LARCH ST / W 3RD AVE,Kitsilano,488197.806,5457390.5392
Mischief,2017,5,21,18,50,LAUREL ST / SW MARINE DR,Marpole,490797.9439,5450391.7183
Mischief,2017,8,2,8,15,LAUREL ST / W 10TH AVE,Fairview,490879.4776,5456635.3713
Mischief,2017,10,18,19,0,LAUREL ST / W 12TH AVE,Fairview,490872.801,5456434.5685
Mischief,2017,11,21,0,30,LAUREL ST / W 14TH AVE,Fairview,490951.4138,5456220.1415
Mischief,2017,3,14,19,9,LAUREL ST / W BROADWAY AVE,Fairview,490965.4176,5456741.2859
Mischief,2017,12,16,22,0,LOGAN ST / W 70TH AVE,Marpole,490896.8879,5450628.2897
Mischief,2017,1,23,15,14,MACDONALD ST / OLIVER CRES,Arbutus Ridge,487784.9012,5455160.9224
Mischief,2017,9,18,22,0,MACDONALD ST / W 3RD AVE,Kitsilano,487759.9378,5457401.0689
Mischief,2017,11,30,22,30,MACDONALD ST / W 5TH AVE,Kitsilano,487754.3749,5457202.8183
Mischief,2017,11,13,22,0,MAIN ST / MILROSS AVE,Central Business District,492729.3593,5458147.1261
Mischief,2017,1,20,23,41,MAIN ST / POWELL ST,Strathcona,492759.2547,5458942.4691
Mischief,2017,1,31,23,59,MAIN ST / POWELL ST,Strathcona,492759.2547,5458942.4691
Mischief,2017,4,23,8,5,MAIN ST / PRIOR ST,Central Business District,492731.4661,5458227.744
Mischief,2017,6,5,5,43,MAIN ST / PRIOR ST,Central Business District,492731.4661,5458227.744
Mischief,2017,8,2,1,42,MAIN ST / PRIOR ST,Central Business District,492731.4661,5458227.744
Mischief,2017,10,4,22,0,MAIN ST / PRIOR ST,Central Business District,492731.4661,5458227.744
Mischief,2017,4,15,12,14,MAIN ST / TERMINAL AVE,Mount Pleasant,492718.2454,5457784.5846
Mischief,2017,5,27,1,10,MAIN ST / TERMINAL AVE,Mount Pleasant,492718.2454,5457784.5846
Mischief,2017,8,11,18,0,MAIN ST / TERMINAL AVE,Mount Pleasant,492718.2454,5457784.5846
Mischief,2017,10,19,6,20,MAIN ST / TERMINAL AVE,Mount Pleasant,492718.2454,5457784.5846
Mischief,2017,11,1,19,50,MAIN ST / TERMINAL AVE,Mount Pleasant,492718.2454,5457784.5846
Mischief,2017,12,19,21,46,MAIN ST / TERMINAL AVE,Mount Pleasant,492718.2454,5457784.5846
Mischief,2017,2,18,20,0,MAIN ST / UNION ST,Central Business District,492733.6621,5458331.7978
Mischief,2017,10,7,20,4,MAIN ST / UNION ST,Central Business District,492733.6621,5458331.7978
Mischief,2017,10,6,0,15,MAINLAND ST / NELSON ST,Central Business District,491346.2927,5458214.8487
Mischief,2017,5,5,0,31,MAINLAND ST / SMITHE ST,Central Business District,491454.4115,5458341.8521
Mischief,2017,2,10,11,19,MANITOBA ST / SW MARINE DR,Marpole,491990.0007,5451041.755
Mischief,2017,10,30,21,45,MANITOBA ST / W 18TH AVE,Riley Park,492199.233,5455776.7063
Mischief,2017,2,24,16,8,MANITOBA ST / W BROADWAY AVE,Mount Pleasant,492227.2927,5456703.8393
Mischief,2017,5,4,12,24,MANITOBA ST / W BROADWAY AVE,Mount Pleasant,492227.2927,5456703.8393
Mischief,2017,4,6,10,59,MAPLE ST / W 17TH AVE,Shaughnessy,489026.2409,5455959.1915
Mischief,2017,2,11,23,0,MAPLE ST / W 1ST AVE,Kitsilano,489064.7896,5457564.7312
Mischief,2017,1,23,18,0,MAPLE ST / YORK AVE,Kitsilano,489067.1636,5457661.2672
Mischief,2017,8,13,15,25,MARINER WALK / W 2ND AVE,Fairview,489877.6968,5457445.0898
Mischief,2017,9,25,7,0,MCLEAN DR / POWELL ST,Grandview-Woodland,494614.3346,5458945.531
Mischief,2017,5,10,19,49,MELVILLE ST / THURLOW ST,Central Business District,491128.8818,5459308.5768
Mischief,2017,11,2,23,44,N CASSIAR ST / OXFORD ST,Hastings-Sunrise,497759.2648,5459214.6505
Mischief,2017,2,11,16,48,NATIONAL AVE / QUEBEC ST,Central Business District,492577.6772,5458030.7403
Mischief,2017,12,12,20,0,NATIONAL AVE / STATION ST,Strathcona,492791.7465,5458019.609
Mischief,2017,7,4,9,13,NELSON ST / RICHARDS ST,Central Business District,491193.2215,5458365.5321
Mischief,2017,4,28,0,35,NELSON ST / SEYMOUR ST,Central Business District,491125.6602,5458434.4891
Mischief,2017,5,10,1,5,NELSON ST / SEYMOUR ST,Central Business District,491125.6602,5458434.4891
Mischief,2017,6,14,18,13,NICOLA ST / W PENDER ST,Central Business District,490618.1057,5459706.9282
Mischief,2017,8,26,19,0,NORTHERN ST / STATION ST,Strathcona,492867.1626,5457677.5273
Mischief,2017,7,15,13,0,NW MARINE DR / TOLMIE ST,West Point Grey,484598.7055,5458039.8086
Mischief,2017,8,11,10,51,NW MARINE DR / W 4TH AVE,West Point Grey,485455.9163,5457353.6496
Mischief,2017,8,10,19,0,OAK ST / W 15TH AVE,Fairview,490756.2396,5456124.1585
Mischief,2017,1,20,15,0,OAK ST / W 16TH AVE,Fairview,490743.4773,5456046.6829
Mischief,2017,12,5,8,45,OAK ST / W 49TH AVE,Oakridge,490658.6893,5452647.9524
Mischief,2017,5,11,13,53,OAK ST / W 57TH AVE,Marpole,490638.3587,5451832.4119
Mischief,2017,3,31,8,45,OAK ST / W 70TH AVE,Marpole,490512.4468,5450639.3698
Mischief,2017,10,15,19,30,OAK ST / W BROADWAY AVE,Fairview,490787.6818,5456745.8162
Mischief,2017,1,24,23,1,OAK ST / W KING EDWARD AVE,Shaughnessy,490719.9719,5455182.0391
Mischief,2017,11,21,20,0,ONTARIO ST / W 2ND AVE,Mount Pleasant,492386.7405,5457388.3605
Mischief,2017,9,14,22,0,ONTARIO ST / W 4TH AVE,Mount Pleasant,492381.6348,5457184.581
Mischief,2017,8,19,1,33,ONTARIO ST / W 5TH AVE,Mount Pleasant,492379.0121,5457086.954
Mischief,2017,6,1,7,30,OSLER ST / W 33RD AVE,Shaughnessy,490529.3969,5454313.8569
Mischief,2017,11,29,20,0,OSLER ST / W 59TH AVE,Marpole,490435.1989,5451608.3754
Mischief,2017,8,20,1,0,PACIFIC BLVD / PAT QUINN WAY,Central Business District,492167.97,5458269.6515
Mischief,2017,10,18,19,20,PACIFIC BLVD / QUEBEC ST,Central Business District,492526.2515,5458182.7731
Mischief,2017,1,21,19,30,PACIFIC ST / RICHARDS ST,Central Business District,490724.3202,5457894.4163
Mischief,2017,4,22,0,15,PENDRELL ST / THURLOW ST,West End,490533.9846,5458713.4146
Mischief,2017,4,22,13,14,POWELL ST / PRINCESS AVE,Strathcona,493352.1545,5458924.4447
Mischief,2017,4,9,16,0,PRINCE EDWARD ST / SE MARINE DR,Sunset,492837.0631,5450892.3779
Mischief,2017,8,24,8,30,PRINCESS AVE / UNION ST,Strathcona,493334.0211,5458310.5591
Mischief,2017,11,26,19,0,PRINCESS AVE / UNION ST,Strathcona,493334.0211,5458310.5591
Mischief,2017,10,30,9,15,PRIOR ST / QUEBEC ST,Central Business District,492570.834,5458232.5504
Mischief,2017,2,17,11,50,QUEBEC ST / SWITCHMEN ST,Mount Pleasant,492567.1072,5457610.0151
Mischief,2017,12,12,1,5,RAYMUR AVE / WILLIAM ST,Strathcona,493983.5942,5457947.3382
Mischief,2017,6,11,20,30,RICHARDS ST / ROBSON ST,Central Business District,491427.0969,5458601.6678
Mischief,2017,6,13,14,50,RICHARDS ST / ROBSON ST,Central Business District,491427.0969,5458601.6678
Mischief,2017,10,29,11,55,RICHARDS ST / ROBSON ST,Central Business District,491427.0969,5458601.6678
Mischief,2017,12,18,12,35,RICHARDS ST / ROBSON ST,Central Business District,491427.0969,5458601.6678
Mischief,2017,1,11,13,5,RICHARDS ST / W GEORGIA ST,Central Business District,491549.4238,5458724.1665
Mischief,2017,7,27,11,16,RICHARDS ST / W GEORGIA ST,Central Business District,491549.4238,5458724.1665
Mischief,2017,10,28,16,0,RICHARDS ST / W GEORGIA ST,Central Business District,491549.4238,5458724.1665
Mischief,2017,7,5,18,30,RICHARDS ST / W HASTINGS ST,Central Business District,491861.3846,5459038.6983
Mischief,2017,1,31,21,17,RICHARDS ST / W PENDER ST,Central Business District,491791.7547,5458968.7535
Mischief,2017,6,1,7,30,RICHARDS ST / W PENDER ST,Central Business District,491791.7547,5458968.7535
Mischief,2017,6,12,2,8,RICHARDS ST / W PENDER ST,Central Business District,491791.7547,5458968.7535
Mischief,2017,11,1,17,30,RUPERT ST / WELLINGTON AVE,Renfrew-Collingwood,497378.7437,5454412.9587
Mischief,2017,11,3,14,0,SASAMAT ST / W 13TH AVE,West Point Grey,484777.6637,5456503.5802
Mischief,2017,11,3,0,0,SASAMAT ST / W 14TH AVE,West Point Grey,484775.123,5456403.0444
Mischief,2017,11,3,19,0,SASAMAT ST / W 14TH AVE,West Point Grey,484775.123,5456403.0444
Mischief,2017,11,4,19,0,SASAMAT ST / W 14TH AVE,West Point Grey,484775.123,5456403.0444
Mischief,2017,9,15,11,45,SE MARINE DR / VICTORIA DR,Victoria-Fraserview,495184.6348,5450763.372
Mischief,2017,11,29,21,46,SE MARINE DR / VICTORIA DR,Victoria-Fraserview,495184.6348,5450763.372
Mischief,2017,3,24,17,11,SEMLIN DR / TRIUMPH ST,Grandview-Woodland,495377.4198,5459021.0104
Mischief,2017,5,6,22,15,SEYMOUR ST / SMITHE ST,Central Business District,491242.0155,5458550.5313
Mischief,2017,5,28,18,0,SEYMOUR ST / SMITHE ST,Central Business District,491242.0155,5458550.5313
Mischief,2017,7,2,7,55,SEYMOUR ST / SMITHE ST,Central Business District,491242.0155,5458550.5313
Mischief,2017,7,10,17,0,SEYMOUR ST / SMITHE ST,Central Business District,491242.0155,5458550.5313
Mischief,2017,10,27,14,11,SEYMOUR ST / SMITHE ST,Central Business District,491242.0155,5458550.5313
Mischief,2017,11,15,6,40,SEYMOUR ST / SMITHE ST,Central Business District,491242.0155,5458550.5313
Mischief,2017,3,23,20,0,SEYMOUR ST / W CORDOVA ST,Central Business District,491865.697,5459181.0134
Mischief,2017,5,3,22,41,SEYMOUR ST / W GEORGIA ST,Central Business District,491480.6323,5458792.376
Mischief,2017,7,8,20,45,SEYMOUR ST / W GEORGIA ST,Central Business District,491480.6323,5458792.376
Mischief,2017,1,6,17,0,SEYMOUR ST / W HASTINGS ST,Central Business District,491792.6235,5459107.6047
Mischief,2017,6,3,23,33,SEYMOUR ST / W PENDER ST,Central Business District,491721.6233,5459035.9166
Mischief,2017,11,4,17,0,SEYMOUR ST / W PENDER ST,Central Business District,491721.6233,5459035.9166
Mischief,2017,12,13,18,0,SEYMOUR ST / W PENDER ST,Central Business District,491721.6233,5459035.9166
Mischief,2017,8,28,18,0,SPRUCE ST / W 10TH AVE,Fairview,490611.5466,5456643.7147
Mischief,2017,4,7,12,19,STANLEY PARK CSWY / W GEORGIA ST,Stanley Park,490058.9071,5460199.0657
Mischief,2017,7,14,21,29,TAYLOR ST / W PENDER ST,Central Business District,492319.9982,5458667.077
Mischief,2017,7,8,9,19,THURLOW ST / W CORDOVA ST,Central Business District,491334.2612,5459516.0704
Mischief,2017,9,18,2,27,THURLOW ST / W CORDOVA ST,Central Business District,491334.2612,5459516.0704
Mischief,2017,6,11,15,58,THURLOW ST / W GEORGIA ST,West End,491045.4373,5459226.3899
Mischief,2017,8,4,18,0,THURLOW ST / W PENDER ST,Central Business District,491241.8488,5459422.6459
Mischief,2017,12,13,15,0,TISDALL ST / W 49TH AVE,Oakridge,491131.5472,5452619.1122
Mischief,2017,11,2,0,0,TOLMIE ST / W 14TH AVE,West Point Grey,484555.9681,5456408.8139
Mischief,2017,7,22,16,40,TOLMIE ST / W 16TH AVE,West Point Grey,484549.7702,5456207.289
Mischief,2017,6,30,19,0,TOLMIE ST / W 2ND AVE,West Point Grey,484588.0223,5457648.7154
Mischief,2017,2,20,8,15,TRAFALGAR ST / W 12TH AVE,Kitsilano,488010.7971,5456504.49
Mischief,2017,5,14,17,0,TRAFALGAR ST / W 1ST AVE,Kitsilano,488036.3216,5457595.3541
Mischief,2017,2,8,18,0,TRAFALGAR ST / W 3RD AVE,Kitsilano,488031.8473,5457394.5669
Mischief,2017,7,30,11,15,TRUTCH ST / W BROADWAY AVE,Kitsilano,487202.3702,5456841.6362
Mischief,2017,12,7,19,0,TURNER ST / VICTORIA DR,Grandview-Woodland,495228.6794,5458491.2755
Mischief,2017,2,26,12,48,VENABLES ST / VERNON DR,Strathcona,494231.6091,5458231.5358
Mischief,2017,4,3,14,0,VINE ST / W 41ST AVE,Arbutus Ridge,488356.8303,5453553.927
Mischief,2017,3,9,17,30,VINE ST / W 6TH AVE,Kitsilano,488536.4088,5457093.0085
Mischief,2017,10,4,8,54,W 10TH AVE / WILLOW ST,Fairview,491135.101,5456629.0499
Mischief,2017,1,17,16,15,W 12TH AVE / YUKON ST,Mount Pleasant,491778.9971,5456408.2882
Mischief,2017,11,14,18,0,W 12TH AVE / YUKON ST,Mount Pleasant,491778.9971,5456408.2882
Mischief,2017,11,25,17,0,W 13TH AVE / WILLOW ST,Fairview,491123.9238,5456316.8788
Mischief,2017,9,24,0,0,W 14TH AVE / YEW ST,Kitsilano,488687.6458,5456282.7614
Mischief,2017,1,13,21,0,W 15TH AVE / WATERLOO ST,Kitsilano,486904.8906,5456246.3604
Mischief,2017,9,5,8,36,W 15TH AVE / WILLOW ST,Fairview,491118.9694,5456114.4008
Mischief,2017,9,15,20,0,W 16TH AVE / YUKON ST,Riley Park,491764.9007,5456012.9202
Mischief,2017,10,13,23,0,W 21ST AVE / WALLACE ST,Dunbar-Southlands,486113.8153,5455686.2864
Mischief,2017,4,21,14,0,W 37TH AVE / YEW ST,Arbutus Ridge,488469.879,5453963.9409
Mischief,2017,4,6,12,0,W 7TH AVE / YUKON ST,Mount Pleasant,491789.387,5456900.4469
Mischief,2017,1,26,7,45,W 8TH AVE / YUKON ST,Mount Pleasant,491787.8477,5456800.1734
Mischief,2017,11,3,22,30,W BROADWAY AVE / WILLOW ST,Fairview,491136.8874,5456735.3261
Mischief,2017,1,22,14,0,W CORDOVA ST / WATER ST,Central Business District,491933.4618,5459112.1543
Mischief,2017,8,18,22,0,X ALEXANDER ST,Central Business District,492436.3905,5458968.3349
Mischief,2017,2,6,22,44,X ALEXANDER ST,Central Business District,492441.3004,5458972.0734
Mischief,2017,1,11,12,38,X ATHLETES WAY,Mount Pleasant,492388.4557,5457648.476
Mischief,2017,8,25,21,30,X E BROADWAY AVE,Mount Pleasant,492373.2379,5456704.2419
Mischief,2017,9,6,20,23,X E CORDOVA ST,Central Business District,492422.0463,5458861.8561
Mischief,2017,4,28,17,0,X FALAISE PL,Renfrew-Collingwood,497923.9068,5455936.7117
Mischief,2017,2,10,5,0,X KINGSWAY AVE,Mount Pleasant,492669.4602,5456863.0683
Mischief,2017,2,21,17,44,X KINGSWAY AVE,Mount Pleasant,492669.4602,5456863.0683
Mischief,2017,6,6,17,35,X KINGSWAY AVE,Mount Pleasant,492669.4602,5456863.0683
Mischief,2017,5,26,1,30,X MALTA PL,Renfrew-Collingwood,498065.7296,5455810.1142
Mischief,2017,1,3,8,0,X NK_LOC ST,Strathcona,492765.9374,5458793.3032
Mischief,2017,2,24,20,0,X NK_LOC ST,Strathcona,492765.9374,5458793.3032
Mischief,2017,3,5,12,50,X NK_LOC ST,Strathcona,492765.9374,5458793.3032
Mischief,2017,3,27,0,0,X NK_LOC ST,Strathcona,492765.9374,5458793.3032
Mischief,2017,4,1,12,0,X NK_LOC ST,Strathcona,492765.9374,5458793.3032
Mischief,2017,4,8,12,0,X NK_LOC ST,Strathcona,492765.9374,5458793.3032
Mischief,2017,5,28,13,0,X NK_LOC ST,Strathcona,492765.9374,5458793.3032
Mischief,2017,5,28,20,0,X NK_LOC ST,Strathcona,492765.9374,5458793.3032
Mischief,2017,6,3,17,6,X NK_LOC ST,Strathcona,492765.9374,5458793.3032
Mischief,2017,7,1,0,0,X NK_LOC ST,Strathcona,492765.9374,5458793.3032
Mischief,2017,7,22,0,0,X NK_LOC ST,Strathcona,492765.9374,5458793.3032
Mischief,2017,10,12,12,0,X NK_LOC ST,Strathcona,492765.9374,5458793.3032
Mischief,2017,10,20,9,21,X NK_LOC ST,Strathcona,492765.9374,5458793.3032
Mischief,2017,12,6,15,0,X NK_LOC ST,Strathcona,492765.9374,5458793.3032
Mischief,2017,12,21,17,0,X NK_LOC ST,Strathcona,492765.9374,5458793.3032
Mischief,2017,12,24,0,0,X NK_LOC ST,Strathcona,492765.9374,5458793.3032
Mischief,2017,7,18,23,1,X POWELL ST,Central Business District,492447.0311,5458948.8528
Mischief,2017,11,5,22,0,X SMITHE MEWS,Central Business District,491851.2182,5457903.2015
Mischief,2017,10,7,22,30,X W 21ST AVE,Riley Park,492350.7382,5455466.0657
Mischief,2017,5,4,17,34,X W 63RD AVE,Marpole,492223.9857,5451171.6189
Mischief,2017,2,12,21,0,X W CORDOVA ST,Central Business District,492406.4742,5458856.5027
Mischief,2017,2,13,19,0,X W CORDOVA ST,Central Business District,492406.4742,5458856.5027
Mischief,2017,1,3,20,30,X W CORDOVA ST,Central Business District,492412.6493,5458864.1862
Mischief,2017,2,8,5,56,X W HASTINGS ST,Central Business District,492391.6827,5458762.5805
Mischief,2017,5,19,10,50,X W HASTINGS ST,Central Business District,492391.6827,5458762.5805
Mischief,2017,9,15,21,35,X W HASTINGS ST,Central Business District,492391.6827,5458762.5805
Mischief,2017,6,2,6,35,X W PENDER ST,Central Business District,492374.3744,5458647.5397
Mischief,2017,8,11,13,35,X WATER ST,Central Business District,492410.9115,5458973.2148
Mischief,2017,10,12,3,34,X WATER ST,Central Business District,492410.9115,5458973.2148
Offence Against a Person,2017,9,22,0,0,OFFSET TO PROTECT PRIVACY,Stanley Park,0.0,0.0
Offence Against a Person,2017,8,6,0,0,OFFSET TO PROTECT PRIVACY,West End,0.0,0.0
Offence Against a Person,2017,6,16,0,0,OFFSET TO PROTECT PRIVACY,Stanley Park,0.0,0.0
Offence Against a Person,2017,3,15,0,0,OFFSET TO PROTECT PRIVACY,West End,0.0,0.0
Offence Against a Person,2017,1,2,0,0,OFFSET TO PROTECT PRIVACY,West End,0.0,0.0
Offence Against a Person,2017,12,15,0,0,OFFSET TO PROTECT PRIVACY,West End,0.0,0.0
Offence Against a Person,2017,11,18,0,0,OFFSET TO PROTECT PRIVACY,West End,0.0,0.0
Offence Against a Person,2017,9,2,0,0,OFFSET TO PROTECT PRIVACY,West End,0.0,0.0
Offence Against a Person,2017,7,15,0,0,OFFSET TO PROTECT PRIVACY,West End,0.0,0.0
Offence Against a Person,2017,2,3,0,0,OFFSET TO PROTECT PRIVACY,West End,0.0,0.0
Offence Against a Person,2017,5,17,0,0,OFFSET TO PROTECT PRIVACY,West End,0.0,0.0
Offence Against a Person,2017,8,1,0,0,OFFSET TO PROTECT PRIVACY,Stanley Park,0.0,0.0
Offence Against a Person,2017,8,13,0,0,OFFSET TO PROTECT PRIVACY,West End,0.0,0.0
Offence Against a Person,2017,4,7,0,0,OFFSET TO PROTECT PRIVACY,West End,0.0,0.0
Offence Against a Person,2017,6,29,0,0,OFFSET TO PROTECT PRIVACY,West End,0.0,0.0
Offence Against a Person,2017,4,20,0,0,OFFSET TO PROTECT PRIVACY,West End,0.0,0.0
Offence Against a Person,2017,12,19,0,0,OFFSET TO PROTECT PRIVACY,West End,0.0,0.0
Offence Against a Person,2017,1,20,0,0,OFFSET TO PROTECT PRIVACY,West End,0.0,0.0
Offence Against a Person,2017,1,20,0,0,OFFSET TO PROTECT PRIVACY,West End,0.0,0.0
Offence Against a Person,2017,2,17,0,0,OFFSET TO PROTECT PRIVACY,West End,0.0,0.0
Offence Against a Person,2017,6,28,0,0,OFFSET TO PROTECT PRIVACY,West End,0.0,0.0
Offence Against a Person,2017,9,24,0,0,OFFSET TO PROTECT PRIVACY,West End,0.0,0.0
Offence Against a Person,2017,4,1,0,0,OFFSET TO PROTECT PRIVACY,West End,0.0,0.0
Offence Against a Person,2017,7,1,0,0,OFFSET TO PROTECT PRIVACY,West End,0.0,0.0
Offence Against a Person,2017,7,8,0,0,OFFSET TO PROTECT PRIVACY,West End,0.0,0.0
Offence Against a Person,2017,6,16,0,0,OFFSET TO PROTECT PRIVACY,West End,0.0,0.0
Offence Against a Person,2017,8,5,0,0,OFFSET TO PROTECT PRIVACY,West End,0.0,0.0
Offence Against a Person,2017,2,14,0,0,OFFSET TO PROTECT PRIVACY,West End,0.0,0.0
Offence Against a Person,2017,5,28,0,0,OFFSET TO PROTECT PRIVACY,West End,0.0,0.0
Offence Against a Person,2017,9,1,0,0,OFFSET TO PROTECT PRIVACY,Kitsilano,0.0,0.0
Offence Against a Person,2017,3,16,0,0,OFFSET TO PROTECT PRIVACY,West End,0.0,0.0
Offence Against a Person,2017,6,7,0,0,OFFSET TO PROTECT PRIVACY,West End,0.0,0.0
Offence Against a Person,2017,9,18,0,0,OFFSET TO PROTECT PRIVACY,West End,0.0,0.0
Offence Against a Person,2017,10,15,0,0,OFFSET TO PROTECT PRIVACY,West End,0.0,0.0
Offence Against a Person,2017,12,27,0,0,OFFSET TO PROTECT PRIVACY,West End,0.0,0.0
Offence Against a Person,2017,1,15,0,0,OFFSET TO PROTECT PRIVACY,West End,0.0,0.0
Offence Against a Person,2017,12,25,0,0,OFFSET TO PROTECT PRIVACY,West End,0.0,0.0
Offence Against a Person,2017,10,22,0,0,OFFSET TO PROTECT PRIVACY,West End,0.0,0.0
Offence Against a Person,2017,10,22,0,0,OFFSET TO PROTECT PRIVACY,West End,0.0,0.0
Offence Against a Person,2017,2,21,0,0,OFFSET TO PROTECT PRIVACY,West End,0.0,0.0
Offence Against a Person,2017,7,1,0,0,OFFSET TO PROTECT PRIVACY,West End,0.0,0.0
Offence Against a Person,2017,8,25,0,0,OFFSET TO PROTECT PRIVACY,Stanley Park,0.0,0.0
Offence Against a Person,2017,1,14,0,0,OFFSET TO PROTECT PRIVACY,West End,0.0,0.0
Offence Against a Person,2017,10,31,0,0,OFFSET TO PROTECT PRIVACY,West End,0.0,0.0
Offence Against a Person,2017,4,29,0,0,OFFSET TO PROTECT PRIVACY,West End,0.0,0.0
Offence Against a Person,2017,7,19,0,0,OFFSET TO PROTECT PRIVACY,West End,0.0,0.0
Offence Against a Person,2017,1,2,0,0,OFFSET TO PROTECT PRIVACY,West End,0.0,0.0
Offence Against a Person,2017,2,19,0,0,OFFSET TO PROTECT PRIVACY,West End,0.0,0.0
Offence Against a Person,2017,6,27,0,0,OFFSET TO PROTECT PRIVACY,West End,0.0,0.0
Offence Against a Person,2017,6,27,0,0,OFFSET TO PROTECT PRIVACY,West End,0.0,0.0
Offence Against a Person,2017,6,24,0,0,OFFSET TO PROTECT PRIVACY,Stanley Park,0.0,0.0
Offence Against a Person,2017,12,9,0,0,OFFSET TO PROTECT PRIVACY,West End,0.0,0.0
Offence Against a Person,2017,12,28,0,0,OFFSET TO PROTECT PRIVACY,West End,0.0,0.0
Offence Against a Person,2017,9,18,0,0,OFFSET TO PROTECT PRIVACY,West End,0.0,0.0
Offence Against a Person,2017,5,3,0,0,OFFSET TO PROTECT PRIVACY,West End,0.0,0.0
Offence Against a Person,2017,7,18,0,0,OFFSET TO PROTECT PRIVACY,West End,0.0,0.0
Offence Against a Person,2017,9,27,0,0,OFFSET TO PROTECT PRIVACY,West End,0.0,0.0
Offence Against a Person,2017,7,17,0,0,OFFSET TO PROTECT PRIVACY,West End,0.0,0.0
Offence Against a Person,2017,4,2,0,0,OFFSET TO PROTECT PRIVACY,West End,0.0,0.0
Offence Against a Person,2017,4,19,0,0,OFFSET TO PROTECT PRIVACY,West End,0.0,0.0
Offence Against a Person,2017,9,12,0,0,OFFSET TO PROTECT PRIVACY,West End,0.0,0.0
Offence Against a Person,2017,11,14,0,0,OFFSET TO PROTECT PRIVACY,West End,0.0,0.0
Offence Against a Person,2017,8,27,0,0,OFFSET TO PROTECT PRIVACY,West End,0.0,0.0
Offence Against a Person,2017,10,1,0,0,OFFSET TO PROTECT PRIVACY,West End,0.0,0.0
Offence Against a Person,2017,9,29,0,0,OFFSET TO PROTECT PRIVACY,West End,0.0,0.0
Offence Against a Person,2017,8,8,0,0,OFFSET TO PROTECT PRIVACY,West End,0.0,0.0
Offence Against a Person,2017,2,19,0,0,OFFSET TO PROTECT PRIVACY,West End,0.0,0.0
Offence Against a Person,2017,6,11,0,0,OFFSET TO PROTECT PRIVACY,West End,0.0,0.0
Offence Against a Person,2017,9,23,0,0,OFFSET TO PROTECT PRIVACY,West End,0.0,0.0
Offence Against a Person,2017,2,5,0,0,OFFSET TO PROTECT PRIVACY,West End,0.0,0.0
Offence Against a Person,2017,6,16,0,0,OFFSET TO PROTECT PRIVACY,West End,0.0,0.0
Offence Against a Person,2017,9,30,0,0,OFFSET TO PROTECT PRIVACY,West End,0.0,0.0
Offence Against a Person,2017,1,14,0,0,OFFSET TO PROTECT PRIVACY,West End,0.0,0.0
Offence Against a Person,2017,9,14,0,0,OFFSET TO PROTECT PRIVACY,West End,0.0,0.0
Offence Against a Person,2017,8,8,0,0,OFFSET TO PROTECT PRIVACY,West End,0.0,0.0
Offence Against a Person,2017,9,26,0,0,OFFSET TO PROTECT PRIVACY,West End,0.0,0.0
Offence Against a Person,2017,6,9,0,0,OFFSET TO PROTECT PRIVACY,West End,0.0,0.0
Offence Against a Person,2017,7,19,0,0,OFFSET TO PROTECT PRIVACY,West End,0.0,0.0
Offence Against a Person,2017,7,18,0,0,OFFSET TO PROTECT PRIVACY,West End,0.0,0.0
Offence Against a Person,2017,1,27,0,0,OFFSET TO PROTECT PRIVACY,West End,0.0,0.0
Offence Against a Person,2017,11,22,0,0,OFFSET TO PROTECT PRIVACY,West End,0.0,0.0
Offence Against a Person,2017,8,30,0,0,OFFSET TO PROTECT PRIVACY,West End,0.0,0.0
Offence Against a Person,2017,9,4,0,0,OFFSET TO PROTECT PRIVACY,West End,0.0,0.0
Offence Against a Person,2017,3,11,0,0,OFFSET TO PROTECT PRIVACY,West End,0.0,0.0
Offence Against a Person,2017,1,1,0,0,OFFSET TO PROTECT PRIVACY,West End,0.0,0.0
Offence Against a Person,2017,6,27,0,0,OFFSET TO PROTECT PRIVACY,West End,0.0,0.0
Offence Against a Person,2017,3,6,0,0,OFFSET TO PROTECT PRIVACY,West End,0.0,0.0
Offence Against a Person,2017,4,28,0,0,OFFSET TO PROTECT PRIVACY,West End,0.0,0.0
Offence Against a Person,2017,8,3,0,0,OFFSET TO PROTECT PRIVACY,West End,0.0,0.0
Offence Against a Person,2017,11,22,0,0,OFFSET TO PROTECT PRIVACY,West End,0.0,0.0
Offence Against a Person,2017,5,16,0,0,OFFSET TO PROTECT PRIVACY,West End,0.0,0.0
Offence Against a Person,2017,8,17,0,0,OFFSET TO PROTECT PRIVACY,West End,0.0,0.0
Offence Against a Person,2017,5,5,0,0,OFFSET TO PROTECT PRIVACY,West End,0.0,0.0
Offence Against a Person,2017,12,2,0,0,OFFSET TO PROTECT PRIVACY,West End,0.0,0.0
Offence Against a Person,2017,11,24,0,0,OFFSET TO PROTECT PRIVACY,West End,0.0,0.0
Offence Against a Person,2017,11,24,0,0,OFFSET TO PROTECT PRIVACY,West End,0.0,0.0
Offence Against a Person,2017,4,21,0,0,OFFSET TO PROTECT PRIVACY,West End,0.0,0.0
Offence Against a Person,2017,8,7,0,0,OFFSET TO PROTECT PRIVACY,West End,0.0,0.0
Offence Against a Person,2017,4,20,0,0,OFFSET TO PROTECT PRIVACY,West End,0.0,0.0
Offence Against a Person,2017,1,3,0,0,OFFSET TO PROTECT PRIVACY,West End,0.0,0.0
Offence Against a Person,2017,1,16,0,0,OFFSET TO PROTECT PRIVACY,West End,0.0,0.0
Offence Against a Person,2017,3,8,0,0,OFFSET TO PROTECT PRIVACY,West End,0.0,0.0
Offence Against a Person,2017,3,8,0,0,OFFSET TO PROTECT PRIVACY,West End,0.0,0.0
Offence Against a Person,2017,12,9,0,0,OFFSET TO PROTECT PRIVACY,West End,0.0,0.0
Offence Against a Person,2017,5,31,0,0,OFFSET TO PROTECT PRIVACY,West End,0.0,0.0
Offence Against a Person,2017,5,5,0,0,OFFSET TO PROTECT PRIVACY,West End,0.0,0.0
Offence Against a Person,2017,2,11,0,0,OFFSET TO PROTECT PRIVACY,West End,0.0,0.0
Offence Against a Person,2017,12,16,0,0,OFFSET TO PROTECT PRIVACY,West End,0.0,0.0
Offence Against a Person,2017,8,7,0,0,OFFSET TO PROTECT PRIVACY,West End,0.0,0.0
Offence Against a Person,2017,3,6,0,0,OFFSET TO PROTECT PRIVACY,West End,0.0,0.0
Offence Against a Person,2017,5,12,0,0,OFFSET TO PROTECT PRIVACY,West End,0.0,0.0
Offence Against a Person,2017,11,17,0,0,OFFSET TO PROTECT PRIVACY,West End,0.0,0.0
Offence Against a Person,2017,12,5,0,0,OFFSET TO PROTECT PRIVACY,West End,0.0,0.0
Offence Against a Person,2017,7,7,0,0,OFFSET TO PROTECT PRIVACY,West End,0.0,0.0
Offence Against a Person,2017,7,27,0,0,OFFSET TO PROTECT PRIVACY,West End,0.0,0.0
Offence Against a Person,2017,7,9,0,0,OFFSET TO PROTECT PRIVACY,West End,0.0,0.0
Offence Against a Person,2017,8,15,0,0,OFFSET TO PROTECT PRIVACY,Central Business District,0.0,0.0
Offence Against a Person,2017,2,9,0,0,OFFSET TO PROTECT PRIVACY,West End,0.0,0.0
Offence Against a Person,2017,5,25,0,0,OFFSET TO PROTECT PRIVACY,West End,0.0,0.0
Offence Against a Person,2017,2,13,0,0,OFFSET TO PROTECT PRIVACY,West End,0.0,0.0
Offence Against a Person,2017,4,5,0,0,OFFSET TO PROTECT PRIVACY,West End,0.0,0.0
Offence Against a Person,2017,5,20,0,0,OFFSET TO PROTECT PRIVACY,West End,0.0,0.0
Offence Against a Person,2017,10,18,0,0,OFFSET TO PROTECT PRIVACY,West End,0.0,0.0
Offence Against a Person,2017,12,24,0,0,OFFSET TO PROTECT PRIVACY,Central Business District,0.0,0.0
Offence Against a Person,2017,8,7,0,0,OFFSET TO PROTECT PRIVACY,Fairview,0.0,0.0
Offence Against a Person,2017,5,25,0,0,OFFSET TO PROTECT PRIVACY,West End,0.0,0.0
Offence Against a Person,2017,10,15,0,0,OFFSET TO PROTECT PRIVACY,West End,0.0,0.0
Offence Against a Person,2017,7,31,0,0,OFFSET TO PROTECT PRIVACY,West End,0.0,0.0
Offence Against a Person,2017,7,31,0,0,OFFSET TO PROTECT PRIVACY,West End,0.0,0.0
Offence Against a Person,2017,8,19,0,0,OFFSET TO PROTECT PRIVACY,West End,0.0,0.0
Offence Against a Person,2017,3,21,0,0,OFFSET TO PROTECT PRIVACY,West End,0.0,0.0
Offence Against a Person,2017,4,30,0,0,OFFSET TO PROTECT PRIVACY,West End,0.0,0.0
Offence Against a Person,2017,5,7,0,0,OFFSET TO PROTECT PRIVACY,West End,0.0,0.0
Offence Against a Person,2017,2,28,0,0,OFFSET TO PROTECT PRIVACY,West End,0.0,0.0
Offence Against a Person,2017,9,3,0,0,OFFSET TO PROTECT PRIVACY,West End,0.0,0.0
Offence Against a Person,2017,7,11,0,0,OFFSET TO PROTECT PRIVACY,Central Business District,0.0,0.0
Offence Against a Person,2017,9,6,0,0,OFFSET TO PROTECT PRIVACY,West End,0.0,0.0
Offence Against a Person,2017,7,27,0,0,OFFSET TO PROTECT PRIVACY,Stanley Park,0.0,0.0
Offence Against a Person,2017,11,25,0,0,OFFSET TO PROTECT PRIVACY,Stanley Park,0.0,0.0
Offence Against a Person,2017,3,25,0,0,OFFSET TO PROTECT PRIVACY,Central Business District,0.0,0.0
Offence Against a Person,2017,8,12,0,0,OFFSET TO PROTECT PRIVACY,Central Business District,0.0,0.0
Offence Against a Person,2017,11,12,0,0,OFFSET TO PROTECT PRIVACY,West End,0.0,0.0
Offence Against a Person,2017,10,10,0,0,OFFSET TO PROTECT PRIVACY,West End,0.0,0.0
Offence Against a Person,2017,5,31,0,0,OFFSET TO PROTECT PRIVACY,West End,0.0,0.0
Offence Against a Person,2017,5,22,0,0,OFFSET TO PROTECT PRIVACY,Central Business District,0.0,0.0
Offence Against a Person,2017,10,15,0,0,OFFSET TO PROTECT PRIVACY,Central Business District,0.0,0.0
Offence Against a Person,2017,10,9,0,0,OFFSET TO PROTECT PRIVACY,West End,0.0,0.0
Offence Against a Person,2017,3,21,0,0,OFFSET TO PROTECT PRIVACY,Central Business District,0.0,0.0
Offence Against a Person,2017,8,19,0,0,OFFSET TO PROTECT PRIVACY,Central Business District,0.0,0.0
Offence Against a Person,2017,5,6,0,0,OFFSET TO PROTECT PRIVACY,West End,0.0,0.0
Offence Against a Person,2017,11,29,0,0,OFFSET TO PROTECT PRIVACY,West End,0.0,0.0
Offence Against a Person,2017,1,25,0,0,OFFSET TO PROTECT PRIVACY,Central Business District,0.0,0.0
Offence Against a Person,2017,2,15,0,0,OFFSET TO PROTECT PRIVACY,West End,0.0,0.0
Offence Against a Person,2017,11,1,0,0,OFFSET TO PROTECT PRIVACY,West End,0.0,0.0
Offence Against a Person,2017,2,26,0,0,OFFSET TO PROTECT PRIVACY,West End,0.0,0.0
Offence Against a Person,2017,11,24,0,0,OFFSET TO PROTECT PRIVACY,West End,0.0,0.0
Offence Against a Person,2017,11,24,0,0,OFFSET TO PROTECT PRIVACY,West End,0.0,0.0
Offence Against a Person,2017,10,12,0,0,OFFSET TO PROTECT PRIVACY,Central Business District,0.0,0.0
Offence Against a Person,2017,8,31,0,0,OFFSET TO PROTECT PRIVACY,Central Business District,0.0,0.0
Offence Against a Person,2017,6,24,0,0,OFFSET TO PROTECT PRIVACY,West End,0.0,0.0
Offence Against a Person,2017,11,4,0,0,OFFSET TO PROTECT PRIVACY,West End,0.0,0.0
Offence Against a Person,2017,8,25,0,0,OFFSET TO PROTECT PRIVACY,West End,0.0,0.0
Offence Against a Person,2017,7,22,0,0,OFFSET TO PROTECT PRIVACY,West End,0.0,0.0
Offence Against a Person,2017,8,8,0,0,OFFSET TO PROTECT PRIVACY,West End,0.0,0.0
Offence Against a Person,2017,9,8,0,0,OFFSET TO PROTECT PRIVACY,West End,0.0,0.0
Offence Against a Person,2017,6,22,0,0,OFFSET TO PROTECT PRIVACY,West End,0.0,0.0
Offence Against a Person,2017,1,14,0,0,OFFSET TO PROTECT PRIVACY,Central Business District,0.0,0.0
Offence Against a Person,2017,7,4,0,0,OFFSET TO PROTECT PRIVACY,West End,0.0,0.0
Offence Against a Person,2017,1,20,0,0,OFFSET TO PROTECT PRIVACY,West End,0.0,0.0
Offence Against a Person,2017,5,3,0,0,OFFSET TO PROTECT PRIVACY,West End,0.0,0.0
Offence Against a Person,2017,5,4,0,0,OFFSET TO PROTECT PRIVACY,West End,0.0,0.0
Offence Against a Person,2017,12,9,0,0,OFFSET TO PROTECT PRIVACY,West End,0.0,0.0
Offence Against a Person,2017,6,30,0,0,OFFSET TO PROTECT PRIVACY,West End,0.0,0.0
Offence Against a Person,2017,8,9,0,0,OFFSET TO PROTECT PRIVACY,West End,0.0,0.0
Offence Against a Person,2017,8,5,0,0,OFFSET TO PROTECT PRIVACY,West End,0.0,0.0
Offence Against a Person,2017,3,18,0,0,OFFSET TO PROTECT PRIVACY,West End,0.0,0.0
Offence Against a Person,2017,11,3,0,0,OFFSET TO PROTECT PRIVACY,Central Business District,0.0,0.0
Offence Against a Person,2017,2,10,0,0,OFFSET TO PROTECT PRIVACY,West End,0.0,0.0
Offence Against a Person,2017,12,12,0,0,OFFSET TO PROTECT PRIVACY,West End,0.0,0.0
Offence Against a Person,2017,11,20,0,0,OFFSET TO PROTECT PRIVACY,Central Business District,0.0,0.0
Offence Against a Person,2017,12,6,0,0,OFFSET TO PROTECT PRIVACY,West End,0.0,0.0
Offence Against a Person,2017,9,29,0,0,OFFSET TO PROTECT PRIVACY,West End,0.0,0.0
Offence Against a Person,2017,6,20,0,0,OFFSET TO PROTECT PRIVACY,West End,0.0,0.0
Offence Against a Person,2017,7,14,0,0,OFFSET TO PROTECT PRIVACY,West End,0.0,0.0
Offence Against a Person,2017,1,21,0,0,OFFSET TO PROTECT PRIVACY,West End,0.0,0.0
Offence Against a Person,2017,9,24,0,0,OFFSET TO PROTECT PRIVACY,West End,0.0,0.0
Offence Against a Person,2017,5,28,0,0,OFFSET TO PROTECT PRIVACY,West End,0.0,0.0
Offence Against a Person,2017,11,21,0,0,OFFSET TO PROTECT PRIVACY,West End,0.0,0.0
Offence Against a Person,2017,8,25,0,0,OFFSET TO PROTECT PRIVACY,West End,0.0,0.0
Offence Against a Person,2017,1,22,0,0,OFFSET TO PROTECT PRIVACY,Central Business District,0.0,0.0
Offence Against a Person,2017,10,27,0,0,OFFSET TO PROTECT PRIVACY,West End,0.0,0.0
Offence Against a Person,2017,7,6,0,0,OFFSET TO PROTECT PRIVACY,West End,0.0,0.0
Offence Against a Person,2017,1,18,0,0,OFFSET TO PROTECT PRIVACY,Central Business District,0.0,0.0
Offence Against a Person,2017,9,22,0,0,OFFSET TO PROTECT PRIVACY,West End,0.0,0.0
Offence Against a Person,2017,3,29,0,0,OFFSET TO PROTECT PRIVACY,Central Business District,0.0,0.0
Offence Against a Person,2017,10,20,0,0,OFFSET TO PROTECT PRIVACY,West End,0.0,0.0
Offence Against a Person,2017,7,9,0,0,OFFSET TO PROTECT PRIVACY,West End,0.0,0.0
Offence Against a Person,2017,3,21,0,0,OFFSET TO PROTECT PRIVACY,West End,0.0,0.0
Offence Against a Person,2017,9,18,0,0,OFFSET TO PROTECT PRIVACY,West End,0.0,0.0
Offence Against a Person,2017,5,26,0,0,OFFSET TO PROTECT PRIVACY,Central Business District,0.0,0.0
Offence Against a Person,2017,11,14,0,0,OFFSET TO PROTECT PRIVACY,Central Business District,0.0,0.0
Offence Against a Person,2017,11,14,0,0,OFFSET TO PROTECT PRIVACY,West End,0.0,0.0
Offence Against a Person,2017,8,7,0,0,OFFSET TO PROTECT PRIVACY,West End,0.0,0.0
Offence Against a Person,2017,9,27,0,0,OFFSET TO PROTECT PRIVACY,West End,0.0,0.0
Offence Against a Person,2017,9,30,0,0,OFFSET TO PROTECT PRIVACY,West End,0.0,0.0
Offence Against a Person,2017,9,14,0,0,OFFSET TO PROTECT PRIVACY,West End,0.0,0.0
Offence Against a Person,2017,7,6,0,0,OFFSET TO PROTECT PRIVACY,West End,0.0,0.0
Offence Against a Person,2017,11,23,0,0,OFFSET TO PROTECT PRIVACY,Central Business District,0.0,0.0
Offence Against a Person,2017,4,13,0,0,OFFSET TO PROTECT PRIVACY,West End,0.0,0.0
Offence Against a Person,2017,11,26,0,0,OFFSET TO PROTECT PRIVACY,West End,0.0,0.0
Offence Against a Person,2017,1,13,0,0,OFFSET TO PROTECT PRIVACY,West End,0.0,0.0
Offence Against a Person,2017,3,11,0,0,OFFSET TO PROTECT PRIVACY,West End,0.0,0.0
Offence Against a Person,2017,7,19,0,0,OFFSET TO PROTECT PRIVACY,West End,0.0,0.0
Offence Against a Person,2017,9,7,0,0,OFFSET TO PROTECT PRIVACY,West End,0.0,0.0
Offence Against a Person,2017,11,8,0,0,OFFSET TO PROTECT PRIVACY,West End,0.0,0.0
Offence Against a Person,2017,3,23,0,0,OFFSET TO PROTECT PRIVACY,Central Business District,0.0,0.0
Offence Against a Person,2017,4,14,0,0,OFFSET TO PROTECT PRIVACY,West End,0.0,0.0
Offence Against a Person,2017,5,26,0,0,OFFSET TO PROTECT PRIVACY,West End,0.0,0.0
Offence Against a Person,2017,5,26,0,0,OFFSET TO PROTECT PRIVACY,West End,0.0,0.0
Offence Against a Person,2017,7,27,0,0,OFFSET TO PROTECT PRIVACY,West End,0.0,0.0
Offence Against a Person,2017,11,7,0,0,OFFSET TO PROTECT PRIVACY,West End,0.0,0.0
Offence Against a Person,2017,8,31,0,0,OFFSET TO PROTECT PRIVACY,West End,0.0,0.0
Offence Against a Person,2017,3,13,0,0,OFFSET TO PROTECT PRIVACY,West End,0.0,0.0
Offence Against a Person,2017,11,30,0,0,OFFSET TO PROTECT PRIVACY,West End,0.0,0.0
Offence Against a Person,2017,9,22,0,0,OFFSET TO PROTECT PRIVACY,West End,0.0,0.0
Offence Against a Person,2017,9,17,0,0,OFFSET TO PROTECT PRIVACY,West End,0.0,0.0
Offence Against a Person,2017,9,17,0,0,OFFSET TO PROTECT PRIVACY,West End,0.0,0.0
Offence Against a Person,2017,5,9,0,0,OFFSET TO PROTECT PRIVACY,West End,0.0,0.0
Offence Against a Person,2017,8,11,0,0,OFFSET TO PROTECT PRIVACY,Central Business District,0.0,0.0
Offence Against a Person,2017,7,22,0,0,OFFSET TO PROTECT PRIVACY,West End,0.0,0.0
Offence Against a Person,2017,11,18,0,0,OFFSET TO PROTECT PRIVACY,West End,0.0,0.0
Offence Against a Person,2017,9,25,0,0,OFFSET TO PROTECT PRIVACY,West End,0.0,0.0
Offence Against a Person,2017,11,12,0,0,OFFSET TO PROTECT PRIVACY,West End,0.0,0.0
Offence Against a Person,2017,1,7,0,0,OFFSET TO PROTECT PRIVACY,Central Business District,0.0,0.0
Offence Against a Person,2017,10,15,0,0,OFFSET TO PROTECT PRIVACY,West End,0.0,0.0
Offence Against a Person,2017,1,16,0,0,OFFSET TO PROTECT PRIVACY,Central Business District,0.0,0.0
Offence Against a Person,2017,3,4,0,0,OFFSET TO PROTECT PRIVACY,Central Business District,0.0,0.0
Offence Against a Person,2017,7,16,0,0,OFFSET TO PROTECT PRIVACY,West End,0.0,0.0
Offence Against a Person,2017,3,12,0,0,OFFSET TO PROTECT PRIVACY,West End,0.0,0.0
Offence Against a Person,2017,4,16,0,0,OFFSET TO PROTECT PRIVACY,Central Business District,0.0,0.0
Offence Against a Person,2017,9,11,0,0,OFFSET TO PROTECT PRIVACY,West End,0.0,0.0
Offence Against a Person,2017,11,9,0,0,OFFSET TO PROTECT PRIVACY,West End,0.0,0.0
Offence Against a Person,2017,9,5,0,0,OFFSET TO PROTECT PRIVACY,West End,0.0,0.0
Offence Against a Person,2017,11,24,0,0,OFFSET TO PROTECT PRIVACY,West End,0.0,0.0
Offence Against a Person,2017,9,19,0,0,OFFSET TO PROTECT PRIVACY,West End,0.0,0.0
Offence Against a Person,2017,11,23,0,0,OFFSET TO PROTECT PRIVACY,West End,0.0,0.0
Offence Against a Person,2017,1,14,0,0,OFFSET TO PROTECT PRIVACY,West End,0.0,0.0
Offence Against a Person,2017,10,8,0,0,OFFSET TO PROTECT PRIVACY,West End,0.0,0.0
Offence Against a Person,2017,7,22,0,0,OFFSET TO PROTECT PRIVACY,West End,0.0,0.0
Offence Against a Person,2017,8,31,0,0,OFFSET TO PROTECT PRIVACY,West End,0.0,0.0
Offence Against a Person,2017,9,26,0,0,OFFSET TO PROTECT PRIVACY,West End,0.0,0.0
Offence Against a Person,2017,2,11,0,0,OFFSET TO PROTECT PRIVACY,Central Business District,0.0,0.0
Offence Against a Person,2017,4,14,0,0,OFFSET TO PROTECT PRIVACY,West End,0.0,0.0
Offence Against a Person,2017,3,21,0,0,OFFSET TO PROTECT PRIVACY,West End,0.0,0.0
Offence Against a Person,2017,10,4,0,0,OFFSET TO PROTECT PRIVACY,Central Business District,0.0,0.0
Offence Against a Person,2017,5,12,0,0,OFFSET TO PROTECT PRIVACY,West End,0.0,0.0
Offence Against a Person,2017,5,13,0,0,OFFSET TO PROTECT PRIVACY,West End,0.0,0.0
Offence Against a Person,2017,8,23,0,0,OFFSET TO PROTECT PRIVACY,West End,0.0,0.0
Offence Against a Person,2017,4,24,0,0,OFFSET TO PROTECT PRIVACY,West End,0.0,0.0
Offence Against a Person,2017,3,11,0,0,OFFSET TO PROTECT PRIVACY,West End,0.0,0.0
Offence Against a Person,2017,12,9,0,0,OFFSET TO PROTECT PRIVACY,West End,0.0,0.0
Offence Against a Person,2017,8,30,0,0,OFFSET TO PROTECT PRIVACY,Central Business District,0.0,0.0
Offence Against a Person,2017,7,23,0,0,OFFSET TO PROTECT PRIVACY,Central Business District,0.0,0.0
Offence Against a Person,2017,4,6,0,0,OFFSET TO PROTECT PRIVACY,West End,0.0,0.0
Offence Against a Person,2017,11,20,0,0,OFFSET TO PROTECT PRIVACY,West End,0.0,0.0
Offence Against a Person,2017,8,5,0,0,OFFSET TO PROTECT PRIVACY,Central Business District,0.0,0.0
Offence Against a Person,2017,8,15,0,0,OFFSET TO PROTECT PRIVACY,Central Business District,0.0,0.0
Offence Against a Person,2017,5,7,0,0,OFFSET TO PROTECT PRIVACY,Central Business District,0.0,0.0
Offence Against a Person,2017,5,25,0,0,OFFSET TO PROTECT PRIVACY,West End,0.0,0.0
Offence Against a Person,2017,3,7,0,0,OFFSET TO PROTECT PRIVACY,West End,0.0,0.0
Offence Against a Person,2017,3,26,0,0,OFFSET TO PROTECT PRIVACY,West End,0.0,0.0
Offence Against a Person,2017,5,20,0,0,OFFSET TO PROTECT PRIVACY,West End,0.0,0.0
Offence Against a Person,2017,1,6,0,0,OFFSET TO PROTECT PRIVACY,West End,0.0,0.0
Offence Against a Person,2017,1,8,0,0,OFFSET TO PROTECT PRIVACY,Central Business District,0.0,0.0
Offence Against a Person,2017,2,12,0,0,OFFSET TO PROTECT PRIVACY,West End,0.0,0.0
Offence Against a Person,2017,3,25,0,0,OFFSET TO PROTECT PRIVACY,Central Business District,0.0,0.0
Offence Against a Person,2017,5,8,0,0,OFFSET TO PROTECT PRIVACY,Central Business District,0.0,0.0
Offence Against a Person,2017,12,10,0,0,OFFSET TO PROTECT PRIVACY,West End,0.0,0.0
Offence Against a Person,2017,5,27,0,0,OFFSET TO PROTECT PRIVACY,West End,0.0,0.0
Offence Against a Person,2017,10,22,0,0,OFFSET TO PROTECT PRIVACY,West End,0.0,0.0
Offence Against a Person,2017,12,23,0,0,OFFSET TO PROTECT PRIVACY,West End,0.0,0.0
Offence Against a Person,2017,10,29,0,0,OFFSET TO PROTECT PRIVACY,Central Business District,0.0,0.0
Offence Against a Person,2017,1,1,0,0,OFFSET TO PROTECT PRIVACY,Central Business District,0.0,0.0
Offence Against a Person,2017,2,28,0,0,OFFSET TO PROTECT PRIVACY,Central Business District,0.0,0.0
Offence Against a Person,2017,9,3,0,0,OFFSET TO PROTECT PRIVACY,Central Business District,0.0,0.0
Offence Against a Person,2017,1,14,0,0,OFFSET TO PROTECT PRIVACY,Central Business District,0.0,0.0
Offence Against a Person,2017,11,23,0,0,OFFSET TO PROTECT PRIVACY,West End,0.0,0.0
Offence Against a Person,2017,5,14,0,0,OFFSET TO PROTECT PRIVACY,West End,0.0,0.0
Offence Against a Person,2017,3,17,0,0,OFFSET TO PROTECT PRIVACY,West End,0.0,0.0
Offence Against a Person,2017,1,25,0,0,OFFSET TO PROTECT PRIVACY,Central Business District,0.0,0.0
Offence Against a Person,2017,6,29,0,0,OFFSET TO PROTECT PRIVACY,Central Business District,0.0,0.0
Offence Against a Person,2017,8,29,0,0,OFFSET TO PROTECT PRIVACY,Central Business District,0.0,0.0
Offence Against a Person,2017,2,27,0,0,OFFSET TO PROTECT PRIVACY,Central Business District,0.0,0.0
Offence Against a Person,2017,3,25,0,0,OFFSET TO PROTECT PRIVACY,West End,0.0,0.0
Offence Against a Person,2017,1,11,0,0,OFFSET TO PROTECT PRIVACY,Central Business District,0.0,0.0
Offence Against a Person,2017,1,11,0,0,OFFSET TO PROTECT PRIVACY,Central Business District,0.0,0.0
Offence Against a Person,2017,1,10,0,0,OFFSET TO PROTECT PRIVACY,West End,0.0,0.0
Offence Against a Person,2017,12,3,0,0,OFFSET TO PROTECT PRIVACY,Central Business District,0.0,0.0
Offence Against a Person,2017,9,9,0,0,OFFSET TO PROTECT PRIVACY,West End,0.0,0.0
Offence Against a Person,2017,4,16,0,0,OFFSET TO PROTECT PRIVACY,West End,0.0,0.0
Offence Against a Person,2017,8,18,0,0,OFFSET TO PROTECT PRIVACY,West End,0.0,0.0
Offence Against a Person,2017,5,3,0,0,OFFSET TO PROTECT PRIVACY,West End,0.0,0.0
Offence Against a Person,2017,3,21,0,0,OFFSET TO PROTECT PRIVACY,West End,0.0,0.0
Offence Against a Person,2017,12,4,0,0,OFFSET TO PROTECT PRIVACY,Central Business District,0.0,0.0
Offence Against a Person,2017,4,4,0,0,OFFSET TO PROTECT PRIVACY,Central Business District,0.0,0.0
Offence Against a Person,2017,4,19,0,0,OFFSET TO PROTECT PRIVACY,Central Business District,0.0,0.0
Offence Against a Person,2017,12,10,0,0,OFFSET TO PROTECT PRIVACY,West End,0.0,0.0
Offence Against a Person,2017,10,5,0,0,OFFSET TO PROTECT PRIVACY,Central Business District,0.0,0.0
Offence Against a Person,2017,5,14,0,0,OFFSET TO PROTECT PRIVACY,West End,0.0,0.0
Offence Against a Person,2017,7,21,0,0,OFFSET TO PROTECT PRIVACY,West End,0.0,0.0
Offence Against a Person,2017,10,31,0,0,OFFSET TO PROTECT PRIVACY,Central Business District,0.0,0.0
Offence Against a Person,2017,4,10,0,0,OFFSET TO PROTECT PRIVACY,Central Business District,0.0,0.0
Offence Against a Person,2017,2,2,0,0,OFFSET TO PROTECT PRIVACY,West End,0.0,0.0
Offence Against a Person,2017,4,6,0,0,OFFSET TO PROTECT PRIVACY,West End,0.0,0.0
Offence Against a Person,2017,7,30,0,0,OFFSET TO PROTECT PRIVACY,West End,0.0,0.0
Offence Against a Person,2017,10,13,0,0,OFFSET TO PROTECT PRIVACY,Central Business District,0.0,0.0
Offence Against a Person,2017,12,16,0,0,OFFSET TO PROTECT PRIVACY,Central Business District,0.0,0.0
Offence Against a Person,2017,7,22,0,0,OFFSET TO PROTECT PRIVACY,Central Business District,0.0,0.0
Offence Against a Person,2017,1,8,0,0,OFFSET TO PROTECT PRIVACY,West End,0.0,0.0
Offence Against a Person,2017,1,26,0,0,OFFSET TO PROTECT PRIVACY,West End,0.0,0.0
Offence Against a Person,2017,1,30,0,0,OFFSET TO PROTECT PRIVACY,West End,0.0,0.0
Offence Against a Person,2017,3,7,0,0,OFFSET TO PROTECT PRIVACY,West End,0.0,0.0
Offence Against a Person,2017,3,21,0,0,OFFSET TO PROTECT PRIVACY,West End,0.0,0.0
Offence Against a Person,2017,1,25,0,0,OFFSET TO PROTECT PRIVACY,Central Business District,0.0,0.0
Offence Against a Person,2017,6,29,0,0,OFFSET TO PROTECT PRIVACY,Central Business District,0.0,0.0
Offence Against a Person,2017,9,10,0,0,OFFSET TO PROTECT PRIVACY,Central Business District,0.0,0.0
Offence Against a Person,2017,12,20,0,0,OFFSET TO PROTECT PRIVACY,Central Business District,0.0,0.0
Offence Against a Person,2017,8,24,0,0,OFFSET TO PROTECT PRIVACY,West End,0.0,0.0
Offence Against a Person,2017,2,5,0,0,OFFSET TO PROTECT PRIVACY,Central Business District,0.0,0.0
Offence Against a Person,2017,9,23,0,0,OFFSET TO PROTECT PRIVACY,Central Business District,0.0,0.0
Offence Against a Person,2017,11,20,0,0,OFFSET TO PROTECT PRIVACY,West End,0.0,0.0
Offence Against a Person,2017,1,24,0,0,OFFSET TO PROTECT PRIVACY,West End,0.0,0.0
Offence Against a Person,2017,3,25,0,0,OFFSET TO PROTECT PRIVACY,West End,0.0,0.0
Offence Against a Person,2017,5,27,0,0,OFFSET TO PROTECT PRIVACY,West End,0.0,0.0
Offence Against a Person,2017,10,6,0,0,OFFSET TO PROTECT PRIVACY,Central Business District,0.0,0.0
Offence Against a Person,2017,10,6,0,0,OFFSET TO PROTECT PRIVACY,Central Business District,0.0,0.0
Offence Against a Person,2017,6,22,0,0,OFFSET TO PROTECT PRIVACY,Central Business District,0.0,0.0
Offence Against a Person,2017,5,11,0,0,OFFSET TO PROTECT PRIVACY,West End,0.0,0.0
Offence Against a Person,2017,7,29,0,0,OFFSET TO PROTECT PRIVACY,Central Business District,0.0,0.0
Offence Against a Person,2017,1,22,0,0,OFFSET TO PROTECT PRIVACY,Central Business District,0.0,0.0
Offence Against a Person,2017,8,18,0,0,OFFSET TO PROTECT PRIVACY,Central Business District,0.0,0.0
Offence Against a Person,2017,1,9,0,0,OFFSET TO PROTECT PRIVACY,Central Business District,0.0,0.0
Offence Against a Person,2017,4,26,0,0,OFFSET TO PROTECT PRIVACY,West End,0.0,0.0
Offence Against a Person,2017,8,24,0,0,OFFSET TO PROTECT PRIVACY,Central Business District,0.0,0.0
Offence Against a Person,2017,4,30,0,0,OFFSET TO PROTECT PRIVACY,Central Business District,0.0,0.0
Offence Against a Person,2017,4,22,0,0,OFFSET TO PROTECT PRIVACY,Central Business District,0.0,0.0
Offence Against a Person,2017,8,17,0,0,OFFSET TO PROTECT PRIVACY,Central Business District,0.0,0.0
Offence Against a Person,2017,1,18,0,0,OFFSET TO PROTECT PRIVACY,West End,0.0,0.0
Offence Against a Person,2017,2,25,0,0,OFFSET TO PROTECT PRIVACY,Central Business District,0.0,0.0
Offence Against a Person,2017,8,23,0,0,OFFSET TO PROTECT PRIVACY,Central Business District,0.0,0.0
Offence Against a Person,2017,11,23,0,0,OFFSET TO PROTECT PRIVACY,West End,0.0,0.0
Offence Against a Person,2017,7,3,0,0,OFFSET TO PROTECT PRIVACY,West End,0.0,0.0
Offence Against a Person,2017,3,2,0,0,OFFSET TO PROTECT PRIVACY,West End,0.0,0.0
Offence Against a Person,2017,3,26,0,0,OFFSET TO PROTECT PRIVACY,West End,0.0,0.0
Offence Against a Person,2017,7,22,0,0,OFFSET TO PROTECT PRIVACY,Central Business District,0.0,0.0
Offence Against a Person,2017,6,18,0,0,OFFSET TO PROTECT PRIVACY,Central Business District,0.0,0.0
Offence Against a Person,2017,9,6,0,0,OFFSET TO PROTECT PRIVACY,Central Business District,0.0,0.0
Offence Against a Person,2017,7,23,0,0,OFFSET TO PROTECT PRIVACY,Central Business District,0.0,0.0
Offence Against a Person,2017,10,4,0,0,OFFSET TO PROTECT PRIVACY,Central Business District,0.0,0.0
Offence Against a Person,2017,3,21,0,0,OFFSET TO PROTECT PRIVACY,Central Business District,0.0,0.0
Offence Against a Person,2017,5,14,0,0,OFFSET TO PROTECT PRIVACY,West End,0.0,0.0
Offence Against a Person,2017,3,25,0,0,OFFSET TO PROTECT PRIVACY,Central Business District,0.0,0.0
Offence Against a Person,2017,12,22,0,0,OFFSET TO PROTECT PRIVACY,Central Business District,0.0,0.0
Offence Against a Person,2017,6,1,0,0,OFFSET TO PROTECT PRIVACY,West End,0.0,0.0
Offence Against a Person,2017,2,16,0,0,OFFSET TO PROTECT PRIVACY,Central Business District,0.0,0.0
Offence Against a Person,2017,2,12,0,0,OFFSET TO PROTECT PRIVACY,West End,0.0,0.0
Offence Against a Person,2017,11,25,0,0,OFFSET TO PROTECT PRIVACY,West End,0.0,0.0
Offence Against a Person,2017,1,1,0,0,OFFSET TO PROTECT PRIVACY,Central Business District,0.0,0.0
Offence Against a Person,2017,6,18,0,0,OFFSET TO PROTECT PRIVACY,Central Business District,0.0,0.0
Offence Against a Person,2017,7,9,0,0,OFFSET TO PROTECT PRIVACY,Central Business District,0.0,0.0
Offence Against a Person,2017,6,10,0,0,OFFSET TO PROTECT PRIVACY,Central Business District,0.0,0.0
Offence Against a Person,2017,10,21,0,0,OFFSET TO PROTECT PRIVACY,Central Business District,0.0,0.0
Offence Against a Person,2017,9,25,0,0,OFFSET TO PROTECT PRIVACY,Central Business District,0.0,0.0
Offence Against a Person,2017,3,14,0,0,OFFSET TO PROTECT PRIVACY,West End,0.0,0.0
Offence Against a Person,2017,3,26,0,0,OFFSET TO PROTECT PRIVACY,West End,0.0,0.0
Offence Against a Person,2017,1,15,0,0,OFFSET TO PROTECT PRIVACY,West End,0.0,0.0
Offence Against a Person,2017,10,28,0,0,OFFSET TO PROTECT PRIVACY,West End,0.0,0.0
Offence Against a Person,2017,1,10,0,0,OFFSET TO PROTECT PRIVACY,West End,0.0,0.0
Offence Against a Person,2017,8,26,0,0,OFFSET TO PROTECT PRIVACY,West End,0.0,0.0
Offence Against a Person,2017,9,5,0,0,OFFSET TO PROTECT PRIVACY,Central Business District,0.0,0.0
Offence Against a Person,2017,9,3,0,0,OFFSET TO PROTECT PRIVACY,West End,0.0,0.0
Offence Against a Person,2017,2,17,0,0,OFFSET TO PROTECT PRIVACY,Central Business District,0.0,0.0
Offence Against a Person,2017,5,20,0,0,OFFSET TO PROTECT PRIVACY,West End,0.0,0.0
Offence Against a Person,2017,10,11,0,0,OFFSET TO PROTECT PRIVACY,West End,0.0,0.0
Offence Against a Person,2017,11,19,0,0,OFFSET TO PROTECT PRIVACY,West End,0.0,0.0
Offence Against a Person,2017,5,13,0,0,OFFSET TO PROTECT PRIVACY,West End,0.0,0.0
Offence Against a Person,2017,9,30,0,0,OFFSET TO PROTECT PRIVACY,West End,0.0,0.0
Offence Against a Person,2017,11,18,0,0,OFFSET TO PROTECT PRIVACY,West End,0.0,0.0
Offence Against a Person,2017,7,2,0,0,OFFSET TO PROTECT PRIVACY,West End,0.0,0.0
Offence Against a Person,2017,7,18,0,0,OFFSET TO PROTECT PRIVACY,Central Business District,0.0,0.0
Offence Against a Person,2017,10,26,0,0,OFFSET TO PROTECT PRIVACY,West End,0.0,0.0
Offence Against a Person,2017,4,2,0,0,OFFSET TO PROTECT PRIVACY,Central Business District,0.0,0.0
Offence Against a Person,2017,9,12,0,0,OFFSET TO PROTECT PRIVACY,West End,0.0,0.0
Offence Against a Person,2017,5,18,0,0,OFFSET TO PROTECT PRIVACY,Central Business District,0.0,0.0
Offence Against a Person,2017,11,5,0,0,OFFSET TO PROTECT PRIVACY,West End,0.0,0.0
Offence Against a Person,2017,9,30,0,0,OFFSET TO PROTECT PRIVACY,Central Business District,0.0,0.0
Offence Against a Person,2017,7,2,0,0,OFFSET TO PROTECT PRIVACY,West End,0.0,0.0
Offence Against a Person,2017,7,25,0,0,OFFSET TO PROTECT PRIVACY,Central Business District,0.0,0.0
Offence Against a Person,2017,2,8,0,0,OFFSET TO PROTECT PRIVACY,West End,0.0,0.0
Offence Against a Person,2017,1,14,0,0,OFFSET TO PROTECT PRIVACY,West End,0.0,0.0
Offence Against a Person,2017,4,15,0,0,OFFSET TO PROTECT PRIVACY,Central Business District,0.0,0.0
Offence Against a Person,2017,6,22,0,0,OFFSET TO PROTECT PRIVACY,Central Business District,0.0,0.0
Offence Against a Person,2017,6,30,0,0,OFFSET TO PROTECT PRIVACY,Central Business District,0.0,0.0
Offence Against a Person,2017,11,1,0,0,OFFSET TO PROTECT PRIVACY,Central Business District,0.0,0.0
Offence Against a Person,2017,11,13,0,0,OFFSET TO PROTECT PRIVACY,Central Business District,0.0,0.0
Offence Against a Person,2017,12,17,0,0,OFFSET TO PROTECT PRIVACY,Central Business District,0.0,0.0
Offence Against a Person,2017,4,19,0,0,OFFSET TO PROTECT PRIVACY,West End,0.0,0.0
Offence Against a Person,2017,6,30,0,0,OFFSET TO PROTECT PRIVACY,West End,0.0,0.0
Offence Against a Person,2017,6,16,0,0,OFFSET TO PROTECT PRIVACY,West End,0.0,0.0
Offence Against a Person,2017,7,5,0,0,OFFSET TO PROTECT PRIVACY,West End,0.0,0.0
Offence Against a Person,2017,11,1,0,0,OFFSET TO PROTECT PRIVACY,West End,0.0,0.0
Offence Against a Person,2017,3,25,0,0,OFFSET TO PROTECT PRIVACY,West End,0.0,0.0
Offence Against a Person,2017,6,7,0,0,OFFSET TO PROTECT PRIVACY,West End,0.0,0.0
Offence Against a Person,2017,6,17,0,0,OFFSET TO PROTECT PRIVACY,West End,0.0,0.0
Offence Against a Person,2017,8,27,0,0,OFFSET TO PROTECT PRIVACY,West End,0.0,0.0
Offence Against a Person,2017,10,8,0,0,OFFSET TO PROTECT PRIVACY,West End,0.0,0.0
Offence Against a Person,2017,10,14,0,0,OFFSET TO PROTECT PRIVACY,West End,0.0,0.0
Offence Against a Person,2017,6,8,0,0,OFFSET TO PROTECT PRIVACY,West End,0.0,0.0
Offence Against a Person,2017,3,12,0,0,OFFSET TO PROTECT PRIVACY,West End,0.0,0.0
Offence Against a Person,2017,9,16,0,0,OFFSET TO PROTECT PRIVACY,West End,0.0,0.0
Offence Against a Person,2017,4,29,0,0,OFFSET TO PROTECT PRIVACY,Central Business District,0.0,0.0
Offence Against a Person,2017,2,22,0,0,OFFSET TO PROTECT PRIVACY,West End,0.0,0.0
Offence Against a Person,2017,7,8,0,0,OFFSET TO PROTECT PRIVACY,Central Business District,0.0,0.0
Offence Against a Person,2017,11,16,0,0,OFFSET TO PROTECT PRIVACY,Central Business District,0.0,0.0
Offence Against a Person,2017,11,24,0,0,OFFSET TO PROTECT PRIVACY,Central Business District,0.0,0.0
Offence Against a Person,2017,5,6,0,0,OFFSET TO PROTECT PRIVACY,Central Business District,0.0,0.0
Offence Against a Person,2017,1,2,0,0,OFFSET TO PROTECT PRIVACY,West End,0.0,0.0
Offence Against a Person,2017,12,23,0,0,OFFSET TO PROTECT PRIVACY,Central Business District,0.0,0.0
Offence Against a Person,2017,10,15,0,0,OFFSET TO PROTECT PRIVACY,West End,0.0,0.0
Offence Against a Person,2017,1,14,0,0,OFFSET TO PROTECT PRIVACY,Fairview,0.0,0.0
Offence Against a Person,2017,1,14,0,0,OFFSET TO PROTECT PRIVACY,Central Business District,0.0,0.0
Offence Against a Person,2017,12,12,0,0,OFFSET TO PROTECT PRIVACY,West End,0.0,0.0
Offence Against a Person,2017,5,26,0,0,OFFSET TO PROTECT PRIVACY,West End,0.0,0.0
Offence Against a Person,2017,5,1,0,0,OFFSET TO PROTECT PRIVACY,West End,0.0,0.0
Offence Against a Person,2017,7,9,0,0,OFFSET TO PROTECT PRIVACY,Central Business District,0.0,0.0
Offence Against a Person,2017,6,12,0,0,OFFSET TO PROTECT PRIVACY,West End,0.0,0.0
Offence Against a Person,2017,12,13,0,0,OFFSET TO PROTECT PRIVACY,West End,0.0,0.0
Offence Against a Person,2017,3,29,0,0,OFFSET TO PROTECT PRIVACY,Central Business District,0.0,0.0
Offence Against a Person,2017,8,21,0,0,OFFSET TO PROTECT PRIVACY,Central Business District,0.0,0.0
Offence Against a Person,2017,1,8,0,0,OFFSET TO PROTECT PRIVACY,West End,0.0,0.0
Offence Against a Person,2017,1,19,0,0,OFFSET TO PROTECT PRIVACY,West End,0.0,0.0
Offence Against a Person,2017,7,8,0,0,OFFSET TO PROTECT PRIVACY,West End,0.0,0.0
Offence Against a Person,2017,6,24,0,0,OFFSET TO PROTECT PRIVACY,Central Business District,0.0,0.0
Offence Against a Person,2017,10,21,0,0,OFFSET TO PROTECT PRIVACY,Central Business District,0.0,0.0
Offence Against a Person,2017,11,3,0,0,OFFSET TO PROTECT PRIVACY,West End,0.0,0.0
Offence Against a Person,2017,8,12,0,0,OFFSET TO PROTECT PRIVACY,Central Business District,0.0,0.0
Offence Against a Person,2017,8,12,0,0,OFFSET TO PROTECT PRIVACY,Central Business District,0.0,0.0
Offence Against a Person,2017,3,1,0,0,OFFSET TO PROTECT PRIVACY,Central Business District,0.0,0.0
Offence Against a Person,2017,2,6,0,0,OFFSET TO PROTECT PRIVACY,Central Business District,0.0,0.0
Offence Against a Person,2017,12,2,0,0,OFFSET TO PROTECT PRIVACY,Central Business District,0.0,0.0
Offence Against a Person,2017,5,7,0,0,OFFSET TO PROTECT PRIVACY,West End,0.0,0.0
Offence Against a Person,2017,10,5,0,0,OFFSET TO PROTECT PRIVACY,Central Business District,0.0,0.0
Offence Against a Person,2017,12,16,0,0,OFFSET TO PROTECT PRIVACY,Central Business District,0.0,0.0
Offence Against a Person,2017,4,23,0,0,OFFSET TO PROTECT PRIVACY,West End,0.0,0.0
Offence Against a Person,2017,9,10,0,0,OFFSET TO PROTECT PRIVACY,West End,0.0,0.0
Offence Against a Person,2017,7,2,0,0,OFFSET TO PROTECT PRIVACY,Central Business District,0.0,0.0
Offence Against a Person,2017,12,4,0,0,OFFSET TO PROTECT PRIVACY,West End,0.0,0.0
Offence Against a Person,2017,2,10,0,0,OFFSET TO PROTECT PRIVACY,West End,0.0,0.0
Offence Against a Person,2017,5,20,0,0,OFFSET TO PROTECT PRIVACY,Central Business District,0.0,0.0
Offence Against a Person,2017,3,29,0,0,OFFSET TO PROTECT PRIVACY,Central Business District,0.0,0.0
Offence Against a Person,2017,10,14,0,0,OFFSET TO PROTECT PRIVACY,West End,0.0,0.0
Offence Against a Person,2017,8,3,0,0,OFFSET TO PROTECT PRIVACY,Central Business District,0.0,0.0
Offence Against a Person,2017,5,9,0,0,OFFSET TO PROTECT PRIVACY,Central Business District,0.0,0.0
Offence Against a Person,2017,11,1,0,0,OFFSET TO PROTECT PRIVACY,Central Business District,0.0,0.0
Offence Against a Person,2017,5,1,0,0,OFFSET TO PROTECT PRIVACY,West End,0.0,0.0
Offence Against a Person,2017,5,17,0,0,OFFSET TO PROTECT PRIVACY,West End,0.0,0.0
Offence Against a Person,2017,5,2,0,0,OFFSET TO PROTECT PRIVACY,West End,0.0,0.0
Offence Against a Person,2017,9,16,0,0,OFFSET TO PROTECT PRIVACY,West End,0.0,0.0
Offence Against a Person,2017,5,28,0,0,OFFSET TO PROTECT PRIVACY,Central Business District,0.0,0.0
Offence Against a Person,2017,3,3,0,0,OFFSET TO PROTECT PRIVACY,West End,0.0,0.0
Offence Against a Person,2017,8,31,0,0,OFFSET TO PROTECT PRIVACY,Central Business District,0.0,0.0
Offence Against a Person,2017,10,22,0,0,OFFSET TO PROTECT PRIVACY,Central Business District,0.0,0.0
Offence Against a Person,2017,11,15,0,0,OFFSET TO PROTECT PRIVACY,West End,0.0,0.0
Offence Against a Person,2017,1,8,0,0,OFFSET TO PROTECT PRIVACY,West End,0.0,0.0
Offence Against a Person,2017,1,1,0,0,OFFSET TO PROTECT PRIVACY,Central Business District,0.0,0.0
Offence Against a Person,2017,10,7,0,0,OFFSET TO PROTECT PRIVACY,West End,0.0,0.0
Offence Against a Person,2017,12,2,0,0,OFFSET TO PROTECT PRIVACY,Central Business District,0.0,0.0
Offence Against a Person,2017,3,7,0,0,OFFSET TO PROTECT PRIVACY,West End,0.0,0.0
Offence Against a Person,2017,8,27,0,0,OFFSET TO PROTECT PRIVACY,Central Business District,0.0,0.0
Offence Against a Person,2017,12,1,0,0,OFFSET TO PROTECT PRIVACY,West End,0.0,0.0
Offence Against a Person,2017,9,23,0,0,OFFSET TO PROTECT PRIVACY,Central Business District,0.0,0.0
Offence Against a Person,2017,5,5,0,0,OFFSET TO PROTECT PRIVACY,Central Business District,0.0,0.0
Offence Against a Person,2017,12,8,0,0,OFFSET TO PROTECT PRIVACY,Central Business District,0.0,0.0
Offence Against a Person,2017,12,31,0,0,OFFSET TO PROTECT PRIVACY,Central Business District,0.0,0.0
Offence Against a Person,2017,1,21,0,0,OFFSET TO PROTECT PRIVACY,Central Business District,0.0,0.0
Offence Against a Person,2017,1,16,0,0,OFFSET TO PROTECT PRIVACY,Central Business District,0.0,0.0
Offence Against a Person,2017,1,15,0,0,OFFSET TO PROTECT PRIVACY,Central Business District,0.0,0.0
Offence Against a Person,2017,7,19,0,0,OFFSET TO PROTECT PRIVACY,Central Business District,0.0,0.0
Offence Against a Person,2017,10,25,0,0,OFFSET TO PROTECT PRIVACY,Central Business District,0.0,0.0
Offence Against a Person,2017,1,16,0,0,OFFSET TO PROTECT PRIVACY,West End,0.0,0.0
Offence Against a Person,2017,3,1,0,0,OFFSET TO PROTECT PRIVACY,Central Business District,0.0,0.0
Offence Against a Person,2017,9,5,0,0,OFFSET TO PROTECT PRIVACY,Central Business District,0.0,0.0
Offence Against a Person,2017,3,18,0,0,OFFSET TO PROTECT PRIVACY,West End,0.0,0.0
Offence Against a Person,2017,5,11,0,0,OFFSET TO PROTECT PRIVACY,West End,0.0,0.0
Offence Against a Person,2017,7,15,0,0,OFFSET TO PROTECT PRIVACY,West End,0.0,0.0
Offence Against a Person,2017,8,16,0,0,OFFSET TO PROTECT PRIVACY,West End,0.0,0.0
Offence Against a Person,2017,11,26,0,0,OFFSET TO PROTECT PRIVACY,West End,0.0,0.0
Offence Against a Person,2017,11,9,0,0,OFFSET TO PROTECT PRIVACY,Central Business District,0.0,0.0
Offence Against a Person,2017,9,3,0,0,OFFSET TO PROTECT PRIVACY,West End,0.0,0.0
Offence Against a Person,2017,9,14,0,0,OFFSET TO PROTECT PRIVACY,West End,0.0,0.0
Offence Against a Person,2017,10,6,0,0,OFFSET TO PROTECT PRIVACY,Central Business District,0.0,0.0
Offence Against a Person,2017,3,11,0,0,OFFSET TO PROTECT PRIVACY,Central Business District,0.0,0.0
Offence Against a Person,2017,4,25,0,0,OFFSET TO PROTECT PRIVACY,Central Business District,0.0,0.0
Offence Against a Person,2017,3,25,0,0,OFFSET TO PROTECT PRIVACY,Central Business District,0.0,0.0
Offence Against a Person,2017,8,21,0,0,OFFSET TO PROTECT PRIVACY,Central Business District,0.0,0.0
Offence Against a Person,2017,6,29,0,0,OFFSET TO PROTECT PRIVACY,Central Business District,0.0,0.0
Offence Against a Person,2017,12,1,0,0,OFFSET TO PROTECT PRIVACY,West End,0.0,0.0
Offence Against a Person,2017,1,23,0,0,OFFSET TO PROTECT PRIVACY,West End,0.0,0.0
Offence Against a Person,2017,4,4,0,0,OFFSET TO PROTECT PRIVACY,Central Business District,0.0,0.0
Offence Against a Person,2017,12,18,0,0,OFFSET TO PROTECT PRIVACY,Central Business District,0.0,0.0
Offence Against a Person,2017,11,1,0,0,OFFSET TO PROTECT PRIVACY,Central Business District,0.0,0.0
Offence Against a Person,2017,7,30,0,0,OFFSET TO PROTECT PRIVACY,Central Business District,0.0,0.0
Offence Against a Person,2017,5,2,0,0,OFFSET TO PROTECT PRIVACY,West End,0.0,0.0
Offence Against a Person,2017,6,9,0,0,OFFSET TO PROTECT PRIVACY,West End,0.0,0.0
Offence Against a Person,2017,9,6,0,0,OFFSET TO PROTECT PRIVACY,West End,0.0,0.0
Offence Against a Person,2017,8,8,0,0,OFFSET TO PROTECT PRIVACY,West End,0.0,0.0
Offence Against a Person,2017,4,20,0,0,OFFSET TO PROTECT PRIVACY,West End,0.0,0.0
Offence Against a Person,2017,7,25,0,0,OFFSET TO PROTECT PRIVACY,West End,0.0,0.0
Offence Against a Person,2017,9,29,0,0,OFFSET TO PROTECT PRIVACY,West End,0.0,0.0
Offence Against a Person,2017,8,31,0,0,OFFSET TO PROTECT PRIVACY,Central Business District,0.0,0.0
Offence Against a Person,2017,11,29,0,0,OFFSET TO PROTECT PRIVACY,Central Business District,0.0,0.0
Offence Against a Person,2017,2,7,0,0,OFFSET TO PROTECT PRIVACY,West End,0.0,0.0
Offence Against a Person,2017,9,27,0,0,OFFSET TO PROTECT PRIVACY,West End,0.0,0.0
Offence Against a Person,2017,1,15,0,0,OFFSET TO PROTECT PRIVACY,West End,0.0,0.0
Offence Against a Person,2017,9,17,0,0,OFFSET TO PROTECT PRIVACY,West End,0.0,0.0
Offence Against a Person,2017,5,14,0,0,OFFSET TO PROTECT PRIVACY,West End,0.0,0.0
Offence Against a Person,2017,8,17,0,0,OFFSET TO PROTECT PRIVACY,West End,0.0,0.0
Offence Against a Person,2017,4,16,0,0,OFFSET TO PROTECT PRIVACY,Central Business District,0.0,0.0
Offence Against a Person,2017,11,3,0,0,OFFSET TO PROTECT PRIVACY,West End,0.0,0.0
Offence Against a Person,2017,9,6,0,0,OFFSET TO PROTECT PRIVACY,Central Business District,0.0,0.0
Offence Against a Person,2017,8,20,0,0,OFFSET TO PROTECT PRIVACY,West End,0.0,0.0
Offence Against a Person,2017,3,11,0,0,OFFSET TO PROTECT PRIVACY,West End,0.0,0.0
Offence Against a Person,2017,5,3,0,0,OFFSET TO PROTECT PRIVACY,Central Business District,0.0,0.0
Offence Against a Person,2017,5,15,0,0,OFFSET TO PROTECT PRIVACY,Central Business District,0.0,0.0
Offence Against a Person,2017,1,12,0,0,OFFSET TO PROTECT PRIVACY,West End,0.0,0.0
Offence Against a Person,2017,11,19,0,0,OFFSET TO PROTECT PRIVACY,Central Business District,0.0,0.0
Offence Against a Person,2017,12,27,0,0,OFFSET TO PROTECT PRIVACY,West End,0.0,0.0
Offence Against a Person,2017,6,4,0,0,OFFSET TO PROTECT PRIVACY,West End,0.0,0.0
Offence Against a Person,2017,5,17,0,0,OFFSET TO PROTECT PRIVACY,Central Business District,0.0,0.0
Offence Against a Person,2017,2,20,0,0,OFFSET TO PROTECT PRIVACY,West End,0.0,0.0
Offence Against a Person,2017,1,22,0,0,OFFSET TO PROTECT PRIVACY,Central Business District,0.0,0.0
Offence Against a Person,2017,8,15,0,0,OFFSET TO PROTECT PRIVACY,West End,0.0,0.0
Offence Against a Person,2017,1,7,0,0,OFFSET TO PROTECT PRIVACY,Central Business District,0.0,0.0
Offence Against a Person,2017,7,10,0,0,OFFSET TO PROTECT PRIVACY,West End,0.0,0.0
Offence Against a Person,2017,1,26,0,0,OFFSET TO PROTECT PRIVACY,West End,0.0,0.0
Offence Against a Person,2017,4,23,0,0,OFFSET TO PROTECT PRIVACY,Central Business District,0.0,0.0
Offence Against a Person,2017,3,21,0,0,OFFSET TO PROTECT PRIVACY,Central Business District,0.0,0.0
Offence Against a Person,2017,4,1,0,0,OFFSET TO PROTECT PRIVACY,Central Business District,0.0,0.0
Offence Against a Person,2017,10,7,0,0,OFFSET TO PROTECT PRIVACY,Central Business District,0.0,0.0
Offence Against a Person,2017,7,22,0,0,OFFSET TO PROTECT PRIVACY,West End,0.0,0.0
Offence Against a Person,2017,9,14,0,0,OFFSET TO PROTECT PRIVACY,West End,0.0,0.0
Offence Against a Person,2017,10,29,0,0,OFFSET TO PROTECT PRIVACY,West End,0.0,0.0
Offence Against a Person,2017,2,11,0,0,OFFSET TO PROTECT PRIVACY,Central Business District,0.0,0.0
Offence Against a Person,2017,12,7,0,0,OFFSET TO PROTECT PRIVACY,Central Business District,0.0,0.0
Offence Against a Person,2017,2,9,0,0,OFFSET TO PROTECT PRIVACY,Central Business District,0.0,0.0
Offence Against a Person,2017,10,21,0,0,OFFSET TO PROTECT PRIVACY,Central Business District,0.0,0.0
Offence Against a Person,2017,4,1,0,0,OFFSET TO PROTECT PRIVACY,West End,0.0,0.0
Offence Against a Person,2017,5,27,0,0,OFFSET TO PROTECT PRIVACY,West End,0.0,0.0
Offence Against a Person,2017,11,12,0,0,OFFSET TO PROTECT PRIVACY,Central Business District,0.0,0.0
Offence Against a Person,2017,6,17,0,0,OFFSET TO PROTECT PRIVACY,West End,0.0,0.0
Offence Against a Person,2017,12,24,0,0,OFFSET TO PROTECT PRIVACY,West End,0.0,0.0
Offence Against a Person,2017,12,30,0,0,OFFSET TO PROTECT PRIVACY,Central Business District,0.0,0.0
Offence Against a Person,2017,12,5,0,0,OFFSET TO PROTECT PRIVACY,Central Business District,0.0,0.0
Offence Against a Person,2017,5,4,0,0,OFFSET TO PROTECT PRIVACY,West End,0.0,0.0
Offence Against a Person,2017,10,17,0,0,OFFSET TO PROTECT PRIVACY,Central Business District,0.0,0.0
Offence Against a Person,2017,8,5,0,0,OFFSET TO PROTECT PRIVACY,West End,0.0,0.0
Offence Against a Person,2017,9,18,0,0,OFFSET TO PROTECT PRIVACY,West End,0.0,0.0
Offence Against a Person,2017,3,29,0,0,OFFSET TO PROTECT PRIVACY,Central Business District,0.0,0.0
Offence Against a Person,2017,10,3,0,0,OFFSET TO PROTECT PRIVACY,Central Business District,0.0,0.0
Offence Against a Person,2017,6,16,0,0,OFFSET TO PROTECT PRIVACY,Central Business District,0.0,0.0
Offence Against a Person,2017,12,5,0,0,OFFSET TO PROTECT PRIVACY,Central Business District,0.0,0.0
Offence Against a Person,2017,6,7,0,0,OFFSET TO PROTECT PRIVACY,Central Business District,0.0,0.0
Offence Against a Person,2017,7,15,0,0,OFFSET TO PROTECT PRIVACY,Central Business District,0.0,0.0
Offence Against a Person,2017,3,14,0,0,OFFSET TO PROTECT PRIVACY,Central Business District,0.0,0.0
Offence Against a Person,2017,4,8,0,0,OFFSET TO PROTECT PRIVACY,Central Business District,0.0,0.0
Offence Against a Person,2017,10,28,0,0,OFFSET TO PROTECT PRIVACY,Central Business District,0.0,0.0
Offence Against a Person,2017,12,10,0,0,OFFSET TO PROTECT PRIVACY,Central Business District,0.0,0.0
Offence Against a Person,2017,6,10,0,0,OFFSET TO PROTECT PRIVACY,Central Business District,0.0,0.0
Offence Against a Person,2017,10,27,0,0,OFFSET TO PROTECT PRIVACY,Central Business District,0.0,0.0
Offence Against a Person,2017,6,2,0,0,OFFSET TO PROTECT PRIVACY,Central Business District,0.0,0.0
Offence Against a Person,2017,7,2,0,0,OFFSET TO PROTECT PRIVACY,Central Business District,0.0,0.0
Offence Against a Person,2017,7,1,0,0,OFFSET TO PROTECT PRIVACY,Central Business District,0.0,0.0
Offence Against a Person,2017,8,30,0,0,OFFSET TO PROTECT PRIVACY,Central Business District,0.0,0.0
Offence Against a Person,2017,11,1,0,0,OFFSET TO PROTECT PRIVACY,Central Business District,0.0,0.0
Offence Against a Person,2017,7,15,0,0,OFFSET TO PROTECT PRIVACY,Central Business District,0.0,0.0
Offence Against a Person,2017,2,24,0,0,OFFSET TO PROTECT PRIVACY,Central Business District,0.0,0.0
Offence Against a Person,2017,11,30,0,0,OFFSET TO PROTECT PRIVACY,Central Business District,0.0,0.0
Offence Against a Person,2017,8,12,0,0,OFFSET TO PROTECT PRIVACY,Central Business District,0.0,0.0
Offence Against a Person,2017,4,8,0,0,OFFSET TO PROTECT PRIVACY,Central Business District,0.0,0.0
Offence Against a Person,2017,5,5,0,0,OFFSET TO PROTECT PRIVACY,Central Business District,0.0,0.0
Offence Against a Person,2017,5,7,0,0,OFFSET TO PROTECT PRIVACY,Central Business District,0.0,0.0
Offence Against a Person,2017,2,5,0,0,OFFSET TO PROTECT PRIVACY,Central Business District,0.0,0.0
Offence Against a Person,2017,4,18,0,0,OFFSET TO PROTECT PRIVACY,Central Business District,0.0,0.0
Offence Against a Person,2017,3,3,0,0,OFFSET TO PROTECT PRIVACY,Central Business District,0.0,0.0
Offence Against a Person,2017,10,8,0,0,OFFSET TO PROTECT PRIVACY,Central Business District,0.0,0.0
Offence Against a Person,2017,1,23,0,0,OFFSET TO PROTECT PRIVACY,Central Business District,0.0,0.0
Offence Against a Person,2017,6,17,0,0,OFFSET TO PROTECT PRIVACY,Central Business District,0.0,0.0
Offence Against a Person,2017,11,5,0,0,OFFSET TO PROTECT PRIVACY,Central Business District,0.0,0.0
Offence Against a Person,2017,11,11,0,0,OFFSET TO PROTECT PRIVACY,Central Business District,0.0,0.0
Offence Against a Person,2017,9,9,0,0,OFFSET TO PROTECT PRIVACY,Central Business District,0.0,0.0
Offence Against a Person,2017,7,16,0,0,OFFSET TO PROTECT PRIVACY,Central Business District,0.0,0.0
Offence Against a Person,2017,9,4,0,0,OFFSET TO PROTECT PRIVACY,Central Business District,0.0,0.0
Offence Against a Person,2017,8,19,0,0,OFFSET TO PROTECT PRIVACY,Central Business District,0.0,0.0
Offence Against a Person,2017,4,19,0,0,OFFSET TO PROTECT PRIVACY,Central Business District,0.0,0.0
Offence Against a Person,2017,5,6,0,0,OFFSET TO PROTECT PRIVACY,Central Business District,0.0,0.0
Offence Against a Person,2017,11,19,0,0,OFFSET TO PROTECT PRIVACY,Central Business District,0.0,0.0
Offence Against a Person,2017,3,15,0,0,OFFSET TO PROTECT PRIVACY,Central Business District,0.0,0.0
Offence Against a Person,2017,8,13,0,0,OFFSET TO PROTECT PRIVACY,Central Business District,0.0,0.0
Offence Against a Person,2017,9,1,0,0,OFFSET TO PROTECT PRIVACY,Central Business District,0.0,0.0
Offence Against a Person,2017,12,12,0,0,OFFSET TO PROTECT PRIVACY,Central Business District,0.0,0.0
Offence Against a Person,2017,8,23,0,0,OFFSET TO PROTECT PRIVACY,Central Business District,0.0,0.0
Offence Against a Person,2017,10,30,0,0,OFFSET TO PROTECT PRIVACY,Central Business District,0.0,0.0
Offence Against a Person,2017,3,1,0,0,OFFSET TO PROTECT PRIVACY,Central Business District,0.0,0.0
Offence Against a Person,2017,6,2,0,0,OFFSET TO PROTECT PRIVACY,Central Business District,0.0,0.0
Offence Against a Person,2017,10,31,0,0,OFFSET TO PROTECT PRIVACY,Central Business District,0.0,0.0
Offence Against a Person,2017,3,23,0,0,OFFSET TO PROTECT PRIVACY,Central Business District,0.0,0.0
Offence Against a Person,2017,2,15,0,0,OFFSET TO PROTECT PRIVACY,Central Business District,0.0,0.0
Offence Against a Person,2017,7,1,0,0,OFFSET TO PROTECT PRIVACY,Central Business District,0.0,0.0
Offence Against a Person,2017,5,31,0,0,OFFSET TO PROTECT PRIVACY,Central Business District,0.0,0.0
Offence Against a Person,2017,4,30,0,0,OFFSET TO PROTECT PRIVACY,Central Business District,0.0,0.0
Offence Against a Person,2017,4,27,0,0,OFFSET TO PROTECT PRIVACY,Central Business District,0.0,0.0
Offence Against a Person,2017,11,30,0,0,OFFSET TO PROTECT PRIVACY,Central Business District,0.0,0.0
Offence Against a Person,2017,2,2,0,0,OFFSET TO PROTECT PRIVACY,Central Business District,0.0,0.0
Offence Against a Person,2017,7,31,0,0,OFFSET TO PROTECT PRIVACY,Central Business District,0.0,0.0
Offence Against a Person,2017,12,8,0,0,OFFSET TO PROTECT PRIVACY,Central Business District,0.0,0.0
Offence Against a Person,2017,7,2,0,0,OFFSET TO PROTECT PRIVACY,Central Business District,0.0,0.0
Offence Against a Person,2017,7,31,0,0,OFFSET TO PROTECT PRIVACY,Central Business District,0.0,0.0
Offence Against a Person,2017,4,16,0,0,OFFSET TO PROTECT PRIVACY,Central Business District,0.0,0.0
Offence Against a Person,2017,4,11,0,0,OFFSET TO PROTECT PRIVACY,Central Business District,0.0,0.0
Offence Against a Person,2017,10,14,0,0,OFFSET TO PROTECT PRIVACY,Central Business District,0.0,0.0
Offence Against a Person,2017,12,8,0,0,OFFSET TO PROTECT PRIVACY,Central Business District,0.0,0.0
Offence Against a Person,2017,11,7,0,0,OFFSET TO PROTECT PRIVACY,Central Business District,0.0,0.0
Offence Against a Person,2017,9,13,0,0,OFFSET TO PROTECT PRIVACY,Central Business District,0.0,0.0
Offence Against a Person,2017,9,16,0,0,OFFSET TO PROTECT PRIVACY,Central Business District,0.0,0.0
Offence Against a Person,2017,5,7,0,0,OFFSET TO PROTECT PRIVACY,Central Business District,0.0,0.0
Offence Against a Person,2017,5,7,0,0,OFFSET TO PROTECT PRIVACY,Central Business District,0.0,0.0
Offence Against a Person,2017,8,31,0,0,OFFSET TO PROTECT PRIVACY,Central Business District,0.0,0.0
Offence Against a Person,2017,11,18,0,0,OFFSET TO PROTECT PRIVACY,Central Business District,0.0,0.0
Offence Against a Person,2017,1,15,0,0,OFFSET TO PROTECT PRIVACY,Central Business District,0.0,0.0
Offence Against a Person,2017,2,7,0,0,OFFSET TO PROTECT PRIVACY,Central Business District,0.0,0.0
Offence Against a Person,2017,8,23,0,0,OFFSET TO PROTECT PRIVACY,Central Business District,0.0,0.0
Offence Against a Person,2017,8,6,0,0,OFFSET TO PROTECT PRIVACY,Central Business District,0.0,0.0
Offence Against a Person,2017,10,8,0,0,OFFSET TO PROTECT PRIVACY,Central Business District,0.0,0.0
Offence Against a Person,2017,1,1,0,0,OFFSET TO PROTECT PRIVACY,Central Business District,0.0,0.0
Offence Against a Person,2017,2,8,0,0,OFFSET TO PROTECT PRIVACY,Central Business District,0.0,0.0
Offence Against a Person,2017,9,8,0,0,OFFSET TO PROTECT PRIVACY,Central Business District,0.0,0.0
Offence Against a Person,2017,9,10,0,0,OFFSET TO PROTECT PRIVACY,Central Business District,0.0,0.0
Offence Against a Person,2017,12,17,0,0,OFFSET TO PROTECT PRIVACY,Central Business District,0.0,0.0
Offence Against a Person,2017,5,4,0,0,OFFSET TO PROTECT PRIVACY,Central Business District,0.0,0.0
Offence Against a Person,2017,12,3,0,0,OFFSET TO PROTECT PRIVACY,Central Business District,0.0,0.0
Offence Against a Person,2017,2,3,0,0,OFFSET TO PROTECT PRIVACY,Central Business District,0.0,0.0
Offence Against a Person,2017,9,14,0,0,OFFSET TO PROTECT PRIVACY,Central Business District,0.0,0.0
Offence Against a Person,2017,4,24,0,0,OFFSET TO PROTECT PRIVACY,Central Business District,0.0,0.0
Offence Against a Person,2017,3,3,0,0,OFFSET TO PROTECT PRIVACY,Central Business District,0.0,0.0
Offence Against a Person,2017,10,19,0,0,OFFSET TO PROTECT PRIVACY,Central Business District,0.0,0.0
Offence Against a Person,2017,3,24,0,0,OFFSET TO PROTECT PRIVACY,Central Business District,0.0,0.0
Offence Against a Person,2017,4,25,0,0,OFFSET TO PROTECT PRIVACY,Central Business District,0.0,0.0
Offence Against a Person,2017,4,26,0,0,OFFSET TO PROTECT PRIVACY,Central Business District,0.0,0.0
Offence Against a Person,2017,10,14,0,0,OFFSET TO PROTECT PRIVACY,Central Business District,0.0,0.0
Offence Against a Person,2017,12,15,0,0,OFFSET TO PROTECT PRIVACY,Central Business District,0.0,0.0
Offence Against a Person,2017,11,22,0,0,OFFSET TO PROTECT PRIVACY,Central Business District,0.0,0.0
Offence Against a Person,2017,3,25,0,0,OFFSET TO PROTECT PRIVACY,Central Business District,0.0,0.0
Offence Against a Person,2017,5,22,0,0,OFFSET TO PROTECT PRIVACY,Central Business District,0.0,0.0
Offence Against a Person,2017,1,29,0,0,OFFSET TO PROTECT PRIVACY,Central Business District,0.0,0.0
Offence Against a Person,2017,11,17,0,0,OFFSET TO PROTECT PRIVACY,Central Business District,0.0,0.0
Offence Against a Person,2017,12,1,0,0,OFFSET TO PROTECT PRIVACY,Central Business District,0.0,0.0
Offence Against a Person,2017,2,14,0,0,OFFSET TO PROTECT PRIVACY,Central Business District,0.0,0.0
Offence Against a Person,2017,2,27,0,0,OFFSET TO PROTECT PRIVACY,Central Business District,0.0,0.0
Offence Against a Person,2017,12,2,0,0,OFFSET TO PROTECT PRIVACY,Central Business District,0.0,0.0
Offence Against a Person,2017,2,1,0,0,OFFSET TO PROTECT PRIVACY,Central Business District,0.0,0.0
Offence Against a Person,2017,3,5,0,0,OFFSET TO PROTECT PRIVACY,Central Business District,0.0,0.0
Offence Against a Person,2017,7,22,0,0,OFFSET TO PROTECT PRIVACY,Central Business District,0.0,0.0
Offence Against a Person,2017,11,13,0,0,OFFSET TO PROTECT PRIVACY,Central Business District,0.0,0.0
Offence Against a Person,2017,2,24,0,0,OFFSET TO PROTECT PRIVACY,Central Business District,0.0,0.0
Offence Against a Person,2017,8,23,0,0,OFFSET TO PROTECT PRIVACY,Central Business District,0.0,0.0
Offence Against a Person,2017,7,9,0,0,OFFSET TO PROTECT PRIVACY,Central Business District,0.0,0.0
Offence Against a Person,2017,1,22,0,0,OFFSET TO PROTECT PRIVACY,Central Business District,0.0,0.0
Offence Against a Person,2017,10,8,0,0,OFFSET TO PROTECT PRIVACY,Central Business District,0.0,0.0
Offence Against a Person,2017,3,6,0,0,OFFSET TO PROTECT PRIVACY,Central Business District,0.0,0.0
Offence Against a Person,2017,7,19,0,0,OFFSET TO PROTECT PRIVACY,Central Business District,0.0,0.0
Offence Against a Person,2017,11,5,0,0,OFFSET TO PROTECT PRIVACY,Central Business District,0.0,0.0
Offence Against a Person,2017,5,4,0,0,OFFSET TO PROTECT PRIVACY,Central Business District,0.0,0.0
Offence Against a Person,2017,11,11,0,0,OFFSET TO PROTECT PRIVACY,Central Business District,0.0,0.0
Offence Against a Person,2017,12,2,0,0,OFFSET TO PROTECT PRIVACY,Central Business District,0.0,0.0
Offence Against a Person,2017,2,8,0,0,OFFSET TO PROTECT PRIVACY,Central Business District,0.0,0.0
Offence Against a Person,2017,12,12,0,0,OFFSET TO PROTECT PRIVACY,Central Business District,0.0,0.0
Offence Against a Person,2017,10,7,0,0,OFFSET TO PROTECT PRIVACY,Central Business District,0.0,0.0
Offence Against a Person,2017,3,10,0,0,OFFSET TO PROTECT PRIVACY,Central Business District,0.0,0.0
Offence Against a Person,2017,12,6,0,0,OFFSET TO PROTECT PRIVACY,Central Business District,0.0,0.0
Offence Against a Person,2017,8,25,0,0,OFFSET TO PROTECT PRIVACY,Central Business District,0.0,0.0
Offence Against a Person,2017,4,8,0,0,OFFSET TO PROTECT PRIVACY,Central Business District,0.0,0.0
Offence Against a Person,2017,12,9,0,0,OFFSET TO PROTECT PRIVACY,Central Business District,0.0,0.0
Offence Against a Person,2017,6,19,0,0,OFFSET TO PROTECT PRIVACY,Central Business District,0.0,0.0
Offence Against a Person,2017,6,19,0,0,OFFSET TO PROTECT PRIVACY,Central Business District,0.0,0.0
Offence Against a Person,2017,5,6,0,0,OFFSET TO PROTECT PRIVACY,Central Business District,0.0,0.0
Offence Against a Person,2017,8,11,0,0,OFFSET TO PROTECT PRIVACY,Stanley Park,0.0,0.0
Offence Against a Person,2017,12,21,0,0,OFFSET TO PROTECT PRIVACY,Central Business District,0.0,0.0
Offence Against a Person,2017,4,13,0,0,OFFSET TO PROTECT PRIVACY,Central Business District,0.0,0.0
Offence Against a Person,2017,5,12,0,0,OFFSET TO PROTECT PRIVACY,Central Business District,0.0,0.0
Offence Against a Person,2017,1,6,0,0,OFFSET TO PROTECT PRIVACY,Stanley Park,0.0,0.0
Offence Against a Person,2017,1,6,0,0,OFFSET TO PROTECT PRIVACY,Stanley Park,0.0,0.0
Offence Against a Person,2017,2,21,0,0,OFFSET TO PROTECT PRIVACY,Central Business District,0.0,0.0
Offence Against a Person,2017,10,22,0,0,OFFSET TO PROTECT PRIVACY,Central Business District,0.0,0.0
Offence Against a Person,2017,1,4,0,0,OFFSET TO PROTECT PRIVACY,Central Business District,0.0,0.0
Offence Against a Person,2017,5,12,0,0,OFFSET TO PROTECT PRIVACY,Central Business District,0.0,0.0
Offence Against a Person,2017,10,19,0,0,OFFSET TO PROTECT PRIVACY,Central Business District,0.0,0.0
Offence Against a Person,2017,11,26,0,0,OFFSET TO PROTECT PRIVACY,Central Business District,0.0,0.0
Offence Against a Person,2017,2,15,0,0,OFFSET TO PROTECT PRIVACY,Central Business District,0.0,0.0
Offence Against a Person,2017,12,9,0,0,OFFSET TO PROTECT PRIVACY,Central Business District,0.0,0.0
Offence Against a Person,2017,2,16,0,0,OFFSET TO PROTECT PRIVACY,Central Business District,0.0,0.0
Offence Against a Person,2017,2,24,0,0,OFFSET TO PROTECT PRIVACY,Central Business District,0.0,0.0
Offence Against a Person,2017,12,24,0,0,OFFSET TO PROTECT PRIVACY,Central Business District,0.0,0.0
Offence Against a Person,2017,7,10,0,0,OFFSET TO PROTECT PRIVACY,Central Business District,0.0,0.0
Offence Against a Person,2017,11,23,0,0,OFFSET TO PROTECT PRIVACY,Central Business District,0.0,0.0
Offence Against a Person,2017,11,6,0,0,OFFSET TO PROTECT PRIVACY,Central Business District,0.0,0.0
Offence Against a Person,2017,3,13,0,0,OFFSET TO PROTECT PRIVACY,Central Business District,0.0,0.0
Offence Against a Person,2017,4,25,0,0,OFFSET TO PROTECT PRIVACY,Central Business District,0.0,0.0
Offence Against a Person,2017,4,22,0,0,OFFSET TO PROTECT PRIVACY,Central Business District,0.0,0.0
Offence Against a Person,2017,12,5,0,0,OFFSET TO PROTECT PRIVACY,Central Business District,0.0,0.0
Offence Against a Person,2017,9,12,0,0,OFFSET TO PROTECT PRIVACY,Central Business District,0.0,0.0
Offence Against a Person,2017,1,2,0,0,OFFSET TO PROTECT PRIVACY,Central Business District,0.0,0.0
Offence Against a Person,2017,1,9,0,0,OFFSET TO PROTECT PRIVACY,Central Business District,0.0,0.0
Offence Against a Person,2017,5,12,0,0,OFFSET TO PROTECT PRIVACY,Central Business District,0.0,0.0
Offence Against a Person,2017,11,21,0,0,OFFSET TO PROTECT PRIVACY,Central Business District,0.0,0.0
Offence Against a Person,2017,11,15,0,0,OFFSET TO PROTECT PRIVACY,Central Business District,0.0,0.0
Offence Against a Person,2017,7,29,0,0,OFFSET TO PROTECT PRIVACY,Central Business District,0.0,0.0
Offence Against a Person,2017,10,2,0,0,OFFSET TO PROTECT PRIVACY,Central Business District,0.0,0.0
Offence Against a Person,2017,12,3,0,0,OFFSET TO PROTECT PRIVACY,Central Business District,0.0,0.0
Offence Against a Person,2017,6,25,0,0,OFFSET TO PROTECT PRIVACY,Central Business District,0.0,0.0
Offence Against a Person,2017,10,6,0,0,OFFSET TO PROTECT PRIVACY,Central Business District,0.0,0.0
Offence Against a Person,2017,9,5,0,0,OFFSET TO PROTECT PRIVACY,Central Business District,0.0,0.0
Offence Against a Person,2017,12,27,0,0,OFFSET TO PROTECT PRIVACY,Central Business District,0.0,0.0
Offence Against a Person,2017,3,26,0,0,OFFSET TO PROTECT PRIVACY,Central Business District,0.0,0.0
Offence Against a Person,2017,8,14,0,0,OFFSET TO PROTECT PRIVACY,Central Business District,0.0,0.0
Offence Against a Person,2017,6,29,0,0,OFFSET TO PROTECT PRIVACY,Central Business District,0.0,0.0
Offence Against a Person,2017,2,19,0,0,OFFSET TO PROTECT PRIVACY,Central Business District,0.0,0.0
Offence Against a Person,2017,9,21,0,0,OFFSET TO PROTECT PRIVACY,Central Business District,0.0,0.0
Offence Against a Person,2017,9,27,0,0,OFFSET TO PROTECT PRIVACY,Central Business District,0.0,0.0
Offence Against a Person,2017,8,13,0,0,OFFSET TO PROTECT PRIVACY,Central Business District,0.0,0.0
Offence Against a Person,2017,6,11,0,0,OFFSET TO PROTECT PRIVACY,Central Business District,0.0,0.0
Offence Against a Person,2017,8,20,0,0,OFFSET TO PROTECT PRIVACY,Central Business District,0.0,0.0
Offence Against a Person,2017,10,27,0,0,OFFSET TO PROTECT PRIVACY,Central Business District,0.0,0.0
Offence Against a Person,2017,7,9,0,0,OFFSET TO PROTECT PRIVACY,Central Business District,0.0,0.0
Offence Against a Person,2017,9,8,0,0,OFFSET TO PROTECT PRIVACY,Central Business District,0.0,0.0
Offence Against a Person,2017,7,16,0,0,OFFSET TO PROTECT PRIVACY,Central Business District,0.0,0.0
Offence Against a Person,2017,7,6,0,0,OFFSET TO PROTECT PRIVACY,Central Business District,0.0,0.0
Offence Against a Person,2017,8,12,0,0,OFFSET TO PROTECT PRIVACY,Central Business District,0.0,0.0
Offence Against a Person,2017,6,2,0,0,OFFSET TO PROTECT PRIVACY,Central Business District,0.0,0.0
Offence Against a Person,2017,12,10,0,0,OFFSET TO PROTECT PRIVACY,Central Business District,0.0,0.0
Offence Against a Person,2017,6,12,0,0,OFFSET TO PROTECT PRIVACY,Central Business District,0.0,0.0
Offence Against a Person,2017,4,21,0,0,OFFSET TO PROTECT PRIVACY,Central Business District,0.0,0.0
Offence Against a Person,2017,12,9,0,0,OFFSET TO PROTECT PRIVACY,Central Business District,0.0,0.0
Offence Against a Person,2017,7,19,0,0,OFFSET TO PROTECT PRIVACY,Central Business District,0.0,0.0
Offence Against a Person,2017,2,18,0,0,OFFSET TO PROTECT PRIVACY,Central Business District,0.0,0.0
Offence Against a Person,2017,1,29,0,0,OFFSET TO PROTECT PRIVACY,Central Business District,0.0,0.0
Offence Against a Person,2017,7,17,0,0,OFFSET TO PROTECT PRIVACY,Central Business District,0.0,0.0
Offence Against a Person,2017,5,24,0,0,OFFSET TO PROTECT PRIVACY,Central Business District,0.0,0.0
Offence Against a Person,2017,11,2,0,0,OFFSET TO PROTECT PRIVACY,Central Business District,0.0,0.0
Offence Against a Person,2017,11,2,0,0,OFFSET TO PROTECT PRIVACY,Central Business District,0.0,0.0
Offence Against a Person,2017,5,2,0,0,OFFSET TO PROTECT PRIVACY,Central Business District,0.0,0.0
Offence Against a Person,2017,9,8,0,0,OFFSET TO PROTECT PRIVACY,Central Business District,0.0,0.0
Offence Against a Person,2017,12,20,0,0,OFFSET TO PROTECT PRIVACY,Central Business District,0.0,0.0
Offence Against a Person,2017,2,6,0,0,OFFSET TO PROTECT PRIVACY,Central Business District,0.0,0.0
Offence Against a Person,2017,1,20,0,0,OFFSET TO PROTECT PRIVACY,Central Business District,0.0,0.0
Offence Against a Person,2017,11,22,0,0,OFFSET TO PROTECT PRIVACY,Central Business District,0.0,0.0
Offence Against a Person,2017,5,21,0,0,OFFSET TO PROTECT PRIVACY,Central Business District,0.0,0.0
Offence Against a Person,2017,5,26,0,0,OFFSET TO PROTECT PRIVACY,Central Business District,0.0,0.0
Offence Against a Person,2017,7,21,0,0,OFFSET TO PROTECT PRIVACY,Central Business District,0.0,0.0
Offence Against a Person,2017,3,2,0,0,OFFSET TO PROTECT PRIVACY,Central Business District,0.0,0.0
Offence Against a Person,2017,7,5,0,0,OFFSET TO PROTECT PRIVACY,Central Business District,0.0,0.0
Offence Against a Person,2017,11,22,0,0,OFFSET TO PROTECT PRIVACY,Central Business District,0.0,0.0
Offence Against a Person,2017,12,16,0,0,OFFSET TO PROTECT PRIVACY,Central Business District,0.0,0.0
Offence Against a Person,2017,4,21,0,0,OFFSET TO PROTECT PRIVACY,Central Business District,0.0,0.0
Offence Against a Person,2017,7,21,0,0,OFFSET TO PROTECT PRIVACY,Central Business District,0.0,0.0
Offence Against a Person,2017,8,30,0,0,OFFSET TO PROTECT PRIVACY,Central Business District,0.0,0.0
Offence Against a Person,2017,3,24,0,0,OFFSET TO PROTECT PRIVACY,Central Business District,0.0,0.0
Offence Against a Person,2017,4,9,0,0,OFFSET TO PROTECT PRIVACY,Central Business District,0.0,0.0
Offence Against a Person,2017,12,2,0,0,OFFSET TO PROTECT PRIVACY,Central Business District,0.0,0.0
Offence Against a Person,2017,9,17,0,0,OFFSET TO PROTECT PRIVACY,Central Business District,0.0,0.0
Offence Against a Person,2017,8,15,0,0,OFFSET TO PROTECT PRIVACY,Central Business District,0.0,0.0
Offence Against a Person,2017,5,16,0,0,OFFSET TO PROTECT PRIVACY,Central Business District,0.0,0.0
Offence Against a Person,2017,3,23,0,0,OFFSET TO PROTECT PRIVACY,Central Business District,0.0,0.0
Offence Against a Person,2017,11,18,0,0,OFFSET TO PROTECT PRIVACY,Central Business District,0.0,0.0
Offence Against a Person,2017,7,9,0,0,OFFSET TO PROTECT PRIVACY,Central Business District,0.0,0.0
Offence Against a Person,2017,2,20,0,0,OFFSET TO PROTECT PRIVACY,Central Business District,0.0,0.0
Offence Against a Person,2017,12,25,0,0,OFFSET TO PROTECT PRIVACY,Central Business District,0.0,0.0
Offence Against a Person,2017,10,22,0,0,OFFSET TO PROTECT PRIVACY,Central Business District,0.0,0.0
Offence Against a Person,2017,12,25,0,0,OFFSET TO PROTECT PRIVACY,Central Business District,0.0,0.0
Offence Against a Person,2017,8,18,0,0,OFFSET TO PROTECT PRIVACY,Central Business District,0.0,0.0
Offence Against a Person,2017,8,27,0,0,OFFSET TO PROTECT PRIVACY,Central Business District,0.0,0.0
Offence Against a Person,2017,4,13,0,0,OFFSET TO PROTECT PRIVACY,Central Business District,0.0,0.0
Offence Against a Person,2017,8,1,0,0,OFFSET TO PROTECT PRIVACY,Central Business District,0.0,0.0
Offence Against a Person,2017,8,20,0,0,OFFSET TO PROTECT PRIVACY,Central Business District,0.0,0.0
Offence Against a Person,2017,12,11,0,0,OFFSET TO PROTECT PRIVACY,Central Business District,0.0,0.0
Offence Against a Person,2017,5,12,0,0,OFFSET TO PROTECT PRIVACY,Central Business District,0.0,0.0
Offence Against a Person,2017,7,10,0,0,OFFSET TO PROTECT PRIVACY,Central Business District,0.0,0.0
Offence Against a Person,2017,11,23,0,0,OFFSET TO PROTECT PRIVACY,Central Business District,0.0,0.0
Offence Against a Person,2017,11,6,0,0,OFFSET TO PROTECT PRIVACY,Central Business District,0.0,0.0
Offence Against a Person,2017,12,24,0,0,OFFSET TO PROTECT PRIVACY,Central Business District,0.0,0.0
Offence Against a Person,2017,1,14,0,0,OFFSET TO PROTECT PRIVACY,Central Business District,0.0,0.0
Offence Against a Person,2017,10,14,0,0,OFFSET TO PROTECT PRIVACY,Central Business District,0.0,0.0
Offence Against a Person,2017,9,30,0,0,OFFSET TO PROTECT PRIVACY,Central Business District,0.0,0.0
Offence Against a Person,2017,9,2,0,0,OFFSET TO PROTECT PRIVACY,Mount Pleasant,0.0,0.0
Offence Against a Person,2017,12,26,0,0,OFFSET TO PROTECT PRIVACY,Central Business District,0.0,0.0
Offence Against a Person,2017,11,24,0,0,OFFSET TO PROTECT PRIVACY,Central Business District,0.0,0.0
Offence Against a Person,2017,6,29,0,0,OFFSET TO PROTECT PRIVACY,Central Business District,0.0,0.0
Offence Against a Person,2017,11,29,0,0,OFFSET TO PROTECT PRIVACY,Central Business District,0.0,0.0
Offence Against a Person,2017,2,25,0,0,OFFSET TO PROTECT PRIVACY,Mount Pleasant,0.0,0.0
Offence Against a Person,2017,5,22,0,0,OFFSET TO PROTECT PRIVACY,Mount Pleasant,0.0,0.0
Offence Against a Person,2017,8,26,0,0,OFFSET TO PROTECT PRIVACY,Mount Pleasant,0.0,0.0
Offence Against a Person,2017,6,21,0,0,OFFSET TO PROTECT PRIVACY,Central Business District,0.0,0.0
Offence Against a Person,2017,5,27,0,0,OFFSET TO PROTECT PRIVACY,Central Business District,0.0,0.0
Offence Against a Person,2017,9,17,0,0,OFFSET TO PROTECT PRIVACY,Central Business District,0.0,0.0
Offence Against a Person,2017,9,24,0,0,OFFSET TO PROTECT PRIVACY,Central Business District,0.0,0.0
Offence Against a Person,2017,12,11,0,0,OFFSET TO PROTECT PRIVACY,Central Business District,0.0,0.0
Offence Against a Person,2017,4,6,0,0,OFFSET TO PROTECT PRIVACY,Central Business District,0.0,0.0
Offence Against a Person,2017,8,4,0,0,OFFSET TO PROTECT PRIVACY,Central Business District,0.0,0.0
Offence Against a Person,2017,1,30,0,0,OFFSET TO PROTECT PRIVACY,Central Business District,0.0,0.0
Offence Against a Person,2017,10,14,0,0,OFFSET TO PROTECT PRIVACY,Central Business District,0.0,0.0
Offence Against a Person,2017,4,8,0,0,OFFSET TO PROTECT PRIVACY,Central Business District,0.0,0.0
Offence Against a Person,2017,12,7,0,0,OFFSET TO PROTECT PRIVACY,Central Business District,0.0,0.0
Offence Against a Person,2017,9,23,0,0,OFFSET TO PROTECT PRIVACY,Central Business District,0.0,0.0
Offence Against a Person,2017,9,23,0,0,OFFSET TO PROTECT PRIVACY,Central Business District,0.0,0.0
Offence Against a Person,2017,9,24,0,0,OFFSET TO PROTECT PRIVACY,Central Business District,0.0,0.0
Offence Against a Person,2017,4,1,0,0,OFFSET TO PROTECT PRIVACY,Central Business District,0.0,0.0
Offence Against a Person,2017,9,6,0,0,OFFSET TO PROTECT PRIVACY,Central Business District,0.0,0.0
Offence Against a Person,2017,3,29,0,0,OFFSET TO PROTECT PRIVACY,Central Business District,0.0,0.0
Offence Against a Person,2017,10,26,0,0,OFFSET TO PROTECT PRIVACY,Central Business District,0.0,0.0
Offence Against a Person,2017,7,9,0,0,OFFSET TO PROTECT PRIVACY,Central Business District,0.0,0.0
Offence Against a Person,2017,6,5,0,0,OFFSET TO PROTECT PRIVACY,Central Business District,0.0,0.0
Offence Against a Person,2017,7,8,0,0,OFFSET TO PROTECT PRIVACY,Central Business District,0.0,0.0
Offence Against a Person,2017,10,21,0,0,OFFSET TO PROTECT PRIVACY,Central Business District,0.0,0.0
Offence Against a Person,2017,10,1,0,0,OFFSET TO PROTECT PRIVACY,Central Business District,0.0,0.0
Offence Against a Person,2017,5,25,0,0,OFFSET TO PROTECT PRIVACY,Central Business District,0.0,0.0
Offence Against a Person,2017,2,6,0,0,OFFSET TO PROTECT PRIVACY,Central Business District,0.0,0.0
Offence Against a Person,2017,5,9,0,0,OFFSET TO PROTECT PRIVACY,Central Business District,0.0,0.0
Offence Against a Person,2017,8,1,0,0,OFFSET TO PROTECT PRIVACY,Central Business District,0.0,0.0
Offence Against a Person,2017,8,19,0,0,OFFSET TO PROTECT PRIVACY,Central Business District,0.0,0.0
Offence Against a Person,2017,10,2,0,0,OFFSET TO PROTECT PRIVACY,Central Business District,0.0,0.0
Offence Against a Person,2017,4,17,0,0,OFFSET TO PROTECT PRIVACY,Central Business District,0.0,0.0
Offence Against a Person,2017,9,3,0,0,OFFSET TO PROTECT PRIVACY,Central Business District,0.0,0.0
Offence Against a Person,2017,9,24,0,0,OFFSET TO PROTECT PRIVACY,Central Business District,0.0,0.0
Offence Against a Person,2017,11,8,0,0,OFFSET TO PROTECT PRIVACY,Central Business District,0.0,0.0
Offence Against a Person,2017,7,1,0,0,OFFSET TO PROTECT PRIVACY,Central Business District,0.0,0.0
Offence Against a Person,2017,12,9,0,0,OFFSET TO PROTECT PRIVACY,Central Business District,0.0,0.0
Offence Against a Person,2017,11,30,0,0,OFFSET TO PROTECT PRIVACY,Central Business District,0.0,0.0
Offence Against a Person,2017,2,8,0,0,OFFSET TO PROTECT PRIVACY,Central Business District,0.0,0.0
Offence Against a Person,2017,3,15,0,0,OFFSET TO PROTECT PRIVACY,Central Business District,0.0,0.0
Offence Against a Person,2017,8,10,0,0,OFFSET TO PROTECT PRIVACY,Central Business District,0.0,0.0
Offence Against a Person,2017,8,22,0,0,OFFSET TO PROTECT PRIVACY,Central Business District,0.0,0.0
Offence Against a Person,2017,7,2,0,0,OFFSET TO PROTECT PRIVACY,Central Business District,0.0,0.0
Offence Against a Person,2017,9,8,0,0,OFFSET TO PROTECT PRIVACY,Central Business District,0.0,0.0
Offence Against a Person,2017,10,14,0,0,OFFSET TO PROTECT PRIVACY,Central Business District,0.0,0.0
Offence Against a Person,2017,4,1,0,0,OFFSET TO PROTECT PRIVACY,Central Business District,0.0,0.0
Offence Against a Person,2017,5,5,0,0,OFFSET TO PROTECT PRIVACY,Central Business District,0.0,0.0
Offence Against a Person,2017,10,18,0,0,OFFSET TO PROTECT PRIVACY,Central Business District,0.0,0.0
Offence Against a Person,2017,10,17,0,0,OFFSET TO PROTECT PRIVACY,Central Business District,0.0,0.0
Offence Against a Person,2017,10,4,0,0,OFFSET TO PROTECT PRIVACY,Central Business District,0.0,0.0
Offence Against a Person,2017,10,17,0,0,OFFSET TO PROTECT PRIVACY,Central Business District,0.0,0.0
Offence Against a Person,2017,1,15,0,0,OFFSET TO PROTECT PRIVACY,Central Business District,0.0,0.0
Offence Against a Person,2017,2,22,0,0,OFFSET TO PROTECT PRIVACY,Central Business District,0.0,0.0
Offence Against a Person,2017,6,23,0,0,OFFSET TO PROTECT PRIVACY,Central Business District,0.0,0.0
Offence Against a Person,2017,5,21,0,0,OFFSET TO PROTECT PRIVACY,Central Business District,0.0,0.0
Offence Against a Person,2017,9,30,0,0,OFFSET TO PROTECT PRIVACY,Central Business District,0.0,0.0
Offence Against a Person,2017,1,15,0,0,OFFSET TO PROTECT PRIVACY,Central Business District,0.0,0.0
Offence Against a Person,2017,3,20,0,0,OFFSET TO PROTECT PRIVACY,Central Business District,0.0,0.0
Offence Against a Person,2017,4,2,0,0,OFFSET TO PROTECT PRIVACY,Central Business District,0.0,0.0
Offence Against a Person,2017,4,24,0,0,OFFSET TO PROTECT PRIVACY,Central Business District,0.0,0.0
Offence Against a Person,2017,5,30,0,0,OFFSET TO PROTECT PRIVACY,Central Business District,0.0,0.0
Offence Against a Person,2017,10,5,0,0,OFFSET TO PROTECT PRIVACY,Central Business District,0.0,0.0
Offence Against a Person,2017,11,24,0,0,OFFSET TO PROTECT PRIVACY,Central Business District,0.0,0.0
Offence Against a Person,2017,12,20,0,0,OFFSET TO PROTECT PRIVACY,Central Business District,0.0,0.0
Offence Against a Person,2017,2,5,0,0,OFFSET TO PROTECT PRIVACY,Central Business District,0.0,0.0
Offence Against a Person,2017,9,11,0,0,OFFSET TO PROTECT PRIVACY,Central Business District,0.0,0.0
Offence Against a Person,2017,4,15,0,0,OFFSET TO PROTECT PRIVACY,Central Business District,0.0,0.0
Offence Against a Person,2017,6,16,0,0,OFFSET TO PROTECT PRIVACY,Central Business District,0.0,0.0
Offence Against a Person,2017,2,23,0,0,OFFSET TO PROTECT PRIVACY,Central Business District,0.0,0.0
Offence Against a Person,2017,9,30,0,0,OFFSET TO PROTECT PRIVACY,Central Business District,0.0,0.0
Offence Against a Person,2017,4,18,0,0,OFFSET TO PROTECT PRIVACY,Central Business District,0.0,0.0
Offence Against a Person,2017,9,19,0,0,OFFSET TO PROTECT PRIVACY,Central Business District,0.0,0.0
Offence Against a Person,2017,10,27,0,0,OFFSET TO PROTECT PRIVACY,Central Business District,0.0,0.0
Offence Against a Person,2017,11,22,0,0,OFFSET TO PROTECT PRIVACY,Central Business District,0.0,0.0
Offence Against a Person,2017,2,13,0,0,OFFSET TO PROTECT PRIVACY,Central Business District,0.0,0.0
Offence Against a Person,2017,3,16,0,0,OFFSET TO PROTECT PRIVACY,Central Business District,0.0,0.0
Offence Against a Person,2017,4,21,0,0,OFFSET TO PROTECT PRIVACY,Central Business District,0.0,0.0
Offence Against a Person,2017,4,25,0,0,OFFSET TO PROTECT PRIVACY,Central Business District,0.0,0.0
Offence Against a Person,2017,6,3,0,0,OFFSET TO PROTECT PRIVACY,Central Business District,0.0,0.0
Offence Against a Person,2017,8,31,0,0,OFFSET TO PROTECT PRIVACY,Central Business District,0.0,0.0
Offence Against a Person,2017,10,15,0,0,OFFSET TO PROTECT PRIVACY,Central Business District,0.0,0.0
Offence Against a Person,2017,12,8,0,0,OFFSET TO PROTECT PRIVACY,Central Business District,0.0,0.0
Offence Against a Person,2017,4,4,0,0,OFFSET TO PROTECT PRIVACY,Central Business District,0.0,0.0
Offence Against a Person,2017,7,16,0,0,OFFSET TO PROTECT PRIVACY,Central Business District,0.0,0.0
Offence Against a Person,2017,8,5,0,0,OFFSET TO PROTECT PRIVACY,Central Business District,0.0,0.0
Offence Against a Person,2017,3,3,0,0,OFFSET TO PROTECT PRIVACY,Central Business District,0.0,0.0
Offence Against a Person,2017,6,27,0,0,OFFSET TO PROTECT PRIVACY,Central Business District,0.0,0.0
Offence Against a Person,2017,6,4,0,0,OFFSET TO PROTECT PRIVACY,Central Business District,0.0,0.0
Offence Against a Person,2017,6,20,0,0,OFFSET TO PROTECT PRIVACY,Central Business District,0.0,0.0
Offence Against a Person,2017,8,6,0,0,OFFSET TO PROTECT PRIVACY,Central Business District,0.0,0.0
Offence Against a Person,2017,9,19,0,0,OFFSET TO PROTECT PRIVACY,Central Business District,0.0,0.0
Offence Against a Person,2017,8,6,0,0,OFFSET TO PROTECT PRIVACY,Central Business District,0.0,0.0
Offence Against a Person,2017,10,14,0,0,OFFSET TO PROTECT PRIVACY,Central Business District,0.0,0.0
Offence Against a Person,2017,5,21,0,0,OFFSET TO PROTECT PRIVACY,Central Business District,0.0,0.0
Offence Against a Person,2017,1,7,0,0,OFFSET TO PROTECT PRIVACY,Central Business District,0.0,0.0
Offence Against a Person,2017,6,11,0,0,OFFSET TO PROTECT PRIVACY,Central Business District,0.0,0.0
Offence Against a Person,2017,2,18,0,0,OFFSET TO PROTECT PRIVACY,Central Business District,0.0,0.0
Offence Against a Person,2017,3,3,0,0,OFFSET TO PROTECT PRIVACY,Central Business District,0.0,0.0
Offence Against a Person,2017,9,11,0,0,OFFSET TO PROTECT PRIVACY,Central Business District,0.0,0.0
Offence Against a Person,2017,1,25,0,0,OFFSET TO PROTECT PRIVACY,Central Business District,0.0,0.0
Offence Against a Person,2017,1,25,0,0,OFFSET TO PROTECT PRIVACY,Central Business District,0.0,0.0
Offence Against a Person,2017,2,28,0,0,OFFSET TO PROTECT PRIVACY,Central Business District,0.0,0.0
Offence Against a Person,2017,4,3,0,0,OFFSET TO PROTECT PRIVACY,Central Business District,0.0,0.0
Offence Against a Person,2017,4,17,0,0,OFFSET TO PROTECT PRIVACY,Central Business District,0.0,0.0
Offence Against a Person,2017,9,23,0,0,OFFSET TO PROTECT PRIVACY,Central Business District,0.0,0.0
Offence Against a Person,2017,6,3,0,0,OFFSET TO PROTECT PRIVACY,Central Business District,0.0,0.0
Offence Against a Person,2017,7,19,0,0,OFFSET TO PROTECT PRIVACY,Central Business District,0.0,0.0
Offence Against a Person,2017,6,9,0,0,OFFSET TO PROTECT PRIVACY,Central Business District,0.0,0.0
Offence Against a Person,2017,5,6,0,0,OFFSET TO PROTECT PRIVACY,Central Business District,0.0,0.0
Offence Against a Person,2017,8,19,0,0,OFFSET TO PROTECT PRIVACY,Central Business District,0.0,0.0
Offence Against a Person,2017,6,8,0,0,OFFSET TO PROTECT PRIVACY,Central Business District,0.0,0.0
Offence Against a Person,2017,3,25,0,0,OFFSET TO PROTECT PRIVACY,Central Business District,0.0,0.0
Offence Against a Person,2017,4,1,0,0,OFFSET TO PROTECT PRIVACY,Central Business District,0.0,0.0
Offence Against a Person,2017,12,10,0,0,OFFSET TO PROTECT PRIVACY,Central Business District,0.0,0.0
Offence Against a Person,2017,3,15,0,0,OFFSET TO PROTECT PRIVACY,Central Business District,0.0,0.0
Offence Against a Person,2017,11,12,0,0,OFFSET TO PROTECT PRIVACY,Central Business District,0.0,0.0
Offence Against a Person,2017,5,1,0,0,OFFSET TO PROTECT PRIVACY,Central Business District,0.0,0.0
Offence Against a Person,2017,11,26,0,0,OFFSET TO PROTECT PRIVACY,Central Business District,0.0,0.0
Offence Against a Person,2017,5,16,0,0,OFFSET TO PROTECT PRIVACY,Central Business District,0.0,0.0
Offence Against a Person,2017,5,10,0,0,OFFSET TO PROTECT PRIVACY,Central Business District,0.0,0.0
Offence Against a Person,2017,3,21,0,0,OFFSET TO PROTECT PRIVACY,Central Business District,0.0,0.0
Offence Against a Person,2017,4,19,0,0,OFFSET TO PROTECT PRIVACY,Central Business District,0.0,0.0
Offence Against a Person,2017,10,27,0,0,OFFSET TO PROTECT PRIVACY,Central Business District,0.0,0.0
Offence Against a Person,2017,12,23,0,0,OFFSET TO PROTECT PRIVACY,Central Business District,0.0,0.0
Offence Against a Person,2017,11,12,0,0,OFFSET TO PROTECT PRIVACY,Central Business District,0.0,0.0
Offence Against a Person,2017,10,25,0,0,OFFSET TO PROTECT PRIVACY,Central Business District,0.0,0.0
Offence Against a Person,2017,9,14,0,0,OFFSET TO PROTECT PRIVACY,Central Business District,0.0,0.0
Offence Against a Person,2017,5,25,0,0,OFFSET TO PROTECT PRIVACY,Central Business District,0.0,0.0
Offence Against a Person,2017,4,27,0,0,OFFSET TO PROTECT PRIVACY,Central Business District,0.0,0.0
Offence Against a Person,2017,8,5,0,0,OFFSET TO PROTECT PRIVACY,Central Business District,0.0,0.0
Offence Against a Person,2017,11,4,0,0,OFFSET TO PROTECT PRIVACY,Central Business District,0.0,0.0
Offence Against a Person,2017,12,11,0,0,OFFSET TO PROTECT PRIVACY,Central Business District,0.0,0.0
Offence Against a Person,2017,2,11,0,0,OFFSET TO PROTECT PRIVACY,Central Business District,0.0,0.0
Offence Against a Person,2017,5,27,0,0,OFFSET TO PROTECT PRIVACY,Central Business District,0.0,0.0
Offence Against a Person,2017,12,11,0,0,OFFSET TO PROTECT PRIVACY,Central Business District,0.0,0.0
Offence Against a Person,2017,12,16,0,0,OFFSET TO PROTECT PRIVACY,Central Business District,0.0,0.0
Offence Against a Person,2017,6,9,0,0,OFFSET TO PROTECT PRIVACY,Central Business District,0.0,0.0
Offence Against a Person,2017,6,2,0,0,OFFSET TO PROTECT PRIVACY,Central Business District,0.0,0.0
Offence Against a Person,2017,6,19,0,0,OFFSET TO PROTECT PRIVACY,Central Business District,0.0,0.0
Offence Against a Person,2017,2,5,0,0,OFFSET TO PROTECT PRIVACY,Central Business District,0.0,0.0
Offence Against a Person,2017,4,22,0,0,OFFSET TO PROTECT PRIVACY,Central Business District,0.0,0.0
Offence Against a Person,2017,6,18,0,0,OFFSET TO PROTECT PRIVACY,Central Business District,0.0,0.0
Offence Against a Person,2017,8,31,0,0,OFFSET TO PROTECT PRIVACY,Central Business District,0.0,0.0
Offence Against a Person,2017,2,14,0,0,OFFSET TO PROTECT PRIVACY,Central Business District,0.0,0.0
Offence Against a Person,2017,4,22,0,0,OFFSET TO PROTECT PRIVACY,Central Business District,0.0,0.0
Offence Against a Person,2017,11,23,0,0,OFFSET TO PROTECT PRIVACY,Central Business District,0.0,0.0
Offence Against a Person,2017,1,1,0,0,OFFSET TO PROTECT PRIVACY,Central Business District,0.0,0.0
Offence Against a Person,2017,4,29,0,0,OFFSET TO PROTECT PRIVACY,Central Business District,0.0,0.0
Offence Against a Person,2017,6,1,0,0,OFFSET TO PROTECT PRIVACY,Central Business District,0.0,0.0
Offence Against a Person,2017,9,19,0,0,OFFSET TO PROTECT PRIVACY,Central Business District,0.0,0.0
Offence Against a Person,2017,11,1,0,0,OFFSET TO PROTECT PRIVACY,Central Business District,0.0,0.0
Offence Against a Person,2017,7,24,0,0,OFFSET TO PROTECT PRIVACY,Central Business District,0.0,0.0
Offence Against a Person,2017,12,28,0,0,OFFSET TO PROTECT PRIVACY,Central Business District,0.0,0.0
Offence Against a Person,2017,4,14,0,0,OFFSET TO PROTECT PRIVACY,Central Business District,0.0,0.0
Offence Against a Person,2017,3,16,0,0,OFFSET TO PROTECT PRIVACY,Central Business District,0.0,0.0
Offence Against a Person,2017,5,7,0,0,OFFSET TO PROTECT PRIVACY,Central Business District,0.0,0.0
Offence Against a Person,2017,12,9,0,0,OFFSET TO PROTECT PRIVACY,Central Business District,0.0,0.0
Offence Against a Person,2017,4,28,0,0,OFFSET TO PROTECT PRIVACY,Central Business District,0.0,0.0
Offence Against a Person,2017,8,2,0,0,OFFSET TO PROTECT PRIVACY,Central Business District,0.0,0.0
Offence Against a Person,2017,2,4,0,0,OFFSET TO PROTECT PRIVACY,Central Business District,0.0,0.0
Offence Against a Person,2017,4,23,0,0,OFFSET TO PROTECT PRIVACY,Central Business District,0.0,0.0
Offence Against a Person,2017,2,6,0,0,OFFSET TO PROTECT PRIVACY,Central Business District,0.0,0.0
Offence Against a Person,2017,3,26,0,0,OFFSET TO PROTECT PRIVACY,Central Business District,0.0,0.0
Offence Against a Person,2017,4,15,0,0,OFFSET TO PROTECT PRIVACY,Central Business District,0.0,0.0
Offence Against a Person,2017,7,2,0,0,OFFSET TO PROTECT PRIVACY,Central Business District,0.0,0.0
Offence Against a Person,2017,8,27,0,0,OFFSET TO PROTECT PRIVACY,Central Business District,0.0,0.0
Offence Against a Person,2017,1,8,0,0,OFFSET TO PROTECT PRIVACY,Central Business District,0.0,0.0
Offence Against a Person,2017,9,3,0,0,OFFSET TO PROTECT PRIVACY,Central Business District,0.0,0.0
Offence Against a Person,2017,11,18,0,0,OFFSET TO PROTECT PRIVACY,Central Business District,0.0,0.0
Offence Against a Person,2017,11,22,0,0,OFFSET TO PROTECT PRIVACY,Central Business District,0.0,0.0
Offence Against a Person,2017,7,6,0,0,OFFSET TO PROTECT PRIVACY,Central Business District,0.0,0.0
Offence Against a Person,2017,8,3,0,0,OFFSET TO PROTECT PRIVACY,Central Business District,0.0,0.0
Offence Against a Person,2017,4,9,0,0,OFFSET TO PROTECT PRIVACY,Central Business District,0.0,0.0
Offence Against a Person,2017,5,13,0,0,OFFSET TO PROTECT PRIVACY,Central Business District,0.0,0.0
Offence Against a Person,2017,8,25,0,0,OFFSET TO PROTECT PRIVACY,Central Business District,0.0,0.0
Offence Against a Person,2017,10,6,0,0,OFFSET TO PROTECT PRIVACY,Central Business District,0.0,0.0
Offence Against a Person,2017,11,7,0,0,OFFSET TO PROTECT PRIVACY,Central Business District,0.0,0.0
Offence Against a Person,2017,4,2,0,0,OFFSET TO PROTECT PRIVACY,Central Business District,0.0,0.0
Offence Against a Person,2017,5,10,0,0,OFFSET TO PROTECT PRIVACY,Central Business District,0.0,0.0
Offence Against a Person,2017,5,14,0,0,OFFSET TO PROTECT PRIVACY,Central Business District,0.0,0.0
Offence Against a Person,2017,9,21,0,0,OFFSET TO PROTECT PRIVACY,Central Business District,0.0,0.0
Offence Against a Person,2017,1,7,0,0,OFFSET TO PROTECT PRIVACY,Central Business District,0.0,0.0
Offence Against a Person,2017,10,1,0,0,OFFSET TO PROTECT PRIVACY,Central Business District,0.0,0.0
Offence Against a Person,2017,12,8,0,0,OFFSET TO PROTECT PRIVACY,Central Business District,0.0,0.0
Offence Against a Person,2017,2,24,0,0,OFFSET TO PROTECT PRIVACY,Central Business District,0.0,0.0
Offence Against a Person,2017,1,20,0,0,OFFSET TO PROTECT PRIVACY,Central Business District,0.0,0.0
Offence Against a Person,2017,8,25,0,0,OFFSET TO PROTECT PRIVACY,Central Business District,0.0,0.0
Offence Against a Person,2017,10,27,0,0,OFFSET TO PROTECT PRIVACY,Central Business District,0.0,0.0
Offence Against a Person,2017,11,30,0,0,OFFSET TO PROTECT PRIVACY,Central Business District,0.0,0.0
Offence Against a Person,2017,10,27,0,0,OFFSET TO PROTECT PRIVACY,Central Business District,0.0,0.0
Offence Against a Person,2017,5,7,0,0,OFFSET TO PROTECT PRIVACY,Central Business District,0.0,0.0
Offence Against a Person,2017,11,22,0,0,OFFSET TO PROTECT PRIVACY,Central Business District,0.0,0.0
Offence Against a Person,2017,7,11,0,0,OFFSET TO PROTECT PRIVACY,Central Business District,0.0,0.0
Offence Against a Person,2017,3,3,0,0,OFFSET TO PROTECT PRIVACY,Central Business District,0.0,0.0
Offence Against a Person,2017,6,23,0,0,OFFSET TO PROTECT PRIVACY,Central Business District,0.0,0.0
Offence Against a Person,2017,8,30,0,0,OFFSET TO PROTECT PRIVACY,Central Business District,0.0,0.0
Offence Against a Person,2017,9,8,0,0,OFFSET TO PROTECT PRIVACY,Central Business District,0.0,0.0
Offence Against a Person,2017,1,14,0,0,OFFSET TO PROTECT PRIVACY,Central Business District,0.0,0.0
Offence Against a Person,2017,5,18,0,0,OFFSET TO PROTECT PRIVACY,Central Business District,0.0,0.0
Offence Against a Person,2017,8,4,0,0,OFFSET TO PROTECT PRIVACY,Central Business District,0.0,0.0
Offence Against a Person,2017,8,31,0,0,OFFSET TO PROTECT PRIVACY,Central Business District,0.0,0.0
Offence Against a Person,2017,9,3,0,0,OFFSET TO PROTECT PRIVACY,Central Business District,0.0,0.0
Offence Against a Person,2017,9,11,0,0,OFFSET TO PROTECT PRIVACY,Central Business District,0.0,0.0
Offence Against a Person,2017,7,8,0,0,OFFSET TO PROTECT PRIVACY,Central Business District,0.0,0.0
Offence Against a Person,2017,6,17,0,0,OFFSET TO PROTECT PRIVACY,Central Business District,0.0,0.0
Offence Against a Person,2017,10,1,0,0,OFFSET TO PROTECT PRIVACY,Central Business District,0.0,0.0
Offence Against a Person,2017,3,12,0,0,OFFSET TO PROTECT PRIVACY,Central Business District,0.0,0.0
Offence Against a Person,2017,5,26,0,0,OFFSET TO PROTECT PRIVACY,Central Business District,0.0,0.0
Offence Against a Person,2017,6,21,0,0,OFFSET TO PROTECT PRIVACY,Central Business District,0.0,0.0
Offence Against a Person,2017,8,14,0,0,OFFSET TO PROTECT PRIVACY,Central Business District,0.0,0.0
Offence Against a Person,2017,9,4,0,0,OFFSET TO PROTECT PRIVACY,Central Business District,0.0,0.0
Offence Against a Person,2017,9,23,0,0,OFFSET TO PROTECT PRIVACY,Central Business District,0.0,0.0
Offence Against a Person,2017,10,11,0,0,OFFSET TO PROTECT PRIVACY,Central Business District,0.0,0.0
Offence Against a Person,2017,3,16,0,0,OFFSET TO PROTECT PRIVACY,Central Business District,0.0,0.0
Offence Against a Person,2017,5,24,0,0,OFFSET TO PROTECT PRIVACY,Central Business District,0.0,0.0
Offence Against a Person,2017,6,17,0,0,OFFSET TO PROTECT PRIVACY,Central Business District,0.0,0.0
Offence Against a Person,2017,6,20,0,0,OFFSET TO PROTECT PRIVACY,Central Business District,0.0,0.0
Offence Against a Person,2017,8,7,0,0,OFFSET TO PROTECT PRIVACY,Central Business District,0.0,0.0
Offence Against a Person,2017,9,20,0,0,OFFSET TO PROTECT PRIVACY,Central Business District,0.0,0.0
Offence Against a Person,2017,6,11,0,0,OFFSET TO PROTECT PRIVACY,Central Business District,0.0,0.0
Offence Against a Person,2017,6,16,0,0,OFFSET TO PROTECT PRIVACY,Central Business District,0.0,0.0
Offence Against a Person,2017,7,16,0,0,OFFSET TO PROTECT PRIVACY,Central Business District,0.0,0.0
Offence Against a Person,2017,8,13,0,0,OFFSET TO PROTECT PRIVACY,Central Business District,0.0,0.0
Offence Against a Person,2017,7,28,0,0,OFFSET TO PROTECT PRIVACY,Central Business District,0.0,0.0
Offence Against a Person,2017,11,29,0,0,OFFSET TO PROTECT PRIVACY,Central Business District,0.0,0.0
Offence Against a Person,2017,8,21,0,0,OFFSET TO PROTECT PRIVACY,Central Business District,0.0,0.0
Offence Against a Person,2017,2,9,0,0,OFFSET TO PROTECT PRIVACY,Central Business District,0.0,0.0
Offence Against a Person,2017,2,16,0,0,OFFSET TO PROTECT PRIVACY,Central Business District,0.0,0.0
Offence Against a Person,2017,7,8,0,0,OFFSET TO PROTECT PRIVACY,Central Business District,0.0,0.0
Offence Against a Person,2017,10,5,0,0,OFFSET TO PROTECT PRIVACY,Central Business District,0.0,0.0
Offence Against a Person,2017,10,28,0,0,OFFSET TO PROTECT PRIVACY,Central Business District,0.0,0.0
Offence Against a Person,2017,5,28,0,0,OFFSET TO PROTECT PRIVACY,Central Business District,0.0,0.0
Offence Against a Person,2017,6,8,0,0,OFFSET TO PROTECT PRIVACY,Central Business District,0.0,0.0
Offence Against a Person,2017,8,19,0,0,OFFSET TO PROTECT PRIVACY,Central Business District,0.0,0.0
Offence Against a Person,2017,12,3,0,0,OFFSET TO PROTECT PRIVACY,Central Business District,0.0,0.0
Offence Against a Person,2017,12,3,0,0,OFFSET TO PROTECT PRIVACY,Central Business District,0.0,0.0
Offence Against a Person,2017,7,22,0,0,OFFSET TO PROTECT PRIVACY,Central Business District,0.0,0.0
Offence Against a Person,2017,10,24,0,0,OFFSET TO PROTECT PRIVACY,Central Business District,0.0,0.0
Offence Against a Person,2017,2,10,0,0,OFFSET TO PROTECT PRIVACY,Central Business District,0.0,0.0
Offence Against a Person,2017,3,21,0,0,OFFSET TO PROTECT PRIVACY,Central Business District,0.0,0.0
Offence Against a Person,2017,6,23,0,0,OFFSET TO PROTECT PRIVACY,Central Business District,0.0,0.0
Offence Against a Person,2017,3,29,0,0,OFFSET TO PROTECT PRIVACY,Central Business District,0.0,0.0
Offence Against a Person,2017,4,14,0,0,OFFSET TO PROTECT PRIVACY,Central Business District,0.0,0.0
Offence Against a Person,2017,4,24,0,0,OFFSET TO PROTECT PRIVACY,Central Business District,0.0,0.0
Offence Against a Person,2017,9,29,0,0,OFFSET TO PROTECT PRIVACY,Central Business District,0.0,0.0
Offence Against a Person,2017,7,1,0,0,OFFSET TO PROTECT PRIVACY,Central Business District,0.0,0.0
Offence Against a Person,2017,9,20,0,0,OFFSET TO PROTECT PRIVACY,Central Business District,0.0,0.0
Offence Against a Person,2017,11,2,0,0,OFFSET TO PROTECT PRIVACY,Central Business District,0.0,0.0
Offence Against a Person,2017,12,1,0,0,OFFSET TO PROTECT PRIVACY,Central Business District,0.0,0.0
Offence Against a Person,2017,11,28,0,0,OFFSET TO PROTECT PRIVACY,Central Business District,0.0,0.0
Offence Against a Person,2017,5,22,0,0,OFFSET TO PROTECT PRIVACY,Central Business District,0.0,0.0
Offence Against a Person,2017,10,26,0,0,OFFSET TO PROTECT PRIVACY,Central Business District,0.0,0.0
Offence Against a Person,2017,2,18,0,0,OFFSET TO PROTECT PRIVACY,Central Business District,0.0,0.0
Offence Against a Person,2017,1,7,0,0,OFFSET TO PROTECT PRIVACY,Central Business District,0.0,0.0
Offence Against a Person,2017,2,2,0,0,OFFSET TO PROTECT PRIVACY,Central Business District,0.0,0.0
Offence Against a Person,2017,2,5,0,0,OFFSET TO PROTECT PRIVACY,Central Business District,0.0,0.0
Offence Against a Person,2017,1,5,0,0,OFFSET TO PROTECT PRIVACY,Mount Pleasant,0.0,0.0
Offence Against a Person,2017,6,11,0,0,OFFSET TO PROTECT PRIVACY,Central Business District,0.0,0.0
Offence Against a Person,2017,8,4,0,0,OFFSET TO PROTECT PRIVACY,Central Business District,0.0,0.0
Offence Against a Person,2017,8,2,0,0,OFFSET TO PROTECT PRIVACY,Central Business District,0.0,0.0
Offence Against a Person,2017,5,20,0,0,OFFSET TO PROTECT PRIVACY,Central Business District,0.0,0.0
Offence Against a Person,2017,11,5,0,0,OFFSET TO PROTECT PRIVACY,Central Business District,0.0,0.0
Offence Against a Person,2017,5,20,0,0,OFFSET TO PROTECT PRIVACY,Central Business District,0.0,0.0
Offence Against a Person,2017,5,9,0,0,OFFSET TO PROTECT PRIVACY,Central Business District,0.0,0.0
Offence Against a Person,2017,6,4,0,0,OFFSET TO PROTECT PRIVACY,Central Business District,0.0,0.0
Offence Against a Person,2017,3,11,0,0,OFFSET TO PROTECT PRIVACY,Central Business District,0.0,0.0
Offence Against a Person,2017,7,29,0,0,OFFSET TO PROTECT PRIVACY,Central Business District,0.0,0.0
Offence Against a Person,2017,1,28,0,0,OFFSET TO PROTECT PRIVACY,Central Business District,0.0,0.0
Offence Against a Person,2017,5,13,0,0,OFFSET TO PROTECT PRIVACY,Central Business District,0.0,0.0
Offence Against a Person,2017,7,21,0,0,OFFSET TO PROTECT PRIVACY,Central Business District,0.0,0.0
Offence Against a Person,2017,7,27,0,0,OFFSET TO PROTECT PRIVACY,Central Business District,0.0,0.0
Offence Against a Person,2017,8,30,0,0,OFFSET TO PROTECT PRIVACY,Central Business District,0.0,0.0
Offence Against a Person,2017,9,17,0,0,OFFSET TO PROTECT PRIVACY,Central Business District,0.0,0.0
Offence Against a Person,2017,10,18,0,0,OFFSET TO PROTECT PRIVACY,Central Business District,0.0,0.0
Offence Against a Person,2017,11,17,0,0,OFFSET TO PROTECT PRIVACY,Central Business District,0.0,0.0
Offence Against a Person,2017,9,29,0,0,OFFSET TO PROTECT PRIVACY,Central Business District,0.0,0.0
Offence Against a Person,2017,6,14,0,0,OFFSET TO PROTECT PRIVACY,Central Business District,0.0,0.0
Offence Against a Person,2017,9,1,0,0,OFFSET TO PROTECT PRIVACY,Central Business District,0.0,0.0
Offence Against a Person,2017,4,21,0,0,OFFSET TO PROTECT PRIVACY,Central Business District,0.0,0.0
Offence Against a Person,2017,8,27,0,0,OFFSET TO PROTECT PRIVACY,Central Business District,0.0,0.0
Offence Against a Person,2017,11,27,0,0,OFFSET TO PROTECT PRIVACY,Central Business District,0.0,0.0
Offence Against a Person,2017,10,10,0,0,OFFSET TO PROTECT PRIVACY,Central Business District,0.0,0.0
Offence Against a Person,2017,1,22,0,0,OFFSET TO PROTECT PRIVACY,Central Business District,0.0,0.0
Offence Against a Person,2017,5,16,0,0,OFFSET TO PROTECT PRIVACY,Central Business District,0.0,0.0
Offence Against a Person,2017,11,16,0,0,OFFSET TO PROTECT PRIVACY,Central Business District,0.0,0.0
Offence Against a Person,2017,1,28,0,0,OFFSET TO PROTECT PRIVACY,Central Business District,0.0,0.0
Offence Against a Person,2017,6,4,0,0,OFFSET TO PROTECT PRIVACY,Central Business District,0.0,0.0
Offence Against a Person,2017,11,23,0,0,OFFSET TO PROTECT PRIVACY,Central Business District,0.0,0.0
Offence Against a Person,2017,9,5,0,0,OFFSET TO PROTECT PRIVACY,Central Business District,0.0,0.0
Offence Against a Person,2017,1,29,0,0,OFFSET TO PROTECT PRIVACY,Central Business District,0.0,0.0
Offence Against a Person,2017,8,5,0,0,OFFSET TO PROTECT PRIVACY,Central Business District,0.0,0.0
Offence Against a Person,2017,8,12,0,0,OFFSET TO PROTECT PRIVACY,Central Business District,0.0,0.0
Offence Against a Person,2017,6,16,0,0,OFFSET TO PROTECT PRIVACY,Central Business District,0.0,0.0
Offence Against a Person,2017,3,26,0,0,OFFSET TO PROTECT PRIVACY,Central Business District,0.0,0.0
Offence Against a Person,2017,5,11,0,0,OFFSET TO PROTECT PRIVACY,Central Business District,0.0,0.0
Offence Against a Person,2017,6,26,0,0,OFFSET TO PROTECT PRIVACY,Central Business District,0.0,0.0
Offence Against a Person,2017,6,27,0,0,OFFSET TO PROTECT PRIVACY,Central Business District,0.0,0.0
Offence Against a Person,2017,6,26,0,0,OFFSET TO PROTECT PRIVACY,Central Business District,0.0,0.0
Offence Against a Person,2017,7,10,0,0,OFFSET TO PROTECT PRIVACY,Central Business District,0.0,0.0
Offence Against a Person,2017,12,26,0,0,OFFSET TO PROTECT PRIVACY,Central Business District,0.0,0.0
Offence Against a Person,2017,5,21,0,0,OFFSET TO PROTECT PRIVACY,Central Business District,0.0,0.0
Offence Against a Person,2017,2,2,0,0,OFFSET TO PROTECT PRIVACY,Central Business District,0.0,0.0
Offence Against a Person,2017,6,2,0,0,OFFSET TO PROTECT PRIVACY,Central Business District,0.0,0.0
Offence Against a Person,2017,7,19,0,0,OFFSET TO PROTECT PRIVACY,Central Business District,0.0,0.0
Offence Against a Person,2017,12,18,0,0,OFFSET TO PROTECT PRIVACY,Central Business District,0.0,0.0
Offence Against a Person,2017,10,4,0,0,OFFSET TO PROTECT PRIVACY,Central Business District,0.0,0.0
Offence Against a Person,2017,12,19,0,0,OFFSET TO PROTECT PRIVACY,Central Business District,0.0,0.0
Offence Against a Person,2017,1,8,0,0,OFFSET TO PROTECT PRIVACY,Central Business District,0.0,0.0
Offence Against a Person,2017,10,29,0,0,OFFSET TO PROTECT PRIVACY,Central Business District,0.0,0.0
Offence Against a Person,2017,1,8,0,0,OFFSET TO PROTECT PRIVACY,Central Business District,0.0,0.0
Offence Against a Person,2017,12,13,0,0,OFFSET TO PROTECT PRIVACY,Central Business District,0.0,0.0
Offence Against a Person,2017,3,27,0,0,OFFSET TO PROTECT PRIVACY,Central Business District,0.0,0.0
Offence Against a Person,2017,4,4,0,0,OFFSET TO PROTECT PRIVACY,Central Business District,0.0,0.0
Offence Against a Person,2017,5,6,0,0,OFFSET TO PROTECT PRIVACY,Central Business District,0.0,0.0
Offence Against a Person,2017,3,27,0,0,OFFSET TO PROTECT PRIVACY,Central Business District,0.0,0.0
Offence Against a Person,2017,8,31,0,0,OFFSET TO PROTECT PRIVACY,Central Business District,0.0,0.0
Offence Against a Person,2017,3,11,0,0,OFFSET TO PROTECT PRIVACY,Central Business District,0.0,0.0
Offence Against a Person,2017,8,19,0,0,OFFSET TO PROTECT PRIVACY,Central Business District,0.0,0.0
Offence Against a Person,2017,4,1,0,0,OFFSET TO PROTECT PRIVACY,Central Business District,0.0,0.0
Offence Against a Person,2017,6,24,0,0,OFFSET TO PROTECT PRIVACY,Central Business District,0.0,0.0
Offence Against a Person,2017,6,27,0,0,OFFSET TO PROTECT PRIVACY,Central Business District,0.0,0.0
Offence Against a Person,2017,2,18,0,0,OFFSET TO PROTECT PRIVACY,Central Business District,0.0,0.0
Offence Against a Person,2017,4,18,0,0,OFFSET TO PROTECT PRIVACY,Central Business District,0.0,0.0
Offence Against a Person,2017,7,16,0,0,OFFSET TO PROTECT PRIVACY,Central Business District,0.0,0.0
Offence Against a Person,2017,9,9,0,0,OFFSET TO PROTECT PRIVACY,Central Business District,0.0,0.0
Offence Against a Person,2017,9,9,0,0,OFFSET TO PROTECT PRIVACY,Central Business District,0.0,0.0
Offence Against a Person,2017,1,20,0,0,OFFSET TO PROTECT PRIVACY,Central Business District,0.0,0.0
Offence Against a Person,2017,7,22,0,0,OFFSET TO PROTECT PRIVACY,Central Business District,0.0,0.0
Offence Against a Person,2017,4,18,0,0,OFFSET TO PROTECT PRIVACY,Central Business District,0.0,0.0
Offence Against a Person,2017,11,24,0,0,OFFSET TO PROTECT PRIVACY,Central Business District,0.0,0.0
Offence Against a Person,2017,8,22,0,0,OFFSET TO PROTECT PRIVACY,Central Business District,0.0,0.0
Offence Against a Person,2017,5,7,0,0,OFFSET TO PROTECT PRIVACY,Central Business District,0.0,0.0
Offence Against a Person,2017,1,16,0,0,OFFSET TO PROTECT PRIVACY,Central Business District,0.0,0.0
Offence Against a Person,2017,1,26,0,0,OFFSET TO PROTECT PRIVACY,Central Business District,0.0,0.0
Offence Against a Person,2017,4,13,0,0,OFFSET TO PROTECT PRIVACY,Central Business District,0.0,0.0
Offence Against a Person,2017,4,30,0,0,OFFSET TO PROTECT PRIVACY,Central Business District,0.0,0.0
Offence Against a Person,2017,4,22,0,0,OFFSET TO PROTECT PRIVACY,Central Business District,0.0,0.0
Offence Against a Person,2017,6,2,0,0,OFFSET TO PROTECT PRIVACY,Central Business District,0.0,0.0
Offence Against a Person,2017,1,3,0,0,OFFSET TO PROTECT PRIVACY,Central Business District,0.0,0.0
Offence Against a Person,2017,5,4,0,0,OFFSET TO PROTECT PRIVACY,Central Business District,0.0,0.0
Offence Against a Person,2017,4,12,0,0,OFFSET TO PROTECT PRIVACY,Central Business District,0.0,0.0
Offence Against a Person,2017,6,3,0,0,OFFSET TO PROTECT PRIVACY,Central Business District,0.0,0.0
Offence Against a Person,2017,6,16,0,0,OFFSET TO PROTECT PRIVACY,Central Business District,0.0,0.0
Offence Against a Person,2017,7,26,0,0,OFFSET TO PROTECT PRIVACY,Central Business District,0.0,0.0
Offence Against a Person,2017,3,14,0,0,OFFSET TO PROTECT PRIVACY,Central Business District,0.0,0.0
Offence Against a Person,2017,8,9,0,0,OFFSET TO PROTECT PRIVACY,Central Business District,0.0,0.0
Offence Against a Person,2017,12,24,0,0,OFFSET TO PROTECT PRIVACY,Central Business District,0.0,0.0
Offence Against a Person,2017,2,8,0,0,OFFSET TO PROTECT PRIVACY,Central Business District,0.0,0.0
Offence Against a Person,2017,4,20,0,0,OFFSET TO PROTECT PRIVACY,Central Business District,0.0,0.0
Offence Against a Person,2017,1,24,0,0,OFFSET TO PROTECT PRIVACY,Central Business District,0.0,0.0
Offence Against a Person,2017,6,22,0,0,OFFSET TO PROTECT PRIVACY,Central Business District,0.0,0.0
Offence Against a Person,2017,11,22,0,0,OFFSET TO PROTECT PRIVACY,Central Business District,0.0,0.0
Offence Against a Person,2017,7,12,0,0,OFFSET TO PROTECT PRIVACY,Central Business District,0.0,0.0
Offence Against a Person,2017,8,10,0,0,OFFSET TO PROTECT PRIVACY,Central Business District,0.0,0.0
Offence Against a Person,2017,9,11,0,0,OFFSET TO PROTECT PRIVACY,Central Business District,0.0,0.0
Offence Against a Person,2017,7,27,0,0,OFFSET TO PROTECT PRIVACY,Central Business District,0.0,0.0
Offence Against a Person,2017,10,5,0,0,OFFSET TO PROTECT PRIVACY,Central Business District,0.0,0.0
Offence Against a Person,2017,7,25,0,0,OFFSET TO PROTECT PRIVACY,Mount Pleasant,0.0,0.0
Offence Against a Person,2017,1,12,0,0,OFFSET TO PROTECT PRIVACY,Central Business District,0.0,0.0
Offence Against a Person,2017,2,1,0,0,OFFSET TO PROTECT PRIVACY,Central Business District,0.0,0.0
Offence Against a Person,2017,8,14,0,0,OFFSET TO PROTECT PRIVACY,Central Business District,0.0,0.0
Offence Against a Person,2017,12,6,0,0,OFFSET TO PROTECT PRIVACY,Central Business District,0.0,0.0
Offence Against a Person,2017,6,26,0,0,OFFSET TO PROTECT PRIVACY,Central Business District,0.0,0.0
Offence Against a Person,2017,8,21,0,0,OFFSET TO PROTECT PRIVACY,Central Business District,0.0,0.0
Offence Against a Person,2017,4,16,0,0,OFFSET TO PROTECT PRIVACY,Central Business District,0.0,0.0
Offence Against a Person,2017,2,21,0,0,OFFSET TO PROTECT PRIVACY,Central Business District,0.0,0.0
Offence Against a Person,2017,7,31,0,0,OFFSET TO PROTECT PRIVACY,Central Business District,0.0,0.0
Offence Against a Person,2017,9,18,0,0,OFFSET TO PROTECT PRIVACY,Central Business District,0.0,0.0
Offence Against a Person,2017,7,24,0,0,OFFSET TO PROTECT PRIVACY,Central Business District,0.0,0.0
Offence Against a Person,2017,7,18,0,0,OFFSET TO PROTECT PRIVACY,Central Business District,0.0,0.0
Offence Against a Person,2017,4,14,0,0,OFFSET TO PROTECT PRIVACY,Central Business District,0.0,0.0
Offence Against a Person,2017,4,1,0,0,OFFSET TO PROTECT PRIVACY,Mount Pleasant,0.0,0.0
Offence Against a Person,2017,6,24,0,0,OFFSET TO PROTECT PRIVACY,Mount Pleasant,0.0,0.0
Offence Against a Person,2017,8,18,0,0,OFFSET TO PROTECT PRIVACY,Mount Pleasant,0.0,0.0
Offence Against a Person,2017,10,25,0,0,OFFSET TO PROTECT PRIVACY,Central Business District,0.0,0.0
Offence Against a Person,2017,6,3,0,0,OFFSET TO PROTECT PRIVACY,Central Business District,0.0,0.0
Offence Against a Person,2017,6,10,0,0,OFFSET TO PROTECT PRIVACY,Central Business District,0.0,0.0
Offence Against a Person,2017,1,28,0,0,OFFSET TO PROTECT PRIVACY,Central Business District,0.0,0.0
Offence Against a Person,2017,5,6,0,0,OFFSET TO PROTECT PRIVACY,Central Business District,0.0,0.0
Offence Against a Person,2017,3,25,0,0,OFFSET TO PROTECT PRIVACY,Central Business District,0.0,0.0
Offence Against a Person,2017,8,7,0,0,OFFSET TO PROTECT PRIVACY,Central Business District,0.0,0.0
Offence Against a Person,2017,8,30,0,0,OFFSET TO PROTECT PRIVACY,Central Business District,0.0,0.0
Offence Against a Person,2017,9,25,0,0,OFFSET TO PROTECT PRIVACY,Central Business District,0.0,0.0
Offence Against a Person,2017,6,1,0,0,OFFSET TO PROTECT PRIVACY,Central Business District,0.0,0.0
Offence Against a Person,2017,9,9,0,0,OFFSET TO PROTECT PRIVACY,Central Business District,0.0,0.0
Offence Against a Person,2017,12,27,0,0,OFFSET TO PROTECT PRIVACY,Central Business District,0.0,0.0
Offence Against a Person,2017,10,24,0,0,OFFSET TO PROTECT PRIVACY,Central Business District,0.0,0.0
Offence Against a Person,2017,8,9,0,0,OFFSET TO PROTECT PRIVACY,Central Business District,0.0,0.0
Offence Against a Person,2017,4,23,0,0,OFFSET TO PROTECT PRIVACY,Central Business District,0.0,0.0
Offence Against a Person,2017,2,13,0,0,OFFSET TO PROTECT PRIVACY,Central Business District,0.0,0.0
Offence Against a Person,2017,2,24,0,0,OFFSET TO PROTECT PRIVACY,Central Business District,0.0,0.0
Offence Against a Person,2017,8,10,0,0,OFFSET TO PROTECT PRIVACY,Central Business District,0.0,0.0
Offence Against a Person,2017,12,1,0,0,OFFSET TO PROTECT PRIVACY,Central Business District,0.0,0.0
Offence Against a Person,2017,7,12,0,0,OFFSET TO PROTECT PRIVACY,Central Business District,0.0,0.0
Offence Against a Person,2017,7,12,0,0,OFFSET TO PROTECT PRIVACY,Central Business District,0.0,0.0
Offence Against a Person,2017,2,2,0,0,OFFSET TO PROTECT PRIVACY,Central Business District,0.0,0.0
Offence Against a Person,2017,11,20,0,0,OFFSET TO PROTECT PRIVACY,Central Business District,0.0,0.0
Offence Against a Person,2017,7,15,0,0,OFFSET TO PROTECT PRIVACY,Central Business District,0.0,0.0
Offence Against a Person,2017,1,28,0,0,OFFSET TO PROTECT PRIVACY,Central Business District,0.0,0.0
Offence Against a Person,2017,10,20,0,0,OFFSET TO PROTECT PRIVACY,Central Business District,0.0,0.0
Offence Against a Person,2017,9,25,0,0,OFFSET TO PROTECT PRIVACY,Central Business District,0.0,0.0
Offence Against a Person,2017,2,12,0,0,OFFSET TO PROTECT PRIVACY,Central Business District,0.0,0.0
Offence Against a Person,2017,8,18,0,0,OFFSET TO PROTECT PRIVACY,Central Business District,0.0,0.0
Offence Against a Person,2017,9,21,0,0,OFFSET TO PROTECT PRIVACY,Central Business District,0.0,0.0
Offence Against a Person,2017,12,10,0,0,OFFSET TO PROTECT PRIVACY,Central Business District,0.0,0.0
Offence Against a Person,2017,5,26,0,0,OFFSET TO PROTECT PRIVACY,Central Business District,0.0,0.0
Offence Against a Person,2017,5,27,0,0,OFFSET TO PROTECT PRIVACY,Central Business District,0.0,0.0
Offence Against a Person,2017,11,22,0,0,OFFSET TO PROTECT PRIVACY,Central Business District,0.0,0.0
Offence Against a Person,2017,6,4,0,0,OFFSET TO PROTECT PRIVACY,Central Business District,0.0,0.0
Offence Against a Person,2017,6,7,0,0,OFFSET TO PROTECT PRIVACY,Central Business District,0.0,0.0
Offence Against a Person,2017,6,30,0,0,OFFSET TO PROTECT PRIVACY,Central Business District,0.0,0.0
Offence Against a Person,2017,9,28,0,0,OFFSET TO PROTECT PRIVACY,Central Business District,0.0,0.0
Offence Against a Person,2017,10,3,0,0,OFFSET TO PROTECT PRIVACY,Central Business District,0.0,0.0
Offence Against a Person,2017,2,20,0,0,OFFSET TO PROTECT PRIVACY,Central Business District,0.0,0.0
Offence Against a Person,2017,8,23,0,0,OFFSET TO PROTECT PRIVACY,Central Business District,0.0,0.0
Offence Against a Person,2017,4,13,0,0,OFFSET TO PROTECT PRIVACY,Central Business District,0.0,0.0
Offence Against a Person,2017,7,17,0,0,OFFSET TO PROTECT PRIVACY,Central Business District,0.0,0.0
Offence Against a Person,2017,9,14,0,0,OFFSET TO PROTECT PRIVACY,Central Business District,0.0,0.0
Offence Against a Person,2017,10,6,0,0,OFFSET TO PROTECT PRIVACY,Central Business District,0.0,0.0
Offence Against a Person,2017,11,4,0,0,OFFSET TO PROTECT PRIVACY,Central Business District,0.0,0.0
Offence Against a Person,2017,3,28,0,0,OFFSET TO PROTECT PRIVACY,Central Business District,0.0,0.0
Offence Against a Person,2017,3,17,0,0,OFFSET TO PROTECT PRIVACY,Central Business District,0.0,0.0
Offence Against a Person,2017,10,13,0,0,OFFSET TO PROTECT PRIVACY,Central Business District,0.0,0.0
Offence Against a Person,2017,7,9,0,0,OFFSET TO PROTECT PRIVACY,Central Business District,0.0,0.0
Offence Against a Person,2017,3,26,0,0,OFFSET TO PROTECT PRIVACY,Central Business District,0.0,0.0
Offence Against a Person,2017,5,6,0,0,OFFSET TO PROTECT PRIVACY,Central Business District,0.0,0.0
Offence Against a Person,2017,5,8,0,0,OFFSET TO PROTECT PRIVACY,Central Business District,0.0,0.0
Offence Against a Person,2017,10,5,0,0,OFFSET TO PROTECT PRIVACY,Central Business District,0.0,0.0
Offence Against a Person,2017,1,13,0,0,OFFSET TO PROTECT PRIVACY,Central Business District,0.0,0.0
Offence Against a Person,2017,3,29,0,0,OFFSET TO PROTECT PRIVACY,Central Business District,0.0,0.0
Offence Against a Person,2017,7,21,0,0,OFFSET TO PROTECT PRIVACY,Central Business District,0.0,0.0
Offence Against a Person,2017,10,1,0,0,OFFSET TO PROTECT PRIVACY,Central Business District,0.0,0.0
Offence Against a Person,2017,10,29,0,0,OFFSET TO PROTECT PRIVACY,Central Business District,0.0,0.0
Offence Against a Person,2017,10,31,0,0,OFFSET TO PROTECT PRIVACY,Central Business District,0.0,0.0
Offence Against a Person,2017,9,22,0,0,OFFSET TO PROTECT PRIVACY,Central Business District,0.0,0.0
Offence Against a Person,2017,8,19,0,0,OFFSET TO PROTECT PRIVACY,Central Business District,0.0,0.0
Offence Against a Person,2017,1,25,0,0,OFFSET TO PROTECT PRIVACY,Central Business District,0.0,0.0
Offence Against a Person,2017,12,17,0,0,OFFSET TO PROTECT PRIVACY,Central Business District,0.0,0.0
Offence Against a Person,2017,4,3,0,0,OFFSET TO PROTECT PRIVACY,Central Business District,0.0,0.0
Offence Against a Person,2017,11,23,0,0,OFFSET TO PROTECT PRIVACY,Central Business District,0.0,0.0
Offence Against a Person,2017,3,31,0,0,OFFSET TO PROTECT PRIVACY,Central Business District,0.0,0.0
Offence Against a Person,2017,1,28,0,0,OFFSET TO PROTECT PRIVACY,Central Business District,0.0,0.0
Offence Against a Person,2017,3,4,0,0,OFFSET TO PROTECT PRIVACY,Central Business District,0.0,0.0
Offence Against a Person,2017,9,6,0,0,OFFSET TO PROTECT PRIVACY,Central Business District,0.0,0.0
Offence Against a Person,2017,4,25,0,0,OFFSET TO PROTECT PRIVACY,Central Business District,0.0,0.0
Offence Against a Person,2017,1,28,0,0,OFFSET TO PROTECT PRIVACY,Central Business District,0.0,0.0
Offence Against a Person,2017,1,23,0,0,OFFSET TO PROTECT PRIVACY,Central Business District,0.0,0.0
Offence Against a Person,2017,5,22,0,0,OFFSET TO PROTECT PRIVACY,Central Business District,0.0,0.0
Offence Against a Person,2017,6,27,0,0,OFFSET TO PROTECT PRIVACY,Central Business District,0.0,0.0
Offence Against a Person,2017,8,18,0,0,OFFSET TO PROTECT PRIVACY,Central Business District,0.0,0.0
Offence Against a Person,2017,9,25,0,0,OFFSET TO PROTECT PRIVACY,Mount Pleasant,0.0,0.0
Offence Against a Person,2017,8,1,0,0,OFFSET TO PROTECT PRIVACY,Central Business District,0.0,0.0
Offence Against a Person,2017,8,1,0,0,OFFSET TO PROTECT PRIVACY,Central Business District,0.0,0.0
Offence Against a Person,2017,7,27,0,0,OFFSET TO PROTECT PRIVACY,Central Business District,0.0,0.0
Offence Against a Person,2017,7,27,0,0,OFFSET TO PROTECT PRIVACY,Central Business District,0.0,0.0
Offence Against a Person,2017,12,17,0,0,OFFSET TO PROTECT PRIVACY,Central Business District,0.0,0.0
Offence Against a Person,2017,10,1,0,0,OFFSET TO PROTECT PRIVACY,Central Business District,0.0,0.0
Offence Against a Person,2017,1,17,0,0,OFFSET TO PROTECT PRIVACY,Central Business District,0.0,0.0
Offence Against a Person,2017,2,21,0,0,OFFSET TO PROTECT PRIVACY,Central Business District,0.0,0.0
Offence Against a Person,2017,3,21,0,0,OFFSET TO PROTECT PRIVACY,Central Business District,0.0,0.0
Offence Against a Person,2017,3,14,0,0,OFFSET TO PROTECT PRIVACY,Central Business District,0.0,0.0
Offence Against a Person,2017,12,23,0,0,OFFSET TO PROTECT PRIVACY,Central Business District,0.0,0.0
Offence Against a Person,2017,5,10,0,0,OFFSET TO PROTECT PRIVACY,Central Business District,0.0,0.0
Offence Against a Person,2017,8,12,0,0,OFFSET TO PROTECT PRIVACY,Central Business District,0.0,0.0
Offence Against a Person,2017,9,4,0,0,OFFSET TO PROTECT PRIVACY,Central Business District,0.0,0.0
Offence Against a Person,2017,4,9,0,0,OFFSET TO PROTECT PRIVACY,Central Business District,0.0,0.0
Offence Against a Person,2017,7,1,0,0,OFFSET TO PROTECT PRIVACY,Central Business District,0.0,0.0
Offence Against a Person,2017,5,13,0,0,OFFSET TO PROTECT PRIVACY,Central Business District,0.0,0.0
Offence Against a Person,2017,5,26,0,0,OFFSET TO PROTECT PRIVACY,Central Business District,0.0,0.0
Offence Against a Person,2017,12,2,0,0,OFFSET TO PROTECT PRIVACY,Central Business District,0.0,0.0
Offence Against a Person,2017,1,17,0,0,OFFSET TO PROTECT PRIVACY,Central Business District,0.0,0.0
Offence Against a Person,2017,6,30,0,0,OFFSET TO PROTECT PRIVACY,Central Business District,0.0,0.0
Offence Against a Person,2017,10,14,0,0,OFFSET TO PROTECT PRIVACY,Central Business District,0.0,0.0
Offence Against a Person,2017,9,18,0,0,OFFSET TO PROTECT PRIVACY,Central Business District,0.0,0.0
Offence Against a Person,2017,10,22,0,0,OFFSET TO PROTECT PRIVACY,Central Business District,0.0,0.0
Offence Against a Person,2017,8,18,0,0,OFFSET TO PROTECT PRIVACY,Central Business District,0.0,0.0
Offence Against a Person,2017,9,9,0,0,OFFSET TO PROTECT PRIVACY,Central Business District,0.0,0.0
Offence Against a Person,2017,9,22,0,0,OFFSET TO PROTECT PRIVACY,Central Business District,0.0,0.0
Offence Against a Person,2017,9,10,0,0,OFFSET TO PROTECT PRIVACY,Central Business District,0.0,0.0
Offence Against a Person,2017,11,28,0,0,OFFSET TO PROTECT PRIVACY,Central Business District,0.0,0.0
Offence Against a Person,2017,8,29,0,0,OFFSET TO PROTECT PRIVACY,Central Business District,0.0,0.0
Offence Against a Person,2017,5,6,0,0,OFFSET TO PROTECT PRIVACY,Central Business District,0.0,0.0
Offence Against a Person,2017,6,16,0,0,OFFSET TO PROTECT PRIVACY,Central Business District,0.0,0.0
Offence Against a Person,2017,7,31,0,0,OFFSET TO PROTECT PRIVACY,Central Business District,0.0,0.0
Offence Against a Person,2017,7,31,0,0,OFFSET TO PROTECT PRIVACY,Central Business District,0.0,0.0
Offence Against a Person,2017,1,13,0,0,OFFSET TO PROTECT PRIVACY,Central Business District,0.0,0.0
Offence Against a Person,2017,4,5,0,0,OFFSET TO PROTECT PRIVACY,Central Business District,0.0,0.0
Offence Against a Person,2017,3,5,0,0,OFFSET TO PROTECT PRIVACY,Central Business District,0.0,0.0
Offence Against a Person,2017,4,6,0,0,OFFSET TO PROTECT PRIVACY,Central Business District,0.0,0.0
Offence Against a Person,2017,11,22,0,0,OFFSET TO PROTECT PRIVACY,Central Business District,0.0,0.0
Offence Against a Person,2017,5,30,0,0,OFFSET TO PROTECT PRIVACY,Central Business District,0.0,0.0
Offence Against a Person,2017,1,28,0,0,OFFSET TO PROTECT PRIVACY,Strathcona,0.0,0.0
Offence Against a Person,2017,9,16,0,0,OFFSET TO PROTECT PRIVACY,Central Business District,0.0,0.0
Offence Against a Person,2017,2,10,0,0,OFFSET TO PROTECT PRIVACY,Central Business District,0.0,0.0
Offence Against a Person,2017,10,28,0,0,OFFSET TO PROTECT PRIVACY,Central Business District,0.0,0.0
Offence Against a Person,2017,4,21,0,0,OFFSET TO PROTECT PRIVACY,Central Business District,0.0,0.0
Offence Against a Person,2017,4,22,0,0,OFFSET TO PROTECT PRIVACY,Central Business District,0.0,0.0
Offence Against a Person,2017,5,20,0,0,OFFSET TO PROTECT PRIVACY,Central Business District,0.0,0.0
Offence Against a Person,2017,9,6,0,0,OFFSET TO PROTECT PRIVACY,Central Business District,0.0,0.0
Offence Against a Person,2017,9,24,0,0,OFFSET TO PROTECT PRIVACY,Central Business District,0.0,0.0
Offence Against a Person,2017,6,29,0,0,OFFSET TO PROTECT PRIVACY,Central Business District,0.0,0.0
Offence Against a Person,2017,10,18,0,0,OFFSET TO PROTECT PRIVACY,Central Business District,0.0,0.0
Offence Against a Person,2017,2,12,0,0,OFFSET TO PROTECT PRIVACY,Central Business District,0.0,0.0
Offence Against a Person,2017,12,6,0,0,OFFSET TO PROTECT PRIVACY,Central Business District,0.0,0.0
Offence Against a Person,2017,2,9,0,0,OFFSET TO PROTECT PRIVACY,Strathcona,0.0,0.0
Offence Against a Person,2017,6,7,0,0,OFFSET TO PROTECT PRIVACY,Central Business District,0.0,0.0
Offence Against a Person,2017,9,20,0,0,OFFSET TO PROTECT PRIVACY,Central Business District,0.0,0.0
Offence Against a Person,2017,1,31,0,0,OFFSET TO PROTECT PRIVACY,Central Business District,0.0,0.0
Offence Against a Person,2017,4,22,0,0,OFFSET TO PROTECT PRIVACY,Central Business District,0.0,0.0
Offence Against a Person,2017,12,21,0,0,OFFSET TO PROTECT PRIVACY,Central Business District,0.0,0.0
Offence Against a Person,2017,6,7,0,0,OFFSET TO PROTECT PRIVACY,Central Business District,0.0,0.0
Offence Against a Person,2017,10,25,0,0,OFFSET TO PROTECT PRIVACY,Central Business District,0.0,0.0
Offence Against a Person,2017,3,9,0,0,OFFSET TO PROTECT PRIVACY,Central Business District,0.0,0.0
Offence Against a Person,2017,4,15,0,0,OFFSET TO PROTECT PRIVACY,Central Business District,0.0,0.0
Offence Against a Person,2017,2,2,0,0,OFFSET TO PROTECT PRIVACY,Central Business District,0.0,0.0
Offence Against a Person,2017,6,29,0,0,OFFSET TO PROTECT PRIVACY,Central Business District,0.0,0.0
Offence Against a Person,2017,1,21,0,0,OFFSET TO PROTECT PRIVACY,Central Business District,0.0,0.0
Offence Against a Person,2017,10,15,0,0,OFFSET TO PROTECT PRIVACY,Central Business District,0.0,0.0
Offence Against a Person,2017,3,27,0,0,OFFSET TO PROTECT PRIVACY,Central Business District,0.0,0.0
Offence Against a Person,2017,1,6,0,0,OFFSET TO PROTECT PRIVACY,Central Business District,0.0,0.0
Offence Against a Person,2017,6,17,0,0,OFFSET TO PROTECT PRIVACY,Central Business District,0.0,0.0
Offence Against a Person,2017,9,1,0,0,OFFSET TO PROTECT PRIVACY,Central Business District,0.0,0.0
Offence Against a Person,2017,8,19,0,0,OFFSET TO PROTECT PRIVACY,Central Business District,0.0,0.0
Offence Against a Person,2017,9,2,0,0,OFFSET TO PROTECT PRIVACY,Central Business District,0.0,0.0
Offence Against a Person,2017,7,17,0,0,OFFSET TO PROTECT PRIVACY,Central Business District,0.0,0.0
Offence Against a Person,2017,3,8,0,0,OFFSET TO PROTECT PRIVACY,Central Business District,0.0,0.0
Offence Against a Person,2017,2,16,0,0,OFFSET TO PROTECT PRIVACY,Central Business District,0.0,0.0
Offence Against a Person,2017,7,16,0,0,OFFSET TO PROTECT PRIVACY,Central Business District,0.0,0.0
Offence Against a Person,2017,11,17,0,0,OFFSET TO PROTECT PRIVACY,Central Business District,0.0,0.0
Offence Against a Person,2017,12,29,0,0,OFFSET TO PROTECT PRIVACY,Central Business District,0.0,0.0
Offence Against a Person,2017,2,3,0,0,OFFSET TO PROTECT PRIVACY,Strathcona,0.0,0.0
Offence Against a Person,2017,3,10,0,0,OFFSET TO PROTECT PRIVACY,Strathcona,0.0,0.0
Offence Against a Person,2017,9,8,0,0,OFFSET TO PROTECT PRIVACY,Central Business District,0.0,0.0
Offence Against a Person,2017,12,2,0,0,OFFSET TO PROTECT PRIVACY,Central Business District,0.0,0.0
Offence Against a Person,2017,3,2,0,0,OFFSET TO PROTECT PRIVACY,Central Business District,0.0,0.0
Offence Against a Person,2017,5,25,0,0,OFFSET TO PROTECT PRIVACY,Central Business District,0.0,0.0
Offence Against a Person,2017,7,7,0,0,OFFSET TO PROTECT PRIVACY,Central Business District,0.0,0.0
Offence Against a Person,2017,10,5,0,0,OFFSET TO PROTECT PRIVACY,Central Business District,0.0,0.0
Offence Against a Person,2017,1,23,0,0,OFFSET TO PROTECT PRIVACY,Central Business District,0.0,0.0
Offence Against a Person,2017,12,29,0,0,OFFSET TO PROTECT PRIVACY,Central Business District,0.0,0.0
Offence Against a Person,2017,10,22,0,0,OFFSET TO PROTECT PRIVACY,Central Business District,0.0,0.0
Offence Against a Person,2017,1,1,0,0,OFFSET TO PROTECT PRIVACY,Central Business District,0.0,0.0
Offence Against a Person,2017,6,25,0,0,OFFSET TO PROTECT PRIVACY,Central Business District,0.0,0.0
Offence Against a Person,2017,9,23,0,0,OFFSET TO PROTECT PRIVACY,Central Business District,0.0,0.0
Offence Against a Person,2017,6,7,0,0,OFFSET TO PROTECT PRIVACY,Strathcona,0.0,0.0
Offence Against a Person,2017,9,1,0,0,OFFSET TO PROTECT PRIVACY,Strathcona,0.0,0.0
Offence Against a Person,2017,12,28,0,0,OFFSET TO PROTECT PRIVACY,Central Business District,0.0,0.0
Offence Against a Person,2017,5,30,0,0,OFFSET TO PROTECT PRIVACY,Strathcona,0.0,0.0
Offence Against a Person,2017,9,30,0,0,OFFSET TO PROTECT PRIVACY,Strathcona,0.0,0.0
Offence Against a Person,2017,4,16,0,0,OFFSET TO PROTECT PRIVACY,Mount Pleasant,0.0,0.0
Offence Against a Person,2017,9,9,0,0,OFFSET TO PROTECT PRIVACY,Central Business District,0.0,0.0
Offence Against a Person,2017,5,5,0,0,OFFSET TO PROTECT PRIVACY,Central Business District,0.0,0.0
Offence Against a Person,2017,8,11,0,0,OFFSET TO PROTECT PRIVACY,Central Business District,0.0,0.0
Offence Against a Person,2017,5,5,0,0,OFFSET TO PROTECT PRIVACY,Central Business District,0.0,0.0
Offence Against a Person,2017,10,20,0,0,OFFSET TO PROTECT PRIVACY,Central Business District,0.0,0.0
Offence Against a Person,2017,2,1,0,0,OFFSET TO PROTECT PRIVACY,Central Business District,0.0,0.0
Offence Against a Person,2017,5,14,0,0,OFFSET TO PROTECT PRIVACY,Central Business District,0.0,0.0
Offence Against a Person,2017,8,6,0,0,OFFSET TO PROTECT PRIVACY,Central Business District,0.0,0.0
Offence Against a Person,2017,4,5,0,0,OFFSET TO PROTECT PRIVACY,Central Business District,0.0,0.0
Offence Against a Person,2017,6,14,0,0,OFFSET TO PROTECT PRIVACY,Central Business District,0.0,0.0
Offence Against a Person,2017,6,29,0,0,OFFSET TO PROTECT PRIVACY,Central Business District,0.0,0.0
Offence Against a Person,2017,7,15,0,0,OFFSET TO PROTECT PRIVACY,Central Business District,0.0,0.0
Offence Against a Person,2017,8,7,0,0,OFFSET TO PROTECT PRIVACY,Central Business District,0.0,0.0
Offence Against a Person,2017,8,30,0,0,OFFSET TO PROTECT PRIVACY,Central Business District,0.0,0.0
Offence Against a Person,2017,9,8,0,0,OFFSET TO PROTECT PRIVACY,Central Business District,0.0,0.0
Offence Against a Person,2017,9,13,0,0,OFFSET TO PROTECT PRIVACY,Central Business District,0.0,0.0
Offence Against a Person,2017,10,11,0,0,OFFSET TO PROTECT PRIVACY,Central Business District,0.0,0.0
Offence Against a Person,2017,12,29,0,0,OFFSET TO PROTECT PRIVACY,Central Business District,0.0,0.0
Offence Against a Person,2017,1,1,0,0,OFFSET TO PROTECT PRIVACY,Strathcona,0.0,0.0
Offence Against a Person,2017,4,9,0,0,OFFSET TO PROTECT PRIVACY,Strathcona,0.0,0.0
Offence Against a Person,2017,6,26,0,0,OFFSET TO PROTECT PRIVACY,Strathcona,0.0,0.0
Offence Against a Person,2017,8,16,0,0,OFFSET TO PROTECT PRIVACY,Strathcona,0.0,0.0
Offence Against a Person,2017,10,14,0,0,OFFSET TO PROTECT PRIVACY,Strathcona,0.0,0.0
Offence Against a Person,2017,11,23,0,0,OFFSET TO PROTECT PRIVACY,Central Business District,0.0,0.0
Offence Against a Person,2017,6,21,0,0,OFFSET TO PROTECT PRIVACY,Strathcona,0.0,0.0
Offence Against a Person,2017,3,18,0,0,OFFSET TO PROTECT PRIVACY,Central Business District,0.0,0.0
Offence Against a Person,2017,12,4,0,0,OFFSET TO PROTECT PRIVACY,Central Business District,0.0,0.0
Offence Against a Person,2017,12,17,0,0,OFFSET TO PROTECT PRIVACY,Central Business District,0.0,0.0
Offence Against a Person,2017,3,4,0,0,OFFSET TO PROTECT PRIVACY,Central Business District,0.0,0.0
Offence Against a Person,2017,3,18,0,0,OFFSET TO PROTECT PRIVACY,Central Business District,0.0,0.0
Offence Against a Person,2017,4,28,0,0,OFFSET TO PROTECT PRIVACY,Central Business District,0.0,0.0
Offence Against a Person,2017,7,30,0,0,OFFSET TO PROTECT PRIVACY,Central Business District,0.0,0.0
Offence Against a Person,2017,8,8,0,0,OFFSET TO PROTECT PRIVACY,Central Business District,0.0,0.0
Offence Against a Person,2017,11,29,0,0,OFFSET TO PROTECT PRIVACY,Central Business District,0.0,0.0
Offence Against a Person,2017,2,8,0,0,OFFSET TO PROTECT PRIVACY,Strathcona,0.0,0.0
Offence Against a Person,2017,10,30,0,0,OFFSET TO PROTECT PRIVACY,Strathcona,0.0,0.0
Offence Against a Person,2017,4,7,0,0,OFFSET TO PROTECT PRIVACY,Central Business District,0.0,0.0
Offence Against a Person,2017,8,23,0,0,OFFSET TO PROTECT PRIVACY,Central Business District,0.0,0.0
Offence Against a Person,2017,10,4,0,0,OFFSET TO PROTECT PRIVACY,Central Business District,0.0,0.0
Offence Against a Person,2017,2,5,0,0,OFFSET TO PROTECT PRIVACY,Strathcona,0.0,0.0
Offence Against a Person,2017,3,1,0,0,OFFSET TO PROTECT PRIVACY,Strathcona,0.0,0.0
Offence Against a Person,2017,7,1,0,0,OFFSET TO PROTECT PRIVACY,Central Business District,0.0,0.0
Offence Against a Person,2017,9,22,0,0,OFFSET TO PROTECT PRIVACY,Central Business District,0.0,0.0
Offence Against a Person,2017,8,11,0,0,OFFSET TO PROTECT PRIVACY,Strathcona,0.0,0.0
Offence Against a Person,2017,1,24,0,0,OFFSET TO PROTECT PRIVACY,Strathcona,0.0,0.0
Offence Against a Person,2017,8,26,0,0,OFFSET TO PROTECT PRIVACY,Strathcona,0.0,0.0
Offence Against a Person,2017,7,1,0,0,OFFSET TO PROTECT PRIVACY,Strathcona,0.0,0.0
Offence Against a Person,2017,8,25,0,0,OFFSET TO PROTECT PRIVACY,Strathcona,0.0,0.0
Offence Against a Person,2017,9,13,0,0,OFFSET TO PROTECT PRIVACY,Strathcona,0.0,0.0
Offence Against a Person,2017,9,26,0,0,OFFSET TO PROTECT PRIVACY,Strathcona,0.0,0.0
Offence Against a Person,2017,11,6,0,0,OFFSET TO PROTECT PRIVACY,Central Business District,0.0,0.0
Offence Against a Person,2017,11,28,0,0,OFFSET TO PROTECT PRIVACY,Central Business District,0.0,0.0
Offence Against a Person,2017,11,22,0,0,OFFSET TO PROTECT PRIVACY,Strathcona,0.0,0.0
Offence Against a Person,2017,1,28,0,0,OFFSET TO PROTECT PRIVACY,Strathcona,0.0,0.0
Offence Against a Person,2017,3,9,0,0,OFFSET TO PROTECT PRIVACY,Strathcona,0.0,0.0
Offence Against a Person,2017,3,11,0,0,OFFSET TO PROTECT PRIVACY,Strathcona,0.0,0.0
Offence Against a Person,2017,3,28,0,0,OFFSET TO PROTECT PRIVACY,Strathcona,0.0,0.0
Offence Against a Person,2017,7,4,0,0,OFFSET TO PROTECT PRIVACY,Strathcona,0.0,0.0
Offence Against a Person,2017,10,15,0,0,OFFSET TO PROTECT PRIVACY,Central Business District,0.0,0.0
Offence Against a Person,2017,9,1,0,0,OFFSET TO PROTECT PRIVACY,Strathcona,0.0,0.0
Offence Against a Person,2017,7,7,0,0,OFFSET TO PROTECT PRIVACY,Strathcona,0.0,0.0
Offence Against a Person,2017,8,9,0,0,OFFSET TO PROTECT PRIVACY,Strathcona,0.0,0.0
Offence Against a Person,2017,12,20,0,0,OFFSET TO PROTECT PRIVACY,Central Business District,0.0,0.0
Offence Against a Person,2017,12,22,0,0,OFFSET TO PROTECT PRIVACY,Strathcona,0.0,0.0
Offence Against a Person,2017,10,26,0,0,OFFSET TO PROTECT PRIVACY,Strathcona,0.0,0.0
Offence Against a Person,2017,11,18,0,0,OFFSET TO PROTECT PRIVACY,Strathcona,0.0,0.0
Offence Against a Person,2017,8,11,0,0,OFFSET TO PROTECT PRIVACY,Strathcona,0.0,0.0
Offence Against a Person,2017,1,16,0,0,OFFSET TO PROTECT PRIVACY,Central Business District,0.0,0.0
Offence Against a Person,2017,10,10,0,0,OFFSET TO PROTECT PRIVACY,Central Business District,0.0,0.0
Offence Against a Person,2017,4,6,0,0,OFFSET TO PROTECT PRIVACY,Strathcona,0.0,0.0
Offence Against a Person,2017,5,8,0,0,OFFSET TO PROTECT PRIVACY,Strathcona,0.0,0.0
Offence Against a Person,2017,6,14,0,0,OFFSET TO PROTECT PRIVACY,Strathcona,0.0,0.0
Offence Against a Person,2017,10,10,0,0,OFFSET TO PROTECT PRIVACY,Strathcona,0.0,0.0
Offence Against a Person,2017,10,20,0,0,OFFSET TO PROTECT PRIVACY,Strathcona,0.0,0.0
Offence Against a Person,2017,12,28,0,0,OFFSET TO PROTECT PRIVACY,Strathcona,0.0,0.0
Offence Against a Person,2017,8,23,0,0,OFFSET TO PROTECT PRIVACY,Central Business District,0.0,0.0
Offence Against a Person,2017,7,19,0,0,OFFSET TO PROTECT PRIVACY,Strathcona,0.0,0.0
Offence Against a Person,2017,8,6,0,0,OFFSET TO PROTECT PRIVACY,Strathcona,0.0,0.0
Offence Against a Person,2017,6,3,0,0,OFFSET TO PROTECT PRIVACY,Strathcona,0.0,0.0
Offence Against a Person,2017,5,11,0,0,OFFSET TO PROTECT PRIVACY,Central Business District,0.0,0.0
Offence Against a Person,2017,5,4,0,0,OFFSET TO PROTECT PRIVACY,Mount Pleasant,0.0,0.0
Offence Against a Person,2017,8,29,0,0,OFFSET TO PROTECT PRIVACY,Strathcona,0.0,0.0
Offence Against a Person,2017,10,12,0,0,OFFSET TO PROTECT PRIVACY,Strathcona,0.0,0.0
Offence Against a Person,2017,9,24,0,0,OFFSET TO PROTECT PRIVACY,Strathcona,0.0,0.0
Offence Against a Person,2017,10,23,0,0,OFFSET TO PROTECT PRIVACY,Strathcona,0.0,0.0
Offence Against a Person,2017,5,20,0,0,OFFSET TO PROTECT PRIVACY,Strathcona,0.0,0.0
Offence Against a Person,2017,5,28,0,0,OFFSET TO PROTECT PRIVACY,Strathcona,0.0,0.0
Offence Against a Person,2017,8,11,0,0,OFFSET TO PROTECT PRIVACY,Strathcona,0.0,0.0
Offence Against a Person,2017,10,14,0,0,OFFSET TO PROTECT PRIVACY,Strathcona,0.0,0.0
Offence Against a Person,2017,12,2,0,0,OFFSET TO PROTECT PRIVACY,Strathcona,0.0,0.0
Offence Against a Person,2017,11,19,0,0,OFFSET TO PROTECT PRIVACY,Central Business District,0.0,0.0
Offence Against a Person,2017,2,22,0,0,OFFSET TO PROTECT PRIVACY,Strathcona,0.0,0.0
Offence Against a Person,2017,2,20,0,0,OFFSET TO PROTECT PRIVACY,Strathcona,0.0,0.0
Offence Against a Person,2017,5,27,0,0,OFFSET TO PROTECT PRIVACY,Strathcona,0.0,0.0
Offence Against a Person,2017,2,17,0,0,OFFSET TO PROTECT PRIVACY,Strathcona,0.0,0.0
Offence Against a Person,2017,8,18,0,0,OFFSET TO PROTECT PRIVACY,Strathcona,0.0,0.0
Offence Against a Person,2017,9,3,0,0,OFFSET TO PROTECT PRIVACY,Strathcona,0.0,0.0
Offence Against a Person,2017,10,31,0,0,OFFSET TO PROTECT PRIVACY,Strathcona,0.0,0.0
Offence Against a Person,2017,9,24,0,0,OFFSET TO PROTECT PRIVACY,Strathcona,0.0,0.0
Offence Against a Person,2017,10,2,0,0,OFFSET TO PROTECT PRIVACY,Strathcona,0.0,0.0
Offence Against a Person,2017,10,6,0,0,OFFSET TO PROTECT PRIVACY,Strathcona,0.0,0.0
Offence Against a Person,2017,2,27,0,0,OFFSET TO PROTECT PRIVACY,Strathcona,0.0,0.0
Offence Against a Person,2017,6,8,0,0,OFFSET TO PROTECT PRIVACY,Strathcona,0.0,0.0
Offence Against a Person,2017,10,21,0,0,OFFSET TO PROTECT PRIVACY,Strathcona,0.0,0.0
Offence Against a Person,2017,9,10,0,0,OFFSET TO PROTECT PRIVACY,Strathcona,0.0,0.0
Offence Against a Person,2017,5,25,0,0,OFFSET TO PROTECT PRIVACY,Strathcona,0.0,0.0
Offence Against a Person,2017,7,27,0,0,OFFSET TO PROTECT PRIVACY,Strathcona,0.0,0.0
Offence Against a Person,2017,4,13,0,0,OFFSET TO PROTECT PRIVACY,Strathcona,0.0,0.0
Offence Against a Person,2017,2,7,0,0,OFFSET TO PROTECT PRIVACY,Strathcona,0.0,0.0
Offence Against a Person,2017,10,16,0,0,OFFSET TO PROTECT PRIVACY,Strathcona,0.0,0.0
Offence Against a Person,2017,5,30,0,0,OFFSET TO PROTECT PRIVACY,Strathcona,0.0,0.0
Offence Against a Person,2017,6,16,0,0,OFFSET TO PROTECT PRIVACY,Strathcona,0.0,0.0
Offence Against a Person,2017,9,10,0,0,OFFSET TO PROTECT PRIVACY,Strathcona,0.0,0.0
Offence Against a Person,2017,6,16,0,0,OFFSET TO PROTECT PRIVACY,Strathcona,0.0,0.0
Offence Against a Person,2017,9,23,0,0,OFFSET TO PROTECT PRIVACY,Strathcona,0.0,0.0
Offence Against a Person,2017,11,18,0,0,OFFSET TO PROTECT PRIVACY,Strathcona,0.0,0.0
Offence Against a Person,2017,12,13,0,0,OFFSET TO PROTECT PRIVACY,Strathcona,0.0,0.0
Offence Against a Person,2017,12,24,0,0,OFFSET TO PROTECT PRIVACY,Strathcona,0.0,0.0
Offence Against a Person,2017,1,29,0,0,OFFSET TO PROTECT PRIVACY,Strathcona,0.0,0.0
Offence Against a Person,2017,3,9,0,0,OFFSET TO PROTECT PRIVACY,Strathcona,0.0,0.0
Offence Against a Person,2017,4,28,0,0,OFFSET TO PROTECT PRIVACY,Strathcona,0.0,0.0
Offence Against a Person,2017,1,21,0,0,OFFSET TO PROTECT PRIVACY,Strathcona,0.0,0.0
Offence Against a Person,2017,3,31,0,0,OFFSET TO PROTECT PRIVACY,Strathcona,0.0,0.0
Offence Against a Person,2017,9,15,0,0,OFFSET TO PROTECT PRIVACY,Strathcona,0.0,0.0
Offence Against a Person,2017,2,6,0,0,OFFSET TO PROTECT PRIVACY,Strathcona,0.0,0.0
Offence Against a Person,2017,11,1,0,0,OFFSET TO PROTECT PRIVACY,Strathcona,0.0,0.0
Offence Against a Person,2017,6,10,0,0,OFFSET TO PROTECT PRIVACY,Strathcona,0.0,0.0
Offence Against a Person,2017,8,26,0,0,OFFSET TO PROTECT PRIVACY,Strathcona,0.0,0.0
Offence Against a Person,2017,12,25,0,0,OFFSET TO PROTECT PRIVACY,Strathcona,0.0,0.0
Offence Against a Person,2017,3,28,0,0,OFFSET TO PROTECT PRIVACY,Strathcona,0.0,0.0
Offence Against a Person,2017,4,7,0,0,OFFSET TO PROTECT PRIVACY,Strathcona,0.0,0.0
Offence Against a Person,2017,7,21,0,0,OFFSET TO PROTECT PRIVACY,Strathcona,0.0,0.0
Offence Against a Person,2017,9,4,0,0,OFFSET TO PROTECT PRIVACY,Strathcona,0.0,0.0
Offence Against a Person,2017,9,30,0,0,OFFSET TO PROTECT PRIVACY,Strathcona,0.0,0.0
Offence Against a Person,2017,4,8,0,0,OFFSET TO PROTECT PRIVACY,Strathcona,0.0,0.0
Offence Against a Person,2017,3,29,0,0,OFFSET TO PROTECT PRIVACY,Strathcona,0.0,0.0
Offence Against a Person,2017,5,31,0,0,OFFSET TO PROTECT PRIVACY,Strathcona,0.0,0.0
Offence Against a Person,2017,9,19,0,0,OFFSET TO PROTECT PRIVACY,Strathcona,0.0,0.0
Offence Against a Person,2017,2,8,0,0,OFFSET TO PROTECT PRIVACY,Strathcona,0.0,0.0
Offence Against a Person,2017,5,17,0,0,OFFSET TO PROTECT PRIVACY,Strathcona,0.0,0.0
Offence Against a Person,2017,12,21,0,0,OFFSET TO PROTECT PRIVACY,Strathcona,0.0,0.0
Offence Against a Person,2017,12,26,0,0,OFFSET TO PROTECT PRIVACY,Strathcona,0.0,0.0
Offence Against a Person,2017,12,31,0,0,OFFSET TO PROTECT PRIVACY,Strathcona,0.0,0.0
Offence Against a Person,2017,8,26,0,0,OFFSET TO PROTECT PRIVACY,Strathcona,0.0,0.0
Offence Against a Person,2017,11,14,0,0,OFFSET TO PROTECT PRIVACY,Strathcona,0.0,0.0
Offence Against a Person,2017,11,6,0,0,OFFSET TO PROTECT PRIVACY,Strathcona,0.0,0.0
Offence Against a Person,2017,5,27,0,0,OFFSET TO PROTECT PRIVACY,Strathcona,0.0,0.0
Offence Against a Person,2017,8,24,0,0,OFFSET TO PROTECT PRIVACY,Strathcona,0.0,0.0
Offence Against a Person,2017,10,2,0,0,OFFSET TO PROTECT PRIVACY,Strathcona,0.0,0.0
Offence Against a Person,2017,7,15,0,0,OFFSET TO PROTECT PRIVACY,Strathcona,0.0,0.0
Offence Against a Person,2017,11,17,0,0,OFFSET TO PROTECT PRIVACY,Strathcona,0.0,0.0
Offence Against a Person,2017,2,6,0,0,OFFSET TO PROTECT PRIVACY,Strathcona,0.0,0.0
Offence Against a Person,2017,2,7,0,0,OFFSET TO PROTECT PRIVACY,Strathcona,0.0,0.0
Offence Against a Person,2017,3,9,0,0,OFFSET TO PROTECT PRIVACY,Strathcona,0.0,0.0
Offence Against a Person,2017,6,6,0,0,OFFSET TO PROTECT PRIVACY,Strathcona,0.0,0.0
Offence Against a Person,2017,2,16,0,0,OFFSET TO PROTECT PRIVACY,Strathcona,0.0,0.0
Offence Against a Person,2017,2,16,0,0,OFFSET TO PROTECT PRIVACY,Strathcona,0.0,0.0
Offence Against a Person,2017,12,19,0,0,OFFSET TO PROTECT PRIVACY,Strathcona,0.0,0.0
Offence Against a Person,2017,7,16,0,0,OFFSET TO PROTECT PRIVACY,Strathcona,0.0,0.0
Offence Against a Person,2017,8,9,0,0,OFFSET TO PROTECT PRIVACY,Strathcona,0.0,0.0
Offence Against a Person,2017,5,22,0,0,OFFSET TO PROTECT PRIVACY,Strathcona,0.0,0.0
Offence Against a Person,2017,6,2,0,0,OFFSET TO PROTECT PRIVACY,Strathcona,0.0,0.0
Offence Against a Person,2017,2,24,0,0,OFFSET TO PROTECT PRIVACY,Strathcona,0.0,0.0
Offence Against a Person,2017,10,12,0,0,OFFSET TO PROTECT PRIVACY,Strathcona,0.0,0.0
Offence Against a Person,2017,6,22,0,0,OFFSET TO PROTECT PRIVACY,Strathcona,0.0,0.0
Offence Against a Person,2017,1,4,0,0,OFFSET TO PROTECT PRIVACY,Strathcona,0.0,0.0
Offence Against a Person,2017,5,31,0,0,OFFSET TO PROTECT PRIVACY,Strathcona,0.0,0.0
Offence Against a Person,2017,2,22,0,0,OFFSET TO PROTECT PRIVACY,Strathcona,0.0,0.0
Offence Against a Person,2017,4,9,0,0,OFFSET TO PROTECT PRIVACY,Strathcona,0.0,0.0
Offence Against a Person,2017,6,29,0,0,OFFSET TO PROTECT PRIVACY,Strathcona,0.0,0.0
Offence Against a Person,2017,12,7,0,0,OFFSET TO PROTECT PRIVACY,Strathcona,0.0,0.0
Offence Against a Person,2017,6,11,0,0,OFFSET TO PROTECT PRIVACY,Strathcona,0.0,0.0
Offence Against a Person,2017,3,9,0,0,OFFSET TO PROTECT PRIVACY,Strathcona,0.0,0.0
Offence Against a Person,2017,2,15,0,0,OFFSET TO PROTECT PRIVACY,Strathcona,0.0,0.0
Offence Against a Person,2017,7,2,0,0,OFFSET TO PROTECT PRIVACY,Strathcona,0.0,0.0
Offence Against a Person,2017,12,5,0,0,OFFSET TO PROTECT PRIVACY,Strathcona,0.0,0.0
Offence Against a Person,2017,4,2,0,0,OFFSET TO PROTECT PRIVACY,Strathcona,0.0,0.0
Offence Against a Person,2017,7,5,0,0,OFFSET TO PROTECT PRIVACY,Strathcona,0.0,0.0
Offence Against a Person,2017,10,8,0,0,OFFSET TO PROTECT PRIVACY,Strathcona,0.0,0.0
Offence Against a Person,2017,3,15,0,0,OFFSET TO PROTECT PRIVACY,Strathcona,0.0,0.0
Offence Against a Person,2017,7,6,0,0,OFFSET TO PROTECT PRIVACY,Strathcona,0.0,0.0
Offence Against a Person,2017,9,9,0,0,OFFSET TO PROTECT PRIVACY,Strathcona,0.0,0.0
Offence Against a Person,2017,9,28,0,0,OFFSET TO PROTECT PRIVACY,Strathcona,0.0,0.0
Offence Against a Person,2017,2,9,0,0,OFFSET TO PROTECT PRIVACY,Strathcona,0.0,0.0
Offence Against a Person,2017,4,6,0,0,OFFSET TO PROTECT PRIVACY,Strathcona,0.0,0.0
Offence Against a Person,2017,12,29,0,0,OFFSET TO PROTECT PRIVACY,Strathcona,0.0,0.0
Offence Against a Person,2017,6,25,0,0,OFFSET TO PROTECT PRIVACY,Strathcona,0.0,0.0
Offence Against a Person,2017,2,13,0,0,OFFSET TO PROTECT PRIVACY,Strathcona,0.0,0.0
Offence Against a Person,2017,7,13,0,0,OFFSET TO PROTECT PRIVACY,Strathcona,0.0,0.0
Offence Against a Person,2017,8,29,0,0,OFFSET TO PROTECT PRIVACY,Strathcona,0.0,0.0
Offence Against a Person,2017,1,6,0,0,OFFSET TO PROTECT PRIVACY,Strathcona,0.0,0.0
Offence Against a Person,2017,2,8,0,0,OFFSET TO PROTECT PRIVACY,Strathcona,0.0,0.0
Offence Against a Person,2017,2,11,0,0,OFFSET TO PROTECT PRIVACY,Strathcona,0.0,0.0
Offence Against a Person,2017,11,5,0,0,OFFSET TO PROTECT PRIVACY,Strathcona,0.0,0.0
Offence Against a Person,2017,4,13,0,0,OFFSET TO PROTECT PRIVACY,Strathcona,0.0,0.0
Offence Against a Person,2017,7,30,0,0,OFFSET TO PROTECT PRIVACY,Strathcona,0.0,0.0
Offence Against a Person,2017,9,21,0,0,OFFSET TO PROTECT PRIVACY,Strathcona,0.0,0.0
Offence Against a Person,2017,11,5,0,0,OFFSET TO PROTECT PRIVACY,Strathcona,0.0,0.0
Offence Against a Person,2017,8,27,0,0,OFFSET TO PROTECT PRIVACY,Strathcona,0.0,0.0
Offence Against a Person,2017,4,4,0,0,OFFSET TO PROTECT PRIVACY,Strathcona,0.0,0.0
Offence Against a Person,2017,5,8,0,0,OFFSET TO PROTECT PRIVACY,Strathcona,0.0,0.0
Offence Against a Person,2017,7,6,0,0,OFFSET TO PROTECT PRIVACY,Strathcona,0.0,0.0
Offence Against a Person,2017,10,17,0,0,OFFSET TO PROTECT PRIVACY,Strathcona,0.0,0.0
Offence Against a Person,2017,3,12,0,0,OFFSET TO PROTECT PRIVACY,Strathcona,0.0,0.0
Offence Against a Person,2017,6,14,0,0,OFFSET TO PROTECT PRIVACY,Strathcona,0.0,0.0
Offence Against a Person,2017,8,25,0,0,OFFSET TO PROTECT PRIVACY,Strathcona,0.0,0.0
Offence Against a Person,2017,10,4,0,0,OFFSET TO PROTECT PRIVACY,Strathcona,0.0,0.0
Offence Against a Person,2017,12,1,0,0,OFFSET TO PROTECT PRIVACY,Strathcona,0.0,0.0
Offence Against a Person,2017,2,1,0,0,OFFSET TO PROTECT PRIVACY,Strathcona,0.0,0.0
Offence Against a Person,2017,12,15,0,0,OFFSET TO PROTECT PRIVACY,Strathcona,0.0,0.0
Offence Against a Person,2017,10,13,0,0,OFFSET TO PROTECT PRIVACY,Strathcona,0.0,0.0
Offence Against a Person,2017,7,9,0,0,OFFSET TO PROTECT PRIVACY,Strathcona,0.0,0.0
Offence Against a Person,2017,11,8,0,0,OFFSET TO PROTECT PRIVACY,Strathcona,0.0,0.0
Offence Against a Person,2017,6,12,0,0,OFFSET TO PROTECT PRIVACY,Strathcona,0.0,0.0
Offence Against a Person,2017,9,28,0,0,OFFSET TO PROTECT PRIVACY,Strathcona,0.0,0.0
Offence Against a Person,2017,5,13,0,0,OFFSET TO PROTECT PRIVACY,Strathcona,0.0,0.0
Offence Against a Person,2017,5,13,0,0,OFFSET TO PROTECT PRIVACY,Strathcona,0.0,0.0
Offence Against a Person,2017,7,29,0,0,OFFSET TO PROTECT PRIVACY,Strathcona,0.0,0.0
Offence Against a Person,2017,10,1,0,0,OFFSET TO PROTECT PRIVACY,Strathcona,0.0,0.0
Offence Against a Person,2017,10,1,0,0,OFFSET TO PROTECT PRIVACY,Strathcona,0.0,0.0
Offence Against a Person,2017,9,1,0,0,OFFSET TO PROTECT PRIVACY,Strathcona,0.0,0.0
Offence Against a Person,2017,5,18,0,0,OFFSET TO PROTECT PRIVACY,Strathcona,0.0,0.0
Offence Against a Person,2017,5,24,0,0,OFFSET TO PROTECT PRIVACY,Strathcona,0.0,0.0
Offence Against a Person,2017,6,22,0,0,OFFSET TO PROTECT PRIVACY,Strathcona,0.0,0.0
Offence Against a Person,2017,7,7,0,0,OFFSET TO PROTECT PRIVACY,Strathcona,0.0,0.0
Offence Against a Person,2017,7,16,0,0,OFFSET TO PROTECT PRIVACY,Strathcona,0.0,0.0
Offence Against a Person,2017,8,8,0,0,OFFSET TO PROTECT PRIVACY,Strathcona,0.0,0.0
Offence Against a Person,2017,6,20,0,0,OFFSET TO PROTECT PRIVACY,Strathcona,0.0,0.0
Offence Against a Person,2017,8,29,0,0,OFFSET TO PROTECT PRIVACY,Strathcona,0.0,0.0
Offence Against a Person,2017,6,3,0,0,OFFSET TO PROTECT PRIVACY,Strathcona,0.0,0.0
Offence Against a Person,2017,4,1,0,0,OFFSET TO PROTECT PRIVACY,Strathcona,0.0,0.0
Offence Against a Person,2017,5,26,0,0,OFFSET TO PROTECT PRIVACY,Strathcona,0.0,0.0
Offence Against a Person,2017,11,12,0,0,OFFSET TO PROTECT PRIVACY,Strathcona,0.0,0.0
Offence Against a Person,2017,5,20,0,0,OFFSET TO PROTECT PRIVACY,Strathcona,0.0,0.0
Offence Against a Person,2017,12,7,0,0,OFFSET TO PROTECT PRIVACY,Strathcona,0.0,0.0
Offence Against a Person,2017,8,1,0,0,OFFSET TO PROTECT PRIVACY,Strathcona,0.0,0.0
Offence Against a Person,2017,1,23,0,0,OFFSET TO PROTECT PRIVACY,Strathcona,0.0,0.0
Offence Against a Person,2017,10,25,0,0,OFFSET TO PROTECT PRIVACY,Strathcona,0.0,0.0
Offence Against a Person,2017,8,9,0,0,OFFSET TO PROTECT PRIVACY,Strathcona,0.0,0.0
Offence Against a Person,2017,8,25,0,0,OFFSET TO PROTECT PRIVACY,Strathcona,0.0,0.0
Offence Against a Person,2017,7,14,0,0,OFFSET TO PROTECT PRIVACY,Strathcona,0.0,0.0
Offence Against a Person,2017,10,24,0,0,OFFSET TO PROTECT PRIVACY,Strathcona,0.0,0.0
Offence Against a Person,2017,10,26,0,0,OFFSET TO PROTECT PRIVACY,Strathcona,0.0,0.0
Offence Against a Person,2017,10,26,0,0,OFFSET TO PROTECT PRIVACY,Strathcona,0.0,0.0
Offence Against a Person,2017,9,6,0,0,OFFSET TO PROTECT PRIVACY,Strathcona,0.0,0.0
Offence Against a Person,2017,12,16,0,0,OFFSET TO PROTECT PRIVACY,Strathcona,0.0,0.0
Offence Against a Person,2017,4,23,0,0,OFFSET TO PROTECT PRIVACY,Strathcona,0.0,0.0
Offence Against a Person,2017,12,18,0,0,OFFSET TO PROTECT PRIVACY,Strathcona,0.0,0.0
Offence Against a Person,2017,8,19,0,0,OFFSET TO PROTECT PRIVACY,Strathcona,0.0,0.0
Offence Against a Person,2017,10,9,0,0,OFFSET TO PROTECT PRIVACY,Strathcona,0.0,0.0
Offence Against a Person,2017,7,9,0,0,OFFSET TO PROTECT PRIVACY,Strathcona,0.0,0.0
Offence Against a Person,2017,12,23,0,0,OFFSET TO PROTECT PRIVACY,Strathcona,0.0,0.0
Offence Against a Person,2017,4,14,0,0,OFFSET TO PROTECT PRIVACY,Strathcona,0.0,0.0
Offence Against a Person,2017,1,24,0,0,OFFSET TO PROTECT PRIVACY,Strathcona,0.0,0.0
Offence Against a Person,2017,8,14,0,0,OFFSET TO PROTECT PRIVACY,Strathcona,0.0,0.0
Offence Against a Person,2017,11,15,0,0,OFFSET TO PROTECT PRIVACY,Strathcona,0.0,0.0
Offence Against a Person,2017,11,22,0,0,OFFSET TO PROTECT PRIVACY,Strathcona,0.0,0.0
Offence Against a Person,2017,3,13,0,0,OFFSET TO PROTECT PRIVACY,Strathcona,0.0,0.0
Offence Against a Person,2017,10,16,0,0,OFFSET TO PROTECT PRIVACY,Strathcona,0.0,0.0
Offence Against a Person,2017,8,29,0,0,OFFSET TO PROTECT PRIVACY,Strathcona,0.0,0.0
Offence Against a Person,2017,5,15,0,0,OFFSET TO PROTECT PRIVACY,Strathcona,0.0,0.0
Offence Against a Person,2017,9,4,0,0,OFFSET TO PROTECT PRIVACY,Strathcona,0.0,0.0
Offence Against a Person,2017,1,1,0,0,OFFSET TO PROTECT PRIVACY,Strathcona,0.0,0.0
Offence Against a Person,2017,8,12,0,0,OFFSET TO PROTECT PRIVACY,Strathcona,0.0,0.0
Offence Against a Person,2017,9,6,0,0,OFFSET TO PROTECT PRIVACY,Strathcona,0.0,0.0
Offence Against a Person,2017,12,25,0,0,OFFSET TO PROTECT PRIVACY,Strathcona,0.0,0.0
Offence Against a Person,2017,5,26,0,0,OFFSET TO PROTECT PRIVACY,Strathcona,0.0,0.0
Offence Against a Person,2017,2,10,0,0,OFFSET TO PROTECT PRIVACY,Strathcona,0.0,0.0
Offence Against a Person,2017,5,4,0,0,OFFSET TO PROTECT PRIVACY,Strathcona,0.0,0.0
Offence Against a Person,2017,2,12,0,0,OFFSET TO PROTECT PRIVACY,Strathcona,0.0,0.0
Offence Against a Person,2017,2,14,0,0,OFFSET TO PROTECT PRIVACY,Strathcona,0.0,0.0
Offence Against a Person,2017,6,16,0,0,OFFSET TO PROTECT PRIVACY,Strathcona,0.0,0.0
Offence Against a Person,2017,1,22,0,0,OFFSET TO PROTECT PRIVACY,Strathcona,0.0,0.0
Offence Against a Person,2017,7,23,0,0,OFFSET TO PROTECT PRIVACY,Strathcona,0.0,0.0
Offence Against a Person,2017,8,28,0,0,OFFSET TO PROTECT PRIVACY,Strathcona,0.0,0.0
Offence Against a Person,2017,1,9,0,0,OFFSET TO PROTECT PRIVACY,Strathcona,0.0,0.0
Offence Against a Person,2017,1,9,0,0,OFFSET TO PROTECT PRIVACY,Strathcona,0.0,0.0
Offence Against a Person,2017,9,11,0,0,OFFSET TO PROTECT PRIVACY,Strathcona,0.0,0.0
Offence Against a Person,2017,5,9,0,0,OFFSET TO PROTECT PRIVACY,Strathcona,0.0,0.0
Offence Against a Person,2017,11,16,0,0,OFFSET TO PROTECT PRIVACY,Strathcona,0.0,0.0
Offence Against a Person,2017,8,1,0,0,OFFSET TO PROTECT PRIVACY,Strathcona,0.0,0.0
Offence Against a Person,2017,2,19,0,0,OFFSET TO PROTECT PRIVACY,Strathcona,0.0,0.0
Offence Against a Person,2017,4,14,0,0,OFFSET TO PROTECT PRIVACY,Strathcona,0.0,0.0
Offence Against a Person,2017,7,6,0,0,OFFSET TO PROTECT PRIVACY,Strathcona,0.0,0.0
Offence Against a Person,2017,11,16,0,0,OFFSET TO PROTECT PRIVACY,Strathcona,0.0,0.0
Offence Against a Person,2017,5,18,0,0,OFFSET TO PROTECT PRIVACY,Strathcona,0.0,0.0
Offence Against a Person,2017,12,9,0,0,OFFSET TO PROTECT PRIVACY,Strathcona,0.0,0.0
Offence Against a Person,2017,6,12,0,0,OFFSET TO PROTECT PRIVACY,Strathcona,0.0,0.0
Offence Against a Person,2017,6,12,0,0,OFFSET TO PROTECT PRIVACY,Strathcona,0.0,0.0
Offence Against a Person,2017,4,27,0,0,OFFSET TO PROTECT PRIVACY,Strathcona,0.0,0.0
Offence Against a Person,2017,1,29,0,0,OFFSET TO PROTECT PRIVACY,Strathcona,0.0,0.0
Offence Against a Person,2017,12,29,0,0,OFFSET TO PROTECT PRIVACY,Strathcona,0.0,0.0
Offence Against a Person,2017,7,17,0,0,OFFSET TO PROTECT PRIVACY,Strathcona,0.0,0.0
Offence Against a Person,2017,4,28,0,0,OFFSET TO PROTECT PRIVACY,Strathcona,0.0,0.0
Offence Against a Person,2017,10,26,0,0,OFFSET TO PROTECT PRIVACY,Strathcona,0.0,0.0
Offence Against a Person,2017,5,18,0,0,OFFSET TO PROTECT PRIVACY,Strathcona,0.0,0.0
Offence Against a Person,2017,12,6,0,0,OFFSET TO PROTECT PRIVACY,Strathcona,0.0,0.0
Offence Against a Person,2017,4,21,0,0,OFFSET TO PROTECT PRIVACY,Strathcona,0.0,0.0
Offence Against a Person,2017,1,31,0,0,OFFSET TO PROTECT PRIVACY,Strathcona,0.0,0.0
Offence Against a Person,2017,2,26,0,0,OFFSET TO PROTECT PRIVACY,Strathcona,0.0,0.0
Offence Against a Person,2017,11,4,0,0,OFFSET TO PROTECT PRIVACY,Strathcona,0.0,0.0
Offence Against a Person,2017,12,17,0,0,OFFSET TO PROTECT PRIVACY,Strathcona,0.0,0.0
Offence Against a Person,2017,2,17,0,0,OFFSET TO PROTECT PRIVACY,Strathcona,0.0,0.0
Offence Against a Person,2017,5,31,0,0,OFFSET TO PROTECT PRIVACY,Strathcona,0.0,0.0
Offence Against a Person,2017,4,1,0,0,OFFSET TO PROTECT PRIVACY,Strathcona,0.0,0.0
Offence Against a Person,2017,11,1,0,0,OFFSET TO PROTECT PRIVACY,Strathcona,0.0,0.0
Offence Against a Person,2017,7,22,0,0,OFFSET TO PROTECT PRIVACY,Strathcona,0.0,0.0
Offence Against a Person,2017,2,6,0,0,OFFSET TO PROTECT PRIVACY,Strathcona,0.0,0.0
Offence Against a Person,2017,10,22,0,0,OFFSET TO PROTECT PRIVACY,Strathcona,0.0,0.0
Offence Against a Person,2017,7,24,0,0,OFFSET TO PROTECT PRIVACY,Strathcona,0.0,0.0
Offence Against a Person,2017,11,3,0,0,OFFSET TO PROTECT PRIVACY,Strathcona,0.0,0.0
Offence Against a Person,2017,12,9,0,0,OFFSET TO PROTECT PRIVACY,Strathcona,0.0,0.0
Offence Against a Person,2017,1,24,0,0,OFFSET TO PROTECT PRIVACY,Strathcona,0.0,0.0
Offence Against a Person,2017,2,11,0,0,OFFSET TO PROTECT PRIVACY,Strathcona,0.0,0.0
Offence Against a Person,2017,3,20,0,0,OFFSET TO PROTECT PRIVACY,Strathcona,0.0,0.0
Offence Against a Person,2017,10,20,0,0,OFFSET TO PROTECT PRIVACY,Strathcona,0.0,0.0
Offence Against a Person,2017,9,21,0,0,OFFSET TO PROTECT PRIVACY,Strathcona,0.0,0.0
Offence Against a Person,2017,1,11,0,0,OFFSET TO PROTECT PRIVACY,Strathcona,0.0,0.0
Offence Against a Person,2017,8,27,0,0,OFFSET TO PROTECT PRIVACY,Strathcona,0.0,0.0
Offence Against a Person,2017,11,25,0,0,OFFSET TO PROTECT PRIVACY,Strathcona,0.0,0.0
Offence Against a Person,2017,3,26,0,0,OFFSET TO PROTECT PRIVACY,Strathcona,0.0,0.0
Offence Against a Person,2017,5,10,0,0,OFFSET TO PROTECT PRIVACY,Strathcona,0.0,0.0
Offence Against a Person,2017,4,18,0,0,OFFSET TO PROTECT PRIVACY,Strathcona,0.0,0.0
Offence Against a Person,2017,5,13,0,0,OFFSET TO PROTECT PRIVACY,Strathcona,0.0,0.0
Offence Against a Person,2017,6,8,0,0,OFFSET TO PROTECT PRIVACY,Strathcona,0.0,0.0
Offence Against a Person,2017,11,28,0,0,OFFSET TO PROTECT PRIVACY,Strathcona,0.0,0.0
Offence Against a Person,2017,12,18,0,0,OFFSET TO PROTECT PRIVACY,Strathcona,0.0,0.0
Offence Against a Person,2017,9,18,0,0,OFFSET TO PROTECT PRIVACY,Strathcona,0.0,0.0
Offence Against a Person,2017,9,22,0,0,OFFSET TO PROTECT PRIVACY,Strathcona,0.0,0.0
Offence Against a Person,2017,8,28,0,0,OFFSET TO PROTECT PRIVACY,Strathcona,0.0,0.0
Offence Against a Person,2017,9,4,0,0,OFFSET TO PROTECT PRIVACY,Strathcona,0.0,0.0
Offence Against a Person,2017,11,2,0,0,OFFSET TO PROTECT PRIVACY,Strathcona,0.0,0.0
Offence Against a Person,2017,1,12,0,0,OFFSET TO PROTECT PRIVACY,Strathcona,0.0,0.0
Offence Against a Person,2017,4,27,0,0,OFFSET TO PROTECT PRIVACY,Strathcona,0.0,0.0
Offence Against a Person,2017,2,5,0,0,OFFSET TO PROTECT PRIVACY,Strathcona,0.0,0.0
Offence Against a Person,2017,2,11,0,0,OFFSET TO PROTECT PRIVACY,Strathcona,0.0,0.0
Offence Against a Person,2017,4,27,0,0,OFFSET TO PROTECT PRIVACY,Strathcona,0.0,0.0
Offence Against a Person,2017,6,17,0,0,OFFSET TO PROTECT PRIVACY,Strathcona,0.0,0.0
Offence Against a Person,2017,10,25,0,0,OFFSET TO PROTECT PRIVACY,Strathcona,0.0,0.0
Offence Against a Person,2017,6,1,0,0,OFFSET TO PROTECT PRIVACY,Strathcona,0.0,0.0
Offence Against a Person,2017,6,23,0,0,OFFSET TO PROTECT PRIVACY,Strathcona,0.0,0.0
Offence Against a Person,2017,8,16,0,0,OFFSET TO PROTECT PRIVACY,Strathcona,0.0,0.0
Offence Against a Person,2017,8,11,0,0,OFFSET TO PROTECT PRIVACY,Strathcona,0.0,0.0
Offence Against a Person,2017,9,17,0,0,OFFSET TO PROTECT PRIVACY,Strathcona,0.0,0.0
Offence Against a Person,2017,9,19,0,0,OFFSET TO PROTECT PRIVACY,Strathcona,0.0,0.0
Offence Against a Person,2017,10,21,0,0,OFFSET TO PROTECT PRIVACY,Strathcona,0.0,0.0
Offence Against a Person,2017,8,14,0,0,OFFSET TO PROTECT PRIVACY,Mount Pleasant,0.0,0.0
Offence Against a Person,2017,10,1,0,0,OFFSET TO PROTECT PRIVACY,Strathcona,0.0,0.0
Offence Against a Person,2017,12,15,0,0,OFFSET TO PROTECT PRIVACY,Strathcona,0.0,0.0
Offence Against a Person,2017,12,29,0,0,OFFSET TO PROTECT PRIVACY,Strathcona,0.0,0.0
Offence Against a Person,2017,9,6,0,0,OFFSET TO PROTECT PRIVACY,Strathcona,0.0,0.0
Offence Against a Person,2017,9,12,0,0,OFFSET TO PROTECT PRIVACY,Strathcona,0.0,0.0
Offence Against a Person,2017,10,23,0,0,OFFSET TO PROTECT PRIVACY,Strathcona,0.0,0.0
Offence Against a Person,2017,5,20,0,0,OFFSET TO PROTECT PRIVACY,Strathcona,0.0,0.0
Offence Against a Person,2017,7,23,0,0,OFFSET TO PROTECT PRIVACY,Strathcona,0.0,0.0
Offence Against a Person,2017,11,17,0,0,OFFSET TO PROTECT PRIVACY,Strathcona,0.0,0.0
Offence Against a Person,2017,12,20,0,0,OFFSET TO PROTECT PRIVACY,Strathcona,0.0,0.0
Offence Against a Person,2017,6,8,0,0,OFFSET TO PROTECT PRIVACY,Strathcona,0.0,0.0
Offence Against a Person,2017,11,29,0,0,OFFSET TO PROTECT PRIVACY,Strathcona,0.0,0.0
Offence Against a Person,2017,8,4,0,0,OFFSET TO PROTECT PRIVACY,Strathcona,0.0,0.0
Offence Against a Person,2017,1,29,0,0,OFFSET TO PROTECT PRIVACY,Strathcona,0.0,0.0
Offence Against a Person,2017,2,7,0,0,OFFSET TO PROTECT PRIVACY,Strathcona,0.0,0.0
Offence Against a Person,2017,8,29,0,0,OFFSET TO PROTECT PRIVACY,Strathcona,0.0,0.0
Offence Against a Person,2017,10,16,0,0,OFFSET TO PROTECT PRIVACY,Strathcona,0.0,0.0
Offence Against a Person,2017,6,8,0,0,OFFSET TO PROTECT PRIVACY,Strathcona,0.0,0.0
Offence Against a Person,2017,6,29,0,0,OFFSET TO PROTECT PRIVACY,Strathcona,0.0,0.0
Offence Against a Person,2017,9,7,0,0,OFFSET TO PROTECT PRIVACY,Strathcona,0.0,0.0
Offence Against a Person,2017,5,19,0,0,OFFSET TO PROTECT PRIVACY,Strathcona,0.0,0.0
Offence Against a Person,2017,2,23,0,0,OFFSET TO PROTECT PRIVACY,Strathcona,0.0,0.0
Offence Against a Person,2017,9,5,0,0,OFFSET TO PROTECT PRIVACY,Strathcona,0.0,0.0
Offence Against a Person,2017,1,14,0,0,OFFSET TO PROTECT PRIVACY,Strathcona,0.0,0.0
Offence Against a Person,2017,10,19,0,0,OFFSET TO PROTECT PRIVACY,Strathcona,0.0,0.0
Offence Against a Person,2017,9,16,0,0,OFFSET TO PROTECT PRIVACY,Strathcona,0.0,0.0
Offence Against a Person,2017,2,7,0,0,OFFSET TO PROTECT PRIVACY,Strathcona,0.0,0.0
Offence Against a Person,2017,6,27,0,0,OFFSET TO PROTECT PRIVACY,Strathcona,0.0,0.0
Offence Against a Person,2017,11,1,0,0,OFFSET TO PROTECT PRIVACY,Strathcona,0.0,0.0
Offence Against a Person,2017,9,6,0,0,OFFSET TO PROTECT PRIVACY,Strathcona,0.0,0.0
Offence Against a Person,2017,4,3,0,0,OFFSET TO PROTECT PRIVACY,Strathcona,0.0,0.0
Offence Against a Person,2017,3,31,0,0,OFFSET TO PROTECT PRIVACY,Strathcona,0.0,0.0
Offence Against a Person,2017,3,31,0,0,OFFSET TO PROTECT PRIVACY,Strathcona,0.0,0.0
Offence Against a Person,2017,1,11,0,0,OFFSET TO PROTECT PRIVACY,Strathcona,0.0,0.0
Offence Against a Person,2017,7,6,0,0,OFFSET TO PROTECT PRIVACY,Strathcona,0.0,0.0
Offence Against a Person,2017,12,29,0,0,OFFSET TO PROTECT PRIVACY,Strathcona,0.0,0.0
Offence Against a Person,2017,2,21,0,0,OFFSET TO PROTECT PRIVACY,Strathcona,0.0,0.0
Offence Against a Person,2017,5,15,0,0,OFFSET TO PROTECT PRIVACY,Strathcona,0.0,0.0
Offence Against a Person,2017,12,29,0,0,OFFSET TO PROTECT PRIVACY,Strathcona,0.0,0.0
Offence Against a Person,2017,12,28,0,0,OFFSET TO PROTECT PRIVACY,Strathcona,0.0,0.0
Offence Against a Person,2017,10,21,0,0,OFFSET TO PROTECT PRIVACY,Strathcona,0.0,0.0
Offence Against a Person,2017,10,22,0,0,OFFSET TO PROTECT PRIVACY,Strathcona,0.0,0.0
Offence Against a Person,2017,8,7,0,0,OFFSET TO PROTECT PRIVACY,Strathcona,0.0,0.0
Offence Against a Person,2017,3,22,0,0,OFFSET TO PROTECT PRIVACY,Strathcona,0.0,0.0
Offence Against a Person,2017,8,2,0,0,OFFSET TO PROTECT PRIVACY,Strathcona,0.0,0.0
Offence Against a Person,2017,9,22,0,0,OFFSET TO PROTECT PRIVACY,Strathcona,0.0,0.0
Offence Against a Person,2017,5,31,0,0,OFFSET TO PROTECT PRIVACY,Strathcona,0.0,0.0
Offence Against a Person,2017,7,3,0,0,OFFSET TO PROTECT PRIVACY,Strathcona,0.0,0.0
Offence Against a Person,2017,7,8,0,0,OFFSET TO PROTECT PRIVACY,Strathcona,0.0,0.0
Offence Against a Person,2017,11,9,0,0,OFFSET TO PROTECT PRIVACY,Strathcona,0.0,0.0
Offence Against a Person,2017,9,14,0,0,OFFSET TO PROTECT PRIVACY,Strathcona,0.0,0.0
Offence Against a Person,2017,10,29,0,0,OFFSET TO PROTECT PRIVACY,Strathcona,0.0,0.0
Offence Against a Person,2017,7,11,0,0,OFFSET TO PROTECT PRIVACY,Strathcona,0.0,0.0
Offence Against a Person,2017,8,29,0,0,OFFSET TO PROTECT PRIVACY,Strathcona,0.0,0.0
Offence Against a Person,2017,11,21,0,0,OFFSET TO PROTECT PRIVACY,Strathcona,0.0,0.0
Offence Against a Person,2017,4,19,0,0,OFFSET TO PROTECT PRIVACY,Strathcona,0.0,0.0
Offence Against a Person,2017,7,30,0,0,OFFSET TO PROTECT PRIVACY,Strathcona,0.0,0.0
Offence Against a Person,2017,8,5,0,0,OFFSET TO PROTECT PRIVACY,Strathcona,0.0,0.0
Offence Against a Person,2017,10,7,0,0,OFFSET TO PROTECT PRIVACY,Strathcona,0.0,0.0
Offence Against a Person,2017,4,15,0,0,OFFSET TO PROTECT PRIVACY,Strathcona,0.0,0.0
Offence Against a Person,2017,6,22,0,0,OFFSET TO PROTECT PRIVACY,Strathcona,0.0,0.0
Offence Against a Person,2017,9,30,0,0,OFFSET TO PROTECT PRIVACY,Strathcona,0.0,0.0
Offence Against a Person,2017,3,4,0,0,OFFSET TO PROTECT PRIVACY,Strathcona,0.0,0.0
Offence Against a Person,2017,5,3,0,0,OFFSET TO PROTECT PRIVACY,Strathcona,0.0,0.0
Offence Against a Person,2017,11,22,0,0,OFFSET TO PROTECT PRIVACY,Strathcona,0.0,0.0
Offence Against a Person,2017,6,10,0,0,OFFSET TO PROTECT PRIVACY,Strathcona,0.0,0.0
Offence Against a Person,2017,12,20,0,0,OFFSET TO PROTECT PRIVACY,Strathcona,0.0,0.0
Offence Against a Person,2017,7,27,0,0,OFFSET TO PROTECT PRIVACY,Strathcona,0.0,0.0
Offence Against a Person,2017,6,14,0,0,OFFSET TO PROTECT PRIVACY,Strathcona,0.0,0.0
Offence Against a Person,2017,8,3,0,0,OFFSET TO PROTECT PRIVACY,Strathcona,0.0,0.0
Offence Against a Person,2017,1,28,0,0,OFFSET TO PROTECT PRIVACY,Strathcona,0.0,0.0
Offence Against a Person,2017,8,25,0,0,OFFSET TO PROTECT PRIVACY,Strathcona,0.0,0.0
Offence Against a Person,2017,12,15,0,0,OFFSET TO PROTECT PRIVACY,Strathcona,0.0,0.0
Offence Against a Person,2017,12,20,0,0,OFFSET TO PROTECT PRIVACY,Strathcona,0.0,0.0
Offence Against a Person,2017,11,16,0,0,OFFSET TO PROTECT PRIVACY,Strathcona,0.0,0.0
Offence Against a Person,2017,1,29,0,0,OFFSET TO PROTECT PRIVACY,Strathcona,0.0,0.0
Offence Against a Person,2017,5,19,0,0,OFFSET TO PROTECT PRIVACY,Strathcona,0.0,0.0
Offence Against a Person,2017,11,3,0,0,OFFSET TO PROTECT PRIVACY,Strathcona,0.0,0.0
Offence Against a Person,2017,11,20,0,0,OFFSET TO PROTECT PRIVACY,Strathcona,0.0,0.0
Offence Against a Person,2017,12,17,0,0,OFFSET TO PROTECT PRIVACY,Strathcona,0.0,0.0
Offence Against a Person,2017,6,23,0,0,OFFSET TO PROTECT PRIVACY,Strathcona,0.0,0.0
Offence Against a Person,2017,11,1,0,0,OFFSET TO PROTECT PRIVACY,Strathcona,0.0,0.0
Offence Against a Person,2017,5,14,0,0,OFFSET TO PROTECT PRIVACY,Strathcona,0.0,0.0
Offence Against a Person,2017,6,6,0,0,OFFSET TO PROTECT PRIVACY,Strathcona,0.0,0.0
Offence Against a Person,2017,8,25,0,0,OFFSET TO PROTECT PRIVACY,Strathcona,0.0,0.0
Offence Against a Person,2017,1,11,0,0,OFFSET TO PROTECT PRIVACY,Strathcona,0.0,0.0
Offence Against a Person,2017,8,25,0,0,OFFSET TO PROTECT PRIVACY,Strathcona,0.0,0.0
Offence Against a Person,2017,11,12,0,0,OFFSET TO PROTECT PRIVACY,Strathcona,0.0,0.0
Offence Against a Person,2017,4,5,0,0,OFFSET TO PROTECT PRIVACY,Strathcona,0.0,0.0
Offence Against a Person,2017,6,21,0,0,OFFSET TO PROTECT PRIVACY,Strathcona,0.0,0.0
Offence Against a Person,2017,10,20,0,0,OFFSET TO PROTECT PRIVACY,Strathcona,0.0,0.0
Offence Against a Person,2017,5,8,0,0,OFFSET TO PROTECT PRIVACY,Strathcona,0.0,0.0
Offence Against a Person,2017,7,15,0,0,OFFSET TO PROTECT PRIVACY,Strathcona,0.0,0.0
Offence Against a Person,2017,10,4,0,0,OFFSET TO PROTECT PRIVACY,Strathcona,0.0,0.0
Offence Against a Person,2017,7,11,0,0,OFFSET TO PROTECT PRIVACY,Strathcona,0.0,0.0
Offence Against a Person,2017,12,18,0,0,OFFSET TO PROTECT PRIVACY,Strathcona,0.0,0.0
Offence Against a Person,2017,1,2,0,0,OFFSET TO PROTECT PRIVACY,Strathcona,0.0,0.0
Offence Against a Person,2017,3,25,0,0,OFFSET TO PROTECT PRIVACY,Strathcona,0.0,0.0
Offence Against a Person,2017,10,13,0,0,OFFSET TO PROTECT PRIVACY,Strathcona,0.0,0.0
Offence Against a Person,2017,1,2,0,0,OFFSET TO PROTECT PRIVACY,Strathcona,0.0,0.0
Offence Against a Person,2017,7,9,0,0,OFFSET TO PROTECT PRIVACY,Strathcona,0.0,0.0
Offence Against a Person,2017,11,2,0,0,OFFSET TO PROTECT PRIVACY,Strathcona,0.0,0.0
Offence Against a Person,2017,5,25,0,0,OFFSET TO PROTECT PRIVACY,Strathcona,0.0,0.0
Offence Against a Person,2017,8,22,0,0,OFFSET TO PROTECT PRIVACY,Strathcona,0.0,0.0
Offence Against a Person,2017,8,19,0,0,OFFSET TO PROTECT PRIVACY,Strathcona,0.0,0.0
Offence Against a Person,2017,3,5,0,0,OFFSET TO PROTECT PRIVACY,Strathcona,0.0,0.0
Offence Against a Person,2017,7,27,0,0,OFFSET TO PROTECT PRIVACY,Strathcona,0.0,0.0
Offence Against a Person,2017,11,6,0,0,OFFSET TO PROTECT PRIVACY,Strathcona,0.0,0.0
Offence Against a Person,2017,5,27,0,0,OFFSET TO PROTECT PRIVACY,Strathcona,0.0,0.0
Offence Against a Person,2017,11,17,0,0,OFFSET TO PROTECT PRIVACY,Strathcona,0.0,0.0
Offence Against a Person,2017,7,30,0,0,OFFSET TO PROTECT PRIVACY,Strathcona,0.0,0.0
Offence Against a Person,2017,6,4,0,0,OFFSET TO PROTECT PRIVACY,Strathcona,0.0,0.0
Offence Against a Person,2017,8,23,0,0,OFFSET TO PROTECT PRIVACY,Strathcona,0.0,0.0
Offence Against a Person,2017,1,23,0,0,OFFSET TO PROTECT PRIVACY,Strathcona,0.0,0.0
Offence Against a Person,2017,11,12,0,0,OFFSET TO PROTECT PRIVACY,Strathcona,0.0,0.0
Offence Against a Person,2017,9,2,0,0,OFFSET TO PROTECT PRIVACY,Strathcona,0.0,0.0
Offence Against a Person,2017,7,6,0,0,OFFSET TO PROTECT PRIVACY,Strathcona,0.0,0.0
Offence Against a Person,2017,4,2,0,0,OFFSET TO PROTECT PRIVACY,Strathcona,0.0,0.0
Offence Against a Person,2017,12,24,0,0,OFFSET TO PROTECT PRIVACY,Strathcona,0.0,0.0
Offence Against a Person,2017,8,1,0,0,OFFSET TO PROTECT PRIVACY,Strathcona,0.0,0.0
Offence Against a Person,2017,9,2,0,0,OFFSET TO PROTECT PRIVACY,Strathcona,0.0,0.0
Offence Against a Person,2017,1,1,0,0,OFFSET TO PROTECT PRIVACY,Strathcona,0.0,0.0
Offence Against a Person,2017,6,15,0,0,OFFSET TO PROTECT PRIVACY,Strathcona,0.0,0.0
Offence Against a Person,2017,3,26,0,0,OFFSET TO PROTECT PRIVACY,Strathcona,0.0,0.0
Offence Against a Person,2017,9,1,0,0,OFFSET TO PROTECT PRIVACY,Strathcona,0.0,0.0
Offence Against a Person,2017,9,7,0,0,OFFSET TO PROTECT PRIVACY,Strathcona,0.0,0.0
Offence Against a Person,2017,9,1,0,0,OFFSET TO PROTECT PRIVACY,Strathcona,0.0,0.0
Offence Against a Person,2017,4,7,0,0,OFFSET TO PROTECT PRIVACY,Strathcona,0.0,0.0
Offence Against a Person,2017,5,27,0,0,OFFSET TO PROTECT PRIVACY,Strathcona,0.0,0.0
Offence Against a Person,2017,1,15,0,0,OFFSET TO PROTECT PRIVACY,Strathcona,0.0,0.0
Offence Against a Person,2017,11,24,0,0,OFFSET TO PROTECT PRIVACY,Strathcona,0.0,0.0
Offence Against a Person,2017,2,24,0,0,OFFSET TO PROTECT PRIVACY,Strathcona,0.0,0.0
Offence Against a Person,2017,7,9,0,0,OFFSET TO PROTECT PRIVACY,Strathcona,0.0,0.0
Offence Against a Person,2017,11,2,0,0,OFFSET TO PROTECT PRIVACY,Strathcona,0.0,0.0
Offence Against a Person,2017,5,25,0,0,OFFSET TO PROTECT PRIVACY,Strathcona,0.0,0.0
Offence Against a Person,2017,9,3,0,0,OFFSET TO PROTECT PRIVACY,Strathcona,0.0,0.0
Offence Against a Person,2017,9,9,0,0,OFFSET TO PROTECT PRIVACY,Strathcona,0.0,0.0
Offence Against a Person,2017,1,14,0,0,OFFSET TO PROTECT PRIVACY,Strathcona,0.0,0.0
Offence Against a Person,2017,1,22,0,0,OFFSET TO PROTECT PRIVACY,Strathcona,0.0,0.0
Offence Against a Person,2017,11,7,0,0,OFFSET TO PROTECT PRIVACY,Strathcona,0.0,0.0
Offence Against a Person,2017,1,22,0,0,OFFSET TO PROTECT PRIVACY,Strathcona,0.0,0.0
Offence Against a Person,2017,3,17,0,0,OFFSET TO PROTECT PRIVACY,Strathcona,0.0,0.0
Offence Against a Person,2017,5,10,0,0,OFFSET TO PROTECT PRIVACY,Strathcona,0.0,0.0
Offence Against a Person,2017,10,8,0,0,OFFSET TO PROTECT PRIVACY,Strathcona,0.0,0.0
Offence Against a Person,2017,11,7,0,0,OFFSET TO PROTECT PRIVACY,Strathcona,0.0,0.0
Offence Against a Person,2017,11,15,0,0,OFFSET TO PROTECT PRIVACY,Strathcona,0.0,0.0
Offence Against a Person,2017,11,29,0,0,OFFSET TO PROTECT PRIVACY,Strathcona,0.0,0.0
Offence Against a Person,2017,5,31,0,0,OFFSET TO PROTECT PRIVACY,Strathcona,0.0,0.0
Offence Against a Person,2017,8,21,0,0,OFFSET TO PROTECT PRIVACY,Strathcona,0.0,0.0
Offence Against a Person,2017,9,12,0,0,OFFSET TO PROTECT PRIVACY,Strathcona,0.0,0.0
Offence Against a Person,2017,3,18,0,0,OFFSET TO PROTECT PRIVACY,Strathcona,0.0,0.0
Offence Against a Person,2017,8,1,0,0,OFFSET TO PROTECT PRIVACY,Strathcona,0.0,0.0
Offence Against a Person,2017,4,17,0,0,OFFSET TO PROTECT PRIVACY,Strathcona,0.0,0.0
Offence Against a Person,2017,10,7,0,0,OFFSET TO PROTECT PRIVACY,Strathcona,0.0,0.0
Offence Against a Person,2017,11,27,0,0,OFFSET TO PROTECT PRIVACY,Strathcona,0.0,0.0
Offence Against a Person,2017,9,5,0,0,OFFSET TO PROTECT PRIVACY,Strathcona,0.0,0.0
Offence Against a Person,2017,6,24,0,0,OFFSET TO PROTECT PRIVACY,Strathcona,0.0,0.0
Offence Against a Person,2017,8,12,0,0,OFFSET TO PROTECT PRIVACY,Strathcona,0.0,0.0
Offence Against a Person,2017,12,13,0,0,OFFSET TO PROTECT PRIVACY,Strathcona,0.0,0.0
Offence Against a Person,2017,12,31,0,0,OFFSET TO PROTECT PRIVACY,Strathcona,0.0,0.0
Offence Against a Person,2017,4,13,0,0,OFFSET TO PROTECT PRIVACY,Strathcona,0.0,0.0
Offence Against a Person,2017,12,31,0,0,OFFSET TO PROTECT PRIVACY,Strathcona,0.0,0.0
Offence Against a Person,2017,11,24,0,0,OFFSET TO PROTECT PRIVACY,Strathcona,0.0,0.0
Offence Against a Person,2017,1,1,0,0,OFFSET TO PROTECT PRIVACY,Grandview-Woodland,0.0,0.0
Offence Against a Person,2017,1,10,0,0,OFFSET TO PROTECT PRIVACY,Strathcona,0.0,0.0
Offence Against a Person,2017,3,7,0,0,OFFSET TO PROTECT PRIVACY,Strathcona,0.0,0.0
Offence Against a Person,2017,4,7,0,0,OFFSET TO PROTECT PRIVACY,Grandview-Woodland,0.0,0.0
Offence Against a Person,2017,7,12,0,0,OFFSET TO PROTECT PRIVACY,Grandview-Woodland,0.0,0.0
Offence Against a Person,2017,11,29,0,0,OFFSET TO PROTECT PRIVACY,Grandview-Woodland,0.0,0.0
Offence Against a Person,2017,3,17,0,0,OFFSET TO PROTECT PRIVACY,Grandview-Woodland,0.0,0.0
Offence Against a Person,2017,9,27,0,0,OFFSET TO PROTECT PRIVACY,Strathcona,0.0,0.0
Offence Against a Person,2017,6,7,0,0,OFFSET TO PROTECT PRIVACY,Grandview-Woodland,0.0,0.0
Offence Against a Person,2017,7,15,0,0,OFFSET TO PROTECT PRIVACY,Grandview-Woodland,0.0,0.0
Offence Against a Person,2017,6,28,0,0,OFFSET TO PROTECT PRIVACY,Grandview-Woodland,0.0,0.0
Offence Against a Person,2017,1,18,0,0,OFFSET TO PROTECT PRIVACY,Grandview-Woodland,0.0,0.0
Offence Against a Person,2017,8,26,0,0,OFFSET TO PROTECT PRIVACY,Strathcona,0.0,0.0
Offence Against a Person,2017,3,10,0,0,OFFSET TO PROTECT PRIVACY,Grandview-Woodland,0.0,0.0
Offence Against a Person,2017,4,18,0,0,OFFSET TO PROTECT PRIVACY,Grandview-Woodland,0.0,0.0
Offence Against a Person,2017,5,4,0,0,OFFSET TO PROTECT PRIVACY,Grandview-Woodland,0.0,0.0
Offence Against a Person,2017,7,6,0,0,OFFSET TO PROTECT PRIVACY,Grandview-Woodland,0.0,0.0
Offence Against a Person,2017,10,7,0,0,OFFSET TO PROTECT PRIVACY,Strathcona,0.0,0.0
Offence Against a Person,2017,5,8,0,0,OFFSET TO PROTECT PRIVACY,Strathcona,0.0,0.0
Offence Against a Person,2017,1,1,0,0,OFFSET TO PROTECT PRIVACY,Grandview-Woodland,0.0,0.0
Offence Against a Person,2017,12,17,0,0,OFFSET TO PROTECT PRIVACY,Grandview-Woodland,0.0,0.0
Offence Against a Person,2017,8,12,0,0,OFFSET TO PROTECT PRIVACY,Grandview-Woodland,0.0,0.0
Offence Against a Person,2017,2,26,0,0,OFFSET TO PROTECT PRIVACY,Grandview-Woodland,0.0,0.0
Offence Against a Person,2017,2,4,0,0,OFFSET TO PROTECT PRIVACY,Grandview-Woodland,0.0,0.0
Offence Against a Person,2017,5,24,0,0,OFFSET TO PROTECT PRIVACY,Grandview-Woodland,0.0,0.0
Offence Against a Person,2017,4,25,0,0,OFFSET TO PROTECT PRIVACY,Grandview-Woodland,0.0,0.0
Offence Against a Person,2017,11,13,0,0,OFFSET TO PROTECT PRIVACY,Grandview-Woodland,0.0,0.0
Offence Against a Person,2017,2,25,0,0,OFFSET TO PROTECT PRIVACY,Grandview-Woodland,0.0,0.0
Offence Against a Person,2017,8,24,0,0,OFFSET TO PROTECT PRIVACY,Grandview-Woodland,0.0,0.0
Offence Against a Person,2017,1,12,0,0,OFFSET TO PROTECT PRIVACY,Grandview-Woodland,0.0,0.0
Offence Against a Person,2017,10,17,0,0,OFFSET TO PROTECT PRIVACY,Grandview-Woodland,0.0,0.0
Offence Against a Person,2017,3,31,0,0,OFFSET TO PROTECT PRIVACY,Grandview-Woodland,0.0,0.0
Offence Against a Person,2017,10,12,0,0,OFFSET TO PROTECT PRIVACY,Grandview-Woodland,0.0,0.0
Offence Against a Person,2017,2,20,0,0,OFFSET TO PROTECT PRIVACY,Grandview-Woodland,0.0,0.0
Offence Against a Person,2017,12,20,0,0,OFFSET TO PROTECT PRIVACY,Grandview-Woodland,0.0,0.0
Offence Against a Person,2017,5,21,0,0,OFFSET TO PROTECT PRIVACY,Grandview-Woodland,0.0,0.0
Offence Against a Person,2017,4,27,0,0,OFFSET TO PROTECT PRIVACY,Grandview-Woodland,0.0,0.0
Offence Against a Person,2017,1,1,0,0,OFFSET TO PROTECT PRIVACY,Grandview-Woodland,0.0,0.0
Offence Against a Person,2017,12,29,0,0,OFFSET TO PROTECT PRIVACY,Grandview-Woodland,0.0,0.0
Offence Against a Person,2017,1,11,0,0,OFFSET TO PROTECT PRIVACY,Grandview-Woodland,0.0,0.0
Offence Against a Person,2017,8,14,0,0,OFFSET TO PROTECT PRIVACY,Grandview-Woodland,0.0,0.0
Offence Against a Person,2017,10,18,0,0,OFFSET TO PROTECT PRIVACY,Grandview-Woodland,0.0,0.0
Offence Against a Person,2017,5,8,0,0,OFFSET TO PROTECT PRIVACY,Grandview-Woodland,0.0,0.0
Offence Against a Person,2017,2,27,0,0,OFFSET TO PROTECT PRIVACY,Grandview-Woodland,0.0,0.0
Offence Against a Person,2017,5,28,0,0,OFFSET TO PROTECT PRIVACY,Grandview-Woodland,0.0,0.0
Offence Against a Person,2017,10,29,0,0,OFFSET TO PROTECT PRIVACY,Grandview-Woodland,0.0,0.0
Offence Against a Person,2017,6,18,0,0,OFFSET TO PROTECT PRIVACY,Grandview-Woodland,0.0,0.0
Offence Against a Person,2017,2,21,0,0,OFFSET TO PROTECT PRIVACY,Grandview-Woodland,0.0,0.0
Offence Against a Person,2017,1,7,0,0,OFFSET TO PROTECT PRIVACY,Grandview-Woodland,0.0,0.0
Offence Against a Person,2017,3,5,0,0,OFFSET TO PROTECT PRIVACY,Grandview-Woodland,0.0,0.0
Offence Against a Person,2017,6,16,0,0,OFFSET TO PROTECT PRIVACY,Grandview-Woodland,0.0,0.0
Offence Against a Person,2017,7,12,0,0,OFFSET TO PROTECT PRIVACY,Grandview-Woodland,0.0,0.0
Offence Against a Person,2017,11,29,0,0,OFFSET TO PROTECT PRIVACY,Grandview-Woodland,0.0,0.0
Offence Against a Person,2017,5,1,0,0,OFFSET TO PROTECT PRIVACY,Grandview-Woodland,0.0,0.0
Offence Against a Person,2017,5,19,0,0,OFFSET TO PROTECT PRIVACY,Grandview-Woodland,0.0,0.0
Offence Against a Person,2017,8,1,0,0,OFFSET TO PROTECT PRIVACY,Grandview-Woodland,0.0,0.0
Offence Against a Person,2017,10,24,0,0,OFFSET TO PROTECT PRIVACY,Grandview-Woodland,0.0,0.0
Offence Against a Person,2017,4,16,0,0,OFFSET TO PROTECT PRIVACY,Grandview-Woodland,0.0,0.0
Offence Against a Person,2017,5,5,0,0,OFFSET TO PROTECT PRIVACY,Grandview-Woodland,0.0,0.0
Offence Against a Person,2017,10,29,0,0,OFFSET TO PROTECT PRIVACY,Grandview-Woodland,0.0,0.0
Offence Against a Person,2017,12,27,0,0,OFFSET TO PROTECT PRIVACY,Grandview-Woodland,0.0,0.0
Offence Against a Person,2017,1,30,0,0,OFFSET TO PROTECT PRIVACY,Grandview-Woodland,0.0,0.0
Offence Against a Person,2017,2,23,0,0,OFFSET TO PROTECT PRIVACY,Grandview-Woodland,0.0,0.0
Offence Against a Person,2017,9,19,0,0,OFFSET TO PROTECT PRIVACY,Grandview-Woodland,0.0,0.0
Offence Against a Person,2017,9,24,0,0,OFFSET TO PROTECT PRIVACY,Grandview-Woodland,0.0,0.0
Offence Against a Person,2017,4,25,0,0,OFFSET TO PROTECT PRIVACY,Grandview-Woodland,0.0,0.0
Offence Against a Person,2017,11,8,0,0,OFFSET TO PROTECT PRIVACY,Grandview-Woodland,0.0,0.0
Offence Against a Person,2017,9,19,0,0,OFFSET TO PROTECT PRIVACY,Grandview-Woodland,0.0,0.0
Offence Against a Person,2017,9,14,0,0,OFFSET TO PROTECT PRIVACY,Grandview-Woodland,0.0,0.0
Offence Against a Person,2017,9,14,0,0,OFFSET TO PROTECT PRIVACY,Grandview-Woodland,0.0,0.0
Offence Against a Person,2017,1,18,0,0,OFFSET TO PROTECT PRIVACY,Grandview-Woodland,0.0,0.0
Offence Against a Person,2017,2,7,0,0,OFFSET TO PROTECT PRIVACY,Grandview-Woodland,0.0,0.0
Offence Against a Person,2017,12,5,0,0,OFFSET TO PROTECT PRIVACY,Grandview-Woodland,0.0,0.0
Offence Against a Person,2017,7,2,0,0,OFFSET TO PROTECT PRIVACY,Grandview-Woodland,0.0,0.0
Offence Against a Person,2017,1,16,0,0,OFFSET TO PROTECT PRIVACY,Grandview-Woodland,0.0,0.0
Offence Against a Person,2017,4,27,0,0,OFFSET TO PROTECT PRIVACY,Grandview-Woodland,0.0,0.0
Offence Against a Person,2017,6,13,0,0,OFFSET TO PROTECT PRIVACY,Grandview-Woodland,0.0,0.0
Offence Against a Person,2017,7,21,0,0,OFFSET TO PROTECT PRIVACY,Grandview-Woodland,0.0,0.0
Offence Against a Person,2017,5,9,0,0,OFFSET TO PROTECT PRIVACY,Grandview-Woodland,0.0,0.0
Offence Against a Person,2017,2,4,0,0,OFFSET TO PROTECT PRIVACY,Grandview-Woodland,0.0,0.0
Offence Against a Person,2017,5,24,0,0,OFFSET TO PROTECT PRIVACY,Grandview-Woodland,0.0,0.0
Offence Against a Person,2017,8,20,0,0,OFFSET TO PROTECT PRIVACY,Grandview-Woodland,0.0,0.0
Offence Against a Person,2017,1,15,0,0,OFFSET TO PROTECT PRIVACY,Grandview-Woodland,0.0,0.0
Offence Against a Person,2017,9,5,0,0,OFFSET TO PROTECT PRIVACY,Grandview-Woodland,0.0,0.0
Offence Against a Person,2017,6,20,0,0,OFFSET TO PROTECT PRIVACY,Grandview-Woodland,0.0,0.0
Offence Against a Person,2017,10,24,0,0,OFFSET TO PROTECT PRIVACY,Grandview-Woodland,0.0,0.0
Offence Against a Person,2017,11,5,0,0,OFFSET TO PROTECT PRIVACY,Grandview-Woodland,0.0,0.0
Offence Against a Person,2017,11,21,0,0,OFFSET TO PROTECT PRIVACY,Grandview-Woodland,0.0,0.0
Offence Against a Person,2017,5,6,0,0,OFFSET TO PROTECT PRIVACY,Grandview-Woodland,0.0,0.0
Offence Against a Person,2017,8,23,0,0,OFFSET TO PROTECT PRIVACY,Grandview-Woodland,0.0,0.0
Offence Against a Person,2017,8,23,0,0,OFFSET TO PROTECT PRIVACY,Grandview-Woodland,0.0,0.0
Offence Against a Person,2017,11,10,0,0,OFFSET TO PROTECT PRIVACY,Grandview-Woodland,0.0,0.0
Offence Against a Person,2017,4,18,0,0,OFFSET TO PROTECT PRIVACY,Grandview-Woodland,0.0,0.0
Offence Against a Person,2017,2,8,0,0,OFFSET TO PROTECT PRIVACY,Grandview-Woodland,0.0,0.0
Offence Against a Person,2017,6,11,0,0,OFFSET TO PROTECT PRIVACY,Grandview-Woodland,0.0,0.0
Offence Against a Person,2017,3,15,0,0,OFFSET TO PROTECT PRIVACY,Grandview-Woodland,0.0,0.0
Offence Against a Person,2017,1,1,0,0,OFFSET TO PROTECT PRIVACY,Grandview-Woodland,0.0,0.0
Offence Against a Person,2017,8,26,0,0,OFFSET TO PROTECT PRIVACY,Grandview-Woodland,0.0,0.0
Offence Against a Person,2017,4,13,0,0,OFFSET TO PROTECT PRIVACY,Grandview-Woodland,0.0,0.0
Offence Against a Person,2017,10,11,0,0,OFFSET TO PROTECT PRIVACY,Grandview-Woodland,0.0,0.0
Offence Against a Person,2017,3,1,0,0,OFFSET TO PROTECT PRIVACY,Grandview-Woodland,0.0,0.0
Offence Against a Person,2017,12,29,0,0,OFFSET TO PROTECT PRIVACY,Grandview-Woodland,0.0,0.0
Offence Against a Person,2017,8,29,0,0,OFFSET TO PROTECT PRIVACY,Grandview-Woodland,0.0,0.0
Offence Against a Person,2017,1,31,0,0,OFFSET TO PROTECT PRIVACY,Grandview-Woodland,0.0,0.0
Offence Against a Person,2017,2,15,0,0,OFFSET TO PROTECT PRIVACY,Grandview-Woodland,0.0,0.0
Offence Against a Person,2017,3,2,0,0,OFFSET TO PROTECT PRIVACY,Grandview-Woodland,0.0,0.0
Offence Against a Person,2017,6,18,0,0,OFFSET TO PROTECT PRIVACY,Grandview-Woodland,0.0,0.0
Offence Against a Person,2017,5,21,0,0,OFFSET TO PROTECT PRIVACY,Grandview-Woodland,0.0,0.0
Offence Against a Person,2017,4,8,0,0,OFFSET TO PROTECT PRIVACY,Grandview-Woodland,0.0,0.0
Offence Against a Person,2017,5,6,0,0,OFFSET TO PROTECT PRIVACY,Grandview-Woodland,0.0,0.0
Offence Against a Person,2017,4,20,0,0,OFFSET TO PROTECT PRIVACY,Grandview-Woodland,0.0,0.0
Offence Against a Person,2017,9,22,0,0,OFFSET TO PROTECT PRIVACY,Grandview-Woodland,0.0,0.0
Offence Against a Person,2017,10,24,0,0,OFFSET TO PROTECT PRIVACY,Grandview-Woodland,0.0,0.0
Offence Against a Person,2017,4,8,0,0,OFFSET TO PROTECT PRIVACY,Grandview-Woodland,0.0,0.0
Offence Against a Person,2017,12,14,0,0,OFFSET TO PROTECT PRIVACY,Grandview-Woodland,0.0,0.0
Offence Against a Person,2017,12,23,0,0,OFFSET TO PROTECT PRIVACY,Grandview-Woodland,0.0,0.0
Offence Against a Person,2017,10,16,0,0,OFFSET TO PROTECT PRIVACY,Grandview-Woodland,0.0,0.0
Offence Against a Person,2017,10,16,0,0,OFFSET TO PROTECT PRIVACY,Grandview-Woodland,0.0,0.0
Offence Against a Person,2017,3,14,0,0,OFFSET TO PROTECT PRIVACY,Grandview-Woodland,0.0,0.0
Offence Against a Person,2017,3,14,0,0,OFFSET TO PROTECT PRIVACY,Grandview-Woodland,0.0,0.0
Offence Against a Person,2017,5,19,0,0,OFFSET TO PROTECT PRIVACY,Grandview-Woodland,0.0,0.0
Offence Against a Person,2017,7,22,0,0,OFFSET TO PROTECT PRIVACY,Grandview-Woodland,0.0,0.0
Offence Against a Person,2017,4,22,0,0,OFFSET TO PROTECT PRIVACY,Grandview-Woodland,0.0,0.0
Offence Against a Person,2017,10,20,0,0,OFFSET TO PROTECT PRIVACY,Grandview-Woodland,0.0,0.0
Offence Against a Person,2017,3,14,0,0,OFFSET TO PROTECT PRIVACY,Grandview-Woodland,0.0,0.0
Offence Against a Person,2017,9,14,0,0,OFFSET TO PROTECT PRIVACY,Grandview-Woodland,0.0,0.0
Offence Against a Person,2017,7,3,0,0,OFFSET TO PROTECT PRIVACY,Grandview-Woodland,0.0,0.0
Offence Against a Person,2017,12,14,0,0,OFFSET TO PROTECT PRIVACY,Grandview-Woodland,0.0,0.0
Offence Against a Person,2017,12,9,0,0,OFFSET TO PROTECT PRIVACY,Grandview-Woodland,0.0,0.0
Offence Against a Person,2017,11,15,0,0,OFFSET TO PROTECT PRIVACY,Grandview-Woodland,0.0,0.0
Offence Against a Person,2017,4,18,0,0,OFFSET TO PROTECT PRIVACY,Grandview-Woodland,0.0,0.0
Offence Against a Person,2017,9,2,0,0,OFFSET TO PROTECT PRIVACY,Grandview-Woodland,0.0,0.0
Offence Against a Person,2017,10,6,0,0,OFFSET TO PROTECT PRIVACY,Grandview-Woodland,0.0,0.0
Offence Against a Person,2017,4,30,0,0,OFFSET TO PROTECT PRIVACY,Grandview-Woodland,0.0,0.0
Offence Against a Person,2017,10,19,0,0,OFFSET TO PROTECT PRIVACY,Kensington-Cedar Cottage,0.0,0.0
Offence Against a Person,2017,10,19,0,0,OFFSET TO PROTECT PRIVACY,Grandview-Woodland,0.0,0.0
Offence Against a Person,2017,8,25,0,0,OFFSET TO PROTECT PRIVACY,Grandview-Woodland,0.0,0.0
Offence Against a Person,2017,11,27,0,0,OFFSET TO PROTECT PRIVACY,Grandview-Woodland,0.0,0.0
Offence Against a Person,2017,6,6,0,0,OFFSET TO PROTECT PRIVACY,Grandview-Woodland,0.0,0.0
Offence Against a Person,2017,12,22,0,0,OFFSET TO PROTECT PRIVACY,Grandview-Woodland,0.0,0.0
Offence Against a Person,2017,5,20,0,0,OFFSET TO PROTECT PRIVACY,Grandview-Woodland,0.0,0.0
Offence Against a Person,2017,2,27,0,0,OFFSET TO PROTECT PRIVACY,Grandview-Woodland,0.0,0.0
Offence Against a Person,2017,5,3,0,0,OFFSET TO PROTECT PRIVACY,Grandview-Woodland,0.0,0.0
Offence Against a Person,2017,9,16,0,0,OFFSET TO PROTECT PRIVACY,Kensington-Cedar Cottage,0.0,0.0
Offence Against a Person,2017,12,26,0,0,OFFSET TO PROTECT PRIVACY,Grandview-Woodland,0.0,0.0
Offence Against a Person,2017,7,19,0,0,OFFSET TO PROTECT PRIVACY,Grandview-Woodland,0.0,0.0
Offence Against a Person,2017,12,21,0,0,OFFSET TO PROTECT PRIVACY,Grandview-Woodland,0.0,0.0
Offence Against a Person,2017,3,23,0,0,OFFSET TO PROTECT PRIVACY,Grandview-Woodland,0.0,0.0
Offence Against a Person,2017,8,30,0,0,OFFSET TO PROTECT PRIVACY,Grandview-Woodland,0.0,0.0
Offence Against a Person,2017,6,30,0,0,OFFSET TO PROTECT PRIVACY,Grandview-Woodland,0.0,0.0
Offence Against a Person,2017,6,24,0,0,OFFSET TO PROTECT PRIVACY,Grandview-Woodland,0.0,0.0
Offence Against a Person,2017,12,8,0,0,OFFSET TO PROTECT PRIVACY,Grandview-Woodland,0.0,0.0
Offence Against a Person,2017,2,11,0,0,OFFSET TO PROTECT PRIVACY,Grandview-Woodland,0.0,0.0
Offence Against a Person,2017,12,20,0,0,OFFSET TO PROTECT PRIVACY,Grandview-Woodland,0.0,0.0
Offence Against a Person,2017,7,23,0,0,OFFSET TO PROTECT PRIVACY,Grandview-Woodland,0.0,0.0
Offence Against a Person,2017,9,18,0,0,OFFSET TO PROTECT PRIVACY,Grandview-Woodland,0.0,0.0
Offence Against a Person,2017,1,24,0,0,OFFSET TO PROTECT PRIVACY,Grandview-Woodland,0.0,0.0
Offence Against a Person,2017,12,13,0,0,OFFSET TO PROTECT PRIVACY,Grandview-Woodland,0.0,0.0
Offence Against a Person,2017,8,31,0,0,OFFSET TO PROTECT PRIVACY,Grandview-Woodland,0.0,0.0
Offence Against a Person,2017,9,23,0,0,OFFSET TO PROTECT PRIVACY,Grandview-Woodland,0.0,0.0
Offence Against a Person,2017,2,24,0,0,OFFSET TO PROTECT PRIVACY,Grandview-Woodland,0.0,0.0
Offence Against a Person,2017,5,20,0,0,OFFSET TO PROTECT PRIVACY,Grandview-Woodland,0.0,0.0
Offence Against a Person,2017,9,16,0,0,OFFSET TO PROTECT PRIVACY,Grandview-Woodland,0.0,0.0
Offence Against a Person,2017,11,27,0,0,OFFSET TO PROTECT PRIVACY,Grandview-Woodland,0.0,0.0
Offence Against a Person,2017,12,30,0,0,OFFSET TO PROTECT PRIVACY,Grandview-Woodland,0.0,0.0
Offence Against a Person,2017,9,23,0,0,OFFSET TO PROTECT PRIVACY,Grandview-Woodland,0.0,0.0
Offence Against a Person,2017,6,23,0,0,OFFSET TO PROTECT PRIVACY,Grandview-Woodland,0.0,0.0
Offence Against a Person,2017,5,12,0,0,OFFSET TO PROTECT PRIVACY,Grandview-Woodland,0.0,0.0
Offence Against a Person,2017,11,29,0,0,OFFSET TO PROTECT PRIVACY,Grandview-Woodland,0.0,0.0
Offence Against a Person,2017,5,25,0,0,OFFSET TO PROTECT PRIVACY,Grandview-Woodland,0.0,0.0
Offence Against a Person,2017,9,16,0,0,OFFSET TO PROTECT PRIVACY,Renfrew-Collingwood,0.0,0.0
Offence Against a Person,2017,11,17,0,0,OFFSET TO PROTECT PRIVACY,Grandview-Woodland,0.0,0.0
Offence Against a Person,2017,6,21,0,0,OFFSET TO PROTECT PRIVACY,Grandview-Woodland,0.0,0.0
Offence Against a Person,2017,7,16,0,0,OFFSET TO PROTECT PRIVACY,Grandview-Woodland,0.0,0.0
Offence Against a Person,2017,3,16,0,0,OFFSET TO PROTECT PRIVACY,Hastings-Sunrise,0.0,0.0
Offence Against a Person,2017,3,19,0,0,OFFSET TO PROTECT PRIVACY,Hastings-Sunrise,0.0,0.0
Offence Against a Person,2017,2,15,0,0,OFFSET TO PROTECT PRIVACY,Grandview-Woodland,0.0,0.0
Offence Against a Person,2017,11,4,0,0,OFFSET TO PROTECT PRIVACY,Hastings-Sunrise,0.0,0.0
Offence Against a Person,2017,12,17,0,0,OFFSET TO PROTECT PRIVACY,Grandview-Woodland,0.0,0.0
Offence Against a Person,2017,12,17,0,0,OFFSET TO PROTECT PRIVACY,Grandview-Woodland,0.0,0.0
Offence Against a Person,2017,1,29,0,0,OFFSET TO PROTECT PRIVACY,Grandview-Woodland,0.0,0.0
Offence Against a Person,2017,4,5,0,0,OFFSET TO PROTECT PRIVACY,Grandview-Woodland,0.0,0.0
Offence Against a Person,2017,1,9,0,0,OFFSET TO PROTECT PRIVACY,Hastings-Sunrise,0.0,0.0
Offence Against a Person,2017,7,29,0,0,OFFSET TO PROTECT PRIVACY,Grandview-Woodland,0.0,0.0
Offence Against a Person,2017,6,15,0,0,OFFSET TO PROTECT PRIVACY,Hastings-Sunrise,0.0,0.0
Offence Against a Person,2017,2,24,0,0,OFFSET TO PROTECT PRIVACY,Grandview-Woodland,0.0,0.0
Offence Against a Person,2017,4,17,0,0,OFFSET TO PROTECT PRIVACY,Hastings-Sunrise,0.0,0.0
Offence Against a Person,2017,4,8,0,0,OFFSET TO PROTECT PRIVACY,Hastings-Sunrise,0.0,0.0
Offence Against a Person,2017,11,4,0,0,OFFSET TO PROTECT PRIVACY,Hastings-Sunrise,0.0,0.0
Offence Against a Person,2017,8,23,0,0,OFFSET TO PROTECT PRIVACY,Hastings-Sunrise,0.0,0.0
Offence Against a Person,2017,4,12,0,0,OFFSET TO PROTECT PRIVACY,Hastings-Sunrise,0.0,0.0
Offence Against a Person,2017,5,5,0,0,OFFSET TO PROTECT PRIVACY,Hastings-Sunrise,0.0,0.0
Offence Against a Person,2017,7,20,0,0,OFFSET TO PROTECT PRIVACY,Hastings-Sunrise,0.0,0.0
Offence Against a Person,2017,7,1,0,0,OFFSET TO PROTECT PRIVACY,Hastings-Sunrise,0.0,0.0
Offence Against a Person,2017,6,2,0,0,OFFSET TO PROTECT PRIVACY,Hastings-Sunrise,0.0,0.0
Offence Against a Person,2017,7,14,0,0,OFFSET TO PROTECT PRIVACY,Renfrew-Collingwood,0.0,0.0
Offence Against a Person,2017,7,15,0,0,OFFSET TO PROTECT PRIVACY,Hastings-Sunrise,0.0,0.0
Offence Against a Person,2017,5,23,0,0,OFFSET TO PROTECT PRIVACY,Hastings-Sunrise,0.0,0.0
Offence Against a Person,2017,8,17,0,0,OFFSET TO PROTECT PRIVACY,Hastings-Sunrise,0.0,0.0
Offence Against a Person,2017,10,28,0,0,OFFSET TO PROTECT PRIVACY,Hastings-Sunrise,0.0,0.0
Offence Against a Person,2017,7,30,0,0,OFFSET TO PROTECT PRIVACY,Hastings-Sunrise,0.0,0.0
Offence Against a Person,2017,7,10,0,0,OFFSET TO PROTECT PRIVACY,Hastings-Sunrise,0.0,0.0
Offence Against a Person,2017,1,1,0,0,OFFSET TO PROTECT PRIVACY,Hastings-Sunrise,0.0,0.0
Offence Against a Person,2017,10,15,0,0,OFFSET TO PROTECT PRIVACY,Hastings-Sunrise,0.0,0.0
Offence Against a Person,2017,5,13,0,0,OFFSET TO PROTECT PRIVACY,Hastings-Sunrise,0.0,0.0
Offence Against a Person,2017,6,6,0,0,OFFSET TO PROTECT PRIVACY,Hastings-Sunrise,0.0,0.0
Offence Against a Person,2017,8,17,0,0,OFFSET TO PROTECT PRIVACY,Hastings-Sunrise,0.0,0.0
Offence Against a Person,2017,12,17,0,0,OFFSET TO PROTECT PRIVACY,Hastings-Sunrise,0.0,0.0
Offence Against a Person,2017,3,1,0,0,OFFSET TO PROTECT PRIVACY,Hastings-Sunrise,0.0,0.0
Offence Against a Person,2017,6,5,0,0,OFFSET TO PROTECT PRIVACY,Hastings-Sunrise,0.0,0.0
Offence Against a Person,2017,7,24,0,0,OFFSET TO PROTECT PRIVACY,Hastings-Sunrise,0.0,0.0
Offence Against a Person,2017,2,27,0,0,OFFSET TO PROTECT PRIVACY,Hastings-Sunrise,0.0,0.0
Offence Against a Person,2017,2,10,0,0,OFFSET TO PROTECT PRIVACY,Hastings-Sunrise,0.0,0.0
Offence Against a Person,2017,12,7,0,0,OFFSET TO PROTECT PRIVACY,Hastings-Sunrise,0.0,0.0
Offence Against a Person,2017,4,16,0,0,OFFSET TO PROTECT PRIVACY,Hastings-Sunrise,0.0,0.0
Offence Against a Person,2017,10,28,0,0,OFFSET TO PROTECT PRIVACY,Hastings-Sunrise,0.0,0.0
Offence Against a Person,2017,7,16,0,0,OFFSET TO PROTECT PRIVACY,Hastings-Sunrise,0.0,0.0
Offence Against a Person,2017,7,5,0,0,OFFSET TO PROTECT PRIVACY,Hastings-Sunrise,0.0,0.0
Offence Against a Person,2017,9,30,0,0,OFFSET TO PROTECT PRIVACY,Hastings-Sunrise,0.0,0.0
Offence Against a Person,2017,12,31,0,0,OFFSET TO PROTECT PRIVACY,Hastings-Sunrise,0.0,0.0
Offence Against a Person,2017,1,28,0,0,OFFSET TO PROTECT PRIVACY,Hastings-Sunrise,0.0,0.0
Offence Against a Person,2017,7,8,0,0,OFFSET TO PROTECT PRIVACY,Hastings-Sunrise,0.0,0.0
Offence Against a Person,2017,11,13,0,0,OFFSET TO PROTECT PRIVACY,Hastings-Sunrise,0.0,0.0
Offence Against a Person,2017,12,1,0,0,OFFSET TO PROTECT PRIVACY,Hastings-Sunrise,0.0,0.0
Offence Against a Person,2017,1,21,0,0,OFFSET TO PROTECT PRIVACY,Hastings-Sunrise,0.0,0.0
Offence Against a Person,2017,10,12,0,0,OFFSET TO PROTECT PRIVACY,Hastings-Sunrise,0.0,0.0
Offence Against a Person,2017,10,27,0,0,OFFSET TO PROTECT PRIVACY,Hastings-Sunrise,0.0,0.0
Offence Against a Person,2017,7,8,0,0,OFFSET TO PROTECT PRIVACY,Hastings-Sunrise,0.0,0.0
Offence Against a Person,2017,7,4,0,0,OFFSET TO PROTECT PRIVACY,Hastings-Sunrise,0.0,0.0
Offence Against a Person,2017,7,16,0,0,OFFSET TO PROTECT PRIVACY,Hastings-Sunrise,0.0,0.0
Offence Against a Person,2017,12,29,0,0,OFFSET TO PROTECT PRIVACY,Hastings-Sunrise,0.0,0.0
Offence Against a Person,2017,11,12,0,0,OFFSET TO PROTECT PRIVACY,Hastings-Sunrise,0.0,0.0
Offence Against a Person,2017,11,12,0,0,OFFSET TO PROTECT PRIVACY,Hastings-Sunrise,0.0,0.0
Offence Against a Person,2017,1,1,0,0,OFFSET TO PROTECT PRIVACY,Hastings-Sunrise,0.0,0.0
Offence Against a Person,2017,3,6,0,0,OFFSET TO PROTECT PRIVACY,Hastings-Sunrise,0.0,0.0
Offence Against a Person,2017,5,22,0,0,OFFSET TO PROTECT PRIVACY,Hastings-Sunrise,0.0,0.0
Offence Against a Person,2017,12,2,0,0,OFFSET TO PROTECT PRIVACY,Hastings-Sunrise,0.0,0.0
Offence Against a Person,2017,5,27,0,0,OFFSET TO PROTECT PRIVACY,Hastings-Sunrise,0.0,0.0
Offence Against a Person,2017,2,19,0,0,OFFSET TO PROTECT PRIVACY,Hastings-Sunrise,0.0,0.0
Offence Against a Person,2017,5,15,0,0,OFFSET TO PROTECT PRIVACY,Hastings-Sunrise,0.0,0.0
Offence Against a Person,2017,4,15,0,0,OFFSET TO PROTECT PRIVACY,Hastings-Sunrise,0.0,0.0
Offence Against a Person,2017,10,5,0,0,OFFSET TO PROTECT PRIVACY,Renfrew-Collingwood,0.0,0.0
Offence Against a Person,2017,5,13,0,0,OFFSET TO PROTECT PRIVACY,Hastings-Sunrise,0.0,0.0
Offence Against a Person,2017,7,17,0,0,OFFSET TO PROTECT PRIVACY,Hastings-Sunrise,0.0,0.0
Offence Against a Person,2017,9,2,0,0,OFFSET TO PROTECT PRIVACY,Hastings-Sunrise,0.0,0.0
Offence Against a Person,2017,4,27,0,0,OFFSET TO PROTECT PRIVACY,Hastings-Sunrise,0.0,0.0
Offence Against a Person,2017,1,7,0,0,OFFSET TO PROTECT PRIVACY,Hastings-Sunrise,0.0,0.0
Offence Against a Person,2017,4,14,0,0,OFFSET TO PROTECT PRIVACY,Hastings-Sunrise,0.0,0.0
Offence Against a Person,2017,12,10,0,0,OFFSET TO PROTECT PRIVACY,Hastings-Sunrise,0.0,0.0
Offence Against a Person,2017,2,1,0,0,OFFSET TO PROTECT PRIVACY,Hastings-Sunrise,0.0,0.0
Offence Against a Person,2017,8,22,0,0,OFFSET TO PROTECT PRIVACY,Hastings-Sunrise,0.0,0.0
Offence Against a Person,2017,10,14,0,0,OFFSET TO PROTECT PRIVACY,Hastings-Sunrise,0.0,0.0
Offence Against a Person,2017,9,30,0,0,OFFSET TO PROTECT PRIVACY,Hastings-Sunrise,0.0,0.0
Offence Against a Person,2017,4,5,0,0,OFFSET TO PROTECT PRIVACY,Hastings-Sunrise,0.0,0.0
Offence Against a Person,2017,2,6,0,0,OFFSET TO PROTECT PRIVACY,Renfrew-Collingwood,0.0,0.0
Offence Against a Person,2017,11,9,0,0,OFFSET TO PROTECT PRIVACY,Hastings-Sunrise,0.0,0.0
Offence Against a Person,2017,12,25,0,0,OFFSET TO PROTECT PRIVACY,Hastings-Sunrise,0.0,0.0
Offence Against a Person,2017,3,21,0,0,OFFSET TO PROTECT PRIVACY,Hastings-Sunrise,0.0,0.0
Offence Against a Person,2017,9,1,0,0,OFFSET TO PROTECT PRIVACY,Hastings-Sunrise,0.0,0.0
Offence Against a Person,2017,3,17,0,0,OFFSET TO PROTECT PRIVACY,Hastings-Sunrise,0.0,0.0
Offence Against a Person,2017,1,1,0,0,OFFSET TO PROTECT PRIVACY,Hastings-Sunrise,0.0,0.0
Offence Against a Person,2017,9,2,0,0,OFFSET TO PROTECT PRIVACY,Hastings-Sunrise,0.0,0.0
Offence Against a Person,2017,4,27,0,0,OFFSET TO PROTECT PRIVACY,Hastings-Sunrise,0.0,0.0
Offence Against a Person,2017,12,10,0,0,OFFSET TO PROTECT PRIVACY,Hastings-Sunrise,0.0,0.0
Offence Against a Person,2017,11,1,0,0,OFFSET TO PROTECT PRIVACY,Marpole,0.0,0.0
Offence Against a Person,2017,3,28,0,0,OFFSET TO PROTECT PRIVACY,Mount Pleasant,0.0,0.0
Offence Against a Person,2017,6,30,0,0,OFFSET TO PROTECT PRIVACY,Oakridge,0.0,0.0
Offence Against a Person,2017,9,18,0,0,OFFSET TO PROTECT PRIVACY,Mount Pleasant,0.0,0.0
Offence Against a Person,2017,11,10,0,0,OFFSET TO PROTECT PRIVACY,Mount Pleasant,0.0,0.0
Offence Against a Person,2017,11,11,0,0,OFFSET TO PROTECT PRIVACY,Mount Pleasant,0.0,0.0
Offence Against a Person,2017,5,3,0,0,OFFSET TO PROTECT PRIVACY,Mount Pleasant,0.0,0.0
Offence Against a Person,2017,12,21,0,0,OFFSET TO PROTECT PRIVACY,Mount Pleasant,0.0,0.0
Offence Against a Person,2017,2,12,0,0,OFFSET TO PROTECT PRIVACY,Sunset,0.0,0.0
Offence Against a Person,2017,12,1,0,0,OFFSET TO PROTECT PRIVACY,Mount Pleasant,0.0,0.0
Offence Against a Person,2017,2,16,0,0,OFFSET TO PROTECT PRIVACY,Oakridge,0.0,0.0
Offence Against a Person,2017,2,16,0,0,OFFSET TO PROTECT PRIVACY,Oakridge,0.0,0.0
Offence Against a Person,2017,4,28,0,0,OFFSET TO PROTECT PRIVACY,Mount Pleasant,0.0,0.0
Offence Against a Person,2017,7,5,0,0,OFFSET TO PROTECT PRIVACY,Mount Pleasant,0.0,0.0
Offence Against a Person,2017,7,20,0,0,OFFSET TO PROTECT PRIVACY,Mount Pleasant,0.0,0.0
Offence Against a Person,2017,11,24,0,0,OFFSET TO PROTECT PRIVACY,Mount Pleasant,0.0,0.0
Offence Against a Person,2017,11,24,0,0,OFFSET TO PROTECT PRIVACY,Mount Pleasant,0.0,0.0
Offence Against a Person,2017,4,22,0,0,OFFSET TO PROTECT PRIVACY,Mount Pleasant,0.0,0.0
Offence Against a Person,2017,4,26,0,0,OFFSET TO PROTECT PRIVACY,Mount Pleasant,0.0,0.0
Offence Against a Person,2017,6,12,0,0,OFFSET TO PROTECT PRIVACY,Mount Pleasant,0.0,0.0
Offence Against a Person,2017,5,26,0,0,OFFSET TO PROTECT PRIVACY,Sunset,0.0,0.0
Offence Against a Person,2017,3,6,0,0,OFFSET TO PROTECT PRIVACY,Oakridge,0.0,0.0
Offence Against a Person,2017,5,11,0,0,OFFSET TO PROTECT PRIVACY,Mount Pleasant,0.0,0.0
Offence Against a Person,2017,9,6,0,0,OFFSET TO PROTECT PRIVACY,Mount Pleasant,0.0,0.0
Offence Against a Person,2017,6,6,0,0,OFFSET TO PROTECT PRIVACY,Mount Pleasant,0.0,0.0
Offence Against a Person,2017,7,8,0,0,OFFSET TO PROTECT PRIVACY,Mount Pleasant,0.0,0.0
Offence Against a Person,2017,12,20,0,0,OFFSET TO PROTECT PRIVACY,Sunset,0.0,0.0
Offence Against a Person,2017,4,21,0,0,OFFSET TO PROTECT PRIVACY,Mount Pleasant,0.0,0.0
Offence Against a Person,2017,11,21,0,0,OFFSET TO PROTECT PRIVACY,Mount Pleasant,0.0,0.0
Offence Against a Person,2017,9,15,0,0,OFFSET TO PROTECT PRIVACY,Mount Pleasant,0.0,0.0
Offence Against a Person,2017,9,15,0,0,OFFSET TO PROTECT PRIVACY,Mount Pleasant,0.0,0.0
Offence Against a Person,2017,6,10,0,0,OFFSET TO PROTECT PRIVACY,Mount Pleasant,0.0,0.0
Offence Against a Person,2017,4,20,0,0,OFFSET TO PROTECT PRIVACY,Sunset,0.0,0.0
Offence Against a Person,2017,6,30,0,0,OFFSET TO PROTECT PRIVACY,Sunset,0.0,0.0
Offence Against a Person,2017,7,30,0,0,OFFSET TO PROTECT PRIVACY,Mount Pleasant,0.0,0.0
Offence Against a Person,2017,2,10,0,0,OFFSET TO PROTECT PRIVACY,Sunset,0.0,0.0
Offence Against a Person,2017,3,18,0,0,OFFSET TO PROTECT PRIVACY,Sunset,0.0,0.0
Offence Against a Person,2017,1,7,0,0,OFFSET TO PROTECT PRIVACY,Mount Pleasant,0.0,0.0
Offence Against a Person,2017,3,2,0,0,OFFSET TO PROTECT PRIVACY,Mount Pleasant,0.0,0.0
Offence Against a Person,2017,2,21,0,0,OFFSET TO PROTECT PRIVACY,Mount Pleasant,0.0,0.0
Offence Against a Person,2017,6,27,0,0,OFFSET TO PROTECT PRIVACY,Mount Pleasant,0.0,0.0
Offence Against a Person,2017,4,26,0,0,OFFSET TO PROTECT PRIVACY,Mount Pleasant,0.0,0.0
Offence Against a Person,2017,3,2,0,0,OFFSET TO PROTECT PRIVACY,Mount Pleasant,0.0,0.0
Offence Against a Person,2017,6,3,0,0,OFFSET TO PROTECT PRIVACY,Mount Pleasant,0.0,0.0
Offence Against a Person,2017,4,23,0,0,OFFSET TO PROTECT PRIVACY,Mount Pleasant,0.0,0.0
Offence Against a Person,2017,9,12,0,0,OFFSET TO PROTECT PRIVACY,Sunset,0.0,0.0
Offence Against a Person,2017,3,14,0,0,OFFSET TO PROTECT PRIVACY,Sunset,0.0,0.0
Offence Against a Person,2017,11,16,0,0,OFFSET TO PROTECT PRIVACY,Sunset,0.0,0.0
Offence Against a Person,2017,9,27,0,0,OFFSET TO PROTECT PRIVACY,Sunset,0.0,0.0
Offence Against a Person,2017,5,12,0,0,OFFSET TO PROTECT PRIVACY,Sunset,0.0,0.0
Offence Against a Person,2017,5,28,0,0,OFFSET TO PROTECT PRIVACY,Sunset,0.0,0.0
Offence Against a Person,2017,7,9,0,0,OFFSET TO PROTECT PRIVACY,Mount Pleasant,0.0,0.0
Offence Against a Person,2017,4,10,0,0,OFFSET TO PROTECT PRIVACY,Sunset,0.0,0.0
Offence Against a Person,2017,1,13,0,0,OFFSET TO PROTECT PRIVACY,Riley Park,0.0,0.0
Offence Against a Person,2017,2,16,0,0,OFFSET TO PROTECT PRIVACY,Mount Pleasant,0.0,0.0
Offence Against a Person,2017,10,15,0,0,OFFSET TO PROTECT PRIVACY,Mount Pleasant,0.0,0.0
Offence Against a Person,2017,10,17,0,0,OFFSET TO PROTECT PRIVACY,Mount Pleasant,0.0,0.0
Offence Against a Person,2017,8,1,0,0,OFFSET TO PROTECT PRIVACY,Mount Pleasant,0.0,0.0
Offence Against a Person,2017,1,31,0,0,OFFSET TO PROTECT PRIVACY,Mount Pleasant,0.0,0.0
Offence Against a Person,2017,11,24,0,0,OFFSET TO PROTECT PRIVACY,Mount Pleasant,0.0,0.0
Offence Against a Person,2017,1,17,0,0,OFFSET TO PROTECT PRIVACY,Strathcona,0.0,0.0
Offence Against a Person,2017,4,9,0,0,OFFSET TO PROTECT PRIVACY,Mount Pleasant,0.0,0.0
Offence Against a Person,2017,3,26,0,0,OFFSET TO PROTECT PRIVACY,Mount Pleasant,0.0,0.0
Offence Against a Person,2017,7,21,0,0,OFFSET TO PROTECT PRIVACY,Mount Pleasant,0.0,0.0
Offence Against a Person,2017,3,2,0,0,OFFSET TO PROTECT PRIVACY,Mount Pleasant,0.0,0.0
Offence Against a Person,2017,3,2,0,0,OFFSET TO PROTECT PRIVACY,Strathcona,0.0,0.0
Offence Against a Person,2017,9,27,0,0,OFFSET TO PROTECT PRIVACY,Mount Pleasant,0.0,0.0
Offence Against a Person,2017,5,9,0,0,OFFSET TO PROTECT PRIVACY,Sunset,0.0,0.0
Offence Against a Person,2017,12,23,0,0,OFFSET TO PROTECT PRIVACY,Mount Pleasant,0.0,0.0
Offence Against a Person,2017,7,2,0,0,OFFSET TO PROTECT PRIVACY,Sunset,0.0,0.0
Offence Against a Person,2017,1,15,0,0,OFFSET TO PROTECT PRIVACY,Mount Pleasant,0.0,0.0
Offence Against a Person,2017,4,6,0,0,OFFSET TO PROTECT PRIVACY,Mount Pleasant,0.0,0.0
Offence Against a Person,2017,8,2,0,0,OFFSET TO PROTECT PRIVACY,Mount Pleasant,0.0,0.0
Offence Against a Person,2017,1,26,0,0,OFFSET TO PROTECT PRIVACY,Mount Pleasant,0.0,0.0
Offence Against a Person,2017,3,21,0,0,OFFSET TO PROTECT PRIVACY,Sunset,0.0,0.0
Offence Against a Person,2017,5,15,0,0,OFFSET TO PROTECT PRIVACY,Mount Pleasant,0.0,0.0
Offence Against a Person,2017,5,10,0,0,OFFSET TO PROTECT PRIVACY,Mount Pleasant,0.0,0.0
Offence Against a Person,2017,6,9,0,0,OFFSET TO PROTECT PRIVACY,Sunset,0.0,0.0
Offence Against a Person,2017,7,19,0,0,OFFSET TO PROTECT PRIVACY,Sunset,0.0,0.0
Offence Against a Person,2017,8,22,0,0,OFFSET TO PROTECT PRIVACY,Sunset,0.0,0.0
Offence Against a Person,2017,10,10,0,0,OFFSET TO PROTECT PRIVACY,Mount Pleasant,0.0,0.0
Offence Against a Person,2017,5,10,0,0,OFFSET TO PROTECT PRIVACY,Mount Pleasant,0.0,0.0
Offence Against a Person,2017,4,23,0,0,OFFSET TO PROTECT PRIVACY,Mount Pleasant,0.0,0.0
Offence Against a Person,2017,4,9,0,0,OFFSET TO PROTECT PRIVACY,Mount Pleasant,0.0,0.0
Offence Against a Person,2017,12,23,0,0,OFFSET TO PROTECT PRIVACY,Mount Pleasant,0.0,0.0
Offence Against a Person,2017,4,25,0,0,OFFSET TO PROTECT PRIVACY,Mount Pleasant,0.0,0.0
Offence Against a Person,2017,4,3,0,0,OFFSET TO PROTECT PRIVACY,Sunset,0.0,0.0
Offence Against a Person,2017,4,8,0,0,OFFSET TO PROTECT PRIVACY,Mount Pleasant,0.0,0.0
Offence Against a Person,2017,2,21,0,0,OFFSET TO PROTECT PRIVACY,Mount Pleasant,0.0,0.0
Offence Against a Person,2017,9,27,0,0,OFFSET TO PROTECT PRIVACY,Mount Pleasant,0.0,0.0
Offence Against a Person,2017,10,24,0,0,OFFSET TO PROTECT PRIVACY,Sunset,0.0,0.0
Offence Against a Person,2017,3,10,0,0,OFFSET TO PROTECT PRIVACY,Sunset,0.0,0.0
Offence Against a Person,2017,1,2,0,0,OFFSET TO PROTECT PRIVACY,Sunset,0.0,0.0
Offence Against a Person,2017,2,12,0,0,OFFSET TO PROTECT PRIVACY,Sunset,0.0,0.0
Offence Against a Person,2017,9,30,0,0,OFFSET TO PROTECT PRIVACY,Mount Pleasant,0.0,0.0
Offence Against a Person,2017,1,28,0,0,OFFSET TO PROTECT PRIVACY,Sunset,0.0,0.0
Offence Against a Person,2017,6,12,0,0,OFFSET TO PROTECT PRIVACY,Sunset,0.0,0.0
Offence Against a Person,2017,3,14,0,0,OFFSET TO PROTECT PRIVACY,Sunset,0.0,0.0
Offence Against a Person,2017,9,6,0,0,OFFSET TO PROTECT PRIVACY,Sunset,0.0,0.0
Offence Against a Person,2017,9,6,0,0,OFFSET TO PROTECT PRIVACY,Sunset,0.0,0.0
Offence Against a Person,2017,1,22,0,0,OFFSET TO PROTECT PRIVACY,Sunset,0.0,0.0
Offence Against a Person,2017,12,13,0,0,OFFSET TO PROTECT PRIVACY,Sunset,0.0,0.0
Offence Against a Person,2017,9,1,0,0,OFFSET TO PROTECT PRIVACY,Sunset,0.0,0.0
Offence Against a Person,2017,8,30,0,0,OFFSET TO PROTECT PRIVACY,Sunset,0.0,0.0
Offence Against a Person,2017,2,9,0,0,OFFSET TO PROTECT PRIVACY,Riley Park,0.0,0.0
Offence Against a Person,2017,6,25,0,0,OFFSET TO PROTECT PRIVACY,Riley Park,0.0,0.0
Offence Against a Person,2017,2,26,0,0,OFFSET TO PROTECT PRIVACY,Riley Park,0.0,0.0
Offence Against a Person,2017,11,25,0,0,OFFSET TO PROTECT PRIVACY,Mount Pleasant,0.0,0.0
Offence Against a Person,2017,10,19,0,0,OFFSET TO PROTECT PRIVACY,Mount Pleasant,0.0,0.0
Offence Against a Person,2017,2,11,0,0,OFFSET TO PROTECT PRIVACY,Mount Pleasant,0.0,0.0
Offence Against a Person,2017,1,1,0,0,OFFSET TO PROTECT PRIVACY,Mount Pleasant,0.0,0.0
Offence Against a Person,2017,12,23,0,0,OFFSET TO PROTECT PRIVACY,Mount Pleasant,0.0,0.0
Offence Against a Person,2017,9,29,0,0,OFFSET TO PROTECT PRIVACY,Sunset,0.0,0.0
Offence Against a Person,2017,12,7,0,0,OFFSET TO PROTECT PRIVACY,Mount Pleasant,0.0,0.0
Offence Against a Person,2017,11,4,0,0,OFFSET TO PROTECT PRIVACY,Riley Park,0.0,0.0
Offence Against a Person,2017,12,9,0,0,OFFSET TO PROTECT PRIVACY,Kensington-Cedar Cottage,0.0,0.0
Offence Against a Person,2017,1,1,0,0,OFFSET TO PROTECT PRIVACY,Sunset,0.0,0.0
Offence Against a Person,2017,1,1,0,0,OFFSET TO PROTECT PRIVACY,Sunset,0.0,0.0
Offence Against a Person,2017,1,1,0,0,OFFSET TO PROTECT PRIVACY,Riley Park,0.0,0.0
Offence Against a Person,2017,12,1,0,0,OFFSET TO PROTECT PRIVACY,Sunset,0.0,0.0
Offence Against a Person,2017,9,24,0,0,OFFSET TO PROTECT PRIVACY,Sunset,0.0,0.0
Offence Against a Person,2017,4,15,0,0,OFFSET TO PROTECT PRIVACY,Mount Pleasant,0.0,0.0
Offence Against a Person,2017,12,14,0,0,OFFSET TO PROTECT PRIVACY,Sunset,0.0,0.0
Offence Against a Person,2017,11,19,0,0,OFFSET TO PROTECT PRIVACY,Sunset,0.0,0.0
Offence Against a Person,2017,8,1,0,0,OFFSET TO PROTECT PRIVACY,Mount Pleasant,0.0,0.0
Offence Against a Person,2017,3,14,0,0,OFFSET TO PROTECT PRIVACY,Sunset,0.0,0.0
Offence Against a Person,2017,8,28,0,0,OFFSET TO PROTECT PRIVACY,Sunset,0.0,0.0
Offence Against a Person,2017,7,30,0,0,OFFSET TO PROTECT PRIVACY,Sunset,0.0,0.0
Offence Against a Person,2017,7,25,0,0,OFFSET TO PROTECT PRIVACY,Sunset,0.0,0.0
Offence Against a Person,2017,1,1,0,0,OFFSET TO PROTECT PRIVACY,Mount Pleasant,0.0,0.0
Offence Against a Person,2017,3,2,0,0,OFFSET TO PROTECT PRIVACY,Sunset,0.0,0.0
Offence Against a Person,2017,11,28,0,0,OFFSET TO PROTECT PRIVACY,Mount Pleasant,0.0,0.0
Offence Against a Person,2017,4,30,0,0,OFFSET TO PROTECT PRIVACY,Sunset,0.0,0.0
Offence Against a Person,2017,4,12,0,0,OFFSET TO PROTECT PRIVACY,Sunset,0.0,0.0
Offence Against a Person,2017,5,10,0,0,OFFSET TO PROTECT PRIVACY,Strathcona,0.0,0.0
Offence Against a Person,2017,4,23,0,0,OFFSET TO PROTECT PRIVACY,Mount Pleasant,0.0,0.0
Offence Against a Person,2017,3,27,0,0,OFFSET TO PROTECT PRIVACY,Sunset,0.0,0.0
Offence Against a Person,2017,5,5,0,0,OFFSET TO PROTECT PRIVACY,Sunset,0.0,0.0
Offence Against a Person,2017,1,25,0,0,OFFSET TO PROTECT PRIVACY,Mount Pleasant,0.0,0.0
Offence Against a Person,2017,10,5,0,0,OFFSET TO PROTECT PRIVACY,Mount Pleasant,0.0,0.0
Offence Against a Person,2017,6,15,0,0,OFFSET TO PROTECT PRIVACY,Sunset,0.0,0.0
Offence Against a Person,2017,3,25,0,0,OFFSET TO PROTECT PRIVACY,Kensington-Cedar Cottage,0.0,0.0
Offence Against a Person,2017,3,25,0,0,OFFSET TO PROTECT PRIVACY,Mount Pleasant,0.0,0.0
Offence Against a Person,2017,5,30,0,0,OFFSET TO PROTECT PRIVACY,Sunset,0.0,0.0
Offence Against a Person,2017,12,11,0,0,OFFSET TO PROTECT PRIVACY,Sunset,0.0,0.0
Offence Against a Person,2017,2,11,0,0,OFFSET TO PROTECT PRIVACY,Mount Pleasant,0.0,0.0
Offence Against a Person,2017,1,2,0,0,OFFSET TO PROTECT PRIVACY,Sunset,0.0,0.0
Offence Against a Person,2017,9,29,0,0,OFFSET TO PROTECT PRIVACY,Sunset,0.0,0.0
Offence Against a Person,2017,9,25,0,0,OFFSET TO PROTECT PRIVACY,Mount Pleasant,0.0,0.0
Offence Against a Person,2017,12,24,0,0,OFFSET TO PROTECT PRIVACY,Sunset,0.0,0.0
Offence Against a Person,2017,12,13,0,0,OFFSET TO PROTECT PRIVACY,Sunset,0.0,0.0
Offence Against a Person,2017,4,11,0,0,OFFSET TO PROTECT PRIVACY,Sunset,0.0,0.0
Offence Against a Person,2017,4,12,0,0,OFFSET TO PROTECT PRIVACY,Sunset,0.0,0.0
Offence Against a Person,2017,4,7,0,0,OFFSET TO PROTECT PRIVACY,Sunset,0.0,0.0
Offence Against a Person,2017,1,6,0,0,OFFSET TO PROTECT PRIVACY,Sunset,0.0,0.0
Offence Against a Person,2017,6,9,0,0,OFFSET TO PROTECT PRIVACY,Kensington-Cedar Cottage,0.0,0.0
Offence Against a Person,2017,5,25,0,0,OFFSET TO PROTECT PRIVACY,Kensington-Cedar Cottage,0.0,0.0
Offence Against a Person,2017,7,8,0,0,OFFSET TO PROTECT PRIVACY,Kensington-Cedar Cottage,0.0,0.0
Offence Against a Person,2017,1,13,0,0,OFFSET TO PROTECT PRIVACY,Sunset,0.0,0.0
Offence Against a Person,2017,1,29,0,0,OFFSET TO PROTECT PRIVACY,Sunset,0.0,0.0
Offence Against a Person,2017,1,1,0,0,OFFSET TO PROTECT PRIVACY,Kensington-Cedar Cottage,0.0,0.0
Offence Against a Person,2017,3,1,0,0,OFFSET TO PROTECT PRIVACY,Sunset,0.0,0.0
Offence Against a Person,2017,5,19,0,0,OFFSET TO PROTECT PRIVACY,Mount Pleasant,0.0,0.0
Offence Against a Person,2017,4,1,0,0,OFFSET TO PROTECT PRIVACY,Kensington-Cedar Cottage,0.0,0.0
Offence Against a Person,2017,3,5,0,0,OFFSET TO PROTECT PRIVACY,Mount Pleasant,0.0,0.0
Offence Against a Person,2017,12,13,0,0,OFFSET TO PROTECT PRIVACY,Mount Pleasant,0.0,0.0
Offence Against a Person,2017,10,31,0,0,OFFSET TO PROTECT PRIVACY,Kensington-Cedar Cottage,0.0,0.0
Offence Against a Person,2017,4,6,0,0,OFFSET TO PROTECT PRIVACY,Sunset,0.0,0.0
Offence Against a Person,2017,9,14,0,0,OFFSET TO PROTECT PRIVACY,Mount Pleasant,0.0,0.0
Offence Against a Person,2017,12,14,0,0,OFFSET TO PROTECT PRIVACY,Sunset,0.0,0.0
Offence Against a Person,2017,5,20,0,0,OFFSET TO PROTECT PRIVACY,Sunset,0.0,0.0
Offence Against a Person,2017,7,26,0,0,OFFSET TO PROTECT PRIVACY,Kensington-Cedar Cottage,0.0,0.0
Offence Against a Person,2017,7,26,0,0,OFFSET TO PROTECT PRIVACY,Kensington-Cedar Cottage,0.0,0.0
Offence Against a Person,2017,12,27,0,0,OFFSET TO PROTECT PRIVACY,Strathcona,0.0,0.0
Offence Against a Person,2017,5,16,0,0,OFFSET TO PROTECT PRIVACY,Sunset,0.0,0.0
Offence Against a Person,2017,3,2,0,0,OFFSET TO PROTECT PRIVACY,Sunset,0.0,0.0
Offence Against a Person,2017,4,16,0,0,OFFSET TO PROTECT PRIVACY,Mount Pleasant,0.0,0.0
Offence Against a Person,2017,4,16,0,0,OFFSET TO PROTECT PRIVACY,Strathcona,0.0,0.0
Offence Against a Person,2017,7,7,0,0,OFFSET TO PROTECT PRIVACY,Kensington-Cedar Cottage,0.0,0.0
Offence Against a Person,2017,6,28,0,0,OFFSET TO PROTECT PRIVACY,Sunset,0.0,0.0
Offence Against a Person,2017,9,22,0,0,OFFSET TO PROTECT PRIVACY,Sunset,0.0,0.0
Offence Against a Person,2017,2,14,0,0,OFFSET TO PROTECT PRIVACY,Kensington-Cedar Cottage,0.0,0.0
Offence Against a Person,2017,12,24,0,0,OFFSET TO PROTECT PRIVACY,Sunset,0.0,0.0
Offence Against a Person,2017,3,24,0,0,OFFSET TO PROTECT PRIVACY,Kensington-Cedar Cottage,0.0,0.0
Offence Against a Person,2017,12,2,0,0,OFFSET TO PROTECT PRIVACY,Sunset,0.0,0.0
Offence Against a Person,2017,2,22,0,0,OFFSET TO PROTECT PRIVACY,Kensington-Cedar Cottage,0.0,0.0
Offence Against a Person,2017,9,24,0,0,OFFSET TO PROTECT PRIVACY,Mount Pleasant,0.0,0.0
Offence Against a Person,2017,6,4,0,0,OFFSET TO PROTECT PRIVACY,Kensington-Cedar Cottage,0.0,0.0
Offence Against a Person,2017,3,15,0,0,OFFSET TO PROTECT PRIVACY,Sunset,0.0,0.0
Offence Against a Person,2017,2,4,0,0,OFFSET TO PROTECT PRIVACY,Sunset,0.0,0.0
Offence Against a Person,2017,2,19,0,0,OFFSET TO PROTECT PRIVACY,Sunset,0.0,0.0
Offence Against a Person,2017,12,13,0,0,OFFSET TO PROTECT PRIVACY,Sunset,0.0,0.0
Offence Against a Person,2017,9,21,0,0,OFFSET TO PROTECT PRIVACY,Sunset,0.0,0.0
Offence Against a Person,2017,8,10,0,0,OFFSET TO PROTECT PRIVACY,Sunset,0.0,0.0
Offence Against a Person,2017,1,18,0,0,OFFSET TO PROTECT PRIVACY,Kensington-Cedar Cottage,0.0,0.0
Offence Against a Person,2017,12,13,0,0,OFFSET TO PROTECT PRIVACY,Kensington-Cedar Cottage,0.0,0.0
Offence Against a Person,2017,4,27,0,0,OFFSET TO PROTECT PRIVACY,Kensington-Cedar Cottage,0.0,0.0
Offence Against a Person,2017,10,23,0,0,OFFSET TO PROTECT PRIVACY,Kensington-Cedar Cottage,0.0,0.0
Offence Against a Person,2017,5,30,0,0,OFFSET TO PROTECT PRIVACY,Sunset,0.0,0.0
Offence Against a Person,2017,9,23,0,0,OFFSET TO PROTECT PRIVACY,Sunset,0.0,0.0
Offence Against a Person,2017,6,30,0,0,OFFSET TO PROTECT PRIVACY,Sunset,0.0,0.0
Offence Against a Person,2017,1,7,0,0,OFFSET TO PROTECT PRIVACY,Kensington-Cedar Cottage,0.0,0.0
Offence Against a Person,2017,3,30,0,0,OFFSET TO PROTECT PRIVACY,Kensington-Cedar Cottage,0.0,0.0
Offence Against a Person,2017,4,19,0,0,OFFSET TO PROTECT PRIVACY,Strathcona,0.0,0.0
Offence Against a Person,2017,9,2,0,0,OFFSET TO PROTECT PRIVACY,Kensington-Cedar Cottage,0.0,0.0
Offence Against a Person,2017,11,1,0,0,OFFSET TO PROTECT PRIVACY,Kensington-Cedar Cottage,0.0,0.0
Offence Against a Person,2017,1,22,0,0,OFFSET TO PROTECT PRIVACY,Kensington-Cedar Cottage,0.0,0.0
Offence Against a Person,2017,1,15,0,0,OFFSET TO PROTECT PRIVACY,Sunset,0.0,0.0
Offence Against a Person,2017,5,19,0,0,OFFSET TO PROTECT PRIVACY,Kensington-Cedar Cottage,0.0,0.0
Offence Against a Person,2017,2,20,0,0,OFFSET TO PROTECT PRIVACY,Kensington-Cedar Cottage,0.0,0.0
Offence Against a Person,2017,4,24,0,0,OFFSET TO PROTECT PRIVACY,Kensington-Cedar Cottage,0.0,0.0
Offence Against a Person,2017,2,6,0,0,OFFSET TO PROTECT PRIVACY,Kensington-Cedar Cottage,0.0,0.0
Offence Against a Person,2017,5,28,0,0,OFFSET TO PROTECT PRIVACY,Kensington-Cedar Cottage,0.0,0.0
Offence Against a Person,2017,9,18,0,0,OFFSET TO PROTECT PRIVACY,Mount Pleasant,0.0,0.0
Offence Against a Person,2017,5,19,0,0,OFFSET TO PROTECT PRIVACY,Mount Pleasant,0.0,0.0
Offence Against a Person,2017,6,22,0,0,OFFSET TO PROTECT PRIVACY,Kensington-Cedar Cottage,0.0,0.0
Offence Against a Person,2017,6,21,0,0,OFFSET TO PROTECT PRIVACY,Kensington-Cedar Cottage,0.0,0.0
Offence Against a Person,2017,4,5,0,0,OFFSET TO PROTECT PRIVACY,Victoria-Fraserview,0.0,0.0
Offence Against a Person,2017,7,7,0,0,OFFSET TO PROTECT PRIVACY,Kensington-Cedar Cottage,0.0,0.0
Offence Against a Person,2017,7,21,0,0,OFFSET TO PROTECT PRIVACY,Victoria-Fraserview,0.0,0.0
Offence Against a Person,2017,2,14,0,0,OFFSET TO PROTECT PRIVACY,Kensington-Cedar Cottage,0.0,0.0
Offence Against a Person,2017,10,11,0,0,OFFSET TO PROTECT PRIVACY,Sunset,0.0,0.0
Offence Against a Person,2017,3,24,0,0,OFFSET TO PROTECT PRIVACY,Kensington-Cedar Cottage,0.0,0.0
Offence Against a Person,2017,2,13,0,0,OFFSET TO PROTECT PRIVACY,Mount Pleasant,0.0,0.0
Offence Against a Person,2017,3,12,0,0,OFFSET TO PROTECT PRIVACY,Kensington-Cedar Cottage,0.0,0.0
Offence Against a Person,2017,6,15,0,0,OFFSET TO PROTECT PRIVACY,Kensington-Cedar Cottage,0.0,0.0
Offence Against a Person,2017,9,24,0,0,OFFSET TO PROTECT PRIVACY,Kensington-Cedar Cottage,0.0,0.0
Offence Against a Person,2017,6,15,0,0,OFFSET TO PROTECT PRIVACY,Grandview-Woodland,0.0,0.0
Offence Against a Person,2017,11,28,0,0,OFFSET TO PROTECT PRIVACY,Grandview-Woodland,0.0,0.0
Offence Against a Person,2017,10,23,0,0,OFFSET TO PROTECT PRIVACY,Grandview-Woodland,0.0,0.0
Offence Against a Person,2017,4,14,0,0,OFFSET TO PROTECT PRIVACY,Victoria-Fraserview,0.0,0.0
Offence Against a Person,2017,7,26,0,0,OFFSET TO PROTECT PRIVACY,Victoria-Fraserview,0.0,0.0
Offence Against a Person,2017,10,13,0,0,OFFSET TO PROTECT PRIVACY,Grandview-Woodland,0.0,0.0
Offence Against a Person,2017,7,26,0,0,OFFSET TO PROTECT PRIVACY,Kensington-Cedar Cottage,0.0,0.0
Offence Against a Person,2017,12,12,0,0,OFFSET TO PROTECT PRIVACY,Victoria-Fraserview,0.0,0.0
Offence Against a Person,2017,4,21,0,0,OFFSET TO PROTECT PRIVACY,Kensington-Cedar Cottage,0.0,0.0
Offence Against a Person,2017,10,27,0,0,OFFSET TO PROTECT PRIVACY,Grandview-Woodland,0.0,0.0
Offence Against a Person,2017,8,8,0,0,OFFSET TO PROTECT PRIVACY,Victoria-Fraserview,0.0,0.0
Offence Against a Person,2017,11,10,0,0,OFFSET TO PROTECT PRIVACY,Kensington-Cedar Cottage,0.0,0.0
Offence Against a Person,2017,9,27,0,0,OFFSET TO PROTECT PRIVACY,Victoria-Fraserview,0.0,0.0
Offence Against a Person,2017,2,23,0,0,OFFSET TO PROTECT PRIVACY,Victoria-Fraserview,0.0,0.0
Offence Against a Person,2017,1,29,0,0,OFFSET TO PROTECT PRIVACY,Victoria-Fraserview,0.0,0.0
Offence Against a Person,2017,3,3,0,0,OFFSET TO PROTECT PRIVACY,Victoria-Fraserview,0.0,0.0
Offence Against a Person,2017,4,13,0,0,OFFSET TO PROTECT PRIVACY,Grandview-Woodland,0.0,0.0
Offence Against a Person,2017,1,28,0,0,OFFSET TO PROTECT PRIVACY,Kensington-Cedar Cottage,0.0,0.0
Offence Against a Person,2017,2,1,0,0,OFFSET TO PROTECT PRIVACY,Kensington-Cedar Cottage,0.0,0.0
Offence Against a Person,2017,4,29,0,0,OFFSET TO PROTECT PRIVACY,Kensington-Cedar Cottage,0.0,0.0
Offence Against a Person,2017,3,11,0,0,OFFSET TO PROTECT PRIVACY,Kensington-Cedar Cottage,0.0,0.0
Offence Against a Person,2017,5,20,0,0,OFFSET TO PROTECT PRIVACY,Kensington-Cedar Cottage,0.0,0.0
Offence Against a Person,2017,6,28,0,0,OFFSET TO PROTECT PRIVACY,Kensington-Cedar Cottage,0.0,0.0
Offence Against a Person,2017,12,1,0,0,OFFSET TO PROTECT PRIVACY,Victoria-Fraserview,0.0,0.0
Offence Against a Person,2017,11,7,0,0,OFFSET TO PROTECT PRIVACY,Victoria-Fraserview,0.0,0.0
Offence Against a Person,2017,2,6,0,0,OFFSET TO PROTECT PRIVACY,Kensington-Cedar Cottage,0.0,0.0
Offence Against a Person,2017,9,28,0,0,OFFSET TO PROTECT PRIVACY,Kensington-Cedar Cottage,0.0,0.0
Offence Against a Person,2017,3,12,0,0,OFFSET TO PROTECT PRIVACY,Victoria-Fraserview,0.0,0.0
Offence Against a Person,2017,2,4,0,0,OFFSET TO PROTECT PRIVACY,Victoria-Fraserview,0.0,0.0
Offence Against a Person,2017,2,18,0,0,OFFSET TO PROTECT PRIVACY,Kensington-Cedar Cottage,0.0,0.0
Offence Against a Person,2017,11,13,0,0,OFFSET TO PROTECT PRIVACY,Kensington-Cedar Cottage,0.0,0.0
Offence Against a Person,2017,2,26,0,0,OFFSET TO PROTECT PRIVACY,Kensington-Cedar Cottage,0.0,0.0
Offence Against a Person,2017,12,11,0,0,OFFSET TO PROTECT PRIVACY,Grandview-Woodland,0.0,0.0
Offence Against a Person,2017,6,29,0,0,OFFSET TO PROTECT PRIVACY,Kensington-Cedar Cottage,0.0,0.0
Offence Against a Person,2017,9,12,0,0,OFFSET TO PROTECT PRIVACY,Kensington-Cedar Cottage,0.0,0.0
Offence Against a Person,2017,12,4,0,0,OFFSET TO PROTECT PRIVACY,Kensington-Cedar Cottage,0.0,0.0
Offence Against a Person,2017,5,12,0,0,OFFSET TO PROTECT PRIVACY,Victoria-Fraserview,0.0,0.0
Offence Against a Person,2017,3,15,0,0,OFFSET TO PROTECT PRIVACY,Kensington-Cedar Cottage,0.0,0.0
Offence Against a Person,2017,12,3,0,0,OFFSET TO PROTECT PRIVACY,Grandview-Woodland,0.0,0.0
Offence Against a Person,2017,1,29,0,0,OFFSET TO PROTECT PRIVACY,Grandview-Woodland,0.0,0.0
Offence Against a Person,2017,11,14,0,0,OFFSET TO PROTECT PRIVACY,Grandview-Woodland,0.0,0.0
Offence Against a Person,2017,7,13,0,0,OFFSET TO PROTECT PRIVACY,Kensington-Cedar Cottage,0.0,0.0
Offence Against a Person,2017,3,1,0,0,OFFSET TO PROTECT PRIVACY,Kensington-Cedar Cottage,0.0,0.0
Offence Against a Person,2017,2,9,0,0,OFFSET TO PROTECT PRIVACY,Kensington-Cedar Cottage,0.0,0.0
Offence Against a Person,2017,2,4,0,0,OFFSET TO PROTECT PRIVACY,Victoria-Fraserview,0.0,0.0
Offence Against a Person,2017,8,13,0,0,OFFSET TO PROTECT PRIVACY,Grandview-Woodland,0.0,0.0
Offence Against a Person,2017,6,13,0,0,OFFSET TO PROTECT PRIVACY,Kensington-Cedar Cottage,0.0,0.0
Offence Against a Person,2017,8,12,0,0,OFFSET TO PROTECT PRIVACY,Grandview-Woodland,0.0,0.0
Offence Against a Person,2017,5,21,0,0,OFFSET TO PROTECT PRIVACY,Victoria-Fraserview,0.0,0.0
Offence Against a Person,2017,10,1,0,0,OFFSET TO PROTECT PRIVACY,Kensington-Cedar Cottage,0.0,0.0
Offence Against a Person,2017,6,26,0,0,OFFSET TO PROTECT PRIVACY,Grandview-Woodland,0.0,0.0
Offence Against a Person,2017,11,12,0,0,OFFSET TO PROTECT PRIVACY,Kensington-Cedar Cottage,0.0,0.0
Offence Against a Person,2017,10,1,0,0,OFFSET TO PROTECT PRIVACY,Victoria-Fraserview,0.0,0.0
Offence Against a Person,2017,5,2,0,0,OFFSET TO PROTECT PRIVACY,Kensington-Cedar Cottage,0.0,0.0
Offence Against a Person,2017,5,7,0,0,OFFSET TO PROTECT PRIVACY,Victoria-Fraserview,0.0,0.0
Offence Against a Person,2017,8,27,0,0,OFFSET TO PROTECT PRIVACY,Victoria-Fraserview,0.0,0.0
Offence Against a Person,2017,11,14,0,0,OFFSET TO PROTECT PRIVACY,Kensington-Cedar Cottage,0.0,0.0
Offence Against a Person,2017,1,8,0,0,OFFSET TO PROTECT PRIVACY,Kensington-Cedar Cottage,0.0,0.0
Offence Against a Person,2017,7,16,0,0,OFFSET TO PROTECT PRIVACY,Victoria-Fraserview,0.0,0.0
Offence Against a Person,2017,4,8,0,0,OFFSET TO PROTECT PRIVACY,Victoria-Fraserview,0.0,0.0
Offence Against a Person,2017,1,3,0,0,OFFSET TO PROTECT PRIVACY,Victoria-Fraserview,0.0,0.0
Offence Against a Person,2017,10,29,0,0,OFFSET TO PROTECT PRIVACY,Victoria-Fraserview,0.0,0.0
Offence Against a Person,2017,11,18,0,0,OFFSET TO PROTECT PRIVACY,Victoria-Fraserview,0.0,0.0
Offence Against a Person,2017,1,9,0,0,OFFSET TO PROTECT PRIVACY,Victoria-Fraserview,0.0,0.0
Offence Against a Person,2017,5,18,0,0,OFFSET TO PROTECT PRIVACY,Victoria-Fraserview,0.0,0.0
Offence Against a Person,2017,6,12,0,0,OFFSET TO PROTECT PRIVACY,Victoria-Fraserview,0.0,0.0
Offence Against a Person,2017,2,18,0,0,OFFSET TO PROTECT PRIVACY,Victoria-Fraserview,0.0,0.0
Offence Against a Person,2017,3,3,0,0,OFFSET TO PROTECT PRIVACY,Kensington-Cedar Cottage,0.0,0.0
Offence Against a Person,2017,5,15,0,0,OFFSET TO PROTECT PRIVACY,Victoria-Fraserview,0.0,0.0
Offence Against a Person,2017,4,12,0,0,OFFSET TO PROTECT PRIVACY,Kensington-Cedar Cottage,0.0,0.0
Offence Against a Person,2017,10,20,0,0,OFFSET TO PROTECT PRIVACY,Kensington-Cedar Cottage,0.0,0.0
Offence Against a Person,2017,2,10,0,0,OFFSET TO PROTECT PRIVACY,Victoria-Fraserview,0.0,0.0
Offence Against a Person,2017,4,17,0,0,OFFSET TO PROTECT PRIVACY,Kensington-Cedar Cottage,0.0,0.0
Offence Against a Person,2017,8,26,0,0,OFFSET TO PROTECT PRIVACY,Kensington-Cedar Cottage,0.0,0.0
Offence Against a Person,2017,7,7,0,0,OFFSET TO PROTECT PRIVACY,Kensington-Cedar Cottage,0.0,0.0
Offence Against a Person,2017,11,4,0,0,OFFSET TO PROTECT PRIVACY,Kensington-Cedar Cottage,0.0,0.0
Offence Against a Person,2017,4,18,0,0,OFFSET TO PROTECT PRIVACY,Kensington-Cedar Cottage,0.0,0.0
Offence Against a Person,2017,5,29,0,0,OFFSET TO PROTECT PRIVACY,Kensington-Cedar Cottage,0.0,0.0
Offence Against a Person,2017,11,19,0,0,OFFSET TO PROTECT PRIVACY,Kensington-Cedar Cottage,0.0,0.0
Offence Against a Person,2017,11,13,0,0,OFFSET TO PROTECT PRIVACY,Kensington-Cedar Cottage,0.0,0.0
Offence Against a Person,2017,3,12,0,0,OFFSET TO PROTECT PRIVACY,Kensington-Cedar Cottage,0.0,0.0
Offence Against a Person,2017,12,20,0,0,OFFSET TO PROTECT PRIVACY,Kensington-Cedar Cottage,0.0,0.0
Offence Against a Person,2017,7,28,0,0,OFFSET TO PROTECT PRIVACY,Kensington-Cedar Cottage,0.0,0.0
Offence Against a Person,2017,11,19,0,0,OFFSET TO PROTECT PRIVACY,Victoria-Fraserview,0.0,0.0
Offence Against a Person,2017,1,8,0,0,OFFSET TO PROTECT PRIVACY,Kensington-Cedar Cottage,0.0,0.0
Offence Against a Person,2017,12,10,0,0,OFFSET TO PROTECT PRIVACY,Victoria-Fraserview,0.0,0.0
Offence Against a Person,2017,7,15,0,0,OFFSET TO PROTECT PRIVACY,Kensington-Cedar Cottage,0.0,0.0
Offence Against a Person,2017,6,28,0,0,OFFSET TO PROTECT PRIVACY,Grandview-Woodland,0.0,0.0
Offence Against a Person,2017,9,18,0,0,OFFSET TO PROTECT PRIVACY,Grandview-Woodland,0.0,0.0
Offence Against a Person,2017,7,31,0,0,OFFSET TO PROTECT PRIVACY,Kensington-Cedar Cottage,0.0,0.0
Offence Against a Person,2017,7,31,0,0,OFFSET TO PROTECT PRIVACY,Kensington-Cedar Cottage,0.0,0.0
Offence Against a Person,2017,6,21,0,0,OFFSET TO PROTECT PRIVACY,Kensington-Cedar Cottage,0.0,0.0
Offence Against a Person,2017,5,20,0,0,OFFSET TO PROTECT PRIVACY,Grandview-Woodland,0.0,0.0
Offence Against a Person,2017,10,16,0,0,OFFSET TO PROTECT PRIVACY,Grandview-Woodland,0.0,0.0
Offence Against a Person,2017,6,26,0,0,OFFSET TO PROTECT PRIVACY,Kensington-Cedar Cottage,0.0,0.0
Offence Against a Person,2017,4,27,0,0,OFFSET TO PROTECT PRIVACY,Victoria-Fraserview,0.0,0.0
Offence Against a Person,2017,7,1,0,0,OFFSET TO PROTECT PRIVACY,Kensington-Cedar Cottage,0.0,0.0
Offence Against a Person,2017,2,10,0,0,OFFSET TO PROTECT PRIVACY,Kensington-Cedar Cottage,0.0,0.0
Offence Against a Person,2017,6,26,0,0,OFFSET TO PROTECT PRIVACY,Kensington-Cedar Cottage,0.0,0.0
Offence Against a Person,2017,7,27,0,0,OFFSET TO PROTECT PRIVACY,Kensington-Cedar Cottage,0.0,0.0
Offence Against a Person,2017,12,4,0,0,OFFSET TO PROTECT PRIVACY,Kensington-Cedar Cottage,0.0,0.0
Offence Against a Person,2017,3,10,0,0,OFFSET TO PROTECT PRIVACY,Victoria-Fraserview,0.0,0.0
Offence Against a Person,2017,10,21,0,0,OFFSET TO PROTECT PRIVACY,Kensington-Cedar Cottage,0.0,0.0
Offence Against a Person,2017,2,3,0,0,OFFSET TO PROTECT PRIVACY,Victoria-Fraserview,0.0,0.0
Offence Against a Person,2017,1,9,0,0,OFFSET TO PROTECT PRIVACY,Kensington-Cedar Cottage,0.0,0.0
Offence Against a Person,2017,5,27,0,0,OFFSET TO PROTECT PRIVACY,Victoria-Fraserview,0.0,0.0
Offence Against a Person,2017,5,27,0,0,OFFSET TO PROTECT PRIVACY,Kensington-Cedar Cottage,0.0,0.0
Offence Against a Person,2017,4,3,0,0,OFFSET TO PROTECT PRIVACY,Victoria-Fraserview,0.0,0.0
Offence Against a Person,2017,5,1,0,0,OFFSET TO PROTECT PRIVACY,Victoria-Fraserview,0.0,0.0
Offence Against a Person,2017,11,12,0,0,OFFSET TO PROTECT PRIVACY,Victoria-Fraserview,0.0,0.0
Offence Against a Person,2017,9,23,0,0,OFFSET TO PROTECT PRIVACY,Kensington-Cedar Cottage,0.0,0.0
Offence Against a Person,2017,9,23,0,0,OFFSET TO PROTECT PRIVACY,Grandview-Woodland,0.0,0.0
Offence Against a Person,2017,4,11,0,0,OFFSET TO PROTECT PRIVACY,Victoria-Fraserview,0.0,0.0
Offence Against a Person,2017,7,4,0,0,OFFSET TO PROTECT PRIVACY,Victoria-Fraserview,0.0,0.0
Offence Against a Person,2017,1,26,0,0,OFFSET TO PROTECT PRIVACY,Victoria-Fraserview,0.0,0.0
Offence Against a Person,2017,1,26,0,0,OFFSET TO PROTECT PRIVACY,Kensington-Cedar Cottage,0.0,0.0
Offence Against a Person,2017,9,17,0,0,OFFSET TO PROTECT PRIVACY,Kensington-Cedar Cottage,0.0,0.0
Offence Against a Person,2017,12,15,0,0,OFFSET TO PROTECT PRIVACY,Victoria-Fraserview,0.0,0.0
Offence Against a Person,2017,8,25,0,0,OFFSET TO PROTECT PRIVACY,Kensington-Cedar Cottage,0.0,0.0
Offence Against a Person,2017,8,26,0,0,OFFSET TO PROTECT PRIVACY,Kensington-Cedar Cottage,0.0,0.0
Offence Against a Person,2017,1,21,0,0,OFFSET TO PROTECT PRIVACY,Kensington-Cedar Cottage,0.0,0.0
Offence Against a Person,2017,12,1,0,0,OFFSET TO PROTECT PRIVACY,Kensington-Cedar Cottage,0.0,0.0
Offence Against a Person,2017,1,3,0,0,OFFSET TO PROTECT PRIVACY,Victoria-Fraserview,0.0,0.0
Offence Against a Person,2017,4,18,0,0,OFFSET TO PROTECT PRIVACY,Kensington-Cedar Cottage,0.0,0.0
Offence Against a Person,2017,8,15,0,0,OFFSET TO PROTECT PRIVACY,Kensington-Cedar Cottage,0.0,0.0
Offence Against a Person,2017,12,26,0,0,OFFSET TO PROTECT PRIVACY,Kensington-Cedar Cottage,0.0,0.0
Offence Against a Person,2017,7,1,0,0,OFFSET TO PROTECT PRIVACY,Kensington-Cedar Cottage,0.0,0.0
Offence Against a Person,2017,6,15,0,0,OFFSET TO PROTECT PRIVACY,Kensington-Cedar Cottage,0.0,0.0
Offence Against a Person,2017,12,20,0,0,OFFSET TO PROTECT PRIVACY,Kensington-Cedar Cottage,0.0,0.0
Offence Against a Person,2017,2,15,0,0,OFFSET TO PROTECT PRIVACY,Kensington-Cedar Cottage,0.0,0.0
Offence Against a Person,2017,1,22,0,0,OFFSET TO PROTECT PRIVACY,Kensington-Cedar Cottage,0.0,0.0
Offence Against a Person,2017,5,27,0,0,OFFSET TO PROTECT PRIVACY,Kensington-Cedar Cottage,0.0,0.0
Offence Against a Person,2017,9,27,0,0,OFFSET TO PROTECT PRIVACY,Victoria-Fraserview,0.0,0.0
Offence Against a Person,2017,5,24,0,0,OFFSET TO PROTECT PRIVACY,Kensington-Cedar Cottage,0.0,0.0
Offence Against a Person,2017,11,19,0,0,OFFSET TO PROTECT PRIVACY,Kensington-Cedar Cottage,0.0,0.0
Offence Against a Person,2017,12,8,0,0,OFFSET TO PROTECT PRIVACY,Kensington-Cedar Cottage,0.0,0.0
Offence Against a Person,2017,11,5,0,0,OFFSET TO PROTECT PRIVACY,Kensington-Cedar Cottage,0.0,0.0
Offence Against a Person,2017,1,25,0,0,OFFSET TO PROTECT PRIVACY,Kensington-Cedar Cottage,0.0,0.0
Offence Against a Person,2017,2,25,0,0,OFFSET TO PROTECT PRIVACY,Victoria-Fraserview,0.0,0.0
Offence Against a Person,2017,4,10,0,0,OFFSET TO PROTECT PRIVACY,Victoria-Fraserview,0.0,0.0
Offence Against a Person,2017,4,5,0,0,OFFSET TO PROTECT PRIVACY,Kensington-Cedar Cottage,0.0,0.0
Offence Against a Person,2017,6,7,0,0,OFFSET TO PROTECT PRIVACY,Kensington-Cedar Cottage,0.0,0.0
Offence Against a Person,2017,2,25,0,0,OFFSET TO PROTECT PRIVACY,Kensington-Cedar Cottage,0.0,0.0
Offence Against a Person,2017,7,1,0,0,OFFSET TO PROTECT PRIVACY,Kensington-Cedar Cottage,0.0,0.0
Offence Against a Person,2017,10,24,0,0,OFFSET TO PROTECT PRIVACY,Kensington-Cedar Cottage,0.0,0.0
Offence Against a Person,2017,7,30,0,0,OFFSET TO PROTECT PRIVACY,Kensington-Cedar Cottage,0.0,0.0
Offence Against a Person,2017,6,10,0,0,OFFSET TO PROTECT PRIVACY,Kensington-Cedar Cottage,0.0,0.0
Offence Against a Person,2017,11,1,0,0,OFFSET TO PROTECT PRIVACY,Kensington-Cedar Cottage,0.0,0.0
Offence Against a Person,2017,9,29,0,0,OFFSET TO PROTECT PRIVACY,Kensington-Cedar Cottage,0.0,0.0
Offence Against a Person,2017,1,12,0,0,OFFSET TO PROTECT PRIVACY,Victoria-Fraserview,0.0,0.0
Offence Against a Person,2017,1,12,0,0,OFFSET TO PROTECT PRIVACY,Victoria-Fraserview,0.0,0.0
Offence Against a Person,2017,8,2,0,0,OFFSET TO PROTECT PRIVACY,Kensington-Cedar Cottage,0.0,0.0
Offence Against a Person,2017,8,2,0,0,OFFSET TO PROTECT PRIVACY,Kensington-Cedar Cottage,0.0,0.0
Offence Against a Person,2017,8,1,0,0,OFFSET TO PROTECT PRIVACY,Kensington-Cedar Cottage,0.0,0.0
Offence Against a Person,2017,1,7,0,0,OFFSET TO PROTECT PRIVACY,Kensington-Cedar Cottage,0.0,0.0
Offence Against a Person,2017,2,15,0,0,OFFSET TO PROTECT PRIVACY,Renfrew-Collingwood,0.0,0.0
Offence Against a Person,2017,2,1,0,0,OFFSET TO PROTECT PRIVACY,Renfrew-Collingwood,0.0,0.0
Offence Against a Person,2017,12,2,0,0,OFFSET TO PROTECT PRIVACY,Renfrew-Collingwood,0.0,0.0
Offence Against a Person,2017,9,18,0,0,OFFSET TO PROTECT PRIVACY,Kensington-Cedar Cottage,0.0,0.0
Offence Against a Person,2017,1,16,0,0,OFFSET TO PROTECT PRIVACY,Renfrew-Collingwood,0.0,0.0
Offence Against a Person,2017,1,20,0,0,OFFSET TO PROTECT PRIVACY,Renfrew-Collingwood,0.0,0.0
Offence Against a Person,2017,1,4,0,0,OFFSET TO PROTECT PRIVACY,Renfrew-Collingwood,0.0,0.0
Offence Against a Person,2017,6,3,0,0,OFFSET TO PROTECT PRIVACY,Renfrew-Collingwood,0.0,0.0
Offence Against a Person,2017,12,8,0,0,OFFSET TO PROTECT PRIVACY,Renfrew-Collingwood,0.0,0.0
Offence Against a Person,2017,2,26,0,0,OFFSET TO PROTECT PRIVACY,Renfrew-Collingwood,0.0,0.0
Offence Against a Person,2017,12,17,0,0,OFFSET TO PROTECT PRIVACY,Renfrew-Collingwood,0.0,0.0
Offence Against a Person,2017,5,17,0,0,OFFSET TO PROTECT PRIVACY,Renfrew-Collingwood,0.0,0.0
Offence Against a Person,2017,4,27,0,0,OFFSET TO PROTECT PRIVACY,Hastings-Sunrise,0.0,0.0
Offence Against a Person,2017,6,16,0,0,OFFSET TO PROTECT PRIVACY,Renfrew-Collingwood,0.0,0.0
Offence Against a Person,2017,11,16,0,0,OFFSET TO PROTECT PRIVACY,Renfrew-Collingwood,0.0,0.0
Offence Against a Person,2017,1,17,0,0,OFFSET TO PROTECT PRIVACY,Renfrew-Collingwood,0.0,0.0
Offence Against a Person,2017,7,6,0,0,OFFSET TO PROTECT PRIVACY,Renfrew-Collingwood,0.0,0.0
Offence Against a Person,2017,6,10,0,0,OFFSET TO PROTECT PRIVACY,Renfrew-Collingwood,0.0,0.0
Offence Against a Person,2017,4,9,0,0,OFFSET TO PROTECT PRIVACY,Renfrew-Collingwood,0.0,0.0
Offence Against a Person,2017,9,30,0,0,OFFSET TO PROTECT PRIVACY,Renfrew-Collingwood,0.0,0.0
Offence Against a Person,2017,4,23,0,0,OFFSET TO PROTECT PRIVACY,Renfrew-Collingwood,0.0,0.0
Offence Against a Person,2017,11,18,0,0,OFFSET TO PROTECT PRIVACY,Renfrew-Collingwood,0.0,0.0
Offence Against a Person,2017,4,2,0,0,OFFSET TO PROTECT PRIVACY,Renfrew-Collingwood,0.0,0.0
Offence Against a Person,2017,4,2,0,0,OFFSET TO PROTECT PRIVACY,Renfrew-Collingwood,0.0,0.0
Offence Against a Person,2017,1,1,0,0,OFFSET TO PROTECT PRIVACY,Renfrew-Collingwood,0.0,0.0
Offence Against a Person,2017,5,1,0,0,OFFSET TO PROTECT PRIVACY,Victoria-Fraserview,0.0,0.0
Offence Against a Person,2017,2,28,0,0,OFFSET TO PROTECT PRIVACY,Renfrew-Collingwood,0.0,0.0
Offence Against a Person,2017,11,19,0,0,OFFSET TO PROTECT PRIVACY,Killarney,0.0,0.0
Offence Against a Person,2017,11,19,0,0,OFFSET TO PROTECT PRIVACY,Killarney,0.0,0.0
Offence Against a Person,2017,8,2,0,0,OFFSET TO PROTECT PRIVACY,Killarney,0.0,0.0
Offence Against a Person,2017,3,27,0,0,OFFSET TO PROTECT PRIVACY,Victoria-Fraserview,0.0,0.0
Offence Against a Person,2017,9,18,0,0,OFFSET TO PROTECT PRIVACY,Renfrew-Collingwood,0.0,0.0
Offence Against a Person,2017,9,21,0,0,OFFSET TO PROTECT PRIVACY,Renfrew-Collingwood,0.0,0.0
Offence Against a Person,2017,6,19,0,0,OFFSET TO PROTECT PRIVACY,Hastings-Sunrise,0.0,0.0
Offence Against a Person,2017,10,21,0,0,OFFSET TO PROTECT PRIVACY,Victoria-Fraserview,0.0,0.0
Offence Against a Person,2017,2,20,0,0,OFFSET TO PROTECT PRIVACY,Renfrew-Collingwood,0.0,0.0
Offence Against a Person,2017,1,1,0,0,OFFSET TO PROTECT PRIVACY,Killarney,0.0,0.0
Offence Against a Person,2017,4,23,0,0,OFFSET TO PROTECT PRIVACY,Killarney,0.0,0.0
Offence Against a Person,2017,7,1,0,0,OFFSET TO PROTECT PRIVACY,Killarney,0.0,0.0
Offence Against a Person,2017,1,1,0,0,OFFSET TO PROTECT PRIVACY,Renfrew-Collingwood,0.0,0.0
Offence Against a Person,2017,9,30,0,0,OFFSET TO PROTECT PRIVACY,Renfrew-Collingwood,0.0,0.0
Offence Against a Person,2017,6,4,0,0,OFFSET TO PROTECT PRIVACY,Renfrew-Collingwood,0.0,0.0
Offence Against a Person,2017,12,9,0,0,OFFSET TO PROTECT PRIVACY,Renfrew-Collingwood,0.0,0.0
Offence Against a Person,2017,12,18,0,0,OFFSET TO PROTECT PRIVACY,Renfrew-Collingwood,0.0,0.0
Offence Against a Person,2017,8,30,0,0,OFFSET TO PROTECT PRIVACY,Renfrew-Collingwood,0.0,0.0
Offence Against a Person,2017,3,28,0,0,OFFSET TO PROTECT PRIVACY,Renfrew-Collingwood,0.0,0.0
Offence Against a Person,2017,12,31,0,0,OFFSET TO PROTECT PRIVACY,Killarney,0.0,0.0
Offence Against a Person,2017,1,22,0,0,OFFSET TO PROTECT PRIVACY,Killarney,0.0,0.0
Offence Against a Person,2017,5,1,0,0,OFFSET TO PROTECT PRIVACY,Killarney,0.0,0.0
Offence Against a Person,2017,1,2,0,0,OFFSET TO PROTECT PRIVACY,Renfrew-Collingwood,0.0,0.0
Offence Against a Person,2017,2,14,0,0,OFFSET TO PROTECT PRIVACY,Renfrew-Collingwood,0.0,0.0
Offence Against a Person,2017,8,2,0,0,OFFSET TO PROTECT PRIVACY,Killarney,0.0,0.0
Offence Against a Person,2017,12,17,0,0,OFFSET TO PROTECT PRIVACY,Renfrew-Collingwood,0.0,0.0
Offence Against a Person,2017,5,1,0,0,OFFSET TO PROTECT PRIVACY,Renfrew-Collingwood,0.0,0.0
Offence Against a Person,2017,7,21,0,0,OFFSET TO PROTECT PRIVACY,Renfrew-Collingwood,0.0,0.0
Offence Against a Person,2017,9,18,0,0,OFFSET TO PROTECT PRIVACY,Renfrew-Collingwood,0.0,0.0
Offence Against a Person,2017,9,23,0,0,OFFSET TO PROTECT PRIVACY,Renfrew-Collingwood,0.0,0.0
Offence Against a Person,2017,8,11,0,0,OFFSET TO PROTECT PRIVACY,Killarney,0.0,0.0
Offence Against a Person,2017,5,11,0,0,OFFSET TO PROTECT PRIVACY,Killarney,0.0,0.0
Offence Against a Person,2017,5,8,0,0,OFFSET TO PROTECT PRIVACY,Killarney,0.0,0.0
Offence Against a Person,2017,10,25,0,0,OFFSET TO PROTECT PRIVACY,Killarney,0.0,0.0
Offence Against a Person,2017,2,1,0,0,OFFSET TO PROTECT PRIVACY,Renfrew-Collingwood,0.0,0.0
Offence Against a Person,2017,1,1,0,0,OFFSET TO PROTECT PRIVACY,Killarney,0.0,0.0
Offence Against a Person,2017,6,8,0,0,OFFSET TO PROTECT PRIVACY,Renfrew-Collingwood,0.0,0.0
Offence Against a Person,2017,12,5,0,0,OFFSET TO PROTECT PRIVACY,Killarney,0.0,0.0
Offence Against a Person,2017,5,13,0,0,OFFSET TO PROTECT PRIVACY,Renfrew-Collingwood,0.0,0.0
Offence Against a Person,2017,6,1,0,0,OFFSET TO PROTECT PRIVACY,Renfrew-Collingwood,0.0,0.0
Offence Against a Person,2017,12,31,0,0,OFFSET TO PROTECT PRIVACY,Renfrew-Collingwood,0.0,0.0
Offence Against a Person,2017,7,13,0,0,OFFSET TO PROTECT PRIVACY,Renfrew-Collingwood,0.0,0.0
Offence Against a Person,2017,1,1,0,0,OFFSET TO PROTECT PRIVACY,Renfrew-Collingwood,0.0,0.0
Offence Against a Person,2017,12,6,0,0,OFFSET TO PROTECT PRIVACY,Renfrew-Collingwood,0.0,0.0
Offence Against a Person,2017,3,25,0,0,OFFSET TO PROTECT PRIVACY,Renfrew-Collingwood,0.0,0.0
Offence Against a Person,2017,8,16,0,0,OFFSET TO PROTECT PRIVACY,Renfrew-Collingwood,0.0,0.0
Offence Against a Person,2017,4,3,0,0,OFFSET TO PROTECT PRIVACY,Renfrew-Collingwood,0.0,0.0
Offence Against a Person,2017,5,15,0,0,OFFSET TO PROTECT PRIVACY,Renfrew-Collingwood,0.0,0.0
Offence Against a Person,2017,9,15,0,0,OFFSET TO PROTECT PRIVACY,Renfrew-Collingwood,0.0,0.0
Offence Against a Person,2017,6,5,0,0,OFFSET TO PROTECT PRIVACY,Renfrew-Collingwood,0.0,0.0
Offence Against a Person,2017,7,31,0,0,OFFSET TO PROTECT PRIVACY,Renfrew-Collingwood,0.0,0.0
Offence Against a Person,2017,9,15,0,0,OFFSET TO PROTECT PRIVACY,Renfrew-Collingwood,0.0,0.0
Offence Against a Person,2017,9,17,0,0,OFFSET TO PROTECT PRIVACY,Renfrew-Collingwood,0.0,0.0
Offence Against a Person,2017,12,10,0,0,OFFSET TO PROTECT PRIVACY,Renfrew-Collingwood,0.0,0.0
Offence Against a Person,2017,1,10,0,0,OFFSET TO PROTECT PRIVACY,Renfrew-Collingwood,0.0,0.0
Offence Against a Person,2017,2,20,0,0,OFFSET TO PROTECT PRIVACY,Killarney,0.0,0.0
Offence Against a Person,2017,2,1,0,0,OFFSET TO PROTECT PRIVACY,Renfrew-Collingwood,0.0,0.0
Offence Against a Person,2017,7,9,0,0,OFFSET TO PROTECT PRIVACY,Renfrew-Collingwood,0.0,0.0
Offence Against a Person,2017,6,14,0,0,OFFSET TO PROTECT PRIVACY,Renfrew-Collingwood,0.0,0.0
Offence Against a Person,2017,1,15,0,0,OFFSET TO PROTECT PRIVACY,Killarney,0.0,0.0
Offence Against a Person,2017,11,7,0,0,OFFSET TO PROTECT PRIVACY,Renfrew-Collingwood,0.0,0.0
Offence Against a Person,2017,12,19,0,0,OFFSET TO PROTECT PRIVACY,Renfrew-Collingwood,0.0,0.0
Offence Against a Person,2017,5,31,0,0,OFFSET TO PROTECT PRIVACY,Renfrew-Collingwood,0.0,0.0
Offence Against a Person,2017,7,2,0,0,OFFSET TO PROTECT PRIVACY,Killarney,0.0,0.0
Offence Against a Person,2017,10,5,0,0,OFFSET TO PROTECT PRIVACY,Killarney,0.0,0.0
Offence Against a Person,2017,3,14,0,0,OFFSET TO PROTECT PRIVACY,Renfrew-Collingwood,0.0,0.0
Offence Against a Person,2017,9,1,0,0,OFFSET TO PROTECT PRIVACY,Renfrew-Collingwood,0.0,0.0
Offence Against a Person,2017,7,31,0,0,OFFSET TO PROTECT PRIVACY,Renfrew-Collingwood,0.0,0.0
Offence Against a Person,2017,3,30,0,0,OFFSET TO PROTECT PRIVACY,Killarney,0.0,0.0
Offence Against a Person,2017,6,19,0,0,OFFSET TO PROTECT PRIVACY,Renfrew-Collingwood,0.0,0.0
Offence Against a Person,2017,1,25,0,0,OFFSET TO PROTECT PRIVACY,Renfrew-Collingwood,0.0,0.0
Offence Against a Person,2017,12,7,0,0,OFFSET TO PROTECT PRIVACY,Renfrew-Collingwood,0.0,0.0
Offence Against a Person,2017,10,5,0,0,OFFSET TO PROTECT PRIVACY,Renfrew-Collingwood,0.0,0.0
Offence Against a Person,2017,9,1,0,0,OFFSET TO PROTECT PRIVACY,Killarney,0.0,0.0
Offence Against a Person,2017,3,1,0,0,OFFSET TO PROTECT PRIVACY,Renfrew-Collingwood,0.0,0.0
Offence Against a Person,2017,1,8,0,0,OFFSET TO PROTECT PRIVACY,Renfrew-Collingwood,0.0,0.0
Offence Against a Person,2017,3,11,0,0,OFFSET TO PROTECT PRIVACY,Hastings-Sunrise,0.0,0.0
Offence Against a Person,2017,5,18,0,0,OFFSET TO PROTECT PRIVACY,Renfrew-Collingwood,0.0,0.0
Offence Against a Person,2017,8,5,0,0,OFFSET TO PROTECT PRIVACY,Renfrew-Collingwood,0.0,0.0
Offence Against a Person,2017,7,5,0,0,OFFSET TO PROTECT PRIVACY,Renfrew-Collingwood,0.0,0.0
Offence Against a Person,2017,1,14,0,0,OFFSET TO PROTECT PRIVACY,Renfrew-Collingwood,0.0,0.0
Offence Against a Person,2017,12,9,0,0,OFFSET TO PROTECT PRIVACY,Renfrew-Collingwood,0.0,0.0
Offence Against a Person,2017,7,1,0,0,OFFSET TO PROTECT PRIVACY,Renfrew-Collingwood,0.0,0.0
Offence Against a Person,2017,3,6,0,0,OFFSET TO PROTECT PRIVACY,Renfrew-Collingwood,0.0,0.0
Offence Against a Person,2017,10,15,0,0,OFFSET TO PROTECT PRIVACY,Renfrew-Collingwood,0.0,0.0
Offence Against a Person,2017,1,1,0,0,OFFSET TO PROTECT PRIVACY,Renfrew-Collingwood,0.0,0.0
Offence Against a Person,2017,1,23,0,0,OFFSET TO PROTECT PRIVACY,Renfrew-Collingwood,0.0,0.0
Offence Against a Person,2017,10,14,0,0,OFFSET TO PROTECT PRIVACY,Renfrew-Collingwood,0.0,0.0
Offence Against a Person,2017,6,3,0,0,OFFSET TO PROTECT PRIVACY,Killarney,0.0,0.0
Offence Against a Person,2017,6,15,0,0,OFFSET TO PROTECT PRIVACY,Killarney,0.0,0.0
Offence Against a Person,2017,11,25,0,0,OFFSET TO PROTECT PRIVACY,Killarney,0.0,0.0
Offence Against a Person,2017,10,22,0,0,OFFSET TO PROTECT PRIVACY,Renfrew-Collingwood,0.0,0.0
Offence Against a Person,2017,3,25,0,0,OFFSET TO PROTECT PRIVACY,Killarney,0.0,0.0
Offence Against a Person,2017,9,9,0,0,OFFSET TO PROTECT PRIVACY,Killarney,0.0,0.0
Offence Against a Person,2017,3,7,0,0,OFFSET TO PROTECT PRIVACY,Renfrew-Collingwood,0.0,0.0
Offence Against a Person,2017,5,13,0,0,OFFSET TO PROTECT PRIVACY,Killarney,0.0,0.0
Offence Against a Person,2017,4,14,0,0,OFFSET TO PROTECT PRIVACY,Killarney,0.0,0.0
Offence Against a Person,2017,4,26,0,0,OFFSET TO PROTECT PRIVACY,Killarney,0.0,0.0
Offence Against a Person,2017,4,12,0,0,OFFSET TO PROTECT PRIVACY,Renfrew-Collingwood,0.0,0.0
Offence Against a Person,2017,4,11,0,0,OFFSET TO PROTECT PRIVACY,Killarney,0.0,0.0
Offence Against a Person,2017,4,14,0,0,OFFSET TO PROTECT PRIVACY,Killarney,0.0,0.0
Offence Against a Person,2017,9,25,0,0,OFFSET TO PROTECT PRIVACY,Killarney,0.0,0.0
Offence Against a Person,2017,1,30,0,0,OFFSET TO PROTECT PRIVACY,Renfrew-Collingwood,0.0,0.0
Offence Against a Person,2017,6,23,0,0,OFFSET TO PROTECT PRIVACY,Renfrew-Collingwood,0.0,0.0
Offence Against a Person,2017,10,4,0,0,OFFSET TO PROTECT PRIVACY,Renfrew-Collingwood,0.0,0.0
Offence Against a Person,2017,12,26,0,0,OFFSET TO PROTECT PRIVACY,Killarney,0.0,0.0
Offence Against a Person,2017,12,26,0,0,OFFSET TO PROTECT PRIVACY,Killarney,0.0,0.0
Offence Against a Person,2017,7,26,0,0,OFFSET TO PROTECT PRIVACY,Killarney,0.0,0.0
Offence Against a Person,2017,1,11,0,0,OFFSET TO PROTECT PRIVACY,Renfrew-Collingwood,0.0,0.0
Offence Against a Person,2017,11,7,0,0,OFFSET TO PROTECT PRIVACY,Renfrew-Collingwood,0.0,0.0
Offence Against a Person,2017,6,13,0,0,OFFSET TO PROTECT PRIVACY,Renfrew-Collingwood,0.0,0.0
Offence Against a Person,2017,8,10,0,0,OFFSET TO PROTECT PRIVACY,Renfrew-Collingwood,0.0,0.0
Offence Against a Person,2017,4,26,0,0,OFFSET TO PROTECT PRIVACY,Renfrew-Collingwood,0.0,0.0
Offence Against a Person,2017,2,5,0,0,OFFSET TO PROTECT PRIVACY,Renfrew-Collingwood,0.0,0.0
Offence Against a Person,2017,12,21,0,0,OFFSET TO PROTECT PRIVACY,Killarney,0.0,0.0
Offence Against a Person,2017,12,14,0,0,OFFSET TO PROTECT PRIVACY,Killarney,0.0,0.0
Offence Against a Person,2017,7,29,0,0,OFFSET TO PROTECT PRIVACY,Killarney,0.0,0.0
Offence Against a Person,2017,6,11,0,0,OFFSET TO PROTECT PRIVACY,Killarney,0.0,0.0
Offence Against a Person,2017,10,27,0,0,OFFSET TO PROTECT PRIVACY,Renfrew-Collingwood,0.0,0.0
Offence Against a Person,2017,8,1,0,0,OFFSET TO PROTECT PRIVACY,Renfrew-Collingwood,0.0,0.0
Offence Against a Person,2017,8,1,0,0,OFFSET TO PROTECT PRIVACY,Renfrew-Collingwood,0.0,0.0
Offence Against a Person,2017,8,5,0,0,OFFSET TO PROTECT PRIVACY,Renfrew-Collingwood,0.0,0.0
Offence Against a Person,2017,3,1,0,0,OFFSET TO PROTECT PRIVACY,Renfrew-Collingwood,0.0,0.0
Offence Against a Person,2017,5,28,0,0,OFFSET TO PROTECT PRIVACY,Hastings-Sunrise,0.0,0.0
Offence Against a Person,2017,10,11,0,0,OFFSET TO PROTECT PRIVACY,Renfrew-Collingwood,0.0,0.0
Offence Against a Person,2017,6,17,0,0,OFFSET TO PROTECT PRIVACY,Renfrew-Collingwood,0.0,0.0
Offence Against a Person,2017,7,23,0,0,OFFSET TO PROTECT PRIVACY,Killarney,0.0,0.0
Offence Against a Person,2017,7,28,0,0,OFFSET TO PROTECT PRIVACY,Renfrew-Collingwood,0.0,0.0
Offence Against a Person,2017,12,26,0,0,OFFSET TO PROTECT PRIVACY,Killarney,0.0,0.0
Offence Against a Person,2017,12,19,0,0,OFFSET TO PROTECT PRIVACY,Renfrew-Collingwood,0.0,0.0
Offence Against a Person,2017,7,1,0,0,OFFSET TO PROTECT PRIVACY,Renfrew-Collingwood,0.0,0.0
Offence Against a Person,2017,9,27,0,0,OFFSET TO PROTECT PRIVACY,Renfrew-Collingwood,0.0,0.0
Offence Against a Person,2017,7,19,0,0,OFFSET TO PROTECT PRIVACY,Renfrew-Collingwood,0.0,0.0
Offence Against a Person,2017,7,7,0,0,OFFSET TO PROTECT PRIVACY,Renfrew-Collingwood,0.0,0.0
Offence Against a Person,2017,12,11,0,0,OFFSET TO PROTECT PRIVACY,Renfrew-Collingwood,0.0,0.0
Offence Against a Person,2017,5,12,0,0,OFFSET TO PROTECT PRIVACY,Renfrew-Collingwood,0.0,0.0
Offence Against a Person,2017,1,27,0,0,OFFSET TO PROTECT PRIVACY,Renfrew-Collingwood,0.0,0.0
Offence Against a Person,2017,1,27,0,0,OFFSET TO PROTECT PRIVACY,Renfrew-Collingwood,0.0,0.0
Offence Against a Person,2017,4,26,0,0,OFFSET TO PROTECT PRIVACY,Renfrew-Collingwood,0.0,0.0
Offence Against a Person,2017,7,7,0,0,OFFSET TO PROTECT PRIVACY,Renfrew-Collingwood,0.0,0.0
Offence Against a Person,2017,4,15,0,0,OFFSET TO PROTECT PRIVACY,Renfrew-Collingwood,0.0,0.0
Offence Against a Person,2017,5,31,0,0,OFFSET TO PROTECT PRIVACY,Renfrew-Collingwood,0.0,0.0
Offence Against a Person,2017,2,15,0,0,OFFSET TO PROTECT PRIVACY,Renfrew-Collingwood,0.0,0.0
Offence Against a Person,2017,2,24,0,0,OFFSET TO PROTECT PRIVACY,Killarney,0.0,0.0
Offence Against a Person,2017,9,2,0,0,OFFSET TO PROTECT PRIVACY,Renfrew-Collingwood,0.0,0.0
Offence Against a Person,2017,9,21,0,0,OFFSET TO PROTECT PRIVACY,Renfrew-Collingwood,0.0,0.0
Offence Against a Person,2017,12,13,0,0,OFFSET TO PROTECT PRIVACY,Killarney,0.0,0.0
Offence Against a Person,2017,9,15,0,0,OFFSET TO PROTECT PRIVACY,Renfrew-Collingwood,0.0,0.0
Offence Against a Person,2017,11,8,0,0,OFFSET TO PROTECT PRIVACY,Killarney,0.0,0.0
Offence Against a Person,2017,2,26,0,0,OFFSET TO PROTECT PRIVACY,Killarney,0.0,0.0
Offence Against a Person,2017,10,4,0,0,OFFSET TO PROTECT PRIVACY,Renfrew-Collingwood,0.0,0.0
Offence Against a Person,2017,7,23,0,0,OFFSET TO PROTECT PRIVACY,Killarney,0.0,0.0
Offence Against a Person,2017,1,1,0,0,OFFSET TO PROTECT PRIVACY,Renfrew-Collingwood,0.0,0.0
Offence Against a Person,2017,5,31,0,0,OFFSET TO PROTECT PRIVACY,Killarney,0.0,0.0
Offence Against a Person,2017,9,16,0,0,OFFSET TO PROTECT PRIVACY,Renfrew-Collingwood,0.0,0.0
Offence Against a Person,2017,7,23,0,0,OFFSET TO PROTECT PRIVACY,Renfrew-Collingwood,0.0,0.0
Offence Against a Person,2017,3,8,0,0,OFFSET TO PROTECT PRIVACY,Renfrew-Collingwood,0.0,0.0
Offence Against a Person,2017,12,13,0,0,OFFSET TO PROTECT PRIVACY,Renfrew-Collingwood,0.0,0.0
Offence Against a Person,2017,8,20,0,0,OFFSET TO PROTECT PRIVACY,Killarney,0.0,0.0
Offence Against a Person,2017,8,20,0,0,OFFSET TO PROTECT PRIVACY,Killarney,0.0,0.0
Offence Against a Person,2017,12,14,0,0,OFFSET TO PROTECT PRIVACY,Killarney,0.0,0.0
Offence Against a Person,2017,4,26,0,0,OFFSET TO PROTECT PRIVACY,Renfrew-Collingwood,0.0,0.0
Offence Against a Person,2017,1,8,0,0,OFFSET TO PROTECT PRIVACY,Renfrew-Collingwood,0.0,0.0
Offence Against a Person,2017,6,17,0,0,OFFSET TO PROTECT PRIVACY,Killarney,0.0,0.0
Offence Against a Person,2017,10,22,0,0,OFFSET TO PROTECT PRIVACY,Killarney,0.0,0.0
Offence Against a Person,2017,5,17,0,0,OFFSET TO PROTECT PRIVACY,Killarney,0.0,0.0
Offence Against a Person,2017,4,1,0,0,OFFSET TO PROTECT PRIVACY,Killarney,0.0,0.0
Offence Against a Person,2017,6,10,0,0,OFFSET TO PROTECT PRIVACY,Renfrew-Collingwood,0.0,0.0
Offence Against a Person,2017,2,13,0,0,OFFSET TO PROTECT PRIVACY,Killarney,0.0,0.0
Offence Against a Person,2017,8,19,0,0,OFFSET TO PROTECT PRIVACY,Renfrew-Collingwood,0.0,0.0
Offence Against a Person,2017,3,17,0,0,OFFSET TO PROTECT PRIVACY,Killarney,0.0,0.0
Offence Against a Person,2017,2,19,0,0,OFFSET TO PROTECT PRIVACY,Killarney,0.0,0.0
Offence Against a Person,2017,9,16,0,0,OFFSET TO PROTECT PRIVACY,Renfrew-Collingwood,0.0,0.0
Offence Against a Person,2017,8,25,0,0,OFFSET TO PROTECT PRIVACY,Killarney,0.0,0.0
Offence Against a Person,2017,4,27,0,0,OFFSET TO PROTECT PRIVACY,Renfrew-Collingwood,0.0,0.0
Offence Against a Person,2017,12,28,0,0,OFFSET TO PROTECT PRIVACY,West Point Grey,0.0,0.0
Offence Against a Person,2017,11,14,0,0,OFFSET TO PROTECT PRIVACY,West Point Grey,0.0,0.0
Offence Against a Person,2017,2,23,0,0,OFFSET TO PROTECT PRIVACY,,0.0,0.0
Offence Against a Person,2017,3,31,0,0,OFFSET TO PROTECT PRIVACY,West Point Grey,0.0,0.0
Offence Against a Person,2017,9,20,0,0,OFFSET TO PROTECT PRIVACY,West Point Grey,0.0,0.0
Offence Against a Person,2017,5,28,0,0,OFFSET TO PROTECT PRIVACY,West Point Grey,0.0,0.0
Offence Against a Person,2017,2,5,0,0,OFFSET TO PROTECT PRIVACY,West Point Grey,0.0,0.0
Offence Against a Person,2017,5,20,0,0,OFFSET TO PROTECT PRIVACY,West Point Grey,0.0,0.0
Offence Against a Person,2017,1,4,0,0,OFFSET TO PROTECT PRIVACY,Musqueam,0.0,0.0
Offence Against a Person,2017,1,28,0,0,OFFSET TO PROTECT PRIVACY,Musqueam,0.0,0.0
Offence Against a Person,2017,9,30,0,0,OFFSET TO PROTECT PRIVACY,West Point Grey,0.0,0.0
Offence Against a Person,2017,5,8,0,0,OFFSET TO PROTECT PRIVACY,Musqueam,0.0,0.0
Offence Against a Person,2017,5,1,0,0,OFFSET TO PROTECT PRIVACY,Musqueam,0.0,0.0
Offence Against a Person,2017,1,4,0,0,OFFSET TO PROTECT PRIVACY,Musqueam,0.0,0.0
Offence Against a Person,2017,12,2,0,0,OFFSET TO PROTECT PRIVACY,Musqueam,0.0,0.0
Offence Against a Person,2017,6,20,0,0,OFFSET TO PROTECT PRIVACY,Dunbar-Southlands,0.0,0.0
Offence Against a Person,2017,11,5,0,0,OFFSET TO PROTECT PRIVACY,Musqueam,0.0,0.0
Offence Against a Person,2017,1,28,0,0,OFFSET TO PROTECT PRIVACY,Musqueam,0.0,0.0
Offence Against a Person,2017,11,7,0,0,OFFSET TO PROTECT PRIVACY,West Point Grey,0.0,0.0
Offence Against a Person,2017,12,11,0,0,OFFSET TO PROTECT PRIVACY,Dunbar-Southlands,0.0,0.0
Offence Against a Person,2017,2,11,0,0,OFFSET TO PROTECT PRIVACY,Musqueam,0.0,0.0
Offence Against a Person,2017,5,27,0,0,OFFSET TO PROTECT PRIVACY,West Point Grey,0.0,0.0
Offence Against a Person,2017,8,1,0,0,OFFSET TO PROTECT PRIVACY,West Point Grey,0.0,0.0
Offence Against a Person,2017,12,19,0,0,OFFSET TO PROTECT PRIVACY,Dunbar-Southlands,0.0,0.0
Offence Against a Person,2017,6,10,0,0,OFFSET TO PROTECT PRIVACY,Dunbar-Southlands,0.0,0.0
Offence Against a Person,2017,6,20,0,0,OFFSET TO PROTECT PRIVACY,West Point Grey,0.0,0.0
Offence Against a Person,2017,7,14,0,0,OFFSET TO PROTECT PRIVACY,Dunbar-Southlands,0.0,0.0
Offence Against a Person,2017,7,16,0,0,OFFSET TO PROTECT PRIVACY,Musqueam,0.0,0.0
Offence Against a Person,2017,1,10,0,0,OFFSET TO PROTECT PRIVACY,Dunbar-Southlands,0.0,0.0
Offence Against a Person,2017,4,9,0,0,OFFSET TO PROTECT PRIVACY,Musqueam,0.0,0.0
Offence Against a Person,2017,2,25,0,0,OFFSET TO PROTECT PRIVACY,Musqueam,0.0,0.0
Offence Against a Person,2017,10,8,0,0,OFFSET TO PROTECT PRIVACY,Musqueam,0.0,0.0
Offence Against a Person,2017,8,13,0,0,OFFSET TO PROTECT PRIVACY,Musqueam,0.0,0.0
Offence Against a Person,2017,10,16,0,0,OFFSET TO PROTECT PRIVACY,West Point Grey,0.0,0.0
Offence Against a Person,2017,6,29,0,0,OFFSET TO PROTECT PRIVACY,Dunbar-Southlands,0.0,0.0
Offence Against a Person,2017,2,17,0,0,OFFSET TO PROTECT PRIVACY,Dunbar-Southlands,0.0,0.0
Offence Against a Person,2017,2,17,0,0,OFFSET TO PROTECT PRIVACY,West Point Grey,0.0,0.0
Offence Against a Person,2017,8,21,0,0,OFFSET TO PROTECT PRIVACY,West Point Grey,0.0,0.0
Offence Against a Person,2017,8,16,0,0,OFFSET TO PROTECT PRIVACY,Dunbar-Southlands,0.0,0.0
Offence Against a Person,2017,3,6,0,0,OFFSET TO PROTECT PRIVACY,West Point Grey,0.0,0.0
Offence Against a Person,2017,5,5,0,0,OFFSET TO PROTECT PRIVACY,Dunbar-Southlands,0.0,0.0
Offence Against a Person,2017,7,1,0,0,OFFSET TO PROTECT PRIVACY,West Point Grey,0.0,0.0
Offence Against a Person,2017,5,17,0,0,OFFSET TO PROTECT PRIVACY,Kitsilano,0.0,0.0
Offence Against a Person,2017,7,22,0,0,OFFSET TO PROTECT PRIVACY,Kitsilano,0.0,0.0
Offence Against a Person,2017,5,17,0,0,OFFSET TO PROTECT PRIVACY,Kitsilano,0.0,0.0
Offence Against a Person,2017,6,13,0,0,OFFSET TO PROTECT PRIVACY,Dunbar-Southlands,0.0,0.0
Offence Against a Person,2017,9,9,0,0,OFFSET TO PROTECT PRIVACY,Kitsilano,0.0,0.0
Offence Against a Person,2017,5,1,0,0,OFFSET TO PROTECT PRIVACY,West Point Grey,0.0,0.0
Offence Against a Person,2017,12,8,0,0,OFFSET TO PROTECT PRIVACY,West Point Grey,0.0,0.0
Offence Against a Person,2017,2,10,0,0,OFFSET TO PROTECT PRIVACY,Dunbar-Southlands,0.0,0.0
Offence Against a Person,2017,2,25,0,0,OFFSET TO PROTECT PRIVACY,Dunbar-Southlands,0.0,0.0
Offence Against a Person,2017,3,3,0,0,OFFSET TO PROTECT PRIVACY,Kitsilano,0.0,0.0
Offence Against a Person,2017,7,4,0,0,OFFSET TO PROTECT PRIVACY,Dunbar-Southlands,0.0,0.0
Offence Against a Person,2017,10,1,0,0,OFFSET TO PROTECT PRIVACY,Dunbar-Southlands,0.0,0.0
Offence Against a Person,2017,6,25,0,0,OFFSET TO PROTECT PRIVACY,Kitsilano,0.0,0.0
Offence Against a Person,2017,6,28,0,0,OFFSET TO PROTECT PRIVACY,Kitsilano,0.0,0.0
Offence Against a Person,2017,4,6,0,0,OFFSET TO PROTECT PRIVACY,West Point Grey,0.0,0.0
Offence Against a Person,2017,8,19,0,0,OFFSET TO PROTECT PRIVACY,West Point Grey,0.0,0.0
Offence Against a Person,2017,3,6,0,0,OFFSET TO PROTECT PRIVACY,West Point Grey,0.0,0.0
Offence Against a Person,2017,2,11,0,0,OFFSET TO PROTECT PRIVACY,Kitsilano,0.0,0.0
Offence Against a Person,2017,7,18,0,0,OFFSET TO PROTECT PRIVACY,Kitsilano,0.0,0.0
Offence Against a Person,2017,3,25,0,0,OFFSET TO PROTECT PRIVACY,Kitsilano,0.0,0.0
Offence Against a Person,2017,7,22,0,0,OFFSET TO PROTECT PRIVACY,Kitsilano,0.0,0.0
Offence Against a Person,2017,3,25,0,0,OFFSET TO PROTECT PRIVACY,Kitsilano,0.0,0.0
Offence Against a Person,2017,5,29,0,0,OFFSET TO PROTECT PRIVACY,Kitsilano,0.0,0.0
Offence Against a Person,2017,4,1,0,0,OFFSET TO PROTECT PRIVACY,Kitsilano,0.0,0.0
Offence Against a Person,2017,11,25,0,0,OFFSET TO PROTECT PRIVACY,Kitsilano,0.0,0.0
Offence Against a Person,2017,3,14,0,0,OFFSET TO PROTECT PRIVACY,Kitsilano,0.0,0.0
Offence Against a Person,2017,8,12,0,0,OFFSET TO PROTECT PRIVACY,Kitsilano,0.0,0.0
Offence Against a Person,2017,9,8,0,0,OFFSET TO PROTECT PRIVACY,Kitsilano,0.0,0.0
Offence Against a Person,2017,1,1,0,0,OFFSET TO PROTECT PRIVACY,Dunbar-Southlands,0.0,0.0
Offence Against a Person,2017,3,4,0,0,OFFSET TO PROTECT PRIVACY,Kitsilano,0.0,0.0
Offence Against a Person,2017,5,10,0,0,OFFSET TO PROTECT PRIVACY,Kitsilano,0.0,0.0
Offence Against a Person,2017,1,1,0,0,OFFSET TO PROTECT PRIVACY,Kitsilano,0.0,0.0
Offence Against a Person,2017,7,14,0,0,OFFSET TO PROTECT PRIVACY,Dunbar-Southlands,0.0,0.0
Offence Against a Person,2017,6,1,0,0,OFFSET TO PROTECT PRIVACY,Kitsilano,0.0,0.0
Offence Against a Person,2017,4,9,0,0,OFFSET TO PROTECT PRIVACY,Kitsilano,0.0,0.0
Offence Against a Person,2017,1,1,0,0,OFFSET TO PROTECT PRIVACY,Arbutus Ridge,0.0,0.0
Offence Against a Person,2017,12,20,0,0,OFFSET TO PROTECT PRIVACY,Kitsilano,0.0,0.0
Offence Against a Person,2017,6,16,0,0,OFFSET TO PROTECT PRIVACY,Kitsilano,0.0,0.0
Offence Against a Person,2017,4,15,0,0,OFFSET TO PROTECT PRIVACY,Kitsilano,0.0,0.0
Offence Against a Person,2017,10,23,0,0,OFFSET TO PROTECT PRIVACY,Kitsilano,0.0,0.0
Offence Against a Person,2017,5,20,0,0,OFFSET TO PROTECT PRIVACY,Kerrisdale,0.0,0.0
Offence Against a Person,2017,11,5,0,0,OFFSET TO PROTECT PRIVACY,Kitsilano,0.0,0.0
Offence Against a Person,2017,8,27,0,0,OFFSET TO PROTECT PRIVACY,Kitsilano,0.0,0.0
Offence Against a Person,2017,12,8,0,0,OFFSET TO PROTECT PRIVACY,Kitsilano,0.0,0.0
Offence Against a Person,2017,9,9,0,0,OFFSET TO PROTECT PRIVACY,Kitsilano,0.0,0.0
Offence Against a Person,2017,2,25,0,0,OFFSET TO PROTECT PRIVACY,Kitsilano,0.0,0.0
Offence Against a Person,2017,12,27,0,0,OFFSET TO PROTECT PRIVACY,Kitsilano,0.0,0.0
Offence Against a Person,2017,3,25,0,0,OFFSET TO PROTECT PRIVACY,Kerrisdale,0.0,0.0
Offence Against a Person,2017,7,19,0,0,OFFSET TO PROTECT PRIVACY,Kerrisdale,0.0,0.0
Offence Against a Person,2017,7,19,0,0,OFFSET TO PROTECT PRIVACY,Arbutus Ridge,0.0,0.0
Offence Against a Person,2017,3,28,0,0,OFFSET TO PROTECT PRIVACY,Kerrisdale,0.0,0.0
Offence Against a Person,2017,3,10,0,0,OFFSET TO PROTECT PRIVACY,Kitsilano,0.0,0.0
Offence Against a Person,2017,3,17,0,0,OFFSET TO PROTECT PRIVACY,Kitsilano,0.0,0.0
Offence Against a Person,2017,2,17,0,0,OFFSET TO PROTECT PRIVACY,Kitsilano,0.0,0.0
Offence Against a Person,2017,5,15,0,0,OFFSET TO PROTECT PRIVACY,Kitsilano,0.0,0.0
Offence Against a Person,2017,2,7,0,0,OFFSET TO PROTECT PRIVACY,Kerrisdale,0.0,0.0
Offence Against a Person,2017,7,29,0,0,OFFSET TO PROTECT PRIVACY,Kitsilano,0.0,0.0
Offence Against a Person,2017,6,16,0,0,OFFSET TO PROTECT PRIVACY,Kitsilano,0.0,0.0
Offence Against a Person,2017,1,21,0,0,OFFSET TO PROTECT PRIVACY,Kerrisdale,0.0,0.0
Offence Against a Person,2017,1,27,0,0,OFFSET TO PROTECT PRIVACY,Kitsilano,0.0,0.0
Offence Against a Person,2017,10,1,0,0,OFFSET TO PROTECT PRIVACY,Kitsilano,0.0,0.0
Offence Against a Person,2017,8,26,0,0,OFFSET TO PROTECT PRIVACY,Kitsilano,0.0,0.0
Offence Against a Person,2017,8,19,0,0,OFFSET TO PROTECT PRIVACY,Kitsilano,0.0,0.0
Offence Against a Person,2017,11,9,0,0,OFFSET TO PROTECT PRIVACY,Arbutus Ridge,0.0,0.0
Offence Against a Person,2017,5,19,0,0,OFFSET TO PROTECT PRIVACY,Arbutus Ridge,0.0,0.0
Offence Against a Person,2017,11,14,0,0,OFFSET TO PROTECT PRIVACY,Kitsilano,0.0,0.0
Offence Against a Person,2017,6,1,0,0,OFFSET TO PROTECT PRIVACY,Kitsilano,0.0,0.0
Offence Against a Person,2017,3,9,0,0,OFFSET TO PROTECT PRIVACY,Kitsilano,0.0,0.0
Offence Against a Person,2017,3,17,0,0,OFFSET TO PROTECT PRIVACY,Kerrisdale,0.0,0.0
Offence Against a Person,2017,3,8,0,0,OFFSET TO PROTECT PRIVACY,Kerrisdale,0.0,0.0
Offence Against a Person,2017,4,14,0,0,OFFSET TO PROTECT PRIVACY,Kitsilano,0.0,0.0
Offence Against a Person,2017,11,25,0,0,OFFSET TO PROTECT PRIVACY,Kitsilano,0.0,0.0
Offence Against a Person,2017,11,1,0,0,OFFSET TO PROTECT PRIVACY,Arbutus Ridge,0.0,0.0
Offence Against a Person,2017,8,23,0,0,OFFSET TO PROTECT PRIVACY,Kerrisdale,0.0,0.0
Offence Against a Person,2017,6,4,0,0,OFFSET TO PROTECT PRIVACY,Kitsilano,0.0,0.0
Offence Against a Person,2017,7,20,0,0,OFFSET TO PROTECT PRIVACY,Kitsilano,0.0,0.0
Offence Against a Person,2017,9,1,0,0,OFFSET TO PROTECT PRIVACY,Kitsilano,0.0,0.0
Offence Against a Person,2017,5,12,0,0,OFFSET TO PROTECT PRIVACY,Kitsilano,0.0,0.0
Offence Against a Person,2017,9,24,0,0,OFFSET TO PROTECT PRIVACY,Kitsilano,0.0,0.0
Offence Against a Person,2017,12,21,0,0,OFFSET TO PROTECT PRIVACY,Kitsilano,0.0,0.0
Offence Against a Person,2017,7,9,0,0,OFFSET TO PROTECT PRIVACY,Shaughnessy,0.0,0.0
Offence Against a Person,2017,7,9,0,0,OFFSET TO PROTECT PRIVACY,Shaughnessy,0.0,0.0
Offence Against a Person,2017,3,1,0,0,OFFSET TO PROTECT PRIVACY,Kerrisdale,0.0,0.0
Offence Against a Person,2017,2,19,0,0,OFFSET TO PROTECT PRIVACY,Kitsilano,0.0,0.0
Offence Against a Person,2017,9,20,0,0,OFFSET TO PROTECT PRIVACY,Kitsilano,0.0,0.0
Offence Against a Person,2017,8,6,0,0,OFFSET TO PROTECT PRIVACY,Kitsilano,0.0,0.0
Offence Against a Person,2017,12,5,0,0,OFFSET TO PROTECT PRIVACY,Shaughnessy,0.0,0.0
Offence Against a Person,2017,8,19,0,0,OFFSET TO PROTECT PRIVACY,Kitsilano,0.0,0.0
Offence Against a Person,2017,3,12,0,0,OFFSET TO PROTECT PRIVACY,Kitsilano,0.0,0.0
Offence Against a Person,2017,4,17,0,0,OFFSET TO PROTECT PRIVACY,Kitsilano,0.0,0.0
Offence Against a Person,2017,9,7,0,0,OFFSET TO PROTECT PRIVACY,Kitsilano,0.0,0.0
Offence Against a Person,2017,5,20,0,0,OFFSET TO PROTECT PRIVACY,Kitsilano,0.0,0.0
Offence Against a Person,2017,7,30,0,0,OFFSET TO PROTECT PRIVACY,Kitsilano,0.0,0.0
Offence Against a Person,2017,5,15,0,0,OFFSET TO PROTECT PRIVACY,Kitsilano,0.0,0.0
Offence Against a Person,2017,4,22,0,0,OFFSET TO PROTECT PRIVACY,Kitsilano,0.0,0.0
Offence Against a Person,2017,3,25,0,0,OFFSET TO PROTECT PRIVACY,Kitsilano,0.0,0.0
Offence Against a Person,2017,9,20,0,0,OFFSET TO PROTECT PRIVACY,Kitsilano,0.0,0.0
Offence Against a Person,2017,7,8,0,0,OFFSET TO PROTECT PRIVACY,Kitsilano,0.0,0.0
Offence Against a Person,2017,4,17,0,0,OFFSET TO PROTECT PRIVACY,Kitsilano,0.0,0.0
Offence Against a Person,2017,1,28,0,0,OFFSET TO PROTECT PRIVACY,Shaughnessy,0.0,0.0
Offence Against a Person,2017,3,12,0,0,OFFSET TO PROTECT PRIVACY,Kitsilano,0.0,0.0
Offence Against a Person,2017,6,18,0,0,OFFSET TO PROTECT PRIVACY,Kerrisdale,0.0,0.0
Offence Against a Person,2017,1,1,0,0,OFFSET TO PROTECT PRIVACY,Kitsilano,0.0,0.0
Offence Against a Person,2017,7,22,0,0,OFFSET TO PROTECT PRIVACY,Kerrisdale,0.0,0.0
Offence Against a Person,2017,8,28,0,0,OFFSET TO PROTECT PRIVACY,Fairview,0.0,0.0
Offence Against a Person,2017,10,19,0,0,OFFSET TO PROTECT PRIVACY,Fairview,0.0,0.0
Offence Against a Person,2017,8,14,0,0,OFFSET TO PROTECT PRIVACY,Fairview,0.0,0.0
Offence Against a Person,2017,2,25,0,0,OFFSET TO PROTECT PRIVACY,Marpole,0.0,0.0
Offence Against a Person,2017,12,1,0,0,OFFSET TO PROTECT PRIVACY,Kitsilano,0.0,0.0
Offence Against a Person,2017,6,29,0,0,OFFSET TO PROTECT PRIVACY,Kitsilano,0.0,0.0
Offence Against a Person,2017,7,2,0,0,OFFSET TO PROTECT PRIVACY,Kitsilano,0.0,0.0
Offence Against a Person,2017,11,13,0,0,OFFSET TO PROTECT PRIVACY,Marpole,0.0,0.0
Offence Against a Person,2017,8,13,0,0,OFFSET TO PROTECT PRIVACY,Kitsilano,0.0,0.0
Offence Against a Person,2017,1,3,0,0,OFFSET TO PROTECT PRIVACY,Kitsilano,0.0,0.0
Offence Against a Person,2017,9,17,0,0,OFFSET TO PROTECT PRIVACY,Kerrisdale,0.0,0.0
Offence Against a Person,2017,4,3,0,0,OFFSET TO PROTECT PRIVACY,Shaughnessy,0.0,0.0
Offence Against a Person,2017,1,14,0,0,OFFSET TO PROTECT PRIVACY,Marpole,0.0,0.0
Offence Against a Person,2017,7,9,0,0,OFFSET TO PROTECT PRIVACY,Shaughnessy,0.0,0.0
Offence Against a Person,2017,8,13,0,0,OFFSET TO PROTECT PRIVACY,Fairview,0.0,0.0
Offence Against a Person,2017,4,29,0,0,OFFSET TO PROTECT PRIVACY,Marpole,0.0,0.0
Offence Against a Person,2017,11,26,0,0,OFFSET TO PROTECT PRIVACY,Marpole,0.0,0.0
Offence Against a Person,2017,7,21,0,0,OFFSET TO PROTECT PRIVACY,Shaughnessy,0.0,0.0
Offence Against a Person,2017,1,10,0,0,OFFSET TO PROTECT PRIVACY,Fairview,0.0,0.0
Offence Against a Person,2017,1,22,0,0,OFFSET TO PROTECT PRIVACY,Fairview,0.0,0.0
Offence Against a Person,2017,3,26,0,0,OFFSET TO PROTECT PRIVACY,Fairview,0.0,0.0
Offence Against a Person,2017,12,16,0,0,OFFSET TO PROTECT PRIVACY,Fairview,0.0,0.0
Offence Against a Person,2017,1,18,0,0,OFFSET TO PROTECT PRIVACY,Fairview,0.0,0.0
Offence Against a Person,2017,9,12,0,0,OFFSET TO PROTECT PRIVACY,Fairview,0.0,0.0
Offence Against a Person,2017,9,6,0,0,OFFSET TO PROTECT PRIVACY,Fairview,0.0,0.0
Offence Against a Person,2017,1,1,0,0,OFFSET TO PROTECT PRIVACY,Fairview,0.0,0.0
Offence Against a Person,2017,11,25,0,0,OFFSET TO PROTECT PRIVACY,Fairview,0.0,0.0
Offence Against a Person,2017,1,14,0,0,OFFSET TO PROTECT PRIVACY,Fairview,0.0,0.0
Offence Against a Person,2017,9,28,0,0,OFFSET TO PROTECT PRIVACY,Fairview,0.0,0.0
Offence Against a Person,2017,8,10,0,0,OFFSET TO PROTECT PRIVACY,Fairview,0.0,0.0
Offence Against a Person,2017,6,17,0,0,OFFSET TO PROTECT PRIVACY,Fairview,0.0,0.0
Offence Against a Person,2017,2,18,0,0,OFFSET TO PROTECT PRIVACY,Fairview,0.0,0.0
Offence Against a Person,2017,2,18,0,0,OFFSET TO PROTECT PRIVACY,Fairview,0.0,0.0
Offence Against a Person,2017,10,5,0,0,OFFSET TO PROTECT PRIVACY,Fairview,0.0,0.0
Offence Against a Person,2017,3,16,0,0,OFFSET TO PROTECT PRIVACY,Shaughnessy,0.0,0.0
Offence Against a Person,2017,12,16,0,0,OFFSET TO PROTECT PRIVACY,Marpole,0.0,0.0
Offence Against a Person,2017,2,5,0,0,OFFSET TO PROTECT PRIVACY,Kerrisdale,0.0,0.0
Offence Against a Person,2017,4,16,0,0,OFFSET TO PROTECT PRIVACY,Fairview,0.0,0.0
Offence Against a Person,2017,9,17,0,0,OFFSET TO PROTECT PRIVACY,Marpole,0.0,0.0
Offence Against a Person,2017,6,22,0,0,OFFSET TO PROTECT PRIVACY,Marpole,0.0,0.0
Offence Against a Person,2017,4,28,0,0,OFFSET TO PROTECT PRIVACY,Marpole,0.0,0.0
Offence Against a Person,2017,3,21,0,0,OFFSET TO PROTECT PRIVACY,Marpole,0.0,0.0
Offence Against a Person,2017,5,27,0,0,OFFSET TO PROTECT PRIVACY,Marpole,0.0,0.0
Offence Against a Person,2017,6,3,0,0,OFFSET TO PROTECT PRIVACY,Fairview,0.0,0.0
Offence Against a Person,2017,9,24,0,0,OFFSET TO PROTECT PRIVACY,Marpole,0.0,0.0
Offence Against a Person,2017,12,31,0,0,OFFSET TO PROTECT PRIVACY,Marpole,0.0,0.0
Offence Against a Person,2017,11,14,0,0,OFFSET TO PROTECT PRIVACY,Oakridge,0.0,0.0
Offence Against a Person,2017,5,18,0,0,OFFSET TO PROTECT PRIVACY,Marpole,0.0,0.0
Offence Against a Person,2017,1,7,0,0,OFFSET TO PROTECT PRIVACY,Fairview,0.0,0.0
Offence Against a Person,2017,7,21,0,0,OFFSET TO PROTECT PRIVACY,Fairview,0.0,0.0
Offence Against a Person,2017,7,12,0,0,OFFSET TO PROTECT PRIVACY,Fairview,0.0,0.0
Offence Against a Person,2017,2,17,0,0,OFFSET TO PROTECT PRIVACY,Fairview,0.0,0.0
Offence Against a Person,2017,4,7,0,0,OFFSET TO PROTECT PRIVACY,Marpole,0.0,0.0
Offence Against a Person,2017,2,28,0,0,OFFSET TO PROTECT PRIVACY,Oakridge,0.0,0.0
Offence Against a Person,2017,1,14,0,0,OFFSET TO PROTECT PRIVACY,Marpole,0.0,0.0
Offence Against a Person,2017,12,22,0,0,OFFSET TO PROTECT PRIVACY,Fairview,0.0,0.0
Offence Against a Person,2017,12,20,0,0,OFFSET TO PROTECT PRIVACY,Fairview,0.0,0.0
Offence Against a Person,2017,7,18,0,0,OFFSET TO PROTECT PRIVACY,Fairview,0.0,0.0
Offence Against a Person,2017,9,8,0,0,OFFSET TO PROTECT PRIVACY,Fairview,0.0,0.0
Offence Against a Person,2017,1,18,0,0,OFFSET TO PROTECT PRIVACY,Fairview,0.0,0.0
Offence Against a Person,2017,6,7,0,0,OFFSET TO PROTECT PRIVACY,Fairview,0.0,0.0
Offence Against a Person,2017,11,16,0,0,OFFSET TO PROTECT PRIVACY,Fairview,0.0,0.0
Offence Against a Person,2017,9,4,0,0,OFFSET TO PROTECT PRIVACY,Fairview,0.0,0.0
Offence Against a Person,2017,6,17,0,0,OFFSET TO PROTECT PRIVACY,Marpole,0.0,0.0
Offence Against a Person,2017,10,16,0,0,OFFSET TO PROTECT PRIVACY,Marpole,0.0,0.0
Offence Against a Person,2017,8,4,0,0,OFFSET TO PROTECT PRIVACY,Marpole,0.0,0.0
Offence Against a Person,2017,10,7,0,0,OFFSET TO PROTECT PRIVACY,Marpole,0.0,0.0
Offence Against a Person,2017,11,1,0,0,OFFSET TO PROTECT PRIVACY,Marpole,0.0,0.0
Offence Against a Person,2017,10,1,0,0,OFFSET TO PROTECT PRIVACY,Fairview,0.0,0.0
Offence Against a Person,2017,10,6,0,0,OFFSET TO PROTECT PRIVACY,Fairview,0.0,0.0
Offence Against a Person,2017,5,19,0,0,OFFSET TO PROTECT PRIVACY,Marpole,0.0,0.0
Offence Against a Person,2017,7,9,0,0,OFFSET TO PROTECT PRIVACY,Marpole,0.0,0.0
Offence Against a Person,2017,1,1,0,0,OFFSET TO PROTECT PRIVACY,Marpole,0.0,0.0
Offence Against a Person,2017,1,1,0,0,OFFSET TO PROTECT PRIVACY,Marpole,0.0,0.0
Offence Against a Person,2017,11,30,0,0,OFFSET TO PROTECT PRIVACY,Oakridge,0.0,0.0
Offence Against a Person,2017,2,17,0,0,OFFSET TO PROTECT PRIVACY,Fairview,0.0,0.0
Offence Against a Person,2017,8,2,0,0,OFFSET TO PROTECT PRIVACY,Oakridge,0.0,0.0
Offence Against a Person,2017,11,16,0,0,OFFSET TO PROTECT PRIVACY,Oakridge,0.0,0.0
Offence Against a Person,2017,4,22,0,0,OFFSET TO PROTECT PRIVACY,Marpole,0.0,0.0
Offence Against a Person,2017,1,5,0,0,OFFSET TO PROTECT PRIVACY,Marpole,0.0,0.0
Offence Against a Person,2017,8,5,0,0,OFFSET TO PROTECT PRIVACY,Shaughnessy,0.0,0.0
Offence Against a Person,2017,8,12,0,0,OFFSET TO PROTECT PRIVACY,Shaughnessy,0.0,0.0
Offence Against a Person,2017,5,14,0,0,OFFSET TO PROTECT PRIVACY,Oakridge,0.0,0.0
Offence Against a Person,2017,6,23,0,0,OFFSET TO PROTECT PRIVACY,Marpole,0.0,0.0
Offence Against a Person,2017,6,9,0,0,OFFSET TO PROTECT PRIVACY,Marpole,0.0,0.0
Offence Against a Person,2017,8,9,0,0,OFFSET TO PROTECT PRIVACY,Fairview,0.0,0.0
Offence Against a Person,2017,3,30,0,0,OFFSET TO PROTECT PRIVACY,Marpole,0.0,0.0
Offence Against a Person,2017,3,31,0,0,OFFSET TO PROTECT PRIVACY,Fairview,0.0,0.0
Offence Against a Person,2017,8,3,0,0,OFFSET TO PROTECT PRIVACY,Marpole,0.0,0.0
Offence Against a Person,2017,8,3,0,0,OFFSET TO PROTECT PRIVACY,Marpole,0.0,0.0
Offence Against a Person,2017,6,17,0,0,OFFSET TO PROTECT PRIVACY,Marpole,0.0,0.0
Offence Against a Person,2017,6,19,0,0,OFFSET TO PROTECT PRIVACY,Marpole,0.0,0.0
Offence Against a Person,2017,10,2,0,0,OFFSET TO PROTECT PRIVACY,Marpole,0.0,0.0
Offence Against a Person,2017,9,20,0,0,OFFSET TO PROTECT PRIVACY,Fairview,0.0,0.0
Offence Against a Person,2017,7,23,0,0,OFFSET TO PROTECT PRIVACY,Marpole,0.0,0.0
Offence Against a Person,2017,1,10,0,0,OFFSET TO PROTECT PRIVACY,Marpole,0.0,0.0
Offence Against a Person,2017,4,16,0,0,OFFSET TO PROTECT PRIVACY,Fairview,0.0,0.0
Offence Against a Person,2017,8,20,0,0,OFFSET TO PROTECT PRIVACY,Marpole,0.0,0.0
Offence Against a Person,2017,1,14,0,0,OFFSET TO PROTECT PRIVACY,Fairview,0.0,0.0
Offence Against a Person,2017,7,29,0,0,OFFSET TO PROTECT PRIVACY,Oakridge,0.0,0.0
Offence Against a Person,2017,4,30,0,0,OFFSET TO PROTECT PRIVACY,Fairview,0.0,0.0
Offence Against a Person,2017,9,1,0,0,OFFSET TO PROTECT PRIVACY,South Cambie,0.0,0.0
Offence Against a Person,2017,3,8,0,0,OFFSET TO PROTECT PRIVACY,Oakridge,0.0,0.0
Offence Against a Person,2017,12,31,0,0,OFFSET TO PROTECT PRIVACY,Marpole,0.0,0.0
Offence Against a Person,2017,3,24,0,0,OFFSET TO PROTECT PRIVACY,South Cambie,0.0,0.0
Offence Against a Person,2017,1,7,0,0,OFFSET TO PROTECT PRIVACY,South Cambie,0.0,0.0
Offence Against a Person,2017,7,13,0,0,OFFSET TO PROTECT PRIVACY,Fairview,0.0,0.0
Offence Against a Person,2017,4,15,0,0,OFFSET TO PROTECT PRIVACY,Marpole,0.0,0.0
Offence Against a Person,2017,10,24,0,0,OFFSET TO PROTECT PRIVACY,Marpole,0.0,0.0
Offence Against a Person,2017,10,10,0,0,OFFSET TO PROTECT PRIVACY,Marpole,0.0,0.0
Offence Against a Person,2017,4,1,0,0,OFFSET TO PROTECT PRIVACY,Marpole,0.0,0.0
Offence Against a Person,2017,11,18,0,0,OFFSET TO PROTECT PRIVACY,Marpole,0.0,0.0
Offence Against a Person,2017,8,24,0,0,OFFSET TO PROTECT PRIVACY,Marpole,0.0,0.0
Offence Against a Person,2017,9,21,0,0,OFFSET TO PROTECT PRIVACY,Marpole,0.0,0.0
Offence Against a Person,2017,11,18,0,0,OFFSET TO PROTECT PRIVACY,Marpole,0.0,0.0
Offence Against a Person,2017,11,18,0,0,OFFSET TO PROTECT PRIVACY,Oakridge,0.0,0.0
Offence Against a Person,2017,11,18,0,0,OFFSET TO PROTECT PRIVACY,Oakridge,0.0,0.0
Offence Against a Person,2017,11,22,0,0,OFFSET TO PROTECT PRIVACY,Fairview,0.0,0.0
Offence Against a Person,2017,2,26,0,0,OFFSET TO PROTECT PRIVACY,Fairview,0.0,0.0
Offence Against a Person,2017,9,23,0,0,OFFSET TO PROTECT PRIVACY,South Cambie,0.0,0.0
Offence Against a Person,2017,12,25,0,0,OFFSET TO PROTECT PRIVACY,Marpole,0.0,0.0
Offence Against a Person,2017,12,31,0,0,OFFSET TO PROTECT PRIVACY,Marpole,0.0,0.0
Offence Against a Person,2017,11,4,0,0,OFFSET TO PROTECT PRIVACY,South Cambie,0.0,0.0
Offence Against a Person,2017,10,20,0,0,OFFSET TO PROTECT PRIVACY,Oakridge,0.0,0.0
Offence Against a Person,2017,11,18,0,0,OFFSET TO PROTECT PRIVACY,Fairview,0.0,0.0
Offence Against a Person,2017,9,8,0,0,OFFSET TO PROTECT PRIVACY,South Cambie,0.0,0.0
Offence Against a Person,2017,2,5,0,0,OFFSET TO PROTECT PRIVACY,Oakridge,0.0,0.0
Offence Against a Person,2017,9,28,0,0,OFFSET TO PROTECT PRIVACY,Fairview,0.0,0.0
Offence Against a Person,2017,2,1,0,0,OFFSET TO PROTECT PRIVACY,South Cambie,0.0,0.0
Offence Against a Person,2017,10,21,0,0,OFFSET TO PROTECT PRIVACY,Fairview,0.0,0.0
Offence Against a Person,2017,6,5,0,0,OFFSET TO PROTECT PRIVACY,Fairview,0.0,0.0
Offence Against a Person,2017,12,29,0,0,OFFSET TO PROTECT PRIVACY,Oakridge,0.0,0.0
Offence Against a Person,2017,7,12,0,0,OFFSET TO PROTECT PRIVACY,Fairview,0.0,0.0
Offence Against a Person,2017,8,11,0,0,OFFSET TO PROTECT PRIVACY,Central Business District,0.0,0.0
Offence Against a Person,2017,8,11,0,0,OFFSET TO PROTECT PRIVACY,Fairview,0.0,0.0
Offence Against a Person,2017,3,7,0,0,OFFSET TO PROTECT PRIVACY,Fairview,0.0,0.0
Offence Against a Person,2017,11,25,0,0,OFFSET TO PROTECT PRIVACY,Fairview,0.0,0.0
Offence Against a Person,2017,3,6,0,0,OFFSET TO PROTECT PRIVACY,Fairview,0.0,0.0
Offence Against a Person,2017,3,8,0,0,OFFSET TO PROTECT PRIVACY,Fairview,0.0,0.0
Offence Against a Person,2017,4,7,0,0,OFFSET TO PROTECT PRIVACY,Marpole,0.0,0.0
Offence Against a Person,2017,2,19,0,0,OFFSET TO PROTECT PRIVACY,South Cambie,0.0,0.0
Offence Against a Person,2017,12,9,0,0,OFFSET TO PROTECT PRIVACY,Fairview,0.0,0.0
Offence Against a Person,2017,5,30,0,0,OFFSET TO PROTECT PRIVACY,Marpole,0.0,0.0
Offence Against a Person,2017,8,3,0,0,OFFSET TO PROTECT PRIVACY,Marpole,0.0,0.0
Offence Against a Person,2017,10,10,0,0,OFFSET TO PROTECT PRIVACY,Marpole,0.0,0.0
Offence Against a Person,2017,1,18,0,0,OFFSET TO PROTECT PRIVACY,South Cambie,0.0,0.0
Offence Against a Person,2017,7,20,0,0,OFFSET TO PROTECT PRIVACY,South Cambie,0.0,0.0
Offence Against a Person,2017,10,19,0,0,OFFSET TO PROTECT PRIVACY,Fairview,0.0,0.0
Offence Against a Person,2017,3,7,0,0,OFFSET TO PROTECT PRIVACY,South Cambie,0.0,0.0
Offence Against a Person,2017,11,4,0,0,OFFSET TO PROTECT PRIVACY,South Cambie,0.0,0.0
Offence Against a Person,2017,9,15,0,0,OFFSET TO PROTECT PRIVACY,Fairview,0.0,0.0
Offence Against a Person,2017,10,3,0,0,OFFSET TO PROTECT PRIVACY,Fairview,0.0,0.0
Offence Against a Person,2017,11,6,0,0,OFFSET TO PROTECT PRIVACY,South Cambie,0.0,0.0
Offence Against a Person,2017,1,30,0,0,OFFSET TO PROTECT PRIVACY,Oakridge,0.0,0.0
Offence Against a Person,2017,12,17,0,0,OFFSET TO PROTECT PRIVACY,Oakridge,0.0,0.0
Offence Against a Person,2017,11,15,0,0,OFFSET TO PROTECT PRIVACY,Riley Park,0.0,0.0
Offence Against a Person,2017,5,4,0,0,OFFSET TO PROTECT PRIVACY,Fairview,0.0,0.0
Offence Against a Person,2017,5,14,0,0,OFFSET TO PROTECT PRIVACY,Fairview,0.0,0.0
Offence Against a Person,2017,5,25,0,0,OFFSET TO PROTECT PRIVACY,Fairview,0.0,0.0
Offence Against a Person,2017,12,11,0,0,OFFSET TO PROTECT PRIVACY,Fairview,0.0,0.0
Offence Against a Person,2017,7,1,0,0,OFFSET TO PROTECT PRIVACY,Fairview,0.0,0.0
Offence Against a Person,2017,2,5,0,0,OFFSET TO PROTECT PRIVACY,Oakridge,0.0,0.0
Offence Against a Person,2017,8,13,0,0,OFFSET TO PROTECT PRIVACY,Fairview,0.0,0.0
Offence Against a Person,2017,11,4,0,0,OFFSET TO PROTECT PRIVACY,South Cambie,0.0,0.0
Offence Against a Person,2017,1,20,0,0,OFFSET TO PROTECT PRIVACY,Fairview,0.0,0.0
Offence Against a Person,2017,12,13,0,0,OFFSET TO PROTECT PRIVACY,Marpole,0.0,0.0
Offence Against a Person,2017,12,13,0,0,OFFSET TO PROTECT PRIVACY,Marpole,0.0,0.0
Offence Against a Person,2017,2,17,0,0,OFFSET TO PROTECT PRIVACY,Oakridge,0.0,0.0
Offence Against a Person,2017,3,2,0,0,OFFSET TO PROTECT PRIVACY,Fairview,0.0,0.0
Offence Against a Person,2017,1,7,0,0,OFFSET TO PROTECT PRIVACY,Marpole,0.0,0.0
Offence Against a Person,2017,2,6,0,0,OFFSET TO PROTECT PRIVACY,Fairview,0.0,0.0
Offence Against a Person,2017,4,3,0,0,OFFSET TO PROTECT PRIVACY,Mount Pleasant,0.0,0.0
Offence Against a Person,2017,10,8,0,0,OFFSET TO PROTECT PRIVACY,Mount Pleasant,0.0,0.0
Offence Against a Person,2017,8,10,0,0,OFFSET TO PROTECT PRIVACY,Mount Pleasant,0.0,0.0
Offence Against a Person,2017,3,18,0,0,OFFSET TO PROTECT PRIVACY,Oakridge,0.0,0.0
Offence Against a Person,2017,8,24,0,0,OFFSET TO PROTECT PRIVACY,Riley Park,0.0,0.0
Offence Against a Person,2017,6,10,0,0,OFFSET TO PROTECT PRIVACY,Mount Pleasant,0.0,0.0
Offence Against a Person,2017,5,30,0,0,OFFSET TO PROTECT PRIVACY,Marpole,0.0,0.0
Offence Against a Person,2017,5,9,0,0,OFFSET TO PROTECT PRIVACY,Oakridge,0.0,0.0
Offence Against a Person,2017,7,11,0,0,OFFSET TO PROTECT PRIVACY,Marpole,0.0,0.0
Offence Against a Person,2017,2,8,0,0,OFFSET TO PROTECT PRIVACY,Oakridge,0.0,0.0
Offence Against a Person,2017,7,3,0,0,OFFSET TO PROTECT PRIVACY,Riley Park,0.0,0.0
Offence Against a Person,2017,7,15,0,0,OFFSET TO PROTECT PRIVACY,Riley Park,0.0,0.0
Offence Against a Person,2017,1,3,0,0,OFFSET TO PROTECT PRIVACY,Oakridge,0.0,0.0
Offence Against a Person,2017,1,21,0,0,OFFSET TO PROTECT PRIVACY,Mount Pleasant,0.0,0.0
Offence Against a Person,2017,11,26,0,0,OFFSET TO PROTECT PRIVACY,Mount Pleasant,0.0,0.0
Offence Against a Person,2017,10,17,0,0,OFFSET TO PROTECT PRIVACY,Mount Pleasant,0.0,0.0
Offence Against a Person,2017,8,20,0,0,OFFSET TO PROTECT PRIVACY,Riley Park,0.0,0.0
Offence Against a Person,2017,10,8,0,0,OFFSET TO PROTECT PRIVACY,Riley Park,0.0,0.0
Offence Against a Person,2017,3,28,0,0,OFFSET TO PROTECT PRIVACY,Mount Pleasant,0.0,0.0
Offence Against a Person,2017,8,16,0,0,OFFSET TO PROTECT PRIVACY,Mount Pleasant,0.0,0.0
Offence Against a Person,2017,7,5,0,0,OFFSET TO PROTECT PRIVACY,Mount Pleasant,0.0,0.0
Offence Against a Person,2017,1,21,0,0,OFFSET TO PROTECT PRIVACY,Mount Pleasant,0.0,0.0
Offence Against a Person,2017,9,8,0,0,OFFSET TO PROTECT PRIVACY,Mount Pleasant,0.0,0.0
Offence Against a Person,2017,1,16,0,0,OFFSET TO PROTECT PRIVACY,Mount Pleasant,0.0,0.0
Offence Against a Person,2017,4,8,0,0,OFFSET TO PROTECT PRIVACY,Mount Pleasant,0.0,0.0
Offence Against a Person,2017,2,17,0,0,OFFSET TO PROTECT PRIVACY,Mount Pleasant,0.0,0.0
Offence Against a Person,2017,11,14,0,0,OFFSET TO PROTECT PRIVACY,Mount Pleasant,0.0,0.0
Offence Against a Person,2017,1,22,0,0,OFFSET TO PROTECT PRIVACY,Mount Pleasant,0.0,0.0
Offence Against a Person,2017,10,3,0,0,OFFSET TO PROTECT PRIVACY,Mount Pleasant,0.0,0.0
Offence Against a Person,2017,8,22,0,0,OFFSET TO PROTECT PRIVACY,Marpole,0.0,0.0
Offence Against a Person,2017,3,2,0,0,OFFSET TO PROTECT PRIVACY,Mount Pleasant,0.0,0.0
Offence Against a Person,2017,5,1,0,0,OFFSET TO PROTECT PRIVACY,Mount Pleasant,0.0,0.0
Offence Against a Person,2017,2,10,0,0,OFFSET TO PROTECT PRIVACY,Mount Pleasant,0.0,0.0
Offence Against a Person,2017,8,27,0,0,OFFSET TO PROTECT PRIVACY,Central Business District,0.0,0.0
Offence Against a Person,2017,5,14,0,0,OFFSET TO PROTECT PRIVACY,Mount Pleasant,0.0,0.0
Offence Against a Person,2017,3,28,0,0,OFFSET TO PROTECT PRIVACY,Marpole,0.0,0.0
Offence Against a Person,2017,5,25,0,0,OFFSET TO PROTECT PRIVACY,Mount Pleasant,0.0,0.0
Offence Against a Person,2017,2,1,0,0,OFFSET TO PROTECT PRIVACY,Mount Pleasant,0.0,0.0
Offence Against a Person,2017,4,2,0,0,OFFSET TO PROTECT PRIVACY,Marpole,0.0,0.0
Offence Against a Person,2017,6,24,0,0,OFFSET TO PROTECT PRIVACY,Mount Pleasant,0.0,0.0
Offence Against a Person,2017,5,7,0,0,OFFSET TO PROTECT PRIVACY,Mount Pleasant,0.0,0.0
Offence Against a Person,2017,6,27,0,0,OFFSET TO PROTECT PRIVACY,Mount Pleasant,0.0,0.0
Offence Against a Person,2017,12,15,0,0,OFFSET TO PROTECT PRIVACY,Mount Pleasant,0.0,0.0
Offence Against a Person,2017,8,15,0,0,OFFSET TO PROTECT PRIVACY,Mount Pleasant,0.0,0.0
Offence Against a Person,2017,10,7,0,0,OFFSET TO PROTECT PRIVACY,Mount Pleasant,0.0,0.0
Offence Against a Person,2017,9,7,0,0,OFFSET TO PROTECT PRIVACY,Riley Park,0.0,0.0
Offence Against a Person,2017,12,6,0,0,OFFSET TO PROTECT PRIVACY,Riley Park,0.0,0.0
Offence Against a Person,2017,3,21,0,0,OFFSET TO PROTECT PRIVACY,Riley Park,0.0,0.0
Offence Against a Person,2017,3,3,0,0,OFFSET TO PROTECT PRIVACY,Mount Pleasant,0.0,0.0
Offence Against a Person,2017,3,7,0,0,OFFSET TO PROTECT PRIVACY,Riley Park,0.0,0.0
Offence Against a Person,2017,1,21,0,0,OFFSET TO PROTECT PRIVACY,Mount Pleasant,0.0,0.0
Offence Against a Person,2017,11,26,0,0,OFFSET TO PROTECT PRIVACY,Mount Pleasant,0.0,0.0
Offence Against a Person,2017,1,4,0,0,OFFSET TO PROTECT PRIVACY,Mount Pleasant,0.0,0.0
Offence Against a Person,2017,1,21,0,0,OFFSET TO PROTECT PRIVACY,Mount Pleasant,0.0,0.0
Offence Against a Person,2017,4,19,0,0,OFFSET TO PROTECT PRIVACY,Mount Pleasant,0.0,0.0
Offence Against a Person,2017,10,3,0,0,OFFSET TO PROTECT PRIVACY,Mount Pleasant,0.0,0.0
Offence Against a Person,2017,4,27,0,0,OFFSET TO PROTECT PRIVACY,Mount Pleasant,0.0,0.0
Offence Against a Person,2017,4,29,0,0,OFFSET TO PROTECT PRIVACY,Marpole,0.0,0.0
Offence Against a Person,2017,1,1,0,0,OFFSET TO PROTECT PRIVACY,Riley Park,0.0,0.0
Offence Against a Person,2017,4,12,0,0,OFFSET TO PROTECT PRIVACY,Riley Park,0.0,0.0
Offence Against a Person,2017,8,14,0,0,OFFSET TO PROTECT PRIVACY,Riley Park,0.0,0.0
Offence Against a Person,2017,7,20,0,0,OFFSET TO PROTECT PRIVACY,Oakridge,0.0,0.0
Offence Against a Person,2017,8,18,0,0,OFFSET TO PROTECT PRIVACY,Mount Pleasant,0.0,0.0
Offence Against a Person,2017,11,1,0,0,OFFSET TO PROTECT PRIVACY,Riley Park,0.0,0.0
Offence Against a Person,2017,8,13,0,0,OFFSET TO PROTECT PRIVACY,Sunset,0.0,0.0
Offence Against a Person,2017,11,2,0,0,OFFSET TO PROTECT PRIVACY,Mount Pleasant,0.0,0.0
Offence Against a Person,2017,4,1,0,0,OFFSET TO PROTECT PRIVACY,Riley Park,0.0,0.0
Offence Against a Person,2017,11,8,0,0,OFFSET TO PROTECT PRIVACY,Mount Pleasant,0.0,0.0
Offence Against a Person,2017,10,8,0,0,OFFSET TO PROTECT PRIVACY,Mount Pleasant,0.0,0.0
Offence Against a Person,2017,9,9,0,0,OFFSET TO PROTECT PRIVACY,Mount Pleasant,0.0,0.0
Offence Against a Person,2017,5,25,0,0,OFFSET TO PROTECT PRIVACY,Mount Pleasant,0.0,0.0
Offence Against a Person,2017,6,16,0,0,OFFSET TO PROTECT PRIVACY,Mount Pleasant,0.0,0.0
Offence Against a Person,2017,5,18,0,0,OFFSET TO PROTECT PRIVACY,Riley Park,0.0,0.0
Offence Against a Person,2017,9,4,0,0,OFFSET TO PROTECT PRIVACY,Riley Park,0.0,0.0
Offence Against a Person,2017,11,13,0,0,OFFSET TO PROTECT PRIVACY,Mount Pleasant,0.0,0.0
Offence Against a Person,2017,10,28,0,0,OFFSET TO PROTECT PRIVACY,Riley Park,0.0,0.0
Offence Against a Person,2017,8,20,0,0,OFFSET TO PROTECT PRIVACY,Riley Park,0.0,0.0
Offence Against a Person,2017,10,24,0,0,OFFSET TO PROTECT PRIVACY,Riley Park,0.0,0.0
Offence Against a Person,2017,4,12,0,0,OFFSET TO PROTECT PRIVACY,Riley Park,0.0,0.0
Offence Against a Person,2017,12,26,0,0,OFFSET TO PROTECT PRIVACY,Mount Pleasant,0.0,0.0
Offence Against a Person,2017,8,9,0,0,OFFSET TO PROTECT PRIVACY,Riley Park,0.0,0.0
Offence Against a Person,2017,4,22,0,0,OFFSET TO PROTECT PRIVACY,Riley Park,0.0,0.0
Offence Against a Person,2017,5,10,0,0,OFFSET TO PROTECT PRIVACY,Mount Pleasant,0.0,0.0
Offence Against a Person,2017,7,29,0,0,OFFSET TO PROTECT PRIVACY,Riley Park,0.0,0.0
Offence Against a Person,2017,10,14,0,0,OFFSET TO PROTECT PRIVACY,Riley Park,0.0,0.0
Offence Against a Person,2017,9,18,0,0,OFFSET TO PROTECT PRIVACY,Riley Park,0.0,0.0
Offence Against a Person,2017,3,29,0,0,OFFSET TO PROTECT PRIVACY,Riley Park,0.0,0.0
Offence Against a Person,2017,11,9,0,0,OFFSET TO PROTECT PRIVACY,Riley Park,0.0,0.0
Offence Against a Person,2017,1,30,0,0,OFFSET TO PROTECT PRIVACY,Riley Park,0.0,0.0
Offence Against a Person,2017,1,19,0,0,OFFSET TO PROTECT PRIVACY,Riley Park,0.0,0.0
Offence Against a Person,2017,9,8,0,0,OFFSET TO PROTECT PRIVACY,Riley Park,0.0,0.0
Offence Against a Person,2017,3,4,0,0,OFFSET TO PROTECT PRIVACY,Riley Park,0.0,0.0
Offence Against a Person,2017,1,27,0,0,OFFSET TO PROTECT PRIVACY,Mount Pleasant,0.0,0.0
Offence Against a Person,2017,6,14,0,0,OFFSET TO PROTECT PRIVACY,Riley Park,0.0,0.0
Offence Against a Person,2017,7,7,0,0,OFFSET TO PROTECT PRIVACY,Riley Park,0.0,0.0
Offence Against a Person,2017,5,10,0,0,OFFSET TO PROTECT PRIVACY,Kensington-Cedar Cottage,0.0,0.0
Offence Against a Person,2017,12,30,0,0,OFFSET TO PROTECT PRIVACY,Sunset,0.0,0.0
Offence Against a Person,2017,7,29,0,0,OFFSET TO PROTECT PRIVACY,Riley Park,0.0,0.0
Offence Against a Person,2017,6,5,0,0,OFFSET TO PROTECT PRIVACY,Kensington-Cedar Cottage,0.0,0.0
Offence Against a Person,2017,1,1,0,0,OFFSET TO PROTECT PRIVACY,Central Business District,0.0,0.0
Offence Against a Person,2017,4,1,0,0,OFFSET TO PROTECT PRIVACY,Central Business District,0.0,0.0
Offence Against a Person,2017,2,17,0,0,OFFSET TO PROTECT PRIVACY,Central Business District,0.0,0.0
Offence Against a Person,2017,2,19,0,0,OFFSET TO PROTECT PRIVACY,Central Business District,0.0,0.0
Offence Against a Person,2017,3,22,0,0,OFFSET TO PROTECT PRIVACY,Central Business District,0.0,0.0
Offence Against a Person,2017,8,3,0,0,OFFSET TO PROTECT PRIVACY,Central Business District,0.0,0.0
Offence Against a Person,2017,9,14,0,0,OFFSET TO PROTECT PRIVACY,Central Business District,0.0,0.0
Offence Against a Person,2017,11,16,0,0,OFFSET TO PROTECT PRIVACY,Central Business District,0.0,0.0
Offence Against a Person,2017,12,15,0,0,OFFSET TO PROTECT PRIVACY,Central Business District,0.0,0.0
Offence Against a Person,2017,1,1,0,0,OFFSET TO PROTECT PRIVACY,Central Business District,0.0,0.0
Offence Against a Person,2017,1,15,0,0,OFFSET TO PROTECT PRIVACY,Central Business District,0.0,0.0
Offence Against a Person,2017,2,19,0,0,OFFSET TO PROTECT PRIVACY,Central Business District,0.0,0.0
Offence Against a Person,2017,7,14,0,0,OFFSET TO PROTECT PRIVACY,Central Business District,0.0,0.0
Offence Against a Person,2017,7,15,0,0,OFFSET TO PROTECT PRIVACY,Central Business District,0.0,0.0
Offence Against a Person,2017,7,31,0,0,OFFSET TO PROTECT PRIVACY,Central Business District,0.0,0.0
Offence Against a Person,2017,9,29,0,0,OFFSET TO PROTECT PRIVACY,Central Business District,0.0,0.0
Offence Against a Person,2017,10,9,0,0,OFFSET TO PROTECT PRIVACY,Central Business District,0.0,0.0
Offence Against a Person,2017,11,21,0,0,OFFSET TO PROTECT PRIVACY,Central Business District,0.0,0.0
Offence Against a Person,2017,11,26,0,0,OFFSET TO PROTECT PRIVACY,Central Business District,0.0,0.0
Offence Against a Person,2017,6,28,0,0,OFFSET TO PROTECT PRIVACY,Central Business District,0.0,0.0
Offence Against a Person,2017,10,11,0,0,OFFSET TO PROTECT PRIVACY,Central Business District,0.0,0.0
Offence Against a Person,2017,10,13,0,0,OFFSET TO PROTECT PRIVACY,Central Business District,0.0,0.0
Offence Against a Person,2017,4,3,0,0,OFFSET TO PROTECT PRIVACY,Central Business District,0.0,0.0
Offence Against a Person,2017,7,15,0,0,OFFSET TO PROTECT PRIVACY,Central Business District,0.0,0.0
Offence Against a Person,2017,7,31,0,0,OFFSET TO PROTECT PRIVACY,Central Business District,0.0,0.0
Offence Against a Person,2017,9,19,0,0,OFFSET TO PROTECT PRIVACY,Central Business District,0.0,0.0
Offence Against a Person,2017,12,26,0,0,OFFSET TO PROTECT PRIVACY,Central Business District,0.0,0.0
Offence Against a Person,2017,11,3,0,0,OFFSET TO PROTECT PRIVACY,Central Business District,0.0,0.0
Offence Against a Person,2017,12,1,0,0,OFFSET TO PROTECT PRIVACY,Strathcona,0.0,0.0
Offence Against a Person,2017,7,29,0,0,OFFSET TO PROTECT PRIVACY,Strathcona,0.0,0.0
Offence Against a Person,2017,2,26,0,0,OFFSET TO PROTECT PRIVACY,Strathcona,0.0,0.0
Offence Against a Person,2017,4,21,0,0,OFFSET TO PROTECT PRIVACY,Strathcona,0.0,0.0
Offence Against a Person,2017,7,6,0,0,OFFSET TO PROTECT PRIVACY,Strathcona,0.0,0.0
Offence Against a Person,2017,7,14,0,0,OFFSET TO PROTECT PRIVACY,Strathcona,0.0,0.0
Offence Against a Person,2017,9,27,0,0,OFFSET TO PROTECT PRIVACY,Strathcona,0.0,0.0
Offence Against a Person,2017,10,25,0,0,OFFSET TO PROTECT PRIVACY,Strathcona,0.0,0.0
Offence Against a Person,2017,11,1,0,0,OFFSET TO PROTECT PRIVACY,Strathcona,0.0,0.0
Offence Against a Person,2017,11,3,0,0,OFFSET TO PROTECT PRIVACY,Strathcona,0.0,0.0
Offence Against a Person,2017,12,20,0,0,OFFSET TO PROTECT PRIVACY,Strathcona,0.0,0.0
Offence Against a Person,2017,12,26,0,0,OFFSET TO PROTECT PRIVACY,Strathcona,0.0,0.0
Offence Against a Person,2017,6,19,0,0,OFFSET TO PROTECT PRIVACY,Strathcona,0.0,0.0
Offence Against a Person,2017,10,15,0,0,OFFSET TO PROTECT PRIVACY,Strathcona,0.0,0.0
Offence Against a Person,2017,10,16,0,0,OFFSET TO PROTECT PRIVACY,Strathcona,0.0,0.0
Offence Against a Person,2017,11,4,0,0,OFFSET TO PROTECT PRIVACY,Strathcona,0.0,0.0
Offence Against a Person,2017,11,10,0,0,OFFSET TO PROTECT PRIVACY,Strathcona,0.0,0.0
Offence Against a Person,2017,12,9,0,0,OFFSET TO PROTECT PRIVACY,Strathcona,0.0,0.0
Offence Against a Person,2017,8,14,0,0,OFFSET TO PROTECT PRIVACY,Strathcona,0.0,0.0
Offence Against a Person,2017,8,15,0,0,OFFSET TO PROTECT PRIVACY,Strathcona,0.0,0.0
Offence Against a Person,2017,11,19,0,0,OFFSET TO PROTECT PRIVACY,Strathcona,0.0,0.0
Offence Against a Person,2017,1,1,0,0,OFFSET TO PROTECT PRIVACY,Strathcona,0.0,0.0
Other Theft,2017,6,29,17,11,10XX ALBERNI ST,West End,491004.8164,5459177.313
Other Theft,2017,11,13,15,52,10XX ALBERNI ST,West End,491004.8164,5459177.313
Other Theft,2017,6,9,16,25,10XX ALBERNI ST,West End,491013.3428,5459168.7508
Other Theft,2017,8,27,11,8,10XX ALBERNI ST,West End,491013.3428,5459168.7508
Other Theft,2017,10,16,15,47,10XX ALBERNI ST,West End,491013.3428,5459168.7508
Other Theft,2017,11,20,16,54,10XX ALBERNI ST,West End,491013.3428,5459168.7508
Other Theft,2017,11,29,17,0,10XX ALBERNI ST,West End,491013.3428,5459168.7508
Other Theft,2017,11,30,10,32,10XX ALBERNI ST,West End,491013.3428,5459168.7508
Other Theft,2017,12,5,17,59,10XX ALBERNI ST,West End,491013.3428,5459168.7508
Other Theft,2017,12,30,11,6,10XX ALBERNI ST,West End,491019.0271,5459163.0426
Other Theft,2017,6,19,20,0,10XX ALBERNI ST,West End,491067.3433,5459114.5235
Other Theft,2017,5,4,18,0,10XX ALBERNI ST,West End,491068.1384,5459126.6839
Other Theft,2017,8,7,19,0,10XX ALBERNI ST,West End,491068.1384,5459126.6839
Other Theft,2017,9,13,22,47,10XX ALBERNI ST,West End,491068.1384,5459126.6839
Other Theft,2017,10,7,13,38,10XX ALBERNI ST,West End,491068.1384,5459126.6839
Other Theft,2017,12,1,11,20,10XX ALBERNI ST,West End,491068.1384,5459126.6839
Other Theft,2017,12,31,13,30,10XX ALBERNI ST,West End,491068.1384,5459126.6839
Other Theft,2017,2,9,9,40,10XX ALBERNI ST,West End,491073.0275,5459108.8154
Other Theft,2017,11,16,11,50,10XX ALBERNI ST,West End,491073.0275,5459108.8154
Other Theft,2017,3,29,22,30,10XX ALBERNI ST,West End,491098.6067,5459083.1288
Other Theft,2017,2,4,15,0,10XX ALBERNI ST,West End,491105.086,5459089.581
Other Theft,2017,3,1,10,43,10XX ALBERNI ST,West End,491105.086,5459089.581
Other Theft,2017,5,18,18,38,10XX ALBERNI ST,West End,491105.086,5459089.581
Other Theft,2017,2,11,15,0,10XX ALBERNI ST,West End,491107.1331,5459074.5666
Other Theft,2017,3,19,15,0,10XX ALBERNI ST,West End,491107.1331,5459074.5666
Other Theft,2017,3,29,15,0,10XX ALBERNI ST,West End,491107.1331,5459074.5666
Other Theft,2017,12,26,3,22,10XX ALBERNI ST,West End,491144.0808,5459037.4638
Other Theft,2017,8,14,0,0,10XX BARCLAY ST,West End,490847.1395,5458872.6832
Other Theft,2017,1,1,11,0,10XX BEACH AVE,West End,490197.8719,5458238.7921
Other Theft,2017,1,8,17,0,10XX BEACH AVE,West End,490197.8719,5458238.7921
Other Theft,2017,6,5,18,0,10XX BEACH AVE,West End,490197.8719,5458238.7921
Other Theft,2017,7,23,13,0,10XX BEACH AVE,West End,490197.8719,5458238.7921
Other Theft,2017,7,29,3,0,10XX BEACH AVE,West End,490197.8719,5458238.7921
Other Theft,2017,7,31,10,0,10XX BEACH AVE,West End,490197.8719,5458238.7921
Other Theft,2017,9,18,8,30,10XX BEACH AVE,West End,490197.8719,5458238.7921
Other Theft,2017,10,19,17,0,10XX BEACH AVE,West End,490197.8719,5458238.7921
Other Theft,2017,4,10,17,0,10XX BEACH AVE,West End,490228.7807,5458208.3497
Other Theft,2017,10,13,17,36,10XX BEACH AVE,Central Business District,490258.683,5458154.5033
Other Theft,2017,3,21,15,15,10XX BEACH AVE,Central Business District,490268.432,5458142.577
Other Theft,2017,4,5,12,0,10XX BEACH AVE,Central Business District,490268.432,5458142.577
Other Theft,2017,7,21,20,45,10XX BEACH AVE,Central Business District,490268.432,5458142.577
Other Theft,2017,10,29,0,0,10XX BEACH AVE,Central Business District,490268.432,5458142.577
Other Theft,2017,7,13,3,0,10XX BROUGHTON ST,West End,490247.1512,5459171.0415
Other Theft,2017,11,20,8,0,10XX BURNABY ST,West End,490439.9122,5458487.3739
Other Theft,2017,4,8,10,0,10XX BURNABY ST,West End,490502.4963,5458423.6162
Other Theft,2017,4,23,0,0,10XX BURNABY ST,West End,490502.4963,5458423.6162
Other Theft,2017,1,1,0,0,10XX BURNABY ST,West End,490519.906,5458418.9333
Other Theft,2017,5,9,0,0,10XX BURNABY ST,West End,490519.906,5458418.9333
Other Theft,2017,5,19,3,0,10XX BURNABY ST,West End,490519.906,5458418.9333
Other Theft,2017,5,21,23,54,10XX BURNABY ST,West End,490519.906,5458418.9333
Other Theft,2017,9,18,12,0,10XX BURRARD ST,West End,490728.0719,5458620.5581
Other Theft,2017,1,1,0,0,10XX BURRARD ST,West End,490729.6302,5458622.1395
Other Theft,2017,1,4,23,25,10XX BURRARD ST,West End,490729.6302,5458622.1395
Other Theft,2017,1,13,4,51,10XX BURRARD ST,West End,490729.6302,5458622.1395
Other Theft,2017,1,21,12,0,10XX BURRARD ST,West End,490729.6302,5458622.1395
Other Theft,2017,2,3,0,0,10XX BURRARD ST,West End,490729.6302,5458622.1395
Other Theft,2017,2,5,17,40,10XX BURRARD ST,West End,490729.6302,5458622.1395
Other Theft,2017,2,15,23,1,10XX BURRARD ST,West End,490729.6302,5458622.1395
Other Theft,2017,2,23,20,0,10XX BURRARD ST,West End,490729.6302,5458622.1395
Other Theft,2017,2,24,7,0,10XX BURRARD ST,West End,490729.6302,5458622.1395
Other Theft,2017,2,28,12,0,10XX BURRARD ST,West End,490729.6302,5458622.1395
Other Theft,2017,2,28,18,0,10XX BURRARD ST,West End,490729.6302,5458622.1395
Other Theft,2017,3,9,9,0,10XX BURRARD ST,West End,490729.6302,5458622.1395
Other Theft,2017,3,25,19,30,10XX BURRARD ST,West End,490729.6302,5458622.1395
Other Theft,2017,3,29,19,0,10XX BURRARD ST,West End,490729.6302,5458622.1395
Other Theft,2017,3,30,4,30,10XX BURRARD ST,West End,490729.6302,5458622.1395
Other Theft,2017,4,14,6,44,10XX BURRARD ST,West End,490729.6302,5458622.1395
Other Theft,2017,5,2,9,38,10XX BURRARD ST,West End,490729.6302,5458622.1395
Other Theft,2017,5,19,18,0,10XX BURRARD ST,West End,490729.6302,5458622.1395
Other Theft,2017,5,30,7,30,10XX BURRARD ST,West End,490729.6302,5458622.1395
Other Theft,2017,5,31,6,10,10XX BURRARD ST,West End,490729.6302,5458622.1395
Other Theft,2017,6,20,19,20,10XX BURRARD ST,West End,490729.6302,5458622.1395
Other Theft,2017,6,27,15,45,10XX BURRARD ST,West End,490729.6302,5458622.1395
Other Theft,2017,7,1,0,0,10XX BURRARD ST,West End,490729.6302,5458622.1395
Other Theft,2017,7,11,13,39,10XX BURRARD ST,West End,490729.6302,5458622.1395
Other Theft,2017,7,19,17,19,10XX BURRARD ST,West End,490729.6302,5458622.1395
Other Theft,2017,7,23,22,0,10XX BURRARD ST,West End,490729.6302,5458622.1395
Other Theft,2017,7,24,2,3,10XX BURRARD ST,West End,490729.6302,5458622.1395
Other Theft,2017,7,24,10,41,10XX BURRARD ST,West End,490729.6302,5458622.1395
Other Theft,2017,9,22,5,59,10XX BURRARD ST,West End,490729.6302,5458622.1395
Other Theft,2017,10,20,3,19,10XX BURRARD ST,West End,490729.6302,5458622.1395
Other Theft,2017,10,24,0,0,10XX BURRARD ST,West End,490729.6302,5458622.1395
Other Theft,2017,10,28,6,14,10XX BURRARD ST,West End,490729.6302,5458622.1395
Other Theft,2017,11,4,16,0,10XX BURRARD ST,West End,490729.6302,5458622.1395
Other Theft,2017,11,15,9,14,10XX BURRARD ST,West End,490729.6302,5458622.1395
Other Theft,2017,11,19,15,50,10XX BURRARD ST,West End,490729.6302,5458622.1395
Other Theft,2017,11,28,2,0,10XX BURRARD ST,West End,490729.6302,5458622.1395
Other Theft,2017,11,29,10,0,10XX BURRARD ST,West End,490729.6302,5458622.1395
Other Theft,2017,12,4,9,45,10XX BURRARD ST,West End,490729.6302,5458622.1395
Other Theft,2017,12,6,17,0,10XX BURRARD ST,West End,490729.6302,5458622.1395
Other Theft,2017,12,15,0,0,10XX BURRARD ST,West End,490729.6302,5458622.1395
Other Theft,2017,12,26,16,49,10XX BURRARD ST,West End,490729.6302,5458622.1395
Other Theft,2017,1,5,21,0,10XX BURRARD ST,West End,490729.8291,5458622.3417
Other Theft,2017,2,5,4,29,10XX BURRARD ST,Central Business District,490729.9102,5458609.3957
Other Theft,2017,7,9,14,0,10XX BURRARD ST,Central Business District,490729.9102,5458609.3957
Other Theft,2017,7,15,8,0,10XX BURRARD ST,Central Business District,490729.9102,5458609.3957
Other Theft,2017,8,22,14,30,10XX BURRARD ST,Central Business District,490729.9102,5458609.3957
Other Theft,2017,2,21,17,28,10XX BURRARD ST,Central Business District,490729.9102,5458609.3957
Other Theft,2017,3,13,20,21,10XX BURRARD ST,Central Business District,490729.9102,5458609.3957
Other Theft,2017,4,19,10,15,10XX BURRARD ST,Central Business District,490729.9102,5458609.3957
Other Theft,2017,4,23,22,25,10XX BURRARD ST,Central Business District,490729.9102,5458609.3957
Other Theft,2017,5,2,16,17,10XX BURRARD ST,Central Business District,490729.9102,5458609.3957
Other Theft,2017,11,10,15,25,10XX BURRARD ST,Central Business District,490759.5183,5458639.4431
Other Theft,2017,2,27,17,0,10XX BURRARD ST,West End,490807.6965,5458703.0981
Other Theft,2017,6,4,19,47,10XX BURRARD ST,West End,490807.6965,5458703.0981
Other Theft,2017,7,11,17,0,10XX BURRARD ST,West End,490807.6965,5458703.0981
Other Theft,2017,12,25,17,13,10XX BURRARD ST,West End,490807.6965,5458703.0981
Other Theft,2017,6,7,18,22,10XX BURRARD ST,Central Business District,490835.5218,5458718.9971
Other Theft,2017,9,8,15,30,10XX BUTE ST,West End,490486.5866,5458971.8251
Other Theft,2017,11,11,5,45,10XX BUTE ST,West End,490497.9391,5458996.2141
Other Theft,2017,8,23,16,40,10XX CANADA PL,Central Business District,491400.6862,5459577.9445
Other Theft,2017,1,16,15,30,10XX CANADA PL,Central Business District,491431.5391,5459568.2163
Other Theft,2017,9,14,13,0,10XX CANADA PL,Central Business District,491431.5391,5459568.2163
Other Theft,2017,5,20,18,45,10XX CANADA PL,Central Business District,491493.3146,5459541.9753
Other Theft,2017,5,21,0,2,10XX CANADA PL,Central Business District,491493.3146,5459541.9753
Other Theft,2017,5,27,16,0,10XX CANADA PL,Central Business District,491493.3146,5459541.9753
Other Theft,2017,6,22,21,2,10XX CANADA PL,Central Business District,491493.3146,5459541.9753
Other Theft,2017,7,29,17,0,10XX CANADA PL,Central Business District,491493.3146,5459541.9753
Other Theft,2017,8,5,12,0,10XX CANADA PL,Central Business District,491493.3146,5459541.9753
Other Theft,2017,8,14,0,0,10XX CANADA PL,Central Business District,491493.3146,5459541.9753
Other Theft,2017,9,1,11,0,10XX CANADA PL,Central Business District,491493.3146,5459541.9753
Other Theft,2017,9,2,15,30,10XX CANADA PL,Central Business District,491493.3146,5459541.9753
Other Theft,2017,9,7,13,0,10XX CANADA PL,Central Business District,491493.3146,5459541.9753
Other Theft,2017,10,2,13,43,10XX CANADA PL,Central Business District,491493.3146,5459541.9753
Other Theft,2017,10,5,21,30,10XX CANADA PL,Central Business District,491493.3146,5459541.9753
Other Theft,2017,11,9,20,5,10XX CANADA PL,Central Business District,491493.3146,5459541.9753
Other Theft,2017,11,11,9,30,10XX CANADA PL,Central Business District,491493.3146,5459541.9753
Other Theft,2017,11,22,18,0,10XX CANADA PL,Central Business District,491493.3146,5459541.9753
Other Theft,2017,12,8,19,0,10XX CANADA PL,Central Business District,491493.3146,5459541.9753
Other Theft,2017,12,15,12,56,10XX CANADA PL,Central Business District,491493.3146,5459541.9753
Other Theft,2017,1,22,15,20,10XX CANADA PL,Central Business District,491493.3146,5459541.9753
Other Theft,2017,1,23,21,0,10XX CANADA PL,Central Business District,491493.3146,5459541.9753
Other Theft,2017,2,16,10,3,10XX CANADA PL,Central Business District,491493.3146,5459541.9753
Other Theft,2017,3,3,0,0,10XX CANADA PL,Central Business District,491493.3146,5459541.9753
Other Theft,2017,3,3,18,0,10XX CANADA PL,Central Business District,491493.3146,5459541.9753
Other Theft,2017,4,12,16,30,10XX CANADA PL,Central Business District,491493.3146,5459541.9753
Other Theft,2017,4,27,20,30,10XX CANADA PL,Central Business District,491493.3146,5459541.9753
Other Theft,2017,5,5,14,20,10XX CANADA PL,Central Business District,491493.3146,5459541.9753
Other Theft,2017,6,7,15,0,10XX CANADA PL,Central Business District,491493.3146,5459541.9753
Other Theft,2017,6,7,18,0,10XX CANADA PL,Central Business District,491493.3146,5459541.9753
Other Theft,2017,6,13,8,30,10XX CANADA PL,Central Business District,491493.3146,5459541.9753
Other Theft,2017,1,8,16,9,10XX CANADA PL,Central Business District,491521.6898,5459519.9872
Other Theft,2017,1,18,21,0,10XX CANADA PL,Central Business District,491521.6898,5459519.9872
Other Theft,2017,2,12,16,38,10XX CANADA PL,Central Business District,491521.6898,5459519.9872
Other Theft,2017,3,21,3,26,10XX CANADA PL,Central Business District,491521.6898,5459519.9872
Other Theft,2017,4,12,20,25,10XX CANADA PL,Central Business District,491521.6898,5459519.9872
Other Theft,2017,4,15,10,0,10XX CANADA PL,Central Business District,491521.6898,5459519.9872
Other Theft,2017,4,15,16,39,10XX CANADA PL,Central Business District,491521.6898,5459519.9872
Other Theft,2017,4,21,7,27,10XX CANADA PL,Central Business District,491521.6898,5459519.9872
Other Theft,2017,5,4,21,45,10XX CANADA PL,Central Business District,491521.6898,5459519.9872
Other Theft,2017,5,10,17,30,10XX CANADA PL,Central Business District,491521.6898,5459519.9872
Other Theft,2017,5,13,11,45,10XX CANADA PL,Central Business District,491521.6898,5459519.9872
Other Theft,2017,6,3,10,20,10XX CANADA PL,Central Business District,491521.6898,5459519.9872
Other Theft,2017,6,25,12,57,10XX CANADA PL,Central Business District,491521.6898,5459519.9872
Other Theft,2017,6,30,11,0,10XX CANADA PL,Central Business District,491521.6898,5459519.9872
Other Theft,2017,7,3,17,10,10XX CANADA PL,Central Business District,491521.6898,5459519.9872
Other Theft,2017,7,17,18,25,10XX CANADA PL,Central Business District,491521.6898,5459519.9872
Other Theft,2017,8,17,12,6,10XX CANADA PL,Central Business District,491521.6898,5459519.9872
Other Theft,2017,8,19,16,42,10XX CANADA PL,Central Business District,491521.6898,5459519.9872
Other Theft,2017,8,30,9,36,10XX CANADA PL,Central Business District,491521.6898,5459519.9872
Other Theft,2017,9,6,0,0,10XX CANADA PL,Central Business District,491521.6898,5459519.9872
Other Theft,2017,9,22,15,5,10XX CANADA PL,Central Business District,491521.6898,5459519.9872
Other Theft,2017,10,8,10,30,10XX CANADA PL,Central Business District,491521.6898,5459519.9872
Other Theft,2017,10,26,21,40,10XX CANADA PL,Central Business District,491521.6898,5459519.9872
Other Theft,2017,7,1,11,40,10XX COMMERCIAL DR,Grandview-Woodland,494937.3123,5458068.9084
Other Theft,2017,7,13,14,30,10XX COMMERCIAL DR,Grandview-Woodland,494937.3123,5458068.9084
Other Theft,2017,1,31,18,57,10XX COMMERCIAL DR,Grandview-Woodland,494937.4888,5458086.1386
Other Theft,2017,3,31,19,0,10XX COMMERCIAL DR,Grandview-Woodland,494937.4888,5458086.1386
Other Theft,2017,6,5,13,50,10XX COMMERCIAL DR,Grandview-Woodland,494937.4888,5458086.1386
Other Theft,2017,6,26,17,0,10XX COMMERCIAL DR,Grandview-Woodland,494937.4888,5458086.1386
Other Theft,2017,4,12,10,30,10XX COMMERCIAL DR,Grandview-Woodland,494946.5539,5458078.3871
Other Theft,2017,1,24,7,23,10XX COMOX ST,West End,490749.8274,5458645.021
Other Theft,2017,2,8,14,0,10XX COTTON DR,Grandview-Woodland,494798.5271,5458176.1384
Other Theft,2017,3,29,14,0,10XX COTTON DR,Grandview-Woodland,494798.5271,5458176.1384
Other Theft,2017,3,13,21,0,10XX DAVIE ST,West End,490457.8657,5458626.1529
Other Theft,2017,6,27,2,57,10XX DAVIE ST,West End,490457.8657,5458626.1529
Other Theft,2017,7,5,4,15,10XX DAVIE ST,West End,490457.8657,5458626.1529
Other Theft,2017,9,14,1,10,10XX DAVIE ST,West End,490457.8657,5458626.1529
Other Theft,2017,2,16,16,15,10XX DAVIE ST,West End,490467.1155,5458629.8738
Other Theft,2017,4,4,11,36,10XX DAVIE ST,West End,490467.1155,5458629.8738
Other Theft,2017,4,12,9,46,10XX DAVIE ST,West End,490467.1155,5458629.8738
Other Theft,2017,4,13,10,41,10XX DAVIE ST,West End,490467.1155,5458629.8738
Other Theft,2017,4,19,9,40,10XX DAVIE ST,West End,490467.1155,5458629.8738
Other Theft,2017,6,11,22,45,10XX DAVIE ST,West End,490467.1155,5458629.8738
Other Theft,2017,9,2,10,10,10XX DAVIE ST,West End,490467.1155,5458629.8738
Other Theft,2017,9,12,6,14,10XX DAVIE ST,West End,490467.1155,5458629.8738
Other Theft,2017,12,27,20,56,10XX DAVIE ST,West End,490467.1155,5458629.8738
Other Theft,2017,12,27,23,20,10XX DAVIE ST,West End,490467.1155,5458629.8738
Other Theft,2017,1,7,18,37,10XX DAVIE ST,West End,490469.9449,5458627.0837
Other Theft,2017,5,4,12,8,10XX DAVIE ST,West End,490497.4793,5458587.091
Other Theft,2017,8,19,10,28,10XX DAVIE ST,West End,490525.7747,5458559.1897
Other Theft,2017,4,28,5,49,10XX DAVIE ST,West End,490528.6043,5458556.3995
Other Theft,2017,12,31,7,53,10XX DAVIE ST,West End,490528.6043,5458556.3995
Other Theft,2017,10,1,3,30,10XX DAVIE ST,West End,490537.0929,5458548.0291
Other Theft,2017,7,6,0,15,10XX DAVIE ST,West End,490554.0702,5458531.2883
Other Theft,2017,11,7,17,54,10XX DAVIE ST,West End,490554.0702,5458531.2883
Other Theft,2017,6,6,12,0,10XX DAVIE ST,West End,490557.661,5458540.5894
Other Theft,2017,8,4,10,6,10XX DAVIE ST,West End,490557.661,5458540.5894
Other Theft,2017,1,3,23,0,10XX DAVIE ST,West End,490565.3884,5458520.1278
Other Theft,2017,4,8,2,20,10XX DAVIE ST,West End,490565.3884,5458520.1278
Other Theft,2017,5,2,23,0,10XX DAVIE ST,West End,490565.3884,5458520.1278
Other Theft,2017,5,3,0,15,10XX DAVIE ST,West End,490565.3884,5458520.1278
Other Theft,2017,5,3,20,14,10XX DAVIE ST,West End,490565.3884,5458520.1278
Other Theft,2017,5,28,0,0,10XX DAVIE ST,West End,490565.3884,5458520.1278
Other Theft,2017,5,31,1,0,10XX DAVIE ST,West End,490565.3884,5458520.1278
Other Theft,2017,6,6,23,30,10XX DAVIE ST,West End,490565.3884,5458520.1278
Other Theft,2017,6,6,23,59,10XX DAVIE ST,West End,490565.3884,5458520.1278
Other Theft,2017,6,10,0,0,10XX DAVIE ST,West End,490565.3884,5458520.1278
Other Theft,2017,6,11,0,45,10XX DAVIE ST,West End,490565.3884,5458520.1278
Other Theft,2017,6,13,23,30,10XX DAVIE ST,West End,490565.3884,5458520.1278
Other Theft,2017,6,14,0,0,10XX DAVIE ST,West End,490565.3884,5458520.1278
Other Theft,2017,6,10,23,0,10XX DAVIE ST,West End,490565.3884,5458520.1278
Other Theft,2017,6,13,23,30,10XX DAVIE ST,West End,490565.3884,5458520.1278
Other Theft,2017,6,14,0,0,10XX DAVIE ST,West End,490565.3884,5458520.1278
Other Theft,2017,6,25,0,30,10XX DAVIE ST,West End,490565.3884,5458520.1278
Other Theft,2017,7,8,0,0,10XX DAVIE ST,West End,490565.3884,5458520.1278
Other Theft,2017,7,19,1,0,10XX DAVIE ST,West End,490565.3884,5458520.1278
Other Theft,2017,7,23,1,0,10XX DAVIE ST,West End,490565.3884,5458520.1278
Other Theft,2017,10,31,0,0,10XX DAVIE ST,West End,490565.3884,5458520.1278
Other Theft,2017,11,1,1,0,10XX DAVIE ST,West End,490565.3884,5458520.1278
Other Theft,2017,11,11,16,13,10XX DAVIE ST,West End,490565.3884,5458520.1278
Other Theft,2017,11,25,2,0,10XX DAVIE ST,West End,490565.3884,5458520.1278
Other Theft,2017,11,25,2,5,10XX DAVIE ST,West End,490565.3884,5458520.1278
Other Theft,2017,12,16,22,0,10XX DAVIE ST,West End,490565.3884,5458520.1278
Other Theft,2017,6,16,20,0,10XX DAVIE ST,West End,490566.1496,5458532.219
Other Theft,2017,3,27,1,25,10XX DAVIE ST,West End,490568.9791,5458529.4289
Other Theft,2017,6,21,0,30,10XX DAVIE ST,West End,490568.9791,5458529.4289
Other Theft,2017,8,7,16,0,10XX DAVIE ST,West End,490568.9791,5458529.4289
Other Theft,2017,9,4,2,0,10XX DAVIE ST,West End,490568.9791,5458529.4289
Other Theft,2017,12,11,13,51,10XX DAVIE ST,West End,490568.9791,5458529.4289
Other Theft,2017,6,28,0,0,10XX DAVIE ST,West End,490596.5134,5458489.4363
Other Theft,2017,8,16,0,0,10XX DAVIE ST,West End,490596.5134,5458489.4363
Other Theft,2017,11,27,14,15,10XX DAVIE ST,West End,490596.5134,5458489.4363
Other Theft,2017,8,2,17,0,10XX DENMAN ST,West End,489827.0644,5459548.4064
Other Theft,2017,11,24,21,44,10XX DENMAN ST,West End,489835.8683,5459544.3105
Other Theft,2017,11,17,0,27,10XX DENMAN ST,West End,489839.3948,5459560.8832
Other Theft,2017,2,11,12,0,10XX DENMAN ST,West End,489875.6152,5459584.0561
Other Theft,2017,2,20,16,38,10XX DENMAN ST,West End,489875.6152,5459584.0561
Other Theft,2017,3,27,9,33,10XX DENMAN ST,West End,489875.6152,5459584.0561
Other Theft,2017,4,5,13,33,10XX DENMAN ST,West End,489875.6152,5459584.0561
Other Theft,2017,8,2,16,30,10XX DENMAN ST,West End,489875.6152,5459584.0561
Other Theft,2017,9,12,13,19,10XX DENMAN ST,West End,489875.6152,5459584.0561
Other Theft,2017,9,24,20,15,10XX DENMAN ST,West End,489875.6152,5459584.0561
Other Theft,2017,10,31,9,36,10XX DENMAN ST,West End,489875.6152,5459584.0561
Other Theft,2017,11,14,19,39,10XX DENMAN ST,West End,489875.6152,5459584.0561
Other Theft,2017,12,5,14,54,10XX DENMAN ST,West End,489875.6152,5459584.0561
Other Theft,2017,2,28,8,12,10XX DENMAN ST,West End,489891.0253,5459599.4061
Other Theft,2017,1,12,16,59,10XX DENMAN ST,West End,489891.0253,5459599.4061
Other Theft,2017,1,16,21,58,10XX DENMAN ST,West End,489891.0253,5459599.4061
Other Theft,2017,1,26,19,3,10XX DENMAN ST,West End,489891.0253,5459599.4061
Other Theft,2017,1,31,16,57,10XX DENMAN ST,West End,489891.0253,5459599.4061
Other Theft,2017,2,1,0,0,10XX DENMAN ST,West End,489891.0253,5459599.4061
Other Theft,2017,2,24,18,20,10XX DENMAN ST,West End,489891.0253,5459599.4061
Other Theft,2017,2,28,8,57,10XX DENMAN ST,West End,489891.0253,5459599.4061
Other Theft,2017,4,10,15,45,10XX DENMAN ST,West End,489895.7669,5459617.0359
Other Theft,2017,1,13,12,30,10XX DENMAN ST,West End,489922.2667,5459630.5263
Other Theft,2017,4,5,19,45,10XX DUNSMUIR ST,Central Business District,491237.7903,5459258.9505
Other Theft,2017,6,28,16,0,10XX E 12TH AVE,Mount Pleasant,493942.0396,5456323.9102
Other Theft,2017,10,7,9,9,10XX E 13TH AVE,Mount Pleasant,493983.0336,5456230.3279
Other Theft,2017,5,7,1,0,10XX E 15TH AVE,Mount Pleasant,493941.474,5456024.4988
Other Theft,2017,11,1,18,30,10XX E 24TH AVE,Kensington-Cedar Cottage,494021.5335,5455142.9161
Other Theft,2017,1,5,7,46,10XX E 52ND AVE,Sunset,493820.8979,5452204.9252
Other Theft,2017,4,8,17,0,10XX E 7TH AVE,Mount Pleasant,494000.2303,5456833.6762
Other Theft,2017,12,3,12,0,10XX E 8TH AVE,Mount Pleasant,494031.8396,5456741.4998
Other Theft,2017,4,1,0,0,10XX E BROADWAY AVE,Mount Pleasant,494022.7533,5456628.3755
Other Theft,2017,6,10,0,0,10XX E CORDOVA ST,Strathcona,494009.0018,5458796.2277
Other Theft,2017,10,14,9,0,10XX E GEORGIA ST,Strathcona,494050.298,5458395.8618
Other Theft,2017,7,6,21,0,10XX E GEORGIA ST,Strathcona,494054.9066,5458395.7584
Other Theft,2017,5,29,15,0,10XX E GEORGIA ST,Strathcona,494055.4695,5458386.5994
Other Theft,2017,6,25,0,0,10XX EXPO BLVD,Central Business District,491546.0895,5458011.0024
Other Theft,2017,11,11,16,21,10XX EXPO BLVD,Central Business District,491559.0207,5458009.6431
Other Theft,2017,10,22,20,20,10XX GRANVILLE ST,Central Business District,490939.2139,5458399.2505
Other Theft,2017,11,11,15,39,10XX GRANVILLE ST,Central Business District,490939.2139,5458399.2505
Other Theft,2017,5,14,21,40,10XX GRANVILLE ST,Central Business District,490952.3162,5458399.5689
Other Theft,2017,9,20,15,39,10XX GRANVILLE ST,Central Business District,490952.3162,5458399.5689
Other Theft,2017,11,5,18,30,10XX GRANVILLE ST,Central Business District,490952.3162,5458399.5689
Other Theft,2017,12,3,22,36,10XX GRANVILLE ST,Central Business District,490952.3162,5458399.5689
Other Theft,2017,10,6,23,30,10XX GRANVILLE ST,Central Business District,490961.07,5458408.5186
Other Theft,2017,11,17,16,0,10XX GRANVILLE ST,Central Business District,490967.6353,5458415.2309
Other Theft,2017,2,19,14,0,10XX GRANVILLE ST,Central Business District,490976.3891,5458424.1806
Other Theft,2017,11,14,16,35,10XX GRANVILLE ST,Central Business District,490976.3891,5458424.1806
Other Theft,2017,2,24,11,10,10XX GRANVILLE ST,Central Business District,490985.1428,5458433.1303
Other Theft,2017,5,8,11,4,10XX GRANVILLE ST,Central Business District,490985.1428,5458433.1303
Other Theft,2017,11,11,9,50,10XX GRANVILLE ST,Central Business District,491000.4619,5458448.7923
Other Theft,2017,11,18,2,30,10XX GRANVILLE ST,Central Business District,491000.4619,5458448.7923
Other Theft,2017,11,18,15,57,10XX GRANVILLE ST,Central Business District,491000.4619,5458448.7923
Other Theft,2017,11,28,10,8,10XX GRANVILLE ST,Central Business District,491000.4619,5458448.7923
Other Theft,2017,2,11,10,43,10XX GRANVILLE ST,Central Business District,491017.9978,5458479.7978
Other Theft,2017,2,20,0,30,10XX GRANVILLE ST,Central Business District,491017.9978,5458479.7978
Other Theft,2017,4,24,11,0,10XX GRANVILLE ST,Central Business District,491017.9978,5458479.7978
Other Theft,2017,6,5,12,51,10XX GRANVILLE ST,Central Business District,491017.9978,5458479.7978
Other Theft,2017,9,5,20,30,10XX GRANVILLE ST,Central Business District,491017.9978,5458479.7978
Other Theft,2017,7,14,8,57,10XX GRANVILLE ST,Central Business District,491020.1578,5458468.9291
Other Theft,2017,9,26,5,0,10XX GRANVILLE ST,Central Business District,491020.1578,5458468.9291
Other Theft,2017,10,9,4,30,10XX GRANVILLE ST,Central Business District,491020.1578,5458468.9291
Other Theft,2017,11,8,17,59,10XX GRANVILLE ST,Central Business District,491020.1578,5458468.9291
Other Theft,2017,1,30,9,54,10XX GRANVILLE ST,Central Business District,491020.1578,5458468.9291
Other Theft,2017,3,7,7,23,10XX GRANVILLE ST,Central Business District,491020.1578,5458468.9291
Other Theft,2017,9,3,19,0,10XX GRANVILLE ST,Central Business District,491031.1,5458480.1163
Other Theft,2017,12,3,20,0,10XX GRANVILLE ST,Central Business District,491031.1,5458480.1163
Other Theft,2017,6,23,19,0,10XX GRANVILLE ST,Central Business District,491039.8822,5458502.1721
Other Theft,2017,1,29,1,30,10XX GRANVILLE ST,Central Business District,491044.2307,5458493.5408
Other Theft,2017,2,13,14,41,10XX GRANVILLE ST,Central Business District,491044.2307,5458493.5408
Other Theft,2017,3,5,0,0,10XX GRANVILLE ST,Central Business District,491044.2307,5458493.5408
Other Theft,2017,4,8,1,0,10XX GRANVILLE ST,Central Business District,491044.2307,5458493.5408
Other Theft,2017,6,11,19,36,10XX GRANVILLE ST,Central Business District,491044.2307,5458493.5408
Other Theft,2017,7,19,21,48,10XX GRANVILLE ST,Central Business District,491044.2307,5458493.5408
Other Theft,2017,8,20,1,30,10XX GRANVILLE ST,Central Business District,491044.2307,5458493.5408
Other Theft,2017,10,14,23,0,10XX GRANVILLE ST,Central Business District,491044.2307,5458493.5408
Other Theft,2017,12,7,6,11,10XX GRANVILLE ST,Central Business District,491044.2307,5458493.5408
Other Theft,2017,1,16,3,55,10XX GRANVILLE ST,Central Business District,491050.796,5458500.2531
Other Theft,2017,6,28,20,37,10XX GRANVILLE ST,Central Business District,491050.796,5458500.2531
Other Theft,2017,11,27,11,0,10XX GRANVILLE ST,Central Business District,491050.796,5458500.2531
Other Theft,2017,7,16,16,15,10XX HAMILTON ST,Central Business District,491274.4121,5458212.4641
Other Theft,2017,7,22,23,0,10XX HAMILTON ST,Central Business District,491274.4121,5458212.4641
Other Theft,2017,7,1,23,0,10XX HAMILTON ST,Central Business District,491289.649,5458241.0214
Other Theft,2017,9,10,0,30,10XX HAMILTON ST,Central Business District,491289.649,5458241.0214
Other Theft,2017,3,11,21,28,10XX HAMILTON ST,Central Business District,491302.6998,5458241.2579
Other Theft,2017,1,24,20,49,10XX HARO ST,West End,490899.0253,5458974.0656
Other Theft,2017,12,29,16,0,10XX HARO ST,West End,490899.0253,5458974.0656
Other Theft,2017,12,25,12,0,10XX HARO ST,West End,490907.1712,5458965.9806
Other Theft,2017,1,10,4,10,10XX HARWOOD ST,West End,490357.2309,5458429.3048
Other Theft,2017,11,29,2,50,10XX HARWOOD ST,West End,490438.8418,5458333.1637
Other Theft,2017,9,11,15,8,10XX HOMER ST,Central Business District,491156.6163,5458191.0832
Other Theft,2017,3,7,1,6,10XX HOMER ST,Central Business District,491156.6163,5458191.0832
Other Theft,2017,4,6,1,50,10XX HOMER ST,Central Business District,491156.6163,5458191.0832
Other Theft,2017,6,11,16,7,10XX HOMER ST,Central Business District,491165.4488,5458200.0834
Other Theft,2017,6,28,22,0,10XX HOMER ST,Central Business District,491167.5589,5458189.1787
Other Theft,2017,11,14,8,36,10XX HOMER ST,Central Business District,491209.513,5458231.9298
Other Theft,2017,11,16,8,7,10XX HOMER ST,Central Business District,491255.8833,5458279.1811
Other Theft,2017,11,29,13,57,10XX HOMER ST,Central Business District,491255.8833,5458279.1811
Other Theft,2017,12,13,23,10,10XX HOMER ST,Central Business District,491255.8833,5458279.1811
Other Theft,2017,2,5,13,40,10XX HOMER ST,Central Business District,491258.0914,5458281.4311
Other Theft,2017,2,6,11,16,10XX HOMER ST,Central Business District,491258.0914,5458281.4311
Other Theft,2017,2,20,10,6,10XX HOMER ST,Central Business District,491258.0914,5458281.4311
Other Theft,2017,3,11,9,30,10XX HOMER ST,Central Business District,491258.0914,5458281.4311
Other Theft,2017,3,26,20,48,10XX HOMER ST,Central Business District,491258.0914,5458281.4311
Other Theft,2017,3,30,14,30,10XX HOMER ST,Central Business District,491258.0914,5458281.4311
Other Theft,2017,4,21,19,8,10XX HOMER ST,Central Business District,491258.0914,5458281.4311
Other Theft,2017,4,22,13,19,10XX HOMER ST,Central Business District,491258.0914,5458281.4311
Other Theft,2017,4,23,21,50,10XX HOMER ST,Central Business District,491258.0914,5458281.4311
Other Theft,2017,4,28,21,58,10XX HOMER ST,Central Business District,491258.0914,5458281.4311
Other Theft,2017,6,17,8,17,10XX HOMER ST,Central Business District,491258.0914,5458281.4311
Other Theft,2017,8,13,16,50,10XX HOMER ST,Central Business District,491258.0914,5458281.4311
Other Theft,2017,9,14,8,33,10XX HOMER ST,Central Business District,491258.0914,5458281.4311
Other Theft,2017,10,9,11,59,10XX HOMER ST,Central Business District,491258.0914,5458281.4311
Other Theft,2017,11,15,9,55,10XX HOMER ST,Central Business District,491258.0914,5458281.4311
Other Theft,2017,11,16,10,17,10XX HOMER ST,Central Business District,491258.0914,5458281.4311
Other Theft,2017,11,17,13,33,10XX HOMER ST,Central Business District,491258.0914,5458281.4311
Other Theft,2017,11,22,17,59,10XX HOMER ST,Central Business District,491258.0914,5458281.4311
Other Theft,2017,11,24,12,7,10XX HOMER ST,Central Business District,491258.0914,5458281.4311
Other Theft,2017,12,9,23,10,10XX HOMER ST,Central Business District,491258.0914,5458281.4311
Other Theft,2017,12,11,14,20,10XX HOMER ST,Central Business District,491258.0914,5458281.4311
Other Theft,2017,12,25,14,3,10XX HOMER ST,Central Business District,491258.0914,5458281.4311
Other Theft,2017,12,13,20,17,10XX HOMER ST,Central Business District,491264.7157,5458288.1813
Other Theft,2017,6,9,16,51,10XX HORNBY ST,Central Business District,490819.8206,5458551.2746
Other Theft,2017,6,3,11,45,10XX HORNBY ST,Central Business District,490903.0712,5458649.5283
Other Theft,2017,6,16,17,57,10XX HORNBY ST,Central Business District,490903.0712,5458649.5283
Other Theft,2017,8,7,11,0,10XX HORNBY ST,Central Business District,490903.0712,5458649.5283
Other Theft,2017,6,27,16,0,10XX HOWE ST,Central Business District,490867.558,5458473.4093
Other Theft,2017,7,10,10,18,10XX HOWE ST,Central Business District,490867.558,5458473.4093
Other Theft,2017,7,30,10,35,10XX HOWE ST,Central Business District,490867.558,5458473.4093
Other Theft,2017,6,10,7,0,10XX HOWE ST,Central Business District,490911.7414,5458505.4916
Other Theft,2017,7,20,16,30,10XX HOWE ST,Central Business District,490911.7414,5458505.4916
Other Theft,2017,12,24,3,0,10XX HOWE ST,Central Business District,490911.7414,5458505.4916
Other Theft,2017,11,15,16,34,10XX HOWE ST,Central Business District,490945.0676,5458552.6272
Other Theft,2017,5,16,16,8,10XX IRONWORK PASS,Fairview,490707.7672,5457250.2325
Other Theft,2017,10,1,7,0,10XX IRONWORK PASS,Fairview,490707.7672,5457250.2325
Other Theft,2017,2,25,17,0,10XX JERVIS ST,West End,490345.7755,5459071.016
Other Theft,2017,12,5,8,0,10XX KEEFER ST,Strathcona,494054.6257,5458493.2272
Other Theft,2017,8,25,16,30,10XX LAGOON DR,Stanley Park,489311.1176,5460044.4649
Other Theft,2017,10,8,12,50,10XX LAGOON DR,Stanley Park,489311.1176,5460044.4649
Other Theft,2017,6,11,0,30,10XX LAURIER AVE,Shaughnessy,490604.2158,5455326.5418
Other Theft,2017,3,29,18,30,10XX MAIN ST,Central Business District,492723.7903,5458104.6727
Other Theft,2017,10,3,10,5,10XX MAIN ST,Central Business District,492723.7903,5458104.6727
Other Theft,2017,7,21,17,0,10XX MAIN ST,Strathcona,492743.1954,5458088.01
Other Theft,2017,12,8,22,40,10XX MAIN ST,Strathcona,492743.1954,5458088.01
Other Theft,2017,11,11,22,0,10XX MAIN ST,Strathcona,492743.7962,5458111.1348
Other Theft,2017,6,4,10,3,10XX MAINLAND ST,Central Business District,491237.8218,5458108.936
Other Theft,2017,9,9,19,10,10XX MAINLAND ST,Central Business District,491237.8218,5458108.936
Other Theft,2017,10,13,13,0,10XX MAINLAND ST,Central Business District,491237.8218,5458108.936
Other Theft,2017,2,8,8,30,10XX MAINLAND ST,Central Business District,491259.4798,5458131.3984
Other Theft,2017,2,7,17,30,10XX MAINLAND ST,Central Business District,491270.394,5458129.5441
Other Theft,2017,12,28,13,40,10XX MAINLAND ST,Central Business District,491274.7256,5458134.0366
Other Theft,2017,5,20,23,59,10XX MAINLAND ST,Central Business District,491283.3036,5458156.1071
Other Theft,2017,5,16,10,30,10XX MAINLAND ST,Central Business District,491294.1327,5458167.3383
Other Theft,2017,5,5,17,0,10XX MAINLAND ST,Central Business District,491298.4643,5458171.8308
Other Theft,2017,8,6,20,0,10XX MAINLAND ST,Central Business District,491298.4643,5458171.8308
Other Theft,2017,8,30,0,0,10XX MAINLAND ST,Central Business District,491298.4643,5458171.8308
Other Theft,2017,10,8,0,19,10XX MAINLAND ST,Central Business District,491302.7959,5458176.3233
Other Theft,2017,11,19,9,24,10XX MAINLAND ST,Central Business District,491322.3733,5458183.4539
Other Theft,2017,1,13,10,46,10XX MAINLAND ST,Central Business District,491323.2043,5458184.3174
Other Theft,2017,12,19,11,11,10XX MAINLAND ST,Central Business District,491326.7049,5458187.9464
Other Theft,2017,9,9,0,0,10XX MAINLAND ST,Central Business District,491328.7855,5458203.2782
Other Theft,2017,9,30,20,30,10XX MAINLAND ST,Central Business District,491328.7855,5458203.2782
Other Theft,2017,11,22,18,40,10XX MAINLAND ST,Central Business District,491328.7855,5458203.2782
Other Theft,2017,6,15,23,0,10XX MAINLAND ST,Central Business District,491346.1971,5458208.1626
Other Theft,2017,9,13,17,18,10XX MAINLAND ST,Central Business District,491346.1971,5458208.1626
Other Theft,2017,4,19,12,8,10XX MARINASIDE CRES,Central Business District,491414.9889,5457871.8306
Other Theft,2017,4,6,15,30,10XX MARINASIDE CRES,Central Business District,491422.2972,5457871.5209
Other Theft,2017,2,22,15,39,10XX MARINASIDE CRES,Central Business District,491476.2703,5457858.1817
Other Theft,2017,10,8,12,14,10XX MARINASIDE CRES,Central Business District,491492.1268,5457850.603
Other Theft,2017,11,23,7,10,10XX MARINASIDE CRES,Central Business District,491545.474,5457835.8202
Other Theft,2017,8,23,12,20,10XX MARINASIDE CRES,Central Business District,491583.1299,5457828.4528
Other Theft,2017,9,30,0,19,10XX MARINASIDE CRES,Central Business District,491583.1299,5457828.4528
Other Theft,2017,8,17,12,0,10XX MATTHEWS AVE,Shaughnessy,490517.7611,5455701.4046
Other Theft,2017,5,7,20,21,10XX NELSON ST,West End,490744.49,5458804.6047
Other Theft,2017,4,30,10,25,10XX NELSON ST,West End,490794.8878,5458754.7884
Other Theft,2017,5,12,22,30,10XX NELSON ST,West End,490794.8878,5458754.7884
Other Theft,2017,6,14,8,43,10XX NELSON ST,West End,490794.8878,5458754.7884
Other Theft,2017,10,17,13,56,10XX NICOLA ST,West End,490169.5356,5459250.6331
Other Theft,2017,1,31,16,52,10XX PACIFIC BLVD,Central Business District,491600.8476,5457927.7939
Other Theft,2017,3,26,22,0,10XX PACIFIC ST,West End,490246.7971,5458367.4099
Other Theft,2017,1,18,20,0,10XX PARKER ST,Strathcona,494080.0022,5458126.7591
Other Theft,2017,3,20,6,0,10XX RICHARDS ST,Central Business District,491181.9337,5458347.7606
Other Theft,2017,2,13,10,30,10XX RICHARDS ST,Central Business District,491186.5265,5458365.2987
Other Theft,2017,7,14,19,50,10XX RICHARDS ST,Central Business District,491190.6896,5458356.5276
Other Theft,2017,1,22,22,12,10XX ROBSON ST,West End,490921.6632,5459093.9531
Other Theft,2017,1,17,19,36,10XX ROBSON ST,West End,490924.6317,5459091.0189
Other Theft,2017,3,3,6,31,10XX ROBSON ST,West End,490928.0905,5459100.4571
Other Theft,2017,3,10,22,0,10XX ROBSON ST,West End,490928.0905,5459100.4571
Other Theft,2017,3,14,8,37,10XX ROBSON ST,West End,490928.0905,5459100.4571
Other Theft,2017,3,27,15,30,10XX ROBSON ST,West End,490928.0905,5459100.4571
Other Theft,2017,6,20,8,15,10XX ROBSON ST,West End,490928.0905,5459100.4571
Other Theft,2017,7,5,23,15,10XX ROBSON ST,West End,490928.0905,5459100.4571
Other Theft,2017,7,10,22,55,10XX ROBSON ST,West End,490928.0905,5459100.4571
Other Theft,2017,8,6,11,0,10XX ROBSON ST,West End,490928.0905,5459100.4571
Other Theft,2017,11,6,14,30,10XX ROBSON ST,West End,490928.0905,5459100.4571
Other Theft,2017,11,19,20,7,10XX ROBSON ST,West End,490928.0905,5459100.4571
Other Theft,2017,1,9,13,33,10XX ROBSON ST,West End,490931.059,5459097.523
Other Theft,2017,11,11,13,20,10XX ROBSON ST,West End,490939.481,5459089.201
Other Theft,2017,4,17,13,21,10XX ROBSON ST,West End,490945.1763,5459083.5729
Other Theft,2017,11,12,19,25,10XX ROBSON ST,West End,490962.2621,5459066.6887
Other Theft,2017,2,2,20,43,10XX ROBSON ST,West End,490973.6527,5459055.4326
Other Theft,2017,1,27,13,47,10XX ROBSON ST,West End,490981.4635,5459034.8584
Other Theft,2017,7,29,9,4,10XX ROBSON ST,West End,490981.4635,5459034.8584
Other Theft,2017,1,18,16,30,10XX ROBSON ST,West End,490981.4635,5459034.8584
Other Theft,2017,1,21,16,6,10XX ROBSON ST,West End,490981.4635,5459034.8584
Other Theft,2017,2,25,16,41,10XX ROBSON ST,West End,490987.1588,5459029.2303
Other Theft,2017,3,11,10,10,10XX ROBSON ST,West End,490987.1588,5459029.2303
Other Theft,2017,6,30,18,30,10XX ROBSON ST,West End,490987.1588,5459029.2303
Other Theft,2017,11,29,13,44,10XX ROBSON ST,West End,490987.1588,5459029.2303
Other Theft,2017,12,7,11,15,10XX ROBSON ST,West End,490987.1588,5459029.2303
Other Theft,2017,8,1,14,55,10XX ROBSON ST,West End,490998.5493,5459017.9742
Other Theft,2017,10,6,12,2,10XX ROBSON ST,West End,491004.2446,5459012.3461
Other Theft,2017,10,9,17,45,10XX ROBSON ST,West End,491004.2446,5459012.3461
Other Theft,2017,2,1,11,42,10XX ROBSON ST,West End,491004.9766,5459024.4782
Other Theft,2017,2,10,16,17,10XX ROBSON ST,West End,491004.9766,5459024.4782
Other Theft,2017,3,1,18,31,10XX ROBSON ST,West End,491004.9766,5459024.4782
Other Theft,2017,3,2,20,55,10XX ROBSON ST,West End,491004.9766,5459024.4782
Other Theft,2017,3,9,18,41,10XX ROBSON ST,West End,491004.9766,5459024.4782
Other Theft,2017,3,9,19,1,10XX ROBSON ST,West End,491004.9766,5459024.4782
Other Theft,2017,5,8,15,36,10XX ROBSON ST,West End,491004.9766,5459024.4782
Other Theft,2017,1,20,19,41,10XX ROBSON ST,West End,491004.9767,5459024.4782
Other Theft,2017,3,2,19,0,10XX ROBSON ST,West End,491004.9767,5459024.4782
Other Theft,2017,6,1,17,0,10XX ROBSON ST,West End,491004.9767,5459024.4782
Other Theft,2017,6,14,17,50,10XX ROBSON ST,West End,491004.9767,5459024.4782
Other Theft,2017,6,23,15,18,10XX ROBSON ST,West End,491004.9767,5459024.4782
Other Theft,2017,6,24,18,16,10XX ROBSON ST,West End,491004.9767,5459024.4782
Other Theft,2017,7,1,16,56,10XX ROBSON ST,West End,491004.9767,5459024.4782
Other Theft,2017,7,12,15,58,10XX ROBSON ST,West End,491004.9767,5459024.4782
Other Theft,2017,8,7,15,55,10XX ROBSON ST,West End,491004.9767,5459024.4782
Other Theft,2017,10,30,13,10,10XX ROBSON ST,West End,491004.9767,5459024.4782
Other Theft,2017,11,16,13,20,10XX ROBSON ST,West End,491004.9767,5459024.4782
Other Theft,2017,9,24,14,7,10XX ROBSON ST,West End,491015.6352,5459001.09
Other Theft,2017,1,31,18,22,10XX ROBSON ST,West End,491022.0625,5459007.594
Other Theft,2017,3,30,16,30,10XX ROBSON ST,West End,491022.0625,5459007.594
Other Theft,2017,9,17,20,46,10XX ROBSON ST,West End,491022.0625,5459007.594
Other Theft,2017,11,1,20,57,10XX ROBSON ST,West End,491022.0625,5459007.594
Other Theft,2017,12,9,21,0,10XX ROBSON ST,West End,491022.0625,5459007.594
Other Theft,2017,10,13,20,17,10XX ROBSON ST,West End,491033.453,5458996.3379
Other Theft,2017,6,4,21,50,10XX ROBSON ST,West End,491036.3006,5458993.5239
Other Theft,2017,12,8,14,10,10XX ROBSON ST,West End,491036.3006,5458993.5239
Other Theft,2017,4,13,18,39,10XX ROBSON ST,West End,491041.2639,5458975.7637
Other Theft,2017,2,21,18,22,10XX ROBSON ST,West End,491044.8436,5458985.0818
Other Theft,2017,7,24,16,13,10XX ROBSON ST,West End,491044.8436,5458985.0818
Other Theft,2017,7,24,12,7,10XX ROBSON ST,West End,491047.6912,5458982.2677
Other Theft,2017,7,29,11,0,10XX ROBSON ST,West End,491047.6912,5458982.2677
Other Theft,2017,7,31,17,35,10XX ROBSON ST,West End,491047.6912,5458982.2677
Other Theft,2017,7,31,18,54,10XX ROBSON ST,West End,491047.6912,5458982.2677
Other Theft,2017,8,1,12,6,10XX ROBSON ST,West End,491047.6912,5458982.2677
Other Theft,2017,8,2,17,40,10XX ROBSON ST,West End,491047.6912,5458982.2677
Other Theft,2017,8,14,16,3,10XX ROBSON ST,West End,491047.6912,5458982.2677
Other Theft,2017,10,26,16,46,10XX ROBSON ST,West End,491047.6912,5458982.2677
Other Theft,2017,10,31,16,25,10XX ROBSON ST,West End,491047.6912,5458982.2677
Other Theft,2017,11,1,14,45,10XX ROBSON ST,West End,491047.6912,5458982.2677
Other Theft,2017,11,24,16,0,10XX ROBSON ST,West End,491047.6912,5458982.2677
Other Theft,2017,5,7,13,53,10XX ROBSON ST,West End,491047.6912,5458982.2677
Other Theft,2017,7,12,20,0,10XX ROBSON ST,West End,491061.1973,5458956.0654
Other Theft,2017,8,18,13,57,10XX ROBSON ST,West End,491061.1973,5458956.0654
Other Theft,2017,8,18,14,5,10XX ROBSON ST,West End,491061.1973,5458956.0654
Other Theft,2017,8,27,11,30,10XX ROBSON ST,West End,491061.1973,5458956.0654
Other Theft,2017,8,30,13,0,10XX ROBSON ST,West End,491061.1973,5458956.0654
Other Theft,2017,9,1,20,10,10XX ROBSON ST,West End,491061.1973,5458956.0654
Other Theft,2017,10,8,16,20,10XX ROBSON ST,West End,491061.1973,5458956.0654
Other Theft,2017,6,6,20,1,10XX ROBSON ST,West End,491067.6246,5458962.5695
Other Theft,2017,7,2,20,34,10XX ROBSON ST,West End,491067.6246,5458962.5695
Other Theft,2017,8,6,12,52,10XX ROBSON ST,West End,491067.6246,5458962.5695
Other Theft,2017,8,8,20,55,10XX ROBSON ST,West End,491067.6246,5458962.5695
Other Theft,2017,8,28,19,15,10XX ROBSON ST,West End,491067.6246,5458962.5695
Other Theft,2017,9,15,13,38,10XX ROBSON ST,West End,491067.6246,5458962.5695
Other Theft,2017,9,21,18,0,10XX ROBSON ST,West End,491067.6246,5458962.5695
Other Theft,2017,10,9,20,54,10XX ROBSON ST,West End,491067.6246,5458962.5695
Other Theft,2017,11,2,15,7,10XX ROBSON ST,West End,491067.6246,5458962.5695
Other Theft,2017,11,5,13,36,10XX ROBSON ST,West End,491067.6246,5458962.5695
Other Theft,2017,12,10,20,23,10XX ROBSON ST,West End,491067.6246,5458962.5695
Other Theft,2017,12,16,17,54,10XX ROBSON ST,West End,491067.6246,5458962.5695
Other Theft,2017,10,17,17,30,10XX SE MARINE DR,Sunset,493759.7446,5450936.9402
Other Theft,2017,9,21,17,27,10XX SE MARINE DR,Sunset,493875.6666,5450918.9295
Other Theft,2017,10,31,20,48,10XX SE MARINE DR,Sunset,493875.6666,5450918.9295
Other Theft,2017,8,4,14,30,10XX SEYMOUR ST,Central Business District,491022.378,5458322.9587
Other Theft,2017,8,13,17,45,10XX SEYMOUR ST,Central Business District,491022.378,5458322.9587
Other Theft,2017,8,17,17,54,10XX SEYMOUR ST,Central Business District,491022.378,5458322.9587
Other Theft,2017,8,18,17,39,10XX SEYMOUR ST,Central Business District,491022.378,5458322.9587
Other Theft,2017,1,25,18,30,10XX SEYMOUR ST,Central Business District,491022.378,5458322.9588
Other Theft,2017,4,27,13,13,10XX SEYMOUR ST,Central Business District,491022.378,5458322.9588
Other Theft,2017,6,28,12,46,10XX SEYMOUR ST,Central Business District,491022.378,5458322.9588
Other Theft,2017,7,6,1,0,10XX SEYMOUR ST,Central Business District,491098.7375,5458413.6363
Other Theft,2017,10,20,2,0,10XX SEYMOUR ST,Central Business District,491098.7375,5458413.6363
Other Theft,2017,3,2,16,33,10XX SEYMOUR ST,Central Business District,491125.4165,5458427.7214
Other Theft,2017,11,20,7,45,10XX SITKA SQ,Fairview,490613.6697,5457104.2529
Other Theft,2017,12,11,7,45,10XX SITKA SQ,Fairview,490613.6697,5457104.2529
Other Theft,2017,3,22,7,0,10XX STATION ST,Strathcona,492788.8423,5458081.2304
Other Theft,2017,6,21,17,0,10XX STATION ST,Strathcona,492788.8423,5458081.2304
Other Theft,2017,9,6,13,1,10XX STATION ST,Strathcona,492788.8423,5458081.2304
Other Theft,2017,9,16,15,0,10XX STATION ST,Strathcona,492788.8423,5458081.2304
Other Theft,2017,12,3,22,24,10XX STATION ST,Strathcona,492788.8423,5458081.2304
Other Theft,2017,11,24,22,18,10XX SW MARINE DR,Marpole,490456.8022,5450205.0179
Other Theft,2017,5,18,17,0,10XX UNION ST,Strathcona,494031.4603,5458296.0243
Other Theft,2017,3,10,15,0,10XX VENABLES ST,Strathcona,493994.0782,5458238.4343
Other Theft,2017,8,2,15,2,10XX VENABLES ST,Strathcona,494021.5159,5458237.8858
Other Theft,2017,1,1,0,0,10XX W 10TH AVE,Fairview,490639.2332,5456638.2874
Other Theft,2017,11,24,11,2,10XX W 11TH AVE,Fairview,490770.9896,5456532.8124
Other Theft,2017,4,15,10,0,10XX W 41ST AVE,Shaughnessy,490584.5904,5453485.9206
Other Theft,2017,2,25,14,40,10XX W 41ST AVE,Oakridge,490661.8367,5453460.6901
Other Theft,2017,8,1,0,0,10XX W 50TH AVE,Oakridge,490564.4493,5452559.3011
Other Theft,2017,3,29,18,0,10XX W 57TH AVE,Marpole,490636.5792,5451827.8727
Other Theft,2017,11,29,0,0,10XX W 7TH AVE,Fairview,490654.1814,5456948.5212
Other Theft,2017,11,8,20,59,10XX W 7TH AVE,Fairview,490723.7468,5456937.632
Other Theft,2017,11,24,13,0,10XX W 8TH AVE,Fairview,490652.4991,5456855.9469
Other Theft,2017,3,16,12,28,10XX W BROADWAY AVE,Fairview,490626.22,5456754.5226
Other Theft,2017,4,15,12,0,10XX W BROADWAY AVE,Fairview,490782.5954,5456750.5201
Other Theft,2017,8,24,16,30,10XX W BROADWAY AVE,Fairview,490782.5954,5456750.5201
Other Theft,2017,2,20,14,0,10XX W GEORGIA ST,West End,491057.9911,5459207.5202
Other Theft,2017,2,7,18,0,10XX W GEORGIA ST,Central Business District,491087.1035,5459191.5547
Other Theft,2017,4,5,15,45,10XX W GEORGIA ST,Central Business District,491087.1035,5459191.5547
Other Theft,2017,5,5,18,0,10XX W GEORGIA ST,Central Business District,491087.1035,5459191.5547
Other Theft,2017,5,30,14,5,10XX W GEORGIA ST,Central Business District,491087.1035,5459191.5547
Other Theft,2017,6,6,15,45,10XX W GEORGIA ST,Central Business District,491087.1035,5459191.5547
Other Theft,2017,2,2,3,30,10XX W GEORGIA ST,Central Business District,491115.4503,5459163.4771
Other Theft,2017,2,9,19,30,10XX W GEORGIA ST,Central Business District,491115.4503,5459163.4771
Other Theft,2017,2,14,19,40,10XX W GEORGIA ST,Central Business District,491115.4503,5459163.4771
Other Theft,2017,2,26,7,50,10XX W GEORGIA ST,Central Business District,491115.4503,5459163.4771
Other Theft,2017,3,5,15,0,10XX W GEORGIA ST,Central Business District,491115.4503,5459163.4771
Other Theft,2017,3,18,6,12,10XX W GEORGIA ST,Central Business District,491115.4503,5459163.4771
Other Theft,2017,3,23,4,3,10XX W GEORGIA ST,Central Business District,491115.4503,5459163.4771
Other Theft,2017,3,27,0,45,10XX W GEORGIA ST,Central Business District,491115.4503,5459163.4771
Other Theft,2017,3,27,16,45,10XX W GEORGIA ST,Central Business District,491115.4503,5459163.4771
Other Theft,2017,3,30,21,25,10XX W GEORGIA ST,Central Business District,491115.4503,5459163.4771
Other Theft,2017,4,4,9,22,10XX W GEORGIA ST,Central Business District,491115.4503,5459163.4771
Other Theft,2017,4,15,11,25,10XX W GEORGIA ST,Central Business District,491115.4503,5459163.4771
Other Theft,2017,5,8,13,46,10XX W GEORGIA ST,Central Business District,491115.4503,5459163.4771
Other Theft,2017,5,18,15,10,10XX W GEORGIA ST,Central Business District,491115.4503,5459163.4771
Other Theft,2017,6,23,23,11,10XX W GEORGIA ST,Central Business District,491115.4503,5459163.4771
Other Theft,2017,7,11,7,14,10XX W GEORGIA ST,Central Business District,491115.4503,5459163.4771
Other Theft,2017,7,21,17,50,10XX W GEORGIA ST,Central Business District,491115.4503,5459163.4771
Other Theft,2017,8,20,2,0,10XX W GEORGIA ST,Central Business District,491115.4503,5459163.4771
Other Theft,2017,8,21,10,33,10XX W GEORGIA ST,Central Business District,491115.4503,5459163.4771
Other Theft,2017,8,29,2,10,10XX W GEORGIA ST,Central Business District,491115.4503,5459163.4771
Other Theft,2017,9,8,5,30,10XX W GEORGIA ST,Central Business District,491115.4503,5459163.4771
Other Theft,2017,9,8,9,28,10XX W GEORGIA ST,Central Business District,491115.4503,5459163.4771
Other Theft,2017,9,8,9,30,10XX W GEORGIA ST,Central Business District,491115.4503,5459163.4771
Other Theft,2017,10,29,20,0,10XX W GEORGIA ST,Central Business District,491115.4503,5459163.4771
Other Theft,2017,11,24,9,11,10XX W GEORGIA ST,Central Business District,491115.4503,5459163.4771
Other Theft,2017,11,25,11,37,10XX W GEORGIA ST,Central Business District,491115.4503,5459163.4771
Other Theft,2017,11,28,8,35,10XX W GEORGIA ST,Central Business District,491115.4503,5459163.4771
Other Theft,2017,11,30,8,15,10XX W GEORGIA ST,Central Business District,491115.4503,5459163.4771
Other Theft,2017,12,14,3,0,10XX W GEORGIA ST,Central Business District,491115.4503,5459163.4771
Other Theft,2017,12,20,9,1,10XX W GEORGIA ST,Central Business District,491115.4503,5459163.4771
Other Theft,2017,12,28,14,40,10XX W GEORGIA ST,Central Business District,491115.4503,5459163.4771
Other Theft,2017,8,25,11,0,10XX W GEORGIA ST,West End,491128.8583,5459137.3262
Other Theft,2017,10,26,15,4,10XX W GEORGIA ST,West End,491134.5277,5459131.7106
Other Theft,2017,1,1,12,0,10XX W GEORGIA ST,West End,491143.0317,5459123.2874
Other Theft,2017,7,15,18,27,10XX W GEORGIA ST,West End,491143.0317,5459123.2874
Other Theft,2017,11,25,17,53,10XX W GEORGIA ST,West End,491143.0317,5459123.2874
Other Theft,2017,5,20,15,15,10XX W GEORGIA ST,West End,491165.7093,5459100.8253
Other Theft,2017,2,18,11,25,10XX W GEORGIA ST,West End,491174.2133,5459092.402
Other Theft,2017,6,22,9,15,10XX W GEORGIA ST,West End,491174.2133,5459092.402
Other Theft,2017,9,28,22,30,10XX W HASTINGS ST,Central Business District,491359.0894,5459440.1619
Other Theft,2017,11,12,1,0,10XX W HASTINGS ST,Central Business District,491359.0894,5459440.1619
Other Theft,2017,6,28,0,0,10XX W HASTINGS ST,Central Business District,491385.9008,5459438.5889
Other Theft,2017,6,30,14,0,10XX W HASTINGS ST,Central Business District,491385.9008,5459438.5889
Other Theft,2017,9,25,17,0,10XX W HASTINGS ST,Central Business District,491385.9008,5459438.5889
Other Theft,2017,4,15,12,0,10XX W HASTINGS ST,Central Business District,491459.3671,5459407.0058
Other Theft,2017,4,12,18,0,10XX W HASTINGS ST,Central Business District,491482.5671,5459397.0321
Other Theft,2017,3,29,13,12,10XX W KING EDWARD AVE,Shaughnessy,490701.587,5455155.3599
Other Theft,2017,6,16,19,28,10XX W KING EDWARD AVE,Shaughnessy,490701.587,5455155.3599
Other Theft,2017,11,10,17,0,10XX W PENDER ST,Central Business District,491254.7979,5459421.7899
Other Theft,2017,1,30,17,30,10XX W PENDER ST,Central Business District,491258.4981,5459410.0689
Other Theft,2017,10,24,13,30,10XX W PENDER ST,Central Business District,491258.4981,5459410.0689
Other Theft,2017,6,19,11,30,10XX W PENDER ST,Central Business District,491332.2968,5459374.751
Other Theft,2017,9,7,16,45,10XX W PENDER ST,Central Business District,491332.2968,5459374.751
Other Theft,2017,8,11,11,15,10XX W PENDER ST,Central Business District,491371.6032,5459364.2274
Other Theft,2017,8,19,8,16,10XX W PENDER ST,Central Business District,491422.0657,5459316.4087
Other Theft,2017,10,25,20,47,10XX W WATERFRONT RD,Central Business District,491510.1043,5459525.9082
Other Theft,2017,11,7,0,0,10XX WOLFE AVE,Shaughnessy,490670.5584,5455578.1299
Other Theft,2017,2,20,21,0,11XX ALBERNI ST,West End,490918.5091,5459261.07
Other Theft,2017,3,7,18,30,11XX ALBERNI ST,West End,490918.5091,5459261.07
Other Theft,2017,4,2,4,59,11XX ALBERNI ST,West End,490918.5091,5459261.07
Other Theft,2017,7,9,1,24,11XX ALBERNI ST,West End,490918.5091,5459261.07
Other Theft,2017,10,7,3,0,11XX ALBERNI ST,West End,490918.5091,5459261.07
Other Theft,2017,10,14,22,0,11XX ALBERNI ST,West End,490918.5091,5459261.07
Other Theft,2017,11,11,0,30,11XX ALBERNI ST,West End,490918.5091,5459261.07
Other Theft,2017,2,21,14,27,11XX ALBERNI ST,West End,490952.4325,5459228.2107
Other Theft,2017,3,1,9,26,11XX ALBERNI ST,West End,490952.4325,5459228.2107
Other Theft,2017,1,30,8,14,11XX ALBERNI ST,West End,490952.6266,5459240.7531
Other Theft,2017,3,1,19,40,11XX ALBERNI ST,West End,490952.6266,5459240.7531
Other Theft,2017,3,17,13,32,11XX ALBERNI ST,West End,490952.6266,5459240.7531
Other Theft,2017,7,11,8,59,11XX ALBERNI ST,West End,490952.6266,5459240.7531
Other Theft,2017,8,3,15,0,11XX ALBERNI ST,West End,490971.1302,5459222.8299
Other Theft,2017,3,26,16,24,11XX ALBERNI ST,West End,490995.6077,5459186.3898
Other Theft,2017,4,19,2,22,11XX ALBERNI ST,West End,490995.6077,5459186.3898
Other Theft,2017,4,25,0,41,11XX ALBERNI ST,West End,490995.6077,5459186.3898
Other Theft,2017,12,16,22,25,11XX ALBERNI ST,West End,490995.6077,5459186.3898
Other Theft,2017,4,6,17,50,11XX ALBERNI ST,West End,491001.9697,5459192.9578
Other Theft,2017,7,2,15,12,11XX ALBERNI ST,West End,491001.9697,5459192.9578
Other Theft,2017,1,2,4,30,11XX BARCLAY ST,West End,490709.674,5459013.9101
Other Theft,2017,9,25,20,23,11XX BARCLAY ST,West End,490709.674,5459013.9101
Other Theft,2017,5,2,2,0,11XX BEACH AVE,West End,490085.9345,5458429.7442
Other Theft,2017,4,19,15,24,11XX BEACH AVE,West End,490138.1417,5458350.3199
Other Theft,2017,11,27,9,5,11XX BEACH AVE,West End,490138.1417,5458350.3199
Other Theft,2017,4,11,0,0,11XX BEACH AVE,West End,490142.3659,5458327.2463
Other Theft,2017,1,3,16,12,11XX BURNABY ST,West End,490311.9208,5458627.921
Other Theft,2017,10,19,18,0,11XX BURNABY ST,West End,490312.2487,5458627.5993
Other Theft,2017,7,8,3,0,11XX BURNABY ST,West End,490352.1478,5458575.7373
Other Theft,2017,9,11,20,50,11XX BURNABY ST,West End,490352.1478,5458575.7373
Other Theft,2017,11,1,19,30,11XX BURNABY ST,West End,490352.1478,5458575.7373
Other Theft,2017,11,28,17,0,11XX BURNABY ST,West End,490352.1478,5458575.7373
Other Theft,2017,12,31,13,0,11XX BURNABY ST,West End,490352.1478,5458575.7373
Other Theft,2017,5,24,21,57,11XX BURNABY ST,West End,490352.1478,5458575.7373
Other Theft,2017,7,2,21,16,11XX BURRARD ST,West End,490615.7987,5458506.6594
Other Theft,2017,9,18,16,45,11XX BURRARD ST,Central Business District,490652.9912,5458531.3632
Other Theft,2017,3,24,16,59,11XX BURRARD ST,Central Business District,490677.08,5458555.7996
Other Theft,2017,4,8,17,45,11XX BURRARD ST,Central Business District,490677.08,5458555.7996
Other Theft,2017,7,15,2,43,11XX BURRARD ST,Central Business District,490677.08,5458555.7996
Other Theft,2017,2,6,12,7,11XX BURRARD ST,Central Business District,490681.4598,5458560.2425
Other Theft,2017,9,26,6,40,11XX BURRARD ST,Central Business District,490681.4598,5458560.2425
Other Theft,2017,8,27,14,0,11XX BURRARD ST,Central Business District,490718.6878,5458598.0078
Other Theft,2017,1,4,16,45,11XX BUTE ST,West End,490346.8568,5458842.2591
Other Theft,2017,1,4,18,30,11XX BUTE ST,West End,490346.8568,5458842.2591
Other Theft,2017,1,4,21,2,11XX BUTE ST,West End,490346.8568,5458842.2591
Other Theft,2017,1,9,17,6,11XX BUTE ST,West End,490346.8568,5458842.2591
Other Theft,2017,1,10,21,9,11XX BUTE ST,West End,490346.8568,5458842.2591
Other Theft,2017,1,12,22,49,11XX BUTE ST,West End,490346.8568,5458842.2591
Other Theft,2017,1,6,9,37,11XX BUTE ST,West End,490347.5963,5458842.9712
Other Theft,2017,1,10,12,6,11XX BUTE ST,West End,490347.5963,5458842.9712
Other Theft,2017,1,12,21,16,11XX BUTE ST,West End,490347.5963,5458842.9712
Other Theft,2017,1,13,13,7,11XX BUTE ST,West End,490347.5963,5458842.9712
Other Theft,2017,1,13,19,5,11XX BUTE ST,West End,490347.5963,5458842.9712
Other Theft,2017,1,26,13,13,11XX BUTE ST,West End,490347.5963,5458842.9712
Other Theft,2017,2,2,13,4,11XX BUTE ST,West End,490347.5963,5458842.9712
Other Theft,2017,2,6,18,0,11XX BUTE ST,West End,490347.5963,5458842.9712
Other Theft,2017,2,16,11,18,11XX BUTE ST,West End,490347.5963,5458842.9712
Other Theft,2017,3,21,9,30,11XX BUTE ST,West End,490347.5963,5458842.9712
Other Theft,2017,3,22,20,36,11XX BUTE ST,West End,490347.5963,5458842.9712
Other Theft,2017,4,9,11,0,11XX BUTE ST,West End,490347.5963,5458842.9712
Other Theft,2017,4,20,11,32,11XX BUTE ST,West End,490347.5963,5458842.9712
Other Theft,2017,4,20,17,13,11XX BUTE ST,West End,490347.5963,5458842.9712
Other Theft,2017,4,23,11,11,11XX BUTE ST,West End,490347.5963,5458842.9712
Other Theft,2017,4,23,14,16,11XX BUTE ST,West End,490347.5963,5458842.9712
Other Theft,2017,4,29,12,34,11XX BUTE ST,West End,490347.5963,5458842.9712
Other Theft,2017,5,2,16,25,11XX BUTE ST,West End,490347.5963,5458842.9712
Other Theft,2017,5,2,17,38,11XX BUTE ST,West End,490347.5963,5458842.9712
Other Theft,2017,5,6,14,10,11XX BUTE ST,West End,490347.5963,5458842.9712
Other Theft,2017,5,7,17,8,11XX BUTE ST,West End,490347.5963,5458842.9712
Other Theft,2017,5,9,17,55,11XX BUTE ST,West End,490347.5963,5458842.9712
Other Theft,2017,5,16,16,44,11XX BUTE ST,West End,490347.5963,5458842.9712
Other Theft,2017,6,14,11,8,11XX BUTE ST,West End,490347.5963,5458842.9712
Other Theft,2017,6,14,12,53,11XX BUTE ST,West End,490347.5963,5458842.9712
Other Theft,2017,6,14,17,0,11XX BUTE ST,West End,490347.5963,5458842.9712
Other Theft,2017,6,18,18,38,11XX BUTE ST,West End,490347.5963,5458842.9712
Other Theft,2017,6,19,19,38,11XX BUTE ST,West End,490347.5963,5458842.9712
Other Theft,2017,6,28,12,13,11XX BUTE ST,West End,490347.5963,5458842.9712
Other Theft,2017,7,11,20,19,11XX BUTE ST,West End,490347.5963,5458842.9712
Other Theft,2017,7,18,11,5,11XX BUTE ST,West End,490347.5963,5458842.9712
Other Theft,2017,7,21,12,40,11XX BUTE ST,West End,490347.5963,5458842.9712
Other Theft,2017,7,23,17,6,11XX BUTE ST,West End,490347.5963,5458842.9712
Other Theft,2017,7,23,20,3,11XX BUTE ST,West End,490347.5963,5458842.9712
Other Theft,2017,7,24,10,27,11XX BUTE ST,West End,490347.5963,5458842.9712
Other Theft,2017,8,2,19,51,11XX BUTE ST,West End,490347.5963,5458842.9712
Other Theft,2017,8,5,12,30,11XX BUTE ST,West End,490347.5963,5458842.9712
Other Theft,2017,8,13,9,35,11XX BUTE ST,West End,490347.5963,5458842.9712
Other Theft,2017,8,19,21,29,11XX BUTE ST,West End,490347.5963,5458842.9712
Other Theft,2017,8,21,12,2,11XX BUTE ST,West End,490347.5963,5458842.9712
Other Theft,2017,9,5,11,37,11XX BUTE ST,West End,490347.5963,5458842.9712
Other Theft,2017,9,5,13,40,11XX BUTE ST,West End,490347.5963,5458842.9712
Other Theft,2017,9,5,17,10,11XX BUTE ST,West End,490347.5963,5458842.9712
Other Theft,2017,9,7,15,20,11XX BUTE ST,West End,490347.5963,5458842.9712
Other Theft,2017,9,11,11,53,11XX BUTE ST,West End,490347.5963,5458842.9712
Other Theft,2017,9,12,14,36,11XX BUTE ST,West End,490347.5963,5458842.9712
Other Theft,2017,9,13,13,8,11XX BUTE ST,West End,490347.5963,5458842.9712
Other Theft,2017,9,14,21,38,11XX BUTE ST,West End,490347.5963,5458842.9712
Other Theft,2017,9,17,16,45,11XX BUTE ST,West End,490347.5963,5458842.9712
Other Theft,2017,9,22,15,38,11XX BUTE ST,West End,490347.5963,5458842.9712
Other Theft,2017,9,26,10,57,11XX BUTE ST,West End,490347.5963,5458842.9712
Other Theft,2017,10,1,16,48,11XX BUTE ST,West End,490347.5963,5458842.9712
Other Theft,2017,10,3,12,15,11XX BUTE ST,West End,490347.5963,5458842.9712
Other Theft,2017,10,4,12,27,11XX BUTE ST,West End,490347.5963,5458842.9712
Other Theft,2017,10,8,11,35,11XX BUTE ST,West End,490347.5963,5458842.9712
Other Theft,2017,10,8,14,27,11XX BUTE ST,West End,490347.5963,5458842.9712
Other Theft,2017,10,11,12,21,11XX BUTE ST,West End,490347.5963,5458842.9712
Other Theft,2017,10,15,15,55,11XX BUTE ST,West End,490347.5963,5458842.9712
Other Theft,2017,10,16,14,29,11XX BUTE ST,West End,490347.5963,5458842.9712
Other Theft,2017,10,16,17,44,11XX BUTE ST,West End,490347.5963,5458842.9712
Other Theft,2017,10,18,16,49,11XX BUTE ST,West End,490347.5963,5458842.9712
Other Theft,2017,10,20,12,2,11XX BUTE ST,West End,490347.5963,5458842.9712
Other Theft,2017,10,27,13,11,11XX BUTE ST,West End,490347.5963,5458842.9712
Other Theft,2017,10,31,14,21,11XX BUTE ST,West End,490347.5963,5458842.9712
Other Theft,2017,10,31,19,10,11XX BUTE ST,West End,490347.5963,5458842.9712
Other Theft,2017,11,1,13,46,11XX BUTE ST,West End,490347.5963,5458842.9712
Other Theft,2017,11,2,14,37,11XX BUTE ST,West End,490347.5963,5458842.9712
Other Theft,2017,11,8,10,45,11XX BUTE ST,West End,490347.5963,5458842.9712
Other Theft,2017,11,11,17,46,11XX BUTE ST,West End,490347.5963,5458842.9712
Other Theft,2017,11,12,16,46,11XX BUTE ST,West End,490347.5963,5458842.9712
Other Theft,2017,11,17,19,24,11XX BUTE ST,West End,490347.5963,5458842.9712
Other Theft,2017,11,24,19,1,11XX BUTE ST,West End,490347.5963,5458842.9712
Other Theft,2017,11,30,20,24,11XX BUTE ST,West End,490347.5963,5458842.9712
Other Theft,2017,12,5,17,18,11XX BUTE ST,West End,490347.5963,5458842.9712
Other Theft,2017,12,7,16,30,11XX BUTE ST,West End,490347.5963,5458842.9712
Other Theft,2017,12,10,18,32,11XX BUTE ST,West End,490347.5963,5458842.9712
Other Theft,2017,12,12,12,5,11XX BUTE ST,West End,490347.5963,5458842.9712
Other Theft,2017,12,13,14,25,11XX BUTE ST,West End,490347.5963,5458842.9712
Other Theft,2017,12,14,14,4,11XX BUTE ST,West End,490347.5963,5458842.9712
Other Theft,2017,12,14,17,19,11XX BUTE ST,West End,490347.5963,5458842.9712
Other Theft,2017,12,15,23,15,11XX BUTE ST,West End,490347.5963,5458842.9712
Other Theft,2017,12,18,10,43,11XX BUTE ST,West End,490347.5963,5458842.9712
Other Theft,2017,12,27,13,34,11XX BUTE ST,West End,490347.5963,5458842.9712
Other Theft,2017,12,31,15,2,11XX BUTE ST,West End,490347.5963,5458842.9712
Other Theft,2017,11,30,12,0,11XX CARDERO ST,West End,490014.4141,5459263.7902
Other Theft,2017,5,15,10,15,11XX CHESTNUT ST,Kitsilano,489371.2179,5458168.0532
Other Theft,2017,7,26,8,0,11XX CHESTNUT ST,Kitsilano,489371.2179,5458168.0532
Other Theft,2017,9,15,17,0,11XX CHESTNUT ST,Kitsilano,489371.2179,5458168.0532
Other Theft,2017,8,22,9,15,11XX COMMERCIAL DR,Grandview-Woodland,494935.7848,5457923.65
Other Theft,2017,7,18,15,7,11XX COMMERCIAL DR,Grandview-Woodland,494945.3854,5457966.3466
Other Theft,2017,11,13,18,30,11XX COMMERCIAL DR,Grandview-Woodland,494945.3854,5457966.3466
Other Theft,2017,3,15,15,33,11XX COMMERCIAL DR,Grandview-Woodland,494945.6139,5457987.7438
Other Theft,2017,8,28,18,30,11XX COMMERCIAL DR,Grandview-Woodland,494945.7593,5458001.3602
Other Theft,2017,12,7,18,0,11XX COMOX ST,West End,490483.2407,5458911.5174
Other Theft,2017,2,20,14,30,11XX COMOX ST,West End,490588.0143,5458806.6945
Other Theft,2017,3,6,7,30,11XX COMOX ST,West End,490588.0143,5458806.6945
Other Theft,2017,10,19,17,0,11XX COTTON DR,Grandview-Woodland,494828.8801,5457972.6247
Other Theft,2017,4,26,14,56,11XX DAVIE ST,West End,490302.794,5458784.2103
Other Theft,2017,6,28,19,13,11XX DAVIE ST,West End,490302.794,5458784.2103
Other Theft,2017,9,4,9,3,11XX DAVIE ST,West End,490302.794,5458784.2103
Other Theft,2017,9,27,6,45,11XX DAVIE ST,West End,490302.794,5458784.2103
Other Theft,2017,11,11,0,8,11XX DAVIE ST,West End,490302.794,5458784.2103
Other Theft,2017,9,18,0,0,11XX DAVIE ST,West End,490317.6853,5458769.0177
Other Theft,2017,6,2,21,0,11XX DAVIE ST,West End,490332.5765,5458753.8252
Other Theft,2017,10,9,23,30,11XX DAVIE ST,West End,490336.1285,5458763.2644
Other Theft,2017,12,2,3,0,11XX DAVIE ST,West End,490336.1285,5458763.2644
Other Theft,2017,6,30,18,30,11XX DAVIE ST,West End,490347.4678,5458738.6326
Other Theft,2017,11,30,11,10,11XX DAVIE ST,West End,490347.4678,5458738.6326
Other Theft,2017,5,21,19,20,11XX DAVIE ST,West End,490356.9763,5458741.9948
Other Theft,2017,11,18,20,0,11XX DAVIE ST,West End,490356.9763,5458741.9948
Other Theft,2017,3,20,9,59,11XX DAVIE ST,West End,490359.3808,5458726.4785
Other Theft,2017,3,23,16,20,11XX DAVIE ST,West End,490359.3808,5458726.4785
Other Theft,2017,4,21,20,30,11XX DAVIE ST,West End,490359.3808,5458726.4785
Other Theft,2017,4,23,7,10,11XX DAVIE ST,West End,490359.3808,5458726.4785
Other Theft,2017,7,11,19,40,11XX DAVIE ST,West End,490380.8023,5458717.6867
Other Theft,2017,11,29,17,43,11XX DAVIE ST,West End,490380.8023,5458717.6867
Other Theft,2017,11,17,11,0,11XX DAVIE ST,West End,490386.7588,5458711.6097
Other Theft,2017,1,9,10,16,11XX DAVIE ST,West End,490419.5195,5458678.186
Other Theft,2017,1,29,22,34,11XX DAVIE ST,West End,490419.5195,5458678.186
Other Theft,2017,2,10,15,59,11XX DAVIE ST,West End,490419.5195,5458678.186
Other Theft,2017,2,12,0,20,11XX DAVIE ST,West End,490419.5195,5458678.186
Other Theft,2017,2,12,13,43,11XX DAVIE ST,West End,490419.5195,5458678.186
Other Theft,2017,2,27,3,48,11XX DAVIE ST,West End,490419.5195,5458678.186
Other Theft,2017,3,6,3,58,11XX DAVIE ST,West End,490419.5195,5458678.186
Other Theft,2017,3,12,0,34,11XX DAVIE ST,West End,490419.5195,5458678.186
Other Theft,2017,3,12,21,6,11XX DAVIE ST,West End,490419.5195,5458678.186
Other Theft,2017,4,20,19,15,11XX DAVIE ST,West End,490419.5195,5458678.186
Other Theft,2017,4,20,20,11,11XX DAVIE ST,West End,490419.5195,5458678.186
Other Theft,2017,4,23,9,56,11XX DAVIE ST,West End,490419.5195,5458678.186
Other Theft,2017,4,30,14,47,11XX DAVIE ST,West End,490419.5195,5458678.186
Other Theft,2017,5,10,21,12,11XX DAVIE ST,West End,490419.5195,5458678.186
Other Theft,2017,6,3,11,51,11XX DAVIE ST,West End,490419.5195,5458678.186
Other Theft,2017,6,6,17,55,11XX DAVIE ST,West End,490419.5195,5458678.186
Other Theft,2017,6,8,14,12,11XX DAVIE ST,West End,490419.5195,5458678.186
Other Theft,2017,6,12,1,23,11XX DAVIE ST,West End,490419.5195,5458678.186
Other Theft,2017,6,25,15,48,11XX DAVIE ST,West End,490419.5195,5458678.186
Other Theft,2017,6,28,14,0,11XX DAVIE ST,West End,490419.5195,5458678.186
Other Theft,2017,7,2,13,8,11XX DAVIE ST,West End,490419.5195,5458678.186
Other Theft,2017,7,9,13,29,11XX DAVIE ST,West End,490419.5195,5458678.186
Other Theft,2017,7,11,19,40,11XX DAVIE ST,West End,490419.5195,5458678.186
Other Theft,2017,7,12,2,5,11XX DAVIE ST,West End,490419.5195,5458678.186
Other Theft,2017,7,18,22,50,11XX DAVIE ST,West End,490419.5195,5458678.186
Other Theft,2017,8,2,22,6,11XX DAVIE ST,West End,490419.5195,5458678.186
Other Theft,2017,8,5,15,29,11XX DAVIE ST,West End,490419.5195,5458678.186
Other Theft,2017,8,7,19,45,11XX DAVIE ST,West End,490419.5195,5458678.186
Other Theft,2017,8,8,17,50,11XX DAVIE ST,West End,490419.5195,5458678.186
Other Theft,2017,8,26,17,40,11XX DAVIE ST,West End,490419.5195,5458678.186
Other Theft,2017,9,23,22,33,11XX DAVIE ST,West End,490419.5195,5458678.186
Other Theft,2017,9,26,19,23,11XX DAVIE ST,West End,490419.5195,5458678.186
Other Theft,2017,9,27,10,2,11XX DAVIE ST,West End,490419.5195,5458678.186
Other Theft,2017,9,28,16,50,11XX DAVIE ST,West End,490419.5195,5458678.186
Other Theft,2017,10,3,5,3,11XX DAVIE ST,West End,490419.5195,5458678.186
Other Theft,2017,10,12,11,0,11XX DAVIE ST,West End,490419.5195,5458678.186
Other Theft,2017,10,17,0,52,11XX DAVIE ST,West End,490419.5195,5458678.186
Other Theft,2017,10,17,6,30,11XX DAVIE ST,West End,490419.5195,5458678.186
Other Theft,2017,10,23,0,9,11XX DAVIE ST,West End,490419.5195,5458678.186
Other Theft,2017,11,1,18,54,11XX DAVIE ST,West End,490419.5195,5458678.186
Other Theft,2017,11,2,3,43,11XX DAVIE ST,West End,490419.5195,5458678.186
Other Theft,2017,11,8,18,36,11XX DAVIE ST,West End,490419.5195,5458678.186
Other Theft,2017,11,20,1,49,11XX DAVIE ST,West End,490419.5195,5458678.186
Other Theft,2017,11,28,10,44,11XX DAVIE ST,West End,490419.5195,5458678.186
Other Theft,2017,11,29,1,7,11XX DAVIE ST,West End,490419.5195,5458678.186
Other Theft,2017,11,29,10,10,11XX DAVIE ST,West End,490419.5195,5458678.186
Other Theft,2017,11,29,15,16,11XX DAVIE ST,West End,490419.5195,5458678.186
Other Theft,2017,12,5,15,25,11XX DAVIE ST,West End,490419.5195,5458678.186
Other Theft,2017,6,3,21,0,11XX DAVIE ST,West End,490424.9023,5458659.6312
Other Theft,2017,10,29,15,0,11XX DAVIE ST,West End,490430.8588,5458653.5542
Other Theft,2017,1,13,17,0,11XX DAVIE ST,West End,490436.8153,5458647.4772
Other Theft,2017,1,27,1,29,11XX DAVIE ST,West End,490448.7283,5458635.3231
Other Theft,2017,10,6,2,50,11XX DAVIE ST,West End,490448.7283,5458635.3231
Other Theft,2017,8,13,21,4,11XX DAVIE ST,West End,490452.2803,5458644.7623
Other Theft,2017,9,5,9,0,11XX DAVIE ST,West End,490452.2803,5458644.7623
Other Theft,2017,10,14,20,5,11XX DENMAN ST,West End,489715.3524,5459422.986
Other Theft,2017,3,17,22,0,11XX DENMAN ST,West End,489715.3524,5459422.986
Other Theft,2017,4,15,17,30,11XX DENMAN ST,West End,489718.2058,5459438.7481
Other Theft,2017,1,17,23,0,11XX DENMAN ST,West End,489762.0036,5459469.5035
Other Theft,2017,7,12,0,0,11XX E 10TH AVE,Mount Pleasant,494129.9991,5456527.0967
Other Theft,2017,7,7,20,28,11XX E 15TH AVE,Mount Pleasant,494110.0626,5456013.9229
Other Theft,2017,12,31,23,0,11XX E 15TH AVE,Mount Pleasant,494140.519,5456002.8561
Other Theft,2017,4,3,11,0,11XX E 23RD AVE,Kensington-Cedar Cottage,494098.5267,5455251.0826
Other Theft,2017,12,13,8,34,11XX E 27TH AVE,Kensington-Cedar Cottage,494032.6015,5454859.7822
Other Theft,2017,4,18,18,55,11XX E 33RD AVE,Kensington-Cedar Cottage,494075.0105,5454170.6457
Other Theft,2017,7,14,0,1,11XX E 33RD AVE,Kensington-Cedar Cottage,494116.0624,5454170.5361
Other Theft,2017,3,9,14,22,11XX E 7TH AVE,Mount Pleasant,494114.0493,5456832.1976
Other Theft,2017,1,27,13,0,11XX E BROADWAY AVE,Mount Pleasant,494156.7966,5456635.6571
Other Theft,2017,3,14,8,0,11XX E BROADWAY AVE,Mount Pleasant,494156.7966,5456635.6571
Other Theft,2017,5,16,13,55,11XX E BROADWAY AVE,Mount Pleasant,494156.7966,5456635.6571
Other Theft,2017,7,5,12,0,11XX E BROADWAY AVE,Mount Pleasant,494156.7966,5456635.6571
Other Theft,2017,8,31,16,15,11XX E BROADWAY AVE,Mount Pleasant,494156.7966,5456635.6571
Other Theft,2017,9,22,11,15,11XX E BROADWAY AVE,Mount Pleasant,494156.7966,5456635.6571
Other Theft,2017,11,8,15,30,11XX E BROADWAY AVE,Mount Pleasant,494156.7966,5456635.6571
Other Theft,2017,7,7,17,0,11XX E PENDER ST,Strathcona,494172.9719,5458584.9646
Other Theft,2017,9,8,7,0,11XX GILFORD ST,West End,489647.8884,5459582.8633
Other Theft,2017,8,4,3,0,11XX GILFORD ST,West End,489675.857,5459611.2429
Other Theft,2017,1,30,10,10,11XX GRANVILLE ST,Central Business District,490828.1896,5458287.5415
Other Theft,2017,5,12,23,0,11XX GRANVILLE ST,Central Business District,490847.9734,5458294.4643
Other Theft,2017,7,8,5,11,11XX GRANVILLE ST,Central Business District,490847.9734,5458294.4643
Other Theft,2017,8,12,0,1,11XX GRANVILLE ST,Central Business District,490847.9734,5458294.4643
Other Theft,2017,9,9,0,0,11XX GRANVILLE ST,Central Business District,490847.9734,5458294.4643
Other Theft,2017,11,4,2,0,11XX GRANVILLE ST,Central Business District,490847.9734,5458294.4643
Other Theft,2017,12,2,2,30,11XX GRANVILLE ST,Central Business District,490847.9734,5458294.4643
Other Theft,2017,4,7,14,26,11XX GRANVILLE ST,Central Business District,490852.4071,5458298.9215
Other Theft,2017,9,15,6,11,11XX GRANVILLE ST,Central Business District,490852.4071,5458298.9215
Other Theft,2017,2,20,11,39,11XX GRANVILLE ST,Central Business District,490863.6588,5458323.1988
Other Theft,2017,3,1,9,50,11XX GRANVILLE ST,Central Business District,490863.6588,5458323.1988
Other Theft,2017,5,26,8,52,11XX GRANVILLE ST,Central Business District,490863.6588,5458323.1988
Other Theft,2017,6,22,17,50,11XX GRANVILLE ST,Central Business District,490863.6588,5458323.1988
Other Theft,2017,8,14,21,0,11XX GRANVILLE ST,Central Business District,490863.6588,5458323.1988
Other Theft,2017,10,14,15,54,11XX GRANVILLE ST,Central Business District,490863.6588,5458323.1988
Other Theft,2017,12,27,5,0,11XX GRANVILLE ST,Central Business District,490863.6588,5458323.1988
Other Theft,2017,10,8,0,0,11XX GRANVILLE ST,Central Business District,490865.8756,5458325.4274
Other Theft,2017,10,31,22,30,11XX GRANVILLE ST,Central Business District,490865.8756,5458325.4274
Other Theft,2017,12,3,0,30,11XX GRANVILLE ST,Central Business District,490865.8756,5458325.4274
Other Theft,2017,12,22,22,0,11XX GRANVILLE ST,Central Business District,490865.8756,5458325.4274
Other Theft,2017,3,14,2,0,11XX GRANVILLE ST,Central Business District,490881.3933,5458341.0275
Other Theft,2017,9,4,13,8,11XX GRANVILLE ST,Central Business District,490883.6102,5458343.2561
Other Theft,2017,4,27,18,0,11XX GRANVILLE ST,Central Business District,490890.0931,5458336.8074
Other Theft,2017,8,30,20,0,11XX GRANVILLE ST,Central Business District,490921.2962,5458381.142
Other Theft,2017,2,5,14,44,11XX GRANVILLE ST,Central Business District,490925.7298,5458385.5992
Other Theft,2017,2,5,16,25,11XX GRANVILLE ST,Central Business District,490925.7298,5458385.5992
Other Theft,2017,2,21,18,7,11XX GRANVILLE ST,Central Business District,490925.7298,5458385.5992
Other Theft,2017,4,21,8,27,11XX GRANVILLE ST,Central Business District,490925.7298,5458385.5992
Other Theft,2017,6,29,11,20,11XX GRANVILLE ST,Central Business District,490925.7298,5458385.5992
Other Theft,2017,7,18,15,23,11XX GRANVILLE ST,Central Business District,490925.7298,5458385.5992
Other Theft,2017,7,20,17,17,11XX GRANVILLE ST,Central Business District,490925.7298,5458385.5992
Other Theft,2017,8,4,12,41,11XX GRANVILLE ST,Central Business District,490925.7298,5458385.5992
Other Theft,2017,10,31,12,13,11XX GRANVILLE ST,Central Business District,490925.7298,5458385.5992
Other Theft,2017,12,11,17,35,11XX GRANVILLE ST,Central Business District,490925.7298,5458385.5992
Other Theft,2017,12,12,17,49,11XX GRANVILLE ST,Central Business District,490930.1635,5458390.0564
Other Theft,2017,5,7,18,30,11XX GRANVILLE ST,Central Business District,490936.6463,5458383.6077
Other Theft,2017,5,21,9,0,11XX GRANVILLE ST,Central Business District,490936.6463,5458383.6077
Other Theft,2017,5,25,16,35,11XX GRANVILLE ST,Central Business District,490936.6463,5458383.6077
Other Theft,2017,8,20,2,30,11XX GRANVILLE ST,Central Business District,490936.6463,5458383.6077
Other Theft,2017,12,31,22,0,11XX GRANVILLE ST,Central Business District,490936.6463,5458383.6077
Other Theft,2017,6,11,10,30,11XX HAMILTON ST,Central Business District,491117.6655,5458053.883
Other Theft,2017,1,29,3,30,11XX HAMILTON ST,Central Business District,491142.4146,5458091.741
Other Theft,2017,6,9,23,0,11XX HAMILTON ST,Central Business District,491148.8987,5458085.2935
Other Theft,2017,2,3,23,0,11XX HAMILTON ST,Central Business District,491171.2081,5458107.7296
Other Theft,2017,4,7,12,0,11XX HAMILTON ST,Central Business District,491171.2081,5458107.7296
Other Theft,2017,9,11,10,11,11XX HAMILTON ST,Central Business District,491171.2081,5458107.7296
Other Theft,2017,4,8,20,20,11XX HARWOOD ST,West End,490259.9148,5458514.1177
Other Theft,2017,6,17,1,30,11XX HARWOOD ST,West End,490261.6512,5458512.4033
Other Theft,2017,9,18,13,26,11XX HARWOOD ST,West End,490271.0987,5458515.9252
Other Theft,2017,2,27,17,30,11XX HOMER ST,Central Business District,491039.9756,5458061.9197
Other Theft,2017,5,5,16,30,11XX HOMER ST,Central Business District,491039.9756,5458061.9197
Other Theft,2017,9,17,14,0,11XX HOMER ST,Central Business District,491100.3423,5458121.966
Other Theft,2017,7,13,16,0,11XX HOMER ST,Central Business District,491107.0497,5458128.6378
Other Theft,2017,5,3,16,7,11XX HOMER ST,Central Business District,491129.4077,5458150.8772
Other Theft,2017,9,23,12,23,11XX HOMER ST,Central Business District,491149.5299,5458170.8926
Other Theft,2017,7,17,12,0,11XX HORNBY ST,Central Business District,490701.9436,5458442.5672
Other Theft,2017,5,29,15,0,11XX HORNBY ST,Central Business District,490766.7331,5458509.7331
Other Theft,2017,10,17,15,21,11XX HORNBY ST,Central Business District,490766.7331,5458509.7331
Other Theft,2017,11,15,22,42,11XX HORNBY ST,Central Business District,490792.7512,5458523.5346
Other Theft,2017,12,8,22,0,11XX HORNBY ST,Central Business District,490792.7512,5458523.5346
Other Theft,2017,10,24,0,1,11XX HOWE ST,Central Business District,490766.2424,5458357.6914
Other Theft,2017,12,22,13,31,11XX HOWE ST,Central Business District,490766.2424,5458357.6914
Other Theft,2017,10,27,23,30,11XX HOWE ST,Central Business District,490775.0164,5458366.5794
Other Theft,2017,4,11,16,45,11XX HOWE ST,Central Business District,490829.9275,5458435.2189
Other Theft,2017,4,24,9,15,11XX HOWE ST,Central Business District,490829.9275,5458435.2189
Other Theft,2017,8,5,15,30,11XX HOWE ST,Central Business District,490851.7894,5458444.3488
Other Theft,2017,4,22,18,0,11XX JERVIS ST,West End,490237.3427,5458949.2599
Other Theft,2017,11,2,11,43,11XX JERVIS ST,West End,490237.3427,5458949.2599
Other Theft,2017,5,25,0,0,11XX JERVIS ST,West End,490304.9975,5459016.2664
Other Theft,2017,12,29,12,0,11XX JERVIS ST,West End,490304.9975,5459016.2664
Other Theft,2017,2,15,18,26,11XX KASLO ST,Hastings-Sunrise,496596.4923,5458064.939
Other Theft,2017,9,12,15,22,11XX KINGSWAY AVE,Kensington-Cedar Cottage,494144.5034,5455503.9054
Other Theft,2017,4,29,14,27,11XX LILLOOET ST,Hastings-Sunrise,497165.5505,5457941.214
Other Theft,2017,12,13,13,51,11XX MAIN ST,Central Business District,492719.7044,5457961.2391
Other Theft,2017,2,21,20,32,11XX MAIN ST,Central Business District,492721.5119,5458013.1693
Other Theft,2017,7,4,18,10,11XX MAIN ST,Central Business District,492721.5119,5458013.1693
Other Theft,2017,4,18,16,0,11XX MAINLAND ST,Central Business District,491120.6417,5457992.484
Other Theft,2017,5,21,20,26,11XX MAINLAND ST,Central Business District,491120.6417,5457992.484
Other Theft,2017,9,13,20,42,11XX MAINLAND ST,Central Business District,491120.6417,5457992.484
Other Theft,2017,12,9,21,25,11XX MAINLAND ST,Central Business District,491120.6417,5457992.484
Other Theft,2017,11,27,17,0,11XX MAINLAND ST,Central Business District,491192.8173,5458063.9915
Other Theft,2017,3,4,20,0,11XX MAINLAND ST,Central Business District,491197.3282,5458068.4608
Other Theft,2017,2,8,21,0,11XX MAINLAND ST,Central Business District,491212.7858,5458070.9034
Other Theft,2017,5,10,18,45,11XX MAINLAND ST,Central Business District,491215.3721,5458086.3376
Other Theft,2017,2,23,17,57,11XX MAINLAND ST,Central Business District,491233.0852,5458091.0149
Other Theft,2017,8,27,15,0,11XX MAINLAND ST,Central Business District,491233.0852,5458091.0149
Other Theft,2017,12,6,8,3,11XX MARINASIDE CRES,Central Business District,491310.5843,5457837.1157
Other Theft,2017,3,18,22,4,11XX MARINASIDE CRES,Central Business District,491335.2046,5457850.711
Other Theft,2017,6,7,13,0,11XX MARINASIDE CRES,Central Business District,491335.2046,5457850.711
Other Theft,2017,11,22,14,0,11XX MARINASIDE CRES,Central Business District,491350.1877,5457858.9824
Other Theft,2017,1,19,20,30,11XX MELVILLE ST,Central Business District,490992.0392,5459447.3353
Other Theft,2017,11,8,18,30,11XX MELVILLE ST,Central Business District,491019.485,5459408.0579
Other Theft,2017,10,19,7,55,11XX MELVILLE ST,Central Business District,491062.5082,5459366.4325
Other Theft,2017,8,14,4,50,11XX MELVILLE ST,Central Business District,491117.6931,5459313.0404
Other Theft,2017,12,11,21,45,11XX MELVILLE ST,Central Business District,491117.6931,5459313.0404
Other Theft,2017,10,30,19,45,11XX MELVILLE ST,Central Business District,491120.8969,5459309.9409
Other Theft,2017,12,13,13,3,11XX MELVILLE ST,Central Business District,491120.8969,5459309.9409
Other Theft,2017,6,21,23,13,11XX NANTON AVE,Shaughnessy,490542.1838,5454845.9735
Other Theft,2017,7,11,12,14,11XX NAPIER ST,Strathcona,494221.1474,5458022.5647
Other Theft,2017,3,25,14,9,11XX NELSON ST,West End,490604.5715,5458943.6516
Other Theft,2017,9,29,20,23,11XX NELSON ST,West End,490664.9189,5458896.3544
Other Theft,2017,6,20,17,15,11XX NELSON ST,West End,490679.4169,5458868.9709
Other Theft,2017,2,10,7,0,11XX ODLUM DR,Grandview-Woodland,494473.5741,5457938.0381
Other Theft,2017,10,3,8,0,11XX ODLUM DR,Grandview-Woodland,494483.8703,5458009.2145
Other Theft,2017,1,6,15,55,11XX PACIFIC BLVD,Central Business District,491329.9235,5457967.6002
Other Theft,2017,1,12,17,11,11XX PACIFIC BLVD,Central Business District,491329.9235,5457967.6002
Other Theft,2017,1,9,14,25,11XX PACIFIC BLVD,Central Business District,491331.3656,5457967.737
Other Theft,2017,3,16,15,8,11XX PACIFIC BLVD,Central Business District,491331.3656,5457967.737
Other Theft,2017,3,29,20,9,11XX PACIFIC BLVD,Central Business District,491331.3656,5457967.737
Other Theft,2017,5,31,15,22,11XX PACIFIC BLVD,Central Business District,491331.3656,5457967.737
Other Theft,2017,7,11,17,16,11XX PACIFIC BLVD,Central Business District,491331.3656,5457967.737
Other Theft,2017,7,11,19,3,11XX PACIFIC BLVD,Central Business District,491331.3656,5457967.737
Other Theft,2017,8,29,19,7,11XX PACIFIC BLVD,Central Business District,491331.3656,5457967.737
Other Theft,2017,9,23,16,26,11XX PACIFIC BLVD,Central Business District,491331.3656,5457967.737
Other Theft,2017,9,23,18,27,11XX PACIFIC BLVD,Central Business District,491331.3656,5457967.737
Other Theft,2017,10,20,16,40,11XX PACIFIC BLVD,Central Business District,491331.3656,5457967.737
Other Theft,2017,10,24,14,34,11XX PACIFIC BLVD,Central Business District,491331.3656,5457967.737
Other Theft,2017,11,9,13,18,11XX PACIFIC BLVD,Central Business District,491331.3656,5457967.737
Other Theft,2017,12,1,10,55,11XX PACIFIC BLVD,Central Business District,491331.3656,5457967.737
Other Theft,2017,12,1,16,46,11XX PACIFIC BLVD,Central Business District,491331.3656,5457967.737
Other Theft,2017,12,12,12,58,11XX PACIFIC BLVD,Central Business District,491331.3656,5457967.737
Other Theft,2017,1,11,14,33,11XX PACIFIC BLVD,Central Business District,491331.3656,5457967.737
Other Theft,2017,1,11,19,40,11XX PACIFIC BLVD,Central Business District,491331.3656,5457967.737
Other Theft,2017,1,11,19,50,11XX PACIFIC BLVD,Central Business District,491331.3656,5457967.737
Other Theft,2017,2,9,16,4,11XX PACIFIC BLVD,Central Business District,491331.3656,5457967.737
Other Theft,2017,3,20,15,34,11XX PACIFIC BLVD,Central Business District,491331.3656,5457967.737
Other Theft,2017,3,20,17,24,11XX PACIFIC BLVD,Central Business District,491331.3656,5457967.737
Other Theft,2017,3,29,18,35,11XX PACIFIC BLVD,Central Business District,491331.3656,5457967.737
Other Theft,2017,4,20,15,21,11XX PACIFIC BLVD,Central Business District,491331.3656,5457967.737
Other Theft,2017,4,25,11,47,11XX PACIFIC BLVD,Central Business District,491331.3656,5457967.737
Other Theft,2017,6,22,17,0,11XX PACIFIC BLVD,Central Business District,491331.3656,5457967.737
Other Theft,2017,6,1,0,0,11XX PACIFIC ST,West End,490110.7245,5458516.4971
Other Theft,2017,8,30,12,43,11XX PACIFIC ST,West End,490140.6207,5458486.5115
Other Theft,2017,8,9,22,0,11XX PACIFIC ST,West End,490206.3924,5458420.5432
Other Theft,2017,7,25,0,0,11XX PENDRELL ST,West End,490428.0939,5458825.9734
Other Theft,2017,12,22,17,30,11XX PENDRELL ST,West End,490428.6068,5458812.5157
Other Theft,2017,9,14,14,20,11XX PENDRELL ST,West End,490494.9112,5458759.0323
Other Theft,2017,6,13,15,43,11XX RAYMUR AVE,Strathcona,493989.4064,5457991.8352
Other Theft,2017,8,17,9,26,11XX RICHARDS ST,Central Business District,490979.6695,5458144.8689
Other Theft,2017,8,2,22,0,11XX RICHARDS ST,Central Business District,490999.7102,5458165.009
Other Theft,2017,2,21,22,16,11XX RICHARDS ST,Central Business District,491077.6462,5458243.3316
Other Theft,2017,1,4,16,41,11XX ROBSON ST,West End,490792.7021,5459235.6337
Other Theft,2017,1,29,15,20,11XX ROBSON ST,West End,490792.7021,5459235.6337
Other Theft,2017,2,5,21,41,11XX ROBSON ST,West End,490792.7021,5459235.6337
Other Theft,2017,2,18,12,0,11XX ROBSON ST,West End,490792.7021,5459235.6337
Other Theft,2017,3,5,20,41,11XX ROBSON ST,West End,490792.7021,5459235.6337
Other Theft,2017,3,14,14,46,11XX ROBSON ST,West End,490792.7021,5459235.6337
Other Theft,2017,4,19,16,11,11XX ROBSON ST,West End,490792.7021,5459235.6337
Other Theft,2017,5,22,14,31,11XX ROBSON ST,West End,490792.7021,5459235.6337
Other Theft,2017,7,2,16,10,11XX ROBSON ST,West End,490792.7021,5459235.6337
Other Theft,2017,7,5,14,20,11XX ROBSON ST,West End,490792.7021,5459235.6337
Other Theft,2017,7,5,15,45,11XX ROBSON ST,West End,490792.7021,5459235.6337
Other Theft,2017,7,5,17,25,11XX ROBSON ST,West End,490792.7021,5459235.6337
Other Theft,2017,7,9,19,50,11XX ROBSON ST,West End,490792.7021,5459235.6337
Other Theft,2017,7,14,16,15,11XX ROBSON ST,West End,490792.7021,5459235.6337
Other Theft,2017,8,6,13,59,11XX ROBSON ST,West End,490792.7021,5459235.6337
Other Theft,2017,9,4,17,8,11XX ROBSON ST,West End,490792.7021,5459235.6337
Other Theft,2017,9,4,21,21,11XX ROBSON ST,West End,490792.7021,5459235.6337
Other Theft,2017,9,9,15,13,11XX ROBSON ST,West End,490792.7021,5459235.6337
Other Theft,2017,10,21,14,55,11XX ROBSON ST,West End,490792.7021,5459235.6337
Other Theft,2017,11,21,10,45,11XX ROBSON ST,West End,490792.7021,5459235.6337
Other Theft,2017,1,12,15,26,11XX ROBSON ST,West End,490795.0156,5459233.3232
Other Theft,2017,1,23,20,1,11XX ROBSON ST,West End,490795.0156,5459233.3232
Other Theft,2017,5,18,20,30,11XX ROBSON ST,West End,490795.6407,5459232.6988
Other Theft,2017,8,4,23,30,11XX ROBSON ST,West End,490795.6407,5459232.6988
Other Theft,2017,7,17,15,19,11XX ROBSON ST,West End,490810.3334,5459218.0239
Other Theft,2017,2,2,19,22,11XX ROBSON ST,West End,490812.6871,5459202.7493
Other Theft,2017,2,14,19,4,11XX ROBSON ST,West End,490827.3798,5459188.0745
Other Theft,2017,5,4,12,26,11XX ROBSON ST,West End,490839.1339,5459176.3347
Other Theft,2017,11,22,10,25,11XX ROBSON ST,West End,490839.1339,5459176.3347
Other Theft,2017,2,4,15,56,11XX ROBSON ST,West End,490842.0725,5459173.3997
Other Theft,2017,2,15,18,43,11XX ROBSON ST,West End,490842.0725,5459173.3997
Other Theft,2017,8,22,16,0,11XX ROBSON ST,West End,490842.6572,5459185.7394
Other Theft,2017,4,13,18,52,11XX ROBSON ST,West End,490847.9495,5459167.5298
Other Theft,2017,11,13,20,55,11XX ROBSON ST,West End,490847.9495,5459167.5298
Other Theft,2017,10,5,11,5,11XX ROBSON ST,West End,490851.4728,5459176.9345
Other Theft,2017,4,4,12,0,11XX ROBSON ST,West End,490854.4114,5459173.9995
Other Theft,2017,7,7,0,0,11XX ROBSON ST,West End,490854.4114,5459173.9995
Other Theft,2017,1,3,13,50,11XX ROBSON ST,West End,490857.3499,5459171.0646
Other Theft,2017,5,28,15,0,11XX ROBSON ST,West End,490877.3349,5459138.1802
Other Theft,2017,10,3,20,59,11XX ROBSON ST,West End,490877.3349,5459138.1802
Other Theft,2017,11,6,20,2,11XX ROBSON ST,West End,490877.3349,5459138.1802
Other Theft,2017,3,26,18,53,11XX ROBSON ST,West End,490880.2734,5459135.2452
Other Theft,2017,4,30,13,42,11XX ROBSON ST,West End,490883.7967,5459144.6499
Other Theft,2017,5,6,19,15,11XX ROBSON ST,West End,490883.7967,5459144.6499
Other Theft,2017,7,12,12,0,11XX ROBSON ST,West End,490883.7967,5459144.6499
Other Theft,2017,8,8,16,0,11XX ROBSON ST,West End,490886.1505,5459129.3753
Other Theft,2017,4,22,17,17,11XX ROBSON ST,West End,490889.6738,5459138.78
Other Theft,2017,4,23,13,37,11XX ROBSON ST,West End,490889.6738,5459138.78
Other Theft,2017,5,10,16,20,11XX ROBSON ST,West End,490892.6123,5459135.8451
Other Theft,2017,10,5,17,47,11XX ROBSON ST,West End,490892.6123,5459135.8451
Other Theft,2017,4,22,11,10,11XX ROBSON ST,West End,490894.9661,5459120.5704
Other Theft,2017,9,12,16,10,11XX ROBSON ST,West End,490894.9661,5459120.5704
Other Theft,2017,2,6,11,44,11XX ROBSON ST,West End,490912.5973,5459102.9607
Other Theft,2017,3,3,22,22,11XX ROBSON ST,West End,490912.5973,5459102.9607
Other Theft,2017,4,25,13,49,11XX ROBSON ST,West End,490912.5973,5459102.9607
Other Theft,2017,7,15,21,30,11XX ROBSON ST,West End,490912.5973,5459102.9607
Other Theft,2017,9,7,15,30,11XX ROBSON ST,West End,490912.5973,5459102.9607
Other Theft,2017,7,5,18,0,11XX ROBSON ST,West End,490913.1821,5459115.3003
Other Theft,2017,2,9,7,49,11XX ROSSLAND ST,Hastings-Sunrise,496682.8096,5458063.1197
Other Theft,2017,5,10,16,49,11XX ROSSLAND ST,Hastings-Sunrise,496690.8954,5457948.197
Other Theft,2017,10,12,17,10,11XX SEYMOUR ST,Central Business District,490894.3286,5458208.1336
Other Theft,2017,2,11,4,22,11XX SEYMOUR ST,Central Business District,490942.7722,5458256.3754
Other Theft,2017,5,21,22,35,11XX SEYMOUR ST,Central Business District,491008.6781,5458309.102
Other Theft,2017,1,16,8,23,11XX STATION ST,Strathcona,492835.0141,5457933.8959
Other Theft,2017,2,14,8,30,11XX STATION ST,Strathcona,492835.0141,5457933.8959
Other Theft,2017,2,19,13,46,11XX STATION ST,Strathcona,492835.0141,5457933.8959
Other Theft,2017,3,11,20,40,11XX STATION ST,Strathcona,492835.0141,5457933.8959
Other Theft,2017,5,8,22,0,11XX STATION ST,Strathcona,492835.0141,5457933.8959
Other Theft,2017,6,12,23,30,11XX STATION ST,Strathcona,492835.0141,5457933.8959
Other Theft,2017,6,13,11,30,11XX STATION ST,Strathcona,492835.0141,5457933.8959
Other Theft,2017,6,14,19,15,11XX STATION ST,Strathcona,492835.0141,5457933.8959
Other Theft,2017,6,25,7,30,11XX STATION ST,Strathcona,492835.0141,5457933.8959
Other Theft,2017,6,30,0,0,11XX STATION ST,Strathcona,492835.0141,5457933.8959
Other Theft,2017,7,3,5,40,11XX STATION ST,Strathcona,492835.0141,5457933.8959
Other Theft,2017,7,3,12,38,11XX STATION ST,Strathcona,492835.0141,5457933.8959
Other Theft,2017,7,7,23,30,11XX STATION ST,Strathcona,492835.0141,5457933.8959
Other Theft,2017,7,15,16,45,11XX STATION ST,Strathcona,492835.0141,5457933.8959
Other Theft,2017,7,25,19,2,11XX STATION ST,Strathcona,492835.0141,5457933.8959
Other Theft,2017,8,14,9,45,11XX STATION ST,Strathcona,492835.0141,5457933.8959
Other Theft,2017,9,8,7,0,11XX STATION ST,Strathcona,492835.0141,5457933.8959
Other Theft,2017,9,17,0,0,11XX STATION ST,Strathcona,492835.0141,5457933.8959
Other Theft,2017,10,4,20,0,11XX STATION ST,Strathcona,492835.0141,5457933.8959
Other Theft,2017,10,7,12,0,11XX STATION ST,Strathcona,492835.0141,5457933.8959
Other Theft,2017,12,21,7,22,11XX STATION ST,Strathcona,492835.0141,5457933.8959
Other Theft,2017,12,26,14,7,11XX STATION ST,Strathcona,492835.0141,5457933.8959
Other Theft,2017,7,1,0,0,11XX SW MARINE DR,Marpole,490390.818,5450130.1504
Other Theft,2017,4,11,12,31,11XX THURLOW ST,West End,490574.3107,5458747.2468
Other Theft,2017,3,14,20,6,11XX UNION ST,Strathcona,494103.5369,5458294.152
Other Theft,2017,10,22,18,43,11XX VICTORIA DR,Grandview-Woodland,495227.4205,5457910.8171
Other Theft,2017,4,8,15,0,11XX W 11TH AVE,Fairview,490470.9624,5456539.4805
Other Theft,2017,3,13,12,27,11XX W 55TH AVE,Oakridge,490416.0598,5451962.3524
Other Theft,2017,5,21,0,0,11XX W 6TH AVE,Fairview,490508.7951,5457037.5295
Other Theft,2017,2,14,11,30,11XX W 73RD AVE,Marpole,490339.6194,5450169.9858
Other Theft,2017,11,2,17,0,11XX W BROADWAY AVE,Fairview,490483.8104,5456758.4594
Other Theft,2017,12,10,13,2,11XX W BROADWAY AVE,Fairview,490486.856,5456749.2271
Other Theft,2017,11,2,14,30,11XX W BROADWAY AVE,Fairview,490520.1109,5456757.4491
Other Theft,2017,9,26,15,1,11XX W BROADWAY AVE,Fairview,490562.7571,5456747.1147
Other Theft,2017,12,15,9,34,11XX W BROADWAY AVE,Fairview,490562.7571,5456747.1147
Other Theft,2017,2,10,15,0,11XX W BROADWAY AVE,Fairview,490592.4576,5456746.2881
Other Theft,2017,6,21,22,50,11XX W CORDOVA ST,Central Business District,491128.9874,5459617.4195
Other Theft,2017,6,23,12,0,11XX W CORDOVA ST,Central Business District,491128.9874,5459617.4195
Other Theft,2017,8,25,18,24,11XX W CORDOVA ST,Central Business District,491128.9874,5459617.4195
Other Theft,2017,9,22,13,0,11XX W CORDOVA ST,Central Business District,491128.9874,5459617.4195
Other Theft,2017,11,29,22,0,11XX W CORDOVA ST,Central Business District,491206.5193,5459581.0161
Other Theft,2017,7,1,17,45,11XX W CORDOVA ST,Central Business District,491278.2459,5459555.9155
Other Theft,2017,7,3,13,0,11XX W CORDOVA ST,Central Business District,491330.0109,5459512.9302
Other Theft,2017,5,20,10,0,11XX W GEORGIA ST,Central Business District,490915.2728,5459361.0787
Other Theft,2017,9,9,23,30,11XX W GEORGIA ST,West End,490945.5932,5459318.3617
Other Theft,2017,1,6,2,15,11XX W GEORGIA ST,Central Business District,490952.0114,5459324.8748
Other Theft,2017,2,28,19,18,11XX W GEORGIA ST,Central Business District,490952.0114,5459324.8748
Other Theft,2017,4,19,16,9,11XX W GEORGIA ST,Central Business District,490952.0114,5459324.8748
Other Theft,2017,4,20,20,35,11XX W GEORGIA ST,Central Business District,490952.0114,5459324.8748
Other Theft,2017,6,28,23,37,11XX W GEORGIA ST,Central Business District,490952.0114,5459324.8748
Other Theft,2017,7,9,20,38,11XX W GEORGIA ST,Central Business District,490952.0114,5459324.8748
Other Theft,2017,9,2,23,0,11XX W GEORGIA ST,Central Business District,490952.0114,5459324.8748
Other Theft,2017,11,12,0,30,11XX W GEORGIA ST,Central Business District,490952.0114,5459324.8748
Other Theft,2017,4,15,1,45,11XX W GEORGIA ST,West End,490982.3319,5459282.1578
Other Theft,2017,3,4,0,0,11XX W GEORGIA ST,Central Business District,490985.6886,5459291.6878
Other Theft,2017,11,17,23,0,11XX W GEORGIA ST,Central Business District,490985.6886,5459291.6878
Other Theft,2017,11,10,18,9,11XX W GEORGIA ST,West End,490993.2104,5459271.4375
Other Theft,2017,6,18,18,40,11XX W GEORGIA ST,West End,490994.5781,5459270.0898
Other Theft,2017,8,30,21,55,11XX W GEORGIA ST,West End,490994.5781,5459270.0898
Other Theft,2017,11,10,6,57,11XX W GEORGIA ST,West End,490994.5781,5459270.0898
Other Theft,2017,11,21,9,0,11XX W GEORGIA ST,West End,490994.5781,5459270.0898
Other Theft,2017,6,27,8,20,11XX W GEORGIA ST,Central Business District,490997.9348,5459279.6198
Other Theft,2017,7,25,0,2,11XX W GEORGIA ST,Central Business District,490997.9348,5459279.6198
Other Theft,2017,5,4,11,25,11XX W GEORGIA ST,West End,491016.009,5459248.9709
Other Theft,2017,9,9,11,48,11XX W GEORGIA ST,West End,491037.4399,5459227.8519
Other Theft,2017,12,15,23,47,11XX W GEORGIA ST,West End,491037.4399,5459227.8519
Other Theft,2017,2,5,18,42,11XX W HASTINGS ST,Central Business District,491115.8189,5459544.4939
Other Theft,2017,11,3,13,3,11XX W HASTINGS ST,Central Business District,491115.8189,5459544.4939
Other Theft,2017,7,28,16,46,11XX W HASTINGS ST,Central Business District,491127.8585,5459549.2833
Other Theft,2017,8,14,19,30,11XX W HASTINGS ST,Central Business District,491127.8585,5459549.2833
Other Theft,2017,1,5,12,0,11XX W HASTINGS ST,Central Business District,491219.1519,5459510.1674
Other Theft,2017,1,16,11,0,11XX W HASTINGS ST,Central Business District,491220.6789,5459509.5121
Other Theft,2017,2,25,19,45,11XX W HASTINGS ST,Central Business District,491220.6789,5459509.5121
Other Theft,2017,5,13,8,0,11XX W HASTINGS ST,Central Business District,491220.6789,5459509.5121
Other Theft,2017,12,14,18,0,11XX W HASTINGS ST,Central Business District,491220.6789,5459509.5121
Other Theft,2017,8,7,9,0,11XX W HASTINGS ST,Central Business District,491225.5157,5459497.4916
Other Theft,2017,5,16,9,30,11XX W HASTINGS ST,Central Business District,491225.5158,5459497.4916
Other Theft,2017,6,16,18,20,11XX W HASTINGS ST,Central Business District,491225.5158,5459497.4916
Other Theft,2017,5,4,8,5,11XX W HASTINGS ST,Central Business District,491267.0891,5459489.6265
Other Theft,2017,8,25,8,52,11XX W HASTINGS ST,Central Business District,491267.0891,5459489.6265
Other Theft,2017,5,15,12,46,11XX W PENDER ST,Central Business District,491032.0912,5459512.9707
Other Theft,2017,6,2,13,10,11XX W PENDER ST,Central Business District,491032.0912,5459512.9707
Other Theft,2017,3,17,0,59,11XX W PENDER ST,Central Business District,491035.8752,5459521.2951
Other Theft,2017,4,6,3,50,11XX W PENDER ST,Central Business District,491035.8752,5459521.2951
Other Theft,2017,4,14,0,7,11XX W PENDER ST,Central Business District,491035.8752,5459521.2951
Other Theft,2017,4,20,2,36,11XX W PENDER ST,Central Business District,491035.8752,5459521.2951
Other Theft,2017,6,9,15,21,11XX W PENDER ST,Central Business District,491035.8752,5459521.2951
Other Theft,2017,6,17,22,29,11XX W PENDER ST,Central Business District,491035.8752,5459521.2951
Other Theft,2017,7,21,20,17,11XX W PENDER ST,Central Business District,491035.8752,5459521.2951
Other Theft,2017,8,4,13,27,11XX W PENDER ST,Central Business District,491035.8752,5459521.2951
Other Theft,2017,9,4,7,41,11XX W PENDER ST,Central Business District,491035.8752,5459521.2951
Other Theft,2017,9,6,3,39,11XX W PENDER ST,Central Business District,491035.8752,5459521.2951
Other Theft,2017,9,13,8,7,11XX W PENDER ST,Central Business District,491035.8752,5459521.2951
Other Theft,2017,11,1,21,21,11XX W PENDER ST,Central Business District,491035.8752,5459521.2951
Other Theft,2017,11,15,4,45,11XX W PENDER ST,Central Business District,491035.8752,5459521.2951
Other Theft,2017,11,18,22,6,11XX W PENDER ST,Central Business District,491035.8752,5459521.2951
Other Theft,2017,12,8,1,21,11XX W PENDER ST,Central Business District,491035.8752,5459521.2951
Other Theft,2017,12,14,13,0,11XX W PENDER ST,Central Business District,491035.8752,5459521.2951
Other Theft,2017,6,5,19,0,11XX W PENDER ST,Central Business District,491126.3161,5459480.1844
Other Theft,2017,6,26,7,30,11XX W PENDER ST,Central Business District,491171.8637,5459449.436
Other Theft,2017,10,13,16,8,11XX WOLFE AVE,Shaughnessy,490528.4458,5455897.3876
Other Theft,2017,2,25,12,0,12XX BARCLAY ST,West End,490568.5327,5459141.9334
Other Theft,2017,9,9,16,30,12XX BIDWELL ST,West End,489725.5878,5459214.9751
Other Theft,2017,8,21,18,30,12XX BIDWELL ST,West End,489786.9447,5459277.6715
Other Theft,2017,12,18,22,18,12XX BROUGHTON ST,West End,490020.0695,5458929.4765
Other Theft,2017,12,10,0,0,12XX BROUGHTON ST,West End,490080.7712,5459004.4359
Other Theft,2017,12,20,0,0,12XX BROUGHTON ST,West End,490080.7712,5459004.4359
Other Theft,2017,6,16,16,22,12XX BURRARD ST,West End,490540.5232,5458431.7868
Other Theft,2017,4,6,22,35,12XX BURRARD ST,West End,490595.337,5458486.0399
Other Theft,2017,4,14,13,23,12XX BURRARD ST,West End,490595.337,5458486.0399
Other Theft,2017,4,23,16,45,12XX BURRARD ST,West End,490595.337,5458486.0399
Other Theft,2017,6,17,1,6,12XX BURRARD ST,West End,490595.337,5458486.0399
Other Theft,2017,6,17,5,44,12XX BURRARD ST,West End,490595.337,5458486.0399
Other Theft,2017,7,5,21,0,12XX BURRARD ST,West End,490595.337,5458486.0399
Other Theft,2017,7,8,3,0,12XX BURRARD ST,West End,490595.337,5458486.0399
Other Theft,2017,7,20,17,28,12XX BURRARD ST,West End,490595.337,5458486.0399
Other Theft,2017,7,22,11,50,12XX BURRARD ST,West End,490595.337,5458486.0399
Other Theft,2017,9,1,9,52,12XX BURRARD ST,West End,490595.337,5458486.0399
Other Theft,2017,9,2,7,35,12XX BURRARD ST,West End,490595.337,5458486.0399
Other Theft,2017,9,4,14,35,12XX BURRARD ST,West End,490595.337,5458486.0399
Other Theft,2017,9,6,10,55,12XX BURRARD ST,West End,490595.337,5458486.0399
Other Theft,2017,9,7,18,25,12XX BURRARD ST,West End,490595.337,5458486.0399
Other Theft,2017,9,18,4,45,12XX BURRARD ST,West End,490595.337,5458486.0399
Other Theft,2017,9,19,10,33,12XX BURRARD ST,West End,490595.337,5458486.0399
Other Theft,2017,9,28,2,40,12XX BURRARD ST,West End,490595.337,5458486.0399
Other Theft,2017,10,5,22,42,12XX BURRARD ST,West End,490595.337,5458486.0399
Other Theft,2017,10,15,15,21,12XX BURRARD ST,West End,490595.337,5458486.0399
Other Theft,2017,10,23,4,57,12XX BURRARD ST,West End,490595.337,5458486.0399
Other Theft,2017,11,25,1,30,12XX BURRARD ST,West End,490595.337,5458486.0399
Other Theft,2017,12,23,19,45,12XX BURRARD ST,West End,490595.337,5458486.0399
Other Theft,2017,3,28,16,21,12XX BURRARD ST,Central Business District,490606.2267,5458483.9526
Other Theft,2017,12,2,0,58,12XX BURRARD ST,Central Business District,490606.2267,5458483.9526
Other Theft,2017,12,19,8,50,12XX BURRARD ST,Central Business District,490606.2267,5458483.9526
Other Theft,2017,3,27,18,59,12XX BUTE ST,West End,490303.4324,5458787.6992
Other Theft,2017,7,23,23,0,12XX BUTE ST,West End,490303.4324,5458787.6992
Other Theft,2017,9,19,2,45,12XX BUTE ST,West End,490303.4324,5458787.6992
Other Theft,2017,11,10,12,43,12XX CARDERO ST,West End,489880.1255,5459144.4264
Other Theft,2017,1,15,0,0,12XX CARDERO ST,West End,489898.5604,5459149.7632
Other Theft,2017,1,16,8,0,12XX CARTWRIGHT ST,Fairview,490312.173,5457441.5487
Other Theft,2017,9,22,12,0,12XX CHESTNUT ST,Kitsilano,489366.8328,5458001.4489
Other Theft,2017,9,8,21,40,12XX COMMERCIAL DR,Grandview-Woodland,494943.4718,5457836.8947
Other Theft,2017,11,11,19,59,12XX COMMERCIAL DR,Grandview-Woodland,494944.556,5457898.2055
Other Theft,2017,1,22,12,17,12XX COMMERCIAL DR,Grandview-Woodland,494944.6566,5457903.8889
Other Theft,2017,9,10,17,29,12XX COMOX ST,West End,490375.7811,5459030.4224
Other Theft,2017,5,30,10,37,12XX DAVIE ST,West End,490198.8451,5458899.622
Other Theft,2017,6,12,16,44,12XX DAVIE ST,West End,490198.8451,5458899.622
Other Theft,2017,1,19,10,50,12XX DAVIE ST,West End,490200.93,5458897.5679
Other Theft,2017,5,28,23,56,12XX DAVIE ST,West End,490227.2734,5458858.7773
Other Theft,2017,9,8,15,41,12XX DAVIE ST,West End,490227.2734,5458858.7773
Other Theft,2017,1,1,20,27,12XX DAVIE ST,West End,490242.4023,5458856.7083
Other Theft,2017,2,5,12,51,12XX DAVIE ST,West End,490242.4023,5458856.7083
Other Theft,2017,2,8,4,15,12XX DAVIE ST,West End,490242.4023,5458856.7083
Other Theft,2017,4,25,12,37,12XX DAVIE ST,West End,490242.4023,5458856.7083
Other Theft,2017,6,9,16,8,12XX DAVIE ST,West End,490242.4023,5458856.7083
Other Theft,2017,6,11,1,25,12XX DAVIE ST,West End,490242.4023,5458856.7083
Other Theft,2017,7,10,15,9,12XX DAVIE ST,West End,490242.4023,5458856.7083
Other Theft,2017,7,13,15,30,12XX DAVIE ST,West End,490242.4023,5458856.7083
Other Theft,2017,7,25,14,16,12XX DAVIE ST,West End,490242.4023,5458856.7083
Other Theft,2017,9,14,8,12,12XX DAVIE ST,West End,490242.4023,5458856.7083
Other Theft,2017,9,19,16,12,12XX DAVIE ST,West End,490242.4023,5458856.7083
Other Theft,2017,9,21,21,47,12XX DAVIE ST,West End,490242.4023,5458856.7083
Other Theft,2017,11,16,23,14,12XX DAVIE ST,West End,490242.4023,5458856.7083
Other Theft,2017,12,21,19,48,12XX DAVIE ST,West End,490242.4023,5458856.7083
Other Theft,2017,1,20,2,41,12XX DAVIE ST,West End,490242.6338,5458856.48
Other Theft,2017,6,9,15,10,12XX DAVIE ST,West End,490246.8741,5458839.4661
Other Theft,2017,2,19,18,0,12XX DAVIE ST,West End,490275.1863,5458811.5722
Other Theft,2017,7,24,15,0,12XX DAVIE ST,West End,490275.1863,5458811.5722
Other Theft,2017,12,5,21,30,12XX DAVIE ST,West End,490294.7871,5458792.261
Other Theft,2017,9,11,21,45,12XX DAVIE ST,West End,490299.0267,5458800.9204
Other Theft,2017,5,30,5,57,12XX DENMAN ST,West End,489688.8873,5459396.5431
Other Theft,2017,9,14,19,58,12XX E 12TH AVE,Mount Pleasant,494228.6845,5456318.7835
Other Theft,2017,12,23,1,0,12XX E 17TH AVE,Kensington-Cedar Cottage,494207.0399,5455841.5199
Other Theft,2017,4,16,14,0,12XX E 20TH AVE,Kensington-Cedar Cottage,494228.6634,5455549.9356
Other Theft,2017,4,30,17,0,12XX E 22ND AVE,Kensington-Cedar Cottage,494196.6693,5455351.2748
Other Theft,2017,12,13,0,0,12XX E 28TH AVE,Kensington-Cedar Cottage,494298.396,5454746.5247
Other Theft,2017,10,16,18,40,12XX E 33RD AVE,Kensington-Cedar Cottage,494184.54,5454169.7283
Other Theft,2017,3,3,7,58,12XX E 4TH AVE,Strathcona,494286.3107,5457130.8164
Other Theft,2017,4,8,20,0,12XX E 8TH AVE,Mount Pleasant,494265.2432,5456729.0512
Other Theft,2017,8,30,0,0,12XX E 8TH AVE,Mount Pleasant,494265.2432,5456729.0512
Other Theft,2017,8,15,6,31,12XX E HASTINGS ST,Strathcona,494265.1864,5458714.0892
Other Theft,2017,8,30,13,0,12XX E HASTINGS ST,Strathcona,494265.1864,5458714.0892
Other Theft,2017,10,17,22,6,12XX E HASTINGS ST,Strathcona,494265.1864,5458714.0892
Other Theft,2017,10,21,20,21,12XX E HASTINGS ST,Strathcona,494265.1864,5458714.0892
Other Theft,2017,5,2,0,0,12XX E KING EDWARD AVE,Kensington-Cedar Cottage,494314.0844,5455092.2732
Other Theft,2017,8,19,7,2,12XX E PENDER ST,Strathcona,494244.9318,5458625.7003
Other Theft,2017,4,5,2,23,12XX FRANKLIN ST,Strathcona,494252.165,5458835.761
Other Theft,2017,4,5,17,30,12XX GRANVILLE ST,Central Business District,490711.4545,5458168.033
Other Theft,2017,9,11,15,29,12XX GRANVILLE ST,Central Business District,490711.4545,5458168.033
Other Theft,2017,10,21,15,11,12XX GRANVILLE ST,Central Business District,490711.4545,5458168.033
Other Theft,2017,1,9,8,32,12XX GRANVILLE ST,Central Business District,490718.0012,5458161.6491
Other Theft,2017,1,22,14,17,12XX GRANVILLE ST,Central Business District,490718.0012,5458161.6491
Other Theft,2017,2,6,6,7,12XX GRANVILLE ST,Central Business District,490718.0012,5458161.6491
Other Theft,2017,2,15,7,19,12XX GRANVILLE ST,Central Business District,490718.0012,5458161.6491
Other Theft,2017,3,2,22,36,12XX GRANVILLE ST,Central Business District,490718.0012,5458161.6491
Other Theft,2017,3,14,14,50,12XX GRANVILLE ST,Central Business District,490718.0012,5458161.6491
Other Theft,2017,3,17,16,13,12XX GRANVILLE ST,Central Business District,490718.0012,5458161.6491
Other Theft,2017,6,27,1,4,12XX GRANVILLE ST,Central Business District,490718.0012,5458161.6491
Other Theft,2017,6,30,5,5,12XX GRANVILLE ST,Central Business District,490718.0012,5458161.6491
Other Theft,2017,6,19,12,38,12XX GRANVILLE ST,Central Business District,490742.1811,5458199.5435
Other Theft,2017,5,2,9,45,12XX GRANVILLE ST,Central Business District,490748.7654,5458206.2958
Other Theft,2017,3,7,10,30,12XX GRANVILLE ST,Central Business District,490755.3497,5458213.048
Other Theft,2017,3,11,21,0,12XX GRANVILLE ST,Central Business District,490786.0763,5458244.5586
Other Theft,2017,3,11,23,45,12XX GRANVILLE ST,Central Business District,490786.0763,5458244.5586
Other Theft,2017,2,18,1,0,12XX GRANVILLE ST,Central Business District,490794.8554,5458253.5616
Other Theft,2017,2,25,1,0,12XX GRANVILLE ST,Central Business District,490794.8554,5458253.5616
Other Theft,2017,3,25,0,30,12XX GRANVILLE ST,Central Business District,490794.8554,5458253.5616
Other Theft,2017,4,23,10,26,12XX GRANVILLE ST,Central Business District,490794.8554,5458253.5616
Other Theft,2017,4,26,1,0,12XX GRANVILLE ST,Central Business District,490794.8554,5458253.5616
Other Theft,2017,4,30,1,0,12XX GRANVILLE ST,Central Business District,490794.8554,5458253.5616
Other Theft,2017,5,20,0,0,12XX GRANVILLE ST,Central Business District,490794.8554,5458253.5616
Other Theft,2017,6,10,23,0,12XX GRANVILLE ST,Central Business District,490794.8554,5458253.5616
Other Theft,2017,6,18,1,0,12XX GRANVILLE ST,Central Business District,490794.8554,5458253.5616
Other Theft,2017,7,29,3,20,12XX GRANVILLE ST,Central Business District,490794.8554,5458253.5616
Other Theft,2017,8,26,2,25,12XX GRANVILLE ST,Central Business District,490794.8554,5458253.5616
Other Theft,2017,9,17,1,0,12XX GRANVILLE ST,Central Business District,490794.8554,5458253.5616
Other Theft,2017,9,17,1,6,12XX GRANVILLE ST,Central Business District,490794.8554,5458253.5616
Other Theft,2017,10,14,23,0,12XX GRANVILLE ST,Central Business District,490794.8554,5458253.5616
Other Theft,2017,12,30,0,1,12XX GRANVILLE ST,Central Business District,490794.8554,5458253.5616
Other Theft,2017,12,31,21,30,12XX GRANVILLE ST,Central Business District,490794.8554,5458253.5616
Other Theft,2017,8,29,19,51,12XX GRANVILLE ST,Central Business District,490803.6344,5458262.5646
Other Theft,2017,1,1,4,58,12XX GRANVILLE ST,Central Business District,490818.867,5458265.0884
Other Theft,2017,1,26,21,0,12XX GRANVILLE ST,Central Business District,490818.9602,5458265.1838
Other Theft,2017,8,7,0,0,12XX GRANVILLE ST,Central Business District,490821.1549,5458267.4345
Other Theft,2017,11,5,2,30,12XX GRANVILLE ST,Central Business District,490821.1549,5458267.4345
Other Theft,2017,8,14,12,15,12XX HAMILTON ST,Central Business District,491009.7412,5457945.9798
Other Theft,2017,4,16,1,0,12XX HAMILTON ST,Central Business District,491052.4542,5457988.5537
Other Theft,2017,7,16,1,0,12XX HAMILTON ST,Central Business District,491052.4542,5457988.5537
Other Theft,2017,9,2,21,0,12XX HAMILTON ST,Central Business District,491052.4542,5457988.5537
Other Theft,2017,9,23,22,0,12XX HAMILTON ST,Central Business District,491052.4542,5457988.5537
Other Theft,2017,10,29,1,30,12XX HAMILTON ST,Central Business District,491052.4542,5457988.5537
Other Theft,2017,11,15,1,0,12XX HAMILTON ST,Central Business District,491052.4542,5457988.5537
Other Theft,2017,6,10,20,0,12XX HAMILTON ST,Central Business District,491059.4872,5458008.4745
Other Theft,2017,10,1,19,0,12XX HARO ST,West End,490653.3295,5459222.418
Other Theft,2017,10,16,19,15,12XX HARWOOD ST,West End,490104.1994,5458668.034
Other Theft,2017,12,8,17,0,12XX HOMER ST,Central Business District,490938.0609,5457959.634
Other Theft,2017,12,8,17,41,12XX HOMER ST,Central Business District,490938.0609,5457959.634
Other Theft,2017,3,8,8,30,12XX HORNBY ST,Central Business District,490577.9533,5458303.9224
Other Theft,2017,10,21,12,52,12XX HORNBY ST,Central Business District,490624.5562,5458350.8815
Other Theft,2017,8,16,16,41,12XX HORNBY ST,Central Business District,490680.0351,5458406.7857
Other Theft,2017,9,28,16,6,12XX HOWE ST,Central Business District,490650.5904,5458254.6229
Other Theft,2017,9,26,17,30,12XX HOWE ST,Central Business District,490688.4395,5458292.5363
Other Theft,2017,10,22,13,0,12XX HOWE ST,Central Business District,490732.7599,5458323.9894
Other Theft,2017,11,2,0,0,12XX HOWE ST,Central Business District,490734.9863,5458326.2196
Other Theft,2017,3,10,0,55,12XX HOWE ST,Central Business District,490748.3447,5458339.6009
Other Theft,2017,12,1,22,46,12XX HOWE ST,Central Business District,490748.3447,5458339.6009
Other Theft,2017,8,30,0,0,12XX JERVIS ST,West End,490177.3186,5458900.1345
Other Theft,2017,1,22,20,24,12XX MAIN ST,Central Business District,492717.348,5457893.4414
Other Theft,2017,5,14,20,49,12XX MAIN ST,Central Business District,492717.348,5457893.4414
Other Theft,2017,6,19,19,30,12XX MAIN ST,Central Business District,492717.348,5457893.4414
Other Theft,2017,12,19,20,54,12XX MAIN ST,Central Business District,492717.348,5457893.4414
Other Theft,2017,4,13,14,0,12XX MARINASIDE CRES,Central Business District,491201.6589,5457735.3235
Other Theft,2017,12,10,15,15,12XX NAPIER ST,Strathcona,494343.9472,5458019.6104
Other Theft,2017,4,6,10,12,12XX PACIFIC BLVD,Central Business District,491077.8006,5457903.1825
Other Theft,2017,9,11,20,4,12XX QUEBEC ST,Central Business District,492611.4648,5457881.0899
Other Theft,2017,6,6,13,9,12XX QUEBEC ST,Central Business District,492611.4729,5457902.0993
Other Theft,2017,12,1,0,0,12XX RICHARDS ST,Central Business District,490873.7648,5458036.119
Other Theft,2017,7,1,0,0,12XX RICHARDS ST,Central Business District,490919.9086,5458083.6636
Other Theft,2017,2,22,13,44,12XX RICHARDS ST,Central Business District,490959.4601,5458124.4165
Other Theft,2017,2,28,16,48,12XX RICHARDS ST,Central Business District,490959.4601,5458124.4165
Other Theft,2017,3,18,13,25,12XX RICHARDS ST,Central Business District,490959.4601,5458124.4165
Other Theft,2017,4,7,16,15,12XX RICHARDS ST,Central Business District,490959.4601,5458124.4165
Other Theft,2017,7,3,19,40,12XX RICHARDS ST,Central Business District,490959.4601,5458124.4165
Other Theft,2017,7,15,10,20,12XX RICHARDS ST,Central Business District,490959.4601,5458124.4165
Other Theft,2017,8,6,14,10,12XX RICHARDS ST,Central Business District,490959.4601,5458124.4165
Other Theft,2017,8,13,8,29,12XX RICHARDS ST,Central Business District,490959.4601,5458124.4165
Other Theft,2017,8,19,18,48,12XX RICHARDS ST,Central Business District,490959.4601,5458124.4165
Other Theft,2017,8,31,10,22,12XX RICHARDS ST,Central Business District,490959.4601,5458124.4165
Other Theft,2017,9,26,10,53,12XX RICHARDS ST,Central Business District,490959.4601,5458124.4165
Other Theft,2017,10,12,23,39,12XX RICHARDS ST,Central Business District,490959.4601,5458124.4165
Other Theft,2017,10,20,16,40,12XX RICHARDS ST,Central Business District,490959.4601,5458124.4165
Other Theft,2017,10,22,17,4,12XX RICHARDS ST,Central Business District,490959.4601,5458124.4165
Other Theft,2017,12,4,19,0,12XX RICHARDS ST,Central Business District,490959.4601,5458124.4165
Other Theft,2017,12,14,22,8,12XX RICHARDS ST,Central Business District,490959.4601,5458124.4165
Other Theft,2017,3,14,4,0,12XX ROBSON ST,West End,490659.2945,5459368.9081
Other Theft,2017,11,19,21,42,12XX ROBSON ST,West End,490659.2945,5459368.9081
Other Theft,2017,6,14,19,22,12XX ROBSON ST,West End,490668.0899,5459360.1211
Other Theft,2017,11,7,15,55,12XX ROBSON ST,West End,490668.0899,5459360.1211
Other Theft,2017,12,27,11,33,12XX ROBSON ST,West End,490668.0899,5459360.1211
Other Theft,2017,9,24,20,48,12XX ROBSON ST,West End,490694.6097,5459320.7013
Other Theft,2017,7,20,17,20,12XX ROBSON ST,West End,490696.8085,5459318.5045
Other Theft,2017,10,10,11,42,12XX ROBSON ST,West End,490705.6038,5459309.7176
Other Theft,2017,7,2,17,0,12XX ROBSON ST,West End,490707.8027,5459307.5209
Other Theft,2017,7,13,11,30,12XX ROBSON ST,West End,490725.3933,5459289.947
Other Theft,2017,7,2,14,45,12XX ROBSON ST,West End,490736.3875,5459278.9633
Other Theft,2017,11,17,18,30,12XX ROBSON ST,West End,490738.4525,5459289.8257
Other Theft,2017,4,23,6,21,12XX ROBSON ST,West End,490740.6514,5459287.6289
Other Theft,2017,10,18,20,0,12XX ROBSON ST,West End,490740.6514,5459287.6289
Other Theft,2017,10,24,8,0,12XX ROBSON ST,West End,490740.6514,5459287.6289
Other Theft,2017,11,13,19,34,12XX ROBSON ST,West End,490742.984,5459272.3731
Other Theft,2017,10,5,16,34,12XX ROBSON ST,West End,490760.5747,5459254.7993
Other Theft,2017,4,18,15,0,12XX ROBSON ST,West End,490767.0374,5459261.2681
Other Theft,2017,7,10,12,3,12XX ROBSON ST,West End,490767.0374,5459261.2681
Other Theft,2017,10,16,22,30,12XX ROBSON ST,West End,490767.0374,5459261.2681
Other Theft,2017,3,16,15,38,12XX SEYMOUR ST,Central Business District,490783.3834,5458096.1639
Other Theft,2017,4,25,15,35,12XX SEYMOUR ST,Central Business District,490783.3834,5458096.1639
Other Theft,2017,5,13,12,31,12XX SEYMOUR ST,Central Business District,490783.3834,5458096.1639
Other Theft,2017,6,6,14,15,12XX SEYMOUR ST,Central Business District,490783.3834,5458096.1639
Other Theft,2017,6,7,12,3,12XX SEYMOUR ST,Central Business District,490783.3834,5458096.1639
Other Theft,2017,6,8,9,30,12XX SEYMOUR ST,Central Business District,490783.3834,5458096.1639
Other Theft,2017,6,14,15,23,12XX SEYMOUR ST,Central Business District,490783.3834,5458096.1639
Other Theft,2017,6,22,16,5,12XX SEYMOUR ST,Central Business District,490783.3834,5458096.1639
Other Theft,2017,8,17,19,42,12XX SEYMOUR ST,Central Business District,490783.3834,5458096.1639
Other Theft,2017,8,22,15,10,12XX SEYMOUR ST,Central Business District,490783.3834,5458096.1639
Other Theft,2017,11,2,17,34,12XX SEYMOUR ST,Central Business District,490783.3834,5458096.1639
Other Theft,2017,12,24,17,0,12XX SEYMOUR ST,Central Business District,490783.3834,5458096.1639
Other Theft,2017,8,1,16,34,12XX SEYMOUR ST,Central Business District,490840.7829,5458141.1238
Other Theft,2017,12,22,11,56,12XX SEYMOUR ST,Central Business District,490851.8487,5458152.2966
Other Theft,2017,9,6,13,30,12XX SEYMOUR ST,Central Business District,490860.8439,5458174.373
Other Theft,2017,11,16,15,45,12XX SEYMOUR ST,Central Business District,490860.8439,5458174.373
Other Theft,2017,11,16,20,7,12XX SEYMOUR ST,Central Business District,490865.1276,5458165.7039
Other Theft,2017,5,13,13,23,12XX STATION ST,Strathcona,492831.1289,5457777.2992
Other Theft,2017,2,3,21,0,12XX THURLOW ST,West End,490458.8708,5458629.4431
Other Theft,2017,3,12,3,56,12XX W 14TH AVE,Fairview,490281.2246,5456233.229
Other Theft,2017,9,26,8,0,12XX W 14TH AVE,Fairview,490366.6819,5456230.9609
Other Theft,2017,8,19,13,0,12XX W 14TH AVE,Fairview,490416.2268,5456238.793
Other Theft,2017,6,9,16,54,12XX W 33RD AVE,Shaughnessy,490220.3716,5454327.7676
Other Theft,2017,7,29,18,47,12XX W 48TH AVE,Oakridge,490304.7879,5452767.3137
Other Theft,2017,12,14,0,0,12XX W 57TH AVE,Marpole,490269.9225,5451834.8591
Other Theft,2017,7,27,13,50,12XX W 58TH AVE,Marpole,490341.5343,5451722.2976
Other Theft,2017,1,16,11,3,12XX W 59TH AVE,Marpole,490310.7559,5451616.775
Other Theft,2017,4,23,17,26,12XX W 67TH AVE,Marpole,490284.4965,5450900.5368
Other Theft,2017,8,9,13,30,12XX W 73RD AVE,Marpole,490276.1627,5450168.3771
Other Theft,2017,9,26,17,0,12XX W 73RD AVE,Marpole,490276.1627,5450168.3771
Other Theft,2017,11,7,17,0,12XX W 73RD AVE,Marpole,490276.1627,5450168.3771
Other Theft,2017,3,11,0,30,12XX W 75TH AVE,Marpole,490237.7748,5449940.9155
Other Theft,2017,12,16,12,0,12XX W 75TH AVE,Marpole,490263.9032,5449940.2947
Other Theft,2017,6,20,12,0,12XX W 7TH AVE,Fairview,490320.8968,5456957.0822
Other Theft,2017,8,8,8,15,12XX W BROADWAY AVE,Fairview,490299.3014,5456763.1533
Other Theft,2017,6,15,12,0,12XX W GEORGIA ST,West End,490879.2601,5459383.7585
Other Theft,2017,3,15,9,30,12XX W HASTINGS ST,Central Business District,490992.0884,5459600.4215
Other Theft,2017,4,3,8,27,12XX W PENDER ST,Central Business District,490896.774,5459586.2181
Other Theft,2017,5,10,16,21,12XX W PENDER ST,Central Business District,490993.4363,5459530.9526
Other Theft,2017,5,22,21,3,12XX W PENDER ST,Central Business District,490993.4363,5459530.9526
Other Theft,2017,5,22,22,4,12XX W PENDER ST,Central Business District,490993.4363,5459530.9526
Other Theft,2017,5,23,12,25,12XX W PENDER ST,Central Business District,490993.4363,5459530.9526
Other Theft,2017,8,5,21,20,12XX W PENDER ST,Central Business District,490993.4363,5459530.9526
Other Theft,2017,11,15,11,57,12XX W PENDER ST,Central Business District,490993.4363,5459530.9526
Other Theft,2017,11,27,21,43,12XX W PENDER ST,Central Business District,490993.4363,5459530.9526
Other Theft,2017,4,3,15,33,12XX W PENDER ST,Central Business District,491017.8081,5459519.5632
Other Theft,2017,4,5,16,45,13XX ARBUTUS ST,Kitsilano,488900.5851,5457975.5879
Other Theft,2017,6,6,20,30,13XX ARBUTUS ST,Kitsilano,488900.5851,5457975.5879
Other Theft,2017,6,23,23,0,13XX ARBUTUS ST,Kitsilano,488900.5851,5457975.5879
Other Theft,2017,7,6,16,0,13XX ARBUTUS ST,Kitsilano,488900.5851,5457975.5879
Other Theft,2017,7,21,14,0,13XX ARBUTUS ST,Kitsilano,488900.5851,5457975.5879
Other Theft,2017,7,23,20,39,13XX ARBUTUS ST,Kitsilano,488900.5851,5457975.5879
Other Theft,2017,8,2,23,0,13XX ARBUTUS ST,Kitsilano,488900.5851,5457975.5879
Other Theft,2017,8,6,2,30,13XX ARBUTUS ST,Kitsilano,488900.5851,5457975.5879
Other Theft,2017,8,28,15,5,13XX ARBUTUS ST,Kitsilano,488900.5851,5457975.5879
Other Theft,2017,9,8,19,0,13XX ARBUTUS ST,Kitsilano,488900.5851,5457975.5879
Other Theft,2017,7,16,14,20,13XX ARBUTUS ST,Kitsilano,488909.8417,5457979.5228
Other Theft,2017,5,23,11,40,13XX BARCLAY ST,West End,490463.6456,5459256.7192
Other Theft,2017,7,6,11,7,13XX BOUNDARY RD,Hastings-Sunrise,498274.4741,5457794.4547
Other Theft,2017,8,10,8,0,13XX BURNABY ST,West End,490063.4386,5458863.366
Other Theft,2017,9,23,17,39,13XX BURRARD ST,Central Business District,490448.6211,5458327.7254
Other Theft,2017,8,22,8,20,13XX BURRARD ST,West End,490463.6362,5458355.6331
Other Theft,2017,5,5,5,30,13XX BURRARD ST,Central Business District,490465.2887,5458344.3634
Other Theft,2017,8,6,20,0,13XX BUTE ST,West End,490223.0721,5458706.347
Other Theft,2017,5,10,9,57,13XX CARDERO ST,West End,489782.8562,5459028.9974
Other Theft,2017,7,30,18,0,13XX CARTWRIGHT ST,Fairview,490271.568,5457451.4066
Other Theft,2017,8,5,11,30,13XX CARTWRIGHT ST,Fairview,490271.568,5457451.4066
Other Theft,2017,8,18,14,30,13XX CARTWRIGHT ST,Fairview,490271.568,5457451.4066
Other Theft,2017,9,30,13,38,13XX CARTWRIGHT ST,Fairview,490294.4083,5457445.8615
Other Theft,2017,10,21,18,43,13XX CLARK DR,Strathcona,494370.9199,5457778.7435
Other Theft,2017,3,29,15,15,13XX COMMERCIAL DR,Grandview-Woodland,494942.7237,5457796.0992
Other Theft,2017,3,10,15,52,13XX COMMERCIAL DR,Grandview-Woodland,494942.7613,5457798.0512
Other Theft,2017,7,18,9,0,13XX COMMERCIAL DR,Grandview-Woodland,494942.7613,5457798.0512
Other Theft,2017,12,20,11,0,13XX COTTON DR,Grandview-Woodland,494792.6475,5457796.7447
Other Theft,2017,11,1,12,0,13XX DAVIE ST,West End,490142.9811,5458942.3075
Other Theft,2017,10,3,18,45,13XX DAVIE ST,West End,490181.6254,5458903.786
Other Theft,2017,3,26,13,30,13XX DISCOVERY ST,West Point Grey,485246.8717,5458027.4871
Other Theft,2017,5,8,1,0,13XX E 18TH AVE,Kensington-Cedar Cottage,494430.3917,5455736.6137
Other Theft,2017,5,16,23,35,13XX E 20TH AVE,Kensington-Cedar Cottage,494388.3093,5455536.9967
Other Theft,2017,5,25,4,30,13XX E 41ST AVE,Kensington-Cedar Cottage,494371.5266,5453336.7322
Other Theft,2017,3,13,21,0,13XX E 41ST AVE,Sunset,494383.8902,5453316.7805
Other Theft,2017,1,25,10,43,13XX E 41ST AVE,Sunset,494383.8902,5453316.7805
Other Theft,2017,3,16,17,19,13XX E 41ST AVE,Sunset,494383.8902,5453316.7805
Other Theft,2017,4,22,17,0,13XX E 7TH AVE,Grandview-Woodland,494363.7652,5456828.4297
Other Theft,2017,7,24,15,15,13XX E 7TH AVE,Grandview-Woodland,494405.6501,5456827.58
Other Theft,2017,11,3,14,0,13XX E 7TH AVE,Grandview-Woodland,494408.6279,5456836.6655
Other Theft,2017,12,31,15,0,13XX E 7TH AVE,Grandview-Woodland,494453.6754,5456835.7522
Other Theft,2017,4,15,10,8,13XX E HASTINGS ST,Grandview-Woodland,494398.9565,5458730.438
Other Theft,2017,5,22,1,0,13XX E HASTINGS ST,Grandview-Woodland,494419.5553,5458730.0584
Other Theft,2017,8,14,15,19,13XX E HASTINGS ST,Grandview-Woodland,494440.1542,5458729.6789
Other Theft,2017,8,16,11,46,13XX E HASTINGS ST,Grandview-Woodland,494440.1542,5458729.6789
Other Theft,2017,9,3,10,38,13XX E HASTINGS ST,Grandview-Woodland,494440.1542,5458729.6789
Other Theft,2017,9,10,15,21,13XX E HASTINGS ST,Grandview-Woodland,494440.1542,5458729.6789
Other Theft,2017,7,5,14,32,13XX E KENT AVE N,Sunset,494146.7128,5450708.371
Other Theft,2017,7,17,12,0,13XX E KENT AVE N,Sunset,494146.7128,5450708.371
Other Theft,2017,10,16,0,0,13XX E KENT AVE N,Sunset,494146.7128,5450708.371
Other Theft,2017,12,11,14,22,13XX E KENT AVE N,Sunset,494146.7128,5450708.371
Other Theft,2017,10,15,0,0,13XX E KENT AVE S,Sunset,494137.8159,5450678.6668
Other Theft,2017,8,24,14,0,13XX E KENT AVE S,Sunset,494211.7802,5450678.6398
Other Theft,2017,7,3,19,30,13XX FRANKLIN ST,Grandview-Woodland,494443.9622,5458831.1977
Other Theft,2017,2,17,23,0,13XX GRANVILLE ST,Central Business District,490709.5111,5458152.977
Other Theft,2017,3,11,4,14,13XX GRANVILLE ST,Central Business District,490709.5111,5458152.977
Other Theft,2017,3,15,3,0,13XX GRANVILLE ST,Central Business District,490709.5111,5458152.977
Other Theft,2017,4,30,1,0,13XX GRANVILLE ST,Central Business District,490709.5111,5458152.977
Other Theft,2017,7,24,5,0,13XX GRANVILLE ST,Central Business District,490709.5111,5458152.977
Other Theft,2017,6,10,20,0,13XX GRAVELEY ST,Grandview-Woodland,494417.886,5457531.542
Other Theft,2017,9,6,14,0,13XX HARO ST,West End,490517.8413,5459341.7143
Other Theft,2017,12,7,12,0,13XX HARWOOD ST,West End,489967.0785,5458817.7422
Other Theft,2017,10,30,9,38,13XX HARWOOD ST,West End,489967.9229,5458816.8945
Other Theft,2017,12,8,2,0,13XX HARWOOD ST,West End,489967.9229,5458816.8945
Other Theft,2017,9,10,13,50,13XX HORNBY ST,Central Business District,490492.9247,5458232.6072
Other Theft,2017,12,14,0,0,13XX HORNBY ST,Central Business District,490494.7193,5458221.5286
Other Theft,2017,12,15,0,0,13XX HORNBY ST,Central Business District,490494.7193,5458221.5286
Other Theft,2017,12,15,12,0,13XX HORNBY ST,Central Business District,490494.7193,5458221.5286
Other Theft,2017,5,3,12,0,13XX HOWE ST,Central Business District,490531.019,5458135.3664
Other Theft,2017,10,1,11,30,13XX HOWE ST,Central Business District,490531.019,5458135.3664
Other Theft,2017,2,24,11,40,13XX HOWE ST,Central Business District,490566.5114,5458170.386
Other Theft,2017,2,6,14,31,13XX JOHNSTON ST,Fairview,490296.453,5457546.5189
Other Theft,2017,10,31,16,11,13XX JOHNSTON ST,Fairview,490296.453,5457546.5189
Other Theft,2017,3,6,17,25,13XX KINGSWAY AVE,Kensington-Cedar Cottage,494334.1848,5455363.9261
Other Theft,2017,12,8,15,0,13XX KINGSWAY AVE,Kensington-Cedar Cottage,494383.7299,5455322.0136
Other Theft,2017,10,9,17,30,13XX KINGSWAY AVE,Kensington-Cedar Cottage,494386.7461,5455331.2932
Other Theft,2017,8,3,14,18,13XX KINGSWAY AVE,Kensington-Cedar Cottage,494448.0967,5455282.6135
Other Theft,2017,1,25,11,52,13XX LABURNUM ST,Kitsilano,488993.3995,5457885.0722
Other Theft,2017,12,18,12,25,13XX LAKEWOOD DR,Grandview-Woodland,495505.4418,5457772.6745
Other Theft,2017,4,7,22,0,13XX MAIN ST,Central Business District,492714.0067,5457797.3141
Other Theft,2017,4,28,15,3,13XX MAIN ST,Central Business District,492714.0067,5457797.3141
Other Theft,2017,5,21,10,0,13XX MAIN ST,Central Business District,492714.0067,5457797.3141
Other Theft,2017,7,6,21,30,13XX MAIN ST,Central Business District,492714.0067,5457797.3141
Other Theft,2017,7,9,11,9,13XX MAIN ST,Central Business District,492714.0067,5457797.3141
Other Theft,2017,10,26,14,17,13XX MAIN ST,Central Business District,492714.0067,5457797.3141
Other Theft,2017,10,30,7,0,13XX MAIN ST,Central Business District,492714.0067,5457797.3141
Other Theft,2017,11,14,16,30,13XX MAIN ST,Central Business District,492714.0067,5457797.3141
Other Theft,2017,7,28,13,30,13XX NANAIMO ST,Grandview-Woodland,495879.4257,5457818.3039
Other Theft,2017,9,25,13,26,13XX ODLUM DR,Grandview-Woodland,494480.5273,5457783.3174
Other Theft,2017,9,16,18,30,13XX ODLUM DR,Grandview-Woodland,494480.8447,5457806.0811
Other Theft,2017,9,18,10,43,13XX ODLUM DR,Grandview-Woodland,494480.8447,5457806.0811
Other Theft,2017,7,7,16,30,13XX PACIFIC BLVD,Central Business District,491005.9986,5457850.7891
Other Theft,2017,7,28,23,0,13XX PACIFIC BLVD,Central Business District,491005.9986,5457850.7891
Other Theft,2017,8,24,19,11,13XX PACIFIC BLVD,Central Business District,491005.9986,5457850.7891
Other Theft,2017,5,5,17,1,13XX POWELL ST,Grandview-Woodland,494468.0745,5458937.4026
Other Theft,2017,3,10,17,0,13XX RAILSPUR ALLY,Fairview,490262.5161,5457501.0619
Other Theft,2017,4,8,20,30,13XX RICHARDS ST,Central Business District,490741.2201,5457917.4469
Other Theft,2017,9,26,14,22,13XX RICHARDS ST,Central Business District,490835.981,5457997.8622
Other Theft,2017,10,17,17,0,13XX RICHARDS ST,Central Business District,490835.981,5457997.8622
Other Theft,2017,7,4,0,59,13XX ROBSON ST,West End,490553.9574,5459461.0614
Other Theft,2017,4,18,3,10,13XX ROBSON ST,West End,490593.8235,5459434.2141
Other Theft,2017,9,1,17,7,13XX ROBSON ST,West End,490593.8235,5459434.2141
Other Theft,2017,2,26,20,8,13XX ROBSON ST,West End,490635.093,5459393.0522
Other Theft,2017,1,10,5,50,13XX ROBSON ST,West End,490644.2737,5459370.981
Other Theft,2017,2,14,22,0,13XX ROBSON ST,West End,490652.78,5459375.4113
Other Theft,2017,9,6,19,52,13XX ROBSON ST,West End,490652.78,5459375.4113
Other Theft,2017,12,26,13,50,13XX ROBSON ST,West End,490652.78,5459375.4113
Other Theft,2017,10,31,15,39,13XX SEYMOUR ST,Central Business District,490698.7462,5457992.8995
Other Theft,2017,7,23,8,5,13XX SW MARINE DR,Marpole,490134.4365,5450044.9917
Other Theft,2017,5,28,23,0,13XX THURLOW ST,West End,490353.452,5458521.2426
Other Theft,2017,3,7,0,0,13XX W 10TH AVE,Fairview,490156.4689,5456650.3075
Other Theft,2017,10,1,11,16,13XX W 13TH AVE,Fairview,490115.1309,5456348.243
Other Theft,2017,10,13,9,31,13XX W 14TH AVE,Fairview,490168.5657,5456236.1797
Other Theft,2017,9,19,15,0,13XX W 15TH AVE,Fairview,490177.3236,5456141.3095
Other Theft,2017,11,2,16,0,13XX W 15TH AVE,Fairview,490177.3236,5456141.3095
Other Theft,2017,12,7,12,0,13XX W 15TH AVE,Fairview,490177.3236,5456141.3095
Other Theft,2017,6,13,8,45,13XX W 32ND AVE,Shaughnessy,490015.6719,5454611.9282
Other Theft,2017,7,13,10,36,13XX W 38TH AVE,Shaughnessy,490136.8759,5453804.8459
Other Theft,2017,1,4,17,34,13XX W 4TH AVE,Fairview,490174.9423,5457110.3964
Other Theft,2017,12,1,17,0,13XX W 4TH AVE,Fairview,490174.9423,5457110.3964
Other Theft,2017,2,2,2,59,13XX W 51ST AVE,Oakridge,490040.9847,5452464.5434
Other Theft,2017,6,7,12,0,13XX W 55TH AVE,Oakridge,489994.8923,5451994.9844
Other Theft,2017,10,8,21,58,13XX W 58TH AVE,Marpole,489989.6745,5451731.2674
Other Theft,2017,6,6,14,46,13XX W 70TH AVE,Marpole,490141.8686,5450653.0511
Other Theft,2017,6,19,0,0,13XX W 70TH AVE,Marpole,490141.8686,5450653.0511
Other Theft,2017,7,20,20,0,13XX W 73RD AVE,Marpole,490011.316,5450228.7269
Other Theft,2017,3,15,0,0,13XX W 73RD AVE,Marpole,490077.4961,5450192.3732
Other Theft,2017,12,5,15,0,13XX W 7TH AVE,Fairview,490216.905,5456959.6169
Other Theft,2017,9,17,15,0,13XX W BROADWAY AVE,Fairview,490103.7917,5456759.3636
Other Theft,2017,12,14,13,41,13XX W BROADWAY AVE,Fairview,490103.7917,5456759.3636
Other Theft,2017,6,26,9,0,13XX W BROADWAY AVE,Fairview,490156.9383,5456767.031
Other Theft,2017,10,3,18,51,13XX W BROADWAY AVE,Fairview,490213.1361,5456765.4658
Other Theft,2017,1,28,17,24,13XX W BROADWAY AVE,Fairview,490229.4103,5456755.865
Other Theft,2017,3,29,16,36,13XX W BROADWAY AVE,Fairview,490229.4103,5456755.865
Other Theft,2017,5,30,17,42,13XX W BROADWAY AVE,Fairview,490229.4103,5456755.865
Other Theft,2017,1,31,15,24,13XX W BROADWAY AVE,Fairview,490229.4103,5456755.865
Other Theft,2017,5,17,16,43,13XX W BROADWAY AVE,Fairview,490229.4103,5456755.865
Other Theft,2017,9,13,9,30,13XX W BROADWAY AVE,Fairview,490229.4103,5456755.865
Other Theft,2017,9,24,14,25,13XX W BROADWAY AVE,Fairview,490229.4103,5456755.865
Other Theft,2017,11,13,15,36,13XX W BROADWAY AVE,Fairview,490229.4103,5456755.865
Other Theft,2017,11,28,19,31,13XX W BROADWAY AVE,Fairview,490229.4103,5456755.865
Other Theft,2017,12,15,15,9,13XX W BROADWAY AVE,Fairview,490229.4103,5456755.865
Other Theft,2017,12,27,12,47,13XX W BROADWAY AVE,Fairview,490229.4103,5456755.865
Other Theft,2017,7,1,2,0,13XX W BROADWAY AVE,Fairview,490265.7736,5456754.8522
Other Theft,2017,7,26,15,45,13XX W GEORGIA ST,West End,490713.0792,5459548.5435
Other Theft,2017,2,4,15,12,14XX ANDERSON ST,Fairview,490163.2828,5457625.1165
Other Theft,2017,8,19,23,30,14XX ANDERSON ST,Fairview,490163.2828,5457625.1165
Other Theft,2017,4,2,17,0,14XX ANDERSON ST,Fairview,490173.4443,5457688.6179
Other Theft,2017,5,16,9,49,14XX ANDERSON ST,Fairview,490173.4443,5457688.6179
Other Theft,2017,5,20,0,0,14XX ANDERSON ST,Fairview,490173.4443,5457688.6179
Other Theft,2017,7,1,0,0,14XX ANDERSON ST,Fairview,490173.4443,5457688.6179
Other Theft,2017,7,25,1,0,14XX ANDERSON ST,Fairview,490173.4443,5457688.6179
Other Theft,2017,7,8,15,0,14XX ARBUTUS ST,Kitsilano,488894.956,5457772.4579
Other Theft,2017,8,5,21,45,14XX ARBUTUS ST,Kitsilano,488894.956,5457772.4579
Other Theft,2017,3,27,22,0,14XX BURRARD ST,Central Business District,490337.7016,5458209.9872
Other Theft,2017,5,22,14,0,14XX CARTWRIGHT ST,Fairview,490106.5517,5457539.9662
Other Theft,2017,6,17,9,55,14XX CARTWRIGHT ST,Fairview,490106.5517,5457539.9662
Other Theft,2017,8,13,15,45,14XX CARTWRIGHT ST,Fairview,490106.5517,5457539.9662
Other Theft,2017,7,11,13,45,14XX CARTWRIGHT ST,Fairview,490145.4683,5457517.8402
Other Theft,2017,2,23,18,23,14XX CEDAR COTTAGE MEWS,Kensington-Cedar Cottage,494528.6544,5455163.2997
Other Theft,2017,7,9,18,45,14XX COMMERCIAL DR,Grandview-Woodland,494931.4986,5457684.1681
Other Theft,2017,4,4,10,45,14XX COMMERCIAL DR,Grandview-Woodland,494931.8197,5457703.7711
Other Theft,2017,2,7,19,27,14XX COMMERCIAL DR,Grandview-Woodland,494940.5343,5457677.484
Other Theft,2017,8,31,20,0,14XX COMMERCIAL DR,Grandview-Woodland,494940.9358,5457701.9878
Other Theft,2017,8,31,14,12,14XX COMMERCIAL DR,Grandview-Woodland,494940.9893,5457705.2549
Other Theft,2017,1,10,10,0,14XX COMOX ST,West End,490201.8163,5459189.5804
Other Theft,2017,11,20,8,0,14XX COMOX ST,West End,490214.9194,5459176.5307
Other Theft,2017,8,15,12,0,14XX CONNAUGHT DR,Shaughnessy,489971.1505,5454747.0455
Other Theft,2017,1,13,15,30,14XX E 14TH AVE,Kensington-Cedar Cottage,494497.8419,5456111.7158
Other Theft,2017,11,6,21,30,14XX E 14TH AVE,Kensington-Cedar Cottage,494499.9223,5456120.7948
Other Theft,2017,6,11,7,25,14XX E 14TH AVE,Kensington-Cedar Cottage,494528.2732,5456119.8374
Other Theft,2017,4,8,23,43,14XX E 18TH AVE,Kensington-Cedar Cottage,494559.0936,5455742.7748
Other Theft,2017,9,10,0,0,14XX E 2ND AVE,Grandview-Woodland,494542.6703,5457328.6819
Other Theft,2017,3,15,11,0,14XX E 3RD AVE,Grandview-Woodland,494586.8566,5457237.4005
Other Theft,2017,8,27,16,56,14XX E 3RD AVE,Grandview-Woodland,494586.8566,5457237.4005
Other Theft,2017,3,20,16,46,14XX E 41ST AVE,Kensington-Cedar Cottage,494476.0137,5453335.4103
Other Theft,2017,10,20,22,0,14XX E 41ST AVE,Kensington-Cedar Cottage,494476.0137,5453335.4103
Other Theft,2017,11,14,16,2,14XX E 41ST AVE,Kensington-Cedar Cottage,494476.0137,5453335.4103
Other Theft,2017,11,17,20,21,14XX E 41ST AVE,Kensington-Cedar Cottage,494476.0137,5453335.4103
Other Theft,2017,8,31,22,0,14XX E 4TH AVE,Grandview-Woodland,494512.7584,5457124.8536
Other Theft,2017,5,19,0,0,14XX E 7TH AVE,Grandview-Woodland,494533.973,5456824.97
Other Theft,2017,5,29,22,30,14XX E 7TH AVE,Grandview-Woodland,494535.6496,5456824.9358
Other Theft,2017,9,8,18,18,14XX E BROADWAY AVE,Kensington-Cedar Cottage,494583.2714,5456620.5931
Other Theft,2017,9,17,15,50,14XX E BROADWAY AVE,Kensington-Cedar Cottage,494583.2714,5456620.5931
Other Theft,2017,6,12,17,0,14XX E HASTINGS ST,Grandview-Woodland,494501.9506,5458728.5402
Other Theft,2017,1,7,14,3,14XX E HASTINGS ST,Grandview-Woodland,494561.0742,5458727.4506
Other Theft,2017,1,22,11,56,14XX E HASTINGS ST,Grandview-Woodland,494563.7471,5458727.4016
Other Theft,2017,1,30,11,11,14XX E HASTINGS ST,Grandview-Woodland,494563.7471,5458727.4016
Other Theft,2017,2,4,10,39,14XX E HASTINGS ST,Grandview-Woodland,494563.7471,5458727.4016
Other Theft,2017,2,6,18,30,14XX E HASTINGS ST,Grandview-Woodland,494563.7471,5458727.4016
Other Theft,2017,2,12,19,33,14XX E HASTINGS ST,Grandview-Woodland,494563.7471,5458727.4016
Other Theft,2017,2,13,20,28,14XX E HASTINGS ST,Grandview-Woodland,494563.7471,5458727.4016
Other Theft,2017,2,17,10,7,14XX E HASTINGS ST,Grandview-Woodland,494563.7471,5458727.4016
Other Theft,2017,3,9,17,48,14XX E HASTINGS ST,Grandview-Woodland,494563.7471,5458727.4016
Other Theft,2017,3,19,16,46,14XX E HASTINGS ST,Grandview-Woodland,494563.7471,5458727.4016
Other Theft,2017,5,8,12,53,14XX E HASTINGS ST,Grandview-Woodland,494563.7471,5458727.4016
Other Theft,2017,5,23,15,12,14XX E HASTINGS ST,Grandview-Woodland,494563.7471,5458727.4016
Other Theft,2017,5,28,10,15,14XX E HASTINGS ST,Grandview-Woodland,494563.7471,5458727.4016
Other Theft,2017,6,7,15,53,14XX E HASTINGS ST,Grandview-Woodland,494563.7471,5458727.4016
Other Theft,2017,6,8,19,55,14XX E HASTINGS ST,Grandview-Woodland,494563.7471,5458727.4016
Other Theft,2017,6,12,13,10,14XX E HASTINGS ST,Grandview-Woodland,494563.7471,5458727.4016
Other Theft,2017,6,15,11,58,14XX E HASTINGS ST,Grandview-Woodland,494563.7471,5458727.4016
Other Theft,2017,6,30,17,0,14XX E HASTINGS ST,Grandview-Woodland,494563.7471,5458727.4016
Other Theft,2017,7,3,10,25,14XX E HASTINGS ST,Grandview-Woodland,494563.7471,5458727.4016
Other Theft,2017,7,4,17,30,14XX E HASTINGS ST,Grandview-Woodland,494563.7471,5458727.4016
Other Theft,2017,7,6,11,35,14XX E HASTINGS ST,Grandview-Woodland,494563.7471,5458727.4016
Other Theft,2017,7,7,12,45,14XX E HASTINGS ST,Grandview-Woodland,494563.7471,5458727.4016
Other Theft,2017,7,11,14,0,14XX E HASTINGS ST,Grandview-Woodland,494563.7471,5458727.4016
Other Theft,2017,7,13,9,0,14XX E HASTINGS ST,Grandview-Woodland,494563.7471,5458727.4016
Other Theft,2017,8,1,17,29,14XX E HASTINGS ST,Grandview-Woodland,494563.7471,5458727.4016
Other Theft,2017,8,19,16,57,14XX E HASTINGS ST,Grandview-Woodland,494563.7471,5458727.4016
Other Theft,2017,9,2,16,4,14XX E HASTINGS ST,Grandview-Woodland,494563.7471,5458727.4016
Other Theft,2017,9,10,19,33,14XX E HASTINGS ST,Grandview-Woodland,494563.7471,5458727.4016
Other Theft,2017,9,15,18,35,14XX E HASTINGS ST,Grandview-Woodland,494563.7471,5458727.4016
Other Theft,2017,10,25,19,30,14XX E HASTINGS ST,Grandview-Woodland,494563.7471,5458727.4016
Other Theft,2017,11,5,20,15,14XX E HASTINGS ST,Grandview-Woodland,494563.7471,5458727.4016
Other Theft,2017,11,27,20,37,14XX E HASTINGS ST,Grandview-Woodland,494563.7471,5458727.4016
Other Theft,2017,12,31,15,12,14XX E HASTINGS ST,Grandview-Woodland,494563.7471,5458727.4016
Other Theft,2017,7,24,9,55,14XX E HASTINGS ST,Grandview-Woodland,494592.7539,5458736.0127
Other Theft,2017,9,14,21,54,14XX E HASTINGS ST,Grandview-Woodland,494592.7539,5458736.0127
Other Theft,2017,12,14,10,55,14XX E HASTINGS ST,Grandview-Woodland,494592.7539,5458736.0127
Other Theft,2017,1,11,16,30,14XX E KING EDWARD AVE,Kensington-Cedar Cottage,494474.8013,5455089.566
Other Theft,2017,3,30,11,17,14XX E KING EDWARD AVE,Kensington-Cedar Cottage,494474.8013,5455089.566
Other Theft,2017,4,1,15,37,14XX E KING EDWARD AVE,Kensington-Cedar Cottage,494474.8013,5455089.566
Other Theft,2017,4,14,15,32,14XX E KING EDWARD AVE,Kensington-Cedar Cottage,494474.8013,5455089.566
Other Theft,2017,6,22,10,56,14XX E KING EDWARD AVE,Kensington-Cedar Cottage,494474.8013,5455089.566
Other Theft,2017,7,9,15,56,14XX E KING EDWARD AVE,Kensington-Cedar Cottage,494474.8013,5455089.566
Other Theft,2017,7,15,13,39,14XX E KING EDWARD AVE,Kensington-Cedar Cottage,494474.8013,5455089.566
Other Theft,2017,7,19,18,32,14XX E KING EDWARD AVE,Kensington-Cedar Cottage,494474.8013,5455089.566
Other Theft,2017,7,22,14,30,14XX E KING EDWARD AVE,Kensington-Cedar Cottage,494474.8013,5455089.566
Other Theft,2017,7,23,16,47,14XX E KING EDWARD AVE,Kensington-Cedar Cottage,494474.8013,5455089.566
Other Theft,2017,7,24,11,25,14XX E KING EDWARD AVE,Kensington-Cedar Cottage,494474.8013,5455089.566
Other Theft,2017,7,24,13,57,14XX E KING EDWARD AVE,Kensington-Cedar Cottage,494474.8013,5455089.566
Other Theft,2017,9,22,11,48,14XX E KING EDWARD AVE,Kensington-Cedar Cottage,494474.8013,5455089.566
Other Theft,2017,9,30,11,6,14XX E KING EDWARD AVE,Kensington-Cedar Cottage,494474.8013,5455089.566
Other Theft,2017,11,6,10,50,14XX E KING EDWARD AVE,Kensington-Cedar Cottage,494474.8013,5455089.566
Other Theft,2017,11,7,10,15,14XX E KING EDWARD AVE,Kensington-Cedar Cottage,494474.8013,5455089.566
Other Theft,2017,11,22,7,52,14XX E KING EDWARD AVE,Kensington-Cedar Cottage,494474.8013,5455089.566
Other Theft,2017,12,16,15,45,14XX E KING EDWARD AVE,Kensington-Cedar Cottage,494474.8013,5455089.566
Other Theft,2017,12,16,22,17,14XX E KING EDWARD AVE,Kensington-Cedar Cottage,494474.8013,5455089.566
Other Theft,2017,1,8,14,49,14XX E KING EDWARD AVE,Kensington-Cedar Cottage,494477.5646,5455089.5381
Other Theft,2017,1,9,22,9,14XX E KING EDWARD AVE,Kensington-Cedar Cottage,494477.5646,5455089.5381
Other Theft,2017,1,10,15,11,14XX E KING EDWARD AVE,Kensington-Cedar Cottage,494477.5646,5455089.5381
Other Theft,2017,5,20,13,0,14XX E KING EDWARD AVE,Kensington-Cedar Cottage,494612.1883,5455088.2516
Other Theft,2017,9,19,15,0,14XX FRANCES ST,Grandview-Woodland,494594.5596,5458526.8312
Other Theft,2017,9,19,16,30,14XX FRANCES ST,Grandview-Woodland,494594.5596,5458526.8312
Other Theft,2017,9,28,11,30,14XX GRAVELEY ST,Grandview-Woodland,494567.6397,5457529.3193
Other Theft,2017,11,20,12,0,14XX GRAVELEY ST,Grandview-Woodland,494567.6397,5457529.3193
Other Theft,2017,8,1,0,1,14XX HARWOOD ST,West End,489915.7232,5458867.7768
Other Theft,2017,11,3,18,35,14XX KINGSWAY AVE,Kensington-Cedar Cottage,494487.2573,5455243.226
Other Theft,2017,8,23,20,20,14XX KINGSWAY AVE,Kensington-Cedar Cottage,494613.7066,5455159.2598
Other Theft,2017,1,4,15,11,14XX LAMEYS MILL RD,Fairview,490007.6948,5457360.3881
Other Theft,2017,5,4,15,14,14XX LAMEYS MILL RD,Fairview,490007.6948,5457360.3881
Other Theft,2017,6,28,15,13,14XX LAMEYS MILL RD,Fairview,490093.8163,5457245.4082
Other Theft,2017,2,27,14,42,14XX NANTON AVE,Shaughnessy,490024.6195,5454960.2692
Other Theft,2017,4,7,18,0,14XX NAPIER ST,Grandview-Woodland,494498.4173,5458015.398
Other Theft,2017,11,11,15,0,14XX NAPIER ST,Grandview-Woodland,494498.4173,5458015.398
Other Theft,2017,12,21,20,30,14XX NAPIER ST,Grandview-Woodland,494498.4173,5458015.398
Other Theft,2017,2,13,15,40,14XX QUEBEC ST,Central Business District,492586.5863,5457740.9297
Other Theft,2017,2,21,17,0,14XX QUEBEC ST,Central Business District,492586.5863,5457740.9297
Other Theft,2017,2,24,16,12,14XX QUEBEC ST,Central Business District,492586.5863,5457740.9297
Other Theft,2017,2,26,13,0,14XX QUEBEC ST,Central Business District,492586.5863,5457740.9297
Other Theft,2017,3,12,15,59,14XX QUEBEC ST,Central Business District,492586.5863,5457740.9297
Other Theft,2017,3,17,10,5,14XX QUEBEC ST,Central Business District,492586.5863,5457740.9297
Other Theft,2017,4,21,22,16,14XX QUEBEC ST,Central Business District,492586.5863,5457740.9297
Other Theft,2017,4,22,9,2,14XX QUEBEC ST,Central Business District,492586.5863,5457740.9297
Other Theft,2017,4,30,12,0,14XX QUEBEC ST,Central Business District,492586.5863,5457740.9297
Other Theft,2017,5,6,12,15,14XX QUEBEC ST,Central Business District,492586.5863,5457740.9297
Other Theft,2017,5,17,10,47,14XX QUEBEC ST,Central Business District,492586.5863,5457740.9297
Other Theft,2017,6,29,15,14,14XX QUEBEC ST,Central Business District,492586.5863,5457740.9297
Other Theft,2017,7,10,15,30,14XX QUEBEC ST,Central Business District,492586.5863,5457740.9297
Other Theft,2017,7,31,9,0,14XX QUEBEC ST,Central Business District,492586.5863,5457740.9297
Other Theft,2017,8,3,9,0,14XX QUEBEC ST,Central Business District,492586.5863,5457740.9297
Other Theft,2017,8,12,20,0,14XX QUEBEC ST,Central Business District,492586.5863,5457740.9297
Other Theft,2017,8,26,20,32,14XX QUEBEC ST,Central Business District,492586.5863,5457740.9297
Other Theft,2017,10,13,18,8,14XX QUEBEC ST,Central Business District,492586.5863,5457740.9297
Other Theft,2017,12,5,22,0,14XX QUEBEC ST,Central Business District,492586.5863,5457740.9297
Other Theft,2017,3,31,22,0,14XX QUEBEC ST,Mount Pleasant,492612.2716,5457798.0918
Other Theft,2017,7,9,16,51,14XX QUEBEC ST,Mount Pleasant,492612.2716,5457798.0918
Other Theft,2017,8,16,15,0,14XX QUEBEC ST,Mount Pleasant,492612.2716,5457798.0918
Other Theft,2017,8,23,18,59,14XX QUEBEC ST,Mount Pleasant,492612.2716,5457798.0918
Other Theft,2017,9,5,16,0,14XX QUEBEC ST,Mount Pleasant,492612.2716,5457798.0918
Other Theft,2017,10,2,16,0,14XX QUEBEC ST,Mount Pleasant,492612.2716,5457798.0918
Other Theft,2017,8,14,13,26,14XX RICHARDS ST,Central Business District,490703.8911,5457866.9404
Other Theft,2017,10,20,4,20,14XX ROBSON ST,West End,490471.0887,5459541.8824
Other Theft,2017,7,12,22,50,14XX ROBSON ST,West End,490500.288,5459526.2238
Other Theft,2017,10,21,13,51,14XX ROBSON ST,West End,490500.288,5459526.2238
Other Theft,2017,2,17,22,11,14XX ROBSON ST,West End,490544.4444,5459470.4886
Other Theft,2017,2,19,14,15,14XX ROBSON ST,West End,490544.4444,5459470.4886
Other Theft,2017,2,26,3,0,14XX ROBSON ST,West End,490544.4444,5459470.4886
Other Theft,2017,4,8,17,10,14XX ROBSON ST,West End,490544.4444,5459470.4886
Other Theft,2017,5,1,19,0,14XX ROBSON ST,West End,490544.4444,5459470.4886
Other Theft,2017,11,5,16,0,14XX ROBSON ST,West End,490544.4444,5459470.4886
Other Theft,2017,3,30,21,11,14XX SW MARINE DR,Marpole,489836.8156,5450216.7181
Other Theft,2017,3,29,16,40,14XX SW MARINE DR,Marpole,489843.7577,5450212.4283
Other Theft,2017,5,31,21,53,14XX SW MARINE DR,Marpole,489843.7577,5450212.4283
Other Theft,2017,7,6,20,30,14XX SW MARINE DR,Marpole,489843.7577,5450212.4283
Other Theft,2017,9,18,16,27,14XX SW MARINE DR,Marpole,489843.7577,5450212.4283
Other Theft,2017,12,16,15,0,14XX SW MARINE DR,Marpole,489843.7577,5450212.4283
Other Theft,2017,12,26,17,53,14XX SW MARINE DR,Marpole,489843.7577,5450212.4283
Other Theft,2017,4,12,6,25,14XX SW MARINE DR,Marpole,489875.691,5450192.6953
Other Theft,2017,8,22,13,7,14XX VENABLES ST,Grandview-Woodland,494522.1492,5458218.3038
Other Theft,2017,6,14,15,41,14XX VENABLES ST,Grandview-Woodland,494559.2529,5458226.7679
Other Theft,2017,9,11,13,24,14XX VICTORIA DR,Grandview-Woodland,495215.3937,5457705.0883
Other Theft,2017,5,24,14,30,14XX W 10TH AVE,Fairview,489999.1583,5456664.0315
Other Theft,2017,4,8,11,0,14XX W 11TH AVE,Fairview,489951.0306,5456552.9533
Other Theft,2017,7,1,9,0,14XX W 11TH AVE,Fairview,490061.6262,5456558.0473
Other Theft,2017,2,1,19,50,14XX W 12TH AVE,Fairview,490015.5896,5456449.8815
Other Theft,2017,3,28,8,57,14XX W 14TH AVE,Fairview,489960.666,5456242.3657
Other Theft,2017,4,2,23,30,14XX W 14TH AVE,Fairview,489960.666,5456242.3657
Other Theft,2017,5,4,20,0,14XX W 49TH AVE,Oakridge,489886.3074,5452688.1166
Other Theft,2017,7,13,10,30,14XX W 49TH AVE,Oakridge,489886.3075,5452688.1166
Other Theft,2017,11,18,8,0,14XX W 53RD AVE,Oakridge,489969.9701,5452213.6375
Other Theft,2017,8,25,14,0,14XX W 5TH AVE,Fairview,490038.877,5457122.804
Other Theft,2017,9,1,13,5,14XX W 5TH AVE,Fairview,490038.877,5457122.804
Other Theft,2017,5,28,23,22,14XX W 70TH AVE,Marpole,489840.3176,5450648.2828
Other Theft,2017,12,1,13,0,14XX W 70TH AVE,Marpole,489858.748,5450658.7345
Other Theft,2017,6,6,15,11,14XX W 70TH AVE,Marpole,489958.9408,5450649.3715
Other Theft,2017,4,2,14,45,14XX W 73RD AVE,Marpole,489958.2004,5450257.3157
Other Theft,2017,10,5,8,39,14XX W 7TH AVE,Fairview,490032.1678,5456955.0526
Other Theft,2017,1,10,14,0,14XX W 8TH AVE,Fairview,489929.9552,5456873.5836
Other Theft,2017,1,4,17,14,14XX W 8TH AVE,Fairview,490095.813,5456869.2555
Other Theft,2017,12,10,9,0,14XX W 8TH AVE,Fairview,490095.813,5456869.2555
Other Theft,2017,8,10,8,30,14XX W BROADWAY AVE,Fairview,489935.0175,5456762.7961
Other Theft,2017,5,13,10,30,14XX W BROADWAY AVE,Fairview,489949.8127,5456762.4985
Other Theft,2017,1,4,19,30,14XX W BROADWAY AVE,Fairview,490025.6003,5456760.975
Other Theft,2017,5,31,16,55,14XX W BROADWAY AVE,Fairview,490053.2774,5456760.4188
Other Theft,2017,8,24,20,40,14XX W BROADWAY AVE,Fairview,490070.5756,5456760.0711
Other Theft,2017,10,13,17,0,14XX W BROADWAY AVE,Fairview,490094.9768,5456768.7266
Other Theft,2017,8,16,5,9,14XX W GEORGIA ST,West End,490669.8996,5459591.2271
Other Theft,2017,4,13,10,45,14XX W PENDER ST,Central Business District,490727.0032,5459651.7538
Other Theft,2017,7,2,16,0,14XX WILLIAM ST,Grandview-Woodland,494540.2306,5457923.7314
Other Theft,2017,6,14,13,42,15XX BEACH AVE,West End,489711.5714,5458917.3673
Other Theft,2017,11,6,7,30,15XX BEACH AVE,West End,489711.5714,5458917.3673
Other Theft,2017,9,24,12,0,15XX BOUNDARY RD,Hastings-Sunrise,498273.8153,5457588.5285
Other Theft,2017,5,12,0,0,15XX BURRARD ST,Kitsilano,489411.256,5457714.6453
Other Theft,2017,10,17,21,0,15XX CAMBIE ST,Fairview,491651.8072,5457599.3064
Other Theft,2017,4,16,2,0,15XX CHARLES ST,Grandview-Woodland,494729.8256,5457818.3655
Other Theft,2017,8,9,20,0,15XX CHARLES ST,Grandview-Woodland,494729.8256,5457818.3655
Other Theft,2017,2,17,19,10,15XX CLARK DR,Grandview-Woodland,494377.8193,5457568.7013
Other Theft,2017,9,28,19,15,15XX COAL HARBOUR QUAY,Central Business District,490659.6477,5459888.8146
Other Theft,2017,5,18,19,0,15XX COAL HARBOUR QUAY,Central Business District,490666.0281,5459895.3647
Other Theft,2017,1,1,10,30,15XX COAL HARBOUR QUAY,Central Business District,490711.5394,5459851.0327
Other Theft,2017,6,22,20,0,15XX COAL HARBOUR QUAY,Central Business District,490711.5394,5459851.0327
Other Theft,2017,8,16,14,0,15XX COAL HARBOUR QUAY,Central Business District,490711.5394,5459851.0327
Other Theft,2017,12,31,23,59,15XX COAL HARBOUR QUAY,Central Business District,490711.5394,5459851.0327
Other Theft,2017,10,7,15,46,15XX COAL HARBOUR QUAY,Central Business District,490720.7664,5459825.9749
Other Theft,2017,9,24,22,0,15XX COMMERCIAL DR,Grandview-Woodland,494929.3841,5457563.5862
Other Theft,2017,5,9,14,26,15XX COMMERCIAL DR,Grandview-Woodland,494929.8692,5457589.6541
Other Theft,2017,10,23,15,24,15XX COMMERCIAL DR,Grandview-Woodland,494930.4236,5457619.446
Other Theft,2017,12,8,14,29,15XX COMMERCIAL DR,Grandview-Woodland,494939.1502,5457596.932
Other Theft,2017,1,8,15,17,15XX COMMERCIAL DR,Grandview-Woodland,494939.2671,5457603.2309
Other Theft,2017,1,18,13,0,15XX COMMERCIAL DR,Grandview-Woodland,494939.2671,5457603.2309
Other Theft,2017,1,11,12,19,15XX COMMERCIAL DR,Grandview-Woodland,494939.2888,5457604.3799
Other Theft,2017,1,12,13,41,15XX COMMERCIAL DR,Grandview-Woodland,494939.2888,5457604.3799
Other Theft,2017,1,17,11,33,15XX COMMERCIAL DR,Grandview-Woodland,494939.2888,5457604.3799
Other Theft,2017,1,18,13,30,15XX COMMERCIAL DR,Grandview-Woodland,494939.2888,5457604.3799
Other Theft,2017,1,19,15,18,15XX COMMERCIAL DR,Grandview-Woodland,494939.2888,5457604.3799
Other Theft,2017,2,3,0,0,15XX COMMERCIAL DR,Grandview-Woodland,494939.2888,5457604.3799
Other Theft,2017,2,5,10,38,15XX COMMERCIAL DR,Grandview-Woodland,494939.2888,5457604.3799
Other Theft,2017,2,7,10,57,15XX COMMERCIAL DR,Grandview-Woodland,494939.2888,5457604.3799
Other Theft,2017,2,11,13,2,15XX COMMERCIAL DR,Grandview-Woodland,494939.2888,5457604.3799
Other Theft,2017,2,16,16,58,15XX COMMERCIAL DR,Grandview-Woodland,494939.2888,5457604.3799
Other Theft,2017,2,20,11,28,15XX COMMERCIAL DR,Grandview-Woodland,494939.2888,5457604.3799
Other Theft,2017,2,25,14,34,15XX COMMERCIAL DR,Grandview-Woodland,494939.2888,5457604.3799
Other Theft,2017,3,8,9,33,15XX COMMERCIAL DR,Grandview-Woodland,494939.2888,5457604.3799
Other Theft,2017,3,10,12,46,15XX COMMERCIAL DR,Grandview-Woodland,494939.2888,5457604.3799
Other Theft,2017,3,10,15,54,15XX COMMERCIAL DR,Grandview-Woodland,494939.2888,5457604.3799
Other Theft,2017,3,13,11,6,15XX COMMERCIAL DR,Grandview-Woodland,494939.2888,5457604.3799
Other Theft,2017,3,20,13,46,15XX COMMERCIAL DR,Grandview-Woodland,494939.2888,5457604.3799
Other Theft,2017,4,3,9,40,15XX COMMERCIAL DR,Grandview-Woodland,494939.2888,5457604.3799
Other Theft,2017,4,9,18,38,15XX COMMERCIAL DR,Grandview-Woodland,494939.2888,5457604.3799
Other Theft,2017,4,11,10,4,15XX COMMERCIAL DR,Grandview-Woodland,494939.2888,5457604.3799
Other Theft,2017,4,18,10,36,15XX COMMERCIAL DR,Grandview-Woodland,494939.2888,5457604.3799
Other Theft,2017,4,18,13,44,15XX COMMERCIAL DR,Grandview-Woodland,494939.2888,5457604.3799
Other Theft,2017,4,18,14,10,15XX COMMERCIAL DR,Grandview-Woodland,494939.2888,5457604.3799
Other Theft,2017,4,19,16,2,15XX COMMERCIAL DR,Grandview-Woodland,494939.2888,5457604.3799
Other Theft,2017,4,22,13,54,15XX COMMERCIAL DR,Grandview-Woodland,494939.2888,5457604.3799
Other Theft,2017,4,22,19,0,15XX COMMERCIAL DR,Grandview-Woodland,494939.2888,5457604.3799
Other Theft,2017,4,27,13,56,15XX COMMERCIAL DR,Grandview-Woodland,494939.2888,5457604.3799
Other Theft,2017,5,9,14,12,15XX COMMERCIAL DR,Grandview-Woodland,494939.2888,5457604.3799
Other Theft,2017,5,11,13,30,15XX COMMERCIAL DR,Grandview-Woodland,494939.2888,5457604.3799
Other Theft,2017,5,17,17,23,15XX COMMERCIAL DR,Grandview-Woodland,494939.2888,5457604.3799
Other Theft,2017,5,19,14,6,15XX COMMERCIAL DR,Grandview-Woodland,494939.2888,5457604.3799
Other Theft,2017,5,27,15,18,15XX COMMERCIAL DR,Grandview-Woodland,494939.2888,5457604.3799
Other Theft,2017,6,1,21,0,15XX COMMERCIAL DR,Grandview-Woodland,494939.2888,5457604.3799
Other Theft,2017,6,3,15,54,15XX COMMERCIAL DR,Grandview-Woodland,494939.2888,5457604.3799
Other Theft,2017,6,3,19,4,15XX COMMERCIAL DR,Grandview-Woodland,494939.2888,5457604.3799
Other Theft,2017,6,5,12,31,15XX COMMERCIAL DR,Grandview-Woodland,494939.2888,5457604.3799
Other Theft,2017,6,10,19,6,15XX COMMERCIAL DR,Grandview-Woodland,494939.2888,5457604.3799
Other Theft,2017,6,12,13,10,15XX COMMERCIAL DR,Grandview-Woodland,494939.2888,5457604.3799
Other Theft,2017,6,14,10,0,15XX COMMERCIAL DR,Grandview-Woodland,494939.2888,5457604.3799
Other Theft,2017,6,15,18,57,15XX COMMERCIAL DR,Grandview-Woodland,494939.2888,5457604.3799
Other Theft,2017,6,17,11,17,15XX COMMERCIAL DR,Grandview-Woodland,494939.2888,5457604.3799
Other Theft,2017,6,29,10,7,15XX COMMERCIAL DR,Grandview-Woodland,494939.2888,5457604.3799
Other Theft,2017,7,1,15,2,15XX COMMERCIAL DR,Grandview-Woodland,494939.2888,5457604.3799
Other Theft,2017,7,3,9,50,15XX COMMERCIAL DR,Grandview-Woodland,494939.2888,5457604.3799
Other Theft,2017,7,5,11,48,15XX COMMERCIAL DR,Grandview-Woodland,494939.2888,5457604.3799
Other Theft,2017,7,8,19,24,15XX COMMERCIAL DR,Grandview-Woodland,494939.2888,5457604.3799
Other Theft,2017,7,12,16,45,15XX COMMERCIAL DR,Grandview-Woodland,494939.2888,5457604.3799
Other Theft,2017,7,17,11,36,15XX COMMERCIAL DR,Grandview-Woodland,494939.2888,5457604.3799
Other Theft,2017,7,17,16,30,15XX COMMERCIAL DR,Grandview-Woodland,494939.2888,5457604.3799
Other Theft,2017,7,24,10,52,15XX COMMERCIAL DR,Grandview-Woodland,494939.2888,5457604.3799
Other Theft,2017,7,26,17,45,15XX COMMERCIAL DR,Grandview-Woodland,494939.2888,5457604.3799
Other Theft,2017,7,28,14,48,15XX COMMERCIAL DR,Grandview-Woodland,494939.2888,5457604.3799
Other Theft,2017,7,28,16,29,15XX COMMERCIAL DR,Grandview-Woodland,494939.2888,5457604.3799
Other Theft,2017,8,1,19,51,15XX COMMERCIAL DR,Grandview-Woodland,494939.2888,5457604.3799
Other Theft,2017,8,5,9,30,15XX COMMERCIAL DR,Grandview-Woodland,494939.2888,5457604.3799
Other Theft,2017,8,7,11,18,15XX COMMERCIAL DR,Grandview-Woodland,494939.2888,5457604.3799
Other Theft,2017,8,7,15,26,15XX COMMERCIAL DR,Grandview-Woodland,494939.2888,5457604.3799
Other Theft,2017,8,13,14,50,15XX COMMERCIAL DR,Grandview-Woodland,494939.2888,5457604.3799
Other Theft,2017,8,14,12,37,15XX COMMERCIAL DR,Grandview-Woodland,494939.2888,5457604.3799
Other Theft,2017,8,15,13,9,15XX COMMERCIAL DR,Grandview-Woodland,494939.2888,5457604.3799
Other Theft,2017,8,17,16,9,15XX COMMERCIAL DR,Grandview-Woodland,494939.2888,5457604.3799
Other Theft,2017,8,17,20,0,15XX COMMERCIAL DR,Grandview-Woodland,494939.2888,5457604.3799
Other Theft,2017,8,18,20,16,15XX COMMERCIAL DR,Grandview-Woodland,494939.2888,5457604.3799
Other Theft,2017,8,30,19,0,15XX COMMERCIAL DR,Grandview-Woodland,494939.2888,5457604.3799
Other Theft,2017,9,9,11,58,15XX COMMERCIAL DR,Grandview-Woodland,494939.2888,5457604.3799
Other Theft,2017,9,16,11,58,15XX COMMERCIAL DR,Grandview-Woodland,494939.2888,5457604.3799
Other Theft,2017,9,19,17,21,15XX COMMERCIAL DR,Grandview-Woodland,494939.2888,5457604.3799
Other Theft,2017,9,28,20,30,15XX COMMERCIAL DR,Grandview-Woodland,494939.2888,5457604.3799
Other Theft,2017,11,21,13,5,15XX COMMERCIAL DR,Grandview-Woodland,494939.2888,5457604.3799
Other Theft,2017,11,25,19,3,15XX COMMERCIAL DR,Grandview-Woodland,494939.2888,5457604.3799
Other Theft,2017,11,25,19,59,15XX COMMERCIAL DR,Grandview-Woodland,494939.2888,5457604.3799
Other Theft,2017,11,26,17,54,15XX COMMERCIAL DR,Grandview-Woodland,494939.2888,5457604.3799
Other Theft,2017,11,27,11,57,15XX COMMERCIAL DR,Grandview-Woodland,494939.2888,5457604.3799
Other Theft,2017,12,2,17,25,15XX COMMERCIAL DR,Grandview-Woodland,494939.2888,5457604.3799
Other Theft,2017,12,3,11,8,15XX COMMERCIAL DR,Grandview-Woodland,494939.2888,5457604.3799
Other Theft,2017,12,3,17,33,15XX COMMERCIAL DR,Grandview-Woodland,494939.2888,5457604.3799
Other Theft,2017,12,8,18,47,15XX COMMERCIAL DR,Grandview-Woodland,494939.2888,5457604.3799
Other Theft,2017,12,29,14,30,15XX COMMERCIAL DR,Grandview-Woodland,494939.2888,5457604.3799
Other Theft,2017,12,30,15,9,15XX COMMERCIAL DR,Grandview-Woodland,494939.2888,5457604.3799
Other Theft,2017,9,5,9,0,15XX DISCOVERY ST,West Point Grey,485257.02,5457877.2966
Other Theft,2017,5,27,13,46,15XX DURANLEAU ST,Fairview,490102.0441,5457588.84
Other Theft,2017,4,29,10,41,15XX DURANLEAU ST,Fairview,490102.8587,5457599.4125
Other Theft,2017,7,23,20,0,15XX E 22ND AVE,Kensington-Cedar Cottage,494795.7282,5455286.4423
Other Theft,2017,12,21,12,0,15XX E 2ND AVE,Grandview-Woodland,494693.2662,5457327.5414
Other Theft,2017,7,20,8,40,15XX E 36TH AVE,Kensington-Cedar Cottage,494695.0433,5453873.0049
Other Theft,2017,3,12,20,0,15XX E 3RD AVE,Grandview-Woodland,494691.9139,5457235.9073
Other Theft,2017,2,24,11,29,15XX E 55TH AVE,Victoria-Fraserview,494560.3727,5451871.1491
Other Theft,2017,10,16,13,56,15XX E 60TH AVE,Victoria-Fraserview,494575.0654,5451414.4183
Other Theft,2017,2,22,18,0,15XX E BROADWAY AVE,Grandview-Woodland,494737.9585,5456627.5455
Other Theft,2017,3,13,19,12,15XX E BROADWAY AVE,Grandview-Woodland,494739.8266,5456627.52
Other Theft,2017,10,5,17,40,15XX E HASTINGS ST,Grandview-Woodland,494612.6344,5458726.4981
Other Theft,2017,1,1,9,42,15XX E HASTINGS ST,Grandview-Woodland,494614.7095,5458726.4581
Other Theft,2017,5,11,7,12,15XX E HASTINGS ST,Grandview-Woodland,494614.7095,5458726.4581
Other Theft,2017,11,23,10,0,15XX E HASTINGS ST,Grandview-Woodland,494614.7095,5458726.4581
Other Theft,2017,1,22,13,9,15XX E HASTINGS ST,Grandview-Woodland,494689.4124,5458725.0188
Other Theft,2017,11,16,14,52,15XX FRANKLIN ST,Grandview-Woodland,494628.8599,5458837.4095
Other Theft,2017,12,5,18,18,15XX GRANDVIEW HWY N,Grandview-Woodland,494674.3599,5456908.3937
Other Theft,2017,1,9,10,36,15XX GRANVILLE ST,Central Business District,490470.8959,5457929.2153
Other Theft,2017,12,8,4,6,15XX GRAVELEY ST,Grandview-Woodland,494699.7733,5457527.3288
Other Theft,2017,12,26,21,54,15XX HOWE ST,Central Business District,490413.3335,5458003.6908
Other Theft,2017,8,18,17,0,15XX JOHNSTON ST,Fairview,490195.5119,5457680.1938
Other Theft,2017,2,9,19,18,15XX JOHNSTON ST,Fairview,490199.6787,5457675.3444
Other Theft,2017,2,24,14,0,15XX JOHNSTON ST,Fairview,490199.6787,5457675.3444
Other Theft,2017,9,13,21,0,15XX JOHNSTON ST,Fairview,490200.7204,5457674.132
Other Theft,2017,7,28,21,0,15XX KAMLOOPS ST,Hastings-Sunrise,496017.0506,5457537.1181
Other Theft,2017,1,25,20,10,15XX MAIN ST,Mount Pleasant,492697.1529,5457656.0542
Other Theft,2017,4,5,13,0,15XX MAIN ST,Mount Pleasant,492697.1529,5457656.0542
Other Theft,2017,4,18,20,39,15XX MAIN ST,Mount Pleasant,492697.1529,5457656.0542
Other Theft,2017,5,14,6,30,15XX MAIN ST,Mount Pleasant,492697.1529,5457656.0542
Other Theft,2017,7,4,3,56,15XX MAIN ST,Mount Pleasant,492697.1529,5457656.0542
Other Theft,2017,7,6,0,26,15XX MAIN ST,Mount Pleasant,492697.1529,5457656.0542
Other Theft,2017,7,8,15,3,15XX MAIN ST,Mount Pleasant,492697.1529,5457656.0542
Other Theft,2017,7,19,0,44,15XX MAIN ST,Mount Pleasant,492697.1529,5457656.0542
Other Theft,2017,8,6,18,47,15XX MAIN ST,Mount Pleasant,492697.1529,5457656.0542
Other Theft,2017,8,28,1,43,15XX MAIN ST,Mount Pleasant,492697.1529,5457656.0542
Other Theft,2017,9,3,6,30,15XX MAIN ST,Mount Pleasant,492697.1529,5457656.0542
Other Theft,2017,9,15,20,10,15XX MAIN ST,Mount Pleasant,492697.1529,5457656.0542
Other Theft,2017,9,30,8,30,15XX MAIN ST,Mount Pleasant,492697.1529,5457656.0542
Other Theft,2017,10,6,22,53,15XX MAIN ST,Mount Pleasant,492697.1529,5457656.0542
Other Theft,2017,11,3,3,20,15XX MAIN ST,Mount Pleasant,492697.1529,5457656.0542
Other Theft,2017,11,15,8,41,15XX MAIN ST,Mount Pleasant,492697.1529,5457656.0542
Other Theft,2017,12,25,5,50,15XX MAIN ST,Mount Pleasant,492697.1529,5457656.0542
Other Theft,2017,9,5,16,0,15XX NELSON ST,West End,490206.0268,5459352.4325
Other Theft,2017,4,8,0,0,15XX PENDRELL ST,West End,490062.6529,5459190.4707
Other Theft,2017,8,27,16,32,15XX POWELL ST,Grandview-Woodland,494622.6262,5458952.3666
Other Theft,2017,4,23,12,0,15XX POWELL ST,Grandview-Woodland,494635.2109,5458946.1424
Other Theft,2017,3,22,21,25,15XX ROBSON ST,West End,490388.1926,5459624.2511
Other Theft,2017,2,24,12,36,15XX ROBSON ST,West End,490405.9821,5459619.4368
Other Theft,2017,3,17,11,48,15XX ROBSON ST,West End,490405.9821,5459619.4368
Other Theft,2017,3,30,5,30,15XX ROBSON ST,West End,490405.9821,5459619.4368
Other Theft,2017,7,29,2,30,15XX ROBSON ST,West End,490405.9821,5459619.4368
Other Theft,2017,9,11,14,7,15XX ROBSON ST,West End,490405.9821,5459619.4368
Other Theft,2017,11,24,20,0,15XX ROBSON ST,West End,490414.0793,5459611.3708
Other Theft,2017,11,25,5,43,15XX ROBSON ST,West End,490414.0793,5459611.3708
Other Theft,2017,12,8,20,56,15XX ROBSON ST,West End,490414.0793,5459611.3708
Other Theft,2017,12,24,3,30,15XX ROBSON ST,West End,490414.0793,5459611.3708
Other Theft,2017,6,18,20,0,15XX ROBSON ST,West End,490425.44,5459587.1471
Other Theft,2017,4,8,19,15,15XX ROBSON ST,West End,490444.8734,5459567.7885
Other Theft,2017,6,12,13,52,15XX ROBSON ST,West End,490457.8291,5459554.8828
Other Theft,2017,11,4,15,0,15XX ROBSON ST,West End,490461.0435,5459564.5875
Other Theft,2017,1,6,9,51,15XX ROBSON ST,West End,490462.6629,5459562.9743
Other Theft,2017,1,16,14,29,15XX STANLEY PARK DR,Stanley Park,491317.3338,5460639.1857
Other Theft,2017,7,19,22,0,15XX STANLEY PARK DR,Stanley Park,491317.3338,5460639.1857
Other Theft,2017,2,22,10,51,15XX VICTORIA DR,Grandview-Woodland,495212.8268,5457578.3122
Other Theft,2017,10,29,12,0,15XX W 10TH AVE,Fairview,489754.3657,5456661.6359
Other Theft,2017,4,28,13,0,15XX W 12TH AVE,Fairview,489786.7556,5456456.4864
Other Theft,2017,1,1,0,0,15XX W 13TH AVE,Fairview,489787.0217,5456346.6085
Other Theft,2017,2,8,0,0,15XX W 15TH AVE,Fairview,489775.0172,5456145.0687
Other Theft,2017,2,15,0,1,15XX W 15TH AVE,Fairview,489775.0172,5456145.0687
Other Theft,2017,2,9,9,50,15XX W 15TH AVE,Fairview,489903.0099,5456143.3605
Other Theft,2017,8,13,17,30,15XX W 2ND AVE,Fairview,489830.8411,5457441.9111
Other Theft,2017,12,10,13,30,15XX W 3RD AVE,Fairview,489811.8871,5457343.5397
Other Theft,2017,7,22,0,49,15XX W 41ST AVE,Shaughnessy,489830.9899,5453521.1915
Other Theft,2017,10,26,14,43,15XX W 4TH AVE,Fairview,489799.9204,5457254.3987
Other Theft,2017,7,2,17,0,15XX W 4TH AVE,Fairview,489808.3515,5457245.2327
Other Theft,2017,12,17,9,16,15XX W 57TH AVE,Kerrisdale,489756.3909,5451853.9471
Other Theft,2017,10,24,17,0,15XX W 66TH AVE,Marpole,489766.1375,5450967.6983
Other Theft,2017,3,25,5,51,15XX W 68TH AVE,Marpole,489597.2745,5450867.4281
Other Theft,2017,11,17,14,0,15XX W 6TH AVE,Fairview,489772.8532,5457064.6477
Other Theft,2017,11,17,0,0,15XX W 6TH AVE,Fairview,489877.1484,5457061.8683
Other Theft,2017,1,4,18,58,15XX W 70TH AVE,Marpole,489708.9007,5450653.184
Other Theft,2017,12,9,12,20,15XX W 70TH AVE,Marpole,489708.9007,5450653.184
Other Theft,2017,2,25,19,24,15XX W 7TH AVE,Fairview,489869.3338,5456959.403
Other Theft,2017,9,8,12,0,15XX W 8TH AVE,Fairview,489824.6966,5456867.2187
Other Theft,2017,8,3,14,45,15XX W 8TH AVE,Fairview,489880.4569,5456874.8903
Other Theft,2017,7,19,9,27,15XX W BROADWAY AVE,Fairview,489751.8219,5456775.1439
Other Theft,2017,3,8,19,16,15XX W BROADWAY AVE,Fairview,489837.81,5456773.6629
Other Theft,2017,6,13,14,30,15XX W BROADWAY AVE,Fairview,489899.7215,5456772.5966
Other Theft,2017,7,4,12,39,15XX W BROADWAY AVE,Fairview,489913.3221,5456763.2169
Other Theft,2017,12,7,14,34,15XX YEW ST,Kitsilano,488719.9458,5457695.2459
Other Theft,2017,10,6,22,7,15XX YEW ST,Kitsilano,488730.5353,5457752.6816
Other Theft,2017,12,27,19,30,15XX YEW ST,Kitsilano,488730.5353,5457752.6816
Other Theft,2017,3,17,14,30,16XX BARCLAY ST,West End,490199.4971,5459505.3624
Other Theft,2017,10,13,13,27,16XX BARCLAY ST,West End,490228.3212,5459489.6168
Other Theft,2017,9,24,1,40,16XX BAYSHORE DR,Central Business District,490592.1237,5459859.7313
Other Theft,2017,1,10,12,45,16XX BAYSHORE DR,Central Business District,490598.522,5459866.264
Other Theft,2017,1,27,10,41,16XX BAYSHORE DR,Central Business District,490598.522,5459866.264
Other Theft,2017,3,10,23,34,16XX BAYSHORE DR,Central Business District,490598.522,5459866.264
Other Theft,2017,5,23,22,0,16XX BAYSHORE DR,Central Business District,490598.522,5459866.264
Other Theft,2017,9,18,15,15,16XX BAYSHORE DR,Central Business District,490598.522,5459866.264
Other Theft,2017,9,22,8,0,16XX BAYSHORE DR,Central Business District,490598.522,5459866.264
Other Theft,2017,10,11,15,15,16XX BAYSHORE DR,Central Business District,490598.522,5459866.264
Other Theft,2017,2,10,12,47,16XX BURNABY ST,West End,489775.4593,5459146.3243
Other Theft,2017,2,21,19,10,16XX CHARLES ST,Grandview-Woodland,494877.6738,5457819.0471
Other Theft,2017,6,11,15,0,16XX CHARLES ST,Grandview-Woodland,494877.6738,5457819.0471
Other Theft,2017,7,12,18,0,16XX CHARLES ST,Grandview-Woodland,494877.6738,5457819.0471
Other Theft,2017,9,25,0,0,16XX CHARLES ST,Grandview-Woodland,494877.6738,5457819.0471
Other Theft,2017,8,19,17,7,16XX CHESTNUT ST,Kitsilano,489345.3245,5457573.0558
Other Theft,2017,7,4,18,45,16XX CHESTNUT ST,Kitsilano,489345.4862,5457628.6668
Other Theft,2017,12,13,17,26,16XX CHESTNUT ST,Kitsilano,489345.4862,5457628.6668
Other Theft,2017,4,27,14,27,16XX COMMERCIAL DR,Grandview-Woodland,494927.7257,5457477.3201
Other Theft,2017,8,13,21,32,16XX COMMERCIAL DR,Grandview-Woodland,494927.9168,5457487.0523
Other Theft,2017,1,31,13,19,16XX COMMERCIAL DR,Grandview-Woodland,494928.0314,5457492.8917
Other Theft,2017,3,3,16,0,16XX COMMERCIAL DR,Grandview-Woodland,494928.0314,5457492.8917
Other Theft,2017,10,15,10,30,16XX COMMERCIAL DR,Grandview-Woodland,494928.0314,5457492.8917
Other Theft,2017,8,18,17,4,16XX COMMERCIAL DR,Grandview-Woodland,494937.3266,5457500.498
Other Theft,2017,1,14,13,8,16XX COMMERCIAL DR,Grandview-Woodland,494937.3807,5457503.2726
Other Theft,2017,1,8,13,25,16XX COMMERCIAL DR,Grandview-Woodland,494937.403,5457504.3909
Other Theft,2017,3,21,13,19,16XX COMMERCIAL DR,Grandview-Woodland,494937.403,5457504.3909
Other Theft,2017,11,12,22,27,16XX COMMERCIAL DR,Grandview-Woodland,494937.403,5457504.3909
Other Theft,2017,11,16,20,47,16XX COMMERCIAL DR,Grandview-Woodland,494937.403,5457504.3909
Other Theft,2017,11,29,16,0,16XX COMMERCIAL DR,Grandview-Woodland,494937.403,5457504.3909
Other Theft,2017,6,11,19,0,16XX COMMERCIAL DR,Grandview-Woodland,494937.5177,5457510.2302
Other Theft,2017,12,7,15,5,16XX COMMERCIAL DR,Grandview-Woodland,494937.8234,5457525.8018
Other Theft,2017,4,18,21,0,16XX COTTON DR,Grandview-Woodland,494789.6012,5457525.0608
Other Theft,2017,9,2,0,0,16XX CYPRESS ST,Kitsilano,489238.8235,5457584.5527
Other Theft,2017,3,21,10,0,16XX DAVIE ST,West End,489828.0098,5459253.4179
Other Theft,2017,11,29,11,36,16XX DAVIE ST,West End,489828.0098,5459253.4179
Other Theft,2017,3,25,9,51,16XX DAVIE ST,West End,489854.175,5459227.2991
Other Theft,2017,4,17,9,24,16XX DAVIE ST,West End,489854.175,5459227.2991
Other Theft,2017,4,18,16,22,16XX DAVIE ST,West End,489854.175,5459227.2991
Other Theft,2017,6,8,18,37,16XX DAVIE ST,West End,489854.175,5459227.2991
Other Theft,2017,6,25,11,35,16XX DAVIE ST,West End,489854.175,5459227.2991
Other Theft,2017,7,1,15,17,16XX DAVIE ST,West End,489854.175,5459227.2991
Other Theft,2017,9,27,14,29,16XX DAVIE ST,West End,489854.175,5459227.2991
Other Theft,2017,1,7,16,32,16XX DAVIE ST,West End,489856.2742,5459238.1237
Other Theft,2017,2,6,11,41,16XX DAVIE ST,West End,489856.2742,5459238.1237
Other Theft,2017,3,2,15,9,16XX DAVIE ST,West End,489856.2742,5459238.1237
Other Theft,2017,3,14,14,33,16XX DAVIE ST,West End,489856.2742,5459238.1237
Other Theft,2017,4,4,12,15,16XX DAVIE ST,West End,489856.2742,5459238.1237
Other Theft,2017,4,11,19,49,16XX DAVIE ST,West End,489856.2742,5459238.1237
Other Theft,2017,4,20,13,41,16XX DAVIE ST,West End,489856.2742,5459238.1237
Other Theft,2017,4,20,13,56,16XX DAVIE ST,West End,489856.2742,5459238.1237
Other Theft,2017,5,9,11,30,16XX DAVIE ST,West End,489856.2742,5459238.1237
Other Theft,2017,6,13,14,18,16XX DAVIE ST,West End,489856.2742,5459238.1237
Other Theft,2017,6,13,16,31,16XX DAVIE ST,West End,489856.2742,5459238.1237
Other Theft,2017,6,15,14,42,16XX DAVIE ST,West End,489856.2742,5459238.1237
Other Theft,2017,6,17,11,3,16XX DAVIE ST,West End,489856.2742,5459238.1237
Other Theft,2017,6,25,15,14,16XX DAVIE ST,West End,489856.2742,5459238.1237
Other Theft,2017,7,18,19,53,16XX DAVIE ST,West End,489856.2742,5459238.1237
Other Theft,2017,7,23,11,11,16XX DAVIE ST,West End,489856.2742,5459238.1237
Other Theft,2017,7,25,17,14,16XX DAVIE ST,West End,489856.2742,5459238.1237
Other Theft,2017,7,29,9,45,16XX DAVIE ST,West End,489856.2742,5459238.1237
Other Theft,2017,7,29,10,25,16XX DAVIE ST,West End,489856.2742,5459238.1237
Other Theft,2017,7,31,16,30,16XX DAVIE ST,West End,489856.2742,5459238.1237
Other Theft,2017,8,2,20,10,16XX DAVIE ST,West End,489856.2742,5459238.1237
Other Theft,2017,8,16,20,57,16XX DAVIE ST,West End,489856.2742,5459238.1237
Other Theft,2017,8,18,20,38,16XX DAVIE ST,West End,489856.2742,5459238.1237
Other Theft,2017,1,16,15,44,16XX DAVIE ST,West End,489856.5062,5459237.8924
Other Theft,2017,2,17,8,39,16XX DAVIE ST,West End,489871.5372,5459222.8878
Other Theft,2017,3,4,12,20,16XX DAVIE ST,West End,489871.5372,5459222.8878
Other Theft,2017,3,4,19,7,16XX DAVIE ST,West End,489871.5372,5459222.8878
Other Theft,2017,3,18,16,3,16XX DAVIE ST,West End,489871.5372,5459222.8878
Other Theft,2017,3,18,21,9,16XX DAVIE ST,West End,489871.5372,5459222.8878
Other Theft,2017,7,19,16,19,16XX DAVIE ST,West End,489871.5372,5459222.8878
Other Theft,2017,8,7,18,31,16XX DAVIE ST,West End,489871.5372,5459222.8878
Other Theft,2017,2,28,12,50,16XX DAVIE ST,West End,489897.7837,5459183.7677
Other Theft,2017,4,3,14,14,16XX DAVIE ST,West End,489908.6858,5459172.8849
Other Theft,2017,7,28,10,0,16XX DURANLEAU ST,Fairview,490103.9537,5457640.4461
Other Theft,2017,6,2,9,0,16XX DURANLEAU ST,Fairview,490104.6649,5457668.7117
Other Theft,2017,1,17,11,53,16XX E 10TH AVE,Kensington-Cedar Cottage,494855.4739,5456521.8751
Other Theft,2017,10,31,12,0,16XX E 14TH AVE,Kensington-Cedar Cottage,494804.1403,5456118.4305
Other Theft,2017,7,21,1,20,16XX E 1ST AVE,Grandview-Woodland,494855.7915,5457431.2453
Other Theft,2017,10,4,22,51,16XX E 1ST AVE,Grandview-Woodland,494855.7915,5457431.2453
Other Theft,2017,12,4,12,0,16XX E 4TH AVE,Grandview-Woodland,494824.1632,5457131.3684
Other Theft,2017,5,24,22,4,16XX E 55TH AVE,Victoria-Fraserview,494667.1501,5451915.3583
Other Theft,2017,12,23,14,20,16XX E 5TH AVE,Grandview-Woodland,494809.1256,5457033.6522
Other Theft,2017,6,13,15,30,16XX E 5TH AVE,Grandview-Woodland,494854.3132,5457023.9295
Other Theft,2017,7,21,13,0,16XX E 5TH AVE,Grandview-Woodland,494873.0849,5457032.8342
Other Theft,2017,1,16,11,44,16XX E 6TH AVE,Grandview-Woodland,494830.6149,5456932.7917
Other Theft,2017,3,16,18,24,16XX E 6TH AVE,Grandview-Woodland,494832.7681,5456932.7509
Other Theft,2017,1,15,0,0,16XX E 8TH AVE,Grandview-Woodland,494900.7102,5456693.1563
Other Theft,2017,7,8,8,0,16XX E 8TH AVE,Grandview-Woodland,494900.7102,5456693.1563
Other Theft,2017,12,6,23,0,16XX E BROADWAY AVE,Grandview-Woodland,494785.68,5456626.8853
Other Theft,2017,12,12,19,0,16XX E BROADWAY AVE,Grandview-Woodland,494785.8499,5456626.8827
Other Theft,2017,8,16,23,53,16XX E BROADWAY AVE,Kensington-Cedar Cottage,494788.384,5456617.7027
Other Theft,2017,9,8,17,10,16XX E BROADWAY AVE,Kensington-Cedar Cottage,494862.8817,5456616.6718
Other Theft,2017,4,27,9,52,16XX E BROADWAY AVE,Grandview-Woodland,494876.3113,5456625.6309
Other Theft,2017,6,30,12,5,16XX E BROADWAY AVE,Grandview-Woodland,494876.3113,5456625.6309
Other Theft,2017,12,8,10,52,16XX E BROADWAY AVE,Grandview-Woodland,494876.3113,5456625.6309
Other Theft,2017,12,10,10,39,16XX E BROADWAY AVE,Grandview-Woodland,494876.3113,5456625.6309
Other Theft,2017,9,17,21,0,16XX E GEORGIA ST,Grandview-Woodland,494763.2053,5458413.7467
Other Theft,2017,5,5,23,40,16XX E HASTINGS ST,Grandview-Woodland,494722.37,5458724.3256
Other Theft,2017,3,16,16,0,16XX E HASTINGS ST,Grandview-Woodland,494731.9919,5458733.1729
Other Theft,2017,10,9,8,0,16XX E HASTINGS ST,Grandview-Woodland,494731.9919,5458733.1729
Other Theft,2017,11,14,10,0,16XX E HASTINGS ST,Grandview-Woodland,494731.9919,5458733.1729
Other Theft,2017,4,4,10,24,16XX E HASTINGS ST,Grandview-Woodland,494738.2158,5458732.978
Other Theft,2017,2,19,10,0,16XX GRANDVIEW HWY N,Grandview-Woodland,494846.2782,5456820.5114
Other Theft,2017,8,4,17,38,16XX GRANVILLE ST,Central Business District,490419.584,5457877.1578
Other Theft,2017,11,28,0,0,16XX GRANVILLE ST,Central Business District,490419.584,5457877.1578
Other Theft,2017,12,6,11,0,16XX GRANVILLE ST,Central Business District,490419.584,5457877.1578
Other Theft,2017,12,8,11,0,16XX GRANVILLE ST,Central Business District,490419.584,5457877.1578
Other Theft,2017,8,28,17,30,16XX GRANVILLE ST,Central Business District,490427.6031,5457872.3246
Other Theft,2017,7,10,13,15,16XX GRAVELEY ST,Grandview-Woodland,494810.519,5457525.6751
Other Theft,2017,5,16,12,0,16XX HARO ST,West End,490242.0135,5459620.1911
Other Theft,2017,10,16,8,45,16XX HARO ST,West End,490244.3888,5459630.9276
Other Theft,2017,7,16,0,0,16XX HARO ST,West End,490256.8047,5459604.7591
Other Theft,2017,12,3,10,0,16XX HARO ST,West End,490273.7091,5459587.1226
Other Theft,2017,11,15,16,0,16XX HARWOOD ST,West End,489752.3908,5459028.8138
Other Theft,2017,2,11,15,30,16XX JOHNSTON ST,Fairview,490123.891,5457767.4784
Other Theft,2017,4,26,17,30,16XX JOHNSTON ST,Fairview,490123.891,5457767.4784
Other Theft,2017,5,30,12,45,16XX JOHNSTON ST,Fairview,490123.891,5457767.4784
Other Theft,2017,5,8,12,11,16XX JOHNSTON ST,Fairview,490123.8911,5457767.4783
Other Theft,2017,5,23,8,57,16XX JOHNSTON ST,Fairview,490123.8911,5457767.4783
Other Theft,2017,6,24,13,15,16XX JOHNSTON ST,Fairview,490123.8911,5457767.4783
Other Theft,2017,6,28,10,0,16XX JOHNSTON ST,Fairview,490123.8911,5457767.4783
Other Theft,2017,7,13,9,30,16XX JOHNSTON ST,Fairview,490123.8911,5457767.4783
Other Theft,2017,8,9,14,0,16XX JOHNSTON ST,Fairview,490123.8911,5457767.4783
Other Theft,2017,9,13,17,0,16XX JOHNSTON ST,Fairview,490123.8911,5457767.4783
Other Theft,2017,9,24,14,30,16XX JOHNSTON ST,Fairview,490123.8911,5457767.4783
Other Theft,2017,4,7,15,0,16XX JOHNSTON ST,Fairview,490130.8891,5457744.3589
Other Theft,2017,8,29,11,0,16XX JOHNSTON ST,Fairview,490136.7054,5457751.7015
Other Theft,2017,10,27,22,30,16XX JOHNSTON ST,Fairview,490180.2743,5457698.0603
Other Theft,2017,4,24,14,30,16XX MAIN ST,Mount Pleasant,492667.3916,5457500.9227
Other Theft,2017,9,22,10,50,16XX MANITOBA ST,Mount Pleasant,492238.1267,5457525.7732
Other Theft,2017,3,6,17,2,16XX MANITOBA ST,Mount Pleasant,492238.3538,5457603.3647
Other Theft,2017,3,13,15,30,16XX MANITOBA ST,Mount Pleasant,492238.3538,5457603.3647
Other Theft,2017,3,14,13,8,16XX MANITOBA ST,Mount Pleasant,492238.3538,5457603.3647
Other Theft,2017,3,14,13,9,16XX MANITOBA ST,Mount Pleasant,492238.3538,5457603.3647
Other Theft,2017,3,14,13,10,16XX MANITOBA ST,Mount Pleasant,492238.3538,5457603.3647
Other Theft,2017,4,21,17,57,16XX MANITOBA ST,Mount Pleasant,492238.3538,5457603.3647
Other Theft,2017,6,24,22,45,16XX MANITOBA ST,Mount Pleasant,492238.3538,5457603.3647
Other Theft,2017,12,25,12,18,16XX MANITOBA ST,Mount Pleasant,492238.3538,5457603.3647
Other Theft,2017,4,6,13,27,16XX MANITOBA ST,Mount Pleasant,492238.3936,5457640.6474
Other Theft,2017,11,8,13,30,16XX MANITOBA ST,Mount Pleasant,492238.3936,5457640.6474
Other Theft,2017,12,24,16,30,16XX MANITOBA ST,Mount Pleasant,492238.3936,5457640.6474
Other Theft,2017,1,7,14,0,16XX NAPIER ST,Grandview-Woodland,494923.2387,5458018.9232
Other Theft,2017,1,10,15,15,16XX NAPIER ST,Grandview-Woodland,494923.2387,5458018.9232
Other Theft,2017,1,22,17,40,16XX NAPIER ST,Grandview-Woodland,494923.2387,5458018.9232
Other Theft,2017,3,17,17,0,16XX NAPIER ST,Grandview-Woodland,494923.2387,5458018.9232
Other Theft,2017,5,8,11,0,16XX NAPIER ST,Grandview-Woodland,494923.2387,5458018.9232
Other Theft,2017,5,13,14,0,16XX NAPIER ST,Grandview-Woodland,494923.2387,5458018.9232
Other Theft,2017,6,7,18,0,16XX NAPIER ST,Grandview-Woodland,494923.2387,5458018.9232
Other Theft,2017,6,13,18,30,16XX NAPIER ST,Grandview-Woodland,494923.2387,5458018.9232
Other Theft,2017,7,16,14,40,16XX NAPIER ST,Grandview-Woodland,494923.2387,5458018.9232
Other Theft,2017,7,18,8,25,16XX NAPIER ST,Grandview-Woodland,494923.2387,5458018.9232
Other Theft,2017,7,18,9,0,16XX NAPIER ST,Grandview-Woodland,494923.2387,5458018.9232
Other Theft,2017,7,21,14,15,16XX NAPIER ST,Grandview-Woodland,494923.2387,5458018.9232
Other Theft,2017,9,8,20,0,16XX NAPIER ST,Grandview-Woodland,494923.2387,5458018.9232
Other Theft,2017,10,24,17,0,16XX NAPIER ST,Grandview-Woodland,494923.2387,5458018.9232
Other Theft,2017,11,1,12,0,16XX NAPIER ST,Grandview-Woodland,494923.2387,5458018.9232
Other Theft,2017,11,6,15,0,16XX NAPIER ST,Grandview-Woodland,494923.2387,5458018.9232
Other Theft,2017,11,15,9,30,16XX NAPIER ST,Grandview-Woodland,494923.2387,5458018.9232
Other Theft,2017,12,31,16,14,16XX NAPIER ST,Grandview-Woodland,494923.2387,5458018.9232
Other Theft,2017,10,24,17,0,16XX PARKER ST,Grandview-Woodland,494928.172,5458118.7164
Other Theft,2017,4,30,15,0,16XX QUEBEC ST,Mount Pleasant,492588.7135,5457658.0048
Other Theft,2017,5,20,18,0,16XX RENFREW ST,Hastings-Sunrise,496788.2987,5457460.4382
Other Theft,2017,4,15,22,49,16XX ROBSON ST,West End,490265.0116,5459748.4157
Other Theft,2017,5,31,20,32,16XX ROBSON ST,West End,490265.0116,5459748.4157
Other Theft,2017,10,1,17,0,16XX ROBSON ST,West End,490298.2128,5459727.9029
Other Theft,2017,1,31,16,19,16XX ROBSON ST,West End,490307.2963,5459705.746
Other Theft,2017,7,20,22,17,16XX ROBSON ST,West End,490327.3259,5459685.5341
Other Theft,2017,7,29,22,30,16XX ROBSON ST,West End,490327.3259,5459685.5341
Other Theft,2017,12,1,15,0,16XX ROBSON ST,West End,490374.0616,5459638.3729
Other Theft,2017,7,14,12,0,16XX RUPERT ST,Hastings-Sunrise,497537.9479,5457441.4277
Other Theft,2017,11,27,10,22,16XX RUPERT ST,Hastings-Sunrise,497537.9479,5457441.4277
Other Theft,2017,6,17,10,0,16XX RUPERT ST,Hastings-Sunrise,497561.7758,5457515.7434
Other Theft,2017,2,17,15,45,16XX SALT ST,Mount Pleasant,492286.5827,5457524.8483
Other Theft,2017,3,31,8,36,16XX SALT ST,Mount Pleasant,492286.5827,5457524.8483
Other Theft,2017,6,1,13,15,16XX SALT ST,Mount Pleasant,492286.5827,5457524.8483
Other Theft,2017,7,15,18,31,16XX SALT ST,Mount Pleasant,492286.5827,5457524.8483
Other Theft,2017,7,20,8,15,16XX SALT ST,Mount Pleasant,492286.5827,5457524.8483
Other Theft,2017,7,25,12,8,16XX SALT ST,Mount Pleasant,492286.5827,5457524.8483
Other Theft,2017,8,4,10,0,16XX SALT ST,Mount Pleasant,492286.5827,5457524.8483
Other Theft,2017,8,5,16,21,16XX SALT ST,Mount Pleasant,492286.5827,5457524.8483
Other Theft,2017,12,22,11,32,16XX SALT ST,Mount Pleasant,492286.5827,5457524.8483
Other Theft,2017,12,23,13,6,16XX SALT ST,Mount Pleasant,492286.5827,5457524.8483
Other Theft,2017,12,28,16,0,16XX SALT ST,Mount Pleasant,492286.5827,5457524.8483
Other Theft,2017,2,28,10,50,16XX SALT ST,Mount Pleasant,492288.3814,5457616.3293
Other Theft,2017,3,15,13,32,16XX SALT ST,Mount Pleasant,492288.3814,5457616.3293
Other Theft,2017,3,19,12,34,16XX SALT ST,Mount Pleasant,492288.3814,5457616.3293
Other Theft,2017,3,19,12,54,16XX SALT ST,Mount Pleasant,492288.3814,5457616.3293
Other Theft,2017,3,19,17,57,16XX SALT ST,Mount Pleasant,492288.3814,5457616.3293
Other Theft,2017,4,2,14,38,16XX SALT ST,Mount Pleasant,492288.3814,5457616.3293
Other Theft,2017,5,6,16,0,16XX SALT ST,Mount Pleasant,492288.3814,5457616.3293
Other Theft,2017,6,2,17,10,16XX SALT ST,Mount Pleasant,492288.3814,5457616.3293
Other Theft,2017,6,18,16,42,16XX SALT ST,Mount Pleasant,492288.3814,5457616.3293
Other Theft,2017,6,25,13,33,16XX SALT ST,Mount Pleasant,492288.3814,5457616.3293
Other Theft,2017,7,22,11,44,16XX SALT ST,Mount Pleasant,492288.3814,5457616.3293
Other Theft,2017,7,25,15,5,16XX SALT ST,Mount Pleasant,492288.3814,5457616.3293
Other Theft,2017,8,2,18,0,16XX SALT ST,Mount Pleasant,492288.3814,5457616.3293
Other Theft,2017,8,9,9,55,16XX SALT ST,Mount Pleasant,492288.3814,5457616.3293
Other Theft,2017,8,15,18,1,16XX SALT ST,Mount Pleasant,492288.3814,5457616.3293
Other Theft,2017,8,23,7,10,16XX SALT ST,Mount Pleasant,492288.3814,5457616.3293
Other Theft,2017,9,26,16,30,16XX SALT ST,Mount Pleasant,492288.3814,5457616.3293
Other Theft,2017,10,3,19,43,16XX SALT ST,Mount Pleasant,492288.3814,5457616.3293
Other Theft,2017,11,1,12,34,16XX SALT ST,Mount Pleasant,492288.3814,5457616.3293
Other Theft,2017,11,3,13,37,16XX SALT ST,Mount Pleasant,492288.3814,5457616.3293
Other Theft,2017,11,9,10,25,16XX SALT ST,Mount Pleasant,492288.3814,5457616.3293
Other Theft,2017,11,24,15,0,16XX SALT ST,Mount Pleasant,492288.3814,5457616.3293
Other Theft,2017,12,9,12,6,16XX SALT ST,Mount Pleasant,492288.3814,5457616.3293
Other Theft,2017,12,13,13,37,16XX SALT ST,Mount Pleasant,492288.3814,5457616.3293
Other Theft,2017,12,15,18,49,16XX SALT ST,Mount Pleasant,492288.3814,5457616.3293
Other Theft,2017,12,23,13,57,16XX SALT ST,Mount Pleasant,492288.3814,5457616.3293
Other Theft,2017,1,2,20,40,16XX SE MARINE DR,Victoria-Fraserview,494711.1334,5450909.484
Other Theft,2017,2,20,13,30,16XX SE MARINE DR,Victoria-Fraserview,494712.4074,5450909.4457
Other Theft,2017,4,4,9,0,16XX SE MARINE DR,Victoria-Fraserview,494712.4074,5450909.4457
Other Theft,2017,8,30,8,52,16XX SE MARINE DR,Victoria-Fraserview,494712.4074,5450909.4457
Other Theft,2017,10,31,18,0,16XX SW MARINE DR,Marpole,489483.5474,5450657.436
Other Theft,2017,5,7,18,30,16XX W 10TH AVE,Fairview,489607.3914,5456674.5562
Other Theft,2017,1,12,8,40,16XX W 12TH AVE,Fairview,489653.6521,5456469.3625
Other Theft,2017,12,30,9,33,16XX W 15TH AVE,Fairview,489690.2639,5456146.5233
Other Theft,2017,5,2,10,5,16XX W 15TH AVE,Fairview,489691.013,5456146.5058
Other Theft,2017,8,16,12,0,16XX W 2ND AVE,Fairview,489692.8474,5457445.5977
Other Theft,2017,3,30,17,15,16XX W 4TH AVE,Fairview,489589.3217,5457249.8832
Other Theft,2017,4,17,16,0,16XX W 4TH AVE,Fairview,489589.3217,5457249.8832
Other Theft,2017,7,2,9,50,16XX W 4TH AVE,Fairview,489596.5716,5457249.6758
Other Theft,2017,3,23,16,25,16XX W 4TH AVE,Fairview,489602.2704,5457258.6606
Other Theft,2017,10,7,16,22,16XX W 4TH AVE,Fairview,489747.5759,5457254.6344
Other Theft,2017,7,28,18,0,16XX W 5TH AVE,Fairview,489634.7693,5457164.7583
Other Theft,2017,8,30,10,25,16XX W 5TH AVE,Fairview,489634.7693,5457164.7583
Other Theft,2017,3,28,16,58,16XX W 62ND AVE,Marpole,489459.9391,5451361.7089
Other Theft,2017,3,28,20,44,16XX W 62ND AVE,Marpole,489473.9489,5451361.4249
Other Theft,2017,9,22,16,22,16XX W 66TH AVE,Marpole,489419.5584,5450967.7219
Other Theft,2017,1,1,0,0,16XX W 7TH AVE,Fairview,489654.8148,5456964.8832
Other Theft,2017,3,18,16,49,16XX W 7TH AVE,Fairview,489654.8148,5456964.8832
Other Theft,2017,1,1,0,0,16XX W 7TH AVE,Fairview,489655.3971,5456964.8689
Other Theft,2017,10,8,13,0,16XX W BROADWAY AVE,Fairview,489620.8398,5456770.0702
Other Theft,2017,4,1,11,0,16XX W BROADWAY AVE,Fairview,489690.8107,5456767.7932
Other Theft,2017,7,11,10,30,16XX W BROADWAY AVE,Fairview,489690.8107,5456767.7932
Other Theft,2017,7,3,10,0,16XX W BROADWAY AVE,Fairview,489690.8107,5456767.7932
Other Theft,2017,8,15,21,0,16XX W BROADWAY AVE,Fairview,489704.4359,5456776.4987
Other Theft,2017,11,29,14,6,16XX W BROADWAY AVE,Fairview,489724.1301,5456766.7089
Other Theft,2017,4,22,19,0,16XX W BROADWAY AVE,Fairview,489734.4234,5456775.5228
Other Theft,2017,7,29,20,30,16XX W BROADWAY AVE,Fairview,489734.4234,5456775.5228
Other Theft,2017,5,18,19,0,16XX W GEORGIA ST,West End,490479.9746,5459784.5677
Other Theft,2017,8,12,19,44,16XX W GEORGIA ST,West End,490479.9746,5459784.5677
Other Theft,2017,10,29,16,4,16XX W GEORGIA ST,West End,490479.9746,5459784.5677
Other Theft,2017,7,3,21,0,16XX WHYTE AVE,Kitsilano,489688.2058,5458137.9115
Other Theft,2017,8,1,14,6,16XX WHYTE AVE,Kitsilano,489688.2058,5458137.9115
Other Theft,2017,8,9,19,30,16XX WHYTE AVE,Kitsilano,489688.2058,5458137.9115
Other Theft,2017,8,15,6,6,16XX WHYTE AVE,Kitsilano,489688.2058,5458137.9115
Other Theft,2017,8,15,17,37,16XX WHYTE AVE,Kitsilano,489688.2058,5458137.9115
Other Theft,2017,8,17,5,15,16XX WHYTE AVE,Kitsilano,489688.2058,5458137.9115
Other Theft,2017,9,8,10,22,16XX WHYTE AVE,Kitsilano,489688.2058,5458137.9115
Other Theft,2017,2,10,19,30,16XX YEW ST,Kitsilano,488727.9723,5457651.7683
Other Theft,2017,6,18,18,54,17XX ALBERNI ST,West End,490305.1255,5459863.267
Other Theft,2017,4,6,22,0,17XX ALBERNI ST,West End,490318.2146,5459863.148
Other Theft,2017,8,17,18,12,17XX ALBERNI ST,West End,490336.1222,5459832.4501
Other Theft,2017,1,23,15,37,17XX BARCLAY ST,West End,490052.6327,5459663.7863
Other Theft,2017,4,5,14,30,17XX BARCLAY ST,West End,490052.6327,5459663.7863
Other Theft,2017,6,2,12,0,17XX BARCLAY ST,West End,490052.6327,5459663.7863
Other Theft,2017,8,23,18,40,17XX BARCLAY ST,West End,490105.3034,5459598.9175
Other Theft,2017,4,26,16,0,17XX BEACH AV,West End,489625.6148,5459220.6134
Other Theft,2017,7,3,15,0,17XX BEACH AVE,West End,489615.8598,5459101.3916
Other Theft,2017,9,12,15,3,17XX BEACH AVE,West End,489615.8598,5459101.3916
Other Theft,2017,9,19,8,32,17XX BEACH AVE,West End,489624.9957,5459101.0056
Other Theft,2017,12,9,20,0,17XX BEACH AVE,West End,489624.9957,5459101.0056
Other Theft,2017,5,7,6,30,17XX BEACH AVE,West End,489625.6148,5459220.6134
Other Theft,2017,5,25,19,0,17XX BEACH AVE,West End,489625.6148,5459220.6134
Other Theft,2017,6,16,1,0,17XX BEACH AVE,West End,489625.6148,5459220.6134
Other Theft,2017,6,30,22,30,17XX BEACH AVE,West End,489625.6148,5459220.6134
Other Theft,2017,7,2,7,44,17XX BEACH AVE,West End,489625.6148,5459220.6134
Other Theft,2017,7,27,0,0,17XX BEACH AVE,West End,489625.6148,5459220.6134
Other Theft,2017,8,5,16,30,17XX BEACH AVE,West End,489625.6148,5459220.6134
Other Theft,2017,8,6,15,0,17XX BEACH AVE,West End,489625.6148,5459220.6134
Other Theft,2017,8,23,10,0,17XX BEACH AVE,West End,489625.6148,5459220.6134
Other Theft,2017,8,26,11,0,17XX BEACH AVE,West End,489625.6148,5459220.6134
Other Theft,2017,9,1,19,0,17XX BEACH AVE,West End,489625.6148,5459220.6134
Other Theft,2017,10,1,4,0,17XX BEACH AVE,West End,489625.6148,5459220.6134
Other Theft,2017,4,15,19,0,17XX BEACH AVE,West End,489639.0953,5459330.3813
Other Theft,2017,4,22,0,0,17XX BEACH AVE,West End,489639.0953,5459330.3813
Other Theft,2017,6,20,22,0,17XX BEACH AVE,West End,489639.0953,5459330.3813
Other Theft,2017,7,18,23,20,17XX BEACH AVE,West End,489639.0953,5459330.3813
Other Theft,2017,7,22,4,52,17XX BEACH AVE,West End,489639.0953,5459330.3813
Other Theft,2017,7,31,18,14,17XX BEACH AVE,West End,489639.0953,5459330.3813
Other Theft,2017,9,3,18,14,17XX BEACH AVE,West End,489639.0953,5459330.3813
Other Theft,2017,11,17,21,31,17XX CHARLES ST,Grandview-Woodland,494945.378,5457808.0317
Other Theft,2017,10,12,12,0,17XX COLUMBIA ST,Mount Pleasant,492044.2071,5457404.4782
Other Theft,2017,3,31,10,0,17XX COMMERCIAL DR,Grandview-Woodland,494935.893,5457424.5203
Other Theft,2017,3,30,7,47,17XX COMMERCIAL DR,Grandview-Woodland,494935.9067,5457390.5278
Other Theft,2017,12,13,13,2,17XX COMMERCIAL DR,Grandview-Woodland,494935.9112,5457379.1969
Other Theft,2017,12,21,17,39,17XX COMMERCIAL DR,Grandview-Woodland,494935.9112,5457379.1969
Other Theft,2017,4,4,15,30,17XX COMMERCIAL DR,Grandview-Woodland,494935.9127,5457375.42
Other Theft,2017,8,8,7,14,17XX COMMERCIAL DR,Grandview-Woodland,494935.9127,5457375.42
Other Theft,2017,5,20,18,12,17XX COMOX ST,West End,489870.0014,5459533.788
Other Theft,2017,6,18,9,0,17XX COMOX ST,West End,489887.565,5459515.9385
Other Theft,2017,9,5,6,30,17XX COMOX ST,West End,489887.565,5459515.9385
Other Theft,2017,11,11,15,0,17XX COMOX ST,West End,489887.565,5459515.9385
Other Theft,2017,7,28,7,30,17XX COTTRELL ST,Strathcona,493860.9114,5457337.8704
Other Theft,2017,4,7,21,40,17XX DAVIE ST,West End,489697.46,5459396.3017
Other Theft,2017,7,15,18,0,17XX DAVIE ST,West End,489697.46,5459396.3017
Other Theft,2017,7,29,17,50,17XX DAVIE ST,West End,489697.46,5459396.3017
Other Theft,2017,8,6,15,0,17XX DAVIE ST,West End,489697.46,5459396.3017
Other Theft,2017,12,3,11,39,17XX DAVIE ST,West End,489697.46,5459396.3017
Other Theft,2017,12,5,13,0,17XX DAVIE ST,West End,489697.46,5459396.3017
Other Theft,2017,6,30,5,59,17XX DAVIE ST,West End,489706.67,5459374.2396
Other Theft,2017,6,14,16,0,17XX DAVIE ST,West End,489735.7516,5459345.3057
Other Theft,2017,6,24,22,16,17XX DAVIE ST,West End,489742.2009,5459351.788
Other Theft,2017,8,14,18,0,17XX DAVIE ST,West End,489742.2009,5459351.788
Other Theft,2017,9,7,21,0,17XX DAVIE ST,West End,489742.2009,5459351.788
Other Theft,2017,9,13,20,8,17XX DAVIE ST,West End,489742.2009,5459351.788
Other Theft,2017,10,5,15,59,17XX DAVIE ST,West End,489742.2009,5459351.788
Other Theft,2017,3,15,15,15,17XX DAVIE ST,West End,489771.5444,5459309.6948
Other Theft,2017,6,9,20,15,17XX DAVIE ST,West End,489771.5444,5459309.6948
Other Theft,2017,8,9,15,14,17XX DAVIE ST,West End,489780.2307,5459313.9514
Other Theft,2017,12,12,14,0,17XX DAVIE ST,West End,489798.1994,5459283.1747
Other Theft,2017,6,30,18,0,17XX E 33RD AVE,Kensington-Cedar Cottage,494895.642,5454156.4209
Other Theft,2017,9,9,12,40,17XX E 34TH AVE,Kensington-Cedar Cottage,494897.9551,5454064.2839
Other Theft,2017,2,15,13,0,17XX E 3RD AVE,Grandview-Woodland,495013.6459,5457231.4247
Other Theft,2017,4,18,16,38,17XX E 55TH AVE,Victoria-Fraserview,494873.97,5451913.7515
Other Theft,2017,10,23,14,50,17XX E 55TH AVE,Victoria-Fraserview,494873.97,5451913.7515
Other Theft,2017,12,7,12,0,17XX E 59TH AVE,Victoria-Fraserview,494776.1747,5451506.245
Other Theft,2017,3,1,0,0,17XX E BROADWAY AVE,Grandview-Woodland,494943.2061,5456624.6527
Other Theft,2017,4,28,21,0,17XX E BROADWAY AVE,Grandview-Woodland,494943.2061,5456624.6527
Other Theft,2017,1,27,23,0,17XX E BROADWAY AVE,Grandview-Woodland,494956.5836,5456624.4345
Other Theft,2017,8,9,11,0,17XX E BROADWAY AVE,Grandview-Woodland,494956.5836,5456624.4345
Other Theft,2017,6,12,14,45,17XX E BROADWAY AVE,Grandview-Woodland,494999.8456,5456623.7287
Other Theft,2017,7,2,9,15,17XX E BROADWAY AVE,Grandview-Woodland,494999.8456,5456623.7287
Other Theft,2017,8,13,17,27,17XX E BROADWAY AVE,Grandview-Woodland,494999.8456,5456623.7287
Other Theft,2017,8,14,12,21,17XX E BROADWAY AVE,Grandview-Woodland,494999.8456,5456623.7287
Other Theft,2017,8,20,19,50,17XX E BROADWAY AVE,Grandview-Woodland,494999.8456,5456623.7287
Other Theft,2017,8,20,21,7,17XX E BROADWAY AVE,Grandview-Woodland,494999.8456,5456623.7287
Other Theft,2017,8,20,21,36,17XX E BROADWAY AVE,Grandview-Woodland,494999.8456,5456623.7287
Other Theft,2017,9,13,22,15,17XX E BROADWAY AVE,Grandview-Woodland,494999.8456,5456623.7287
Other Theft,2017,9,24,10,47,17XX E BROADWAY AVE,Grandview-Woodland,494999.8456,5456623.7287
Other Theft,2017,10,1,18,28,17XX E BROADWAY AVE,Grandview-Woodland,494999.8456,5456623.7287
Other Theft,2017,10,4,20,34,17XX E BROADWAY AVE,Grandview-Woodland,494999.8456,5456623.7287
Other Theft,2017,10,17,19,30,17XX E BROADWAY AVE,Grandview-Woodland,494999.8456,5456623.7287
Other Theft,2017,10,30,19,46,17XX E BROADWAY AVE,Grandview-Woodland,494999.8456,5456623.7287
Other Theft,2017,11,7,11,46,17XX E BROADWAY AVE,Grandview-Woodland,494999.8456,5456623.7287
Other Theft,2017,11,10,14,0,17XX E BROADWAY AVE,Grandview-Woodland,494999.8456,5456623.7287
Other Theft,2017,12,26,20,12,17XX E BROADWAY AVE,Grandview-Woodland,494999.8456,5456623.7287
Other Theft,2017,4,11,23,34,17XX E BROADWAY AVE,Grandview-Woodland,494999.8456,5456623.7287
Other Theft,2017,5,15,23,21,17XX E BROADWAY AVE,Grandview-Woodland,494999.8456,5456623.7287
Other Theft,2017,5,18,21,40,17XX E BROADWAY AVE,Grandview-Woodland,494999.8456,5456623.7287
Other Theft,2017,5,23,11,51,17XX E BROADWAY AVE,Grandview-Woodland,494999.8456,5456623.7287
Other Theft,2017,5,12,11,22,17XX E BROADWAY AVE,Kensington-Cedar Cottage,495017.3729,5456614.2976
Other Theft,2017,1,1,16,25,17XX E BROADWAY AVE,Kensington-Cedar Cottage,495037.2061,5456613.9743
Other Theft,2017,1,8,14,10,17XX E BROADWAY AVE,Kensington-Cedar Cottage,495037.2061,5456613.9743
Other Theft,2017,1,9,13,36,17XX E BROADWAY AVE,Kensington-Cedar Cottage,495037.9953,5456613.9613
Other Theft,2017,1,11,14,32,17XX E BROADWAY AVE,Kensington-Cedar Cottage,495037.9953,5456613.9613
Other Theft,2017,1,17,13,5,17XX E BROADWAY AVE,Kensington-Cedar Cottage,495037.9953,5456613.9613
Other Theft,2017,1,18,16,11,17XX E BROADWAY AVE,Kensington-Cedar Cottage,495037.9953,5456613.9613
Other Theft,2017,1,26,12,40,17XX E BROADWAY AVE,Kensington-Cedar Cottage,495037.9953,5456613.9613
Other Theft,2017,1,28,22,27,17XX E BROADWAY AVE,Kensington-Cedar Cottage,495037.9953,5456613.9613
Other Theft,2017,2,1,14,51,17XX E BROADWAY AVE,Kensington-Cedar Cottage,495037.9953,5456613.9613
Other Theft,2017,2,4,17,21,17XX E BROADWAY AVE,Kensington-Cedar Cottage,495037.9953,5456613.9613
Other Theft,2017,2,8,11,21,17XX E BROADWAY AVE,Kensington-Cedar Cottage,495037.9953,5456613.9613
Other Theft,2017,2,18,21,19,17XX E BROADWAY AVE,Kensington-Cedar Cottage,495037.9953,5456613.9613
Other Theft,2017,2,25,17,45,17XX E BROADWAY AVE,Kensington-Cedar Cottage,495037.9953,5456613.9613
Other Theft,2017,3,20,8,20,17XX E BROADWAY AVE,Kensington-Cedar Cottage,495037.9953,5456613.9613
Other Theft,2017,4,6,16,26,17XX E BROADWAY AVE,Kensington-Cedar Cottage,495037.9953,5456613.9613
Other Theft,2017,4,6,18,13,17XX E BROADWAY AVE,Kensington-Cedar Cottage,495037.9953,5456613.9613
Other Theft,2017,4,16,12,15,17XX E BROADWAY AVE,Kensington-Cedar Cottage,495037.9953,5456613.9613
Other Theft,2017,4,18,17,59,17XX E BROADWAY AVE,Kensington-Cedar Cottage,495037.9953,5456613.9613
Other Theft,2017,4,21,11,56,17XX E BROADWAY AVE,Kensington-Cedar Cottage,495037.9953,5456613.9613
Other Theft,2017,5,16,10,30,17XX E BROADWAY AVE,Kensington-Cedar Cottage,495037.9953,5456613.9613
Other Theft,2017,5,19,18,43,17XX E BROADWAY AVE,Kensington-Cedar Cottage,495037.9953,5456613.9613
Other Theft,2017,5,30,14,24,17XX E BROADWAY AVE,Kensington-Cedar Cottage,495037.9953,5456613.9613
Other Theft,2017,6,16,21,44,17XX E BROADWAY AVE,Kensington-Cedar Cottage,495037.9953,5456613.9613
Other Theft,2017,6,24,18,8,17XX E BROADWAY AVE,Kensington-Cedar Cottage,495037.9953,5456613.9613
Other Theft,2017,6,30,7,31,17XX E BROADWAY AVE,Kensington-Cedar Cottage,495037.9953,5456613.9613
Other Theft,2017,7,8,18,54,17XX E BROADWAY AVE,Kensington-Cedar Cottage,495037.9953,5456613.9613
Other Theft,2017,7,14,9,47,17XX E BROADWAY AVE,Kensington-Cedar Cottage,495037.9953,5456613.9613
Other Theft,2017,7,24,9,39,17XX E BROADWAY AVE,Kensington-Cedar Cottage,495037.9953,5456613.9613
Other Theft,2017,8,9,10,7,17XX E BROADWAY AVE,Kensington-Cedar Cottage,495037.9953,5456613.9613
Other Theft,2017,8,10,9,25,17XX E BROADWAY AVE,Kensington-Cedar Cottage,495037.9953,5456613.9613
Other Theft,2017,8,18,10,38,17XX E BROADWAY AVE,Kensington-Cedar Cottage,495037.9953,5456613.9613
Other Theft,2017,8,21,8,17,17XX E BROADWAY AVE,Kensington-Cedar Cottage,495037.9953,5456613.9613
Other Theft,2017,8,24,13,4,17XX E BROADWAY AVE,Kensington-Cedar Cottage,495037.9953,5456613.9613
Other Theft,2017,9,14,9,21,17XX E BROADWAY AVE,Kensington-Cedar Cottage,495037.9953,5456613.9613
Other Theft,2017,9,28,13,39,17XX E BROADWAY AVE,Kensington-Cedar Cottage,495037.9953,5456613.9613
Other Theft,2017,9,30,18,44,17XX E BROADWAY AVE,Kensington-Cedar Cottage,495037.9953,5456613.9613
Other Theft,2017,10,6,13,5,17XX E BROADWAY AVE,Kensington-Cedar Cottage,495037.9953,5456613.9613
Other Theft,2017,10,8,21,13,17XX E BROADWAY AVE,Kensington-Cedar Cottage,495037.9953,5456613.9613
Other Theft,2017,10,17,8,30,17XX E BROADWAY AVE,Kensington-Cedar Cottage,495037.9953,5456613.9613
Other Theft,2017,10,26,8,51,17XX E BROADWAY AVE,Kensington-Cedar Cottage,495037.9953,5456613.9613
Other Theft,2017,10,27,8,39,17XX E BROADWAY AVE,Kensington-Cedar Cottage,495037.9953,5456613.9613
Other Theft,2017,11,3,22,2,17XX E BROADWAY AVE,Kensington-Cedar Cottage,495037.9953,5456613.9613
Other Theft,2017,11,4,21,6,17XX E BROADWAY AVE,Kensington-Cedar Cottage,495037.9953,5456613.9613
Other Theft,2017,11,9,14,59,17XX E BROADWAY AVE,Kensington-Cedar Cottage,495037.9953,5456613.9613
Other Theft,2017,11,10,8,58,17XX E BROADWAY AVE,Kensington-Cedar Cottage,495037.9953,5456613.9613
Other Theft,2017,11,14,19,15,17XX E BROADWAY AVE,Kensington-Cedar Cottage,495037.9953,5456613.9613
Other Theft,2017,11,16,7,55,17XX E BROADWAY AVE,Kensington-Cedar Cottage,495037.9953,5456613.9613
Other Theft,2017,11,16,10,36,17XX E BROADWAY AVE,Kensington-Cedar Cottage,495037.9953,5456613.9613
Other Theft,2017,11,20,12,25,17XX E BROADWAY AVE,Kensington-Cedar Cottage,495037.9953,5456613.9613
Other Theft,2017,12,7,21,16,17XX E BROADWAY AVE,Kensington-Cedar Cottage,495037.9953,5456613.9613
Other Theft,2017,12,15,11,0,17XX E BROADWAY AVE,Kensington-Cedar Cottage,495037.9953,5456613.9613
Other Theft,2017,12,18,8,28,17XX E BROADWAY AVE,Kensington-Cedar Cottage,495037.9953,5456613.9613
Other Theft,2017,12,29,13,30,17XX E BROADWAY AVE,Kensington-Cedar Cottage,495037.9953,5456613.9613
Other Theft,2017,8,30,12,37,17XX E HASTINGS ST,Grandview-Woodland,494922.6916,5458719.1193
Other Theft,2017,3,9,14,47,17XX E HASTINGS ST,Grandview-Woodland,494975.6593,5458718.7748
Other Theft,2017,2,4,11,32,17XX E PENDER ST,Grandview-Woodland,494896.9514,5458611.9125
Other Theft,2017,12,21,13,31,17XX FRANCES ST,Grandview-Woodland,494936.6472,5458510.3213
Other Theft,2017,6,21,6,59,17XX GLEN DR,Strathcona,494082.6659,5457406.1429
Other Theft,2017,9,28,20,0,17XX GRANT ST,Grandview-Woodland,494971.2094,5457621.4038
Other Theft,2017,9,22,1,32,17XX HARO ST,West End,490170.3784,5459700.883
Other Theft,2017,3,6,13,0,17XX MACDONALD ST,Kitsilano,487768.6233,5457552.88
Other Theft,2017,2,21,8,17,17XX MAIN ST,Mount Pleasant,492684.1313,5457387.5631
Other Theft,2017,2,6,14,48,17XX MAIN ST,Mount Pleasant,492664.6991,5457397.6232
Other Theft,2017,3,10,14,12,17XX MAIN ST,Mount Pleasant,492664.6991,5457397.6232
Other Theft,2017,6,18,2,48,17XX MAIN ST,Mount Pleasant,492664.6991,5457397.6232
Other Theft,2017,9,24,18,10,17XX MAIN ST,Mount Pleasant,492664.6991,5457397.6232
Other Theft,2017,8,28,8,33,17XX MANITOBA ST,Mount Pleasant,492237.8226,5457493.0793
Other Theft,2017,5,20,20,33,17XX MANITOBA ST,Mount Pleasant,492238.4309,5457413.6786
Other Theft,2017,9,28,11,0,17XX MANITOBA ST,Mount Pleasant,492246.9515,5457495.0917
Other Theft,2017,9,14,16,10,17XX MANITOBA ST,Mount Pleasant,492247.4382,5457431.5524
Other Theft,2017,6,19,18,0,17XX NANAIMO ST,Hastings-Sunrise,495886.2507,5457387.5354
Other Theft,2017,11,13,9,0,17XX NAPIER ST,Grandview-Woodland,495011.3265,5458008.9456
Other Theft,2017,6,14,21,0,17XX NELSON ST,West End,489956.188,5459604.5435
Other Theft,2017,1,21,14,0,17XX ONTARIO ST,Mount Pleasant,492391.6072,5457398.447
Other Theft,2017,8,3,16,0,17XX ONTARIO ST,Mount Pleasant,492383.2753,5457444.6328
Other Theft,2017,12,15,8,42,17XX PANDORA ST,Grandview-Woodland,495024.8532,5458930.5961
Other Theft,2017,10,17,16,15,17XX PENDRELL ST,West End,489793.7635,5459440.362
Other Theft,2017,2,8,14,59,17XX PENDRELL ST,West End,489824.3722,5459410.4504
Other Theft,2017,11,19,9,0,17XX POWELL ST,Grandview-Woodland,494887.2702,5459020.3352
Other Theft,2017,5,25,11,53,17XX QUEBEC ST,Mount Pleasant,492523.551,5457412.6168
Other Theft,2017,9,10,8,20,17XX QUEBEC ST,Mount Pleasant,492523.551,5457412.6168
Other Theft,2017,10,31,19,45,17XX QUEBEC ST,Mount Pleasant,492523.5658,5457414.1166
Other Theft,2017,1,11,11,42,17XX ROBSON ST,West End,490184.7452,5459826.5657
Other Theft,2017,2,18,7,31,17XX ROBSON ST,West End,490184.7452,5459826.5657
Other Theft,2017,2,22,8,39,17XX ROBSON ST,West End,490184.7452,5459826.5657
Other Theft,2017,2,23,22,0,17XX ROBSON ST,West End,490184.7452,5459826.5657
Other Theft,2017,2,28,9,30,17XX ROBSON ST,West End,490184.7452,5459826.5657
Other Theft,2017,3,6,20,55,17XX ROBSON ST,West End,490184.7452,5459826.5657
Other Theft,2017,4,20,12,12,17XX ROBSON ST,West End,490184.7452,5459826.5657
Other Theft,2017,4,20,17,34,17XX ROBSON ST,West End,490184.7452,5459826.5657
Other Theft,2017,4,22,15,41,17XX ROBSON ST,West End,490184.7452,5459826.5657
Other Theft,2017,5,6,7,4,17XX ROBSON ST,West End,490184.7452,5459826.5657
Other Theft,2017,5,11,20,26,17XX ROBSON ST,West End,490184.7452,5459826.5657
Other Theft,2017,5,16,18,42,17XX ROBSON ST,West End,490184.7452,5459826.5657
Other Theft,2017,5,18,23,26,17XX ROBSON ST,West End,490184.7452,5459826.5657
Other Theft,2017,5,22,21,5,17XX ROBSON ST,West End,490184.7452,5459826.5657
Other Theft,2017,6,5,23,44,17XX ROBSON ST,West End,490184.7452,5459826.5657
Other Theft,2017,6,12,19,8,17XX ROBSON ST,West End,490184.7452,5459826.5657
Other Theft,2017,6,19,18,31,17XX ROBSON ST,West End,490184.7452,5459826.5657
Other Theft,2017,7,4,9,45,17XX ROBSON ST,West End,490184.7452,5459826.5657
Other Theft,2017,7,21,8,33,17XX ROBSON ST,West End,490184.7452,5459826.5657
Other Theft,2017,7,21,12,3,17XX ROBSON ST,West End,490184.7452,5459826.5657
Other Theft,2017,9,4,15,0,17XX ROBSON ST,West End,490184.7452,5459826.5657
Other Theft,2017,10,7,4,0,17XX ROBSON ST,West End,490184.7452,5459826.5657
Other Theft,2017,10,18,20,55,17XX ROBSON ST,West End,490184.7452,5459826.5657
Other Theft,2017,11,30,12,30,17XX ROBSON ST,West End,490184.7452,5459826.5657
Other Theft,2017,12,28,8,21,17XX ROBSON ST,West End,490184.7452,5459826.5657
Other Theft,2017,1,9,15,48,17XX ROBSON ST,West End,490185.5494,5459825.784
Other Theft,2017,4,17,17,10,17XX ROBSON ST,West End,490195.8618,5459815.7599
Other Theft,2017,5,3,13,0,17XX ROBSON ST,West End,490195.8618,5459815.7599
Other Theft,2017,6,12,11,0,17XX ROBSON ST,West End,490202.2353,5459822.3167
Other Theft,2017,6,27,12,9,17XX ROBSON ST,West End,490213.352,5459811.5109
Other Theft,2017,11,27,12,20,17XX ROBSON ST,West End,490213.352,5459811.5109
Other Theft,2017,6,6,18,22,17XX ROBSON ST,West End,490237.8087,5459787.738
Other Theft,2017,1,9,16,45,17XX ROBSON ST,West End,490238.7674,5459774.0541
Other Theft,2017,1,21,20,21,17XX ROBSON ST,West End,490238.7674,5459774.0541
Other Theft,2017,2,3,20,50,17XX ROBSON ST,West End,490240.3285,5459772.5365
Other Theft,2017,2,8,13,45,17XX ROBSON ST,West End,490240.3285,5459772.5365
Other Theft,2017,3,18,17,46,17XX ROBSON ST,West End,490240.3285,5459772.5365
Other Theft,2017,3,18,19,40,17XX ROBSON ST,West End,490240.3285,5459772.5365
Other Theft,2017,4,1,13,34,17XX ROBSON ST,West End,490240.3285,5459772.5365
Other Theft,2017,4,20,13,35,17XX ROBSON ST,West End,490240.3285,5459772.5365
Other Theft,2017,4,20,13,56,17XX ROBSON ST,West End,490240.3285,5459772.5365
Other Theft,2017,4,20,19,9,17XX ROBSON ST,West End,490240.3285,5459772.5365
Other Theft,2017,4,24,11,44,17XX ROBSON ST,West End,490240.3285,5459772.5365
Other Theft,2017,5,2,12,54,17XX ROBSON ST,West End,490240.3285,5459772.5365
Other Theft,2017,5,2,14,7,17XX ROBSON ST,West End,490240.3285,5459772.5365
Other Theft,2017,5,6,9,55,17XX ROBSON ST,West End,490240.3285,5459772.5365
Other Theft,2017,5,30,12,5,17XX ROBSON ST,West End,490240.3285,5459772.5365
Other Theft,2017,6,14,17,46,17XX ROBSON ST,West End,490240.3285,5459772.5365
Other Theft,2017,6,23,9,45,17XX ROBSON ST,West End,490240.3285,5459772.5365
Other Theft,2017,6,23,15,20,17XX ROBSON ST,West End,490240.3285,5459772.5365
Other Theft,2017,6,28,11,0,17XX ROBSON ST,West End,490240.3285,5459772.5365
Other Theft,2017,7,31,13,32,17XX ROBSON ST,West End,490240.3285,5459772.5365
Other Theft,2017,8,3,9,44,17XX ROBSON ST,West End,490240.3285,5459772.5365
Other Theft,2017,8,3,15,58,17XX ROBSON ST,West End,490240.3285,5459772.5365
Other Theft,2017,8,15,10,8,17XX ROBSON ST,West End,490240.3285,5459772.5365
Other Theft,2017,9,6,14,44,17XX ROBSON ST,West End,490240.3285,5459772.5365
Other Theft,2017,9,19,16,30,17XX ROBSON ST,West End,490240.3285,5459772.5365
Other Theft,2017,9,19,19,16,17XX ROBSON ST,West End,490240.3285,5459772.5365
Other Theft,2017,10,7,11,20,17XX ROBSON ST,West End,490240.3285,5459772.5365
Other Theft,2017,10,7,13,46,17XX ROBSON ST,West End,490240.3285,5459772.5365
Other Theft,2017,10,7,14,48,17XX ROBSON ST,West End,490240.3285,5459772.5365
Other Theft,2017,10,9,14,52,17XX ROBSON ST,West End,490240.3285,5459772.5365
Other Theft,2017,10,9,15,2,17XX ROBSON ST,West End,490240.3285,5459772.5365
Other Theft,2017,10,13,13,11,17XX ROBSON ST,West End,490240.3285,5459772.5365
Other Theft,2017,10,20,11,21,17XX ROBSON ST,West End,490240.3285,5459772.5365
Other Theft,2017,10,20,15,34,17XX ROBSON ST,West End,490240.3285,5459772.5365
Other Theft,2017,11,3,16,43,17XX ROBSON ST,West End,490240.3285,5459772.5365
Other Theft,2017,11,3,18,6,17XX ROBSON ST,West End,490240.3285,5459772.5365
Other Theft,2017,11,3,18,34,17XX ROBSON ST,West End,490240.3285,5459772.5365
Other Theft,2017,11,23,15,28,17XX ROBSON ST,West End,490240.3285,5459772.5365
Other Theft,2017,12,18,10,45,17XX ROBSON ST,West End,490240.3285,5459772.5365
Other Theft,2017,10,7,13,16,17XX ROBSON ST,West End,490255.8918,5459757.4084
Other Theft,2017,10,21,12,3,17XX ROBSON ST,West End,490255.8918,5459757.4084
Other Theft,2017,6,8,3,29,17XX ROBSON ST,West End,490264.4887,5459761.804
Other Theft,2017,7,26,23,32,17XX ROBSON ST,West End,490264.4887,5459761.804
Other Theft,2017,8,7,23,30,17XX ROBSON ST,West End,490264.4887,5459761.804
Other Theft,2017,9,12,1,0,17XX ROBSON ST,West End,490264.4887,5459761.804
Other Theft,2017,9,29,16,48,17XX SE MARINE DR,Victoria-Fraserview,494785.6049,5450906.3124
Other Theft,2017,2,19,12,30,17XX VENABLES ST,Grandview-Woodland,494911.0276,5458218.9712
Other Theft,2017,2,8,20,30,17XX VENABLES ST,Grandview-Woodland,494930.7916,5458218.4347
Other Theft,2017,6,9,23,30,17XX VENABLES ST,Grandview-Woodland,494930.7916,5458218.4347
Other Theft,2017,6,30,19,30,17XX W 40TH AVE,Shaughnessy,489446.934,5453663.9807
Other Theft,2017,4,27,0,4,17XX W 4TH AVE,Fairview,489423.2671,5457254.5338
Other Theft,2017,6,10,16,38,17XX W 4TH AVE,Fairview,489483.5312,5457252.8483
Other Theft,2017,12,16,15,41,17XX W 4TH AVE,Fairview,489500.5269,5457261.5206
Other Theft,2017,7,21,12,50,17XX W 5TH AVE,Fairview,489505.2732,5457157.8041
Other Theft,2017,10,17,12,30,17XX W 62ND AVE,Marpole,489387.0881,5451363.1854
Other Theft,2017,4,19,22,39,17XX W 63RD AVE,Marpole,489374.8194,5451270.9144
Other Theft,2017,2,1,17,33,17XX W 75TH AVE,Marpole,489165.1771,5450503.7962
Other Theft,2017,5,2,13,37,17XX W 7TH AVE,Fairview,489449.3037,5456970.1058
Other Theft,2017,4,12,17,55,17XX W 7TH AVE,Fairview,489570.1095,5456967.0119
Other Theft,2017,10,24,5,40,17XX W 8TH AVE,Fairview,489436.8752,5456888.3199
Other Theft,2017,8,3,13,51,17XX W BROADWAY AVE,Fairview,489429.7872,5456775.6261
Other Theft,2017,8,27,16,31,17XX W BROADWAY AVE,Fairview,489429.7872,5456775.6261
Other Theft,2017,9,10,22,40,17XX W BROADWAY AVE,Fairview,489429.7872,5456775.6261
Other Theft,2017,10,15,19,25,17XX W BROADWAY AVE,Fairview,489429.7872,5456775.6261
Other Theft,2017,8,31,6,43,17XX W BROADWAY AVE,Fairview,489465.7496,5456774.6309
Other Theft,2017,8,25,22,55,17XX W BROADWAY AVE,Fairview,489466.0025,5456783.7714
Other Theft,2017,12,4,11,37,17XX W BROADWAY AVE,Fairview,489472.5412,5456783.5904
Other Theft,2017,4,17,11,0,17XX W BROADWAY AVE,Fairview,489560.5596,5456772.007
Other Theft,2017,5,7,16,8,17XX W GEORGIA ST,West End,490277.202,5459988.0893
Other Theft,2017,2,23,17,30,17XX WILLIAM ST,Grandview-Woodland,495015.8737,5457916.2773
Other Theft,2017,4,21,23,0,18XX ADANAC ST,Grandview-Woodland,495191.5054,5458305.4342
Other Theft,2017,9,28,11,17,18XX ALBERNI ST,West End,490187.9923,5459978.8481
Other Theft,2017,3,24,0,0,18XX ARBUTUS ST,Kitsilano,488894.8926,5457433.0753
Other Theft,2017,8,18,1,0,18XX BARCLAY ST,West End,489960.2021,5459754.8697
Other Theft,2017,7,12,20,40,18XX BEACH AVE,West End,489643.7613,5459363.4446
Other Theft,2017,3,28,15,0,18XX BURRARD ST,Kitsilano,489404.8947,5457403.7657
Other Theft,2017,11,24,17,8,18XX BURRARD ST,Kitsilano,489404.8947,5457403.7657
Other Theft,2017,10,12,18,0,18XX BURRARD ST,Kitsilano,489406.1397,5457450.1187
Other Theft,2017,12,14,15,30,18XX COMMERCIAL DR,Grandview-Woodland,494935.6551,5457269.7781
Other Theft,2017,4,28,16,38,18XX COMMERCIAL DR,Grandview-Woodland,494935.6913,5457277.5298
Other Theft,2017,11,16,15,30,18XX COMMERCIAL DR,Grandview-Woodland,494935.7003,5457279.4677
Other Theft,2017,3,23,19,15,18XX COMMERCIAL DR,Grandview-Woodland,494935.863,5457314.3505
Other Theft,2017,11,5,0,1,18XX COMMERCIAL DR,Grandview-Woodland,494935.863,5457314.3505
Other Theft,2017,6,5,23,0,18XX COMOX ST,West End,489780.0567,5459611.1248
Other Theft,2017,3,14,19,44,18XX COMOX ST,West End,489834.7058,5459556.56
Other Theft,2017,6,15,15,5,18XX CORNWALL AVE,Kitsilano,489253.2969,5457761.283
Other Theft,2017,12,30,18,20,18XX CORNWALL AVE,Kitsilano,489257.543,5457761.1666
Other Theft,2017,11,18,19,0,18XX E 13TH AVE,Kensington-Cedar Cottage,495130.7153,5456217.0382
Other Theft,2017,8,11,0,0,18XX E 2ND AVE,Grandview-Woodland,495142.5592,5457321.6298
Other Theft,2017,6,29,9,33,18XX E GEORGIA ST,Grandview-Woodland,495141.6743,5458405.9873
Other Theft,2017,10,4,17,56,18XX E HASTINGS ST,Grandview-Woodland,495039.1078,5458718.2997
Other Theft,2017,1,25,18,45,18XX E HASTINGS ST,Grandview-Woodland,495077.01,5458717.6521
Other Theft,2017,2,12,14,0,18XX E HASTINGS ST,Grandview-Woodland,495077.01,5458717.6521
Other Theft,2017,2,26,12,0,18XX E HASTINGS ST,Grandview-Woodland,495077.01,5458717.6521
Other Theft,2017,3,4,17,37,18XX E HASTINGS ST,Grandview-Woodland,495077.01,5458717.6521
Other Theft,2017,3,6,10,54,18XX E HASTINGS ST,Grandview-Woodland,495077.01,5458717.6521
Other Theft,2017,3,27,9,17,18XX E HASTINGS ST,Grandview-Woodland,495077.01,5458717.6521
Other Theft,2017,4,3,12,8,18XX E HASTINGS ST,Grandview-Woodland,495077.01,5458717.6521
Other Theft,2017,4,4,11,13,18XX E HASTINGS ST,Grandview-Woodland,495077.01,5458717.6521
Other Theft,2017,4,9,14,22,18XX E HASTINGS ST,Grandview-Woodland,495077.01,5458717.6521
Other Theft,2017,4,9,16,56,18XX E HASTINGS ST,Grandview-Woodland,495077.01,5458717.6521
Other Theft,2017,4,9,19,12,18XX E HASTINGS ST,Grandview-Woodland,495077.01,5458717.6521
Other Theft,2017,4,12,10,44,18XX E HASTINGS ST,Grandview-Woodland,495077.01,5458717.6521
Other Theft,2017,4,12,16,52,18XX E HASTINGS ST,Grandview-Woodland,495077.01,5458717.6521
Other Theft,2017,4,13,12,34,18XX E HASTINGS ST,Grandview-Woodland,495077.01,5458717.6521
Other Theft,2017,4,15,13,29,18XX E HASTINGS ST,Grandview-Woodland,495077.01,5458717.6521
Other Theft,2017,4,21,13,23,18XX E HASTINGS ST,Grandview-Woodland,495077.01,5458717.6521
Other Theft,2017,4,21,17,56,18XX E HASTINGS ST,Grandview-Woodland,495077.01,5458717.6521
Other Theft,2017,4,23,14,16,18XX E HASTINGS ST,Grandview-Woodland,495077.01,5458717.6521
Other Theft,2017,5,2,12,7,18XX E HASTINGS ST,Grandview-Woodland,495077.01,5458717.6521
Other Theft,2017,5,2,14,25,18XX E HASTINGS ST,Grandview-Woodland,495077.01,5458717.6521
Other Theft,2017,5,2,14,28,18XX E HASTINGS ST,Grandview-Woodland,495077.01,5458717.6521
Other Theft,2017,5,2,16,50,18XX E HASTINGS ST,Grandview-Woodland,495077.01,5458717.6521
Other Theft,2017,5,3,23,53,18XX E HASTINGS ST,Grandview-Woodland,495077.01,5458717.6521
Other Theft,2017,5,5,14,30,18XX E HASTINGS ST,Grandview-Woodland,495077.01,5458717.6521
Other Theft,2017,5,5,14,49,18XX E HASTINGS ST,Grandview-Woodland,495077.01,5458717.6521
Other Theft,2017,5,5,16,25,18XX E HASTINGS ST,Grandview-Woodland,495077.01,5458717.6521
Other Theft,2017,5,5,18,54,18XX E HASTINGS ST,Grandview-Woodland,495077.01,5458717.6521
Other Theft,2017,5,5,20,27,18XX E HASTINGS ST,Grandview-Woodland,495077.01,5458717.6521
Other Theft,2017,5,7,19,0,18XX E HASTINGS ST,Grandview-Woodland,495077.01,5458717.6521
Other Theft,2017,5,9,15,26,18XX E HASTINGS ST,Grandview-Woodland,495077.01,5458717.6521
Other Theft,2017,5,9,18,13,18XX E HASTINGS ST,Grandview-Woodland,495077.01,5458717.6521
Other Theft,2017,5,9,21,53,18XX E HASTINGS ST,Grandview-Woodland,495077.01,5458717.6521
Other Theft,2017,5,14,18,15,18XX E HASTINGS ST,Grandview-Woodland,495077.01,5458717.6521
Other Theft,2017,6,14,10,35,18XX E HASTINGS ST,Grandview-Woodland,495077.01,5458717.6521
Other Theft,2017,6,21,20,27,18XX E HASTINGS ST,Grandview-Woodland,495077.01,5458717.6521
Other Theft,2017,6,25,13,46,18XX E HASTINGS ST,Grandview-Woodland,495077.01,5458717.6521
Other Theft,2017,6,27,11,1,18XX E HASTINGS ST,Grandview-Woodland,495077.01,5458717.6521
Other Theft,2017,6,27,12,3,18XX E HASTINGS ST,Grandview-Woodland,495077.01,5458717.6521
Other Theft,2017,6,27,16,12,18XX E HASTINGS ST,Grandview-Woodland,495077.01,5458717.6521
Other Theft,2017,6,30,11,33,18XX E HASTINGS ST,Grandview-Woodland,495077.01,5458717.6521
Other Theft,2017,6,30,16,50,18XX E HASTINGS ST,Grandview-Woodland,495077.01,5458717.6521
Other Theft,2017,7,1,13,56,18XX E HASTINGS ST,Grandview-Woodland,495077.01,5458717.6521
Other Theft,2017,7,4,11,11,18XX E HASTINGS ST,Grandview-Woodland,495077.01,5458717.6521
Other Theft,2017,7,4,11,55,18XX E HASTINGS ST,Grandview-Woodland,495077.01,5458717.6521
Other Theft,2017,7,4,14,13,18XX E HASTINGS ST,Grandview-Woodland,495077.01,5458717.6521
Other Theft,2017,7,19,9,9,18XX E HASTINGS ST,Grandview-Woodland,495077.01,5458717.6521
Other Theft,2017,8,2,22,23,18XX E HASTINGS ST,Grandview-Woodland,495077.01,5458717.6521
Other Theft,2017,8,6,16,5,18XX E HASTINGS ST,Grandview-Woodland,495077.01,5458717.6521
Other Theft,2017,8,11,9,29,18XX E HASTINGS ST,Grandview-Woodland,495077.01,5458717.6521
Other Theft,2017,8,18,9,23,18XX E HASTINGS ST,Grandview-Woodland,495077.01,5458717.6521
Other Theft,2017,8,20,19,40,18XX E HASTINGS ST,Grandview-Woodland,495077.01,5458717.6521
Other Theft,2017,9,21,13,30,18XX E HASTINGS ST,Grandview-Woodland,495077.01,5458717.6521
Other Theft,2017,9,27,11,49,18XX E HASTINGS ST,Grandview-Woodland,495077.01,5458717.6521
Other Theft,2017,9,27,13,19,18XX E HASTINGS ST,Grandview-Woodland,495077.01,5458717.6521
Other Theft,2017,9,27,14,2,18XX E HASTINGS ST,Grandview-Woodland,495077.01,5458717.6521
Other Theft,2017,9,27,16,6,18XX E HASTINGS ST,Grandview-Woodland,495077.01,5458717.6521
Other Theft,2017,9,29,16,30,18XX E HASTINGS ST,Grandview-Woodland,495077.01,5458717.6521
Other Theft,2017,9,29,20,40,18XX E HASTINGS ST,Grandview-Woodland,495077.01,5458717.6521
Other Theft,2017,10,5,17,43,18XX E HASTINGS ST,Grandview-Woodland,495077.01,5458717.6521
Other Theft,2017,10,6,11,11,18XX E HASTINGS ST,Grandview-Woodland,495077.01,5458717.6521
Other Theft,2017,10,6,14,42,18XX E HASTINGS ST,Grandview-Woodland,495077.01,5458717.6521
Other Theft,2017,10,7,10,3,18XX E HASTINGS ST,Grandview-Woodland,495077.01,5458717.6521
Other Theft,2017,10,7,11,48,18XX E HASTINGS ST,Grandview-Woodland,495077.01,5458717.6521
Other Theft,2017,10,7,13,46,18XX E HASTINGS ST,Grandview-Woodland,495077.01,5458717.6521
Other Theft,2017,10,7,14,46,18XX E HASTINGS ST,Grandview-Woodland,495077.01,5458717.6521
Other Theft,2017,10,7,20,26,18XX E HASTINGS ST,Grandview-Woodland,495077.01,5458717.6521
Other Theft,2017,10,8,11,0,18XX E HASTINGS ST,Grandview-Woodland,495077.01,5458717.6521
Other Theft,2017,10,9,15,7,18XX E HASTINGS ST,Grandview-Woodland,495077.01,5458717.6521
Other Theft,2017,10,12,17,42,18XX E HASTINGS ST,Grandview-Woodland,495077.01,5458717.6521
Other Theft,2017,10,13,10,45,18XX E HASTINGS ST,Grandview-Woodland,495077.01,5458717.6521
Other Theft,2017,10,19,21,29,18XX E HASTINGS ST,Grandview-Woodland,495077.01,5458717.6521
Other Theft,2017,10,20,10,24,18XX E HASTINGS ST,Grandview-Woodland,495077.01,5458717.6521
Other Theft,2017,10,20,11,36,18XX E HASTINGS ST,Grandview-Woodland,495077.01,5458717.6521
Other Theft,2017,10,23,22,0,18XX E HASTINGS ST,Grandview-Woodland,495077.01,5458717.6521
Other Theft,2017,10,24,20,27,18XX E HASTINGS ST,Grandview-Woodland,495077.01,5458717.6521
Other Theft,2017,10,25,12,17,18XX E HASTINGS ST,Grandview-Woodland,495077.01,5458717.6521
Other Theft,2017,11,1,10,18,18XX E HASTINGS ST,Grandview-Woodland,495077.01,5458717.6521
Other Theft,2017,11,4,10,45,18XX E HASTINGS ST,Grandview-Woodland,495077.01,5458717.6521
Other Theft,2017,11,5,15,0,18XX E HASTINGS ST,Grandview-Woodland,495077.01,5458717.6521
Other Theft,2017,11,10,13,29,18XX E HASTINGS ST,Grandview-Woodland,495077.01,5458717.6521
Other Theft,2017,11,13,12,30,18XX E HASTINGS ST,Grandview-Woodland,495077.01,5458717.6521
Other Theft,2017,11,30,15,13,18XX E HASTINGS ST,Grandview-Woodland,495077.01,5458717.6521
Other Theft,2017,12,1,20,20,18XX E HASTINGS ST,Grandview-Woodland,495077.01,5458717.6521
Other Theft,2017,12,9,15,6,18XX E HASTINGS ST,Grandview-Woodland,495077.01,5458717.6521
Other Theft,2017,12,14,14,0,18XX E HASTINGS ST,Grandview-Woodland,495077.01,5458717.6521
Other Theft,2017,12,14,16,18,18XX E HASTINGS ST,Grandview-Woodland,495077.01,5458717.6521
Other Theft,2017,12,14,17,0,18XX E HASTINGS ST,Grandview-Woodland,495077.01,5458717.6521
Other Theft,2017,12,16,19,17,18XX E HASTINGS ST,Grandview-Woodland,495077.01,5458717.6521
Other Theft,2017,12,19,17,16,18XX E HASTINGS ST,Grandview-Woodland,495077.01,5458717.6521
Other Theft,2017,12,27,12,3,18XX E HASTINGS ST,Grandview-Woodland,495077.01,5458717.6521
Other Theft,2017,12,27,16,5,18XX E HASTINGS ST,Grandview-Woodland,495077.01,5458717.6521
Other Theft,2017,12,29,14,38,18XX E HASTINGS ST,Grandview-Woodland,495077.01,5458717.6521
Other Theft,2017,12,30,16,21,18XX E HASTINGS ST,Grandview-Woodland,495077.01,5458717.6521
Other Theft,2017,12,30,19,22,18XX E HASTINGS ST,Grandview-Woodland,495077.01,5458717.6521
Other Theft,2017,12,30,19,29,18XX E HASTINGS ST,Grandview-Woodland,495077.01,5458717.6521
Other Theft,2017,1,1,14,31,18XX E HASTINGS ST,Grandview-Woodland,495079.3488,5458717.6124
Other Theft,2017,6,16,11,2,18XX E HASTINGS ST,Grandview-Woodland,495092.1709,5458717.3931
Other Theft,2017,9,1,16,3,18XX E HASTINGS ST,Grandview-Woodland,495103.6977,5458726.3415
Other Theft,2017,6,11,20,7,18XX E HASTINGS ST,Grandview-Woodland,495221.0383,5458715.1913
Other Theft,2017,7,18,9,0,18XX E HASTINGS ST,Grandview-Woodland,495221.0383,5458715.1913
Other Theft,2017,4,11,15,0,18XX E PENDER ST,Grandview-Woodland,495075.5595,5458609.1123
Other Theft,2017,1,21,3,30,18XX E PENDER ST,Grandview-Woodland,495079.4663,5458618.2116
Other Theft,2017,6,5,8,0,18XX E PENDER ST,Grandview-Woodland,495189.5786,5458607.789
Other Theft,2017,7,17,10,42,18XX E PENDER ST,Grandview-Woodland,495189.5786,5458607.789
Other Theft,2017,9,22,16,19,18XX E PENDER ST,Grandview-Woodland,495189.5786,5458607.789
Other Theft,2017,7,5,7,50,18XX FIR ST,Fairview,489753.2138,5457439.6329
Other Theft,2017,7,28,11,0,18XX FRANCES ST,Grandview-Woodland,495157.9822,5458505.5893
Other Theft,2017,10,28,15,0,18XX GREER AVE,Kitsilano,489348.9859,5457880.8685
Other Theft,2017,7,2,7,53,18XX POWELL ST,Grandview-Woodland,495151.0262,5459088.7263
Other Theft,2017,7,4,10,0,18XX POWELL ST,Grandview-Woodland,495151.0262,5459088.7263
Other Theft,2017,6,3,8,30,18XX POWELL ST,Grandview-Woodland,495159.5698,5459101.2698
Other Theft,2017,1,20,11,46,18XX POWELL ST,Grandview-Woodland,495217.1019,5459120.7332
Other Theft,2017,9,8,4,12,18XX RENFREW ST,Hastings-Sunrise,496786.4579,5457298.3566
Other Theft,2017,3,28,22,0,18XX ROBSON ST,West End,490116.3186,5459906.2737
Other Theft,2017,9,3,19,45,18XX ROBSON ST,West End,490127.1164,5459895.6442
Other Theft,2017,9,27,1,43,18XX ROBSON ST,West End,490142.2971,5459867.8689
Other Theft,2017,3,17,11,57,18XX SPYGLASS PL,Fairview,491609.8186,5457422.8141
Other Theft,2017,6,28,17,30,18XX SPYGLASS PL,Fairview,491609.8186,5457422.8141
Other Theft,2017,5,20,14,0,18XX SPYGLASS PL,Fairview,491622.6153,5457540.1544
Other Theft,2017,5,21,11,0,18XX SPYGLASS PL,Fairview,491622.6153,5457540.1544
Other Theft,2017,9,24,10,0,18XX SPYGLASS PL,Fairview,491622.6153,5457540.1544
Other Theft,2017,12,10,15,54,18XX SPYGLASS PL,Fairview,491622.6153,5457540.1544
Other Theft,2017,3,26,14,2,18XX SW MARINE DR,Kerrisdale,489063.978,5450903.0311
Other Theft,2017,3,2,15,0,18XX TOLMIE ST,West Point Grey,484591.3866,5457597.7236
Other Theft,2017,11,18,8,54,18XX TRIUMPH ST,Grandview-Woodland,495208.06,5459026.1224
Other Theft,2017,3,10,10,0,18XX W 10TH AVE,Kitsilano,489297.3934,5456682.3878
Other Theft,2017,11,7,0,30,18XX W 13TH AVE,Kitsilano,489332.0391,5456359.5253
Other Theft,2017,8,20,22,30,18XX W 13TH AVE,Kitsilano,489371.9726,5456358.7106
Other Theft,2017,11,26,20,45,18XX W 1ST AVE,Kitsilano,489401.6295,5457560.3254
Other Theft,2017,11,3,10,9,18XX W 2ND AVE,Kitsilano,489274.6536,5457456.6666
Other Theft,2017,2,9,8,30,18XX W 3RD AVE,Kitsilano,489360.6693,5457365.4373
Other Theft,2017,12,3,18,0,18XX W 3RD AVE,Kitsilano,489360.6693,5457365.4373
Other Theft,2017,8,3,6,30,18XX W 4TH AVE,Kitsilano,489242.9751,5457259.5219
Other Theft,2017,1,3,16,21,18XX W 4TH AVE,Kitsilano,489262.7983,5457268.1217
Other Theft,2017,1,3,19,5,18XX W 4TH AVE,Kitsilano,489262.7983,5457268.1217
Other Theft,2017,1,7,15,35,18XX W 4TH AVE,Kitsilano,489262.7983,5457268.1217
Other Theft,2017,2,8,19,45,18XX W 4TH AVE,Kitsilano,489262.7983,5457268.1217
Other Theft,2017,2,10,18,53,18XX W 4TH AVE,Kitsilano,489262.7983,5457268.1217
Other Theft,2017,2,15,16,43,18XX W 4TH AVE,Kitsilano,489262.7983,5457268.1217
Other Theft,2017,3,20,12,58,18XX W 4TH AVE,Kitsilano,489262.7983,5457268.1217
Other Theft,2017,4,10,19,25,18XX W 4TH AVE,Kitsilano,489262.7983,5457268.1217
Other Theft,2017,9,11,18,1,18XX W 4TH AVE,Kitsilano,489262.7983,5457268.1217
Other Theft,2017,10,12,15,41,18XX W 4TH AVE,Kitsilano,489262.7983,5457268.1217
Other Theft,2017,10,16,17,45,18XX W 4TH AVE,Kitsilano,489262.7983,5457268.1217
Other Theft,2017,11,7,16,57,18XX W 4TH AVE,Kitsilano,489262.7983,5457268.1217
Other Theft,2017,12,29,18,10,18XX W 4TH AVE,Kitsilano,489262.7983,5457268.1217
Other Theft,2017,6,30,17,22,18XX W 4TH AVE,Kitsilano,489292.1542,5457267.3105
Other Theft,2017,8,7,16,0,18XX W 4TH AVE,Kitsilano,489292.1542,5457267.3105
Other Theft,2017,11,3,20,30,18XX W 4TH AVE,Kitsilano,489344.3425,5457265.8684
Other Theft,2017,10,16,17,45,18XX W 57TH AVE,Kerrisdale,489132.7456,5451859.9552
Other Theft,2017,7,13,20,0,18XX W 8TH AVE,Kitsilano,489305.2894,5456891.8019
Other Theft,2017,1,25,15,45,18XX W BROADWAY AVE,Kitsilano,489250.2358,5456780.627
Other Theft,2017,1,23,15,0,18XX W BROADWAY AVE,Kitsilano,489250.4908,5456789.7674
Other Theft,2017,7,13,17,0,19XX ALBERNI ST,West End,490077.1149,5460087.8052
Other Theft,2017,3,27,18,30,19XX BARCLAY ST,West End,489790.8068,5459909.8708
Other Theft,2017,10,7,17,47,19XX COMMERCIAL DR,Grandview-Woodland,494925.6523,5457180.8066
Other Theft,2017,4,18,12,30,19XX COMMERCIAL DR,Grandview-Woodland,494935.027,5457197.1509
Other Theft,2017,9,26,12,10,19XX COMMERCIAL DR,Grandview-Woodland,494935.3427,5457219.6139
Other Theft,2017,5,29,4,15,19XX CORNWALL AVE,Kitsilano,489077.4493,5457765.8311
Other Theft,2017,3,12,23,43,19XX CORNWALL AVE,Kitsilano,489113.1812,5457764.9096
Other Theft,2017,10,12,14,0,19XX CORNWALL AVE,Kitsilano,489171.1097,5457763.4152
Other Theft,2017,7,26,1,0,19XX CORNWALL AVE,Kitsilano,489174.4812,5457763.328
Other Theft,2017,10,11,20,47,19XX CORNWALL AVE,Kitsilano,489174.4812,5457763.328
Other Theft,2017,10,1,2,0,19XX CYPRESS ST,Kitsilano,489230.3076,5457269.9373
Other Theft,2017,5,1,14,45,19XX CYPRESS ST,Kitsilano,489241.8331,5457363.737
Other Theft,2017,11,30,12,0,19XX E 37TH AVE,Kensington-Cedar Cottage,495162.2936,5453766.5956
Other Theft,2017,9,15,13,0,19XX E 38TH AVE,Kensington-Cedar Cottage,495204.9198,5453612.8781
Other Theft,2017,5,10,13,0,19XX E 41ST AVE,Victoria-Fraserview,495142.458,5453305.0146
Other Theft,2017,2,3,20,0,19XX E 7TH AVE,Grandview-Woodland,495242.0268,5456827.232
Other Theft,2017,12,8,0,0,19XX E 7TH AVE,Grandview-Woodland,495339.8193,5456817.3977
Other Theft,2017,5,14,22,0,19XX E PENDER ST,Grandview-Woodland,495271.692,5458607.1873
Other Theft,2017,8,17,0,0,19XX KINGSWAY AVE,Kensington-Cedar Cottage,495176.9565,5454761.8225
Other Theft,2017,2,9,14,36,19XX KOOTENAY ST,Hastings-Sunrise,498132.0713,5457115.0475
Other Theft,2017,2,13,1,0,19XX MAIN ST,Mount Pleasant,492665.6705,5457206.414
Other Theft,2017,8,3,0,0,19XX OGDEN AVE,Kitsilano,489250.5919,5458247.8339
Other Theft,2017,10,17,22,49,19XX POWELL ST,Grandview-Woodland,495239.7123,5459126.8521
Other Theft,2017,1,17,19,12,19XX POWELL ST,Grandview-Woodland,495306.7811,5459127.324
Other Theft,2017,9,8,19,0,19XX STANLEY PARK DR,Stanley Park,491497.642,5460778.9775
Other Theft,2017,7,13,12,44,19XX STEPHENS ST,Kitsilano,487894.263,5457325.3244
Other Theft,2017,4,4,1,30,19XX STEPHENS ST,Kitsilano,487903.2065,5457312.1175
Other Theft,2017,2,3,21,0,19XX TRIMBLE ST,West Point Grey,485025.8193,5457380.0746
Other Theft,2017,5,22,14,0,19XX TRIUMPH ST,Grandview-Woodland,495306.8737,5459016.7767
Other Theft,2017,10,2,8,0,19XX W 10TH AVE,Kitsilano,489153.3665,5456676.9815
Other Theft,2017,3,18,22,0,19XX W 15TH AVE,Kitsilano,489083.3183,5456169.9243
Other Theft,2017,1,2,12,9,19XX W 16TH AVE,Shaughnessy,489057.1518,5456059.8159
Other Theft,2017,1,21,0,1,19XX W 1ST AVE,Kitsilano,489182.6414,5457556.9574
Other Theft,2017,5,31,8,0,19XX W 33RD AVE,Arbutus Ridge,489010.3099,5454382.3201
Other Theft,2017,11,25,13,30,19XX W 4TH AVE,Kitsilano,489071.1772,5457263.8765
Other Theft,2017,12,21,18,8,19XX W 4TH AVE,Kitsilano,489071.1772,5457263.8765
Other Theft,2017,6,5,10,0,19XX W 4TH AVE,Kitsilano,489084.6396,5457263.5368
Other Theft,2017,6,12,12,2,19XX W 4TH AVE,Kitsilano,489101.4676,5457263.1123
Other Theft,2017,11,29,14,37,19XX W 4TH AVE,Kitsilano,489101.4676,5457263.1123
Other Theft,2017,7,29,9,40,19XX W 4TH AVE,Kitsilano,489185.6075,5457260.9894
Other Theft,2017,12,22,19,35,19XX W 4TH AVE,Kitsilano,489185.6075,5457260.9894
Other Theft,2017,2,27,17,0,19XX W 4TH AVE,Kitsilano,489212.7628,5457269.4512
Other Theft,2017,8,16,22,44,19XX W 4TH AVE,Kitsilano,489226.2252,5457269.1115
Other Theft,2017,8,13,19,30,19XX W 5TH AVE,Kitsilano,489144.291,5457176.2386
Other Theft,2017,7,24,0,1,19XX W 6TH AVE,Kitsilano,489207.4852,5457070.7446
Other Theft,2017,11,8,15,22,19XX W 7TH AVE,Kitsilano,489119.6133,5456979.2043
Other Theft,2017,2,14,16,21,19XX W BROADWAY AVE,Kitsilano,489085.7644,5456785.1509
Other Theft,2017,6,7,13,41,19XX W BROADWAY AVE,Kitsilano,489085.7644,5456785.1509
Other Theft,2017,7,10,16,54,19XX W BROADWAY AVE,Kitsilano,489085.7644,5456785.1509
Other Theft,2017,7,20,11,10,19XX W BROADWAY AVE,Kitsilano,489085.7644,5456785.1509
Other Theft,2017,6,20,17,0,19XX W BROADWAY AVE,Kitsilano,489172.9142,5456782.7608
Other Theft,2017,8,11,15,50,19XX W BROADWAY AVE,Kitsilano,489172.9142,5456782.7608
Other Theft,2017,1,31,10,52,19XX WALLACE ST,West Point Grey,486126.3004,5457363.1609
Other Theft,2017,7,19,20,38,19XX YORK AVE,Kitsilano,489239.9145,5457651.9996
Other Theft,2017,12,29,17,39,1X LAKEWOOD DR,Grandview-Woodland,495523.1133,5459101.4506
Other Theft,2017,8,20,19,30,1X W 10TH AVE,Mount Pleasant,492348.6429,5456600.1498
Other Theft,2017,2,15,15,0,1X W 4TH AVE,Mount Pleasant,492355.4027,5457180.751
Other Theft,2017,6,1,0,0,1X W 5TH AVE,Mount Pleasant,492355.759,5457083.0188
Other Theft,2017,4,2,16,0,1X W 8TH AVE,Mount Pleasant,492348.0635,5456788.6855
Other Theft,2017,1,6,10,30,1X W BROADWAY AVE,Mount Pleasant,492338.2483,5456696.1302
Other Theft,2017,1,9,15,45,1X W BROADWAY AVE,Mount Pleasant,492340.0396,5456696.0797
Other Theft,2017,1,31,10,18,1X W CORDOVA ST,Central Business District,492387.9842,5458871.6596
Other Theft,2017,5,18,22,10,1X W CORDOVA ST,Central Business District,492387.9842,5458871.6596
Other Theft,2017,5,27,19,0,1X W CORDOVA ST,Central Business District,492387.9842,5458871.6596
Other Theft,2017,3,24,18,0,1X W HASTINGS ST,Central Business District,492392.2253,5458762.4267
Other Theft,2017,9,10,15,0,1X W HASTINGS ST,Central Business District,492392.2253,5458762.4267
Other Theft,2017,4,13,13,48,1X WATER ST,Central Business District,492387.7298,5458982.002
Other Theft,2017,4,16,13,19,1X WATER ST,Central Business District,492387.7298,5458982.002
Other Theft,2017,5,16,17,5,1X WATER ST,Central Business District,492387.7298,5458982.002
Other Theft,2017,6,6,14,20,1X WATER ST,Central Business District,492396.2784,5458979.5438
Other Theft,2017,12,21,16,50,1X WATER ST,Central Business District,492396.2784,5458979.5438
Other Theft,2017,4,11,16,50,1X WATER ST,Central Business District,492399.205,5458978.278
Other Theft,2017,4,21,10,0,1X WATER ST,Central Business District,492399.205,5458978.278
Other Theft,2017,5,4,9,0,1X WATER ST,Central Business District,492399.205,5458978.278
Other Theft,2017,6,28,16,0,1X WATER ST,Central Business District,492399.205,5458978.278
Other Theft,2017,7,20,15,0,1XX ABBOTT ST,Central Business District,492274.3109,5459062.2004
Other Theft,2017,10,15,3,0,1XX ATHLETES WAY,Mount Pleasant,492183.1654,5457645.1601
Other Theft,2017,9,22,17,45,1XX ATHLETES WAY,Mount Pleasant,492236.8455,5457643.6113
Other Theft,2017,12,7,18,0,1XX CAMBIE ST,Central Business District,492086.7107,5459087.2129
Other Theft,2017,4,19,15,57,1XX CAMBIE ST,Central Business District,492099.8295,5459099.6126
Other Theft,2017,11,22,13,0,1XX COMMERCIAL DR,Grandview-Woodland,494879.2731,5459004.7819
Other Theft,2017,11,27,5,0,1XX COMMERCIAL DR,Grandview-Woodland,494879.2731,5459004.7819
Other Theft,2017,12,8,12,0,1XX COMMERCIAL DR,Grandview-Woodland,494879.2731,5459004.7819
Other Theft,2017,12,12,12,0,1XX COMMERCIAL DR,Grandview-Woodland,494879.2731,5459004.7819
Other Theft,2017,12,13,11,56,1XX COMMERCIAL DR,Grandview-Woodland,494879.2731,5459004.7819
Other Theft,2017,8,28,21,20,1XX DAVIE ST,Central Business District,491207.4821,5457903.3934
Other Theft,2017,11,12,15,1,1XX DAVIE ST,Central Business District,491207.4821,5457903.3934
Other Theft,2017,11,21,15,35,1XX DAVIE ST,Central Business District,491207.4821,5457903.3934
Other Theft,2017,11,30,17,8,1XX DAVIE ST,Central Business District,491207.4821,5457903.3934
Other Theft,2017,5,29,11,16,1XX DAVIE ST,Central Business District,491254.9185,5457854.3328
Other Theft,2017,10,3,13,48,1XX DAVIE ST,Central Business District,491254.9185,5457854.3328
Other Theft,2017,11,30,15,0,1XX DAVIE ST,Central Business District,491254.9185,5457854.3328
Other Theft,2017,1,16,18,20,1XX DAVIE ST,Central Business District,491263.0873,5457816.8748
Other Theft,2017,8,29,10,25,1XX DAVIE ST,Central Business District,491263.0873,5457816.8748
Other Theft,2017,1,18,7,0,1XX DUNLEVY AVE,Strathcona,493063.9359,5458990.6275
Other Theft,2017,7,18,20,20,1XX DUNLEVY AVE,Strathcona,493063.9359,5458990.6275
Other Theft,2017,7,30,15,15,1XX DUNLEVY AVE,Strathcona,493063.9359,5458990.6275
Other Theft,2017,8,26,21,22,1XX DUNLEVY AVE,Strathcona,493063.9359,5458990.6275
Other Theft,2017,10,17,14,47,1XX DUNLEVY AVE,Strathcona,493063.9359,5458990.6275
Other Theft,2017,10,19,10,0,1XX DUNLEVY AVE,Strathcona,493063.9359,5458990.6275
Other Theft,2017,11,29,5,0,1XX DUNLEVY AVE,Strathcona,493063.9359,5458990.6275
Other Theft,2017,12,11,22,0,1XX DUNLEVY AVE,Strathcona,493063.9359,5458990.6275
Other Theft,2017,11,13,13,40,1XX DUNLEVY AVE,Strathcona,493074.2169,5459032.1055
Other Theft,2017,11,17,12,49,1XX DUNLEVY AVE,Strathcona,493074.2169,5459032.1055
Other Theft,2017,9,4,15,14,1XX DUNSMUIR ST,Central Business District,491958.3275,5458579.253
Other Theft,2017,9,17,16,45,1XX DUNSMUIR ST,Central Business District,491958.3275,5458579.253
Other Theft,2017,10,10,8,0,1XX DUNSMUIR ST,Central Business District,491958.3275,5458579.253
Other Theft,2017,1,13,15,15,1XX E 11TH AVE,Mount Pleasant,492525.4043,5456495.5529
Other Theft,2017,1,31,15,30,1XX E 11TH AVE,Mount Pleasant,492525.4043,5456495.5529
Other Theft,2017,3,10,12,45,1XX E 11TH AVE,Mount Pleasant,492525.4043,5456495.5529
Other Theft,2017,5,8,23,30,1XX E 17TH AVE,Riley Park,492626.6577,5455889.1398
Other Theft,2017,7,14,5,30,1XX E 1ST AVE,Mount Pleasant,492602.1217,5457496.489
Other Theft,2017,5,29,10,26,1XX E 1ST AVE,Mount Pleasant,492538.8241,5457488.8686
Other Theft,2017,12,9,19,30,1XX E 26TH AVE,Riley Park,492579.8491,5455035.2048
Other Theft,2017,7,16,19,4,1XX E 2ND AVE,Mount Pleasant,492530.0708,5457378.0581
Other Theft,2017,3,17,11,55,1XX E 35TH AVE,Riley Park,492477.049,5454036.159
Other Theft,2017,5,12,14,30,1XX E 3RD AVE,Mount Pleasant,492535.6902,5457285.1214
Other Theft,2017,7,12,7,0,1XX E 3RD AVE,Mount Pleasant,492543.7904,5457275.8936
Other Theft,2017,10,12,15,58,1XX E 3RD AVE,Mount Pleasant,492584.8559,5457284.6155
Other Theft,2017,4,1,15,24,1XX E 48TH AVE,Sunset,492502.8558,5452656.0378
Other Theft,2017,10,6,14,30,1XX E 49TH AVE,Sunset,492443.2024,5452545.6413
Other Theft,2017,12,29,12,0,1XX E 52ND AVE,Sunset,492542.3308,5452232.2604
Other Theft,2017,7,18,18,53,1XX E 58TH AVE,Sunset,492570.2817,5451656.5843
Other Theft,2017,4,5,22,0,1XX E 58TH AVE,Sunset,492573.0204,5451647.3098
Other Theft,2017,12,13,10,0,1XX E 64TH AVE,Sunset,492454.9795,5451081.2813
Other Theft,2017,3,6,0,0,1XX E 6TH AVE,Mount Pleasant,492642.2182,5456980.4195
Other Theft,2017,8,14,7,0,1XX E BROADWAY AVE,Mount Pleasant,492572.0649,5456696.2509
Other Theft,2017,3,5,18,24,1XX E BROADWAY AVE,Mount Pleasant,492572.0649,5456696.2509
Other Theft,2017,2,15,17,20,1XX E BROADWAY AVE,Mount Pleasant,492630.895,5456693.7974
Other Theft,2017,1,24,10,27,1XX E CORDOVA ST,Central Business District,492569.3686,5458843.9296
Other Theft,2017,2,16,14,2,1XX E CORDOVA ST,Central Business District,492602.2727,5458851.93
Other Theft,2017,2,24,23,30,1XX E CORDOVA ST,Central Business District,492602.2727,5458851.93
Other Theft,2017,10,3,7,0,1XX E CORDOVA ST,Central Business District,492602.2727,5458851.93
Other Theft,2017,11,11,23,30,1XX E CORDOVA ST,Central Business District,492602.2727,5458851.93
Other Theft,2017,11,20,20,39,1XX E CORDOVA ST,Central Business District,492602.2727,5458851.93
Other Theft,2017,9,15,11,7,1XX E CORDOVA ST,Central Business District,492620.0563,5458842.1593
Other Theft,2017,3,2,15,41,1XX E CORDOVA ST,Central Business District,492638.159,5458841.527
Other Theft,2017,5,12,15,22,1XX E CORDOVA ST,Central Business District,492638.159,5458841.527
Other Theft,2017,6,3,11,51,1XX E CORDOVA ST,Central Business District,492638.159,5458841.527
Other Theft,2017,11,3,22,15,1XX E CORDOVA ST,Central Business District,492638.159,5458841.527
Other Theft,2017,7,21,21,30,1XX E GEORGIA ST,Central Business District,492708.6744,5458434.4423
Other Theft,2017,7,20,13,0,1XX E GEORGIA ST,Central Business District,492742.3504,5458433.1357
Other Theft,2017,2,14,19,21,1XX E HASTINGS ST,Central Business District,492566.4957,5458738.913
Other Theft,2017,2,25,3,0,1XX E HASTINGS ST,Central Business District,492566.4957,5458738.913
Other Theft,2017,2,28,0,1,1XX E HASTINGS ST,Central Business District,492566.4957,5458738.913
Other Theft,2017,3,5,3,30,1XX E HASTINGS ST,Central Business District,492566.4957,5458738.913
Other Theft,2017,6,17,0,0,1XX E HASTINGS ST,Central Business District,492566.4957,5458738.913
Other Theft,2017,7,26,11,0,1XX E HASTINGS ST,Central Business District,492566.4957,5458738.913
Other Theft,2017,8,20,20,45,1XX E HASTINGS ST,Central Business District,492566.4957,5458738.913
Other Theft,2017,8,31,7,43,1XX E HASTINGS ST,Central Business District,492566.4957,5458738.913
Other Theft,2017,9,11,20,3,1XX E HASTINGS ST,Central Business District,492566.4957,5458738.913
Other Theft,2017,10,31,1,8,1XX E HASTINGS ST,Central Business District,492566.4957,5458738.913
Other Theft,2017,3,24,15,45,1XX E HASTINGS ST,Central Business District,492606.8402,5458737.5694
Other Theft,2017,3,25,2,0,1XX E HASTINGS ST,Central Business District,492606.8402,5458737.5694
Other Theft,2017,6,13,12,26,1XX E HASTINGS ST,Central Business District,492606.8402,5458737.5694
Other Theft,2017,6,14,22,0,1XX E HASTINGS ST,Central Business District,492606.8402,5458737.5694
Other Theft,2017,7,18,4,50,1XX E HASTINGS ST,Central Business District,492606.8402,5458737.5694
Other Theft,2017,8,12,20,0,1XX E HASTINGS ST,Central Business District,492606.8402,5458737.5694
Other Theft,2017,8,26,23,0,1XX E HASTINGS ST,Central Business District,492606.8402,5458737.5694
Other Theft,2017,7,5,13,28,1XX E HASTINGS ST,Central Business District,492628.8462,5458736.8365
Other Theft,2017,2,1,22,0,1XX E HASTINGS ST,Central Business District,492629.1506,5458745.9755
Other Theft,2017,9,27,23,23,1XX E HASTINGS ST,Central Business District,492629.1506,5458745.9755
Other Theft,2017,2,15,22,0,1XX E HASTINGS ST,Central Business District,492673.1628,5458744.5097
Other Theft,2017,4,16,9,0,1XX E HASTINGS ST,Central Business District,492673.1628,5458744.5097
Other Theft,2017,5,21,3,24,1XX E HASTINGS ST,Central Business District,492676.5261,5458735.2486
Other Theft,2017,8,26,0,0,1XX E HASTINGS ST,Central Business District,492676.5261,5458735.2486
Other Theft,2017,9,10,22,20,1XX E HASTINGS ST,Central Business District,492676.5261,5458735.2486
Other Theft,2017,9,16,9,28,1XX E HASTINGS ST,Central Business District,492676.5261,5458735.2486
Other Theft,2017,9,19,17,0,1XX E HASTINGS ST,Central Business District,492676.5261,5458735.2486
Other Theft,2017,11,22,22,5,1XX E HASTINGS ST,Central Business District,492676.5261,5458735.2486
Other Theft,2017,2,16,11,0,1XX E HASTINGS ST,Central Business District,492676.5261,5458735.2486
Other Theft,2017,2,22,21,0,1XX E HASTINGS ST,Central Business District,492676.5261,5458735.2486
Other Theft,2017,3,26,18,0,1XX E HASTINGS ST,Central Business District,492676.5261,5458735.2486
Other Theft,2017,4,28,17,0,1XX E HASTINGS ST,Central Business District,492676.5261,5458735.2486
Other Theft,2017,5,6,20,30,1XX E HASTINGS ST,Central Business District,492676.5261,5458735.2486
Other Theft,2017,5,24,0,0,1XX E HASTINGS ST,Central Business District,492676.5261,5458735.2486
Other Theft,2017,4,18,7,50,1XX E HASTINGS ST,Central Business District,492687.5291,5458734.8822
Other Theft,2017,5,14,16,15,1XX E HASTINGS ST,Central Business District,492687.5291,5458734.8822
Other Theft,2017,6,27,12,38,1XX E HASTINGS ST,Central Business District,492687.5291,5458734.8822
Other Theft,2017,7,20,11,52,1XX E HASTINGS ST,Central Business District,492687.5291,5458734.8822
Other Theft,2017,5,18,20,44,1XX E HASTINGS ST,Central Business District,492708.1305,5458743.3452
Other Theft,2017,7,10,12,12,1XX E HASTINGS ST,Central Business District,492708.1305,5458743.3452
Other Theft,2017,9,16,11,27,1XX E HASTINGS ST,Central Business District,492708.1305,5458743.3452
Other Theft,2017,9,19,23,58,1XX E HASTINGS ST,Central Business District,492708.1305,5458743.3452
Other Theft,2017,12,21,17,30,1XX E HASTINGS ST,Central Business District,492708.1305,5458743.3452
Other Theft,2017,7,14,11,1,1XX E HASTINGS ST,Central Business District,492748.5366,5458741.9992
Other Theft,2017,2,12,15,30,1XX E PENDER ST,Central Business District,492565.8345,5458632.4699
Other Theft,2017,10,22,20,34,1XX E PENDER ST,Central Business District,492565.8345,5458632.4699
Other Theft,2017,9,24,16,0,1XX E PENDER ST,Central Business District,492566.1872,5458641.6071
Other Theft,2017,6,29,13,53,1XX E PENDER ST,Central Business District,492573.0995,5458632.1894
Other Theft,2017,10,29,1,0,1XX E PENDER ST,Central Business District,492573.0995,5458632.1894
Other Theft,2017,11,24,13,26,1XX E PENDER ST,Central Business District,492573.0995,5458632.1894
Other Theft,2017,8,28,12,2,1XX E PENDER ST,Central Business District,492587.6295,5458631.6284
Other Theft,2017,1,20,12,38,1XX E PENDER ST,Central Business District,492591.6148,5458640.6254
Other Theft,2017,6,20,16,36,1XX E PENDER ST,Central Business District,492620.3221,5458630.3662
Other Theft,2017,9,29,16,51,1XX E PENDER ST,Central Business District,492638.8374,5458638.8023
Other Theft,2017,1,11,1,30,1XX E PENDER ST,Central Business District,492649.7349,5458638.3815
Other Theft,2017,1,15,15,11,1XX E PENDER ST,Central Business District,492649.7349,5458638.3815
Other Theft,2017,2,2,8,12,1XX E PENDER ST,Central Business District,492649.7349,5458638.3815
Other Theft,2017,2,13,0,0,1XX E PENDER ST,Central Business District,492649.7349,5458638.3815
Other Theft,2017,2,18,0,30,1XX E PENDER ST,Central Business District,492649.7349,5458638.3815
Other Theft,2017,3,12,1,0,1XX E PENDER ST,Central Business District,492649.7349,5458638.3815
Other Theft,2017,3,14,10,23,1XX E PENDER ST,Central Business District,492649.7349,5458638.3815
Other Theft,2017,3,25,21,0,1XX E PENDER ST,Central Business District,492649.7349,5458638.3815
Other Theft,2017,4,29,23,30,1XX E PENDER ST,Central Business District,492649.7349,5458638.3815
Other Theft,2017,5,5,1,30,1XX E PENDER ST,Central Business District,492649.7349,5458638.3815
Other Theft,2017,5,5,22,0,1XX E PENDER ST,Central Business District,492649.7349,5458638.3815
Other Theft,2017,5,7,0,27,1XX E PENDER ST,Central Business District,492649.7349,5458638.3815
Other Theft,2017,5,13,0,0,1XX E PENDER ST,Central Business District,492649.7349,5458638.3815
Other Theft,2017,5,13,1,0,1XX E PENDER ST,Central Business District,492649.7349,5458638.3815
Other Theft,2017,7,8,0,15,1XX E PENDER ST,Central Business District,492649.7349,5458638.3815
Other Theft,2017,7,27,22,0,1XX E PENDER ST,Central Business District,492649.7349,5458638.3815
Other Theft,2017,8,26,22,30,1XX E PENDER ST,Central Business District,492649.7349,5458638.3815
Other Theft,2017,9,9,3,0,1XX E PENDER ST,Central Business District,492649.7349,5458638.3815
Other Theft,2017,10,6,1,0,1XX E PENDER ST,Central Business District,492649.7349,5458638.3815
Other Theft,2017,12,16,23,30,1XX E PENDER ST,Central Business District,492649.7349,5458638.3815
Other Theft,2017,12,17,1,0,1XX E PENDER ST,Central Business District,492649.7349,5458638.3815
Other Theft,2017,1,14,0,30,1XX E PENDER ST,Central Business District,492650.3235,5458638.3596
Other Theft,2017,10,11,17,47,1XX E PENDER ST,Central Business District,492653.0147,5458629.1041
Other Theft,2017,10,7,23,0,1XX E PENDER ST,Central Business District,492671.1772,5458628.4029
Other Theft,2017,1,17,10,49,1XX E PENDER ST,Central Business District,492673.1811,5458637.4764
Other Theft,2017,12,31,14,47,1XX E PENDER ST,Central Business District,492675.1625,5458637.3999
Other Theft,2017,1,31,13,1,1XX E PENDER ST,Central Business District,492696.9576,5458636.5584
Other Theft,2017,2,27,15,25,1XX E PENDER ST,Central Business District,492696.9576,5458636.5584
Other Theft,2017,2,27,18,8,1XX E PENDER ST,Central Business District,492696.9576,5458636.5584
Other Theft,2017,3,29,13,32,1XX E PENDER ST,Central Business District,492696.9576,5458636.5584
Other Theft,2017,4,13,13,57,1XX E PENDER ST,Central Business District,492696.9576,5458636.5584
Other Theft,2017,4,25,14,46,1XX E PENDER ST,Central Business District,492696.9576,5458636.5584
Other Theft,2017,4,26,18,11,1XX E PENDER ST,Central Business District,492696.9576,5458636.5584
Other Theft,2017,4,29,12,2,1XX E PENDER ST,Central Business District,492696.9576,5458636.5584
Other Theft,2017,4,30,17,30,1XX E PENDER ST,Central Business District,492696.9576,5458636.5584
Other Theft,2017,4,30,18,45,1XX E PENDER ST,Central Business District,492696.9576,5458636.5584
Other Theft,2017,5,25,17,54,1XX E PENDER ST,Central Business District,492696.9576,5458636.5584
Other Theft,2017,8,22,11,3,1XX E PENDER ST,Central Business District,492696.9576,5458636.5584
Other Theft,2017,9,8,14,47,1XX E PENDER ST,Central Business District,492696.9576,5458636.5584
Other Theft,2017,10,9,11,0,1XX E PENDER ST,Central Business District,492696.9576,5458636.5584
Other Theft,2017,10,10,10,52,1XX E PENDER ST,Central Business District,492696.9576,5458636.5584
Other Theft,2017,10,17,13,27,1XX E PENDER ST,Central Business District,492696.9576,5458636.5584
Other Theft,2017,10,27,11,58,1XX E PENDER ST,Central Business District,492696.9576,5458636.5584
Other Theft,2017,12,6,12,30,1XX E PENDER ST,Central Business District,492696.9576,5458636.5584
Other Theft,2017,12,14,17,41,1XX E PENDER ST,Central Business District,492696.9576,5458636.5584
Other Theft,2017,2,24,11,55,1XX E PENDER ST,Central Business District,492713.4453,5458626.7707
Other Theft,2017,2,24,12,0,1XX E PENDER ST,Central Business District,492713.4453,5458626.7707
Other Theft,2017,9,13,5,23,1XX E WATERFRONT RD,Central Business District,492593.6691,5459081.3661
Other Theft,2017,5,20,22,6,1XX E WATERFRONT RD,Central Business District,492595.4533,5459081.3277
Other Theft,2017,10,21,22,15,1XX HAWKS AVE,Strathcona,493669.5955,5458980.3727
Other Theft,2017,5,6,21,20,1XX HEATLEY AVE,Strathcona,493505.5312,5458967.9453
Other Theft,2017,5,18,16,0,1XX KEEFER PL,Central Business District,492115.7993,5458573.6708
Other Theft,2017,10,15,21,30,1XX KEEFER PL,Central Business District,492115.7993,5458573.6708
Other Theft,2017,9,5,16,30,1XX KEEFER PL,Central Business District,492121.8011,5458572.3016
Other Theft,2017,11,10,21,0,1XX KEEFER PL,Central Business District,492121.8011,5458572.3016
Other Theft,2017,6,4,3,43,1XX KEEFER PL,Central Business District,492123.0015,5458572.0278
Other Theft,2017,9,12,14,0,1XX KEEFER PL,Central Business District,492123.0015,5458572.0278
Other Theft,2017,11,1,16,20,1XX KEEFER PL,Central Business District,492123.0015,5458572.0278
Other Theft,2017,5,23,10,8,1XX KEEFER PL,Central Business District,492124.2018,5458571.754
Other Theft,2017,7,18,17,39,1XX KEEFER PL,Central Business District,492124.2018,5458571.754
Other Theft,2017,10,19,11,40,1XX KEEFER PL,Central Business District,492124.2018,5458571.754
Other Theft,2017,10,26,16,28,1XX KEEFER PL,Central Business District,492124.2018,5458571.754
Other Theft,2017,11,11,14,8,1XX KEEFER PL,Central Business District,492124.2018,5458571.754
Other Theft,2017,12,3,14,47,1XX KEEFER PL,Central Business District,492124.2018,5458571.754
Other Theft,2017,12,3,20,42,1XX KEEFER PL,Central Business District,492124.2018,5458571.754
Other Theft,2017,12,11,13,55,1XX KEEFER PL,Central Business District,492124.2018,5458571.754
Other Theft,2017,9,8,19,22,1XX KEEFER PL,Central Business District,492128.17,5458561.4699
Other Theft,2017,9,30,15,0,1XX KEEFER ST,Central Business District,492627.4653,5458532.1734
Other Theft,2017,4,21,16,45,1XX KEEFER ST,Central Business District,492706.9926,5458535.9134
Other Theft,2017,11,6,12,12,1XX KEEFER ST,Central Business District,492706.9926,5458535.9134
Other Theft,2017,1,16,15,39,1XX KEEFER ST,Central Business District,492710.4372,5458526.6515
Other Theft,2017,1,22,22,0,1XX KEEFER ST,Central Business District,492710.4372,5458526.6515
Other Theft,2017,2,7,14,0,1XX KEEFER ST,Central Business District,492710.4372,5458526.6515
Other Theft,2017,6,7,10,56,1XX KEEFER ST,Central Business District,492710.4372,5458526.6515
Other Theft,2017,8,2,16,0,1XX KEEFER ST,Central Business District,492710.4372,5458526.6515
Other Theft,2017,3,25,17,28,1XX KEEFER ST,Central Business District,492725.4136,5458526.1607
Other Theft,2017,3,17,10,0,1XX MAIN ST,Strathcona,492768.9288,5459042.1015
Other Theft,2017,8,30,1,30,1XX MILROSS AVE,Central Business District,492615.6419,5458155.4826
Other Theft,2017,4,15,0,0,1XX N RENFREW ST,Hastings-Sunrise,496800.8536,5459216.9907
Other Theft,2017,4,22,10,30,1XX N RENFREW ST,Hastings-Sunrise,496800.8536,5459216.9907
Other Theft,2017,8,20,17,0,1XX N RENFREW ST,Hastings-Sunrise,496800.8536,5459216.9907
Other Theft,2017,10,27,0,0,1XX N RENFREW ST,Hastings-Sunrise,496800.8536,5459216.9907
Other Theft,2017,10,27,23,0,1XX N RENFREW ST,Hastings-Sunrise,496800.8536,5459216.9907
Other Theft,2017,8,10,15,30,1XX POWELL ST,Central Business District,492631.0905,5458941.7112
Other Theft,2017,10,24,9,53,1XX POWELL ST,Central Business District,492706.3342,5458939.4711
Other Theft,2017,1,5,10,0,1XX PRINCESS AVE,Strathcona,493350.5691,5459014.0688
Other Theft,2017,1,18,21,20,1XX PRINCESS AVE,Strathcona,493350.5691,5459014.0688
Other Theft,2017,1,26,11,22,1XX PRINCESS AVE,Strathcona,493350.5691,5459014.0688
Other Theft,2017,2,1,11,45,1XX PRINCESS AVE,Strathcona,493350.5691,5459014.0688
Other Theft,2017,2,24,14,30,1XX PRINCESS AVE,Strathcona,493350.5691,5459014.0688
Other Theft,2017,5,3,6,3,1XX PRINCESS AVE,Strathcona,493350.5691,5459014.0688
Other Theft,2017,6,15,18,37,1XX PRINCESS AVE,Strathcona,493350.5691,5459014.0688
Other Theft,2017,8,22,2,5,1XX PRINCESS AVE,Strathcona,493350.5691,5459014.0688
Other Theft,2017,8,24,0,0,1XX PRINCESS AVE,Strathcona,493350.5691,5459014.0688
Other Theft,2017,8,30,23,35,1XX PRINCESS AVE,Strathcona,493350.5691,5459014.0688
Other Theft,2017,9,7,5,50,1XX PRINCESS AVE,Strathcona,493350.5691,5459014.0688
Other Theft,2017,9,23,0,41,1XX PRINCESS AVE,Strathcona,493350.5691,5459014.0688
Other Theft,2017,11,3,15,30,1XX PRINCESS AVE,Strathcona,493350.5691,5459014.0688
Other Theft,2017,5,1,22,0,1XX REGIMENT SQ,Central Business District,491971.2156,5458448.7679
Other Theft,2017,7,18,22,15,1XX REGIMENT SQ,Central Business District,491976.956,5458443.4712
Other Theft,2017,3,20,17,58,1XX RENFREW ST,Hastings-Sunrise,496795.9227,5458959.0522
Other Theft,2017,6,19,9,23,1XX ROBSON ST,Central Business District,491658.3575,5458377.3128
Other Theft,2017,9,22,22,0,1XX ROBSON ST,Central Business District,491658.3575,5458377.3128
Other Theft,2017,5,1,12,0,1XX ROBSON ST,Central Business District,491698.8521,5458338.7015
Other Theft,2017,11,14,11,55,1XX ROBSON ST,Central Business District,491705.8559,5458332.0236
Other Theft,2017,7,19,10,0,1XX ROUNDHOUSE MEWS,Central Business District,491092.419,5457867.4662
Other Theft,2017,7,25,17,0,1XX ROUNDHOUSE MEWS,Central Business District,491092.419,5457867.4662
Other Theft,2017,9,19,10,0,1XX ROUNDHOUSE MEWS,Central Business District,491092.419,5457867.4662
Other Theft,2017,9,19,21,15,1XX ROUNDHOUSE MEWS,Central Business District,491092.419,5457867.4662
Other Theft,2017,1,16,20,0,1XX SE MARINE DR,Sunset,492548.3282,5450920.304
Other Theft,2017,7,24,4,52,1XX SE MARINE DR,Sunset,492548.3282,5450920.304
Other Theft,2017,4,15,14,0,1XX SMITHE ST,Central Business District,491589.3518,5458201.9616
Other Theft,2017,1,17,4,15,1XX SW MARINE DR,Marpole,492042.2586,5451051.03
Other Theft,2017,3,12,9,10,1XX SW MARINE DR,Marpole,492042.2586,5451051.03
Other Theft,2017,6,29,13,32,1XX SW MARINE DR,Marpole,492042.2586,5451051.03
Other Theft,2017,12,4,15,50,1XX SW MARINE DR,Marpole,492042.2586,5451051.03
Other Theft,2017,11,4,14,49,1XX SWITCHMEN ST,Mount Pleasant,492580.0037,5457601.6111
Other Theft,2017,11,14,0,0,1XX SWITCHMEN ST,Mount Pleasant,492580.0037,5457601.6111
Other Theft,2017,11,5,10,20,1XX TERMINAL AVE,Mount Pleasant,492611.3209,5457797.3076
Other Theft,2017,2,1,7,3,1XX TERMINAL AVE,Central Business District,492699.2641,5457805.8817
Other Theft,2017,8,14,19,0,1XX TERMINAL AVE,Central Business District,492699.2641,5457805.8817
Other Theft,2017,9,20,4,0,1XX TERMINAL AVE,Central Business District,492699.2641,5457805.8817
Other Theft,2017,6,18,16,49,1XX TERMINAL AVE,Central Business District,492712.0211,5457802.9055
Other Theft,2017,11,9,12,3,1XX TERMINAL AVE,Central Business District,492712.0211,5457802.9055
Other Theft,2017,11,17,0,1,1XX W 11TH AVE,Mount Pleasant,492114.111,5456497.0819
Other Theft,2017,8,29,18,30,1XX W 1ST AVE,Mount Pleasant,492066.4326,5457499.038
Other Theft,2017,9,12,16,0,1XX W 1ST AVE,Mount Pleasant,492082.2394,5457519.5451
Other Theft,2017,9,13,1,22,1XX W 1ST AVE,Mount Pleasant,492082.2394,5457519.5451
Other Theft,2017,4,3,20,0,1XX W 1ST AVE,Mount Pleasant,492105.0048,5457497.4609
Other Theft,2017,3,19,17,0,1XX W 1ST AVE,Mount Pleasant,492162.8631,5457495.0953
Other Theft,2017,6,9,23,0,1XX W 1ST AVE,Mount Pleasant,492193.7209,5457493.8336
Other Theft,2017,10,13,19,0,1XX W 1ST AVE,Mount Pleasant,492201.4353,5457493.5182
Other Theft,2017,2,10,10,46,1XX W 1ST AVE,Mount Pleasant,492220.7215,5457492.7297
Other Theft,2017,3,19,10,0,1XX W 1ST AVE,Mount Pleasant,492220.7215,5457492.7297
Other Theft,2017,5,15,0,0,1XX W 20TH AVE,Riley Park,492104.0915,5455562.3173
Other Theft,2017,6,7,20,0,1XX W 20TH AVE,Riley Park,492107.7358,5455562.2052
Other Theft,2017,3,8,16,0,1XX W 21ST AVE,Riley Park,492171.2198,5455462.1152
Other Theft,2017,5,9,9,0,1XX W 22ND AVE,Riley Park,492179.4472,5455361.0757
Other Theft,2017,3,27,7,30,1XX W 2ND AVE,Mount Pleasant,492186.0698,5457402.1218
Other Theft,2017,1,11,17,30,1XX W 2ND AVE,Mount Pleasant,492201.5634,5457392.6219
Other Theft,2017,12,6,5,0,1XX W 2ND AVE,Mount Pleasant,492236.8933,5457391.8159
Other Theft,2017,12,13,23,44,1XX W 3RD AVE,Mount Pleasant,492218.2387,5457297.8153
Other Theft,2017,11,14,2,0,1XX W 48TH AVE,Oakridge,492021.0055,5452673.0075
Other Theft,2017,1,26,18,30,1XX W 49TH AVE,Oakridge,492102.3675,5452559.9667
Other Theft,2017,2,7,16,30,1XX W 49TH AVE,Oakridge,492102.3675,5452559.9667
Other Theft,2017,4,3,10,30,1XX W 49TH AVE,Oakridge,492102.3675,5452559.9667
Other Theft,2017,6,6,13,0,1XX W 49TH AVE,Oakridge,492102.3675,5452559.9667
Other Theft,2017,9,13,8,30,1XX W 49TH AVE,Oakridge,492102.3675,5452559.9667
Other Theft,2017,11,2,17,0,1XX W 49TH AVE,Oakridge,492102.3675,5452559.9667
Other Theft,2017,12,8,17,13,1XX W 49TH AVE,Oakridge,492102.3675,5452559.9667
Other Theft,2017,6,8,11,43,1XX W 5TH AVE,Mount Pleasant,492201.4902,5457096.4195
Other Theft,2017,7,13,13,33,1XX W 6TH AVE,Mount Pleasant,492053.7451,5456996.9607
Other Theft,2017,3,29,19,0,1XX W 7TH AVE,Mount Pleasant,492105.5289,5456895.9795
Other Theft,2017,7,2,9,0,1XX W 8TH AVE,Mount Pleasant,492119.0795,5456786.0916
Other Theft,2017,12,22,11,10,1XX W 8TH AVE,Mount Pleasant,492193.7722,5456783.9246
Other Theft,2017,11,8,23,0,1XX W 8TH AVE,Mount Pleasant,492223.6493,5456783.0578
Other Theft,2017,10,13,18,0,1XX W BROADWAY AVE,Mount Pleasant,492084.7237,5456714.4593
Other Theft,2017,2,17,16,46,1XX W BROADWAY AVE,Mount Pleasant,492165.7798,5456701.8709
Other Theft,2017,3,11,17,50,1XX W BROADWAY AVE,Mount Pleasant,492165.7798,5456701.8709
Other Theft,2017,4,7,21,10,1XX W BROADWAY AVE,Mount Pleasant,492165.7798,5456701.8709
Other Theft,2017,5,3,18,52,1XX W BROADWAY AVE,Mount Pleasant,492165.7798,5456701.8709
Other Theft,2017,5,16,10,1,1XX W BROADWAY AVE,Mount Pleasant,492165.7798,5456701.8709
Other Theft,2017,8,25,15,6,1XX W BROADWAY AVE,Mount Pleasant,492165.7798,5456701.8709
Other Theft,2017,9,3,11,30,1XX W BROADWAY AVE,Mount Pleasant,492165.7798,5456701.8709
Other Theft,2017,11,16,17,0,1XX W BROADWAY AVE,Mount Pleasant,492165.7798,5456701.8709
Other Theft,2017,12,1,20,20,1XX W BROADWAY AVE,Mount Pleasant,492165.7798,5456701.8709
Other Theft,2017,12,6,14,44,1XX W BROADWAY AVE,Mount Pleasant,492165.7798,5456701.8709
Other Theft,2017,2,11,7,30,1XX W BROADWAY AVE,Mount Pleasant,492203.1869,5456709.4374
Other Theft,2017,4,20,12,18,1XX W BROADWAY AVE,Mount Pleasant,492203.1869,5456709.4374
Other Theft,2017,5,7,17,16,1XX W BROADWAY AVE,Mount Pleasant,492203.1869,5456709.4374
Other Theft,2017,6,15,9,40,1XX W BROADWAY AVE,Mount Pleasant,492203.1869,5456709.4374
Other Theft,2017,6,19,16,14,1XX W BROADWAY AVE,Mount Pleasant,492203.1869,5456709.4374
Other Theft,2017,7,22,17,30,1XX W BROADWAY AVE,Mount Pleasant,492203.1869,5456709.4374
Other Theft,2017,12,7,9,57,1XX W BROADWAY AVE,Mount Pleasant,492203.1869,5456709.4374
Other Theft,2017,12,10,7,37,1XX W BROADWAY AVE,Mount Pleasant,492203.1869,5456709.4374
Other Theft,2017,12,13,7,41,1XX W BROADWAY AVE,Mount Pleasant,492203.1869,5456709.4374
Other Theft,2017,12,28,16,50,1XX W BROADWAY AVE,Mount Pleasant,492203.1869,5456709.4374
Other Theft,2017,9,17,14,56,1XX W BROADWAY AVE,Mount Pleasant,492213.9058,5456699.8307
Other Theft,2017,11,21,12,30,1XX W BROADWAY AVE,Mount Pleasant,492217.6075,5456699.6739
Other Theft,2017,1,14,12,2,1XX W CORDOVA ST,Central Business District,492183.8605,5458931.5946
Other Theft,2017,3,10,18,0,1XX W CORDOVA ST,Central Business District,492185.6625,5458931.117
Other Theft,2017,5,13,18,12,1XX W CORDOVA ST,Central Business District,492185.6625,5458931.117
Other Theft,2017,5,25,22,34,1XX W CORDOVA ST,Central Business District,492185.6625,5458931.117
Other Theft,2017,2,19,13,30,1XX W CORDOVA ST,Central Business District,492186.7755,5458921.3619
Other Theft,2017,1,11,15,15,1XX W CORDOVA ST,Central Business District,492195.4167,5458919.0707
Other Theft,2017,4,15,16,0,1XX W CORDOVA ST,Central Business District,492195.4167,5458919.0707
Other Theft,2017,4,20,17,30,1XX W CORDOVA ST,Central Business District,492195.4167,5458919.0707
Other Theft,2017,7,19,20,0,1XX W CORDOVA ST,Central Business District,492195.4167,5458919.0707
Other Theft,2017,12,24,0,0,1XX W CORDOVA ST,Central Business District,492195.4167,5458919.0707
Other Theft,2017,1,15,2,0,1XX W CORDOVA ST,Central Business District,492202.3298,5458917.2378
Other Theft,2017,7,23,2,30,1XX W CORDOVA ST,Central Business District,492202.3298,5458917.2378
Other Theft,2017,7,23,5,0,1XX W CORDOVA ST,Central Business District,492202.3298,5458917.2378
Other Theft,2017,11,26,5,50,1XX W CORDOVA ST,Central Business District,492202.3298,5458917.2378
Other Theft,2017,6,4,18,0,1XX W CORDOVA ST,Central Business District,492219.6123,5458912.6556
Other Theft,2017,8,3,0,53,1XX W CORDOVA ST,Central Business District,492219.6123,5458912.6556
Other Theft,2017,4,18,22,0,1XX W CORDOVA ST,Central Business District,492228.8687,5458919.6614
Other Theft,2017,1,12,12,0,1XX W GEORGIA ST,Central Business District,491773.9448,5458495.4985
Other Theft,2017,1,28,15,30,1XX W GEORGIA ST,Central Business District,491795.0971,5458476.1282
Other Theft,2017,3,11,0,49,1XX W GEORGIA ST,Central Business District,491795.0971,5458476.1282
Other Theft,2017,6,22,16,30,1XX W GEORGIA ST,Central Business District,491795.0971,5458476.1282
Other Theft,2017,10,20,20,6,1XX W GEORGIA ST,Central Business District,491795.0971,5458476.1282
Other Theft,2017,3,12,18,9,1XX W GEORGIA ST,Central Business District,491892.3455,5458408.2861
Other Theft,2017,12,21,14,6,1XX W HASTINGS ST,Central Business District,492086.6642,5458841.3733
Other Theft,2017,5,6,16,49,1XX W HASTINGS ST,Central Business District,492099.6601,5458847.0142
Other Theft,2017,6,6,8,0,1XX W HASTINGS ST,Central Business District,492099.6601,5458847.0142
Other Theft,2017,11,18,16,50,1XX W HASTINGS ST,Central Business District,492099.6601,5458847.0142
Other Theft,2017,11,19,13,15,1XX W HASTINGS ST,Central Business District,492099.6601,5458847.0142
Other Theft,2017,12,27,11,47,1XX W HASTINGS ST,Central Business District,492099.6601,5458847.0142
Other Theft,2017,8,1,23,0,1XX W HASTINGS ST,Central Business District,492100.4815,5458837.2188
Other Theft,2017,11,7,22,40,1XX W HASTINGS ST,Central Business District,492100.4815,5458837.2188
Other Theft,2017,11,8,20,0,1XX W HASTINGS ST,Central Business District,492100.4815,5458837.2188
Other Theft,2017,12,18,22,26,1XX W HASTINGS ST,Central Business District,492100.4815,5458837.2188
Other Theft,2017,4,22,23,30,1XX W HASTINGS ST,Central Business District,492100.4815,5458837.2188
Other Theft,2017,4,25,9,5,1XX W HASTINGS ST,Central Business District,492100.4815,5458837.2188
Other Theft,2017,5,26,0,0,1XX W HASTINGS ST,Central Business District,492100.4815,5458837.2188
Other Theft,2017,7,18,13,15,1XX W HASTINGS ST,Central Business District,492103.1144,5458845.9756
Other Theft,2017,1,2,20,30,1XX W HASTINGS ST,Central Business District,492113.4774,5458842.8597
Other Theft,2017,4,20,11,3,1XX W HASTINGS ST,Central Business District,492116.9317,5458841.821
Other Theft,2017,6,10,13,0,1XX W HASTINGS ST,Central Business District,492116.9317,5458841.821
Other Theft,2017,8,21,17,27,1XX W HASTINGS ST,Central Business District,492116.9317,5458841.821
Other Theft,2017,11,29,18,0,1XX W HASTINGS ST,Central Business District,492116.9317,5458841.821
Other Theft,2017,11,23,9,52,1XX W HASTINGS ST,Central Business District,492121.2074,5458830.987
Other Theft,2017,2,28,10,34,1XX W HASTINGS ST,Central Business District,492134.2033,5458836.6279
Other Theft,2017,5,3,19,51,1XX W HASTINGS ST,Central Business District,492134.2033,5458836.6279
Other Theft,2017,5,11,20,40,1XX W HASTINGS ST,Central Business District,492134.2033,5458836.6279
Other Theft,2017,5,12,14,38,1XX W HASTINGS ST,Central Business District,492134.2033,5458836.6279
Other Theft,2017,8,29,15,46,1XX W HASTINGS ST,Central Business District,492134.2033,5458836.6279
Other Theft,2017,11,18,11,30,1XX W HASTINGS ST,Central Business District,492134.2033,5458836.6279
Other Theft,2017,6,6,17,51,1XX W HASTINGS ST,Central Business District,492138.4789,5458825.7939
Other Theft,2017,9,1,9,50,1XX W HASTINGS ST,Central Business District,492145.3875,5458823.7166
Other Theft,2017,6,2,20,40,1XX W HASTINGS ST,Central Business District,492148.0205,5458832.4733
Other Theft,2017,6,25,16,35,1XX W HASTINGS ST,Central Business District,492148.0205,5458832.4733
Other Theft,2017,6,27,20,5,1XX W HASTINGS ST,Central Business District,492148.0205,5458832.4733
Other Theft,2017,2,13,14,26,1XX W HASTINGS ST,Central Business District,492159.2048,5458819.5621
Other Theft,2017,8,12,0,0,1XX W HASTINGS ST,Central Business District,492162.6591,5458818.5234
Other Theft,2017,1,31,14,56,1XX W HASTINGS ST,Central Business District,492166.1134,5458817.4848
Other Theft,2017,2,7,18,5,1XX W HASTINGS ST,Central Business District,492166.1134,5458817.4848
Other Theft,2017,11,18,18,35,1XX W HASTINGS ST,Central Business District,492166.1134,5458817.4848
Other Theft,2017,2,24,14,0,1XX W HASTINGS ST,Central Business District,492176.4764,5458814.3689
Other Theft,2017,1,12,12,28,1XX W HASTINGS ST,Central Business District,492182.5636,5458822.087
Other Theft,2017,7,10,7,32,1XX W HASTINGS ST,Central Business District,492182.5636,5458822.087
Other Theft,2017,3,7,16,38,1XX W HASTINGS ST,Central Business District,492190.2936,5458810.2144
Other Theft,2017,5,12,13,8,1XX W HASTINGS ST,Central Business District,492193.7479,5458809.1757
Other Theft,2017,11,10,16,29,1XX W HASTINGS ST,Central Business District,492193.7479,5458809.1757
Other Theft,2017,3,13,0,0,1XX W HASTINGS ST,Central Business District,492197.2022,5458808.1371
Other Theft,2017,5,5,16,30,1XX W HASTINGS ST,Central Business District,492197.2022,5458808.1371
Other Theft,2017,7,6,15,0,1XX W HASTINGS ST,Central Business District,492197.2022,5458808.1371
Other Theft,2017,7,13,21,19,1XX W HASTINGS ST,Central Business District,492197.2022,5458808.1371
Other Theft,2017,9,4,13,20,1XX W HASTINGS ST,Central Business District,492197.2022,5458808.1371
Other Theft,2017,9,8,12,57,1XX W HASTINGS ST,Central Business District,492197.2022,5458808.1371
Other Theft,2017,9,9,12,7,1XX W HASTINGS ST,Central Business District,492197.2022,5458808.1371
Other Theft,2017,11,20,8,0,1XX W HASTINGS ST,Central Business District,492197.2022,5458808.1371
Other Theft,2017,2,16,13,10,1XX W PENDER ST,Central Business District,492112.5032,5458719.2341
Other Theft,2017,7,31,0,0,1XX W PENDER ST,Central Business District,492053.6979,5458745.2403
Other Theft,2017,4,6,1,0,1XX W PENDER ST,Central Business District,492127.7227,5458724.5705
Other Theft,2017,4,7,20,0,1XX W PENDER ST,Central Business District,492127.7227,5458724.5705
Other Theft,2017,10,28,8,0,1XX W PENDER ST,Central Business District,492127.7227,5458724.5705
Other Theft,2017,10,21,20,7,1XX W PENDER ST,Central Business District,492140.5421,5458721.0835
Other Theft,2017,7,11,10,0,1XX W PENDER ST,Central Business District,492155.2347,5458707.6107
Other Theft,2017,8,1,20,35,1XX W PENDER ST,Central Business District,492155.2347,5458707.6107
Other Theft,2017,8,15,13,58,1XX W PENDER ST,Central Business District,492155.2347,5458707.6107
Other Theft,2017,9,25,0,35,1XX W PENDER ST,Central Business District,492155.2347,5458707.6107
Other Theft,2017,10,25,15,45,1XX W PENDER ST,Central Business District,492155.2347,5458707.6107
Other Theft,2017,3,10,15,16,1XX W PENDER ST,Central Business District,492155.2347,5458707.6107
Other Theft,2017,3,12,1,0,1XX W PENDER ST,Central Business District,492155.2347,5458707.6107
Other Theft,2017,5,20,14,0,1XX W WATERFRONT RD,Central Business District,492349.7596,5459148.8594
Other Theft,2017,1,1,12,0,1XX WALTER HARDWICK AVE,Mount Pleasant,492105.9069,5457588.3476
Other Theft,2017,4,3,14,11,1XX WALTER HARDWICK AVE,Mount Pleasant,492194.3346,5457576.7743
Other Theft,2017,2,10,8,0,1XX WATER ST,Central Business District,492175.4091,5459048.5507
Other Theft,2017,3,6,13,30,1XX WATER ST,Central Business District,492175.4091,5459048.5507
Other Theft,2017,4,17,6,45,1XX WATER ST,Central Business District,492175.4091,5459048.5507
Other Theft,2017,4,24,12,37,1XX WATER ST,Central Business District,492175.4091,5459048.5507
Other Theft,2017,5,7,17,54,1XX WATER ST,Central Business District,492175.4091,5459048.5507
Other Theft,2017,5,16,7,33,1XX WATER ST,Central Business District,492175.4091,5459048.5507
Other Theft,2017,5,18,16,23,1XX WATER ST,Central Business District,492175.4091,5459048.5507
Other Theft,2017,5,19,18,0,1XX WATER ST,Central Business District,492175.4091,5459048.5507
Other Theft,2017,5,22,19,9,1XX WATER ST,Central Business District,492175.4091,5459048.5507
Other Theft,2017,5,31,20,35,1XX WATER ST,Central Business District,492175.4091,5459048.5507
Other Theft,2017,6,1,14,15,1XX WATER ST,Central Business District,492175.4091,5459048.5507
Other Theft,2017,6,5,7,9,1XX WATER ST,Central Business District,492175.4091,5459048.5507
Other Theft,2017,6,7,8,27,1XX WATER ST,Central Business District,492175.4091,5459048.5507
Other Theft,2017,6,9,11,15,1XX WATER ST,Central Business District,492175.4091,5459048.5507
Other Theft,2017,6,17,8,29,1XX WATER ST,Central Business District,492175.4091,5459048.5507
Other Theft,2017,7,6,6,19,1XX WATER ST,Central Business District,492175.4091,5459048.5507
Other Theft,2017,7,7,20,33,1XX WATER ST,Central Business District,492175.4091,5459048.5507
Other Theft,2017,8,20,17,20,1XX WATER ST,Central Business District,492175.4091,5459048.5507
Other Theft,2017,9,1,12,26,1XX WATER ST,Central Business District,492175.4091,5459048.5507
Other Theft,2017,9,6,10,43,1XX WATER ST,Central Business District,492175.4091,5459048.5507
Other Theft,2017,9,15,14,0,1XX WATER ST,Central Business District,492175.4091,5459048.5507
Other Theft,2017,10,27,7,42,1XX WATER ST,Central Business District,492175.4091,5459048.5507
Other Theft,2017,11,10,9,57,1XX WATER ST,Central Business District,492175.4091,5459048.5507
Other Theft,2017,11,24,10,5,1XX WATER ST,Central Business District,492175.4091,5459048.5507
Other Theft,2017,12,28,10,29,1XX WATER ST,Central Business District,492175.4091,5459048.5507
Other Theft,2017,12,29,8,33,1XX WATER ST,Central Business District,492175.4091,5459048.5507
Other Theft,2017,6,22,17,27,1XX WATER ST,Central Business District,492198.6918,5459042.333
Other Theft,2017,4,22,10,54,1XX WATER ST,Central Business District,492208.6701,5459039.6682
Other Theft,2017,9,15,14,44,1XX WATER ST,Central Business District,492215.3223,5459037.8917
Other Theft,2017,5,23,16,36,1XX WATER ST,Central Business District,492219.6153,5459027.2808
Other Theft,2017,8,12,20,0,1XX WATER ST,Central Business District,492231.9528,5459033.4505
Other Theft,2017,9,12,16,55,1XX WATER ST,Central Business District,492231.9528,5459033.4505
Other Theft,2017,2,10,17,0,1XX WATER ST,Central Business District,492231.9528,5459033.4505
Other Theft,2017,5,9,10,22,1XX WATER ST,Central Business District,492231.9528,5459033.4505
Other Theft,2017,5,18,10,21,1XX WATER ST,Central Business District,492231.9528,5459033.4505
Other Theft,2017,6,16,9,0,1XX WATER ST,Central Business District,492231.9528,5459033.4505
Other Theft,2017,7,27,12,0,1XX WATER ST,Central Business District,492236.2458,5459022.8396
Other Theft,2017,8,11,13,35,1XX WATER ST,Central Business District,492236.2458,5459022.8396
Other Theft,2017,8,22,14,41,1XX WATER ST,Central Business District,492236.2458,5459022.8396
Other Theft,2017,8,24,17,19,1XX WATER ST,Central Business District,492236.2458,5459022.8396
Other Theft,2017,9,29,20,7,1XX WATER ST,Central Business District,492236.2458,5459022.8396
Other Theft,2017,11,8,17,45,1XX WATER ST,Central Business District,492236.2458,5459022.8396
Other Theft,2017,12,13,18,45,1XX WATER ST,Central Business District,492236.2458,5459022.8396
Other Theft,2017,3,9,13,50,1XX WATER ST,Central Business District,492236.2458,5459022.8396
Other Theft,2017,11,26,14,47,1XX WATER ST,Central Business District,492237.9088,5459022.3955
Other Theft,2017,7,17,14,15,1XX WATER ST,Central Business District,492240.2681,5459031.2299
Other Theft,2017,1,26,14,17,1XX WATER ST,Central Business District,492244.5611,5459020.619
Other Theft,2017,4,27,19,20,1XX WATER ST,Central Business District,492244.5611,5459020.619
Other Theft,2017,6,20,4,30,1XX WATER ST,Central Business District,492244.5611,5459020.619
Other Theft,2017,3,19,16,38,1XX WATER ST,Central Business District,492248.5834,5459029.0093
Other Theft,2017,3,23,16,14,1XX WATER ST,Central Business District,492248.5834,5459029.0093
Other Theft,2017,3,31,13,50,1XX WATER ST,Central Business District,492248.5834,5459029.0093
Other Theft,2017,9,12,18,1,1XX WATER ST,Central Business District,492248.5834,5459029.0093
Other Theft,2017,10,10,17,54,1XX WATER ST,Central Business District,492248.5834,5459029.0093
Other Theft,2017,8,16,5,1,1XX WATER ST,Central Business District,492251.0364,5459018.8895
Other Theft,2017,9,23,20,56,1XX WATER ST,Central Business District,492252.8763,5459018.3984
Other Theft,2017,2,1,23,57,1XX WATER ST,Central Business District,492254.5394,5459017.9543
Other Theft,2017,9,28,14,35,20XX ADANAC ST,Grandview-Woodland,495428.3017,5458302.1163
Other Theft,2017,1,23,8,55,20XX ALMA ST,West Point Grey,486484.4111,5457255.4503
Other Theft,2017,3,12,14,21,20XX ALMA ST,West Point Grey,486484.4111,5457255.4503
Other Theft,2017,3,28,13,47,20XX ALMA ST,West Point Grey,486484.4111,5457255.4503
Other Theft,2017,5,19,18,30,20XX ALMA ST,West Point Grey,486484.4111,5457255.4503
Other Theft,2017,7,4,18,50,20XX ALMA ST,West Point Grey,486484.4111,5457255.4503
Other Theft,2017,7,17,21,1,20XX ALMA ST,West Point Grey,486484.4111,5457255.4503
Other Theft,2017,9,30,16,34,20XX ALMA ST,West Point Grey,486484.4111,5457255.4503
Other Theft,2017,10,18,17,36,20XX ALMA ST,West Point Grey,486484.4111,5457255.4503
Other Theft,2017,10,19,16,41,20XX ALMA ST,West Point Grey,486484.4111,5457255.4503
Other Theft,2017,10,19,20,2,20XX ALMA ST,West Point Grey,486484.4111,5457255.4503
Other Theft,2017,10,22,15,5,20XX ALMA ST,West Point Grey,486484.4111,5457255.4503
Other Theft,2017,12,9,14,56,20XX ALMA ST,West Point Grey,486484.4111,5457255.4503
Other Theft,2017,12,20,16,18,20XX ALMA ST,West Point Grey,486484.4111,5457255.4503
Other Theft,2017,1,26,18,40,20XX ALMA ST,West Point Grey,486484.4547,5457256.7299
Other Theft,2017,8,8,1,30,20XX ALMA ST,Kitsilano,486494.9042,5457295.2348
Other Theft,2017,8,4,0,30,20XX ALMA ST,Kitsilano,486495.4582,5457311.6366
Other Theft,2017,10,29,19,9,20XX BALSAM ST,Kitsilano,488371.8593,5457201.0793
Other Theft,2017,8,11,9,30,20XX BEACH AVE,Stanley Park,489350.0146,5459785.3194
Other Theft,2017,10,10,17,40,20XX BEACH AVE,West End,489508.0351,5459654.8288
Other Theft,2017,10,18,13,46,20XX CHARLES ST,Grandview-Woodland,495395.3054,5457801.0253
Other Theft,2017,4,17,19,4,20XX DUNDAS ST,Grandview-Woodland,495487.7694,5459122.9336
Other Theft,2017,8,12,15,36,20XX DUNDAS ST,Grandview-Woodland,495487.7694,5459122.9336
Other Theft,2017,2,9,6,5,20XX DUNDAS ST,Grandview-Woodland,495495.8727,5459122.8777
Other Theft,2017,2,14,15,33,20XX DUNDAS ST,Grandview-Woodland,495495.8727,5459122.8777
Other Theft,2017,6,14,7,2,20XX DUNDAS ST,Grandview-Woodland,495495.8727,5459122.8777
Other Theft,2017,6,9,16,0,20XX E 12TH AVE,Kensington-Cedar Cottage,495437.0315,5456313.0165
Other Theft,2017,7,16,19,0,20XX E 12TH AVE,Kensington-Cedar Cottage,495449.4884,5456312.976
Other Theft,2017,11,22,4,30,20XX E 28TH AVE,Kensington-Cedar Cottage,495312.8652,5454778.8783
Other Theft,2017,11,1,11,22,20XX E 2ND AVE,Grandview-Woodland,495401.8914,5457318.12
Other Theft,2017,12,6,15,0,20XX E 35TH AVE,Kensington-Cedar Cottage,495280.3519,5453933.6162
Other Theft,2017,3,23,17,0,20XX E 35TH AVE,Kensington-Cedar Cottage,495293.1486,5453924.0952
Other Theft,2017,1,16,17,0,20XX E 61ST AVE,Victoria-Fraserview,495241.4503,5451307.6079
Other Theft,2017,9,12,15,15,20XX E 7TH AVE,Grandview-Woodland,495401.9026,5456816.9855
Other Theft,2017,11,1,0,0,20XX E 7TH AVE,Grandview-Woodland,495458.1425,5456816.6164
Other Theft,2017,11,18,19,0,20XX E 8TH AVE,Grandview-Woodland,495466.5274,5456713.8894
Other Theft,2017,2,4,7,1,20XX E HASTINGS ST,Grandview-Woodland,495387.0442,5458721.4985
Other Theft,2017,5,9,19,13,20XX E HASTINGS ST,Grandview-Woodland,495449.5038,5458720.7064
Other Theft,2017,12,2,20,54,20XX E HASTINGS ST,Grandview-Woodland,495492.838,5458711.012
Other Theft,2017,1,29,7,36,20XX E HASTINGS ST,Grandview-Woodland,495500.9849,5458710.9087
Other Theft,2017,2,12,9,35,20XX E HASTINGS ST,Grandview-Woodland,495500.9849,5458710.9087
Other Theft,2017,2,19,8,23,20XX E HASTINGS ST,Grandview-Woodland,495500.9849,5458710.9087
Other Theft,2017,3,20,13,43,20XX E HASTINGS ST,Grandview-Woodland,495500.9849,5458710.9087
Other Theft,2017,4,22,20,0,20XX E HASTINGS ST,Grandview-Woodland,495500.9849,5458710.9087
Other Theft,2017,5,22,3,14,20XX E HASTINGS ST,Grandview-Woodland,495500.9849,5458710.9087
Other Theft,2017,7,5,2,43,20XX E HASTINGS ST,Grandview-Woodland,495500.9849,5458710.9087
Other Theft,2017,3,8,15,13,20XX E HASTINGS ST,Grandview-Woodland,495500.9849,5458710.9087
Other Theft,2017,4,17,20,12,20XX E HASTINGS ST,Grandview-Woodland,495500.9849,5458710.9087
Other Theft,2017,5,7,11,54,20XX E HASTINGS ST,Grandview-Woodland,495500.9849,5458710.9087
Other Theft,2017,6,6,1,29,20XX E HASTINGS ST,Grandview-Woodland,495500.9849,5458710.9087
Other Theft,2017,6,17,22,26,20XX E HASTINGS ST,Grandview-Woodland,495500.9849,5458710.9087
Other Theft,2017,6,29,7,22,20XX E HASTINGS ST,Grandview-Woodland,495500.9849,5458710.9087
Other Theft,2017,7,21,10,19,20XX E HASTINGS ST,Grandview-Woodland,495500.9849,5458710.9087
Other Theft,2017,7,23,16,43,20XX E HASTINGS ST,Grandview-Woodland,495500.9849,5458710.9087
Other Theft,2017,8,20,20,58,20XX E HASTINGS ST,Grandview-Woodland,495500.9849,5458710.9087
Other Theft,2017,8,22,12,4,20XX E HASTINGS ST,Grandview-Woodland,495500.9849,5458710.9087
Other Theft,2017,8,30,5,44,20XX E HASTINGS ST,Grandview-Woodland,495500.9849,5458710.9087
Other Theft,2017,9,7,4,30,20XX E HASTINGS ST,Grandview-Woodland,495500.9849,5458710.9087
Other Theft,2017,9,7,18,0,20XX E HASTINGS ST,Grandview-Woodland,495500.9849,5458710.9087
Other Theft,2017,9,17,11,30,20XX E HASTINGS ST,Grandview-Woodland,495500.9849,5458710.9087
Other Theft,2017,9,27,20,28,20XX E HASTINGS ST,Grandview-Woodland,495500.9849,5458710.9087
Other Theft,2017,9,29,11,46,20XX E HASTINGS ST,Grandview-Woodland,495500.9849,5458710.9087
Other Theft,2017,10,23,15,9,20XX E HASTINGS ST,Grandview-Woodland,495500.9849,5458710.9087
Other Theft,2017,10,29,23,54,20XX E HASTINGS ST,Grandview-Woodland,495500.9849,5458710.9087
Other Theft,2017,12,8,11,44,20XX E HASTINGS ST,Grandview-Woodland,495500.9849,5458710.9087
Other Theft,2017,12,15,19,26,20XX E HASTINGS ST,Grandview-Woodland,495500.9849,5458710.9087
Other Theft,2017,12,27,10,25,20XX E HASTINGS ST,Grandview-Woodland,495500.9849,5458710.9087
Other Theft,2017,1,29,22,0,20XX E PENDER ST,Grandview-Woodland,495406.9367,5458615.916
Other Theft,2017,12,31,22,0,20XX E PENDER ST,Grandview-Woodland,495482.7185,5458606.5722
Other Theft,2017,4,7,0,0,20XX FRANKLIN ST,Grandview-Woodland,495389.5948,5458815.9469
Other Theft,2017,11,5,18,0,20XX FRASERVIEW DR,Victoria-Fraserview,495297.2599,5451001.8119
Other Theft,2017,6,17,17,0,20XX GRANT ST,Grandview-Woodland,495425.1336,5457609.1903
Other Theft,2017,3,6,19,0,20XX KINGSWAY AVE,Kensington-Cedar Cottage,495262.1587,5454711.4299
Other Theft,2017,10,17,13,15,20XX KINGSWAY AVE,Kensington-Cedar Cottage,495262.1587,5454711.4299
Other Theft,2017,8,18,2,30,20XX KINGSWAY AVE,Kensington-Cedar Cottage,495281.809,5454697.7236
Other Theft,2017,12,3,18,50,20XX KINGSWAY AVE,Kensington-Cedar Cottage,495281.809,5454697.7236
Other Theft,2017,12,7,12,55,20XX KINGSWAY AVE,Kensington-Cedar Cottage,495334.8648,5454660.7167
Other Theft,2017,12,7,21,3,20XX NANTON AVE,Arbutus Ridge,489074.9567,5454996.4447
Other Theft,2017,10,1,0,0,20XX NELSON ST,West End,489641.091,5459916.7666
Other Theft,2017,9,8,11,30,20XX VICTORIA DR,Grandview-Woodland,495215.8495,5457102.3395
Other Theft,2017,1,30,19,41,20XX W 1ST AVE,Kitsilano,488961.286,5457562.9665
Other Theft,2017,6,8,7,1,20XX W 2ND AVE,Kitsilano,489018.0015,5457472.6187
Other Theft,2017,5,4,12,0,20XX W 33RD AVE,Arbutus Ridge,488849.8951,5454386.6146
Other Theft,2017,5,16,18,51,20XX W 41ST AVE,Shaughnessy,488731.6235,5453549.0657
Other Theft,2017,6,20,3,22,20XX W 41ST AVE,Shaughnessy,488731.6235,5453549.0657
Other Theft,2017,7,19,16,45,20XX W 41ST AVE,Shaughnessy,488731.6235,5453549.0657
Other Theft,2017,7,28,18,33,20XX W 41ST AVE,Shaughnessy,488731.6235,5453549.0657
Other Theft,2017,9,26,0,0,20XX W 41ST AVE,Shaughnessy,488731.6235,5453549.0657
Other Theft,2017,2,10,10,20,20XX W 41ST AVE,Kerrisdale,488768.0602,5453538.9426
Other Theft,2017,3,30,15,26,20XX W 41ST AVE,Shaughnessy,488792.7593,5453547.4284
Other Theft,2017,1,5,17,39,20XX W 41ST AVE,Kerrisdale,488804.7417,5453537.9602
Other Theft,2017,4,18,18,57,20XX W 41ST AVE,Kerrisdale,488804.7417,5453537.9602
Other Theft,2017,4,29,18,24,20XX W 41ST AVE,Kerrisdale,488804.7417,5453537.9602
Other Theft,2017,5,14,11,25,20XX W 41ST AVE,Kerrisdale,488804.7417,5453537.9602
Other Theft,2017,7,9,12,39,20XX W 41ST AVE,Kerrisdale,488804.7417,5453537.9602
Other Theft,2017,12,2,11,38,20XX W 41ST AVE,Shaughnessy,488866.1224,5453545.4636
Other Theft,2017,3,15,20,45,20XX W 42ND AVE,Kerrisdale,488732.6729,5453440.3558
Other Theft,2017,4,10,19,51,20XX W 42ND AVE,Kerrisdale,488732.6729,5453440.3558
Other Theft,2017,5,11,10,30,20XX W 42ND AVE,Kerrisdale,488732.6729,5453440.3558
Other Theft,2017,6,19,13,19,20XX W 42ND AVE,Kerrisdale,488732.6729,5453440.3558
Other Theft,2017,9,15,11,2,20XX W 42ND AVE,Kerrisdale,488732.6729,5453440.3558
Other Theft,2017,11,16,10,45,20XX W 42ND AVE,Kerrisdale,488732.6729,5453440.3558
Other Theft,2017,12,12,11,15,20XX W 42ND AVE,Kerrisdale,488732.6729,5453440.3558
Other Theft,2017,12,19,16,4,20XX W 42ND AVE,Kerrisdale,488732.6729,5453440.3558
Other Theft,2017,7,2,13,30,20XX W 4TH AVE,Kitsilano,488917.7905,5457276.7817
Other Theft,2017,12,15,17,43,20XX W 4TH AVE,Kitsilano,488921.1177,5457276.7004
Other Theft,2017,5,31,7,36,20XX W 4TH AVE,Kitsilano,488957.7172,5457275.8058
Other Theft,2017,7,6,16,56,20XX W 4TH AVE,Kitsilano,488990.9894,5457274.9926
Other Theft,2017,8,25,12,0,20XX W 4TH AVE,Kitsilano,489014.28,5457274.4233
Other Theft,2017,6,18,1,40,20XX W 4TH AVE,Kitsilano,489024.0382,5457265.0381
Other Theft,2017,10,29,1,0,20XX W 4TH AVE,Kitsilano,489024.0382,5457265.0381
Other Theft,2017,5,18,13,25,20XX W 4TH AVE,Kitsilano,489037.3471,5457264.7128
Other Theft,2017,5,13,18,11,20XX W 53RD AVE,Kerrisdale,488836.9433,5452233.2547
Other Theft,2017,4,24,16,43,20XX W 57TH AVE,Kerrisdale,488853.9926,5451877.5314
Other Theft,2017,8,24,7,30,20XX W 5TH AVE,Kitsilano,489018.1776,5457168.8244
Other Theft,2017,11,8,22,0,20XX W 6TH AVE,Kitsilano,488909.6163,5457087.1147
Other Theft,2017,2,5,13,46,20XX W BROADWAY AVE,Kitsilano,488881.5938,5456799.7988
Other Theft,2017,2,6,14,9,20XX W BROADWAY AVE,Kitsilano,488881.5938,5456799.7988
Other Theft,2017,2,17,16,47,20XX W BROADWAY AVE,Kitsilano,488894.7179,5456790.2995
Other Theft,2017,5,18,10,5,20XX W BROADWAY AVE,Kitsilano,488894.7179,5456790.2995
Other Theft,2017,5,23,13,30,20XX W BROADWAY AVE,Kitsilano,488894.7179,5456790.2995
Other Theft,2017,6,19,19,30,20XX W BROADWAY AVE,Kitsilano,488894.7179,5456790.2995
Other Theft,2017,10,18,19,34,20XX W BROADWAY AVE,Kitsilano,488894.7179,5456790.2995
Other Theft,2017,11,18,14,53,20XX W BROADWAY AVE,Kitsilano,488894.7179,5456790.2995
Other Theft,2017,12,4,14,48,20XX W BROADWAY AVE,Kitsilano,488894.7179,5456790.2995
Other Theft,2017,12,12,8,43,20XX W BROADWAY AVE,Kitsilano,488894.7179,5456790.2995
Other Theft,2017,12,18,22,0,20XX W BROADWAY AVE,Kitsilano,488894.7179,5456790.2995
Other Theft,2017,12,20,17,25,20XX W BROADWAY AVE,Kitsilano,488894.7179,5456790.2995
Other Theft,2017,12,22,19,7,20XX W BROADWAY AVE,Kitsilano,488894.7179,5456790.2995
Other Theft,2017,11,14,11,54,20XX W BROADWAY AVE,Kitsilano,489008.3563,5456787.2508
Other Theft,2017,8,27,19,0,20XX WALL ST,Grandview-Woodland,495504.9524,5459265.4061
Other Theft,2017,8,3,15,47,20XX YUKON ST,Mount Pleasant,491794.9388,5457165.9807
Other Theft,2017,1,30,19,0,20XX YUKON ST,Mount Pleasant,491802.5353,5457113.8383
Other Theft,2017,3,4,15,30,20XX YUKON ST,Mount Pleasant,491802.5353,5457113.8383
Other Theft,2017,7,31,20,0,20XX YUKON ST,Mount Pleasant,491802.5353,5457113.8383
Other Theft,2017,10,16,2,30,20XX YUKON ST,Mount Pleasant,491802.5353,5457113.8383
Other Theft,2017,1,6,10,7,21XX ALBERTA ST,Mount Pleasant,491933.5311,5457084.5443
Other Theft,2017,4,11,22,8,21XX ALBERTA ST,Mount Pleasant,491942.1508,5457059.3952
Other Theft,2017,4,16,20,0,21XX ALBERTA ST,Mount Pleasant,491942.1508,5457059.3952
Other Theft,2017,7,12,20,0,21XX CAMBIE ST,Mount Pleasant,491665.6823,5457087.35
Other Theft,2017,7,9,12,42,21XX COMMERCIAL DR,Grandview-Woodland,494931.9917,5457002.6023
Other Theft,2017,10,15,19,0,21XX CYPRESS ST,Kitsilano,489226.3057,5457136.1819
Other Theft,2017,4,21,3,0,21XX DUNDAS ST,Grandview-Woodland,495533.8053,5459113.6396
Other Theft,2017,8,18,18,0,21XX DUNDAS ST,Grandview-Woodland,495624.2787,5459123.1898
Other Theft,2017,8,30,0,0,21XX E 19TH AVE,Kensington-Cedar Cottage,495502.1574,5455582.5058
Other Theft,2017,11,4,21,30,21XX E 1ST AVE,Grandview-Woodland,495558.3342,5457415.4153
Other Theft,2017,9,23,11,0,21XX E 2ND AVE,Grandview-Woodland,495563.2658,5457325.0095
Other Theft,2017,7,30,19,36,21XX E 33RD AVE,Kensington-Cedar Cottage,495555.5118,5454118.8481
Other Theft,2017,9,27,12,0,21XX E 42ND AVE,Victoria-Fraserview,495374.4366,5453259.8092
Other Theft,2017,11,8,1,50,21XX E 44TH AVE,Victoria-Fraserview,495447.0904,5453067.203
Other Theft,2017,7,24,16,38,21XX E 49TH AVE,Victoria-Fraserview,495358.1037,5452490.1779
Other Theft,2017,5,9,18,0,21XX E 4TH AVE,Grandview-Woodland,495544.2182,5457106.9859
Other Theft,2017,12,10,16,0,21XX E 4TH AVE,Grandview-Woodland,495544.2182,5457106.9859
Other Theft,2017,3,30,17,0,21XX E 52ND AVE,Victoria-Fraserview,495400.85,5452163.9248
Other Theft,2017,11,21,18,15,21XX E 5TH AVE,Grandview-Woodland,495524.6416,5457014.8955
Other Theft,2017,1,15,16,24,21XX E HASTINGS ST,Grandview-Woodland,495600.8622,5458719.693
Other Theft,2017,4,3,12,0,21XX E PENDER ST,Grandview-Woodland,495591.2393,5458606.2309
Other Theft,2017,5,1,11,0,21XX EDDINGTON DR,Arbutus Ridge,488690.9233,5454925.2917
Other Theft,2017,5,6,17,0,21XX EDDINGTON DR,Arbutus Ridge,488690.9233,5454925.2917
Other Theft,2017,10,31,0,40,21XX FRANKLIN ST,Grandview-Woodland,495582.5725,5458822.1265
Other Theft,2017,7,23,17,45,21XX GRANDVIEW HWY N,Kensington-Cedar Cottage,495499.5815,5456418.3121
Other Theft,2017,9,11,15,24,21XX GRANDVIEW HWY N,Kensington-Cedar Cottage,495499.5815,5456418.3121
Other Theft,2017,6,28,2,20,21XX GRANDVIEW HWY S,Kensington-Cedar Cottage,495503.4836,5456302.165
Other Theft,2017,7,5,23,0,21XX GRANDVIEW HWY S,Kensington-Cedar Cottage,495503.4836,5456302.165
Other Theft,2017,10,4,13,2,21XX GRANDVIEW HWY S,Kensington-Cedar Cottage,495503.4836,5456302.165
Other Theft,2017,9,28,19,15,21XX KINGSWAY AVE,Kensington-Cedar Cottage,495401.3851,5454601.4945
Other Theft,2017,6,23,16,18,21XX MAIN ST,Mount Pleasant,492656.8106,5457066.2262
Other Theft,2017,3,15,13,0,21XX MAIN ST,Mount Pleasant,492673.5906,5456986.7404
Other Theft,2017,12,17,19,30,21XX MAIN ST,Mount Pleasant,492674.7762,5457027.2343
Other Theft,2017,2,27,8,25,21XX MAIN ST,Mount Pleasant,492675.9616,5457067.7285
Other Theft,2017,6,30,18,3,21XX MAIN ST,Mount Pleasant,492676.1305,5457073.5134
Other Theft,2017,12,14,8,41,21XX NAPIER ST,Grandview-Woodland,495635.8106,5458011.4861
Other Theft,2017,9,15,21,0,21XX PANDORA ST,Grandview-Woodland,495563.3592,5458925.4883
Other Theft,2017,6,4,23,30,21XX SALAL DR,Kitsilano,488732.3745,5456542.8905
Other Theft,2017,10,3,12,0,21XX SCARBORO AVE,Victoria-Fraserview,495402.6878,5451194.0575
Other Theft,2017,2,25,17,0,21XX STANLEY PARK DR,Stanley Park,491433.2538,5460813.096
Other Theft,2017,10,14,10,25,21XX TRIUMPH ST,Grandview-Woodland,495593.6754,5459024.5228
Other Theft,2017,9,19,0,1,21XX TRUTCH ST,Kitsilano,487213.4261,5457161.2246
Other Theft,2017,1,1,9,0,21XX W 12TH AVE,Kitsilano,488759.5521,5456489.1914
Other Theft,2017,7,1,0,0,21XX W 12TH AVE,Kitsilano,488765.9269,5456479.8978
Other Theft,2017,4,25,13,56,21XX W 12TH AVE,Kitsilano,488844.9579,5456478.0732
Other Theft,2017,1,28,13,0,21XX W 2ND AVE,Kitsilano,488853.0283,5457467.7581
Other Theft,2017,6,21,8,0,21XX W 34TH AVE,Arbutus Ridge,488588.7098,5454288.783
Other Theft,2017,7,31,12,26,21XX W 34TH AVE,Arbutus Ridge,488588.7098,5454288.783
Other Theft,2017,4,10,18,9,21XX W 37TH AVE,Arbutus Ridge,488495.5784,5453958.6149
Other Theft,2017,11,17,0,0,21XX W 39TH AVE,Arbutus Ridge,488485.3115,5453751.3038
Other Theft,2017,6,19,5,0,21XX W 3RD AVE,Kitsilano,488761.2849,5457381.4086
Other Theft,2017,8,18,16,41,21XX W 3RD AVE,Kitsilano,488833.7652,5457370.5425
Other Theft,2017,8,18,16,20,21XX W 3RD AVE,Kitsilano,488883.3314,5457369.3667
Other Theft,2017,11,16,14,30,21XX W 40TH AVE,Arbutus Ridge,488613.8672,5453651.2909
Other Theft,2017,4,8,18,15,21XX W 41ST AVE,Arbutus Ridge,488546.3437,5453553.5415
Other Theft,2017,8,17,22,30,21XX W 41ST AVE,Arbutus Ridge,488552.4803,5453553.3773
Other Theft,2017,7,1,11,47,21XX W 41ST AVE,Kerrisdale,488574.6165,5453543.638
Other Theft,2017,2,17,19,15,21XX W 41ST AVE,Arbutus Ridge,488607.71,5453551.9001
Other Theft,2017,4,7,15,20,21XX W 41ST AVE,Arbutus Ridge,488610.7784,5453551.818
Other Theft,2017,4,9,12,53,21XX W 41ST AVE,Arbutus Ridge,488610.7784,5453551.818
Other Theft,2017,6,3,10,23,21XX W 41ST AVE,Arbutus Ridge,488610.7784,5453551.818
Other Theft,2017,11,6,17,0,21XX W 41ST AVE,Arbutus Ridge,488635.3249,5453551.1614
Other Theft,2017,6,6,13,15,21XX W 42ND AVE,Kerrisdale,488622.6369,5453431.6141
Other Theft,2017,1,21,10,0,21XX W 42ND AVE,Kerrisdale,488643.3665,5453430.7457
Other Theft,2017,12,15,20,51,21XX W 42ND AVE,Kerrisdale,488668.242,5453429.7036
Other Theft,2017,2,13,19,9,21XX W 45TH AVE,Kerrisdale,488463.0497,5453142.0972
Other Theft,2017,10,24,14,11,21XX W 48TH AVE,Kerrisdale,488476.5151,5452826.2073
Other Theft,2017,6,26,16,28,21XX W 4TH AVE,Kitsilano,488718.6636,5457272.5751
Other Theft,2017,1,28,17,30,21XX W 4TH AVE,Kitsilano,488718.891,5457281.7163
Other Theft,2017,8,1,11,48,21XX W 4TH AVE,Kitsilano,488718.891,5457281.7163
Other Theft,2017,8,6,17,27,21XX W 4TH AVE,Kitsilano,488718.891,5457281.7163
Other Theft,2017,8,10,18,49,21XX W 4TH AVE,Kitsilano,488718.891,5457281.7163
Other Theft,2017,5,18,14,0,21XX W 4TH AVE,Kitsilano,488742.0214,5457281.1408
Other Theft,2017,3,3,12,30,21XX W 4TH AVE,Kitsilano,488745.3258,5457281.0586
Other Theft,2017,6,8,12,15,21XX W 4TH AVE,Kitsilano,488761.8475,5457280.6476
Other Theft,2017,10,4,11,8,21XX W 4TH AVE,Kitsilano,488794.6636,5457270.6843
Other Theft,2017,8,16,23,0,21XX W 4TH AVE,Kitsilano,488794.891,5457279.8255
Other Theft,2017,7,3,14,30,21XX W 4TH AVE,Kitsilano,488821.0984,5457270.0266
Other Theft,2017,12,6,16,43,21XX W 4TH AVE,Kitsilano,488880.5766,5457268.5468
Other Theft,2017,10,17,17,55,21XX W 4TH AVE,Kitsilano,488880.804,5457277.688
Other Theft,2017,2,2,0,30,21XX W 7TH AVE,Kitsilano,488724.4362,5456990.5562
Other Theft,2017,11,16,15,15,21XX W 7TH AVE,Kitsilano,488783.739,5456989.0458
Other Theft,2017,8,9,18,0,21XX W BROADWAY AVE,Kitsilano,488785.2667,5456793.3212
Other Theft,2017,8,15,21,59,21XX W BROADWAY AVE,Kitsilano,488785.2667,5456793.3212
Other Theft,2017,12,30,19,3,21XX W BROADWAY AVE,Kitsilano,488785.2667,5456793.3212
Other Theft,2017,1,21,21,32,21XX W BROADWAY AVE,Kitsilano,488864.5833,5456800.2633
Other Theft,2017,2,16,10,24,21XX WALL ST,Grandview-Woodland,495575.4025,5459400.5631
Other Theft,2017,7,17,11,2,21XX WALL ST,Grandview-Woodland,495623.1234,5459490.1318
Other Theft,2017,7,30,16,49,21XX YEW ST,Kitsilano,488704.262,5457090.2094
Other Theft,2017,2,14,0,0,21XX YORK AVE,Kitsilano,488818.6682,5457672.3881
Other Theft,2017,1,28,9,0,21XX YUKON ST,Mount Pleasant,491798.9968,5457003.4927
Other Theft,2017,12,21,7,30,21XX YUKON ST,Mount Pleasant,491798.9968,5457003.4927
Other Theft,2017,3,4,19,0,22XX BALACLAVA ST,Kitsilano,487352.5745,5457098.2846
Other Theft,2017,10,16,8,30,22XX BAYSWATER ST,Kitsilano,487551.7374,5457051.433
Other Theft,2017,7,23,4,0,22XX BONACCORD DR,Victoria-Fraserview,495495.7984,5450860.3858
Other Theft,2017,1,27,11,30,22XX CAMBIE ST,Fairview,491638.231,5456929.374
Other Theft,2017,1,24,8,13,22XX CAMBIE ST,Mount Pleasant,491656.6642,5456918.9056
Other Theft,2017,1,26,18,5,22XX CAMBIE ST,Mount Pleasant,491656.6642,5456918.9056
Other Theft,2017,1,29,17,41,22XX CAMBIE ST,Mount Pleasant,491656.6642,5456918.9056
Other Theft,2017,2,18,15,50,22XX CAMBIE ST,Mount Pleasant,491656.6642,5456918.9056
Other Theft,2017,2,19,12,36,22XX CAMBIE ST,Mount Pleasant,491656.6642,5456918.9056
Other Theft,2017,5,7,19,46,22XX CAMBIE ST,Mount Pleasant,491656.6642,5456918.9056
Other Theft,2017,5,9,22,1,22XX CAMBIE ST,Mount Pleasant,491656.6642,5456918.9056
Other Theft,2017,5,12,16,44,22XX CAMBIE ST,Mount Pleasant,491656.6642,5456918.9056
Other Theft,2017,7,20,10,5,22XX CAMBIE ST,Mount Pleasant,491656.6642,5456918.9056
Other Theft,2017,7,21,15,30,22XX CAMBIE ST,Mount Pleasant,491656.6642,5456918.9056
Other Theft,2017,7,23,20,38,22XX CAMBIE ST,Mount Pleasant,491656.6642,5456918.9056
Other Theft,2017,8,9,12,58,22XX CAMBIE ST,Mount Pleasant,491656.6642,5456918.9056
Other Theft,2017,9,19,18,37,22XX CAMBIE ST,Mount Pleasant,491656.6642,5456918.9056
Other Theft,2017,9,24,13,18,22XX CAMBIE ST,Mount Pleasant,491656.6642,5456918.9056
Other Theft,2017,10,6,14,55,22XX CAMBIE ST,Mount Pleasant,491656.6642,5456918.9056
Other Theft,2017,11,18,12,26,22XX CAMBIE ST,Mount Pleasant,491656.6642,5456918.9056
Other Theft,2017,12,10,14,16,22XX CAMBIE ST,Mount Pleasant,491656.6642,5456918.9056
Other Theft,2017,12,26,13,6,22XX CAMBIE ST,Mount Pleasant,491656.6642,5456918.9056
Other Theft,2017,12,26,15,38,22XX CAMBIE ST,Mount Pleasant,491656.6642,5456918.9056
Other Theft,2017,8,20,17,48,22XX CAMBIE ST,Mount Pleasant,491656.6799,5456919.8721
Other Theft,2017,1,1,15,20,22XX CAMBIE ST,Mount Pleasant,491656.6827,5456919.9744
Other Theft,2017,12,30,18,17,22XX CAMBIE ST,Mount Pleasant,491657.0729,5456944.0336
Other Theft,2017,8,1,19,48,22XX CAMBIE ST,Mount Pleasant,491657.2144,5456952.7317
Other Theft,2017,9,7,19,44,22XX CAMBIE ST,Mount Pleasant,491657.2144,5456952.7317
Other Theft,2017,10,9,14,21,22XX CAMBIE ST,Mount Pleasant,491657.2144,5456952.7317
Other Theft,2017,11,24,19,39,22XX CAMBIE ST,Mount Pleasant,491657.2144,5456952.7317
Other Theft,2017,11,25,15,5,22XX CAMBIE ST,Mount Pleasant,491657.2144,5456952.7317
Other Theft,2017,11,29,12,0,22XX CAMBIE ST,Mount Pleasant,491657.2144,5456952.7317
Other Theft,2017,12,9,18,16,22XX CAMBIE ST,Mount Pleasant,491657.2144,5456952.7317
Other Theft,2017,12,30,14,36,22XX CAMBIE ST,Mount Pleasant,491657.2144,5456952.7317
Other Theft,2017,5,26,0,30,22XX CASSIAR ST,Hastings-Sunrise,497748.4275,5456854.8623
Other Theft,2017,9,19,17,12,22XX COMMERCIAL DR,Grandview-Woodland,494920.39,5456839.9446
Other Theft,2017,10,3,12,30,22XX COMMERCIAL DR,Grandview-Woodland,494920.4954,5456847.7091
Other Theft,2017,10,8,17,13,22XX COMMERCIAL DR,Grandview-Woodland,494920.4954,5456847.7091
Other Theft,2017,3,13,14,30,22XX COMMERCIAL DR,Grandview-Woodland,494929.5859,5456843.7027
Other Theft,2017,3,18,14,0,22XX CORNWALL AVE,Kitsilano,488704.4649,5457766.0352
Other Theft,2017,7,20,19,51,22XX DUNDAS ST,Grandview-Woodland,495661.9274,5459114.1459
Other Theft,2017,7,30,23,0,22XX E 1ST AVE,Grandview-Woodland,495648.6835,5457413.6981
Other Theft,2017,10,14,12,3,22XX E 25TH AVE,Kensington-Cedar Cottage,495723.6517,5455034.7215
Other Theft,2017,6,28,17,0,22XX E 27TH AVE,Kensington-Cedar Cottage,495686.1955,5454879.8438
Other Theft,2017,9,22,9,30,22XX E 27TH AVE,Kensington-Cedar Cottage,495710.4281,5454888.7081
Other Theft,2017,3,31,16,30,22XX E 28TH AVE,Kensington-Cedar Cottage,495695.585,5454777.4686
Other Theft,2017,8,8,15,0,22XX E 28TH AVE,Kensington-Cedar Cottage,495695.585,5454777.4686
Other Theft,2017,1,17,10,50,22XX E 2ND AVE,Grandview-Woodland,495706.5399,5457323.1147
Other Theft,2017,7,18,9,0,22XX E 3RD AVE,Grandview-Woodland,495699.3759,5457213.3212
Other Theft,2017,11,15,16,37,22XX E 41ST AVE,Kensington-Cedar Cottage,495571.5617,5453348.1842
Other Theft,2017,9,14,12,3,22XX E 43RD AVE,Victoria-Fraserview,495503.9177,5453163.4098
Other Theft,2017,1,31,8,13,22XX E 43RD AVE,Victoria-Fraserview,495571.0624,5453162.0843
Other Theft,2017,11,20,0,0,22XX E 49TH AVE,Victoria-Fraserview,495513.2424,5452485.6199
Other Theft,2017,10,20,9,10,22XX E 49TH AVE,Victoria-Fraserview,495581.8493,5452473.9977
Other Theft,2017,3,28,10,0,22XX E 4TH AVE,Grandview-Woodland,495690.352,5457107.7046
Other Theft,2017,8,11,8,32,22XX E 4TH AVE,Grandview-Woodland,495725.2861,5457117.2616
Other Theft,2017,2,1,18,46,22XX E HASTINGS ST,Grandview-Woodland,495662.9566,5458719.542
Other Theft,2017,3,19,13,51,22XX E HASTINGS ST,Grandview-Woodland,495662.9566,5458719.542
Other Theft,2017,3,24,13,52,22XX E HASTINGS ST,Grandview-Woodland,495662.9566,5458719.542
Other Theft,2017,4,3,11,25,22XX E HASTINGS ST,Grandview-Woodland,495662.9566,5458719.542
Other Theft,2017,4,19,15,17,22XX E HASTINGS ST,Grandview-Woodland,495662.9566,5458719.542
Other Theft,2017,4,20,20,45,22XX E HASTINGS ST,Grandview-Woodland,495662.9566,5458719.542
Other Theft,2017,4,21,16,53,22XX E HASTINGS ST,Grandview-Woodland,495662.9566,5458719.542
Other Theft,2017,8,6,13,12,22XX E HASTINGS ST,Grandview-Woodland,495662.9566,5458719.542
Other Theft,2017,7,19,12,0,22XX EDDINGTON DR,Arbutus Ridge,488485.573,5454829.6284
Other Theft,2017,11,23,9,0,22XX EDDINGTON DR,Arbutus Ridge,488485.573,5454829.6284
Other Theft,2017,11,30,13,0,22XX EDDINGTON DR,Arbutus Ridge,488485.573,5454829.6284
Other Theft,2017,7,21,0,0,22XX ETON ST,Grandview-Woodland,495713.5926,5459416.6562
Other Theft,2017,7,3,8,12,22XX FRANKLIN ST,Grandview-Woodland,495657.9049,5458811.6678
Other Theft,2017,11,3,17,34,22XX FRASERVIEW DR,Victoria-Fraserview,495644.9234,5450968.9708
Other Theft,2017,12,31,23,0,22XX GRANT ST,Grandview-Woodland,495713.1822,5457602.1709
Other Theft,2017,6,20,4,0,22XX GRANVILLE ST,Fairview,489920.8943,5457030.0095
Other Theft,2017,6,14,15,17,22XX HARRISON DR,Victoria-Fraserview,495619.7944,5450630.2059
Other Theft,2017,7,2,11,37,22XX HIGHBURY ST,West Point Grey,486351.2529,5457147.1641
Other Theft,2017,8,8,19,37,22XX KINGSWAY AVE,Kensington-Cedar Cottage,495509.516,5454533.615
Other Theft,2017,9,4,13,11,22XX KINGSWAY AVE,Kensington-Cedar Cottage,495509.516,5454533.615
Other Theft,2017,11,3,12,20,22XX KINGSWAY AVE,Kensington-Cedar Cottage,495509.516,5454533.615
Other Theft,2017,12,31,10,13,22XX KINGSWAY AVE,Kensington-Cedar Cottage,495509.516,5454533.615
Other Theft,2017,3,15,16,45,22XX KINGSWAY AVE,Kensington-Cedar Cottage,495568.2207,5454481.4757
Other Theft,2017,4,12,20,10,22XX KINGSWAY AVE,Kensington-Cedar Cottage,495713.965,5454390.6225
Other Theft,2017,6,19,7,30,22XX KITCHENER ST,Grandview-Woodland,495692.7717,5457704.6511
Other Theft,2017,2,19,20,29,22XX MARSTRAND AVE,Kitsilano,488646.1138,5456638.4573
Other Theft,2017,3,5,20,26,22XX MARSTRAND AVE,Kitsilano,488646.1138,5456638.4573
Other Theft,2017,7,28,19,0,22XX MCGILL ST,Grandview-Woodland,495727.7367,5459516.4765
Other Theft,2017,10,12,20,0,22XX PANDORA ST,Grandview-Woodland,495733.5039,5458922.8396
Other Theft,2017,1,8,15,0,22XX TRIUMPH ST,Grandview-Woodland,495776.3916,5459023.1898
Other Theft,2017,10,16,21,0,22XX W 12TH AVE,Kitsilano,488576.8371,5456487.8401
Other Theft,2017,6,18,14,0,22XX W 14TH AVE,Kitsilano,488607.3755,5456290.5975
Other Theft,2017,4,20,18,0,22XX W 14TH AVE,Kitsilano,488629.9321,5456280.5298
Other Theft,2017,11,26,22,20,22XX W 16TH AVE,Kitsilano,488566.2326,5456083.304
Other Theft,2017,5,25,0,0,22XX W 2ND AVE,Kitsilano,488588.1249,5457483.7414
Other Theft,2017,4,24,20,21,22XX W 34TH AVE,Arbutus Ridge,488495.5234,5454282.1972
Other Theft,2017,7,2,21,29,22XX W 39TH AVE,Arbutus Ridge,488366.2435,5453754.3063
Other Theft,2017,7,22,14,0,22XX W 41ST AVE,Kerrisdale,488421.9987,5453547.5245
Other Theft,2017,7,25,7,40,22XX W 41ST AVE,Arbutus Ridge,488489.2181,5453554.9459
Other Theft,2017,8,2,2,48,22XX W 41ST AVE,Arbutus Ridge,488489.2181,5453554.9459
Other Theft,2017,3,15,18,22,22XX W 41ST AVE,Arbutus Ridge,488500.0909,5453554.7034
Other Theft,2017,7,15,6,45,22XX W 4TH AVE,Kitsilano,488579.8478,5457275.9477
Other Theft,2017,5,29,22,15,22XX W 4TH AVE,Kitsilano,488586.4374,5457275.7878
Other Theft,2017,10,15,16,15,22XX W 4TH AVE,Kitsilano,488586.4374,5457275.7878
Other Theft,2017,5,7,17,0,22XX W 4TH AVE,Kitsilano,488589.7323,5457275.7078
Other Theft,2017,8,30,9,15,22XX W 4TH AVE,Kitsilano,488593.0271,5457275.6278
Other Theft,2017,9,9,20,9,22XX W 4TH AVE,Kitsilano,488593.0271,5457275.6278
Other Theft,2017,8,29,16,15,22XX W 4TH AVE,Kitsilano,488606.2064,5457275.3079
Other Theft,2017,9,28,13,12,22XX W 4TH AVE,Kitsilano,488619.3858,5457274.988
Other Theft,2017,1,14,22,29,22XX W 4TH AVE,Kitsilano,488645.1952,5457283.5083
Other Theft,2017,5,3,21,14,22XX W 4TH AVE,Kitsilano,488645.9664,5457283.4895
Other Theft,2017,9,13,17,15,22XX W 4TH AVE,Kitsilano,488695.3889,5457282.2899
Other Theft,2017,12,21,16,14,22XX W 4TH AVE,Kitsilano,488705.2734,5457282.05
Other Theft,2017,8,10,10,0,22XX W 4TH AVE,Kitsilano,488708.3463,5457272.8287
Other Theft,2017,2,16,8,0,22XX W 5TH AVE,Kitsilano,488616.2248,5457189.0618
Other Theft,2017,2,23,10,0,22XX W 5TH AVE,Kitsilano,488688.7696,5457186.6688
Other Theft,2017,4,23,13,22,22XX W BROADWAY AVE,Kitsilano,488555.3549,5456799.69
Other Theft,2017,7,10,18,40,22XX W BROADWAY AVE,Kitsilano,488555.3549,5456799.69
Other Theft,2017,12,10,0,0,22XX W BROADWAY AVE,Kitsilano,488562.1465,5456808.6498
Other Theft,2017,1,3,17,49,22XX W BROADWAY AVE,Kitsilano,488646.899,5456797.1597
Other Theft,2017,1,22,15,8,22XX W BROADWAY AVE,Kitsilano,488646.899,5456797.1597
Other Theft,2017,2,1,12,1,22XX W BROADWAY AVE,Kitsilano,488646.899,5456797.1597
Other Theft,2017,7,19,16,40,22XX W BROADWAY AVE,Kitsilano,488646.899,5456797.1597
Other Theft,2017,7,28,13,0,22XX W BROADWAY AVE,Kitsilano,488646.899,5456797.1597
Other Theft,2017,10,10,10,16,22XX W BROADWAY AVE,Kitsilano,488646.899,5456797.1597
Other Theft,2017,12,11,18,47,22XX W BROADWAY AVE,Kitsilano,488646.899,5456797.1597
Other Theft,2017,12,29,19,37,22XX W BROADWAY AVE,Kitsilano,488646.899,5456797.1597
Other Theft,2017,12,8,22,0,22XX W BROADWAY AVE,Kitsilano,488650.1684,5456797.0693
Other Theft,2017,8,8,13,59,22XX W BROADWAY AVE,Kitsilano,488692.9237,5456805.0351
Other Theft,2017,6,9,18,0,23XX BRUNSWICK ST,Mount Pleasant,492948.1065,5456782.9374
Other Theft,2017,6,14,8,0,23XX BRUNSWICK ST,Mount Pleasant,492948.1065,5456782.9374
Other Theft,2017,10,18,3,0,23XX BRUNSWICK ST,Mount Pleasant,492948.1065,5456782.9374
Other Theft,2017,1,3,18,12,23XX CAMBIE ST,Fairview,491637.1823,5456824.7247
Other Theft,2017,1,9,12,10,23XX CAMBIE ST,Fairview,491637.1823,5456824.7247
Other Theft,2017,1,23,18,18,23XX CAMBIE ST,Fairview,491637.1823,5456824.7247
Other Theft,2017,1,27,12,17,23XX CAMBIE ST,Fairview,491637.1823,5456824.7247
Other Theft,2017,1,27,17,15,23XX CAMBIE ST,Fairview,491637.1823,5456824.7247
Other Theft,2017,1,27,19,41,23XX CAMBIE ST,Fairview,491637.1823,5456824.7247
Other Theft,2017,2,1,21,15,23XX CAMBIE ST,Fairview,491637.1823,5456824.7247
Other Theft,2017,2,6,12,53,23XX CAMBIE ST,Fairview,491637.1823,5456824.7247
Other Theft,2017,2,8,13,4,23XX CAMBIE ST,Fairview,491637.1823,5456824.7247
Other Theft,2017,2,8,15,4,23XX CAMBIE ST,Fairview,491637.1823,5456824.7247
Other Theft,2017,2,12,18,36,23XX CAMBIE ST,Fairview,491637.1823,5456824.7247
Other Theft,2017,2,18,19,8,23XX CAMBIE ST,Fairview,491637.1823,5456824.7247
Other Theft,2017,2,20,10,44,23XX CAMBIE ST,Fairview,491637.1823,5456824.7247
Other Theft,2017,3,6,10,11,23XX CAMBIE ST,Fairview,491637.1823,5456824.7247
Other Theft,2017,3,8,14,49,23XX CAMBIE ST,Fairview,491637.1823,5456824.7247
Other Theft,2017,3,9,20,4,23XX CAMBIE ST,Fairview,491637.1823,5456824.7247
Other Theft,2017,3,15,16,15,23XX CAMBIE ST,Fairview,491637.1823,5456824.7247
Other Theft,2017,3,21,11,0,23XX CAMBIE ST,Fairview,491637.1823,5456824.7247
Other Theft,2017,3,21,11,41,23XX CAMBIE ST,Fairview,491637.1823,5456824.7247
Other Theft,2017,3,21,15,5,23XX CAMBIE ST,Fairview,491637.1823,5456824.7247
Other Theft,2017,3,27,15,32,23XX CAMBIE ST,Fairview,491637.1823,5456824.7247
Other Theft,2017,4,7,10,45,23XX CAMBIE ST,Fairview,491637.1823,5456824.7247
Other Theft,2017,4,13,20,25,23XX CAMBIE ST,Fairview,491637.1823,5456824.7247
Other Theft,2017,4,15,22,0,23XX CAMBIE ST,Fairview,491637.1823,5456824.7247
Other Theft,2017,4,16,12,17,23XX CAMBIE ST,Fairview,491637.1823,5456824.7247
Other Theft,2017,4,23,17,25,23XX CAMBIE ST,Fairview,491637.1823,5456824.7247
Other Theft,2017,4,30,14,35,23XX CAMBIE ST,Fairview,491637.1823,5456824.7247
Other Theft,2017,5,7,20,51,23XX CAMBIE ST,Fairview,491637.1823,5456824.7247
Other Theft,2017,5,7,22,5,23XX CAMBIE ST,Fairview,491637.1823,5456824.7247
Other Theft,2017,5,17,10,30,23XX CAMBIE ST,Fairview,491637.1823,5456824.7247
Other Theft,2017,5,30,21,24,23XX CAMBIE ST,Fairview,491637.1823,5456824.7247
Other Theft,2017,6,11,14,43,23XX CAMBIE ST,Fairview,491637.1823,5456824.7247
Other Theft,2017,6,11,17,17,23XX CAMBIE ST,Fairview,491637.1823,5456824.7247
Other Theft,2017,6,18,15,20,23XX CAMBIE ST,Fairview,491637.1823,5456824.7247
Other Theft,2017,6,18,20,33,23XX CAMBIE ST,Fairview,491637.1823,5456824.7247
Other Theft,2017,7,3,22,0,23XX CAMBIE ST,Fairview,491637.1823,5456824.7247
Other Theft,2017,7,4,17,6,23XX CAMBIE ST,Fairview,491637.1823,5456824.7247
Other Theft,2017,7,12,13,22,23XX CAMBIE ST,Fairview,491637.1823,5456824.7247
Other Theft,2017,7,12,18,58,23XX CAMBIE ST,Fairview,491637.1823,5456824.7247
Other Theft,2017,7,13,19,0,23XX CAMBIE ST,Fairview,491637.1823,5456824.7247
Other Theft,2017,7,17,19,4,23XX CAMBIE ST,Fairview,491637.1823,5456824.7247
Other Theft,2017,7,19,16,18,23XX CAMBIE ST,Fairview,491637.1823,5456824.7247
Other Theft,2017,7,23,18,28,23XX CAMBIE ST,Fairview,491637.1823,5456824.7247
Other Theft,2017,8,7,13,2,23XX CAMBIE ST,Fairview,491637.1823,5456824.7247
Other Theft,2017,8,16,13,30,23XX CAMBIE ST,Fairview,491637.1823,5456824.7247
Other Theft,2017,8,26,18,30,23XX CAMBIE ST,Fairview,491637.1823,5456824.7247
Other Theft,2017,9,7,9,34,23XX CAMBIE ST,Fairview,491637.1823,5456824.7247
Other Theft,2017,9,9,17,34,23XX CAMBIE ST,Fairview,491637.1823,5456824.7247
Other Theft,2017,9,11,17,10,23XX CAMBIE ST,Fairview,491637.1823,5456824.7247
Other Theft,2017,9,14,21,10,23XX CAMBIE ST,Fairview,491637.1823,5456824.7247
Other Theft,2017,9,16,22,19,23XX CAMBIE ST,Fairview,491637.1823,5456824.7247
Other Theft,2017,9,22,18,15,23XX CAMBIE ST,Fairview,491637.1823,5456824.7247
Other Theft,2017,10,1,15,25,23XX CAMBIE ST,Fairview,491637.1823,5456824.7247
Other Theft,2017,10,1,20,21,23XX CAMBIE ST,Fairview,491637.1823,5456824.7247
Other Theft,2017,10,3,22,6,23XX CAMBIE ST,Fairview,491637.1823,5456824.7247
Other Theft,2017,10,9,15,46,23XX CAMBIE ST,Fairview,491637.1823,5456824.7247
Other Theft,2017,10,17,14,3,23XX CAMBIE ST,Fairview,491637.1823,5456824.7247
Other Theft,2017,10,19,18,41,23XX CAMBIE ST,Fairview,491637.1823,5456824.7247
Other Theft,2017,11,3,21,21,23XX CAMBIE ST,Fairview,491637.1823,5456824.7247
Other Theft,2017,11,6,11,27,23XX CAMBIE ST,Fairview,491637.1823,5456824.7247
Other Theft,2017,11,8,22,58,23XX CAMBIE ST,Fairview,491637.1823,5456824.7247
Other Theft,2017,11,9,19,2,23XX CAMBIE ST,Fairview,491637.1823,5456824.7247
Other Theft,2017,11,19,19,56,23XX CAMBIE ST,Fairview,491637.1823,5456824.7247
Other Theft,2017,11,21,11,43,23XX CAMBIE ST,Fairview,491637.1823,5456824.7247
Other Theft,2017,12,5,18,44,23XX CAMBIE ST,Fairview,491637.1823,5456824.7247
Other Theft,2017,12,5,20,32,23XX CAMBIE ST,Fairview,491637.1823,5456824.7247
Other Theft,2017,12,12,9,39,23XX CAMBIE ST,Fairview,491637.1823,5456824.7247
Other Theft,2017,12,15,20,43,23XX CAMBIE ST,Fairview,491637.1823,5456824.7247
Other Theft,2017,12,26,18,58,23XX CAMBIE ST,Fairview,491637.1823,5456824.7247
Other Theft,2017,12,30,20,48,23XX CAMBIE ST,Fairview,491637.1823,5456824.7247
Other Theft,2017,1,9,20,42,23XX CAMBIE ST,Fairview,491637.2119,5456826.5706
Other Theft,2017,5,23,20,49,23XX CAMBIE ST,Fairview,491638.3769,5456907.6939
Other Theft,2017,2,16,16,0,23XX CAMBIE ST,Fairview,491638.488,5456915.412
Other Theft,2017,12,15,10,38,23XX CAMBIE ST,Mount Pleasant,491655.4222,5456825.0427
Other Theft,2017,1,18,16,36,23XX CAMBIE ST,Mount Pleasant,491655.4471,5456826.9493
Other Theft,2017,1,20,17,7,23XX CAMBIE ST,Mount Pleasant,491655.4471,5456826.9493
Other Theft,2017,2,10,8,25,23XX CAMBIE ST,Mount Pleasant,491655.4471,5456826.9493
Other Theft,2017,3,8,13,49,23XX CAMBIE ST,Mount Pleasant,491655.4471,5456826.9493
Other Theft,2017,3,10,12,57,23XX CAMBIE ST,Mount Pleasant,491655.4471,5456826.9493
Other Theft,2017,3,16,15,2,23XX CAMBIE ST,Mount Pleasant,491655.4471,5456826.9493
Other Theft,2017,3,18,13,30,23XX CAMBIE ST,Mount Pleasant,491655.4471,5456826.9493
Other Theft,2017,5,9,18,21,23XX CAMBIE ST,Mount Pleasant,491655.4471,5456826.9493
Other Theft,2017,5,17,19,3,23XX CAMBIE ST,Mount Pleasant,491655.4471,5456826.9493
Other Theft,2017,5,27,16,31,23XX CAMBIE ST,Mount Pleasant,491655.4471,5456826.9493
Other Theft,2017,6,22,19,31,23XX CAMBIE ST,Mount Pleasant,491655.4471,5456826.9493
Other Theft,2017,7,30,16,20,23XX CAMBIE ST,Mount Pleasant,491655.4471,5456826.9493
Other Theft,2017,8,10,19,15,23XX CAMBIE ST,Mount Pleasant,491655.4471,5456826.9493
Other Theft,2017,8,13,18,53,23XX CAMBIE ST,Mount Pleasant,491655.4471,5456826.9493
Other Theft,2017,8,29,14,56,23XX CAMBIE ST,Mount Pleasant,491655.4471,5456826.9493
Other Theft,2017,9,4,20,7,23XX CAMBIE ST,Mount Pleasant,491655.4471,5456826.9493
Other Theft,2017,9,13,20,14,23XX CAMBIE ST,Mount Pleasant,491655.4471,5456826.9493
Other Theft,2017,9,26,19,27,23XX CAMBIE ST,Mount Pleasant,491655.4471,5456826.9493
Other Theft,2017,9,28,20,8,23XX CAMBIE ST,Mount Pleasant,491655.4471,5456826.9493
Other Theft,2017,10,1,11,28,23XX CAMBIE ST,Mount Pleasant,491655.4471,5456826.9493
Other Theft,2017,10,3,13,14,23XX CAMBIE ST,Mount Pleasant,491655.4471,5456826.9493
Other Theft,2017,10,23,8,10,23XX CAMBIE ST,Mount Pleasant,491655.4471,5456826.9493
Other Theft,2017,10,30,20,45,23XX CAMBIE ST,Mount Pleasant,491655.4471,5456826.9493
Other Theft,2017,11,16,12,21,23XX CAMBIE ST,Mount Pleasant,491655.4471,5456826.9493
Other Theft,2017,11,25,9,34,23XX CAMBIE ST,Mount Pleasant,491655.4471,5456826.9493
Other Theft,2017,12,6,12,25,23XX CAMBIE ST,Mount Pleasant,491655.4471,5456826.9493
Other Theft,2017,12,7,17,11,23XX CAMBIE ST,Mount Pleasant,491655.4471,5456826.9493
Other Theft,2017,12,12,19,1,23XX CAMBIE ST,Mount Pleasant,491655.4471,5456826.9493
Other Theft,2017,12,17,8,10,23XX CAMBIE ST,Mount Pleasant,491655.4471,5456826.9493
Other Theft,2017,12,17,17,2,23XX CAMBIE ST,Mount Pleasant,491655.4471,5456826.9493
Other Theft,2017,12,18,15,50,23XX CAMBIE ST,Mount Pleasant,491655.4471,5456826.9493
Other Theft,2017,12,19,16,16,23XX CAMBIE ST,Mount Pleasant,491655.4471,5456826.9493
Other Theft,2017,12,26,7,5,23XX CAMBIE ST,Mount Pleasant,491655.4471,5456826.9493
Other Theft,2017,1,17,16,36,23XX CAMBIE ST,Mount Pleasant,491655.4669,5456828.535
Other Theft,2017,3,13,23,36,23XX CAMBIE ST,Mount Pleasant,491655.5467,5456834.5756
Other Theft,2017,4,8,17,37,23XX CAMBIE ST,Mount Pleasant,491655.5467,5456834.5756
Other Theft,2017,3,29,11,45,23XX CAMBIE ST,Mount Pleasant,491655.5716,5456836.4822
Other Theft,2017,4,8,20,0,23XX CAMBIE ST,Mount Pleasant,491655.5716,5456836.4822
Other Theft,2017,5,28,19,45,23XX CAMBIE ST,Mount Pleasant,491655.5716,5456836.4822
Other Theft,2017,6,22,18,0,23XX CAMBIE ST,Mount Pleasant,491655.5716,5456836.4822
Other Theft,2017,7,20,8,30,23XX CAMBIE ST,Mount Pleasant,491655.5716,5456836.4822
Other Theft,2017,11,9,9,45,23XX CAMBIE ST,Mount Pleasant,491655.5716,5456836.4822
Other Theft,2017,10,3,10,27,23XX CAMBIE ST,Mount Pleasant,491655.6961,5456846.0152
Other Theft,2017,12,1,17,46,23XX CAMBIE ST,Mount Pleasant,491656.0695,5456874.614
Other Theft,2017,1,5,14,58,23XX CAMBIE ST,Mount Pleasant,491656.4223,5456901.5522
Other Theft,2017,1,8,17,30,23XX CAMBIE ST,Mount Pleasant,491656.4223,5456901.5522
Other Theft,2017,1,16,8,4,23XX CAMBIE ST,Mount Pleasant,491656.4223,5456901.5522
Other Theft,2017,1,1,14,55,23XX CAMBIE ST,Mount Pleasant,491656.4429,5456903.2128
Other Theft,2017,1,7,18,59,23XX CAMBIE ST,Mount Pleasant,491656.4429,5456903.2128
Other Theft,2017,1,9,16,35,23XX CAMBIE ST,Mount Pleasant,491656.4429,5456903.2128
Other Theft,2017,1,12,12,10,23XX CAMBIE ST,Mount Pleasant,491656.4429,5456903.2128
Other Theft,2017,1,15,14,40,23XX CAMBIE ST,Mount Pleasant,491656.4429,5456903.2128
Other Theft,2017,1,30,21,45,23XX CAMBIE ST,Mount Pleasant,491656.4429,5456903.2128
Other Theft,2017,2,1,20,11,23XX CAMBIE ST,Mount Pleasant,491656.4429,5456903.2128
Other Theft,2017,2,5,9,0,23XX CAMBIE ST,Mount Pleasant,491656.4429,5456903.2128
Other Theft,2017,2,5,22,20,23XX CAMBIE ST,Mount Pleasant,491656.4429,5456903.2128
Other Theft,2017,2,8,19,55,23XX CAMBIE ST,Mount Pleasant,491656.4429,5456903.2128
Other Theft,2017,2,12,16,38,23XX CAMBIE ST,Mount Pleasant,491656.4429,5456903.2128
Other Theft,2017,2,15,15,40,23XX CAMBIE ST,Mount Pleasant,491656.4429,5456903.2128
Other Theft,2017,2,15,22,57,23XX CAMBIE ST,Mount Pleasant,491656.4429,5456903.2128
Other Theft,2017,2,16,16,57,23XX CAMBIE ST,Mount Pleasant,491656.4429,5456903.2128
Other Theft,2017,2,22,17,51,23XX CAMBIE ST,Mount Pleasant,491656.4429,5456903.2128
Other Theft,2017,2,26,22,0,23XX CAMBIE ST,Mount Pleasant,491656.4429,5456903.2128
Other Theft,2017,2,27,19,10,23XX CAMBIE ST,Mount Pleasant,491656.4429,5456903.2128
Other Theft,2017,2,28,10,15,23XX CAMBIE ST,Mount Pleasant,491656.4429,5456903.2128
Other Theft,2017,3,3,19,43,23XX CAMBIE ST,Mount Pleasant,491656.4429,5456903.2128
Other Theft,2017,3,5,9,21,23XX CAMBIE ST,Mount Pleasant,491656.4429,5456903.2128
Other Theft,2017,3,6,12,25,23XX CAMBIE ST,Mount Pleasant,491656.4429,5456903.2128
Other Theft,2017,3,6,20,0,23XX CAMBIE ST,Mount Pleasant,491656.4429,5456903.2128
Other Theft,2017,3,8,6,55,23XX CAMBIE ST,Mount Pleasant,491656.4429,5456903.2128
Other Theft,2017,3,18,15,44,23XX CAMBIE ST,Mount Pleasant,491656.4429,5456903.2128
Other Theft,2017,3,26,13,45,23XX CAMBIE ST,Mount Pleasant,491656.4429,5456903.2128
Other Theft,2017,4,1,15,38,23XX CAMBIE ST,Mount Pleasant,491656.4429,5456903.2128
Other Theft,2017,4,6,19,55,23XX CAMBIE ST,Mount Pleasant,491656.4429,5456903.2128
Other Theft,2017,4,13,6,23,23XX CAMBIE ST,Mount Pleasant,491656.4429,5456903.2128
Other Theft,2017,4,15,10,26,23XX CAMBIE ST,Mount Pleasant,491656.4429,5456903.2128
Other Theft,2017,4,16,9,38,23XX CAMBIE ST,Mount Pleasant,491656.4429,5456903.2128
Other Theft,2017,5,10,9,0,23XX CAMBIE ST,Mount Pleasant,491656.4429,5456903.2128
Other Theft,2017,5,11,22,6,23XX CAMBIE ST,Mount Pleasant,491656.4429,5456903.2128
Other Theft,2017,5,14,17,26,23XX CAMBIE ST,Mount Pleasant,491656.4429,5456903.2128
Other Theft,2017,5,20,22,17,23XX CAMBIE ST,Mount Pleasant,491656.4429,5456903.2128
Other Theft,2017,5,29,23,23,23XX CAMBIE ST,Mount Pleasant,491656.4429,5456903.2128
Other Theft,2017,6,2,19,13,23XX CAMBIE ST,Mount Pleasant,491656.4429,5456903.2128
Other Theft,2017,6,2,23,27,23XX CAMBIE ST,Mount Pleasant,491656.4429,5456903.2128
Other Theft,2017,6,3,9,6,23XX CAMBIE ST,Mount Pleasant,491656.4429,5456903.2128
Other Theft,2017,6,4,19,35,23XX CAMBIE ST,Mount Pleasant,491656.4429,5456903.2128
Other Theft,2017,6,6,21,6,23XX CAMBIE ST,Mount Pleasant,491656.4429,5456903.2128
Other Theft,2017,6,19,16,41,23XX CAMBIE ST,Mount Pleasant,491656.4429,5456903.2128
Other Theft,2017,6,21,6,45,23XX CAMBIE ST,Mount Pleasant,491656.4429,5456903.2128
Other Theft,2017,6,25,17,6,23XX CAMBIE ST,Mount Pleasant,491656.4429,5456903.2128
Other Theft,2017,7,9,22,45,23XX CAMBIE ST,Mount Pleasant,491656.4429,5456903.2128
Other Theft,2017,7,12,16,59,23XX CAMBIE ST,Mount Pleasant,491656.4429,5456903.2128
Other Theft,2017,7,13,22,30,23XX CAMBIE ST,Mount Pleasant,491656.4429,5456903.2128
Other Theft,2017,7,26,7,36,23XX CAMBIE ST,Mount Pleasant,491656.4429,5456903.2128
Other Theft,2017,8,1,17,22,23XX CAMBIE ST,Mount Pleasant,491656.4429,5456903.2128
Other Theft,2017,8,2,22,15,23XX CAMBIE ST,Mount Pleasant,491656.4429,5456903.2128
Other Theft,2017,8,6,19,47,23XX CAMBIE ST,Mount Pleasant,491656.4429,5456903.2128
Other Theft,2017,8,13,17,35,23XX CAMBIE ST,Mount Pleasant,491656.4429,5456903.2128
Other Theft,2017,8,14,14,0,23XX CAMBIE ST,Mount Pleasant,491656.4429,5456903.2128
Other Theft,2017,8,24,10,1,23XX CAMBIE ST,Mount Pleasant,491656.4429,5456903.2128
Other Theft,2017,8,27,21,28,23XX CAMBIE ST,Mount Pleasant,491656.4429,5456903.2128
Other Theft,2017,8,28,15,30,23XX CAMBIE ST,Mount Pleasant,491656.4429,5456903.2128
Other Theft,2017,9,1,16,31,23XX CAMBIE ST,Mount Pleasant,491656.4429,5456903.2128
Other Theft,2017,9,5,8,38,23XX CAMBIE ST,Mount Pleasant,491656.4429,5456903.2128
Other Theft,2017,9,14,21,45,23XX CAMBIE ST,Mount Pleasant,491656.4429,5456903.2128
Other Theft,2017,9,15,15,52,23XX CAMBIE ST,Mount Pleasant,491656.4429,5456903.2128
Other Theft,2017,9,17,18,34,23XX CAMBIE ST,Mount Pleasant,491656.4429,5456903.2128
Other Theft,2017,9,20,20,1,23XX CAMBIE ST,Mount Pleasant,491656.4429,5456903.2128
Other Theft,2017,9,24,20,27,23XX CAMBIE ST,Mount Pleasant,491656.4429,5456903.2128
Other Theft,2017,9,25,8,52,23XX CAMBIE ST,Mount Pleasant,491656.4429,5456903.2128
Other Theft,2017,9,28,17,17,23XX CAMBIE ST,Mount Pleasant,491656.4429,5456903.2128
Other Theft,2017,9,28,20,35,23XX CAMBIE ST,Mount Pleasant,491656.4429,5456903.2128
Other Theft,2017,9,30,9,21,23XX CAMBIE ST,Mount Pleasant,491656.4429,5456903.2128
Other Theft,2017,10,9,7,44,23XX CAMBIE ST,Mount Pleasant,491656.4429,5456903.2128
Other Theft,2017,10,17,13,5,23XX CAMBIE ST,Mount Pleasant,491656.4429,5456903.2128
Other Theft,2017,10,22,9,6,23XX CAMBIE ST,Mount Pleasant,491656.4429,5456903.2128
Other Theft,2017,10,30,9,57,23XX CAMBIE ST,Mount Pleasant,491656.4429,5456903.2128
Other Theft,2017,10,31,11,59,23XX CAMBIE ST,Mount Pleasant,491656.4429,5456903.2128
Other Theft,2017,11,5,7,4,23XX CAMBIE ST,Mount Pleasant,491656.4429,5456903.2128
Other Theft,2017,11,14,7,49,23XX CAMBIE ST,Mount Pleasant,491656.4429,5456903.2128
Other Theft,2017,11,16,13,56,23XX CAMBIE ST,Mount Pleasant,491656.4429,5456903.2128
Other Theft,2017,11,17,23,2,23XX CAMBIE ST,Mount Pleasant,491656.4429,5456903.2128
Other Theft,2017,11,18,7,15,23XX CAMBIE ST,Mount Pleasant,491656.4429,5456903.2128
Other Theft,2017,11,18,10,13,23XX CAMBIE ST,Mount Pleasant,491656.4429,5456903.2128
Other Theft,2017,11,21,17,0,23XX CAMBIE ST,Mount Pleasant,491656.4429,5456903.2128
Other Theft,2017,11,23,13,33,23XX CAMBIE ST,Mount Pleasant,491656.4429,5456903.2128
Other Theft,2017,12,3,12,51,23XX CAMBIE ST,Mount Pleasant,491656.4429,5456903.2128
Other Theft,2017,12,12,7,11,23XX CAMBIE ST,Mount Pleasant,491656.4429,5456903.2128
Other Theft,2017,12,14,15,49,23XX CAMBIE ST,Mount Pleasant,491656.4429,5456903.2128
Other Theft,2017,12,18,11,14,23XX CAMBIE ST,Mount Pleasant,491656.4429,5456903.2128
Other Theft,2017,12,18,17,24,23XX CAMBIE ST,Mount Pleasant,491656.4429,5456903.2128
Other Theft,2017,12,29,16,38,23XX CAMBIE ST,Mount Pleasant,491656.4429,5456903.2128
Other Theft,2017,12,29,22,42,23XX CAMBIE ST,Mount Pleasant,491656.4429,5456903.2128
Other Theft,2017,12,31,16,4,23XX CAMBIE ST,Mount Pleasant,491656.4429,5456903.2128
Other Theft,2017,5,26,8,0,23XX CAMBIE ST,Mount Pleasant,491656.5425,5456910.8391
Other Theft,2017,10,7,8,5,23XX CHARLES ST,Grandview-Woodland,495843.1944,5457795.3706
Other Theft,2017,7,28,20,0,23XX COLUMBIA ST,Mount Pleasant,492031.0119,5456854.5044
Other Theft,2017,5,26,20,30,23XX COMMERCIAL DR,Grandview-Woodland,494928.8516,5456795.1318
Other Theft,2017,10,24,23,0,23XX COMMERCIAL DR,Grandview-Woodland,494928.8516,5456795.1318
Other Theft,2017,7,6,15,30,23XX CORNWALL AVE,Kitsilano,488541.6732,5457779.4259
Other Theft,2017,12,15,12,0,23XX E 28TH AVE,Kensington-Cedar Cottage,495853.6875,5454786.1074
Other Theft,2017,3,22,22,5,23XX E 33RD AVE,Renfrew-Collingwood,495730.5712,5454109.8432
Other Theft,2017,10,24,20,0,23XX E 46TH AVE,Victoria-Fraserview,495800.4307,5452852.3521
Other Theft,2017,11,20,12,30,23XX E HASTINGS ST,Grandview-Woodland,495823.3266,5458719.0464
Other Theft,2017,5,21,0,47,23XX ETON ST,Grandview-Woodland,495832.064,5459417.2978
Other Theft,2017,9,20,18,0,23XX FRASERVIEW DR,Victoria-Fraserview,495706.868,5450987.208
Other Theft,2017,5,8,13,0,23XX GALT ST,Kensington-Cedar Cottage,495750.1229,5454474.8494
Other Theft,2017,11,6,14,0,23XX GRANVILLE ST,Fairview,489928.0712,5456954.2823
Other Theft,2017,9,28,23,32,23XX KINGSWAY AVE,Renfrew-Collingwood,495773.3927,5454348.3071
Other Theft,2017,11,7,14,54,23XX KINGSWAY AVE,Renfrew-Collingwood,495773.3927,5454348.3071
Other Theft,2017,10,15,19,40,23XX KINGSWAY AVE,Renfrew-Collingwood,495813.3289,5454309.2422
Other Theft,2017,6,12,13,54,23XX KINGSWAY AVE,Renfrew-Collingwood,495839.7418,5454290.8868
Other Theft,2017,7,3,13,51,23XX KINGSWAY AVE,Renfrew-Collingwood,495839.7418,5454290.8868
Other Theft,2017,8,5,19,0,23XX KINGSWAY AVE,Renfrew-Collingwood,495839.7418,5454290.8868
Other Theft,2017,8,7,19,56,23XX KINGSWAY AVE,Renfrew-Collingwood,495839.7418,5454290.8868
Other Theft,2017,8,9,8,37,23XX KINGSWAY AVE,Renfrew-Collingwood,495839.7418,5454290.8868
Other Theft,2017,9,13,8,30,23XX KINGSWAY AVE,Renfrew-Collingwood,495839.7418,5454290.8868
Other Theft,2017,10,6,12,54,23XX KINGSWAY AVE,Renfrew-Collingwood,495839.7418,5454290.8868
Other Theft,2017,1,26,9,20,23XX KINGSWAY AVE,Renfrew-Collingwood,495839.7418,5454290.8868
Other Theft,2017,2,25,10,48,23XX KINGSWAY AVE,Renfrew-Collingwood,495839.7418,5454290.8868
Other Theft,2017,4,22,15,0,23XX KINGSWAY AVE,Renfrew-Collingwood,495839.7418,5454290.8868
Other Theft,2017,5,10,10,57,23XX KINGSWAY AVE,Renfrew-Collingwood,495839.7418,5454290.8868
Other Theft,2017,12,16,0,0,23XX MAIN ST,Mount Pleasant,492647.1066,5456849.2162
Other Theft,2017,9,12,20,7,23XX MAIN ST,Mount Pleasant,492647.2504,5456854.6622
Other Theft,2017,11,24,22,45,23XX MAIN ST,Mount Pleasant,492667.7284,5456837.828
Other Theft,2017,12,16,18,12,23XX OAK ST,Fairview,490786.5036,5456885.695
Other Theft,2017,12,30,17,56,23XX OLIVER CRES,Arbutus Ridge,488367.5167,5455334.7078
Other Theft,2017,8,27,12,0,23XX OXFORD ST,Grandview-Woodland,495826.6912,5459213.7272
Other Theft,2017,12,15,0,0,23XX ST GEORGE ST,Mount Pleasant,493240.8732,5456837.5378
Other Theft,2017,6,24,9,0,23XX TRINITY ST,Grandview-Woodland,495822.8767,5459616.0343
Other Theft,2017,6,26,0,0,23XX TRIUMPH ST,Grandview-Woodland,495829.7215,5459022.9644
Other Theft,2017,7,18,0,0,23XX TRIUMPH ST,Grandview-Woodland,495829.7215,5459022.9644
Other Theft,2017,9,16,16,16,23XX W 14TH AVE,Kitsilano,488488.3156,5456294.7407
Other Theft,2017,4,24,21,49,23XX W 21ST AVE,Arbutus Ridge,488473.5451,5455661.6821
Other Theft,2017,5,8,7,30,23XX W 2ND AVE,Kitsilano,488505.4166,5457485.8908
Other Theft,2017,4,9,8,32,23XX W 41ST AVE,Arbutus Ridge,488360.0948,5453558.4092
Other Theft,2017,5,20,18,9,23XX W 41ST AVE,Arbutus Ridge,488360.0948,5453558.4092
Other Theft,2017,5,31,16,58,23XX W 41ST AVE,Arbutus Ridge,488360.0948,5453558.4092
Other Theft,2017,6,2,0,2,23XX W 41ST AVE,Arbutus Ridge,488360.0948,5453558.4092
Other Theft,2017,6,13,19,33,23XX W 41ST AVE,Arbutus Ridge,488360.0948,5453558.4092
Other Theft,2017,7,15,16,40,23XX W 41ST AVE,Arbutus Ridge,488360.0948,5453558.4092
Other Theft,2017,7,15,17,22,23XX W 41ST AVE,Arbutus Ridge,488360.0948,5453558.4092
Other Theft,2017,7,19,21,3,23XX W 41ST AVE,Arbutus Ridge,488360.0948,5453558.4092
Other Theft,2017,9,18,16,49,23XX W 41ST AVE,Arbutus Ridge,488360.0948,5453558.4092
Other Theft,2017,10,1,11,30,23XX W 4TH AVE,Kitsilano,488405.7795,5457282.7891
Other Theft,2017,6,5,16,15,23XX W 4TH AVE,Kitsilano,488438.4712,5457281.3663
Other Theft,2017,6,16,18,30,23XX W 4TH AVE,Kitsilano,488438.4712,5457281.3663
Other Theft,2017,7,5,18,0,23XX W 4TH AVE,Kitsilano,488438.4712,5457281.3663
Other Theft,2017,4,23,18,0,23XX W 4TH AVE,Kitsilano,488471.163,5457279.9436
Other Theft,2017,7,22,22,10,23XX W 4TH AVE,Kitsilano,488511.6253,5457287.335
Other Theft,2017,7,12,16,8,23XX W 4TH AVE,Kitsilano,488514.0599,5457287.2293
Other Theft,2017,8,20,17,26,23XX W 4TH AVE,Kitsilano,488514.0599,5457287.2293
Other Theft,2017,10,17,16,44,23XX W 4TH AVE,Kitsilano,488514.0599,5457287.2293
Other Theft,2017,11,16,19,20,23XX W 4TH AVE,Kitsilano,488514.0599,5457287.2293
Other Theft,2017,12,9,11,47,23XX W 4TH AVE,Kitsilano,488514.0599,5457287.2293
Other Theft,2017,9,16,13,51,23XX W 4TH AVE,Kitsilano,488520.2007,5457277.8094
Other Theft,2017,4,18,8,18,23XX W 4TH AVE,Kitsilano,488533.2774,5457277.2403
Other Theft,2017,6,26,21,0,23XX W 4TH AVE,Kitsilano,488533.2774,5457277.2403
Other Theft,2017,9,18,4,16,23XX W 4TH AVE,Kitsilano,488533.2774,5457277.2403
Other Theft,2017,11,7,14,0,23XX W 4TH AVE,Kitsilano,488533.2774,5457277.2403
Other Theft,2017,8,29,22,0,23XX W 4TH AVE,Kitsilano,488536.5466,5457277.098
Other Theft,2017,12,21,6,43,23XX W 4TH AVE,Kitsilano,488536.5466,5457277.098
Other Theft,2017,5,8,14,30,23XX W 7TH AVE,Kitsilano,488465.8946,5456996.6928
Other Theft,2017,7,19,3,0,23XX WALL ST,Grandview-Woodland,495852.4812,5459759.9711
Other Theft,2017,1,18,12,0,23XX YORK AVE,Kitsilano,488473.8738,5457682.4262
Other Theft,2017,3,15,20,36,24XX ANCASTER CRES,Victoria-Fraserview,495898.1912,5451025.4854
Other Theft,2017,10,21,0,30,24XX BALSAM ST,Kitsilano,488363.4026,5456836.7471
Other Theft,2017,10,10,19,30,24XX BAYSWATER ST,Kitsilano,487537.4513,5456857.8248
Other Theft,2017,3,9,9,59,24XX BURRARD ST,Kitsilano,489392.374,5456883.8808
Other Theft,2017,1,25,21,59,24XX COMMERCIAL DR,Grandview-Woodland,494926.7157,5456639.9736
Other Theft,2017,1,30,13,23,24XX COMMERCIAL DR,Grandview-Woodland,494926.7157,5456639.9736
Other Theft,2017,5,12,15,10,24XX COMMERCIAL DR,Grandview-Woodland,494926.7157,5456639.9736
Other Theft,2017,12,7,21,0,24XX COMMERCIAL DR,Grandview-Woodland,494926.952,5456659.2209
Other Theft,2017,11,3,10,30,24XX CROWN ST,West Point Grey,485828.8035,5456866.4185
Other Theft,2017,6,5,0,42,24XX E 1ST AVE,Hastings-Sunrise,495905.146,5457428.5791
Other Theft,2017,5,9,4,50,24XX E 1ST AVE,Hastings-Sunrise,495905.146,5457428.5791
Other Theft,2017,7,23,8,2,24XX E 1ST AVE,Hastings-Sunrise,495905.146,5457428.5791
Other Theft,2017,8,30,13,48,24XX E 1ST AVE,Hastings-Sunrise,495905.146,5457428.5791
Other Theft,2017,9,14,15,30,24XX E 1ST AVE,Hastings-Sunrise,495905.146,5457428.5791
Other Theft,2017,10,23,12,43,24XX E 1ST AVE,Hastings-Sunrise,495905.146,5457428.5791
Other Theft,2017,9,7,15,0,24XX E 29TH AVE,Renfrew-Collingwood,495891.4118,5454654.9452
Other Theft,2017,9,10,14,45,24XX E 34TH AVE,Renfrew-Collingwood,495991.9472,5454018.3562
Other Theft,2017,5,1,9,41,24XX E 41ST AVE,Renfrew-Collingwood,495911.5123,5453343.626
Other Theft,2017,7,21,23,28,24XX E 49TH AVE,Victoria-Fraserview,495833.6566,5452449.2685
Other Theft,2017,7,14,22,0,24XX E BROADWAY AVE,Hastings-Sunrise,495957.3345,5456590.3577
Other Theft,2017,4,23,23,0,24XX E BROADWAY AVE,Renfrew-Collingwood,495919.9889,5456584.9841
Other Theft,2017,3,11,23,0,24XX E HASTINGS ST,Hastings-Sunrise,495987.6676,5458718.6011
Other Theft,2017,9,26,1,30,24XX E HASTINGS ST,Hastings-Sunrise,495987.6676,5458718.6011
Other Theft,2017,9,25,20,0,24XX E HASTINGS ST,Hastings-Sunrise,496017.7631,5458709.3833
Other Theft,2017,3,13,17,2,24XX E HASTINGS ST,Hastings-Sunrise,496023.2615,5458718.5139
Other Theft,2017,6,27,0,0,24XX E PENDER ST,Hastings-Sunrise,496024.1595,5458605.4581
Other Theft,2017,7,2,12,0,24XX FRASER ST,Mount Pleasant,493511.1428,5456675.9387
Other Theft,2017,8,10,14,0,24XX FRASER ST,Mount Pleasant,493511.1428,5456675.9387
Other Theft,2017,3,13,13,0,24XX FRASER ST,Mount Pleasant,493511.1428,5456675.9387
Other Theft,2017,7,27,12,0,24XX KAMLOOPS ST,Hastings-Sunrise,496014.6473,5456684.7339
Other Theft,2017,5,13,14,0,24XX KINGSWAY AVE,Renfrew-Collingwood,495911.9677,5454240.7102
Other Theft,2017,1,25,11,30,24XX MAIN ST,Mount Pleasant,492645.0897,5456771.2598
Other Theft,2017,2,28,10,37,24XX MAIN ST,Mount Pleasant,492645.0897,5456771.2598
Other Theft,2017,3,1,12,15,24XX MAIN ST,Mount Pleasant,492645.0897,5456771.2598
Other Theft,2017,3,14,16,43,24XX MAIN ST,Mount Pleasant,492645.0897,5456771.2598
Other Theft,2017,3,15,12,20,24XX MAIN ST,Mount Pleasant,492645.0897,5456771.2598
Other Theft,2017,3,21,20,0,24XX MAIN ST,Mount Pleasant,492645.0897,5456771.2598
Other Theft,2017,3,22,17,25,24XX MAIN ST,Mount Pleasant,492645.0897,5456771.2598
Other Theft,2017,4,16,12,15,24XX MAIN ST,Mount Pleasant,492645.0897,5456771.2598
Other Theft,2017,4,19,13,22,24XX MAIN ST,Mount Pleasant,492645.0897,5456771.2598
Other Theft,2017,4,30,18,20,24XX MAIN ST,Mount Pleasant,492645.0897,5456771.2598
Other Theft,2017,5,16,18,37,24XX MAIN ST,Mount Pleasant,492645.0897,5456771.2598
Other Theft,2017,5,20,16,24,24XX MAIN ST,Mount Pleasant,492645.0897,5456771.2598
Other Theft,2017,7,17,20,50,24XX MAIN ST,Mount Pleasant,492645.0897,5456771.2598
Other Theft,2017,8,7,19,42,24XX MAIN ST,Mount Pleasant,492645.0897,5456771.2598
Other Theft,2017,8,17,19,18,24XX MAIN ST,Mount Pleasant,492645.0897,5456771.2598
Other Theft,2017,9,8,17,45,24XX MAIN ST,Mount Pleasant,492645.0897,5456771.2598
Other Theft,2017,9,14,14,8,24XX MAIN ST,Mount Pleasant,492645.0897,5456771.2598
Other Theft,2017,10,17,19,0,24XX MAIN ST,Mount Pleasant,492645.0897,5456771.2598
Other Theft,2017,12,31,15,23,24XX MAIN ST,Mount Pleasant,492645.0897,5456771.2598
Other Theft,2017,4,3,23,0,24XX MAIN ST,Mount Pleasant,492665.4704,5456739.2442
Other Theft,2017,10,26,8,27,24XX NANAIMO ST,Grandview-Woodland,495879.1527,5456675.4177
Other Theft,2017,7,31,11,27,24XX NANAIMO ST,Hastings-Sunrise,495888.3502,5456678.8328
Other Theft,2017,11,26,11,50,24XX ONTARIO ST,Mount Pleasant,492374.6029,5456741.8149
Other Theft,2017,5,18,15,5,24XX SCARBORO AVE,Victoria-Fraserview,495762.005,5451132.4143
Other Theft,2017,12,22,12,0,24XX SCARBORO AVE,Victoria-Fraserview,495762.005,5451132.4143
Other Theft,2017,3,24,21,9,24XX SPRUCE ST,Fairview,490610.207,5456767.8619
Other Theft,2017,12,15,5,30,24XX TRAFALGAR ST,Kitsilano,488017.2134,5456913.8522
Other Theft,2017,5,12,17,0,24XX W 33RD AVE,Arbutus Ridge,488263.392,5454391.8374
Other Theft,2017,4,24,21,22,24XX W 35TH AVE,Arbutus Ridge,488239.2874,5454191.377
Other Theft,2017,11,23,19,26,24XX W 41ST AVE,Arbutus Ridge,488241.6568,5453561.4837
Other Theft,2017,9,20,0,1,24XX W 8TH AVE,Kitsilano,488335.0156,5456906.3744
Other Theft,2017,8,26,10,20,24XX YUKON ST,Mount Pleasant,491792.3955,5456798.7349
Other Theft,2017,11,16,6,45,25O W PENDER ST,Central Business District,492332.8061,5458668.3441
Other Theft,2017,1,31,10,0,25XX ADANAC ST,Hastings-Sunrise,496113.2414,5458307.6227
Other Theft,2017,11,19,9,0,25XX ADANAC ST,Hastings-Sunrise,496149.5019,5458298.4787
Other Theft,2017,8,22,15,30,25XX ALMA ST,West Point Grey,486470.7748,5456797.2327
Other Theft,2017,12,15,18,52,25XX ALMA ST,West Point Grey,486471.7773,5456856.5706
Other Theft,2017,6,27,13,30,25XX BURRARD ST,Fairview,489397.5226,5456697.4666
Other Theft,2017,8,15,23,0,25XX CAMBIE ST,Fairview,491632.9785,5456695.8312
Other Theft,2017,9,12,15,0,25XX CAMBIE ST,Fairview,491632.9785,5456695.8312
Other Theft,2017,12,28,12,0,25XX CAMBRIDGE ST,Hastings-Sunrise,496150.1893,5459328.356
Other Theft,2017,2,1,16,24,25XX CAMOSUN ST,West Point Grey,485676.0451,5456835.4316
Other Theft,2017,4,6,14,30,25XX COMMERCIAL DR,Kensington-Cedar Cottage,494916.4742,5456563.9055
Other Theft,2017,2,7,14,30,25XX COMMERCIAL DR,Kensington-Cedar Cottage,494917.0447,5456601.5488
Other Theft,2017,5,17,21,42,25XX COMMERCIAL DR,Kensington-Cedar Cottage,494917.0447,5456601.5488
Other Theft,2017,5,9,10,50,25XX COMMERCIAL DR,Kensington-Cedar Cottage,494925.1969,5456536.0298
Other Theft,2017,2,24,23,0,25XX COMMERCIAL DR,Kensington-Cedar Cottage,494925.377,5456547.9172
Other Theft,2017,3,2,11,31,25XX COMMERCIAL DR,Kensington-Cedar Cottage,494925.377,5456547.9172
Other Theft,2017,4,4,11,33,25XX COMMERCIAL DR,Kensington-Cedar Cottage,494925.377,5456547.9172
Other Theft,2017,5,22,12,23,25XX COMMERCIAL DR,Kensington-Cedar Cottage,494925.377,5456547.9172
Other Theft,2017,7,15,19,0,25XX COMMERCIAL DR,Kensington-Cedar Cottage,494925.377,5456547.9172
Other Theft,2017,5,9,17,30,25XX COMMERCIAL DR,Kensington-Cedar Cottage,494925.407,5456549.8984
Other Theft,2017,3,3,17,0,25XX DUNDAS ST,Hastings-Sunrise,496207.3803,5459120.0485
Other Theft,2017,6,29,21,32,25XX E 17TH AVE,Renfrew-Collingwood,496142.9733,5455791.8453
Other Theft,2017,1,18,18,0,25XX E 2ND AVE,Hastings-Sunrise,496033.252,5457299.4671
Other Theft,2017,10,24,12,2,25XX E 43RD AVE,Victoria-Fraserview,496024.7225,5453117.484
Other Theft,2017,2,12,14,30,25XX E 49TH AVE,Victoria-Fraserview,495964.8029,5452453.2715
Other Theft,2017,5,22,22,0,25XX E BROADWAY AVE,Renfrew-Collingwood,496071.2361,5456580.0441
Other Theft,2017,5,24,8,30,25XX E BROADWAY AVE,Renfrew-Collingwood,496071.2361,5456580.0441
Other Theft,2017,6,14,10,45,25XX E HASTINGS ST,Hastings-Sunrise,496090.5314,5458718.3271
Other Theft,2017,7,1,9,45,25XX E HASTINGS ST,Hastings-Sunrise,496090.5314,5458718.3271
Other Theft,2017,12,11,18,14,25XX E HASTINGS ST,Hastings-Sunrise,496090.5314,5458718.3271
Other Theft,2017,1,3,15,39,25XX E HASTINGS ST,Hastings-Sunrise,496186.0308,5458718.0583
Other Theft,2017,1,7,20,24,25XX E HASTINGS ST,Hastings-Sunrise,496188.7399,5458718.0508
Other Theft,2017,1,13,9,9,25XX E HASTINGS ST,Hastings-Sunrise,496188.7399,5458718.0508
Other Theft,2017,1,26,17,1,25XX E HASTINGS ST,Hastings-Sunrise,496188.7399,5458718.0508
Other Theft,2017,1,31,15,17,25XX E HASTINGS ST,Hastings-Sunrise,496188.7399,5458718.0508
Other Theft,2017,1,31,18,36,25XX E HASTINGS ST,Hastings-Sunrise,496188.7399,5458718.0508
Other Theft,2017,2,17,9,19,25XX E HASTINGS ST,Hastings-Sunrise,496188.7399,5458718.0508
Other Theft,2017,2,18,18,32,25XX E HASTINGS ST,Hastings-Sunrise,496188.7399,5458718.0508
Other Theft,2017,3,3,18,55,25XX E HASTINGS ST,Hastings-Sunrise,496188.7399,5458718.0508
Other Theft,2017,3,6,14,46,25XX E HASTINGS ST,Hastings-Sunrise,496188.7399,5458718.0508
Other Theft,2017,3,15,10,40,25XX E HASTINGS ST,Hastings-Sunrise,496188.7399,5458718.0508
Other Theft,2017,3,28,18,3,25XX E HASTINGS ST,Hastings-Sunrise,496188.7399,5458718.0508
Other Theft,2017,4,6,9,5,25XX E HASTINGS ST,Hastings-Sunrise,496188.7399,5458718.0508
Other Theft,2017,4,12,17,23,25XX E HASTINGS ST,Hastings-Sunrise,496188.7399,5458718.0508
Other Theft,2017,4,17,17,35,25XX E HASTINGS ST,Hastings-Sunrise,496188.7399,5458718.0508
Other Theft,2017,5,3,10,7,25XX E HASTINGS ST,Hastings-Sunrise,496188.7399,5458718.0508
Other Theft,2017,5,3,17,0,25XX E HASTINGS ST,Hastings-Sunrise,496188.7399,5458718.0508
Other Theft,2017,5,12,9,50,25XX E HASTINGS ST,Hastings-Sunrise,496188.7399,5458718.0508
Other Theft,2017,6,3,11,0,25XX E HASTINGS ST,Hastings-Sunrise,496188.7399,5458718.0508
Other Theft,2017,6,6,15,30,25XX E HASTINGS ST,Hastings-Sunrise,496188.7399,5458718.0508
Other Theft,2017,6,20,15,5,25XX E HASTINGS ST,Hastings-Sunrise,496188.7399,5458718.0508
Other Theft,2017,6,26,20,5,25XX E HASTINGS ST,Hastings-Sunrise,496188.7399,5458718.0508
Other Theft,2017,7,11,15,22,25XX E HASTINGS ST,Hastings-Sunrise,496188.7399,5458718.0508
Other Theft,2017,7,28,10,35,25XX E HASTINGS ST,Hastings-Sunrise,496188.7399,5458718.0508
Other Theft,2017,7,29,17,14,25XX E HASTINGS ST,Hastings-Sunrise,496188.7399,5458718.0508
Other Theft,2017,7,31,17,30,25XX E HASTINGS ST,Hastings-Sunrise,496188.7399,5458718.0508
Other Theft,2017,8,4,13,0,25XX E HASTINGS ST,Hastings-Sunrise,496188.7399,5458718.0508
Other Theft,2017,8,6,16,23,25XX E HASTINGS ST,Hastings-Sunrise,496188.7399,5458718.0508
Other Theft,2017,8,8,10,7,25XX E HASTINGS ST,Hastings-Sunrise,496188.7399,5458718.0508
Other Theft,2017,8,14,15,30,25XX E HASTINGS ST,Hastings-Sunrise,496188.7399,5458718.0508
Other Theft,2017,8,25,18,48,25XX E HASTINGS ST,Hastings-Sunrise,496188.7399,5458718.0508
Other Theft,2017,9,3,11,58,25XX E HASTINGS ST,Hastings-Sunrise,496188.7399,5458718.0508
Other Theft,2017,9,6,10,49,25XX E HASTINGS ST,Hastings-Sunrise,496188.7399,5458718.0508
Other Theft,2017,9,7,17,45,25XX E HASTINGS ST,Hastings-Sunrise,496188.7399,5458718.0508
Other Theft,2017,9,7,21,13,25XX E HASTINGS ST,Hastings-Sunrise,496188.7399,5458718.0508
Other Theft,2017,9,13,14,51,25XX E HASTINGS ST,Hastings-Sunrise,496188.7399,5458718.0508
Other Theft,2017,9,14,16,27,25XX E HASTINGS ST,Hastings-Sunrise,496188.7399,5458718.0508
Other Theft,2017,9,17,20,0,25XX E HASTINGS ST,Hastings-Sunrise,496188.7399,5458718.0508
Other Theft,2017,9,22,19,52,25XX E HASTINGS ST,Hastings-Sunrise,496188.7399,5458718.0508
Other Theft,2017,9,25,16,0,25XX E HASTINGS ST,Hastings-Sunrise,496188.7399,5458718.0508
Other Theft,2017,10,6,18,38,25XX E HASTINGS ST,Hastings-Sunrise,496188.7399,5458718.0508
Other Theft,2017,10,17,13,16,25XX E HASTINGS ST,Hastings-Sunrise,496188.7399,5458718.0508
Other Theft,2017,10,18,16,30,25XX E HASTINGS ST,Hastings-Sunrise,496188.7399,5458718.0508
Other Theft,2017,11,23,19,40,25XX E HASTINGS ST,Hastings-Sunrise,496188.7399,5458718.0508
Other Theft,2017,12,5,20,42,25XX E HASTINGS ST,Hastings-Sunrise,496188.7399,5458718.0508
Other Theft,2017,12,14,13,19,25XX E HASTINGS ST,Hastings-Sunrise,496188.7399,5458718.0508
Other Theft,2017,12,14,17,10,25XX E HASTINGS ST,Hastings-Sunrise,496188.7399,5458718.0508
Other Theft,2017,12,19,16,11,25XX E HASTINGS ST,Hastings-Sunrise,496188.7399,5458718.0508
Other Theft,2017,12,19,16,40,25XX E HASTINGS ST,Hastings-Sunrise,496188.7399,5458718.0508
Other Theft,2017,12,20,20,40,25XX E HASTINGS ST,Hastings-Sunrise,496188.7399,5458718.0508
Other Theft,2017,1,30,15,10,25XX GRANVILLE ST,Fairview,489914.2992,5456760.4112
Other Theft,2017,4,10,19,0,25XX GRANVILLE ST,Fairview,489914.2992,5456760.4112
Other Theft,2017,5,10,20,22,25XX GRANVILLE ST,Fairview,489914.2992,5456760.4112
Other Theft,2017,5,12,18,8,25XX GRANVILLE ST,Fairview,489914.2992,5456760.4112
Other Theft,2017,5,23,11,32,25XX GRANVILLE ST,Fairview,489914.2992,5456760.4112
Other Theft,2017,6,1,12,34,25XX GRANVILLE ST,Fairview,489914.2992,5456760.4112
Other Theft,2017,6,9,19,43,25XX GRANVILLE ST,Fairview,489914.2992,5456760.4112
Other Theft,2017,6,15,15,0,25XX GRANVILLE ST,Fairview,489914.2992,5456760.4112
Other Theft,2017,7,17,18,15,25XX GRANVILLE ST,Fairview,489914.2992,5456760.4112
Other Theft,2017,7,20,16,8,25XX GRANVILLE ST,Fairview,489914.2992,5456760.4112
Other Theft,2017,7,24,20,45,25XX GRANVILLE ST,Fairview,489914.2992,5456760.4112
Other Theft,2017,9,5,17,49,25XX GRANVILLE ST,Fairview,489914.2992,5456760.4112
Other Theft,2017,10,1,15,15,25XX GRANVILLE ST,Fairview,489914.2992,5456760.4112
Other Theft,2017,10,20,15,43,25XX GRANVILLE ST,Fairview,489914.2992,5456760.4112
Other Theft,2017,11,23,18,47,25XX GRANVILLE ST,Fairview,489914.2992,5456760.4112
Other Theft,2017,11,25,17,48,25XX GRANVILLE ST,Fairview,489914.2992,5456760.4112
Other Theft,2017,12,28,14,23,25XX GRANVILLE ST,Fairview,489914.2992,5456760.4112
Other Theft,2017,12,14,17,30,25XX GRANVILLE ST,Fairview,489914.9392,5456709.7162
Other Theft,2017,11,17,15,0,25XX GRANVILLE ST,Fairview,489923.3913,5456764.5822
Other Theft,2017,8,8,17,57,25XX GRANVILLE ST,Fairview,489923.4681,5456758.4988
Other Theft,2017,10,28,17,31,25XX GRANVILLE ST,Fairview,489923.8521,5456728.0818
Other Theft,2017,2,3,13,30,25XX GRAVELEY ST,Hastings-Sunrise,496066.4454,5457515.3534
Other Theft,2017,3,27,22,0,25XX HEMLOCK ST,Fairview,490093.1516,5456736.837
Other Theft,2017,6,5,1,53,25XX HEMLOCK ST,Fairview,490093.5526,5456747.5201
Other Theft,2017,4,30,20,2,25XX KINGSWAY AVE,Renfrew-Collingwood,496174.7227,5454055.758
Other Theft,2017,3,24,14,52,25XX LAUREL ST,Fairview,490959.7193,5456700.238
Other Theft,2017,10,2,12,0,25XX LIONS GT BRDG,Stanley Park,489717.7343,5462203.1448
Other Theft,2017,5,11,9,20,25XX MACKENZIE ST,Kitsilano,487628.9308,5456797.1589
Other Theft,2017,8,18,15,0,25XX MAIN ST,Mount Pleasant,492642.3379,5456637.9543
Other Theft,2017,9,4,16,30,25XX MAIN ST,Mount Pleasant,492642.3379,5456637.9543
Other Theft,2017,8,11,12,30,25XX MAIN ST,Mount Pleasant,492643.638,5456686.8003
Other Theft,2017,8,23,7,20,25XX MAIN ST,Mount Pleasant,492643.638,5456686.8003
Other Theft,2017,9,28,23,18,25XX MAIN ST,Mount Pleasant,492643.638,5456686.8003
Other Theft,2017,8,18,16,0,25XX MAPLE ST,Kitsilano,489051.6102,5456786.8581
Other Theft,2017,1,25,18,30,25XX OAK ST,Fairview,490792.2145,5456744.0401
Other Theft,2017,9,7,9,51,25XX QUEBEC ST,Mount Pleasant,492503.5211,5456667.5289
Other Theft,2017,4,11,9,17,25XX W 10TH AVE,Kitsilano,488094.112,5456705.4884
Other Theft,2017,9,13,20,49,25XX W 10TH AVE,Kitsilano,488094.112,5456705.4884
Other Theft,2017,10,17,14,30,25XX W 10TH AVE,Kitsilano,488094.112,5456705.4884
Other Theft,2017,11,1,0,0,25XX W 10TH AVE,Kitsilano,488153.4203,5456712.9765
Other Theft,2017,11,1,23,0,25XX W 12TH AVE,Kitsilano,488047.1829,5456499.7776
Other Theft,2017,10,8,5,7,25XX W 3RD AVE,Kitsilano,488192.7163,5457386.0894
Other Theft,2017,5,6,13,0,25XX W BROADWAY AVE,Kitsilano,488079.6095,5456823.8399
Other Theft,2017,1,25,17,16,25XX W BROADWAY AVE,Kitsilano,488179.1502,5456819.6866
Other Theft,2017,5,15,0,0,25XX WILLIAM ST,Hastings-Sunrise,496081.3287,5457937.3577
Other Theft,2017,7,5,22,15,25XX YORK AVE,Kitsilano,488080.1743,5457696.1746
Other Theft,2017,10,31,14,49,26XX ASH ST,Fairview,491448.7998,5456547.3315
Other Theft,2017,1,14,13,15,26XX COMMERCIAL DR,Kensington-Cedar Cottage,494915.5405,5456494.7945
Other Theft,2017,11,27,16,40,26XX COMMERCIAL DR,Kensington-Cedar Cottage,494915.5405,5456494.7945
Other Theft,2017,2,5,13,55,26XX COMMERCIAL DR,Kensington-Cedar Cottage,494915.7505,5456515.6033
Other Theft,2017,2,19,22,13,26XX COMMERCIAL DR,Kensington-Cedar Cottage,494915.7505,5456515.6033
Other Theft,2017,2,21,20,1,26XX COMMERCIAL DR,Kensington-Cedar Cottage,494924.831,5456509.2684
Other Theft,2017,9,2,14,12,26XX COMMERCIAL DR,Kensington-Cedar Cottage,494924.894,5456515.511
Other Theft,2017,12,27,10,56,26XX CRANBERRY DR,Kitsilano,488808.6361,5456631.0063
Other Theft,2017,5,30,4,1,26XX E 22ND AVE,Renfrew-Collingwood,496204.4171,5455313.1279
Other Theft,2017,3,8,16,26,26XX E 25TH AVE,Renfrew-Collingwood,496340.9782,5455014.3189
Other Theft,2017,8,28,21,4,26XX E 49TH AVE,Victoria-Fraserview,496027.6201,5452452.6213
Other Theft,2017,7,12,17,29,26XX E 49TH AVE,Victoria-Fraserview,496031.2613,5452452.5822
Other Theft,2017,3,27,19,18,26XX E 49TH AVE,Victoria-Fraserview,496038.5437,5452452.5039
Other Theft,2017,8,18,12,0,26XX E BROADWAY AVE,Hastings-Sunrise,496265.6289,5456588.3196
Other Theft,2017,9,18,4,37,26XX E BROADWAY AVE,Hastings-Sunrise,496265.6289,5456588.3196
Other Theft,2017,6,9,9,44,26XX E BROADWAY AVE,Renfrew-Collingwood,496207.025,5456579.2015
Other Theft,2017,6,9,13,40,26XX E BROADWAY AVE,Renfrew-Collingwood,496207.025,5456579.2015
Other Theft,2017,6,19,3,0,26XX E BROADWAY AVE,Renfrew-Collingwood,496207.025,5456579.2015
Other Theft,2017,12,18,14,0,26XX E BROADWAY AVE,Renfrew-Collingwood,496207.025,5456579.2015
Other Theft,2017,5,24,9,0,26XX E GEORGIA ST,Hastings-Sunrise,496235.1901,5458388.9707
Other Theft,2017,10,9,21,56,26XX E HASTINGS ST,Hastings-Sunrise,496291.8842,5458708.6205
Other Theft,2017,10,15,0,13,26XX E HASTINGS ST,Hastings-Sunrise,496291.8842,5458708.6205
Other Theft,2017,5,16,15,28,26XX E HASTINGS ST,Hastings-Sunrise,496299.272,5458717.7442
Other Theft,2017,6,8,16,33,26XX E HASTINGS ST,Hastings-Sunrise,496317.6532,5458708.5495
Other Theft,2017,3,15,16,10,26XX E HASTINGS ST,Hastings-Sunrise,496347.1287,5458717.6123
Other Theft,2017,6,21,17,39,26XX E PENDER ST,Hastings-Sunrise,496254.4746,5458604.8504
Other Theft,2017,9,12,18,33,26XX ETON ST,Hastings-Sunrise,496283.2889,5459438.947
Other Theft,2017,11,29,13,0,26XX GRANT ST,Hastings-Sunrise,496299.0918,5457628.302
Other Theft,2017,2,16,17,46,26XX GRANVILLE ST,Fairview,489913.1641,5456561.9582
Other Theft,2017,4,7,10,40,26XX GRANVILLE ST,Fairview,489913.964,5456595.6267
Other Theft,2017,9,12,10,25,26XX GRANVILLE ST,Fairview,489914.9051,5456635.2367
Other Theft,2017,10,8,18,48,26XX GRANVILLE ST,Fairview,489914.9522,5456637.2172
Other Theft,2017,2,24,18,13,26XX GRANVILLE ST,Fairview,489922.3056,5456561.741
Other Theft,2017,2,27,12,37,26XX GRANVILLE ST,Fairview,489922.3997,5456565.702
Other Theft,2017,6,13,16,37,26XX GRANVILLE ST,Fairview,489922.4938,5456569.663
Other Theft,2017,11,11,22,27,26XX GRANVILLE ST,Fairview,489923.0584,5456593.429
Other Theft,2017,10,10,19,40,26XX GRANVILLE ST,Fairview,489923.2467,5456601.351
Other Theft,2017,12,3,17,24,26XX GRANVILLE ST,Fairview,489923.2467,5456601.351
Other Theft,2017,6,7,16,51,26XX GRANVILLE ST,Fairview,489924.6112,5456658.7855
Other Theft,2017,4,16,0,0,26XX HORLEY ST,Renfrew-Collingwood,496444.4406,5454204.5056
Other Theft,2017,6,13,14,46,26XX KASLO ST,Renfrew-Collingwood,496572.4696,5456457.316
Other Theft,2017,2,20,15,0,26XX KINGSWAY AVE,Renfrew-Collingwood,496278.3298,5453992.7836
Other Theft,2017,10,26,19,45,26XX LARCH ST,Kitsilano,488181.1519,5456614.4266
Other Theft,2017,10,27,16,15,26XX LARCH ST,Kitsilano,488181.1519,5456614.4266
Other Theft,2017,11,2,8,50,26XX LARCH ST,Kitsilano,488181.1519,5456614.4266
Other Theft,2017,4,28,21,28,26XX LAUREL ST,Fairview,490883.8467,5456629.1953
Other Theft,2017,1,29,20,3,26XX MAIN ST,Mount Pleasant,492644.9733,5456539.6733
Other Theft,2017,6,8,23,0,26XX MAIN ST,Mount Pleasant,492655.5551,5456571.6002
Other Theft,2017,7,29,21,40,26XX MCGILL ST,Hastings-Sunrise,496393.4312,5459557.2578
Other Theft,2017,1,26,17,12,26XX NAPIER ST,Hastings-Sunrise,496372.4273,5458020.5644
Other Theft,2017,5,29,6,17,26XX PRINCE EDWARD ST,Mount Pleasant,493001.2499,5456497.1722
Other Theft,2017,11,30,16,12,26XX RENFREW ST,Renfrew-Collingwood,496768.7815,5456385.0983
Other Theft,2017,3,19,15,0,26XX RENFREW ST,Renfrew-Collingwood,496769.0086,5456394.7202
Other Theft,2017,5,28,10,0,26XX RUPERT ST,Renfrew-Collingwood,497554.0329,5456389.158
Other Theft,2017,10,10,18,0,26XX RUPERT ST,Renfrew-Collingwood,497554.0329,5456389.158
Other Theft,2017,3,15,11,0,26XX W 16TH AVE,Kitsilano,487967.9747,5456119.4074
Other Theft,2017,7,22,14,30,26XX W 16TH AVE,Kitsilano,487967.9747,5456119.4074
Other Theft,2017,11,25,15,30,26XX W BROADWAY AVE,Kitsilano,487891.3656,5456827.4985
Other Theft,2017,2,9,12,0,26XX W BROADWAY AVE,Kitsilano,487909.4114,5456827.3261
Other Theft,2017,11,28,18,0,27XX ALDER ST,Fairview,490438.5412,5456467.116
Other Theft,2017,12,27,17,0,27XX ALDER ST,Fairview,490438.5412,5456467.116
Other Theft,2017,3,13,23,36,27XX ARBUTUS ST,Kitsilano,488870.6848,5456545.3335
Other Theft,2017,1,4,13,0,27XX ASH ST,Fairview,491437.1073,5456434.9213
Other Theft,2017,12,1,12,6,27XX CAROLINA ST,Mount Pleasant,493367.7732,5456420.7296
Other Theft,2017,7,28,5,0,27XX CAROLINA ST,Mount Pleasant,493376.7372,5456432.6301
Other Theft,2017,10,24,19,0,27XX COMMERCIAL DR,Kensington-Cedar Cottage,494914.2308,5456380.4054
Other Theft,2017,5,8,21,0,27XX COMMERCIAL DR,Kensington-Cedar Cottage,494923.4019,5456382.1288
Other Theft,2017,7,15,13,0,27XX E 12TH AVE,Renfrew-Collingwood,496446.0819,5456225.1456
Other Theft,2017,8,17,8,57,27XX E 12TH AVE,Renfrew-Collingwood,496446.0819,5456225.1456
Other Theft,2017,8,29,8,15,27XX E 12TH AVE,Renfrew-Collingwood,496446.0819,5456225.1456
Other Theft,2017,6,2,9,26,27XX E 12TH AVE,Renfrew-Collingwood,496446.0819,5456225.1456
Other Theft,2017,1,30,19,27,27XX E 22ND AVE,Renfrew-Collingwood,496390.7987,5455310.8176
Other Theft,2017,12,16,11,15,27XX E 25TH AVE,Renfrew-Collingwood,496517.5333,5455012.895
Other Theft,2017,5,21,17,0,27XX E 8TH AVE,Hastings-Sunrise,496538.1561,5456683.333
Other Theft,2017,1,29,11,21,27XX E BROADWAY AVE,Renfrew-Collingwood,496397.7564,5456579.1005
Other Theft,2017,4,9,9,0,27XX E BROADWAY AVE,Renfrew-Collingwood,496397.7564,5456579.1005
Other Theft,2017,6,11,14,0,27XX E BROADWAY AVE,Renfrew-Collingwood,496397.7564,5456579.1005
Other Theft,2017,10,22,9,0,27XX E BROADWAY AVE,Renfrew-Collingwood,496397.7564,5456579.1005
Other Theft,2017,10,22,11,55,27XX E BROADWAY AVE,Renfrew-Collingwood,496397.7564,5456579.1005
Other Theft,2017,1,6,19,34,27XX E HASTINGS ST,Hastings-Sunrise,496507.236,5458707.9678
Other Theft,2017,1,23,1,20,27XX E HASTINGS ST,Hastings-Sunrise,496507.236,5458707.9678
Other Theft,2017,2,2,8,40,27XX E HASTINGS ST,Hastings-Sunrise,496507.236,5458707.9678
Other Theft,2017,2,13,17,30,27XX E HASTINGS ST,Hastings-Sunrise,496507.236,5458707.9678
Other Theft,2017,2,26,21,39,27XX E HASTINGS ST,Hastings-Sunrise,496507.236,5458707.9678
Other Theft,2017,5,14,14,15,27XX E HASTINGS ST,Hastings-Sunrise,496507.236,5458707.9678
Other Theft,2017,6,11,18,17,27XX E HASTINGS ST,Hastings-Sunrise,496507.236,5458707.9678
Other Theft,2017,8,4,14,39,27XX E HASTINGS ST,Hastings-Sunrise,496507.236,5458707.9678
Other Theft,2017,8,27,8,52,27XX E HASTINGS ST,Hastings-Sunrise,496507.236,5458707.9678
Other Theft,2017,9,21,15,33,27XX E HASTINGS ST,Hastings-Sunrise,496507.236,5458707.9678
Other Theft,2017,12,10,22,0,27XX E HASTINGS ST,Hastings-Sunrise,496507.236,5458707.9678
Other Theft,2017,11,15,8,53,27XX E HASTINGS ST,Hastings-Sunrise,496510.9709,5458707.9552
Other Theft,2017,3,5,10,53,27XX E HASTINGS ST,Hastings-Sunrise,496544.6156,5458716.9857
Other Theft,2017,3,20,12,5,27XX E HASTINGS ST,Hastings-Sunrise,496544.6156,5458716.9857
Other Theft,2017,7,17,9,16,27XX E HASTINGS ST,Hastings-Sunrise,496544.6156,5458716.9857
Other Theft,2017,1,1,20,39,27XX E HASTINGS ST,Hastings-Sunrise,496593.169,5458716.8218
Other Theft,2017,4,5,19,55,27XX E HASTINGS ST,Hastings-Sunrise,496593.169,5458716.8218
Other Theft,2017,5,6,18,2,27XX E HASTINGS ST,Hastings-Sunrise,496593.169,5458716.8218
Other Theft,2017,5,9,10,43,27XX E HASTINGS ST,Hastings-Sunrise,496593.169,5458716.8218
Other Theft,2017,7,13,9,23,27XX E HASTINGS ST,Hastings-Sunrise,496593.169,5458716.8218
Other Theft,2017,8,3,15,22,27XX E HASTINGS ST,Hastings-Sunrise,496593.169,5458716.8218
Other Theft,2017,9,7,14,25,27XX E HASTINGS ST,Hastings-Sunrise,496593.169,5458716.8218
Other Theft,2017,8,18,0,0,27XX E KENT AVE N,Killarney,496203.2326,5450373.524
Other Theft,2017,11,23,4,0,27XX E KENT AVE N,Killarney,496203.2326,5450373.524
Other Theft,2017,11,30,12,0,27XX E KENT AVE N,Killarney,496224.6811,5450376.3555
Other Theft,2017,11,7,10,27,27XX EUCLID AVE,Renfrew-Collingwood,496374.069,5454448.9943
Other Theft,2017,9,5,0,1,27XX FRANKLIN ST,Hastings-Sunrise,496466.475,5458808.9058
Other Theft,2017,3,1,23,17,27XX GRANT ST,Hastings-Sunrise,496578.9154,5457618.5155
Other Theft,2017,1,27,17,30,27XX GRANVILLE ST,Fairview,489911.4085,5456540.6284
Other Theft,2017,2,21,11,15,27XX GRANVILLE ST,Fairview,489911.5863,5456542.5671
Other Theft,2017,9,24,16,0,27XX GRANVILLE ST,Fairview,489912.1195,5456548.3832
Other Theft,2017,12,2,14,25,27XX GRANVILLE ST,Fairview,489912.2972,5456550.3219
Other Theft,2017,3,18,14,43,27XX GRANVILLE ST,Fairview,489912.4749,5456552.2606
Other Theft,2017,2,1,16,12,27XX GRANVILLE ST,Fairview,489915.1823,5456481.6327
Other Theft,2017,2,16,13,1,27XX GRANVILLE ST,Fairview,489915.1823,5456481.6327
Other Theft,2017,11,15,17,53,27XX GRANVILLE ST,Fairview,489915.1823,5456481.6327
Other Theft,2017,1,30,12,29,27XX GRANVILLE ST,Fairview,489921.403,5456549.4871
Other Theft,2017,3,10,17,12,27XX GRANVILLE ST,Fairview,489921.403,5456549.4871
Other Theft,2017,4,3,15,15,27XX HEATHER ST,Fairview,491268.9674,5456447.6265
Other Theft,2017,2,10,14,30,27XX HEATHER ST,Fairview,491269.2098,5456487.714
Other Theft,2017,9,12,18,0,27XX HEATHER ST,Fairview,491278.2497,5456470.4784
Other Theft,2017,8,1,13,4,27XX HORLEY ST,Renfrew-Collingwood,496512.997,5454151.5588
Other Theft,2017,9,26,14,15,27XX LAUREL ST,Fairview,490869.8264,5456482.69
Other Theft,2017,9,28,15,29,27XX LAUREL ST,Fairview,490879.7261,5456505.2654
Other Theft,2017,9,27,10,52,27XX MAIN ST,Mount Pleasant,492656.9708,5456437.6737
Other Theft,2017,5,31,18,45,27XX MAIN ST,Mount Pleasant,492658.057,5456477.0102
Other Theft,2017,12,28,10,0,27XX MAIN ST,Mount Pleasant,492658.1113,5456478.977
Other Theft,2017,7,22,15,29,27XX MAIN ST,Mount Pleasant,492658.2742,5456484.8775
Other Theft,2017,8,6,1,24,27XX MAPLE ST,Kitsilano,489036.4158,5456526.7512
Other Theft,2017,1,13,17,10,27XX NATAL ST,Renfrew-Collingwood,497807.1539,5456413.0316
Other Theft,2017,6,19,19,40,27XX OAK ST,Fairview,490786.8567,5456506.0961
Other Theft,2017,8,31,13,24,27XX OAK ST,Fairview,490786.8567,5456506.0961
Other Theft,2017,9,1,15,11,27XX OAK ST,Fairview,490786.8567,5456506.0961
Other Theft,2017,9,13,12,25,27XX OAK ST,Fairview,490786.8567,5456506.0961
Other Theft,2017,9,18,13,2,27XX OAK ST,Fairview,490786.8567,5456506.0961
Other Theft,2017,10,11,16,15,27XX OAK ST,Fairview,490786.8567,5456506.0961
Other Theft,2017,10,2,18,0,27XX PARKER ST,Hastings-Sunrise,496474.5293,5458111.7744
Other Theft,2017,2,5,0,0,27XX PRINCE EDWARD ST,Mount Pleasant,492995.797,5456398.0327
Other Theft,2017,2,12,1,0,27XX PRINCE EDWARD ST,Mount Pleasant,492995.797,5456398.0327
Other Theft,2017,8,15,20,0,27XX PRINCE EDWARD ST,Mount Pleasant,493003.4849,5456372.6454
Other Theft,2017,12,3,3,0,27XX PRINCE EDWARD ST,Mount Pleasant,493003.4849,5456372.6454
Other Theft,2017,2,2,8,49,27XX SOPHIA ST,Mount Pleasant,492843.1683,5456409.6615
Other Theft,2017,5,29,19,58,27XX SOPHIA ST,Mount Pleasant,492843.1683,5456409.6615
Other Theft,2017,5,25,0,36,27XX SOPHIA ST,Mount Pleasant,492854.0633,5456482.4387
Other Theft,2017,12,4,14,30,27XX ST GEORGE ST,Mount Pleasant,493234.8111,5456392.3056
Other Theft,2017,8,29,18,0,27XX SW MARINE DR,Kerrisdale,487758.8528,5452559.6384
Other Theft,2017,5,10,10,0,27XX TRAFALGAR ST,Kitsilano,488020.3796,5456612.3493
Other Theft,2017,4,13,12,0,27XX TRINITY ST,Hastings-Sunrise,496504.5912,5459667.2424
Other Theft,2017,3,15,14,0,27XX TRINITY ST,Hastings-Sunrise,496552.0283,5459667.2011
Other Theft,2017,6,24,13,0,27XX VICTORIA DR,Kensington-Cedar Cottage,495206.7287,5456374.0637
Other Theft,2017,10,29,18,0,27XX W 15TH AVE,Kitsilano,487828.5928,5456226.9647
Other Theft,2017,1,8,9,30,27XX W 16TH AVE,Arbutus Ridge,487858.766,5456097.4234
Other Theft,2017,9,15,14,0,27XX W 2ND AVE,Kitsilano,487889.8826,5457492.7376
Other Theft,2017,3,27,19,15,27XX W 3RD AVE,Kitsilano,487807.0016,5457395.3785
Other Theft,2017,2,2,4,45,27XX W 4TH AVE,Kitsilano,487783.7792,5457308.676
Other Theft,2017,6,7,13,58,27XX W BROADWAY AVE,Kitsilano,487769.0148,5456821.9346
Other Theft,2017,8,11,7,30,27XX W BROADWAY AVE,Kitsilano,487813.4069,5456820.6047
Other Theft,2017,1,28,23,15,27XX W BROADWAY AVE,Kitsilano,487846.3908,5456828.7646
Other Theft,2017,2,6,23,15,27XX W BROADWAY AVE,Kitsilano,487846.3908,5456828.7646
Other Theft,2017,3,15,15,8,27XX W BROADWAY AVE,Kitsilano,487846.3908,5456828.7646
Other Theft,2017,4,14,17,59,27XX W BROADWAY AVE,Kitsilano,487846.3908,5456828.7646
Other Theft,2017,5,23,10,58,27XX W BROADWAY AVE,Kitsilano,487846.3908,5456828.7646
Other Theft,2017,7,7,9,5,27XX W BROADWAY AVE,Kitsilano,487846.3908,5456828.7646
Other Theft,2017,7,25,16,0,27XX W BROADWAY AVE,Kitsilano,487846.3908,5456828.7646
Other Theft,2017,10,23,7,30,27XX W BROADWAY AVE,Kitsilano,487846.3908,5456828.7646
Other Theft,2017,12,20,15,5,27XX W BROADWAY AVE,Kitsilano,487846.3908,5456828.7646
Other Theft,2017,8,30,17,20,27XX W BROADWAY AVE,Kitsilano,487867.1448,5456818.9947
Other Theft,2017,9,25,16,0,27XX W BROADWAY AVE,Kitsilano,487867.1448,5456818.9947
Other Theft,2017,4,16,8,0,27XX WATERLOO ST,Kitsilano,486904.8685,5456561.0753
Other Theft,2017,10,26,1,39,28XX ADANAC ST,Hastings-Sunrise,496689.4811,5458305.6547
Other Theft,2017,4,8,12,43,28XX BENTALL ST,Renfrew-Collingwood,497676.0248,5456258.4668
Other Theft,2017,8,18,15,55,28XX BENTALL ST,Renfrew-Collingwood,497676.1506,5456238.1037
Other Theft,2017,9,2,17,19,28XX BENTALL ST,Renfrew-Collingwood,497676.1506,5456238.1037
Other Theft,2017,9,3,12,32,28XX BENTALL ST,Renfrew-Collingwood,497676.1506,5456238.1037
Other Theft,2017,9,28,17,40,28XX BENTALL ST,Renfrew-Collingwood,497676.1506,5456238.1037
Other Theft,2017,11,5,15,59,28XX BENTALL ST,Renfrew-Collingwood,497676.1506,5456238.1037
Other Theft,2017,11,15,9,31,28XX BENTALL ST,Renfrew-Collingwood,497676.1506,5456238.1037
Other Theft,2017,11,17,18,53,28XX BENTALL ST,Renfrew-Collingwood,497676.1506,5456238.1037
Other Theft,2017,12,28,17,6,28XX BENTALL ST,Renfrew-Collingwood,497676.1506,5456238.1037
Other Theft,2017,4,13,9,15,28XX BENTALL ST,Renfrew-Collingwood,497676.1506,5456238.1037
Other Theft,2017,5,26,15,40,28XX BENTALL ST,Renfrew-Collingwood,497676.1506,5456238.1037
Other Theft,2017,5,26,15,43,28XX BENTALL ST,Renfrew-Collingwood,497676.1506,5456238.1037
Other Theft,2017,6,19,15,6,28XX BENTALL ST,Renfrew-Collingwood,497676.1506,5456238.1037
Other Theft,2017,1,8,17,35,28XX BENTALL ST,Renfrew-Collingwood,497676.2065,5456229.2665
Other Theft,2017,9,12,12,43,28XX BENTALL ST,Renfrew-Collingwood,497676.2065,5456229.2665
Other Theft,2017,12,11,22,12,28XX BENTALL ST,Renfrew-Collingwood,497676.2065,5456229.2665
Other Theft,2017,1,17,12,55,28XX BENTALL ST,Renfrew-Collingwood,497676.2134,5456227.9222
Other Theft,2017,1,29,18,0,28XX BENTALL ST,Renfrew-Collingwood,497676.2134,5456227.9222
Other Theft,2017,3,26,18,19,28XX BENTALL ST,Renfrew-Collingwood,497676.2134,5456227.9222
Other Theft,2017,4,24,20,10,28XX BENTALL ST,Renfrew-Collingwood,497676.2134,5456227.9222
Other Theft,2017,5,21,16,45,28XX BENTALL ST,Renfrew-Collingwood,497676.2134,5456227.9222
Other Theft,2017,6,21,19,5,28XX BENTALL ST,Renfrew-Collingwood,497676.2134,5456227.9222
Other Theft,2017,7,9,16,35,28XX BENTALL ST,Renfrew-Collingwood,497676.2134,5456227.9222
Other Theft,2017,7,9,18,48,28XX BENTALL ST,Renfrew-Collingwood,497676.2134,5456227.9222
Other Theft,2017,8,3,14,30,28XX BENTALL ST,Renfrew-Collingwood,497676.2134,5456227.9222
Other Theft,2017,8,17,11,32,28XX BENTALL ST,Renfrew-Collingwood,497676.2134,5456227.9222
Other Theft,2017,8,17,22,35,28XX BENTALL ST,Renfrew-Collingwood,497676.2134,5456227.9222
Other Theft,2017,8,22,15,15,28XX BENTALL ST,Renfrew-Collingwood,497676.2134,5456227.9222
Other Theft,2017,9,2,17,50,28XX BENTALL ST,Renfrew-Collingwood,497676.2134,5456227.9222
Other Theft,2017,9,4,21,15,28XX BENTALL ST,Renfrew-Collingwood,497676.2134,5456227.9222
Other Theft,2017,9,11,14,16,28XX BENTALL ST,Renfrew-Collingwood,497676.2134,5456227.9222
Other Theft,2017,9,11,20,14,28XX BENTALL ST,Renfrew-Collingwood,497676.2134,5456227.9222
Other Theft,2017,9,14,20,40,28XX BENTALL ST,Renfrew-Collingwood,497676.2134,5456227.9222
Other Theft,2017,10,4,17,38,28XX BENTALL ST,Renfrew-Collingwood,497676.2134,5456227.9222
Other Theft,2017,10,4,21,42,28XX BENTALL ST,Renfrew-Collingwood,497676.2134,5456227.9222
Other Theft,2017,10,13,18,30,28XX BENTALL ST,Renfrew-Collingwood,497676.2134,5456227.9222
Other Theft,2017,10,16,12,30,28XX BENTALL ST,Renfrew-Collingwood,497676.2134,5456227.9222
Other Theft,2017,10,30,17,7,28XX BENTALL ST,Renfrew-Collingwood,497676.2134,5456227.9222
Other Theft,2017,11,10,19,24,28XX BENTALL ST,Renfrew-Collingwood,497676.2134,5456227.9222
Other Theft,2017,11,21,17,17,28XX BENTALL ST,Renfrew-Collingwood,497676.2134,5456227.9222
Other Theft,2017,11,21,19,2,28XX BENTALL ST,Renfrew-Collingwood,497676.2134,5456227.9222
Other Theft,2017,11,23,19,26,28XX BENTALL ST,Renfrew-Collingwood,497676.2134,5456227.9222
Other Theft,2017,12,7,21,48,28XX BENTALL ST,Renfrew-Collingwood,497676.2134,5456227.9222
Other Theft,2017,1,4,12,30,28XX BENTALL ST,Renfrew-Collingwood,497676.2134,5456227.9222
Other Theft,2017,1,5,10,12,28XX BENTALL ST,Renfrew-Collingwood,497676.2134,5456227.9222
Other Theft,2017,1,28,20,27,28XX BENTALL ST,Renfrew-Collingwood,497676.2134,5456227.9222
Other Theft,2017,1,30,19,30,28XX BENTALL ST,Renfrew-Collingwood,497676.2134,5456227.9222
Other Theft,2017,2,3,14,19,28XX BENTALL ST,Renfrew-Collingwood,497676.2134,5456227.9222
Other Theft,2017,2,4,15,16,28XX BENTALL ST,Renfrew-Collingwood,497676.2134,5456227.9222
Other Theft,2017,2,15,18,22,28XX BENTALL ST,Renfrew-Collingwood,497676.2134,5456227.9222
Other Theft,2017,2,16,13,59,28XX BENTALL ST,Renfrew-Collingwood,497676.2134,5456227.9222
Other Theft,2017,3,17,21,6,28XX BENTALL ST,Renfrew-Collingwood,497676.2134,5456227.9222
Other Theft,2017,3,28,18,28,28XX BENTALL ST,Renfrew-Collingwood,497676.2134,5456227.9222
Other Theft,2017,4,9,15,39,28XX BENTALL ST,Renfrew-Collingwood,497676.2134,5456227.9222
Other Theft,2017,4,19,13,40,28XX BENTALL ST,Renfrew-Collingwood,497676.2134,5456227.9222
Other Theft,2017,4,29,14,48,28XX BENTALL ST,Renfrew-Collingwood,497676.2134,5456227.9222
Other Theft,2017,6,30,16,17,28XX BENTALL ST,Renfrew-Collingwood,497676.2134,5456227.9222
Other Theft,2017,4,8,17,45,28XX BENTALL ST,Renfrew-Collingwood,497676.2637,5456219.777
Other Theft,2017,1,31,12,13,28XX BENTALL ST,Renfrew-Collingwood,497676.4021,5456197.3776
Other Theft,2017,6,3,17,50,28XX BENTALL ST,Renfrew-Collingwood,497676.5279,5456177.0145
Other Theft,2017,7,30,8,12,28XX BENTALL ST,Renfrew-Collingwood,497676.5279,5456177.0145
Other Theft,2017,1,18,13,0,28XX E 1ST AVE,Hastings-Sunrise,496590.7519,5457399.7562
Other Theft,2017,2,11,20,20,28XX E 1ST AVE,Hastings-Sunrise,496590.7519,5457399.7562
Other Theft,2017,2,23,20,10,28XX E 1ST AVE,Hastings-Sunrise,496590.7519,5457399.7562
Other Theft,2017,3,3,10,22,28XX E 1ST AVE,Hastings-Sunrise,496590.7519,5457399.7562
Other Theft,2017,5,15,22,26,28XX E 1ST AVE,Hastings-Sunrise,496590.7519,5457399.7562
Other Theft,2017,8,25,14,1,28XX E 1ST AVE,Hastings-Sunrise,496590.7519,5457399.7562
Other Theft,2017,9,14,21,49,28XX E 1ST AVE,Hastings-Sunrise,496590.7519,5457399.7562
Other Theft,2017,9,15,21,22,28XX E 1ST AVE,Hastings-Sunrise,496590.7519,5457399.7562
Other Theft,2017,10,10,17,5,28XX E 1ST AVE,Hastings-Sunrise,496590.7519,5457399.7562
Other Theft,2017,10,22,19,10,28XX E 1ST AVE,Hastings-Sunrise,496590.7519,5457399.7562
Other Theft,2017,11,27,22,40,28XX E 1ST AVE,Hastings-Sunrise,496590.7519,5457399.7562
Other Theft,2017,11,28,21,3,28XX E 1ST AVE,Hastings-Sunrise,496590.7519,5457399.7562
Other Theft,2017,12,3,11,46,28XX E 1ST AVE,Hastings-Sunrise,496590.7519,5457399.7562
Other Theft,2017,12,16,13,39,28XX E 1ST AVE,Hastings-Sunrise,496590.7519,5457399.7562
Other Theft,2017,12,16,17,11,28XX E 1ST AVE,Hastings-Sunrise,496590.7519,5457399.7562
Other Theft,2017,12,24,15,15,28XX E 1ST AVE,Hastings-Sunrise,496590.7519,5457399.7562
Other Theft,2017,1,1,0,0,28XX E 1ST AVE,Hastings-Sunrise,496594.7144,5457399.7182
Other Theft,2017,1,3,22,45,28XX E 1ST AVE,Hastings-Sunrise,496594.7144,5457399.7182
Other Theft,2017,10,23,8,0,28XX E 25TH AVE,Renfrew-Collingwood,496657.9403,5455020.9478
Other Theft,2017,2,6,7,30,28XX E 42ND AVE,Killarney,496457.736,5453255.3324
Other Theft,2017,7,29,10,46,28XX E 54TH AVE,Killarney,496538.8086,5451941.1733
Other Theft,2017,9,23,17,15,28XX E 5TH AVE,Hastings-Sunrise,496680.833,5456989.4349
Other Theft,2017,7,5,17,30,28XX E 6TH AVE,Hastings-Sunrise,496695.8155,5456883.9377
Other Theft,2017,7,20,8,45,28XX E 7TH AVE,Hastings-Sunrise,496614.6806,5456785.3917
Other Theft,2017,7,6,13,30,28XX E HASTINGS ST,Hastings-Sunrise,496777.0101,5458707.64
Other Theft,2017,9,14,0,38,28XX E HASTINGS ST,Hastings-Sunrise,496777.0101,5458707.64
Other Theft,2017,10,28,1,30,28XX E HASTINGS ST,Hastings-Sunrise,496777.0101,5458707.64
Other Theft,2017,12,21,18,0,28XX E KENT AVE S,Killarney,496451.2431,5450367.1571
Other Theft,2017,12,22,5,23,28XX E KENT AVE S,Killarney,496453.0518,5450367.3974
Other Theft,2017,9,10,14,10,28XX GRANDVIEW HWY,Renfrew-Collingwood,496736.3257,5456155.0773
Other Theft,2017,11,7,19,14,28XX GRANDVIEW HWY,Renfrew-Collingwood,496751.0918,5456164.2538
Other Theft,2017,11,18,13,50,28XX GRANDVIEW HWY,Renfrew-Collingwood,496758.4849,5456164.2701
Other Theft,2017,1,27,9,26,28XX GRANT ST,Hastings-Sunrise,496596.1537,5457618.4989
Other Theft,2017,8,3,9,57,28XX GRANVILLE ST,Fairview,489902.2986,5456391.4684
Other Theft,2017,1,21,12,48,28XX GRANVILLE ST,Fairview,489910.7628,5456361.8378
Other Theft,2017,3,13,19,5,28XX GRANVILLE ST,Fairview,489910.7628,5456361.8378
Other Theft,2017,3,19,15,46,28XX GRANVILLE ST,Fairview,489910.7628,5456361.8378
Other Theft,2017,4,3,23,18,28XX GRANVILLE ST,Fairview,489910.7628,5456361.8378
Other Theft,2017,5,23,14,31,28XX GRANVILLE ST,Fairview,489910.7628,5456361.8378
Other Theft,2017,3,19,21,34,28XX GRANVILLE ST,Fairview,489910.7628,5456361.8378
Other Theft,2017,6,4,21,59,28XX GRANVILLE ST,Fairview,489910.7628,5456361.8378
Other Theft,2017,6,13,15,40,28XX GRANVILLE ST,Fairview,489910.7628,5456361.8378
Other Theft,2017,6,17,10,54,28XX GRANVILLE ST,Fairview,489910.7628,5456361.8378
Other Theft,2017,7,21,16,50,28XX GRANVILLE ST,Fairview,489910.7628,5456361.8378
Other Theft,2017,7,31,9,28,28XX GRANVILLE ST,Fairview,489910.7628,5456361.8378
Other Theft,2017,9,7,17,37,28XX GRANVILLE ST,Fairview,489910.7628,5456361.8378
Other Theft,2017,9,9,23,36,28XX GRANVILLE ST,Fairview,489910.7628,5456361.8378
Other Theft,2017,9,10,23,1,28XX GRANVILLE ST,Fairview,489910.7628,5456361.8378
Other Theft,2017,9,25,10,33,28XX GRANVILLE ST,Fairview,489910.7628,5456361.8378
Other Theft,2017,1,29,12,48,28XX GRANVILLE ST,Fairview,489912.2142,5456424.881
Other Theft,2017,2,2,10,46,28XX GRANVILLE ST,Fairview,489912.2142,5456424.881
Other Theft,2017,2,21,11,46,28XX GRANVILLE ST,Fairview,489912.2142,5456424.881
Other Theft,2017,3,8,10,40,28XX GRANVILLE ST,Fairview,489912.2142,5456424.881
Other Theft,2017,3,28,16,23,28XX GRANVILLE ST,Fairview,489912.2142,5456424.881
Other Theft,2017,2,16,14,51,28XX GRANVILLE ST,Fairview,489912.4077,5456433.2867
Other Theft,2017,7,11,10,30,28XX HORLEY ST,Renfrew-Collingwood,496629.6985,5454079.8853
Other Theft,2017,11,30,12,35,28XX KINGSWAY AVE,Renfrew-Collingwood,496627.6818,5453750.8715
Other Theft,2017,7,1,16,45,28XX MAIN ST,Mount Pleasant,492638.9835,5456306.6956
Other Theft,2017,10,14,10,3,28XX PARKER ST,Hastings-Sunrise,496593.3939,5458064.9526
Other Theft,2017,7,3,19,10,28XX PENTICTON ST,Renfrew-Collingwood,496147.9226,5456263.7063
Other Theft,2017,7,17,19,40,28XX ST GEORGE ST,Mount Pleasant,493223.6915,5456252.2334
Other Theft,2017,4,3,0,0,28XX TRINITY ST,Hastings-Sunrise,496669.8394,5459667.0448
Other Theft,2017,11,14,17,0,28XX W 17TH AVE,Arbutus Ridge,487629.2529,5456046.908
Other Theft,2017,10,21,16,5,28XX W 41ST AVE,Arbutus Ridge,487803.7402,5453568.1213
Other Theft,2017,11,17,0,0,28XX W 41ST AVE,Arbutus Ridge,487803.7402,5453568.1213
Other Theft,2017,7,14,14,40,28XX W 4TH AVE,Kitsilano,487619.13,5457303.6247
Other Theft,2017,4,5,17,55,28XX W BROADWAY AVE,Kitsilano,487633.1144,5456823.7439
Other Theft,2017,11,3,14,23,28XX W BROADWAY AVE,Kitsilano,487633.1144,5456823.7439
Other Theft,2017,8,18,13,30,28XX W BROADWAY AVE,Kitsilano,487640.6252,5456832.7921
Other Theft,2017,1,7,14,32,28XX W BROADWAY AVE,Kitsilano,487717.7751,5456831.8001
Other Theft,2017,7,5,17,24,28XX W BROADWAY AVE,Kitsilano,487741.2555,5456831.4982
Other Theft,2017,7,16,16,4,28XX W BROADWAY AVE,Kitsilano,487750.5849,5456822.2334
Other Theft,2017,7,8,16,21,28XX W BROADWAY AVE,Kitsilano,487758.0272,5456831.2825
Other Theft,2017,1,29,11,49,29XX ALDER ST,Fairview,490432.6738,5456245.3774
Other Theft,2017,5,22,20,0,29XX CAMBIE ST,Fairview,491626.283,5456245.9711
Other Theft,2017,9,19,14,52,29XX CAMBIE ST,Fairview,491626.7035,5456286.6212
Other Theft,2017,4,1,0,1,29XX COLUMBIA ST,Mount Pleasant,492029.3414,5456281.4085
Other Theft,2017,10,28,20,0,29XX COMMERCIAL DR,Kensington-Cedar Cottage,494921.1741,5456185.8729
Other Theft,2017,7,24,17,30,29XX E 22ND AVE,Renfrew-Collingwood,496860.3506,5455322.5133
Other Theft,2017,7,24,19,30,29XX E 22ND AVE,Renfrew-Collingwood,496860.3506,5455322.5133
Other Theft,2017,9,20,17,30,29XX E 22ND AVE,Renfrew-Collingwood,496860.3506,5455322.5133
Other Theft,2017,11,23,16,30,29XX E 22ND AVE,Renfrew-Collingwood,496860.3506,5455322.5133
Other Theft,2017,12,18,15,0,29XX E 22ND AVE,Renfrew-Collingwood,496860.3506,5455322.5133
Other Theft,2017,11,14,16,0,29XX E 29TH AVE,Renfrew-Collingwood,496863.61,5454639.362
Other Theft,2017,7,7,8,0,29XX E 42ND AVE,Killarney,496690.3364,5453251.1933
Other Theft,2017,3,6,2,39,29XX E 4TH AVE,Hastings-Sunrise,496857.9212,5457096.4341
Other Theft,2017,12,13,18,32,29XX E 54TH AVE,Killarney,496765.2719,5451929.9445
Other Theft,2017,1,1,9,0,29XX E HASTINGS ST,Hastings-Sunrise,496808.7101,5458716.797
Other Theft,2017,5,7,10,0,29XX E HASTINGS ST,Hastings-Sunrise,496808.7101,5458716.797
Other Theft,2017,5,7,15,30,29XX E HASTINGS ST,Hastings-Sunrise,496808.7101,5458716.797
Other Theft,2017,5,9,11,0,29XX E HASTINGS ST,Hastings-Sunrise,496808.7101,5458716.797
Other Theft,2017,5,9,11,40,29XX E HASTINGS ST,Hastings-Sunrise,496808.7101,5458716.797
Other Theft,2017,6,11,17,12,29XX E HASTINGS ST,Hastings-Sunrise,496808.7101,5458716.797
Other Theft,2017,7,13,22,30,29XX E HASTINGS ST,Hastings-Sunrise,496808.7101,5458716.797
Other Theft,2017,8,14,12,30,29XX E HASTINGS ST,Hastings-Sunrise,496808.7101,5458716.797
Other Theft,2017,8,20,21,0,29XX E HASTINGS ST,Hastings-Sunrise,496808.7101,5458716.797
Other Theft,2017,8,23,16,0,29XX E HASTINGS ST,Hastings-Sunrise,496808.7101,5458716.797
Other Theft,2017,8,26,0,33,29XX E HASTINGS ST,Hastings-Sunrise,496808.7101,5458716.797
Other Theft,2017,9,2,14,50,29XX E HASTINGS ST,Hastings-Sunrise,496808.7101,5458716.797
Other Theft,2017,9,2,16,15,29XX E HASTINGS ST,Hastings-Sunrise,496808.7101,5458716.797
Other Theft,2017,9,4,17,0,29XX E HASTINGS ST,Hastings-Sunrise,496808.7101,5458716.797
Other Theft,2017,9,17,16,0,29XX E HASTINGS ST,Hastings-Sunrise,496808.7101,5458716.797
Other Theft,2017,9,19,11,15,29XX E HASTINGS ST,Hastings-Sunrise,496808.7101,5458716.797
Other Theft,2017,10,12,16,18,29XX E HASTINGS ST,Hastings-Sunrise,496808.7101,5458716.797
Other Theft,2017,10,14,0,52,29XX E HASTINGS ST,Hastings-Sunrise,496808.7101,5458716.797
Other Theft,2017,10,14,23,15,29XX E HASTINGS ST,Hastings-Sunrise,496808.7101,5458716.797
Other Theft,2017,10,15,0,30,29XX E HASTINGS ST,Hastings-Sunrise,496808.7101,5458716.797
Other Theft,2017,10,24,21,15,29XX E HASTINGS ST,Hastings-Sunrise,496808.7101,5458716.797
Other Theft,2017,11,21,15,35,29XX E PENDER ST,Hastings-Sunrise,496950.2399,5458601.8066
Other Theft,2017,3,5,14,30,29XX GRANDVIEW HWY,Renfrew-Collingwood,496793.4821,5456154.8447
Other Theft,2017,6,1,10,55,29XX GRANDVIEW HWY,Renfrew-Collingwood,496793.4821,5456154.8447
Other Theft,2017,5,3,2,30,29XX GRANDVIEW HWY,Renfrew-Collingwood,496804.6068,5456163.6909
Other Theft,2017,7,7,11,36,29XX GRANDVIEW HWY,Renfrew-Collingwood,496804.6068,5456163.6909
Other Theft,2017,9,4,14,10,29XX GRANDVIEW HWY,Renfrew-Collingwood,496804.6068,5456163.6909
Other Theft,2017,11,12,16,58,29XX GRANDVIEW HWY,Renfrew-Collingwood,496804.6068,5456163.6909
Other Theft,2017,7,19,15,0,29XX GRANDVIEW HWY,Renfrew-Collingwood,496967.765,5456159.2731
Other Theft,2017,7,21,10,0,29XX GRANDVIEW HWY,Renfrew-Collingwood,496967.765,5456159.2731
Other Theft,2017,9,19,9,0,29XX GRANDVIEW HWY,Renfrew-Collingwood,496967.765,5456159.2731
Other Theft,2017,1,14,16,27,29XX GRANVILLE ST,Fairview,489901.3023,5456312.7362
Other Theft,2017,8,24,17,30,29XX GRANVILLE ST,Fairview,489901.3023,5456312.7362
Other Theft,2017,1,13,18,0,29XX GRANVILLE ST,Fairview,489901.3024,5456343.2587
Other Theft,2017,4,23,17,45,29XX GRANVILLE ST,Fairview,489910.4464,5456333.7203
Other Theft,2017,12,16,14,47,29XX GRANVILLE ST,Fairview,489910.4464,5456333.7203
Other Theft,2017,3,3,11,48,29XX HEBB AVE,Renfrew-Collingwood,496792.2989,5456276.9102
Other Theft,2017,8,2,20,5,29XX HEBB AVE,Renfrew-Collingwood,496792.2989,5456276.9102
Other Theft,2017,9,13,13,54,29XX HEBB AVE,Renfrew-Collingwood,496792.2989,5456276.9102
Other Theft,2017,9,16,13,30,29XX HEBB AVE,Renfrew-Collingwood,496792.2989,5456276.9102
Other Theft,2017,12,11,13,27,29XX HEBB AVE,Renfrew-Collingwood,496792.2989,5456276.9102
Other Theft,2017,10,23,18,43,29XX KINGSWAY AVE,Renfrew-Collingwood,496717.1701,5453712.8907
Other Theft,2017,12,20,17,0,29XX KINGSWAY AVE,Renfrew-Collingwood,496717.1701,5453712.8907
Other Theft,2017,4,25,15,45,29XX KINGSWAY AVE,Renfrew-Collingwood,496881.8502,5453695.1218
Other Theft,2017,11,30,15,10,29XX KINGSWAY AVE,Renfrew-Collingwood,496881.8502,5453695.1218
Other Theft,2017,1,17,13,41,29XX MAIN ST,Mount Pleasant,492637.6703,5456237.819
Other Theft,2017,2,13,13,49,29XX MAIN ST,Mount Pleasant,492637.6715,5456237.8605
Other Theft,2017,2,16,18,24,29XX MAIN ST,Mount Pleasant,492637.6715,5456237.8605
Other Theft,2017,3,3,11,10,29XX MAIN ST,Mount Pleasant,492637.6715,5456237.8605
Other Theft,2017,3,12,18,38,29XX MAIN ST,Mount Pleasant,492637.6715,5456237.8605
Other Theft,2017,3,18,11,12,29XX MAIN ST,Mount Pleasant,492637.6715,5456237.8605
Other Theft,2017,3,27,14,30,29XX MAIN ST,Mount Pleasant,492637.6715,5456237.8605
Other Theft,2017,3,27,17,22,29XX MAIN ST,Mount Pleasant,492637.6715,5456237.8605
Other Theft,2017,4,5,11,15,29XX MAIN ST,Mount Pleasant,492637.6715,5456237.8605
Other Theft,2017,4,10,11,1,29XX MAIN ST,Mount Pleasant,492637.6715,5456237.8605
Other Theft,2017,4,15,16,22,29XX MAIN ST,Mount Pleasant,492637.6715,5456237.8605
Other Theft,2017,4,29,21,13,29XX MAIN ST,Mount Pleasant,492637.6715,5456237.8605
Other Theft,2017,4,30,21,23,29XX MAIN ST,Mount Pleasant,492637.6715,5456237.8605
Other Theft,2017,5,7,20,2,29XX MAIN ST,Mount Pleasant,492637.6715,5456237.8605
Other Theft,2017,5,31,9,31,29XX MAIN ST,Mount Pleasant,492637.6715,5456237.8605
Other Theft,2017,6,12,21,10,29XX MAIN ST,Mount Pleasant,492637.6715,5456237.8605
Other Theft,2017,6,18,14,48,29XX MAIN ST,Mount Pleasant,492637.6715,5456237.8605
Other Theft,2017,7,15,18,15,29XX MAIN ST,Mount Pleasant,492637.6715,5456237.8605
Other Theft,2017,7,18,17,13,29XX MAIN ST,Mount Pleasant,492637.6715,5456237.8605
Other Theft,2017,7,19,15,0,29XX MAIN ST,Mount Pleasant,492637.6715,5456237.8605
Other Theft,2017,7,21,14,26,29XX MAIN ST,Mount Pleasant,492637.6715,5456237.8605
Other Theft,2017,8,13,10,30,29XX MAIN ST,Mount Pleasant,492637.6715,5456237.8605
Other Theft,2017,8,21,13,23,29XX MAIN ST,Mount Pleasant,492637.6715,5456237.8605
Other Theft,2017,8,26,17,42,29XX MAIN ST,Mount Pleasant,492637.6715,5456237.8605
Other Theft,2017,9,15,21,35,29XX MAIN ST,Mount Pleasant,492637.6715,5456237.8605
Other Theft,2017,9,28,17,18,29XX MAIN ST,Mount Pleasant,492637.6715,5456237.8605
Other Theft,2017,9,29,12,55,29XX MAIN ST,Mount Pleasant,492637.6715,5456237.8605
Other Theft,2017,10,9,15,52,29XX MAIN ST,Mount Pleasant,492637.6715,5456237.8605
Other Theft,2017,10,10,17,58,29XX MAIN ST,Mount Pleasant,492637.6715,5456237.8605
Other Theft,2017,10,15,16,10,29XX MAIN ST,Mount Pleasant,492637.6715,5456237.8605
Other Theft,2017,10,17,10,40,29XX MAIN ST,Mount Pleasant,492637.6715,5456237.8605
Other Theft,2017,10,19,15,9,29XX MAIN ST,Mount Pleasant,492637.6715,5456237.8605
Other Theft,2017,11,15,16,50,29XX MAIN ST,Mount Pleasant,492637.6715,5456237.8605
Other Theft,2017,11,29,14,3,29XX MAIN ST,Mount Pleasant,492637.6715,5456237.8605
Other Theft,2017,12,23,16,9,29XX MAIN ST,Mount Pleasant,492637.6715,5456237.8605
Other Theft,2017,5,5,19,1,29XX MAIN ST,Mount Pleasant,492638.013,5456257.2885
Other Theft,2017,8,16,7,53,29XX MAIN ST,Mount Pleasant,492646.2676,5456206.6148
Other Theft,2017,12,27,7,45,29XX MAIN ST,Mount Pleasant,492646.2676,5456206.6148
Other Theft,2017,10,30,21,0,29XX MAIN ST,Mount Pleasant,492647.5655,5456280.4415
Other Theft,2017,2,17,11,45,29XX MAIN ST,Mount Pleasant,492647.5996,5456282.3843
Other Theft,2017,7,3,20,15,29XX MAIN ST,Mount Pleasant,492647.5996,5456282.3843
Other Theft,2017,9,7,17,30,29XX MAIN ST,Mount Pleasant,492647.5996,5456282.3843
Other Theft,2017,11,20,16,45,29XX MCGILL ST,Hastings-Sunrise,496979.0553,5459566.3039
Other Theft,2017,5,13,21,0,29XX PINE ST,Fairview,489549.4687,5456262.3006
Other Theft,2017,11,5,16,0,29XX RENFREW ST,Renfrew-Collingwood,496765.9289,5456127.5479
Other Theft,2017,4,11,5,11,29XX VICTORIA DR,Kensington-Cedar Cottage,495194.8818,5456170.7841
Other Theft,2017,12,17,0,0,29XX VIRTUAL WAY,Renfrew-Collingwood,496945.0846,5456471.3778
Other Theft,2017,6,3,15,0,29XX W 37TH AVE,Dunbar-Southlands,487465.5783,5453992.8068
Other Theft,2017,3,3,18,20,29XX W 39TH AVE,Dunbar-Southlands,487599.7244,5453767.172
Other Theft,2017,1,20,22,0,29XX W 4TH AVE,Kitsilano,487471.1143,5457315.7826
Other Theft,2017,10,14,21,0,29XX W 4TH AVE,Kitsilano,487497.6307,5457315.3394
Other Theft,2017,6,15,21,48,29XX W BROADWAY AVE,Kitsilano,487507.1084,5456837.8586
Other Theft,2017,6,23,13,30,29XX W BROADWAY AVE,Kitsilano,487539.6801,5456836.9189
Other Theft,2017,10,20,7,25,29XX W BROADWAY AVE,Kitsilano,487539.6801,5456836.9189
Other Theft,2017,10,23,13,28,29XX W BROADWAY AVE,Kitsilano,487562.889,5456835.8865
Other Theft,2017,1,13,9,1,29XX WALL ST,Hastings-Sunrise,496880.8167,5459735.2853
Other Theft,2017,1,16,10,19,29XX WALL ST,Hastings-Sunrise,496880.8167,5459735.2853
Other Theft,2017,10,19,18,0,29XX WALL ST,Hastings-Sunrise,496906.3495,5459703.037
Other Theft,2017,10,19,13,0,29XX WALL ST,Hastings-Sunrise,496916.5731,5459690.1243
Other Theft,2017,6,3,11,0,29XX WOODLAND DR,Kensington-Cedar Cottage,494631.7703,5456189.5745
Other Theft,2017,1,23,16,6,2X E 12TH AVE,Mount Pleasant,492389.2048,5456387.2532
Other Theft,2017,7,19,13,50,2X E 5TH AVE,Mount Pleasant,492415.6915,5457090.4964
Other Theft,2017,11,11,11,0,2X E HASTINGS ST,Central Business District,492444.8099,5458742.9755
Other Theft,2017,1,19,12,16,2X SW MARINE DR,Marpole,492199.1338,5451059.7325
Other Theft,2017,3,8,12,49,2X SW MARINE DR,Marpole,492199.1338,5451059.7325
Other Theft,2017,4,12,13,46,2X SW MARINE DR,Marpole,492199.1338,5451059.7325
Other Theft,2017,12,7,14,38,2X SW MARINE DR,Marpole,492199.1338,5451059.7325
Other Theft,2017,3,9,16,59,2X W 7TH AVE,Mount Pleasant,492336.5474,5456880.6109
Other Theft,2017,3,29,12,52,2X W HASTINGS ST,Central Business District,492357.3899,5458772.2719
Other Theft,2017,6,23,15,0,2X W HASTINGS ST,Central Business District,492367.1438,5458760.0134
Other Theft,2017,6,4,18,56,2X W HASTINGS ST,Central Business District,492367.1438,5458760.0134
Other Theft,2017,8,5,15,0,2X W HASTINGS ST,Central Business District,492367.1438,5458760.0134
Other Theft,2017,3,1,12,0,2X W PENDER ST,Central Business District,492321.8905,5458671.3012
Other Theft,2017,3,7,16,56,2X W PENDER ST,Central Business District,492321.8905,5458671.3012
Other Theft,2017,3,15,16,22,2X W PENDER ST,Central Business District,492321.8905,5458671.3012
Other Theft,2017,1,13,17,15,2X W PENDER ST,Central Business District,492327.3483,5458669.8226
Other Theft,2017,7,6,13,28,2XX ABBOTT ST,Central Business District,492248.8347,5458992.5901
Other Theft,2017,8,15,14,56,2XX ABBOTT ST,Central Business District,492248.8347,5458992.5901
Other Theft,2017,4,22,16,47,2XX ABBOTT ST,Central Business District,492250.5161,5458999.0263
Other Theft,2017,3,11,14,0,2XX ABBOTT ST,Central Business District,492251.0765,5459001.1718
Other Theft,2017,3,20,10,16,2XX ABBOTT ST,Central Business District,492251.0765,5459001.1718
Other Theft,2017,3,13,15,15,2XX ABBOTT ST,Central Business District,492253.8788,5459011.8988
Other Theft,2017,4,14,22,8,2XX ABBOTT ST,Central Business District,492254.3191,5458977.4064
Other Theft,2017,12,16,0,0,2XX ABBOTT ST,Central Business District,492254.3191,5458977.4064
Other Theft,2017,2,12,23,15,2XX ABBOTT ST,Central Business District,492254.3191,5458977.4064
Other Theft,2017,3,29,13,33,2XX ABBOTT ST,Central Business District,492254.4393,5459014.0443
Other Theft,2017,11,14,14,1,2XX ABBOTT ST,Central Business District,492254.4393,5459014.0443
Other Theft,2017,8,1,13,26,2XX ABBOTT ST,Central Business District,492255.5602,5459018.3351
Other Theft,2017,3,28,17,13,2XX ABBOTT ST,Central Business District,492261.605,5459005.2968
Other Theft,2017,1,25,2,0,2XX ABBOTT ST,Central Business District,492262.1655,5459007.4422
Other Theft,2017,1,26,2,15,2XX ABBOTT ST,Central Business District,492262.1655,5459007.4422
Other Theft,2017,7,31,6,25,2XX ABBOTT ST,Central Business District,492262.1655,5459007.4422
Other Theft,2017,11,15,13,50,2XX ABBOTT ST,Central Business District,492262.1655,5459007.4422
Other Theft,2017,12,13,2,38,2XX ABBOTT ST,Central Business District,492262.1655,5459007.4422
Other Theft,2017,12,1,18,38,2XX ABBOTT ST,Central Business District,492264.9678,5459018.1693
Other Theft,2017,2,24,9,7,2XX BURRARD ST,Central Business District,491603.6933,5459486.0136
Other Theft,2017,3,19,5,37,2XX BURRARD ST,Central Business District,491603.6933,5459486.0136
Other Theft,2017,3,29,8,0,2XX BURRARD ST,Central Business District,491603.6933,5459486.0136
Other Theft,2017,5,15,6,45,2XX BURRARD ST,Central Business District,491603.6933,5459486.0136
Other Theft,2017,6,6,13,26,2XX BURRARD ST,Central Business District,491603.6933,5459486.0136
Other Theft,2017,8,31,15,0,2XX BURRARD ST,Central Business District,491603.6933,5459486.0136
Other Theft,2017,9,2,8,15,2XX BURRARD ST,Central Business District,491603.6933,5459486.0136
Other Theft,2017,9,2,11,40,2XX BURRARD ST,Central Business District,491603.6933,5459486.0136
Other Theft,2017,9,11,10,42,2XX BURRARD ST,Central Business District,491603.6933,5459486.0136
Other Theft,2017,9,16,23,0,2XX BURRARD ST,Central Business District,491603.6933,5459486.0136
Other Theft,2017,10,8,11,20,2XX BURRARD ST,Central Business District,491603.6933,5459486.0136
Other Theft,2017,10,27,14,25,2XX BURRARD ST,Central Business District,491603.6933,5459486.0136
Other Theft,2017,12,9,13,30,2XX BURRARD ST,Central Business District,491603.6933,5459486.0136
Other Theft,2017,12,7,8,45,2XX CAMBIE ST,Central Business District,492084.0338,5459044.7538
Other Theft,2017,12,5,19,0,2XX CAMBIE ST,Central Business District,492089.7796,5459064.9449
Other Theft,2017,1,30,21,35,2XX CARRALL ST,Central Business District,492415.1046,5458955.7465
Other Theft,2017,12,15,21,0,2XX CARRALL ST,Central Business District,492415.1046,5458955.7465
Other Theft,2017,7,8,20,55,2XX CARRALL ST,Central Business District,492415.2256,5458959.7886
Other Theft,2017,2,24,23,0,2XX CARRALL ST,Central Business District,492424.2445,5458955.4725
Other Theft,2017,3,3,12,14,2XX CARRALL ST,Central Business District,492424.2445,5458955.4725
Other Theft,2017,5,20,0,0,2XX CARRALL ST,Central Business District,492424.2445,5458955.4725
Other Theft,2017,9,3,0,1,2XX CARRALL ST,Central Business District,492424.2445,5458955.4725
Other Theft,2017,9,4,5,0,2XX CARRALL ST,Central Business District,492424.2445,5458955.4725
Other Theft,2017,6,7,21,0,2XX CARRALL ST,Central Business District,492424.5749,5458966.5116
Other Theft,2017,9,15,11,0,2XX CARRALL ST,Central Business District,492424.5749,5458966.5116
Other Theft,2017,7,16,16,15,2XX CARRALL ST,Central Business District,492424.7842,5458973.5081
Other Theft,2017,2,27,18,0,2XX CENTRAL ST,Strathcona,492757.9072,5457632.8168
Other Theft,2017,9,21,0,0,2XX CENTRAL ST,Strathcona,492757.9072,5457632.8168
Other Theft,2017,4,8,18,0,2XX COLUMBIA ST,Central Business District,492573.0032,5458946.5899
Other Theft,2017,8,3,12,0,2XX DAVIE ST,Central Business District,491126.535,5457977.488
Other Theft,2017,8,17,17,0,2XX DAVIE ST,Central Business District,491137.7256,5457954.4461
Other Theft,2017,8,21,13,59,2XX DAVIE ST,Central Business District,491146.449,5457946.2588
Other Theft,2017,4,27,5,27,2XX DUNLEVY AVE,Strathcona,493061.6671,5458907.6233
Other Theft,2017,7,21,10,45,2XX DUNLEVY AVE,Strathcona,493061.6671,5458907.6233
Other Theft,2017,10,8,12,47,2XX DUNLEVY AVE,Strathcona,493061.6671,5458907.6233
Other Theft,2017,10,9,5,30,2XX DUNLEVY AVE,Strathcona,493061.6671,5458907.6233
Other Theft,2017,10,28,20,9,2XX DUNLEVY AVE,Strathcona,493061.6671,5458907.6233
Other Theft,2017,2,16,1,10,2XX E 13TH AVE,Mount Pleasant,492792.8104,5456280.1444
Other Theft,2017,9,13,3,35,2XX E 15TH AVE,Mount Pleasant,492783.7066,5456079.4764
Other Theft,2017,3,25,12,0,2XX E 16TH AVE,Mount Pleasant,492683.8323,5455987.6452
Other Theft,2017,9,26,14,15,2XX E 16TH AVE,Mount Pleasant,492694.1826,5455987.4378
Other Theft,2017,11,13,11,58,2XX E 18TH AVE,Riley Park,492805.293,5455777.4831
Other Theft,2017,11,6,11,30,2XX E 19TH AVE,Riley Park,492730.1274,5455677.2757
Other Theft,2017,3,2,11,0,2XX E 1ST AVE,Mount Pleasant,492814.0609,5457378.5821
Other Theft,2017,2,25,17,25,2XX E 1ST AVE,Mount Pleasant,492826.484,5457367.6547
Other Theft,2017,10,14,9,54,2XX E 2ND AVE,Mount Pleasant,492813.6729,5457257.9148
Other Theft,2017,10,10,20,0,2XX E 36TH AVE,Riley Park,492703.1382,5453927.5297
Other Theft,2017,5,26,12,8,2XX E 50TH AVE,Sunset,492630.5893,5452445.2062
Other Theft,2017,2,10,0,0,2XX E 6TH AVE,Mount Pleasant,492670.2148,5456971.5223
Other Theft,2017,8,24,11,6,2XX E 6TH AVE,Mount Pleasant,492670.2148,5456971.5223
Other Theft,2017,12,17,20,27,2XX E 6TH AVE,Mount Pleasant,492681.436,5456980.3079
Other Theft,2017,6,4,23,0,2XX E 6TH AVE,Mount Pleasant,492739.9085,5456969.2661
Other Theft,2017,7,18,14,10,2XX E 6TH AVE,Mount Pleasant,492778.3425,5456977.1709
Other Theft,2017,4,1,3,30,2XX E 6TH AVE,Mount Pleasant,492791.9633,5456976.73
Other Theft,2017,8,18,16,5,2XX E 7TH AVE,Mount Pleasant,492677.537,5456879.381
Other Theft,2017,10,20,18,0,2XX E 8TH AVE,Mount Pleasant,492792.0205,5456766.8334
Other Theft,2017,5,24,23,0,2XX E CORDOVA ST,Strathcona,492755.5644,5458837.4373
Other Theft,2017,10,21,23,0,2XX E CORDOVA ST,Strathcona,492755.5644,5458837.4373
Other Theft,2017,12,10,9,37,2XX E CORDOVA ST,Strathcona,492755.5644,5458837.4373
Other Theft,2017,1,23,5,35,2XX E CORDOVA ST,Strathcona,492808.2006,5458835.9159
Other Theft,2017,7,16,14,16,2XX E CORDOVA ST,Strathcona,492808.2006,5458835.9159
Other Theft,2017,8,29,1,10,2XX E CORDOVA ST,Strathcona,492808.2006,5458835.9159
Other Theft,2017,9,5,15,18,2XX E CORDOVA ST,Strathcona,492808.2006,5458835.9159
Other Theft,2017,10,14,13,54,2XX E CORDOVA ST,Strathcona,492808.2006,5458835.9159
Other Theft,2017,10,15,0,17,2XX E CORDOVA ST,Strathcona,492808.2006,5458835.9159
Other Theft,2017,2,23,12,53,2XX E CORDOVA ST,Strathcona,492815.5393,5458835.7038
Other Theft,2017,5,24,17,40,2XX E GEORGIA ST,Strathcona,492744.755,5458423.9184
Other Theft,2017,6,2,17,0,2XX E GEORGIA ST,Strathcona,492760.2979,5458423.5689
Other Theft,2017,10,1,16,0,2XX E GEORGIA ST,Strathcona,492760.2979,5458423.5689
Other Theft,2017,10,3,1,33,2XX E GEORGIA ST,Strathcona,492760.2979,5458423.5689
Other Theft,2017,7,31,7,30,2XX E GEORGIA ST,Strathcona,492768.2749,5458432.5358
Other Theft,2017,11,13,10,56,2XX E GEORGIA ST,Strathcona,492768.2749,5458432.5358
Other Theft,2017,6,25,13,21,2XX E GEORGIA ST,Strathcona,492820.5789,5458431.3596
Other Theft,2017,12,29,21,48,2XX E GEORGIA ST,Strathcona,492820.5789,5458431.3596
Other Theft,2017,6,24,23,25,2XX E GEORGIA ST,Strathcona,492821.8402,5458431.3309
Other Theft,2017,10,25,4,22,2XX E GEORGIA ST,Strathcona,492821.8402,5458431.3309
Other Theft,2017,3,5,11,29,2XX E HASTINGS ST,Strathcona,492751.4507,5458732.7678
Other Theft,2017,11,4,14,3,2XX E HASTINGS ST,Strathcona,492751.4507,5458732.7678
Other Theft,2017,11,23,11,0,2XX E HASTINGS ST,Strathcona,492751.4507,5458732.7678
Other Theft,2017,7,21,19,40,2XX E HASTINGS ST,Strathcona,492807.2631,5458740.5168
Other Theft,2017,11,13,8,0,2XX E HASTINGS ST,Strathcona,492815.2161,5458740.3176
Other Theft,2017,2,8,14,35,2XX E HASTINGS ST,Strathcona,492821.1992,5458731.0209
Other Theft,2017,3,13,17,54,2XX E HASTINGS ST,Strathcona,492821.1992,5458731.0209
Other Theft,2017,1,7,12,5,2XX E HASTINGS ST,Strathcona,492846.0475,5458730.3985
Other Theft,2017,9,20,16,0,2XX E HASTINGS ST,Strathcona,492846.0475,5458730.3985
Other Theft,2017,10,8,15,7,2XX E HASTINGS ST,Strathcona,492846.0475,5458730.3985
Other Theft,2017,1,2,14,59,2XX E HASTINGS ST,Strathcona,492849.3825,5458739.4619
Other Theft,2017,9,1,0,0,2XX E HASTINGS ST,Strathcona,492892.638,5458729.2316
Other Theft,2017,10,12,12,30,2XX E HASTINGS ST,Strathcona,492905.2911,5458738.0616
Other Theft,2017,9,11,12,58,2XX E PENDER ST,Strathcona,492750.3323,5458625.3598
Other Theft,2017,6,15,13,56,2XX E PENDER ST,Strathcona,492764.0496,5458634.0919
Other Theft,2017,7,29,18,57,2XX E PENDER ST,Strathcona,492797.3722,5458623.9326
Other Theft,2017,6,6,13,0,2XX E PENDER ST,Strathcona,492801.0095,5458632.9705
Other Theft,2017,9,24,23,11,2XX E PENDER ST,Strathcona,492809.5957,5458632.7099
Other Theft,2017,3,13,11,2,2XX E PENDER ST,Strathcona,492833.6567,5458631.9799
Other Theft,2017,10,23,13,3,2XX E PENDER ST,Strathcona,492884.9389,5458621.2759
Other Theft,2017,3,28,14,25,2XX E PENDER ST,Strathcona,492915.8745,5458620.3373
Other Theft,2017,10,19,14,3,2XX E PENDER ST,Strathcona,492915.8745,5458620.3373
Other Theft,2017,2,3,13,30,2XX GRANVILLE ST,Central Business District,491834.3586,5459287.6725
Other Theft,2017,3,8,20,34,2XX GRANVILLE ST,Central Business District,491834.3586,5459287.6725
Other Theft,2017,5,18,7,0,2XX GRANVILLE ST,Central Business District,491834.3586,5459287.6725
Other Theft,2017,7,21,17,30,2XX GRANVILLE ST,Central Business District,491834.3586,5459287.6725
Other Theft,2017,11,14,10,0,2XX GRANVILLE ST,Central Business District,491834.3586,5459287.6725
Other Theft,2017,12,22,9,0,2XX GRANVILLE ST,Central Business District,491834.3586,5459287.6725
Other Theft,2017,7,4,19,25,2XX HOWE ST,Central Business District,491780.6559,5459403.5173
Other Theft,2017,7,11,14,0,2XX JACKSON AVE,Strathcona,493215.7169,5458927.0324
Other Theft,2017,1,3,12,30,2XX KAMLOOPS ST,Hastings-Sunrise,496034.9504,5458903.3686
Other Theft,2017,10,16,10,30,2XX KEEFER ST,Strathcona,492796.7161,5458533.1421
Other Theft,2017,3,5,12,57,2XX KEEFER ST,Strathcona,492809.354,5458523.6222
Other Theft,2017,3,10,9,10,2XX KEEFER ST,Strathcona,492816.7661,5458532.5521
Other Theft,2017,9,4,15,22,2XX KEEFER ST,Strathcona,492823.6403,5458523.2018
Other Theft,2017,8,23,14,50,2XX KEEFER ST,Strathcona,492873.6423,5458521.7303
Other Theft,2017,11,7,12,0,2XX KEEFER ST,Strathcona,492873.6423,5458521.7303
Other Theft,2017,9,16,1,0,2XX KINGSWAY AVE,Mount Pleasant,492859.3607,5456533.1184
Other Theft,2017,12,6,8,19,2XX KINGSWAY AVE,Mount Pleasant,492859.3607,5456533.1184
Other Theft,2017,1,27,9,38,2XX MAIN ST,Central Business District,492752.8235,5458906.9479
Other Theft,2017,5,1,15,0,2XX MAIN ST,Central Business District,492752.8235,5458906.9479
Other Theft,2017,11,25,20,0,2XX MAIN ST,Central Business District,492754.3308,5458935.8423
Other Theft,2017,2,21,12,30,2XX MAIN ST,Strathcona,492762.558,5458918.0293
Other Theft,2017,7,18,16,21,2XX MAIN ST,Strathcona,492762.558,5458918.0293
Other Theft,2017,6,1,12,16,2XX N NANAIMO ST,Hastings-Sunrise,495895.514,5459420.6701
Other Theft,2017,8,2,17,45,2XX NELSON ST,Central Business District,491355.0588,5458200.0874
Other Theft,2017,8,28,13,0,2XX POWELL ST,Strathcona,492763.1439,5458937.7766
Other Theft,2017,3,3,0,0,2XX POWELL ST,Strathcona,492827.5426,5458935.8162
Other Theft,2017,4,1,23,0,2XX POWELL ST,Strathcona,492827.5426,5458935.8162
Other Theft,2017,8,18,0,0,2XX POWELL ST,Strathcona,492827.5426,5458935.8162
Other Theft,2017,8,23,4,51,2XX PRINCESS AVE,Strathcona,493347.4393,5458909.1085
Other Theft,2017,11,24,7,44,2XX PRINCESS AVE,Strathcona,493347.4393,5458909.1085
Other Theft,2017,2,10,23,0,2XX PRINCESS AVE,Strathcona,493356.5277,5458903.1068
Other Theft,2017,3,13,22,0,2XX PRINCESS AVE,Strathcona,493356.5277,5458903.1068
Other Theft,2017,4,29,23,9,2XX PRINCESS AVE,Strathcona,493356.5277,5458903.1068
Other Theft,2017,5,20,23,0,2XX PRINCESS AVE,Strathcona,493356.5277,5458903.1068
Other Theft,2017,6,19,2,0,2XX PRINCESS AVE,Strathcona,493356.5277,5458903.1068
Other Theft,2017,6,21,20,25,2XX PRINCESS AVE,Strathcona,493356.5277,5458903.1068
Other Theft,2017,6,28,19,32,2XX PRINCESS AVE,Strathcona,493356.5277,5458903.1068
Other Theft,2017,7,10,17,30,2XX PRINCESS AVE,Strathcona,493356.5277,5458903.1068
Other Theft,2017,9,2,7,0,2XX PRINCESS AVE,Strathcona,493356.5277,5458903.1068
Other Theft,2017,9,11,11,41,2XX PRINCESS AVE,Strathcona,493356.5277,5458903.1068
Other Theft,2017,9,20,0,27,2XX PRINCESS AVE,Strathcona,493356.5277,5458903.1068
Other Theft,2017,10,25,12,0,2XX PRINCESS AVE,Strathcona,493356.5277,5458903.1068
Other Theft,2017,10,28,16,18,2XX PRINCESS AVE,Strathcona,493356.5277,5458903.1068
Other Theft,2017,2,16,5,0,2XX PRINCESS AVE,Strathcona,493356.7118,5458922.8281
Other Theft,2017,10,28,20,45,2XX RENFREW ST,Hastings-Sunrise,496805.1826,5458912.1314
Other Theft,2017,11,3,21,0,2XX RENFREW ST,Hastings-Sunrise,496805.1826,5458912.1314
Other Theft,2017,4,8,19,8,2XX ROBSON ST,Central Business District,491570.8528,5458449.609
Other Theft,2017,1,9,3,21,2XX ROBSON ST,Central Business District,491588.2776,5458445.3713
Other Theft,2017,1,25,3,58,2XX ROBSON ST,Central Business District,491588.2776,5458445.3713
Other Theft,2017,3,19,1,30,2XX ROBSON ST,Central Business District,491588.2776,5458445.3713
Other Theft,2017,5,27,10,36,2XX ROBSON ST,Central Business District,491588.2776,5458445.3713
Other Theft,2017,5,28,5,20,2XX ROBSON ST,Central Business District,491588.2776,5458445.3713
Other Theft,2017,6,29,23,12,2XX ROBSON ST,Central Business District,491588.2776,5458445.3713
Other Theft,2017,10,6,1,30,2XX ROBSON ST,Central Business District,491588.2776,5458445.3713
Other Theft,2017,11,4,9,27,2XX ROBSON ST,Central Business District,491588.2776,5458445.3713
Other Theft,2017,12,1,21,35,2XX ROBSON ST,Central Business District,491588.2776,5458445.3713
Other Theft,2017,12,20,14,30,2XX ROBSON ST,Central Business District,491588.2776,5458445.3713
Other Theft,2017,12,22,2,0,2XX ROBSON ST,Central Business District,491588.2776,5458445.3713
Other Theft,2017,4,12,10,49,2XX ROBSON ST,Central Business District,491606.718,5458414.5771
Other Theft,2017,11,15,16,21,2XX ROBSON ST,Central Business District,491606.718,5458414.5771
Other Theft,2017,1,16,8,13,2XX TERMINAL AVE,Strathcona,492839.0939,5457770.896
Other Theft,2017,1,23,18,34,2XX TERMINAL AVE,Strathcona,492839.0939,5457770.896
Other Theft,2017,3,16,10,1,2XX TERMINAL AVE,Strathcona,492839.0939,5457770.896
Other Theft,2017,3,17,19,7,2XX TERMINAL AVE,Strathcona,492839.0939,5457770.896
Other Theft,2017,3,26,13,46,2XX TERMINAL AVE,Strathcona,492839.0939,5457770.896
Other Theft,2017,3,27,8,43,2XX TERMINAL AVE,Strathcona,492839.0939,5457770.896
Other Theft,2017,4,3,18,16,2XX TERMINAL AVE,Strathcona,492839.0939,5457770.896
Other Theft,2017,4,5,11,58,2XX TERMINAL AVE,Strathcona,492839.0939,5457770.896
Other Theft,2017,4,13,10,22,2XX TERMINAL AVE,Strathcona,492839.0939,5457770.896
Other Theft,2017,5,2,17,47,2XX TERMINAL AVE,Strathcona,492839.0939,5457770.896
Other Theft,2017,5,15,14,29,2XX TERMINAL AVE,Strathcona,492839.0939,5457770.896
Other Theft,2017,5,17,16,0,2XX TERMINAL AVE,Strathcona,492839.0939,5457770.896
Other Theft,2017,5,21,14,25,2XX TERMINAL AVE,Strathcona,492839.0939,5457770.896
Other Theft,2017,6,19,19,25,2XX TERMINAL AVE,Strathcona,492839.0939,5457770.896
Other Theft,2017,7,10,14,35,2XX TERMINAL AVE,Strathcona,492839.0939,5457770.896
Other Theft,2017,7,13,13,11,2XX TERMINAL AVE,Strathcona,492839.0939,5457770.896
Other Theft,2017,8,5,18,55,2XX TERMINAL AVE,Strathcona,492839.0939,5457770.896
Other Theft,2017,11,14,8,35,2XX TERMINAL AVE,Strathcona,492839.0939,5457770.896
Other Theft,2017,12,12,7,52,2XX UNION ST,Strathcona,492748.0568,5458325.6211
Other Theft,2017,6,1,23,6,2XX UNION ST,Strathcona,492785.472,5458333.3152
Other Theft,2017,4,13,13,42,2XX UNION ST,Strathcona,492793.7074,5458332.9945
Other Theft,2017,10,14,17,40,2XX UNION ST,Strathcona,492793.7074,5458332.9945
Other Theft,2017,8,28,13,12,2XX UNION ST,Strathcona,492803.5968,5458332.6097
Other Theft,2017,10,15,15,50,2XX UNION ST,Strathcona,492834.5719,5458331.4046
Other Theft,2017,10,22,13,43,2XX UNION ST,Strathcona,492842.3156,5458331.1033
Other Theft,2017,9,17,17,27,2XX UNION ST,Strathcona,492850.0594,5458330.802
Other Theft,2017,5,7,15,16,2XX W 13TH AVE,Mount Pleasant,491997.2963,5456290.2531
Other Theft,2017,5,17,18,1,2XX W 13TH AVE,Mount Pleasant,491997.2963,5456290.2531
Other Theft,2017,8,19,23,0,2XX W 17TH AVE,Riley Park,491967.5027,5455889.1299
Other Theft,2017,5,21,0,0,2XX W 19TH AVE,Riley Park,491976.3112,5455687.2386
Other Theft,2017,10,19,12,50,2XX W 1ST AVE,Mount Pleasant,492037.6099,5457500.1586
Other Theft,2017,2,22,14,29,2XX W 2ND AVE,Mount Pleasant,491984.8956,5457362.5754
Other Theft,2017,9,23,0,0,2XX W 2ND AVE,Mount Pleasant,491984.8956,5457362.5754
Other Theft,2017,6,5,23,23,2XX W 2ND AVE,Mount Pleasant,491984.8956,5457362.5754
Other Theft,2017,6,14,14,30,2XX W 2ND AVE,Mount Pleasant,491984.8956,5457362.5754
Other Theft,2017,2,17,19,0,2XX W 49TH AVE,Oakridge,491805.3407,5452574.8244
Other Theft,2017,6,11,10,0,2XX W 49TH AVE,Oakridge,491805.3407,5452574.8244
Other Theft,2017,9,20,12,0,2XX W 49TH AVE,Oakridge,491805.3407,5452574.8244
Other Theft,2017,9,29,11,30,2XX W 62ND AVE,Marpole,491884.2752,5451286.1299
Other Theft,2017,10,5,4,30,2XX W 63RD AVE,Marpole,491988.0821,5451177.2715
Other Theft,2017,8,9,14,0,2XX W 7TH AVE,Mount Pleasant,491963.5137,5456891.3926
Other Theft,2017,9,6,14,0,2XX W 8TH AVE,Mount Pleasant,491963.4233,5456799.7532
Other Theft,2017,1,11,7,47,2XX W 8TH AVE,Mount Pleasant,492007.7486,5456798.4686
Other Theft,2017,3,31,13,45,2XX W BROADWAY AVE,Mount Pleasant,491992.0466,5456708.6427
Other Theft,2017,7,4,19,0,2XX W BROADWAY AVE,Mount Pleasant,491998.4532,5456717.609
Other Theft,2017,8,18,8,30,2XX W HASTINGS ST,Central Business District,492023.9092,5458870.5744
Other Theft,2017,9,14,14,0,2XX W HASTINGS ST,Central Business District,492023.9092,5458870.5744
Other Theft,2017,5,16,22,0,2XX W HASTINGS ST,Central Business District,492024.3978,5458870.112
Other Theft,2017,1,20,11,15,2XX W HASTINGS ST,Central Business District,492029.2172,5458878.1407
Other Theft,2017,4,17,14,40,2XX W HASTINGS ST,Central Business District,492029.2172,5458878.1407
Other Theft,2017,5,23,14,13,2XX W HASTINGS ST,Central Business District,492029.2172,5458878.1407
Other Theft,2017,5,27,12,45,2XX W HASTINGS ST,Central Business District,492029.2172,5458878.1407
Other Theft,2017,6,11,11,13,2XX W HASTINGS ST,Central Business District,492029.2172,5458878.1407
Other Theft,2017,7,27,9,3,2XX W HASTINGS ST,Central Business District,492029.2172,5458878.1407
Other Theft,2017,11,9,13,28,2XX W HASTINGS ST,Central Business District,492029.2172,5458878.1407
Other Theft,2017,2,28,14,12,2XX W PENDER ST,Central Business District,491958.8371,5458790.5821
Other Theft,2017,3,18,19,22,2XX W PENDER ST,Central Business District,491958.8371,5458790.5821
Other Theft,2017,4,10,10,56,2XX W PENDER ST,Central Business District,491958.8371,5458790.5821
Other Theft,2017,4,12,11,40,2XX W PENDER ST,Central Business District,491958.8371,5458790.5821
Other Theft,2017,5,29,9,20,2XX W PENDER ST,Central Business District,491958.8371,5458790.5821
Other Theft,2017,6,14,15,0,2XX W PENDER ST,Central Business District,491958.8371,5458790.5821
Other Theft,2017,6,30,14,0,2XX W PENDER ST,Central Business District,491958.8371,5458790.5821
Other Theft,2017,7,7,17,17,2XX W PENDER ST,Central Business District,491958.8371,5458790.5821
Other Theft,2017,8,1,6,30,2XX W PENDER ST,Central Business District,491958.8371,5458790.5821
Other Theft,2017,8,8,12,0,2XX W PENDER ST,Central Business District,491958.8371,5458790.5821
Other Theft,2017,8,31,14,30,2XX W PENDER ST,Central Business District,491958.8371,5458790.5821
Other Theft,2017,10,25,18,0,2XX W PENDER ST,Central Business District,491958.8371,5458790.5821
Other Theft,2017,10,28,0,0,2XX W PENDER ST,Central Business District,491958.8371,5458790.5821
Other Theft,2017,11,20,9,0,2XX W PENDER ST,Central Business District,491958.8371,5458790.5821
Other Theft,2017,12,1,0,0,2XX W PENDER ST,Central Business District,491958.8371,5458790.5821
Other Theft,2017,6,23,23,0,2XX WATER ST,Central Business District,492171.3867,5459040.1604
Other Theft,2017,7,15,13,29,2XX WATER ST,Central Business District,492171.3868,5459040.1604
Other Theft,2017,10,26,19,30,30XX CAMBIE ST,Mount Pleasant,491635.0709,5456214.0368
Other Theft,2017,11,9,16,47,30XX COLUMBIA ST,Mount Pleasant,492018.6299,5456153.5722
Other Theft,2017,12,13,10,23,30XX COMMERCIAL DR,Kensington-Cedar Cottage,494920.6637,5456109.0824
Other Theft,2017,3,24,0,0,30XX E 2ND AVE,Hastings-Sunrise,497032.869,5457297.5748
Other Theft,2017,6,16,15,0,30XX E 54TH AVE,Killarney,496929.2093,5451928.0062
Other Theft,2017,2,1,0,0,30XX E 56TH AVE,Killarney,496865.9731,5451718.0551
Other Theft,2017,11,7,15,0,30XX E 8TH AVE,Hastings-Sunrise,497148.9821,5456689.4012
Other Theft,2017,10,11,15,0,30XX E GEORGIA ST,Hastings-Sunrise,497132.2007,5458386.1523
Other Theft,2017,3,29,20,0,30XX E HASTINGS ST,Hastings-Sunrise,497160.0445,5458708.0295
Other Theft,2017,11,7,18,50,30XX E HASTINGS ST,Hastings-Sunrise,497160.0445,5458708.0295
Other Theft,2017,3,11,2,10,30XX E KENT AVE S,Killarney,496807.491,5450410.8579
Other Theft,2017,9,17,22,0,30XX E KENT AVE S,Killarney,496807.491,5450410.8579
Other Theft,2017,2,8,16,42,30XX GRANDVIEW HWY,Renfrew-Collingwood,496982.4383,5456158.9241
Other Theft,2017,6,16,11,33,30XX GRANDVIEW HWY,Renfrew-Collingwood,496982.4383,5456158.9241
Other Theft,2017,6,16,17,0,30XX GRANDVIEW HWY,Renfrew-Collingwood,496982.4383,5456158.9241
Other Theft,2017,9,1,19,21,30XX GRANDVIEW HWY,Renfrew-Collingwood,496982.4383,5456158.9241
Other Theft,2017,9,28,11,31,30XX GRANDVIEW HWY,Renfrew-Collingwood,496982.4383,5456158.9241
Other Theft,2017,8,18,17,0,30XX GRANDVIEW HWY,Renfrew-Collingwood,497077.5104,5456156.8619
Other Theft,2017,8,25,18,0,30XX GRANDVIEW HWY,Renfrew-Collingwood,497077.5104,5456156.8619
Other Theft,2017,9,27,12,43,30XX GRANDVIEW HWY,Renfrew-Collingwood,497077.5104,5456156.8619
Other Theft,2017,10,3,11,0,30XX GRANDVIEW HWY,Renfrew-Collingwood,497077.5104,5456156.8619
Other Theft,2017,10,29,14,55,30XX GRANDVIEW HWY,Renfrew-Collingwood,497077.5104,5456156.8619
Other Theft,2017,11,6,11,25,30XX GRANDVIEW HWY,Renfrew-Collingwood,497077.5104,5456156.8619
Other Theft,2017,1,3,17,4,30XX GRANDVIEW HWY,Renfrew-Collingwood,497080.357,5456156.8
Other Theft,2017,3,1,13,5,30XX GRANDVIEW HWY,Renfrew-Collingwood,497081.0316,5456156.7856
Other Theft,2017,8,18,15,0,30XX GRANDVIEW HWY,Renfrew-Collingwood,497084.5528,5456156.7093
Other Theft,2017,7,28,15,30,30XX GRANVILLE ST,Fairview,489910.4021,5456245.1555
Other Theft,2017,6,19,21,0,30XX GRANVILLE ST,Fairview,489910.4263,5456247.0998
Other Theft,2017,11,5,10,15,30XX HEATHER ST,Fairview,491267.2323,5456171.2203
Other Theft,2017,12,25,14,45,30XX KINGSWAY AVE,Renfrew-Collingwood,496918.018,5453680.8269
Other Theft,2017,3,24,17,30,30XX KINGSWAY AVE,Renfrew-Collingwood,497007.3023,5453677.1236
Other Theft,2017,9,12,12,51,30XX KINGSWAY AVE,Renfrew-Collingwood,497078.1448,5453664.9388
Other Theft,2017,7,23,18,30,30XX KINGSWAY AVE,Renfrew-Collingwood,497081.0336,5453655.0891
Other Theft,2017,6,12,22,22,30XX MAIN ST,Mount Pleasant,492635.0917,5456153.0701
Other Theft,2017,6,14,15,36,30XX MAIN ST,Mount Pleasant,492635.0917,5456153.0701
Other Theft,2017,6,16,16,49,30XX MAIN ST,Mount Pleasant,492635.0917,5456153.0701
Other Theft,2017,5,30,22,44,30XX MAIN ST,Mount Pleasant,492645.2748,5456173.4855
Other Theft,2017,7,22,12,45,30XX MAIN ST,Mount Pleasant,492645.2748,5456173.4855
Other Theft,2017,8,20,2,30,30XX MILLER DR,Hastings-Sunrise,496981.3737,5459242.7268
Other Theft,2017,5,17,12,0,30XX OAK ST,Fairview,490752.8054,5456127.5576
Other Theft,2017,1,24,13,0,30XX PRINCE EDWARD ST,Mount Pleasant,492987.4329,5456098.4605
Other Theft,2017,3,15,17,26,30XX PRINCE EDWARD ST,Mount Pleasant,492987.4329,5456098.4605
Other Theft,2017,6,19,20,27,30XX PRINCE EDWARD ST,Mount Pleasant,492987.4329,5456098.4605
Other Theft,2017,10,8,7,0,30XX PRINCE EDWARD ST,Mount Pleasant,492987.4329,5456098.4605
Other Theft,2017,4,4,20,30,30XX SLOCAN ST,Renfrew-Collingwood,496391.472,5455969.5571
Other Theft,2017,7,21,10,0,30XX SLOCAN ST,Renfrew-Collingwood,496391.472,5455969.5571
Other Theft,2017,10,5,17,40,30XX W 2ND AVE,Kitsilano,487396.6535,5457507.6509
Other Theft,2017,9,30,21,0,30XX W 34TH AVE,Dunbar-Southlands,487363.6867,5454307.3133
Other Theft,2017,11,14,10,0,30XX W 3RD AVE,Kitsilano,487377.527,5457406.7594
Other Theft,2017,7,1,0,0,30XX W 41ST AVE,Kerrisdale,487313.4073,5453560.9892
Other Theft,2017,9,2,21,0,30XX W 5TH AVE,Kitsilano,487427.4984,5457215.5697
Other Theft,2017,8,7,14,30,30XX W BROADWAY AVE,Kitsilano,487396.5615,5456831.8369
Other Theft,2017,1,21,16,39,30XX W BROADWAY AVE,Kitsilano,487413.0216,5456840.5218
Other Theft,2017,4,14,11,40,30XX W BROADWAY AVE,Kitsilano,487423.5668,5456831.0778
Other Theft,2017,2,20,18,13,30XX W BROADWAY AVE,Kitsilano,487450.5722,5456830.3188
Other Theft,2017,6,3,20,2,30XX W BROADWAY AVE,Kitsilano,487450.5722,5456830.3188
Other Theft,2017,9,15,20,15,30XX W BROADWAY AVE,Kitsilano,487450.5722,5456830.3188
Other Theft,2017,10,14,15,26,30XX W BROADWAY AVE,Kitsilano,487450.5722,5456830.3188
Other Theft,2017,6,5,17,30,30XX WINDSOR ST,Mount Pleasant,493937.445,5456032.3129
Other Theft,2017,3,3,16,12,31XX ARBUTUS ST,Kitsilano,488868.0692,5456085.929
Other Theft,2017,7,5,17,58,31XX ARBUTUS ST,Kitsilano,488868.0692,5456085.929
Other Theft,2017,12,9,19,10,31XX ARBUTUS ST,Kitsilano,488868.0692,5456085.929
Other Theft,2017,9,25,8,0,31XX COMMERCIAL DR,Kensington-Cedar Cottage,494919.763,5455984.1549
Other Theft,2017,8,29,6,15,31XX E 28TH AVE,Renfrew-Collingwood,497206.0677,5454740.5848
Other Theft,2017,3,13,17,5,31XX E 49TH AVE,Killarney,497035.5758,5452432.5339
Other Theft,2017,2,24,17,47,31XX E 54TH AVE,Killarney,497010.4118,5451926.5657
Other Theft,2017,1,19,10,35,31XX E 54TH AVE,Killarney,497071.4676,5451926.5763
Other Theft,2017,1,24,12,40,31XX E 54TH AVE,Killarney,497071.4676,5451926.5763
Other Theft,2017,2,4,11,30,31XX E 54TH AVE,Killarney,497071.4676,5451926.5763
Other Theft,2017,2,10,20,0,31XX E 54TH AVE,Killarney,497071.4676,5451926.5763
Other Theft,2017,2,15,18,7,31XX E 54TH AVE,Killarney,497071.4676,5451926.5763
Other Theft,2017,2,19,14,20,31XX E 54TH AVE,Killarney,497071.4676,5451926.5763
Other Theft,2017,2,28,12,19,31XX E 54TH AVE,Killarney,497071.4676,5451926.5763
Other Theft,2017,3,10,15,18,31XX E 54TH AVE,Killarney,497071.4676,5451926.5763
Other Theft,2017,4,7,10,15,31XX E 54TH AVE,Killarney,497071.4676,5451926.5763
Other Theft,2017,5,8,10,13,31XX E 54TH AVE,Killarney,497071.4676,5451926.5763
Other Theft,2017,5,27,13,34,31XX E 54TH AVE,Killarney,497071.4676,5451926.5763
Other Theft,2017,4,12,12,1,31XX E 54TH AVE,Killarney,497071.4676,5451926.5763
Other Theft,2017,4,13,14,32,31XX E 54TH AVE,Killarney,497071.4676,5451926.5763
Other Theft,2017,5,17,12,16,31XX E 54TH AVE,Killarney,497071.4676,5451926.5763
Other Theft,2017,6,30,16,0,31XX E 54TH AVE,Killarney,497071.4676,5451926.5763
Other Theft,2017,11,11,17,54,31XX E 54TH AVE,Killarney,497071.4676,5451926.5763
Other Theft,2017,11,13,12,39,31XX E 54TH AVE,Killarney,497071.4676,5451926.5763
Other Theft,2017,11,13,16,2,31XX E 54TH AVE,Killarney,497071.4676,5451926.5763
Other Theft,2017,11,23,12,20,31XX E 54TH AVE,Killarney,497071.4676,5451926.5763
Other Theft,2017,11,22,19,15,31XX E BROADWAY AVE,Hastings-Sunrise,497332.1429,5456575.5309
Other Theft,2017,1,9,14,55,31XX E BROADWAY AVE,Renfrew-Collingwood,497246.1063,5456566.2376
Other Theft,2017,1,11,15,16,31XX E BROADWAY AVE,Renfrew-Collingwood,497246.1063,5456566.2376
Other Theft,2017,1,30,15,0,31XX E BROADWAY AVE,Renfrew-Collingwood,497246.1063,5456566.2376
Other Theft,2017,2,13,14,47,31XX E BROADWAY AVE,Renfrew-Collingwood,497246.1063,5456566.2376
Other Theft,2017,2,18,13,50,31XX E BROADWAY AVE,Renfrew-Collingwood,497246.1063,5456566.2376
Other Theft,2017,2,19,13,12,31XX E BROADWAY AVE,Renfrew-Collingwood,497246.1063,5456566.2376
Other Theft,2017,2,19,14,21,31XX E BROADWAY AVE,Renfrew-Collingwood,497246.1063,5456566.2376
Other Theft,2017,3,19,15,20,31XX E BROADWAY AVE,Renfrew-Collingwood,497246.1063,5456566.2376
Other Theft,2017,3,21,19,24,31XX E BROADWAY AVE,Renfrew-Collingwood,497246.1063,5456566.2376
Other Theft,2017,4,2,17,47,31XX E BROADWAY AVE,Renfrew-Collingwood,497246.1063,5456566.2376
Other Theft,2017,4,7,11,29,31XX E BROADWAY AVE,Renfrew-Collingwood,497246.1063,5456566.2376
Other Theft,2017,4,17,14,20,31XX E BROADWAY AVE,Renfrew-Collingwood,497246.1063,5456566.2376
Other Theft,2017,4,20,14,45,31XX E BROADWAY AVE,Renfrew-Collingwood,497246.1063,5456566.2376
Other Theft,2017,4,24,18,19,31XX E BROADWAY AVE,Renfrew-Collingwood,497246.1063,5456566.2376
Other Theft,2017,4,30,13,30,31XX E BROADWAY AVE,Renfrew-Collingwood,497246.1063,5456566.2376
Other Theft,2017,5,12,18,50,31XX E BROADWAY AVE,Renfrew-Collingwood,497246.1063,5456566.2376
Other Theft,2017,5,19,10,26,31XX E BROADWAY AVE,Renfrew-Collingwood,497246.1063,5456566.2376
Other Theft,2017,5,20,15,32,31XX E BROADWAY AVE,Renfrew-Collingwood,497246.1063,5456566.2376
Other Theft,2017,6,1,15,26,31XX E BROADWAY AVE,Renfrew-Collingwood,497246.1063,5456566.2376
Other Theft,2017,6,18,13,58,31XX E BROADWAY AVE,Renfrew-Collingwood,497246.1063,5456566.2376
Other Theft,2017,7,24,12,43,31XX E BROADWAY AVE,Renfrew-Collingwood,497246.1063,5456566.2376
Other Theft,2017,8,6,14,9,31XX E BROADWAY AVE,Renfrew-Collingwood,497246.1063,5456566.2376
Other Theft,2017,8,9,15,53,31XX E BROADWAY AVE,Renfrew-Collingwood,497246.1063,5456566.2376
Other Theft,2017,8,13,16,41,31XX E BROADWAY AVE,Renfrew-Collingwood,497246.1063,5456566.2376
Other Theft,2017,8,15,18,20,31XX E BROADWAY AVE,Renfrew-Collingwood,497246.1063,5456566.2376
Other Theft,2017,9,5,17,55,31XX E BROADWAY AVE,Renfrew-Collingwood,497246.1063,5456566.2376
Other Theft,2017,9,20,16,37,31XX E BROADWAY AVE,Renfrew-Collingwood,497246.1063,5456566.2376
Other Theft,2017,9,21,20,27,31XX E BROADWAY AVE,Renfrew-Collingwood,497246.1063,5456566.2376
Other Theft,2017,9,22,19,27,31XX E BROADWAY AVE,Renfrew-Collingwood,497246.1063,5456566.2376
Other Theft,2017,9,24,16,44,31XX E BROADWAY AVE,Renfrew-Collingwood,497246.1063,5456566.2376
Other Theft,2017,10,3,17,52,31XX E BROADWAY AVE,Renfrew-Collingwood,497246.1063,5456566.2376
Other Theft,2017,10,11,14,36,31XX E BROADWAY AVE,Renfrew-Collingwood,497246.1063,5456566.2376
Other Theft,2017,10,13,19,16,31XX E BROADWAY AVE,Renfrew-Collingwood,497246.1063,5456566.2376
Other Theft,2017,10,30,9,42,31XX E BROADWAY AVE,Renfrew-Collingwood,497246.1063,5456566.2376
Other Theft,2017,12,18,16,58,31XX E BROADWAY AVE,Renfrew-Collingwood,497246.1063,5456566.2376
Other Theft,2017,12,19,16,49,31XX E BROADWAY AVE,Renfrew-Collingwood,497246.1063,5456566.2376
Other Theft,2017,12,28,15,9,31XX E BROADWAY AVE,Renfrew-Collingwood,497246.1063,5456566.2376
Other Theft,2017,12,29,19,55,31XX E BROADWAY AVE,Renfrew-Collingwood,497246.1063,5456566.2376
Other Theft,2017,12,30,18,18,31XX E BROADWAY AVE,Renfrew-Collingwood,497246.1063,5456566.2376
Other Theft,2017,5,9,13,21,31XX E HASTINGS ST,Hastings-Sunrise,497273.4179,5458717.2934
Other Theft,2017,6,25,12,30,31XX E HASTINGS ST,Hastings-Sunrise,497273.4179,5458717.2934
Other Theft,2017,6,25,16,0,31XX E HASTINGS ST,Hastings-Sunrise,497273.4179,5458717.2934
Other Theft,2017,6,25,17,46,31XX E HASTINGS ST,Hastings-Sunrise,497273.4179,5458717.2934
Other Theft,2017,8,20,11,33,31XX E HASTINGS ST,Hastings-Sunrise,497273.4179,5458717.2934
Other Theft,2017,7,29,2,0,31XX FRASER ST,Mount Pleasant,493495.0272,5456044.2637
Other Theft,2017,9,23,0,0,31XX GRANDVIEW HWY,Renfrew-Collingwood,497173.0801,5456146.0807
Other Theft,2017,1,4,17,13,31XX GRANDVIEW HWY,Renfrew-Collingwood,497308.7697,5456155.9233
Other Theft,2017,1,6,10,49,31XX GRANDVIEW HWY,Renfrew-Collingwood,497308.7697,5456155.9233
Other Theft,2017,1,6,20,33,31XX GRANDVIEW HWY,Renfrew-Collingwood,497308.7697,5456155.9233
Other Theft,2017,1,7,7,30,31XX GRANDVIEW HWY,Renfrew-Collingwood,497308.7697,5456155.9233
Other Theft,2017,1,12,17,42,31XX GRANDVIEW HWY,Renfrew-Collingwood,497308.7697,5456155.9233
Other Theft,2017,1,14,15,50,31XX GRANDVIEW HWY,Renfrew-Collingwood,497308.7697,5456155.9233
Other Theft,2017,1,15,16,1,31XX GRANDVIEW HWY,Renfrew-Collingwood,497308.7697,5456155.9233
Other Theft,2017,1,17,14,26,31XX GRANDVIEW HWY,Renfrew-Collingwood,497308.7697,5456155.9233
Other Theft,2017,11,19,6,10,31XX GRANDVIEW HWY,Renfrew-Collingwood,497308.7697,5456155.9233
Other Theft,2017,1,2,19,38,31XX GRANDVIEW HWY,Renfrew-Collingwood,497311.413,5456155.9402
Other Theft,2017,1,4,7,31,31XX GRANDVIEW HWY,Renfrew-Collingwood,497311.413,5456155.9402
Other Theft,2017,1,8,13,10,31XX GRANDVIEW HWY,Renfrew-Collingwood,497311.413,5456155.9402
Other Theft,2017,1,16,11,7,31XX GRANDVIEW HWY,Renfrew-Collingwood,497311.413,5456155.9402
Other Theft,2017,1,16,17,14,31XX GRANDVIEW HWY,Renfrew-Collingwood,497311.413,5456155.9402
Other Theft,2017,1,18,19,5,31XX GRANDVIEW HWY,Renfrew-Collingwood,497311.413,5456155.9402
Other Theft,2017,1,20,12,20,31XX GRANDVIEW HWY,Renfrew-Collingwood,497311.413,5456155.9402
Other Theft,2017,1,23,22,22,31XX GRANDVIEW HWY,Renfrew-Collingwood,497311.413,5456155.9402
Other Theft,2017,1,27,15,5,31XX GRANDVIEW HWY,Renfrew-Collingwood,497311.413,5456155.9402
Other Theft,2017,1,27,22,57,31XX GRANDVIEW HWY,Renfrew-Collingwood,497311.413,5456155.9402
Other Theft,2017,1,29,8,22,31XX GRANDVIEW HWY,Renfrew-Collingwood,497311.413,5456155.9402
Other Theft,2017,1,30,22,0,31XX GRANDVIEW HWY,Renfrew-Collingwood,497311.413,5456155.9402
Other Theft,2017,2,1,9,21,31XX GRANDVIEW HWY,Renfrew-Collingwood,497311.413,5456155.9402
Other Theft,2017,2,2,15,0,31XX GRANDVIEW HWY,Renfrew-Collingwood,497311.413,5456155.9402
Other Theft,2017,2,4,19,3,31XX GRANDVIEW HWY,Renfrew-Collingwood,497311.413,5456155.9402
Other Theft,2017,2,4,21,15,31XX GRANDVIEW HWY,Renfrew-Collingwood,497311.413,5456155.9402
Other Theft,2017,2,6,22,58,31XX GRANDVIEW HWY,Renfrew-Collingwood,497311.413,5456155.9402
Other Theft,2017,2,7,17,5,31XX GRANDVIEW HWY,Renfrew-Collingwood,497311.413,5456155.9402
Other Theft,2017,2,8,20,45,31XX GRANDVIEW HWY,Renfrew-Collingwood,497311.413,5456155.9402
Other Theft,2017,2,9,19,27,31XX GRANDVIEW HWY,Renfrew-Collingwood,497311.413,5456155.9402
Other Theft,2017,2,10,21,18,31XX GRANDVIEW HWY,Renfrew-Collingwood,497311.413,5456155.9402
Other Theft,2017,2,14,21,10,31XX GRANDVIEW HWY,Renfrew-Collingwood,497311.413,5456155.9402
Other Theft,2017,2,15,16,19,31XX GRANDVIEW HWY,Renfrew-Collingwood,497311.413,5456155.9402
Other Theft,2017,2,18,10,8,31XX GRANDVIEW HWY,Renfrew-Collingwood,497311.413,5456155.9402
Other Theft,2017,2,18,17,23,31XX GRANDVIEW HWY,Renfrew-Collingwood,497311.413,5456155.9402
Other Theft,2017,2,19,19,35,31XX GRANDVIEW HWY,Renfrew-Collingwood,497311.413,5456155.9402
Other Theft,2017,2,20,9,23,31XX GRANDVIEW HWY,Renfrew-Collingwood,497311.413,5456155.9402
Other Theft,2017,2,25,21,44,31XX GRANDVIEW HWY,Renfrew-Collingwood,497311.413,5456155.9402
Other Theft,2017,2,28,15,35,31XX GRANDVIEW HWY,Renfrew-Collingwood,497311.413,5456155.9402
Other Theft,2017,2,28,17,10,31XX GRANDVIEW HWY,Renfrew-Collingwood,497311.413,5456155.9402
Other Theft,2017,3,1,14,0,31XX GRANDVIEW HWY,Renfrew-Collingwood,497311.413,5456155.9402
Other Theft,2017,3,3,20,3,31XX GRANDVIEW HWY,Renfrew-Collingwood,497311.413,5456155.9402
Other Theft,2017,3,4,11,37,31XX GRANDVIEW HWY,Renfrew-Collingwood,497311.413,5456155.9402
Other Theft,2017,3,5,13,0,31XX GRANDVIEW HWY,Renfrew-Collingwood,497311.413,5456155.9402
Other Theft,2017,3,14,21,53,31XX GRANDVIEW HWY,Renfrew-Collingwood,497311.413,5456155.9402
Other Theft,2017,3,19,17,21,31XX GRANDVIEW HWY,Renfrew-Collingwood,497311.413,5456155.9402
Other Theft,2017,3,20,16,50,31XX GRANDVIEW HWY,Renfrew-Collingwood,497311.413,5456155.9402
Other Theft,2017,3,27,16,8,31XX GRANDVIEW HWY,Renfrew-Collingwood,497311.413,5456155.9402
Other Theft,2017,3,29,16,32,31XX GRANDVIEW HWY,Renfrew-Collingwood,497311.413,5456155.9402
Other Theft,2017,4,2,15,15,31XX GRANDVIEW HWY,Renfrew-Collingwood,497311.413,5456155.9402
Other Theft,2017,4,4,13,49,31XX GRANDVIEW HWY,Renfrew-Collingwood,497311.413,5456155.9402
Other Theft,2017,4,15,12,3,31XX GRANDVIEW HWY,Renfrew-Collingwood,497311.413,5456155.9402
Other Theft,2017,4,16,17,42,31XX GRANDVIEW HWY,Renfrew-Collingwood,497311.413,5456155.9402
Other Theft,2017,4,16,18,21,31XX GRANDVIEW HWY,Renfrew-Collingwood,497311.413,5456155.9402
Other Theft,2017,4,21,14,37,31XX GRANDVIEW HWY,Renfrew-Collingwood,497311.413,5456155.9402
Other Theft,2017,4,29,17,15,31XX GRANDVIEW HWY,Renfrew-Collingwood,497311.413,5456155.9402
Other Theft,2017,5,6,13,5,31XX GRANDVIEW HWY,Renfrew-Collingwood,497311.413,5456155.9402
Other Theft,2017,5,9,14,2,31XX GRANDVIEW HWY,Renfrew-Collingwood,497311.413,5456155.9402
Other Theft,2017,5,11,23,22,31XX GRANDVIEW HWY,Renfrew-Collingwood,497311.413,5456155.9402
Other Theft,2017,5,14,10,2,31XX GRANDVIEW HWY,Renfrew-Collingwood,497311.413,5456155.9402
Other Theft,2017,5,20,16,42,31XX GRANDVIEW HWY,Renfrew-Collingwood,497311.413,5456155.9402
Other Theft,2017,5,20,18,0,31XX GRANDVIEW HWY,Renfrew-Collingwood,497311.413,5456155.9402
Other Theft,2017,5,21,11,17,31XX GRANDVIEW HWY,Renfrew-Collingwood,497311.413,5456155.9402
Other Theft,2017,5,23,9,14,31XX GRANDVIEW HWY,Renfrew-Collingwood,497311.413,5456155.9402
Other Theft,2017,5,26,20,35,31XX GRANDVIEW HWY,Renfrew-Collingwood,497311.413,5456155.9402
Other Theft,2017,5,30,11,48,31XX GRANDVIEW HWY,Renfrew-Collingwood,497311.413,5456155.9402
Other Theft,2017,5,30,16,19,31XX GRANDVIEW HWY,Renfrew-Collingwood,497311.413,5456155.9402
Other Theft,2017,5,30,22,32,31XX GRANDVIEW HWY,Renfrew-Collingwood,497311.413,5456155.9402
Other Theft,2017,6,2,16,30,31XX GRANDVIEW HWY,Renfrew-Collingwood,497311.413,5456155.9402
Other Theft,2017,6,3,9,49,31XX GRANDVIEW HWY,Renfrew-Collingwood,497311.413,5456155.9402
Other Theft,2017,6,4,17,26,31XX GRANDVIEW HWY,Renfrew-Collingwood,497311.413,5456155.9402
Other Theft,2017,6,5,14,0,31XX GRANDVIEW HWY,Renfrew-Collingwood,497311.413,5456155.9402
Other Theft,2017,6,5,14,51,31XX GRANDVIEW HWY,Renfrew-Collingwood,497311.413,5456155.9402
Other Theft,2017,6,8,11,51,31XX GRANDVIEW HWY,Renfrew-Collingwood,497311.413,5456155.9402
Other Theft,2017,6,8,21,55,31XX GRANDVIEW HWY,Renfrew-Collingwood,497311.413,5456155.9402
Other Theft,2017,6,11,14,52,31XX GRANDVIEW HWY,Renfrew-Collingwood,497311.413,5456155.9402
Other Theft,2017,6,11,16,5,31XX GRANDVIEW HWY,Renfrew-Collingwood,497311.413,5456155.9402
Other Theft,2017,6,11,23,28,31XX GRANDVIEW HWY,Renfrew-Collingwood,497311.413,5456155.9402
Other Theft,2017,6,18,13,48,31XX GRANDVIEW HWY,Renfrew-Collingwood,497311.413,5456155.9402
Other Theft,2017,6,19,17,13,31XX GRANDVIEW HWY,Renfrew-Collingwood,497311.413,5456155.9402
Other Theft,2017,6,19,20,31,31XX GRANDVIEW HWY,Renfrew-Collingwood,497311.413,5456155.9402
Other Theft,2017,6,23,14,51,31XX GRANDVIEW HWY,Renfrew-Collingwood,497311.413,5456155.9402
Other Theft,2017,6,23,16,5,31XX GRANDVIEW HWY,Renfrew-Collingwood,497311.413,5456155.9402
Other Theft,2017,6,24,16,3,31XX GRANDVIEW HWY,Renfrew-Collingwood,497311.413,5456155.9402
Other Theft,2017,6,30,21,56,31XX GRANDVIEW HWY,Renfrew-Collingwood,497311.413,5456155.9402
Other Theft,2017,7,3,10,15,31XX GRANDVIEW HWY,Renfrew-Collingwood,497311.413,5456155.9402
Other Theft,2017,7,3,16,13,31XX GRANDVIEW HWY,Renfrew-Collingwood,497311.413,5456155.9402
Other Theft,2017,7,6,17,27,31XX GRANDVIEW HWY,Renfrew-Collingwood,497311.413,5456155.9402
Other Theft,2017,7,8,16,2,31XX GRANDVIEW HWY,Renfrew-Collingwood,497311.413,5456155.9402
Other Theft,2017,7,12,10,18,31XX GRANDVIEW HWY,Renfrew-Collingwood,497311.413,5456155.9402
Other Theft,2017,7,14,8,39,31XX GRANDVIEW HWY,Renfrew-Collingwood,497311.413,5456155.9402
Other Theft,2017,7,15,10,0,31XX GRANDVIEW HWY,Renfrew-Collingwood,497311.413,5456155.9402
Other Theft,2017,7,15,16,45,31XX GRANDVIEW HWY,Renfrew-Collingwood,497311.413,5456155.9402
Other Theft,2017,7,15,19,33,31XX GRANDVIEW HWY,Renfrew-Collingwood,497311.413,5456155.9402
Other Theft,2017,7,17,11,55,31XX GRANDVIEW HWY,Renfrew-Collingwood,497311.413,5456155.9402
Other Theft,2017,7,19,7,18,31XX GRANDVIEW HWY,Renfrew-Collingwood,497311.413,5456155.9402
Other Theft,2017,7,20,22,53,31XX GRANDVIEW HWY,Renfrew-Collingwood,497311.413,5456155.9402
Other Theft,2017,7,24,9,46,31XX GRANDVIEW HWY,Renfrew-Collingwood,497311.413,5456155.9402
Other Theft,2017,7,24,13,4,31XX GRANDVIEW HWY,Renfrew-Collingwood,497311.413,5456155.9402
Other Theft,2017,7,29,18,58,31XX GRANDVIEW HWY,Renfrew-Collingwood,497311.413,5456155.9402
Other Theft,2017,7,31,18,25,31XX GRANDVIEW HWY,Renfrew-Collingwood,497311.413,5456155.9402
Other Theft,2017,7,31,20,33,31XX GRANDVIEW HWY,Renfrew-Collingwood,497311.413,5456155.9402
Other Theft,2017,7,31,21,47,31XX GRANDVIEW HWY,Renfrew-Collingwood,497311.413,5456155.9402
Other Theft,2017,8,1,15,9,31XX GRANDVIEW HWY,Renfrew-Collingwood,497311.413,5456155.9402
Other Theft,2017,8,1,17,28,31XX GRANDVIEW HWY,Renfrew-Collingwood,497311.413,5456155.9402
Other Theft,2017,8,1,18,2,31XX GRANDVIEW HWY,Renfrew-Collingwood,497311.413,5456155.9402
Other Theft,2017,8,3,9,38,31XX GRANDVIEW HWY,Renfrew-Collingwood,497311.413,5456155.9402
Other Theft,2017,8,4,19,20,31XX GRANDVIEW HWY,Renfrew-Collingwood,497311.413,5456155.9402
Other Theft,2017,8,6,17,2,31XX GRANDVIEW HWY,Renfrew-Collingwood,497311.413,5456155.9402
Other Theft,2017,8,7,19,52,31XX GRANDVIEW HWY,Renfrew-Collingwood,497311.413,5456155.9402
Other Theft,2017,8,7,20,14,31XX GRANDVIEW HWY,Renfrew-Collingwood,497311.413,5456155.9402
Other Theft,2017,8,13,16,32,31XX GRANDVIEW HWY,Renfrew-Collingwood,497311.413,5456155.9402
Other Theft,2017,8,13,21,1,31XX GRANDVIEW HWY,Renfrew-Collingwood,497311.413,5456155.9402
Other Theft,2017,8,15,15,12,31XX GRANDVIEW HWY,Renfrew-Collingwood,497311.413,5456155.9402
Other Theft,2017,8,18,14,18,31XX GRANDVIEW HWY,Renfrew-Collingwood,497311.413,5456155.9402
Other Theft,2017,8,18,19,55,31XX GRANDVIEW HWY,Renfrew-Collingwood,497311.413,5456155.9402
Other Theft,2017,8,19,16,11,31XX GRANDVIEW HWY,Renfrew-Collingwood,497311.413,5456155.9402
Other Theft,2017,8,20,16,51,31XX GRANDVIEW HWY,Renfrew-Collingwood,497311.413,5456155.9402
Other Theft,2017,8,20,21,39,31XX GRANDVIEW HWY,Renfrew-Collingwood,497311.413,5456155.9402
Other Theft,2017,8,21,14,0,31XX GRANDVIEW HWY,Renfrew-Collingwood,497311.413,5456155.9402
Other Theft,2017,8,22,8,44,31XX GRANDVIEW HWY,Renfrew-Collingwood,497311.413,5456155.9402
Other Theft,2017,8,22,11,40,31XX GRANDVIEW HWY,Renfrew-Collingwood,497311.413,5456155.9402
Other Theft,2017,8,23,18,12,31XX GRANDVIEW HWY,Renfrew-Collingwood,497311.413,5456155.9402
Other Theft,2017,8,27,14,30,31XX GRANDVIEW HWY,Renfrew-Collingwood,497311.413,5456155.9402
Other Theft,2017,9,3,14,54,31XX GRANDVIEW HWY,Renfrew-Collingwood,497311.413,5456155.9402
Other Theft,2017,9,5,19,56,31XX GRANDVIEW HWY,Renfrew-Collingwood,497311.413,5456155.9402
Other Theft,2017,9,6,10,10,31XX GRANDVIEW HWY,Renfrew-Collingwood,497311.413,5456155.9402
Other Theft,2017,9,6,14,45,31XX GRANDVIEW HWY,Renfrew-Collingwood,497311.413,5456155.9402
Other Theft,2017,9,6,20,41,31XX GRANDVIEW HWY,Renfrew-Collingwood,497311.413,5456155.9402
Other Theft,2017,9,6,21,46,31XX GRANDVIEW HWY,Renfrew-Collingwood,497311.413,5456155.9402
Other Theft,2017,9,8,20,26,31XX GRANDVIEW HWY,Renfrew-Collingwood,497311.413,5456155.9402
Other Theft,2017,9,10,17,17,31XX GRANDVIEW HWY,Renfrew-Collingwood,497311.413,5456155.9402
Other Theft,2017,9,10,18,46,31XX GRANDVIEW HWY,Renfrew-Collingwood,497311.413,5456155.9402
Other Theft,2017,9,10,22,44,31XX GRANDVIEW HWY,Renfrew-Collingwood,497311.413,5456155.9402
Other Theft,2017,9,11,18,57,31XX GRANDVIEW HWY,Renfrew-Collingwood,497311.413,5456155.9402
Other Theft,2017,9,12,17,51,31XX GRANDVIEW HWY,Renfrew-Collingwood,497311.413,5456155.9402
Other Theft,2017,9,12,18,34,31XX GRANDVIEW HWY,Renfrew-Collingwood,497311.413,5456155.9402
Other Theft,2017,9,13,16,10,31XX GRANDVIEW HWY,Renfrew-Collingwood,497311.413,5456155.9402
Other Theft,2017,9,13,17,41,31XX GRANDVIEW HWY,Renfrew-Collingwood,497311.413,5456155.9402
Other Theft,2017,9,15,8,39,31XX GRANDVIEW HWY,Renfrew-Collingwood,497311.413,5456155.9402
Other Theft,2017,9,15,17,10,31XX GRANDVIEW HWY,Renfrew-Collingwood,497311.413,5456155.9402
Other Theft,2017,9,17,18,47,31XX GRANDVIEW HWY,Renfrew-Collingwood,497311.413,5456155.9402
Other Theft,2017,9,18,18,38,31XX GRANDVIEW HWY,Renfrew-Collingwood,497311.413,5456155.9402
Other Theft,2017,9,19,16,3,31XX GRANDVIEW HWY,Renfrew-Collingwood,497311.413,5456155.9402
Other Theft,2017,9,24,17,0,31XX GRANDVIEW HWY,Renfrew-Collingwood,497311.413,5456155.9402
Other Theft,2017,9,24,19,51,31XX GRANDVIEW HWY,Renfrew-Collingwood,497311.413,5456155.9402
Other Theft,2017,9,25,22,23,31XX GRANDVIEW HWY,Renfrew-Collingwood,497311.413,5456155.9402
Other Theft,2017,9,26,7,34,31XX GRANDVIEW HWY,Renfrew-Collingwood,497311.413,5456155.9402
Other Theft,2017,9,30,11,43,31XX GRANDVIEW HWY,Renfrew-Collingwood,497311.413,5456155.9402
Other Theft,2017,9,30,16,0,31XX GRANDVIEW HWY,Renfrew-Collingwood,497311.413,5456155.9402
Other Theft,2017,9,30,20,22,31XX GRANDVIEW HWY,Renfrew-Collingwood,497311.413,5456155.9402
Other Theft,2017,10,1,10,17,31XX GRANDVIEW HWY,Renfrew-Collingwood,497311.413,5456155.9402
Other Theft,2017,10,1,13,17,31XX GRANDVIEW HWY,Renfrew-Collingwood,497311.413,5456155.9402
Other Theft,2017,10,1,14,47,31XX GRANDVIEW HWY,Renfrew-Collingwood,497311.413,5456155.9402
Other Theft,2017,10,1,15,4,31XX GRANDVIEW HWY,Renfrew-Collingwood,497311.413,5456155.9402
Other Theft,2017,10,5,15,16,31XX GRANDVIEW HWY,Renfrew-Collingwood,497311.413,5456155.9402
Other Theft,2017,10,5,22,15,31XX GRANDVIEW HWY,Renfrew-Collingwood,497311.413,5456155.9402
Other Theft,2017,10,6,18,35,31XX GRANDVIEW HWY,Renfrew-Collingwood,497311.413,5456155.9402
Other Theft,2017,10,12,11,47,31XX GRANDVIEW HWY,Renfrew-Collingwood,497311.413,5456155.9402
Other Theft,2017,10,12,20,13,31XX GRANDVIEW HWY,Renfrew-Collingwood,497311.413,5456155.9402
Other Theft,2017,10,13,8,55,31XX GRANDVIEW HWY,Renfrew-Collingwood,497311.413,5456155.9402
Other Theft,2017,10,15,11,16,31XX GRANDVIEW HWY,Renfrew-Collingwood,497311.413,5456155.9402
Other Theft,2017,10,16,15,56,31XX GRANDVIEW HWY,Renfrew-Collingwood,497311.413,5456155.9402
Other Theft,2017,10,16,22,53,31XX GRANDVIEW HWY,Renfrew-Collingwood,497311.413,5456155.9402
Other Theft,2017,10,22,19,5,31XX GRANDVIEW HWY,Renfrew-Collingwood,497311.413,5456155.9402
Other Theft,2017,10,22,21,5,31XX GRANDVIEW HWY,Renfrew-Collingwood,497311.413,5456155.9402
Other Theft,2017,10,23,22,30,31XX GRANDVIEW HWY,Renfrew-Collingwood,497311.413,5456155.9402
Other Theft,2017,10,24,17,35,31XX GRANDVIEW HWY,Renfrew-Collingwood,497311.413,5456155.9402
Other Theft,2017,10,24,17,47,31XX GRANDVIEW HWY,Renfrew-Collingwood,497311.413,5456155.9402
Other Theft,2017,10,25,11,1,31XX GRANDVIEW HWY,Renfrew-Collingwood,497311.413,5456155.9402
Other Theft,2017,10,29,20,46,31XX GRANDVIEW HWY,Renfrew-Collingwood,497311.413,5456155.9402
Other Theft,2017,11,3,22,49,31XX GRANDVIEW HWY,Renfrew-Collingwood,497311.413,5456155.9402
Other Theft,2017,11,6,8,8,31XX GRANDVIEW HWY,Renfrew-Collingwood,497311.413,5456155.9402
Other Theft,2017,11,10,19,36,31XX GRANDVIEW HWY,Renfrew-Collingwood,497311.413,5456155.9402
Other Theft,2017,11,13,13,0,31XX GRANDVIEW HWY,Renfrew-Collingwood,497311.413,5456155.9402
Other Theft,2017,11,16,12,30,31XX GRANDVIEW HWY,Renfrew-Collingwood,497311.413,5456155.9402
Other Theft,2017,11,17,15,0,31XX GRANDVIEW HWY,Renfrew-Collingwood,497311.413,5456155.9402
Other Theft,2017,11,17,15,30,31XX GRANDVIEW HWY,Renfrew-Collingwood,497311.413,5456155.9402
Other Theft,2017,11,25,9,49,31XX GRANDVIEW HWY,Renfrew-Collingwood,497311.413,5456155.9402
Other Theft,2017,11,27,16,13,31XX GRANDVIEW HWY,Renfrew-Collingwood,497311.413,5456155.9402
Other Theft,2017,11,28,12,0,31XX GRANDVIEW HWY,Renfrew-Collingwood,497311.413,5456155.9402
Other Theft,2017,12,1,13,45,31XX GRANDVIEW HWY,Renfrew-Collingwood,497311.413,5456155.9402
Other Theft,2017,12,2,16,12,31XX GRANDVIEW HWY,Renfrew-Collingwood,497311.413,5456155.9402
Other Theft,2017,12,3,17,17,31XX GRANDVIEW HWY,Renfrew-Collingwood,497311.413,5456155.9402
Other Theft,2017,12,5,20,9,31XX GRANDVIEW HWY,Renfrew-Collingwood,497311.413,5456155.9402
Other Theft,2017,12,7,17,40,31XX GRANDVIEW HWY,Renfrew-Collingwood,497311.413,5456155.9402
Other Theft,2017,12,7,19,6,31XX GRANDVIEW HWY,Renfrew-Collingwood,497311.413,5456155.9402
Other Theft,2017,12,8,21,6,31XX GRANDVIEW HWY,Renfrew-Collingwood,497311.413,5456155.9402
Other Theft,2017,12,8,22,35,31XX GRANDVIEW HWY,Renfrew-Collingwood,497311.413,5456155.9402
Other Theft,2017,12,10,11,51,31XX GRANDVIEW HWY,Renfrew-Collingwood,497311.413,5456155.9402
Other Theft,2017,12,10,22,50,31XX GRANDVIEW HWY,Renfrew-Collingwood,497311.413,5456155.9402
Other Theft,2017,12,11,14,45,31XX GRANDVIEW HWY,Renfrew-Collingwood,497311.413,5456155.9402
Other Theft,2017,12,12,20,11,31XX GRANDVIEW HWY,Renfrew-Collingwood,497311.413,5456155.9402
Other Theft,2017,12,13,8,13,31XX GRANDVIEW HWY,Renfrew-Collingwood,497311.413,5456155.9402
Other Theft,2017,12,13,17,10,31XX GRANDVIEW HWY,Renfrew-Collingwood,497311.413,5456155.9402
Other Theft,2017,12,16,16,0,31XX GRANDVIEW HWY,Renfrew-Collingwood,497311.413,5456155.9402
Other Theft,2017,12,17,16,14,31XX GRANDVIEW HWY,Renfrew-Collingwood,497311.413,5456155.9402
Other Theft,2017,12,18,16,37,31XX GRANDVIEW HWY,Renfrew-Collingwood,497311.413,5456155.9402
Other Theft,2017,12,18,17,32,31XX GRANDVIEW HWY,Renfrew-Collingwood,497311.413,5456155.9402
Other Theft,2017,12,19,0,11,31XX GRANDVIEW HWY,Renfrew-Collingwood,497311.413,5456155.9402
Other Theft,2017,12,19,12,43,31XX GRANDVIEW HWY,Renfrew-Collingwood,497311.413,5456155.9402
Other Theft,2017,12,22,22,22,31XX GRANDVIEW HWY,Renfrew-Collingwood,497311.413,5456155.9402
Other Theft,2017,12,29,22,36,31XX GRANDVIEW HWY,Renfrew-Collingwood,497311.413,5456155.9402
Other Theft,2017,12,30,16,53,31XX GRANDVIEW HWY,Renfrew-Collingwood,497311.413,5456155.9402
Other Theft,2017,12,31,10,4,31XX GRANDVIEW HWY,Renfrew-Collingwood,497311.413,5456155.9402
Other Theft,2017,12,31,16,32,31XX GRANDVIEW HWY,Renfrew-Collingwood,497311.413,5456155.9402
Other Theft,2017,12,31,17,59,31XX GRANDVIEW HWY,Renfrew-Collingwood,497311.413,5456155.9402
Other Theft,2017,10,5,11,12,31XX GRANVILLE ST,Fairview,489896.3153,5456048.6007
Other Theft,2017,4,17,14,30,31XX GRANVILLE ST,Fairview,489898.0072,5456093.6674
Other Theft,2017,3,30,16,1,31XX GRANVILLE ST,Fairview,489899.9297,5456144.8795
Other Theft,2017,5,29,22,55,31XX GRAVELEY ST,Hastings-Sunrise,497246.5272,5457510.698
Other Theft,2017,11,9,20,0,31XX KINGS AVE,Renfrew-Collingwood,497221.6797,5454314.4855
Other Theft,2017,7,31,15,8,31XX KINGSWAY AVE,Renfrew-Collingwood,497232.813,5453598.9698
Other Theft,2017,8,26,22,30,31XX MAIN ST,Mount Pleasant,492640.835,5456084.0156
Other Theft,2017,10,11,9,40,31XX MAIN ST,Mount Pleasant,492640.835,5456084.0156
Other Theft,2017,1,5,0,0,31XX NOOTKA ST,Renfrew-Collingwood,496979.0628,5455932.7068
Other Theft,2017,3,25,1,27,31XX OAK ST,Fairview,490748.9644,5456070.3357
Other Theft,2017,5,23,10,0,31XX POINT GREY RD,Kitsilano,487341.132,5457608.5123
Other Theft,2017,3,4,6,30,31XX SONGBIRD MEWS,Killarney,496927.9486,5450484.4734
Other Theft,2017,12,28,0,5,31XX SONGBIRD MEWS,Killarney,496927.9486,5450484.4734
Other Theft,2017,12,17,21,0,31XX ST CATHERINES ST,Mount Pleasant,493771.6834,5456002.1667
Other Theft,2017,5,22,15,35,31XX STANLEY PARK DR,Stanley Park,490611.389,5461095.3106
Other Theft,2017,8,17,17,13,31XX W 3RD AVE,Kitsilano,487246.027,5457410.2768
Other Theft,2017,5,30,22,57,31XX W BROADWAY AVE,Kitsilano,487304.9231,5456834.3521
Other Theft,2017,8,4,21,0,32XX AUSTREY AVE,Renfrew-Collingwood,497334.9113,5453971.3941
Other Theft,2017,8,4,21,0,32XX AUSTREY AVE,Renfrew-Collingwood,497355.1064,5453959.1636
Other Theft,2017,2,21,13,24,32XX CAMBIE ST,South Cambie,491620.0123,5455934.7104
Other Theft,2017,3,6,14,10,32XX CAMBIE ST,South Cambie,491620.0123,5455934.7104
Other Theft,2017,5,19,16,51,32XX CAMBIE ST,South Cambie,491620.0123,5455934.7104
Other Theft,2017,9,4,11,38,32XX CAMBIE ST,South Cambie,491620.0123,5455934.7104
Other Theft,2017,10,1,15,22,32XX CAMBIE ST,South Cambie,491620.0123,5455934.7104
Other Theft,2017,10,8,10,13,32XX CAMBIE ST,South Cambie,491620.0123,5455934.7104
Other Theft,2017,10,22,16,18,32XX CAMBIE ST,South Cambie,491620.0123,5455934.7104
Other Theft,2017,11,23,9,33,32XX CAMBIE ST,South Cambie,491620.0123,5455934.7104
Other Theft,2017,12,28,9,58,32XX CAMBIE ST,South Cambie,491620.0123,5455934.7104
Other Theft,2017,9,11,0,0,32XX CHARLES ST,Hastings-Sunrise,497478.3973,5457836.6281
Other Theft,2017,11,29,20,0,32XX CLARK DR,Kensington-Cedar Cottage,494330.7801,5455920.2697
Other Theft,2017,8,20,19,41,32XX COMMERCIAL DR,Kensington-Cedar Cottage,494949.295,5455891.0042
Other Theft,2017,10,21,16,0,32XX COMMERCIAL DR,Kensington-Cedar Cottage,494949.295,5455891.0042
Other Theft,2017,10,1,10,25,32XX E 17TH AVE,Renfrew-Collingwood,497523.5408,5455779.3333
Other Theft,2017,2,18,17,45,32XX E 22ND AVE,Renfrew-Collingwood,497525.7232,5455320.3945
Other Theft,2017,6,17,19,0,32XX E 22ND AVE,Renfrew-Collingwood,497525.7232,5455320.3945
Other Theft,2017,9,16,13,4,32XX E 22ND AVE,Renfrew-Collingwood,497525.7232,5455320.3945
Other Theft,2017,3,17,4,28,32XX E 22ND AVE,Renfrew-Collingwood,497525.7232,5455320.3945
Other Theft,2017,3,28,16,26,32XX E 22ND AVE,Renfrew-Collingwood,497525.7232,5455320.3945
Other Theft,2017,6,16,19,38,32XX E 22ND AVE,Renfrew-Collingwood,497525.7232,5455320.3945
Other Theft,2017,12,3,0,0,32XX E 27TH AVE,Renfrew-Collingwood,497523.0576,5454834.4391
Other Theft,2017,3,15,18,55,32XX E 28TH AVE,Renfrew-Collingwood,497458.7316,5454728.5916
Other Theft,2017,7,13,13,52,32XX E 45TH AVE,Killarney,497317.7089,5452938.6516
Other Theft,2017,4,26,1,45,32XX E 46TH AVE,Killarney,497336.626,5452845.9447
Other Theft,2017,7,28,18,10,32XX E 47TH AVE,Killarney,497289.5072,5452763.7973
Other Theft,2017,3,2,18,27,32XX E 48TH AVE,Killarney,497212.7035,5452524.3829
Other Theft,2017,4,1,13,21,32XX E 58TH AVE,Killarney,497248.6308,5451612.0885
Other Theft,2017,12,13,16,31,32XX E BROADWAY AVE,Renfrew-Collingwood,497345.9724,5456566.4068
Other Theft,2017,3,12,17,18,32XX E GEORGIA ST,Hastings-Sunrise,497480.6845,5458395.0007
Other Theft,2017,3,3,11,0,32XX E HASTINGS ST,Hastings-Sunrise,497372.6171,5458708.2183
Other Theft,2017,5,9,11,0,32XX E HASTINGS ST,Hastings-Sunrise,497372.681,5458717.3621
Other Theft,2017,6,11,13,0,32XX E HASTINGS ST,Hastings-Sunrise,497372.681,5458717.3621
Other Theft,2017,6,20,14,30,32XX E HASTINGS ST,Hastings-Sunrise,497372.681,5458717.3621
Other Theft,2017,9,3,15,30,32XX E HASTINGS ST,Hastings-Sunrise,497372.681,5458717.3621
Other Theft,2017,10,26,22,40,32XX E HASTINGS ST,Hastings-Sunrise,497372.681,5458717.3621
Other Theft,2017,12,11,23,0,32XX E PENDER ST,Hastings-Sunrise,497383.956,5458600.8365
Other Theft,2017,12,10,1,11,32XX MACDONALD ST,Arbutus Ridge,487751.955,5456076.2413
Other Theft,2017,7,8,20,0,32XX MAIN ST,Riley Park,492626.7114,5455897.1212
Other Theft,2017,8,23,19,30,32XX MAIN ST,Riley Park,492626.7114,5455897.1212
Other Theft,2017,12,2,20,23,32XX MAIN ST,Riley Park,492636.9162,5455942.743
Other Theft,2017,2,14,17,8,32XX TUPPER ST,South Cambie,491563.3227,5455995.5456
Other Theft,2017,10,26,19,45,32XX TUPPER ST,South Cambie,491563.3227,5455995.5456
Other Theft,2017,9,24,12,0,32XX W 11TH AVE,Kitsilano,487118.1349,5456647.3875
Other Theft,2017,7,16,17,0,32XX W 12TH AVE,Kitsilano,487061.5655,5456539.9212
Other Theft,2017,3,22,10,0,32XX W 35TH AVE,Dunbar-Southlands,487014.3799,5454206.3996
Other Theft,2017,8,29,17,0,32XX W 39TH AVE,Dunbar-Southlands,487113.8046,5453781.1249
Other Theft,2017,9,20,22,0,32XX W 4TH AVE,Kitsilano,487085.798,5457323.9323
Other Theft,2017,5,13,14,0,32XX W BROADWAY AVE,Kitsilano,487113.3361,5456839.5425
Other Theft,2017,3,22,12,0,32XX W BROADWAY AVE,Kitsilano,487115.985,5456839.4687
Other Theft,2017,11,24,0,0,32XX W BROADWAY AVE,Kitsilano,487131.8783,5456839.026
Other Theft,2017,12,1,7,30,32XX W BROADWAY AVE,Kitsilano,487131.8783,5456839.026
Other Theft,2017,6,2,10,27,33XX ADANAC ST,Hastings-Sunrise,497628.8716,5458294.0231
Other Theft,2017,12,6,3,12,33XX AUSTREY AVE,Renfrew-Collingwood,497415.4277,5453922.7016
Other Theft,2017,5,22,17,15,33XX CAMBIE ST,Riley Park,491625.1563,5455818.7844
Other Theft,2017,9,29,17,0,33XX CLIVE AVE,Renfrew-Collingwood,497496.164,5453999.9683
Other Theft,2017,7,18,16,41,33XX DUNBAR ST,Dunbar-Southlands,486533.7899,5456058.4036
Other Theft,2017,7,11,15,22,33XX E 22ND AVE,Renfrew-Collingwood,497552.8218,5455311.1167
Other Theft,2017,4,26,15,23,33XX E 28TH AVE,Renfrew-Collingwood,497645.624,5454736.3608
Other Theft,2017,5,15,14,0,33XX E 58TH AVE,Killarney,497371.4263,5451600.3024
Other Theft,2017,3,6,2,45,33XX E 6TH AVE,Hastings-Sunrise,497683.6343,5456878.102
Other Theft,2017,10,15,0,1,33XX E HASTINGS ST,Hastings-Sunrise,497526.7357,5458707.1401
Other Theft,2017,6,7,14,0,33XX E HASTINGS ST,Hastings-Sunrise,497540.6463,5458708.7399
Other Theft,2017,3,11,12,0,33XX FLEMING ST,Kensington-Cedar Cottage,494841.2891,5455783.8325
Other Theft,2017,1,28,4,54,33XX GRANDVIEW HWY,Renfrew-Collingwood,497572.2203,5456147.3644
Other Theft,2017,6,12,20,45,33XX GRANDVIEW HWY,Renfrew-Collingwood,497572.2203,5456147.3644
Other Theft,2017,10,12,12,37,33XX GRANDVIEW HWY,Renfrew-Collingwood,497572.2203,5456147.3644
Other Theft,2017,10,17,17,0,33XX GRANDVIEW HWY,Renfrew-Collingwood,497572.2203,5456147.3644
Other Theft,2017,11,7,14,20,33XX GRANVILLE ST,Shaughnessy,489891.1936,5455895.1185
Other Theft,2017,3,15,13,30,33XX KINGSWAY AVE,Renfrew-Collingwood,497403.4333,5453466.8065
Other Theft,2017,4,7,9,45,33XX KINGSWAY AVE,Renfrew-Collingwood,497403.4333,5453466.8065
Other Theft,2017,6,11,18,20,33XX KINGSWAY AVE,Renfrew-Collingwood,497403.4333,5453466.8065
Other Theft,2017,6,18,21,17,33XX KINGSWAY AVE,Renfrew-Collingwood,497403.4333,5453466.8065
Other Theft,2017,3,9,2,30,33XX KINGSWAY AVE,Renfrew-Collingwood,497456.0931,5453424.1484
Other Theft,2017,12,25,13,0,33XX KINGSWAY AVE,Renfrew-Collingwood,497456.0931,5453424.1484
Other Theft,2017,2,15,22,18,33XX KINGSWAY AVE,Renfrew-Collingwood,497467.7486,5453414.9271
Other Theft,2017,3,3,21,4,33XX KINGSWAY AVE,Renfrew-Collingwood,497467.7486,5453414.9271
Other Theft,2017,4,2,12,20,33XX KINGSWAY AVE,Renfrew-Collingwood,497467.7486,5453414.9271
Other Theft,2017,4,15,17,40,33XX KINGSWAY AVE,Renfrew-Collingwood,497467.7486,5453414.9271
Other Theft,2017,4,24,15,25,33XX KINGSWAY AVE,Renfrew-Collingwood,497467.7486,5453414.9271
Other Theft,2017,5,1,15,37,33XX KINGSWAY AVE,Renfrew-Collingwood,497467.7486,5453414.9271
Other Theft,2017,6,5,17,20,33XX KINGSWAY AVE,Renfrew-Collingwood,497467.7486,5453414.9271
Other Theft,2017,6,13,15,6,33XX KINGSWAY AVE,Renfrew-Collingwood,497467.7486,5453414.9271
Other Theft,2017,6,23,11,30,33XX KINGSWAY AVE,Renfrew-Collingwood,497467.7486,5453414.9271
Other Theft,2017,7,1,14,48,33XX KINGSWAY AVE,Renfrew-Collingwood,497467.7486,5453414.9271
Other Theft,2017,7,3,11,56,33XX KINGSWAY AVE,Renfrew-Collingwood,497467.7486,5453414.9271
Other Theft,2017,7,24,17,53,33XX KINGSWAY AVE,Renfrew-Collingwood,497467.7486,5453414.9271
Other Theft,2017,9,16,19,29,33XX KINGSWAY AVE,Renfrew-Collingwood,497467.7486,5453414.9271
Other Theft,2017,9,18,17,3,33XX KINGSWAY AVE,Renfrew-Collingwood,497467.7486,5453414.9271
Other Theft,2017,9,25,17,0,33XX KINGSWAY AVE,Renfrew-Collingwood,497467.7486,5453414.9271
Other Theft,2017,9,27,16,35,33XX KINGSWAY AVE,Renfrew-Collingwood,497467.7486,5453414.9271
Other Theft,2017,10,7,12,21,33XX KINGSWAY AVE,Renfrew-Collingwood,497467.7486,5453414.9271
Other Theft,2017,10,18,17,3,33XX KINGSWAY AVE,Renfrew-Collingwood,497467.7486,5453414.9271
Other Theft,2017,11,8,15,53,33XX KINGSWAY AVE,Renfrew-Collingwood,497467.7486,5453414.9271
Other Theft,2017,12,10,19,8,33XX KINGSWAY AVE,Renfrew-Collingwood,497467.7486,5453414.9271
Other Theft,2017,12,11,17,31,33XX KINGSWAY AVE,Renfrew-Collingwood,497467.7486,5453414.9271
Other Theft,2017,12,13,9,0,33XX KINGSWAY AVE,Renfrew-Collingwood,497467.7486,5453414.9271
Other Theft,2017,2,28,8,12,33XX KINGSWAY AVE,Renfrew-Collingwood,497520.6929,5453384.6988
Other Theft,2017,7,18,16,30,33XX KINGSWAY AVE,Renfrew-Collingwood,497540.6477,5453369.4821
Other Theft,2017,7,1,22,30,33XX KNIGHT ST,Kensington-Cedar Cottage,494470.0153,5455817.9077
Other Theft,2017,10,17,23,4,33XX MAIN ST,Riley Park,492626.6892,5455879.2213
Other Theft,2017,11,12,22,48,33XX MAIN ST,Riley Park,492626.6892,5455879.2213
Other Theft,2017,12,13,22,12,33XX MAIN ST,Riley Park,492626.6892,5455879.2213
Other Theft,2017,3,8,9,11,33XX MAIN ST,Riley Park,492628.2308,5455849.8574
Other Theft,2017,4,11,2,30,33XX MAIN ST,Riley Park,492628.2308,5455849.8574
Other Theft,2017,4,16,23,0,33XX MAIN ST,Riley Park,492628.2308,5455849.8574
Other Theft,2017,3,7,20,50,33XX MAIN ST,Riley Park,492635.8206,5455879.7007
Other Theft,2017,6,2,16,48,33XX MAIN ST,Riley Park,492650.6285,5455798.3804
Other Theft,2017,6,14,17,0,33XX MAQUINNA DR,Killarney,497646.8788,5451417.903
Other Theft,2017,2,13,23,59,33XX NANAIMO ST,Kensington-Cedar Cottage,495876.6641,5455666.0368
Other Theft,2017,4,24,1,5,33XX RUPERT ST,Renfrew-Collingwood,497549.3202,5455762.093
Other Theft,2017,1,23,12,0,33XX SCHOOL AVE,Killarney,497632.2518,5453140.8459
Other Theft,2017,7,22,14,45,33XX SE MARINE DR,Killarney,497352.2396,5450613.2242
Other Theft,2017,7,26,16,44,33XX VICTORIA DR,Kensington-Cedar Cottage,495192.0937,5455770.7776
Other Theft,2017,9,11,18,0,33XX VICTORIA DR,Kensington-Cedar Cottage,495192.4413,5455781.0882
Other Theft,2017,11,11,7,40,33XX VICTORIA DR,Kensington-Cedar Cottage,495192.4413,5455781.0882
Other Theft,2017,7,17,13,15,33XX W 12TH AVE,Kitsilano,486953.5083,5456544.0855
Other Theft,2017,2,10,17,19,33XX W 27TH AVE,Dunbar-Southlands,486977.3574,5455040.253
Other Theft,2017,10,30,18,24,33XX W 32ND AVE,Dunbar-Southlands,486915.1343,5454522.7477
Other Theft,2017,11,27,12,0,33XX W 4TH AVE,Kitsilano,487023.9079,5457325.7293
Other Theft,2017,6,9,16,0,33XX W 4TH AVE,Kitsilano,487068.7612,5457315.3255
Other Theft,2017,1,27,16,0,33XX W BROADWAY AVE,Kitsilano,487006.8972,5456842.5192
Other Theft,2017,9,5,22,45,33XX W BROADWAY AVE,Kitsilano,487006.8972,5456842.5192
Other Theft,2017,4,20,1,30,33XX W BROADWAY AVE,Kitsilano,487049.7999,5456841.3153
Other Theft,2017,4,20,2,19,33XX W BROADWAY AVE,Kitsilano,487049.7999,5456841.3153
Other Theft,2017,10,3,0,20,33XX W BROADWAY AVE,Kitsilano,487061.2406,5456840.9943
Other Theft,2017,4,9,21,0,33XX WINDSOR ST,Kensington-Cedar Cottage,493908.8829,5455830.5038
Other Theft,2017,11,1,0,0,33XX WORTHINGTON DR,Renfrew-Collingwood,497641.6495,5455770.9517
Other Theft,2017,7,15,13,45,34XX CAMBIE ST,South Cambie,491611.8882,5455706.1822
Other Theft,2017,1,10,16,36,34XX CAMBIE ST,South Cambie,491611.9553,5455707.9754
Other Theft,2017,2,5,13,57,34XX CAMBIE ST,South Cambie,491613.2057,5455741.4661
Other Theft,2017,1,7,14,52,34XX CAMBIE ST,South Cambie,491614.6888,5455781.1711
Other Theft,2017,3,7,19,53,34XX CAMBIE ST,South Cambie,491614.7428,5455782.6308
Other Theft,2017,3,9,20,35,34XX CAMBIE ST,South Cambie,491614.7428,5455782.6308
Other Theft,2017,4,17,16,57,34XX CAMBIE ST,South Cambie,491614.7428,5455782.6308
Other Theft,2017,6,9,10,49,34XX CAMBIE ST,South Cambie,491614.7428,5455782.6308
Other Theft,2017,6,10,17,38,34XX CAMBIE ST,South Cambie,491614.7428,5455782.6308
Other Theft,2017,9,15,22,5,34XX CAMBIE ST,South Cambie,491614.7428,5455782.6308
Other Theft,2017,12,19,18,38,34XX CAMBIE ST,South Cambie,491614.7428,5455782.6308
Other Theft,2017,8,23,21,51,34XX CAMBIE ST,Riley Park,491622.9289,5455756.8067
Other Theft,2017,6,23,18,30,34XX CAMBRIDGE ST,Hastings-Sunrise,497867.4495,5459322.8431
Other Theft,2017,11,7,14,59,34XX COMMERCIAL ST,Kensington-Cedar Cottage,495045.7571,5455642.4377
Other Theft,2017,8,16,20,30,34XX CROWLEY DR,Renfrew-Collingwood,497749.3934,5453769.7764
Other Theft,2017,4,7,15,0,34XX DUNBAR ST,Dunbar-Southlands,486523.8479,5455921.1097
Other Theft,2017,3,14,10,25,34XX DUNBAR ST,Dunbar-Southlands,486523.9205,5455930.7993
Other Theft,2017,4,12,16,30,34XX DUNBAR ST,Dunbar-Southlands,486523.9205,5455930.7993
Other Theft,2017,6,6,18,49,34XX DUNBAR ST,Dunbar-Southlands,486523.9205,5455930.7993
Other Theft,2017,6,28,11,29,34XX DUNBAR ST,Dunbar-Southlands,486523.9205,5455930.7993
Other Theft,2017,9,30,11,0,34XX DUNBAR ST,Dunbar-Southlands,486523.9205,5455930.7993
Other Theft,2017,11,29,13,51,34XX DUNBAR ST,Dunbar-Southlands,486523.9205,5455930.7993
Other Theft,2017,11,30,16,47,34XX DUNBAR ST,Dunbar-Southlands,486523.9205,5455930.7993
Other Theft,2017,12,27,17,28,34XX DUNBAR ST,Dunbar-Southlands,486523.9205,5455930.7993
Other Theft,2017,9,15,17,17,34XX E 27TH AVE,Renfrew-Collingwood,497764.6849,5454831.5835
Other Theft,2017,4,6,17,0,34XX E 2ND AVE,Hastings-Sunrise,497913.4327,5457293.8044
Other Theft,2017,1,26,15,0,34XX E HASTINGS ST,Hastings-Sunrise,497820.9939,5458705.2418
Other Theft,2017,7,9,19,4,34XX E HASTINGS ST,Hastings-Sunrise,497820.9939,5458705.2418
Other Theft,2017,3,7,13,0,34XX E HASTINGS ST,Hastings-Sunrise,497873.6412,5458704.9238
Other Theft,2017,3,29,14,12,34XX E HASTINGS ST,Hastings-Sunrise,497886.35,5458713.9913
Other Theft,2017,11,19,17,34,34XX E HASTINGS ST,Hastings-Sunrise,497886.35,5458713.9913
Other Theft,2017,4,17,10,21,34XX EUCLID AVE,Renfrew-Collingwood,497559.2958,5453730.2701
Other Theft,2017,8,20,14,25,34XX FRASER ST,Kensington-Cedar Cottage,493458.3852,5455709.3585
Other Theft,2017,4,27,22,30,34XX FRASER ST,Riley Park,493449.0081,5455678.4855
Other Theft,2017,11,22,16,30,34XX FRASER ST,Riley Park,493449.0373,5455682.3533
Other Theft,2017,10,13,1,26,34XX GRANVILLE ST,Shaughnessy,489887.7033,5455788.7441
Other Theft,2017,4,3,15,34,34XX KINGSWAY AVE,Renfrew-Collingwood,497579.4862,5453328.4703
Other Theft,2017,4,26,16,0,34XX KINGSWAY AVE,Renfrew-Collingwood,497579.4862,5453328.4703
Other Theft,2017,1,14,23,25,34XX KINGSWAY AVE,Renfrew-Collingwood,497634.0761,5453286.5094
Other Theft,2017,2,21,11,45,34XX KINGSWAY AVE,Renfrew-Collingwood,497634.0761,5453286.5094
Other Theft,2017,3,28,10,53,34XX KINGSWAY AVE,Renfrew-Collingwood,497634.0761,5453286.5094
Other Theft,2017,4,4,9,45,34XX KINGSWAY AVE,Renfrew-Collingwood,497634.0761,5453286.5094
Other Theft,2017,4,8,8,5,34XX KINGSWAY AVE,Renfrew-Collingwood,497634.0761,5453286.5094
Other Theft,2017,4,18,15,37,34XX KINGSWAY AVE,Renfrew-Collingwood,497634.0761,5453286.5094
Other Theft,2017,4,27,15,53,34XX KINGSWAY AVE,Renfrew-Collingwood,497634.0761,5453286.5094
Other Theft,2017,5,9,14,0,34XX KINGSWAY AVE,Renfrew-Collingwood,497634.0761,5453286.5094
Other Theft,2017,5,10,20,40,34XX KINGSWAY AVE,Renfrew-Collingwood,497634.0761,5453286.5094
Other Theft,2017,5,14,18,37,34XX KINGSWAY AVE,Renfrew-Collingwood,497634.0761,5453286.5094
Other Theft,2017,5,22,10,28,34XX KINGSWAY AVE,Renfrew-Collingwood,497634.0761,5453286.5094
Other Theft,2017,6,5,14,55,34XX KINGSWAY AVE,Renfrew-Collingwood,497634.0761,5453286.5094
Other Theft,2017,7,29,9,40,34XX KINGSWAY AVE,Renfrew-Collingwood,497634.0761,5453286.5094
Other Theft,2017,9,4,18,10,34XX KINGSWAY AVE,Renfrew-Collingwood,497634.0761,5453286.5094
Other Theft,2017,9,15,17,17,34XX KINGSWAY AVE,Renfrew-Collingwood,497634.0761,5453286.5094
Other Theft,2017,10,24,11,55,34XX KINGSWAY AVE,Renfrew-Collingwood,497634.0761,5453286.5094
Other Theft,2017,11,3,18,27,34XX KINGSWAY AVE,Renfrew-Collingwood,497634.0761,5453286.5094
Other Theft,2017,11,9,15,25,34XX KINGSWAY AVE,Renfrew-Collingwood,497634.0761,5453286.5094
Other Theft,2017,1,4,20,8,34XX KINGSWAY AVE,Renfrew-Collingwood,497691.2415,5453254.8617
Other Theft,2017,1,11,18,1,34XX KINGSWAY AVE,Renfrew-Collingwood,497691.2415,5453254.8617
Other Theft,2017,2,16,16,25,34XX KINGSWAY AVE,Renfrew-Collingwood,497691.2415,5453254.8617
Other Theft,2017,1,6,22,8,34XX KINGSWAY AVE,Renfrew-Collingwood,497691.9514,5453254.634
Other Theft,2017,1,25,13,37,34XX KINGSWAY AVE,Renfrew-Collingwood,497691.9514,5453254.634
Other Theft,2017,1,27,15,56,34XX KINGSWAY AVE,Renfrew-Collingwood,497691.9514,5453254.634
Other Theft,2017,1,31,9,41,34XX KINGSWAY AVE,Renfrew-Collingwood,497691.9514,5453254.634
Other Theft,2017,1,31,16,30,34XX KINGSWAY AVE,Renfrew-Collingwood,497691.9514,5453254.634
Other Theft,2017,2,1,16,0,34XX KINGSWAY AVE,Renfrew-Collingwood,497691.9514,5453254.634
Other Theft,2017,2,6,11,44,34XX KINGSWAY AVE,Renfrew-Collingwood,497691.9514,5453254.634
Other Theft,2017,2,8,12,55,34XX KINGSWAY AVE,Renfrew-Collingwood,497691.9514,5453254.634
Other Theft,2017,2,9,17,20,34XX KINGSWAY AVE,Renfrew-Collingwood,497691.9514,5453254.634
Other Theft,2017,2,13,15,48,34XX KINGSWAY AVE,Renfrew-Collingwood,497691.9514,5453254.634
Other Theft,2017,2,14,17,0,34XX KINGSWAY AVE,Renfrew-Collingwood,497691.9514,5453254.634
Other Theft,2017,2,15,14,40,34XX KINGSWAY AVE,Renfrew-Collingwood,497691.9514,5453254.634
Other Theft,2017,2,27,14,18,34XX KINGSWAY AVE,Renfrew-Collingwood,497691.9514,5453254.634
Other Theft,2017,2,28,14,56,34XX KINGSWAY AVE,Renfrew-Collingwood,497691.9514,5453254.634
Other Theft,2017,3,1,12,36,34XX KINGSWAY AVE,Renfrew-Collingwood,497691.9514,5453254.634
Other Theft,2017,3,10,9,49,34XX KINGSWAY AVE,Renfrew-Collingwood,497691.9514,5453254.634
Other Theft,2017,3,11,17,8,34XX KINGSWAY AVE,Renfrew-Collingwood,497691.9514,5453254.634
Other Theft,2017,3,13,12,0,34XX KINGSWAY AVE,Renfrew-Collingwood,497691.9514,5453254.634
Other Theft,2017,3,16,19,3,34XX KINGSWAY AVE,Renfrew-Collingwood,497691.9514,5453254.634
Other Theft,2017,3,18,20,33,34XX KINGSWAY AVE,Renfrew-Collingwood,497691.9514,5453254.634
Other Theft,2017,3,21,20,46,34XX KINGSWAY AVE,Renfrew-Collingwood,497691.9514,5453254.634
Other Theft,2017,3,28,10,47,34XX KINGSWAY AVE,Renfrew-Collingwood,497691.9514,5453254.634
Other Theft,2017,4,3,17,28,34XX KINGSWAY AVE,Renfrew-Collingwood,497691.9514,5453254.634
Other Theft,2017,4,11,11,10,34XX KINGSWAY AVE,Renfrew-Collingwood,497691.9514,5453254.634
Other Theft,2017,4,11,18,9,34XX KINGSWAY AVE,Renfrew-Collingwood,497691.9514,5453254.634
Other Theft,2017,4,21,20,27,34XX KINGSWAY AVE,Renfrew-Collingwood,497691.9514,5453254.634
Other Theft,2017,4,23,11,7,34XX KINGSWAY AVE,Renfrew-Collingwood,497691.9514,5453254.634
Other Theft,2017,4,24,15,8,34XX KINGSWAY AVE,Renfrew-Collingwood,497691.9514,5453254.634
Other Theft,2017,4,29,10,52,34XX KINGSWAY AVE,Renfrew-Collingwood,497691.9514,5453254.634
Other Theft,2017,4,30,16,58,34XX KINGSWAY AVE,Renfrew-Collingwood,497691.9514,5453254.634
Other Theft,2017,5,1,13,20,34XX KINGSWAY AVE,Renfrew-Collingwood,497691.9514,5453254.634
Other Theft,2017,5,1,18,44,34XX KINGSWAY AVE,Renfrew-Collingwood,497691.9514,5453254.634
Other Theft,2017,5,3,13,9,34XX KINGSWAY AVE,Renfrew-Collingwood,497691.9514,5453254.634
Other Theft,2017,5,4,10,10,34XX KINGSWAY AVE,Renfrew-Collingwood,497691.9514,5453254.634
Other Theft,2017,5,8,20,20,34XX KINGSWAY AVE,Renfrew-Collingwood,497691.9514,5453254.634
Other Theft,2017,5,10,14,26,34XX KINGSWAY AVE,Renfrew-Collingwood,497691.9514,5453254.634
Other Theft,2017,5,14,15,36,34XX KINGSWAY AVE,Renfrew-Collingwood,497691.9514,5453254.634
Other Theft,2017,5,15,15,36,34XX KINGSWAY AVE,Renfrew-Collingwood,497691.9514,5453254.634
Other Theft,2017,5,17,18,1,34XX KINGSWAY AVE,Renfrew-Collingwood,497691.9514,5453254.634
Other Theft,2017,5,19,9,30,34XX KINGSWAY AVE,Renfrew-Collingwood,497691.9514,5453254.634
Other Theft,2017,5,28,16,54,34XX KINGSWAY AVE,Renfrew-Collingwood,497691.9514,5453254.634
Other Theft,2017,6,1,13,15,34XX KINGSWAY AVE,Renfrew-Collingwood,497691.9514,5453254.634
Other Theft,2017,6,4,16,45,34XX KINGSWAY AVE,Renfrew-Collingwood,497691.9514,5453254.634
Other Theft,2017,6,17,12,32,34XX KINGSWAY AVE,Renfrew-Collingwood,497691.9514,5453254.634
Other Theft,2017,6,17,20,45,34XX KINGSWAY AVE,Renfrew-Collingwood,497691.9514,5453254.634
Other Theft,2017,6,19,16,13,34XX KINGSWAY AVE,Renfrew-Collingwood,497691.9514,5453254.634
Other Theft,2017,6,21,20,30,34XX KINGSWAY AVE,Renfrew-Collingwood,497691.9514,5453254.634
Other Theft,2017,6,27,19,3,34XX KINGSWAY AVE,Renfrew-Collingwood,497691.9514,5453254.634
Other Theft,2017,7,3,20,45,34XX KINGSWAY AVE,Renfrew-Collingwood,497691.9514,5453254.634
Other Theft,2017,7,10,19,35,34XX KINGSWAY AVE,Renfrew-Collingwood,497691.9514,5453254.634
Other Theft,2017,7,12,12,1,34XX KINGSWAY AVE,Renfrew-Collingwood,497691.9514,5453254.634
Other Theft,2017,7,17,17,0,34XX KINGSWAY AVE,Renfrew-Collingwood,497691.9514,5453254.634
Other Theft,2017,8,6,11,17,34XX KINGSWAY AVE,Renfrew-Collingwood,497691.9514,5453254.634
Other Theft,2017,8,8,19,13,34XX KINGSWAY AVE,Renfrew-Collingwood,497691.9514,5453254.634
Other Theft,2017,10,9,16,57,34XX KINGSWAY AVE,Renfrew-Collingwood,497691.9514,5453254.634
Other Theft,2017,10,17,16,48,34XX KINGSWAY AVE,Renfrew-Collingwood,497691.9514,5453254.634
Other Theft,2017,11,3,11,56,34XX KINGSWAY AVE,Renfrew-Collingwood,497691.9514,5453254.634
Other Theft,2017,11,4,16,51,34XX KINGSWAY AVE,Renfrew-Collingwood,497691.9514,5453254.634
Other Theft,2017,11,6,14,15,34XX KINGSWAY AVE,Renfrew-Collingwood,497691.9514,5453254.634
Other Theft,2017,2,18,19,21,34XX KINGSWAY AVE,Renfrew-Collingwood,497726.73,5453253.2856
Other Theft,2017,3,20,13,48,34XX KINGSWAY AVE,Renfrew-Collingwood,497726.73,5453253.2856
Other Theft,2017,5,2,19,27,34XX KINGSWAY AVE,Renfrew-Collingwood,497726.73,5453253.2856
Other Theft,2017,1,24,14,10,34XX KINGSWAY AVE,Killarney,497733.6071,5453243.3614
Other Theft,2017,8,24,15,16,34XX KINGSWAY AVE,Killarney,497770.1979,5453239.4829
Other Theft,2017,7,14,7,7,34XX LOUGHEED HWY,Renfrew-Collingwood,497824.5396,5456637.3023
Other Theft,2017,8,15,6,30,34XX MAIN ST,Riley Park,492655.7911,5455696.2561
Other Theft,2017,11,11,8,0,34XX MAIN ST,Riley Park,492655.7911,5455696.2561
Other Theft,2017,11,16,13,13,34XX MONMOUTH AVE,Renfrew-Collingwood,497695.3018,5454337.3576
Other Theft,2017,2,15,12,0,34XX PORTER ST,Kensington-Cedar Cottage,495134.6012,5455647.8263
Other Theft,2017,1,27,8,0,34XX SOPHIA ST,Riley Park,492836.4991,5455771.8099
Other Theft,2017,6,30,15,0,34XX VANNESS AVE,Renfrew-Collingwood,497682.9182,5453934.2043
Other Theft,2017,4,19,19,11,34XX W 27TH AVE,Dunbar-Southlands,486842.7367,5455042.2278
Other Theft,2017,6,26,10,0,34XX W 36TH AVE,Dunbar-Southlands,486808.6993,5454093.0195
Other Theft,2017,1,13,16,47,34XX W 38TH AVE,Dunbar-Southlands,486797.8904,5453892.9017
Other Theft,2017,10,17,0,0,34XX W 40TH AVE,Dunbar-Southlands,486781.4601,5453677.5833
Other Theft,2017,6,10,22,30,34XX W 41ST AVE,Dunbar-Southlands,486799.2392,5453565.061
Other Theft,2017,8,29,10,0,34XX W BROADWAY AVE,Kitsilano,486889.5106,5456845.8127
Other Theft,2017,8,29,11,0,34XX W BROADWAY AVE,Kitsilano,486889.5106,5456845.8127
Other Theft,2017,4,2,11,52,35XX ADANAC ST,Hastings-Sunrise,497961.7166,5458302.1465
Other Theft,2017,6,2,0,0,35XX BELLA VISTA ST,Kensington-Cedar Cottage,494874.6213,5455579.4302
Other Theft,2017,5,9,12,0,35XX CLARK DR,Kensington-Cedar Cottage,494323.6117,5455613.9828
Other Theft,2017,2,16,5,12,35XX CORNETT RD,Renfrew-Collingwood,497955.5285,5456497.6639
Other Theft,2017,5,4,12,0,35XX CORNETT RD,Renfrew-Collingwood,497955.5285,5456497.6639
Other Theft,2017,6,8,17,23,35XX E HASTINGS ST,Hastings-Sunrise,497946.4355,5458704.5297
Other Theft,2017,7,5,2,50,35XX E HASTINGS ST,Hastings-Sunrise,497946.4355,5458704.5297
Other Theft,2017,7,10,7,3,35XX E HASTINGS ST,Hastings-Sunrise,497946.4355,5458704.5297
Other Theft,2017,11,13,14,16,35XX E HASTINGS ST,Hastings-Sunrise,497946.4355,5458704.5297
Other Theft,2017,12,20,4,44,35XX E HASTINGS ST,Hastings-Sunrise,497946.4355,5458704.5297
Other Theft,2017,12,11,20,47,35XX FINCH PL,Killarney,498013.3296,5451054.539
Other Theft,2017,6,11,23,0,35XX FLEMING ST,Kensington-Cedar Cottage,494795.3943,5455560.5532
Other Theft,2017,12,15,1,30,35XX FLEMING ST,Kensington-Cedar Cottage,494795.3943,5455560.5532
Other Theft,2017,9,1,0,0,35XX FRANKLIN ST,Hastings-Sunrise,497997.0948,5458807.5209
Other Theft,2017,6,21,7,14,35XX GRANDVIEW HWY,Renfrew-Collingwood,497932.8655,5456157.627
Other Theft,2017,2,8,22,40,35XX GRANDVIEW HWY,Renfrew-Collingwood,498073.3815,5456160.7117
Other Theft,2017,2,16,16,3,35XX GRANDVIEW HWY,Renfrew-Collingwood,498073.3815,5456160.7117
Other Theft,2017,2,16,17,53,35XX GRANDVIEW HWY,Renfrew-Collingwood,498073.3815,5456160.7117
Other Theft,2017,4,29,15,0,35XX GRANDVIEW HWY,Renfrew-Collingwood,498073.3815,5456160.7117
Other Theft,2017,5,3,15,24,35XX GRANDVIEW HWY,Renfrew-Collingwood,498073.3815,5456160.7117
Other Theft,2017,5,8,22,48,35XX GRANDVIEW HWY,Renfrew-Collingwood,498073.3815,5456160.7117
Other Theft,2017,5,28,9,21,35XX GRANDVIEW HWY,Renfrew-Collingwood,498073.3815,5456160.7117
Other Theft,2017,7,14,10,11,35XX GRANDVIEW HWY,Renfrew-Collingwood,498073.3815,5456160.7117
Other Theft,2017,7,17,8,45,35XX GRANDVIEW HWY,Renfrew-Collingwood,498073.3815,5456160.7117
Other Theft,2017,7,24,10,0,35XX GRANDVIEW HWY,Renfrew-Collingwood,498073.3815,5456160.7117
Other Theft,2017,7,28,14,18,35XX GRANDVIEW HWY,Renfrew-Collingwood,498073.3815,5456160.7117
Other Theft,2017,8,10,19,25,35XX GRANDVIEW HWY,Renfrew-Collingwood,498073.3815,5456160.7117
Other Theft,2017,8,13,13,56,35XX GRANDVIEW HWY,Renfrew-Collingwood,498073.3815,5456160.7117
Other Theft,2017,9,4,16,20,35XX GRANDVIEW HWY,Renfrew-Collingwood,498073.3815,5456160.7117
Other Theft,2017,9,4,21,4,35XX GRANDVIEW HWY,Renfrew-Collingwood,498073.3815,5456160.7117
Other Theft,2017,9,12,20,31,35XX GRANDVIEW HWY,Renfrew-Collingwood,498073.3815,5456160.7117
Other Theft,2017,9,29,14,30,35XX GRANDVIEW HWY,Renfrew-Collingwood,498073.3815,5456160.7117
Other Theft,2017,10,2,15,57,35XX GRANDVIEW HWY,Renfrew-Collingwood,498073.3815,5456160.7117
Other Theft,2017,11,2,16,50,35XX GRANDVIEW HWY,Renfrew-Collingwood,498073.3815,5456160.7117
Other Theft,2017,11,23,19,55,35XX GRANDVIEW HWY,Renfrew-Collingwood,498073.3815,5456160.7117
Other Theft,2017,11,26,0,0,35XX GRANDVIEW HWY,Renfrew-Collingwood,498073.3815,5456160.7117
Other Theft,2017,12,26,17,36,35XX GRANDVIEW HWY,Renfrew-Collingwood,498073.3815,5456160.7117
Other Theft,2017,12,21,15,41,35XX GRAVELEY ST,Hastings-Sunrise,498058.6788,5457512.2928
Other Theft,2017,6,18,19,25,35XX LAKEWOOD ST,Kensington-Cedar Cottage,495564.5151,5455513.2655
Other Theft,2017,9,28,12,30,35XX MAIN ST,Riley Park,492654.1913,5455653.1948
Other Theft,2017,7,4,10,1,35XX MAIN ST,Riley Park,492663.06,5455647.0001
Other Theft,2017,8,4,0,0,35XX MAIN ST,Riley Park,492663.06,5455647.0001
Other Theft,2017,11,21,2,30,35XX MAIN ST,Riley Park,492663.2029,5455650.1063
Other Theft,2017,11,28,9,0,35XX MOSCROP ST,Renfrew-Collingwood,497930.181,5454567.0939
Other Theft,2017,2,2,12,54,35XX SE MARINE DR,Killarney,497916.5934,5450559.4549
Other Theft,2017,6,9,22,0,35XX TOLBOOTH AVE,Killarney,497837.7043,5451114.7425
Other Theft,2017,12,29,12,0,35XX VANNESS AVE,Renfrew-Collingwood,497912.8081,5453773.2657
Other Theft,2017,12,15,14,40,35XX W 10TH AVE,Kitsilano,486698.0529,5456761.9753
Other Theft,2017,7,17,20,0,35XX W 12TH AVE,Kitsilano,486734.7784,5456559.8854
Other Theft,2017,11,29,19,0,35XX W 19TH AVE,Dunbar-Southlands,486651.7194,5455887.3091
Other Theft,2017,3,10,12,0,35XX W 27TH AVE,Dunbar-Southlands,486735.2322,5455043.6468
Other Theft,2017,11,23,0,0,35XX W 2ND AVE,Kitsilano,486709.6308,5457532.3
Other Theft,2017,8,2,10,0,35XX W 2ND AVE,Kitsilano,486746.9312,5457522.1638
Other Theft,2017,3,10,10,30,35XX W 30TH AVE,Dunbar-Southlands,486648.6963,5454735.87
Other Theft,2017,10,13,9,0,35XX W 31ST AVE,Dunbar-Southlands,486575.0601,5454631.4907
Other Theft,2017,4,24,8,0,35XX W 3RD AVE,Kitsilano,486709.307,5457424.6703
Other Theft,2017,1,5,21,30,35XX W 41ST AVE,Dunbar-Southlands,486663.1004,5453574.7977
Other Theft,2017,4,28,15,45,35XX W 41ST AVE,Dunbar-Southlands,486663.1004,5453574.7977
Other Theft,2017,6,27,22,15,35XX W 41ST AVE,Dunbar-Southlands,486663.1004,5453574.7977
Other Theft,2017,11,18,12,18,35XX W 41ST AVE,Dunbar-Southlands,486663.1004,5453574.7977
Other Theft,2017,4,10,16,32,35XX W 42ND AVE,Dunbar-Southlands,486655.5147,5453458.9848
Other Theft,2017,2,23,20,0,35XX W BROADWAY AVE,Kitsilano,486737.8229,5456850.0682
Other Theft,2017,2,23,22,0,35XX W BROADWAY AVE,Kitsilano,486737.8229,5456850.0682
Other Theft,2017,7,2,0,0,35XX W BROADWAY AVE,Kitsilano,486759.6072,5456858.6056
Other Theft,2017,6,17,12,0,36XX CAMBIE ST,South Cambie,491608.0414,5455550.3082
Other Theft,2017,10,23,19,6,36XX E 26TH AVE,Renfrew-Collingwood,498208.2478,5454914.6597
Other Theft,2017,11,8,15,50,36XX KINGSWAY AVE,Renfrew-Collingwood,498228.9781,5453280.2923
Other Theft,2017,12,22,12,36,36XX KINGSWAY AVE,Renfrew-Collingwood,498228.9781,5453280.2923
Other Theft,2017,12,10,13,0,36XX MAIN ST,Riley Park,492650.0365,5455542.5943
Other Theft,2017,8,13,8,0,36XX MONMOUTH AVE,Renfrew-Collingwood,498265.842,5454093.5518
Other Theft,2017,11,1,2,40,36XX MONMOUTH AVE,Renfrew-Collingwood,498265.842,5454093.5518
Other Theft,2017,9,5,0,0,36XX NORMANDY DR,Renfrew-Collingwood,498103.6173,5455411.9483
Other Theft,2017,7,25,13,0,36XX OAK ST,South Cambie,490735.8698,5455646.3529
Other Theft,2017,2,10,17,54,36XX RUPERT ST,Renfrew-Collingwood,497530.9045,5455473.7685
Other Theft,2017,7,14,13,30,36XX SLOCAN ST,Renfrew-Collingwood,496394.6238,5455471.3768
Other Theft,2017,11,30,9,44,36XX VANNESS AVE,Renfrew-Collingwood,498093.6298,5453646.4124
Other Theft,2017,7,6,13,4,36XX VICTORIA DR,Kensington-Cedar Cottage,495182.477,5455564.0843
Other Theft,2017,2,7,6,50,36XX W 10TH AVE,Kitsilano,486485.2478,5456767.3769
Other Theft,2017,3,17,22,17,36XX W 10TH AVE,Kitsilano,486485.2478,5456767.3769
Other Theft,2017,6,15,9,34,36XX W 10TH AVE,Kitsilano,486485.2478,5456767.3769
Other Theft,2017,7,5,12,0,36XX W 10TH AVE,Kitsilano,486485.2478,5456767.3769
Other Theft,2017,8,16,12,0,36XX W 10TH AVE,Kitsilano,486485.2478,5456767.3769
Other Theft,2017,8,30,22,37,36XX W 10TH AVE,Kitsilano,486485.2478,5456767.3769
Other Theft,2017,11,16,4,7,36XX W 10TH AVE,Kitsilano,486485.2478,5456767.3769
Other Theft,2017,12,10,2,8,36XX W 10TH AVE,Kitsilano,486485.2478,5456767.3769
Other Theft,2017,8,9,9,26,36XX W 10TH AVE,Kitsilano,486488.0313,5456767.307
Other Theft,2017,5,1,22,12,36XX W 10TH AVE,Kitsilano,486549.2169,5456765.7705
Other Theft,2017,6,23,12,0,36XX W 13TH AVE,West Point Grey,486481.177,5456460.1598
Other Theft,2017,6,1,0,0,36XX W 16TH AVE,Kitsilano,486507.7764,5456159.6111
Other Theft,2017,5,15,18,30,36XX W 4TH AVE,Kitsilano,486513.1512,5457327.8862
Other Theft,2017,7,10,12,30,36XX W 4TH AVE,Kitsilano,486541.929,5457336.4895
Other Theft,2017,8,10,16,15,36XX W 4TH AVE,Kitsilano,486630.6063,5457334.8184
Other Theft,2017,3,15,0,0,36XX W 6TH AVE,Kitsilano,486501.8916,5457150.1659
Other Theft,2017,7,12,0,7,36XX W BROADWAY AVE,Kitsilano,486489.6534,5456856.9051
Other Theft,2017,7,20,7,55,36XX W BROADWAY AVE,Kitsilano,486624.0978,5456853.2501
Other Theft,2017,3,21,18,26,37XX CLARK DR,Kensington-Cedar Cottage,494328.0686,5455405.458
Other Theft,2017,8,31,19,0,37XX FLEMING ST,Kensington-Cedar Cottage,494757.0468,5455404.2757
Other Theft,2017,8,24,21,0,37XX FRASER ST,Kensington-Cedar Cottage,493450.0921,5455423.4361
Other Theft,2017,6,12,13,8,37XX FRASER ST,Riley Park,493440.6087,5455400.835
Other Theft,2017,5,5,17,8,37XX MAIN ST,Riley Park,492658.5717,5455442.8627
Other Theft,2017,7,7,20,0,37XX W 10TH AVE,West Point Grey,486403.9439,5456770.7443
Other Theft,2017,7,22,9,15,38XX CLARK DR,Kensington-Cedar Cottage,494316.8586,5455312.0715
Other Theft,2017,6,21,11,11,38XX CROWN ST,Dunbar-Southlands,485915.4432,5455536.391
Other Theft,2017,9,27,13,48,38XX DUMFRIES ST,Kensington-Cedar Cottage,494661.2511,5455359.7446
Other Theft,2017,5,19,1,0,38XX FLEMING ST,Kensington-Cedar Cottage,494765.6086,5455354.5345
Other Theft,2017,3,12,18,5,38XX GLENGYLE ST,Kensington-Cedar Cottage,495361.4588,5455314.0544
Other Theft,2017,9,20,19,0,38XX MAIN ST,Riley Park,492653.6357,5455290.4203
Other Theft,2017,11,10,14,44,38XX MAIN ST,Riley Park,492653.7708,5455294.9851
Other Theft,2017,6,30,12,4,38XX OAK ST,South Cambie,490727.1067,5455365.5876
Other Theft,2017,5,19,13,0,38XX VICTORIA DR,Kensington-Cedar Cottage,495263.8583,5455330.0508
Other Theft,2017,4,20,19,16,38XX W 24TH AVE,Dunbar-Southlands,486295.2566,5455378.715
Other Theft,2017,3,1,16,15,38XX W 30TH AVE,Dunbar-Southlands,486119.6802,5454740.9279
Other Theft,2017,8,17,17,0,38XX W 34TH AVE,Dunbar-Southlands,486208.7321,5454308.7706
Other Theft,2017,12,20,15,0,38XX W 39TH AVE,Dunbar-Southlands,486117.4941,5453762.21
Other Theft,2017,1,4,10,50,38XX W BROADWAY AVE,West Point Grey,486309.443,5456868.3953
Other Theft,2017,5,29,0,0,39XX CARTIER ST,Shaughnessy,490058.9172,5455285.0595
Other Theft,2017,11,11,4,0,39XX DUMFRIES ST,Kensington-Cedar Cottage,494657.4352,5455153.3115
Other Theft,2017,7,25,13,0,39XX DUMFRIES ST,Kensington-Cedar Cottage,494657.6087,5455162.5888
Other Theft,2017,12,1,18,30,39XX FRASER ST,Kensington-Cedar Cottage,493444.7918,5455181.4474
Other Theft,2017,9,22,18,0,39XX FRASER ST,Riley Park,493436.5936,5455235.7372
Other Theft,2017,5,3,22,0,39XX GLEN DR,Kensington-Cedar Cottage,494045.0591,5455186.4556
Other Theft,2017,11,19,0,0,39XX KNIGHT ST,Kensington-Cedar Cottage,494454.3935,5455220.0718
Other Theft,2017,1,25,11,15,39XX MAIN ST,Riley Park,492653.2722,5455277.9753
Other Theft,2017,4,27,12,0,39XX POINT GREY RD,West Point Grey,486116.6778,5457633.8457
Other Theft,2017,5,25,10,0,39XX POINT GREY RD,West Point Grey,486116.6778,5457633.8457
Other Theft,2017,7,4,0,0,39XX POINT GREY RD,West Point Grey,486116.6778,5457633.8457
Other Theft,2017,7,10,12,1,39XX POINT GREY RD,West Point Grey,486116.6778,5457633.8457
Other Theft,2017,8,2,21,49,39XX POINT GREY RD,West Point Grey,486162.8919,5457641.4725
Other Theft,2017,6,5,11,17,39XX W 14TH AVE,West Point Grey,485903.3433,5456369.1583
Other Theft,2017,7,5,12,24,39XX W 16TH AVE,West Point Grey,485907.0155,5456176.1262
Other Theft,2017,10,12,12,0,39XX W 24TH AVE,Dunbar-Southlands,486008.4305,5455390.2646
Other Theft,2017,11,26,7,30,39XX W 34TH AVE,Dunbar-Southlands,485958.1876,5454311.1306
Other Theft,2017,3,20,8,0,3X E 1ST AVE,Mount Pleasant,492449.9682,5457492.2829
Other Theft,2017,12,11,23,45,3X E 8TH AVE,Mount Pleasant,492418.4847,5456786.671
Other Theft,2017,2,4,10,21,3X SMITHE ST,Central Business District,491780.7248,5458011.075
Other Theft,2017,12,16,4,43,3X SMITHE ST,Central Business District,491787.725,5458001.7323
Other Theft,2017,8,15,12,0,3X SMITHE ST,Central Business District,491788.0426,5458016.558
Other Theft,2017,10,10,8,0,3X SMITHE ST,Central Business District,491788.0426,5458016.558
Other Theft,2017,10,12,4,30,3X SMITHE ST,Central Business District,491788.0426,5458016.558
Other Theft,2017,10,16,14,50,3X SMITHE ST,Central Business District,491788.0426,5458016.558
Other Theft,2017,10,16,23,0,3X SMITHE ST,Central Business District,491788.0426,5458016.558
Other Theft,2017,10,17,21,0,3X SMITHE ST,Central Business District,491788.0426,5458016.558
Other Theft,2017,10,23,8,51,3X SMITHE ST,Central Business District,491788.0426,5458016.558
Other Theft,2017,10,26,20,59,3X SMITHE ST,Central Business District,491788.0426,5458016.558
Other Theft,2017,11,4,7,0,3X SMITHE ST,Central Business District,491788.0426,5458016.558
Other Theft,2017,11,5,16,9,3X SMITHE ST,Central Business District,491788.0426,5458016.558
Other Theft,2017,11,26,21,50,3X SMITHE ST,Central Business District,491788.0426,5458016.558
Other Theft,2017,12,1,23,45,3X SMITHE ST,Central Business District,491788.0426,5458016.558
Other Theft,2017,12,10,2,47,3X SMITHE ST,Central Business District,491788.0426,5458016.558
Other Theft,2017,12,19,3,10,3X SMITHE ST,Central Business District,491788.0426,5458016.558
Other Theft,2017,12,25,21,0,3X SMITHE ST,Central Business District,491788.0426,5458016.558
Other Theft,2017,12,26,17,48,3X SMITHE ST,Central Business District,491788.0426,5458016.558
Other Theft,2017,12,31,23,16,3X SMITHE ST,Central Business District,491788.0426,5458016.558
Other Theft,2017,10,23,10,20,3X SMITHE ST,Central Business District,491809.0432,5457988.5298
Other Theft,2017,12,1,12,15,3X W 10TH AVE,Mount Pleasant,492312.9159,5456591.9625
Other Theft,2017,6,12,7,10,3X W 17TH AVE,Riley Park,492304.7462,5455889.3626
Other Theft,2017,6,25,15,30,3X W 8TH AVE,Mount Pleasant,492323.621,5456789.3761
Other Theft,2017,6,30,20,30,3X W CORDOVA ST,Central Business District,492346.5732,5458874.6525
Other Theft,2017,9,1,1,0,3X W HASTINGS ST,Central Business District,492336.989,5458778.0373
Other Theft,2017,10,6,11,30,3X W HASTINGS ST,Central Business District,492336.989,5458778.0373
Other Theft,2017,2,14,10,0,3X W HASTINGS ST,Central Business District,492341.0692,5458776.8842
Other Theft,2017,5,13,2,0,3X W HASTINGS ST,Central Business District,492341.0692,5458776.8842
Other Theft,2017,1,25,12,0,3X W HASTINGS ST,Central Business District,492346.7428,5458765.7787
Other Theft,2017,9,8,7,41,3X W HASTINGS ST,Central Business District,492349.2296,5458774.5781
Other Theft,2017,8,27,22,50,3X W PENDER ST,Central Business District,492312.8772,5458673.7778
Other Theft,2017,7,2,15,15,3X W PENDER ST,Central Business District,492316.874,5458672.6783
Other Theft,2017,7,7,12,34,3X W PENDER ST,Central Business District,492316.874,5458672.6783
Other Theft,2017,4,29,13,51,3X WATER ST,Central Business District,492356.9463,5458990.315
Other Theft,2017,5,14,12,33,3X WATER ST,Central Business District,492356.9463,5458990.315
Other Theft,2017,9,22,16,7,3X WATER ST,Central Business District,492360.0246,5458989.4837
Other Theft,2017,1,1,20,57,3XX ABBOTT ST,Central Business District,492213.7305,5458862.1489
Other Theft,2017,1,12,22,12,3XX ABBOTT ST,Central Business District,492213.7305,5458862.1489
Other Theft,2017,1,15,12,50,3XX ABBOTT ST,Central Business District,492213.7305,5458862.1489
Other Theft,2017,1,25,18,21,3XX ABBOTT ST,Central Business District,492213.7305,5458862.1489
Other Theft,2017,1,28,18,42,3XX ABBOTT ST,Central Business District,492213.7305,5458862.1489
Other Theft,2017,2,1,18,50,3XX ABBOTT ST,Central Business District,492213.7305,5458862.1489
Other Theft,2017,2,2,20,21,3XX ABBOTT ST,Central Business District,492213.7305,5458862.1489
Other Theft,2017,2,4,21,12,3XX ABBOTT ST,Central Business District,492213.7305,5458862.1489
Other Theft,2017,2,5,16,19,3XX ABBOTT ST,Central Business District,492213.7305,5458862.1489
Other Theft,2017,2,5,18,4,3XX ABBOTT ST,Central Business District,492213.7305,5458862.1489
Other Theft,2017,2,6,8,57,3XX ABBOTT ST,Central Business District,492213.7305,5458862.1489
Other Theft,2017,2,6,12,1,3XX ABBOTT ST,Central Business District,492213.7305,5458862.1489
Other Theft,2017,2,6,14,0,3XX ABBOTT ST,Central Business District,492213.7305,5458862.1489
Other Theft,2017,2,6,14,1,3XX ABBOTT ST,Central Business District,492213.7305,5458862.1489
Other Theft,2017,2,6,15,51,3XX ABBOTT ST,Central Business District,492213.7305,5458862.1489
Other Theft,2017,2,6,19,44,3XX ABBOTT ST,Central Business District,492213.7305,5458862.1489
Other Theft,2017,2,7,11,2,3XX ABBOTT ST,Central Business District,492213.7305,5458862.1489
Other Theft,2017,2,7,11,44,3XX ABBOTT ST,Central Business District,492213.7305,5458862.1489
Other Theft,2017,2,7,16,5,3XX ABBOTT ST,Central Business District,492213.7305,5458862.1489
Other Theft,2017,2,8,16,5,3XX ABBOTT ST,Central Business District,492213.7305,5458862.1489
Other Theft,2017,2,8,18,40,3XX ABBOTT ST,Central Business District,492213.7305,5458862.1489
Other Theft,2017,2,8,20,3,3XX ABBOTT ST,Central Business District,492213.7305,5458862.1489
Other Theft,2017,2,11,15,24,3XX ABBOTT ST,Central Business District,492213.7305,5458862.1489
Other Theft,2017,2,12,13,10,3XX ABBOTT ST,Central Business District,492213.7305,5458862.1489
Other Theft,2017,2,13,13,58,3XX ABBOTT ST,Central Business District,492213.7305,5458862.1489
Other Theft,2017,2,14,15,31,3XX ABBOTT ST,Central Business District,492213.7305,5458862.1489
Other Theft,2017,2,14,19,3,3XX ABBOTT ST,Central Business District,492213.7305,5458862.1489
Other Theft,2017,2,16,19,51,3XX ABBOTT ST,Central Business District,492213.7305,5458862.1489
Other Theft,2017,2,17,14,30,3XX ABBOTT ST,Central Business District,492213.7305,5458862.1489
Other Theft,2017,2,18,14,34,3XX ABBOTT ST,Central Business District,492213.7305,5458862.1489
Other Theft,2017,2,18,19,12,3XX ABBOTT ST,Central Business District,492213.7305,5458862.1489
Other Theft,2017,2,19,12,20,3XX ABBOTT ST,Central Business District,492213.7305,5458862.1489
Other Theft,2017,2,19,14,26,3XX ABBOTT ST,Central Business District,492213.7305,5458862.1489
Other Theft,2017,2,19,17,30,3XX ABBOTT ST,Central Business District,492213.7305,5458862.1489
Other Theft,2017,2,25,14,54,3XX ABBOTT ST,Central Business District,492213.7305,5458862.1489
Other Theft,2017,2,26,10,44,3XX ABBOTT ST,Central Business District,492213.7305,5458862.1489
Other Theft,2017,2,26,15,40,3XX ABBOTT ST,Central Business District,492213.7305,5458862.1489
Other Theft,2017,2,26,18,16,3XX ABBOTT ST,Central Business District,492213.7305,5458862.1489
Other Theft,2017,3,4,13,19,3XX ABBOTT ST,Central Business District,492213.7305,5458862.1489
Other Theft,2017,3,5,18,51,3XX ABBOTT ST,Central Business District,492213.7305,5458862.1489
Other Theft,2017,3,10,15,7,3XX ABBOTT ST,Central Business District,492213.7305,5458862.1489
Other Theft,2017,3,10,18,37,3XX ABBOTT ST,Central Business District,492213.7305,5458862.1489
Other Theft,2017,3,11,8,57,3XX ABBOTT ST,Central Business District,492213.7305,5458862.1489
Other Theft,2017,3,11,14,40,3XX ABBOTT ST,Central Business District,492213.7305,5458862.1489
Other Theft,2017,3,12,10,42,3XX ABBOTT ST,Central Business District,492213.7305,5458862.1489
Other Theft,2017,3,12,13,47,3XX ABBOTT ST,Central Business District,492213.7305,5458862.1489
Other Theft,2017,3,17,9,26,3XX ABBOTT ST,Central Business District,492213.7305,5458862.1489
Other Theft,2017,3,19,11,12,3XX ABBOTT ST,Central Business District,492213.7305,5458862.1489
Other Theft,2017,3,19,17,43,3XX ABBOTT ST,Central Business District,492213.7305,5458862.1489
Other Theft,2017,3,23,9,38,3XX ABBOTT ST,Central Business District,492213.7305,5458862.1489
Other Theft,2017,3,26,13,57,3XX ABBOTT ST,Central Business District,492213.7305,5458862.1489
Other Theft,2017,3,26,15,23,3XX ABBOTT ST,Central Business District,492213.7305,5458862.1489
Other Theft,2017,3,30,14,21,3XX ABBOTT ST,Central Business District,492213.7305,5458862.1489
Other Theft,2017,4,1,19,58,3XX ABBOTT ST,Central Business District,492213.7305,5458862.1489
Other Theft,2017,4,2,13,15,3XX ABBOTT ST,Central Business District,492213.7305,5458862.1489
Other Theft,2017,4,2,14,3,3XX ABBOTT ST,Central Business District,492213.7305,5458862.1489
Other Theft,2017,4,9,11,3,3XX ABBOTT ST,Central Business District,492213.7305,5458862.1489
Other Theft,2017,4,9,16,19,3XX ABBOTT ST,Central Business District,492213.7305,5458862.1489
Other Theft,2017,4,12,12,38,3XX ABBOTT ST,Central Business District,492213.7305,5458862.1489
Other Theft,2017,4,12,16,15,3XX ABBOTT ST,Central Business District,492213.7305,5458862.1489
Other Theft,2017,4,16,13,22,3XX ABBOTT ST,Central Business District,492213.7305,5458862.1489
Other Theft,2017,4,16,14,1,3XX ABBOTT ST,Central Business District,492213.7305,5458862.1489
Other Theft,2017,4,18,9,27,3XX ABBOTT ST,Central Business District,492213.7305,5458862.1489
Other Theft,2017,4,18,9,50,3XX ABBOTT ST,Central Business District,492213.7305,5458862.1489
Other Theft,2017,4,18,13,11,3XX ABBOTT ST,Central Business District,492213.7305,5458862.1489
Other Theft,2017,4,23,10,1,3XX ABBOTT ST,Central Business District,492213.7305,5458862.1489
Other Theft,2017,4,24,10,8,3XX ABBOTT ST,Central Business District,492213.7305,5458862.1489
Other Theft,2017,4,24,16,31,3XX ABBOTT ST,Central Business District,492213.7305,5458862.1489
Other Theft,2017,4,26,17,48,3XX ABBOTT ST,Central Business District,492213.7305,5458862.1489
Other Theft,2017,4,27,19,30,3XX ABBOTT ST,Central Business District,492213.7305,5458862.1489
Other Theft,2017,4,28,13,48,3XX ABBOTT ST,Central Business District,492213.7305,5458862.1489
Other Theft,2017,4,30,10,46,3XX ABBOTT ST,Central Business District,492213.7305,5458862.1489
Other Theft,2017,4,30,13,10,3XX ABBOTT ST,Central Business District,492213.7305,5458862.1489
Other Theft,2017,4,30,13,35,3XX ABBOTT ST,Central Business District,492213.7305,5458862.1489
Other Theft,2017,4,30,15,45,3XX ABBOTT ST,Central Business District,492213.7305,5458862.1489
Other Theft,2017,4,30,16,18,3XX ABBOTT ST,Central Business District,492213.7305,5458862.1489
Other Theft,2017,5,3,18,52,3XX ABBOTT ST,Central Business District,492213.7305,5458862.1489
Other Theft,2017,5,4,9,59,3XX ABBOTT ST,Central Business District,492213.7305,5458862.1489
Other Theft,2017,5,4,17,22,3XX ABBOTT ST,Central Business District,492213.7305,5458862.1489
Other Theft,2017,5,6,12,34,3XX ABBOTT ST,Central Business District,492213.7305,5458862.1489
Other Theft,2017,5,7,10,6,3XX ABBOTT ST,Central Business District,492213.7305,5458862.1489
Other Theft,2017,5,7,12,1,3XX ABBOTT ST,Central Business District,492213.7305,5458862.1489
Other Theft,2017,5,7,13,51,3XX ABBOTT ST,Central Business District,492213.7305,5458862.1489
Other Theft,2017,5,8,14,25,3XX ABBOTT ST,Central Business District,492213.7305,5458862.1489
Other Theft,2017,5,8,18,12,3XX ABBOTT ST,Central Business District,492213.7305,5458862.1489
Other Theft,2017,5,9,15,38,3XX ABBOTT ST,Central Business District,492213.7305,5458862.1489
Other Theft,2017,5,9,19,19,3XX ABBOTT ST,Central Business District,492213.7305,5458862.1489
Other Theft,2017,5,10,8,58,3XX ABBOTT ST,Central Business District,492213.7305,5458862.1489
Other Theft,2017,5,10,11,27,3XX ABBOTT ST,Central Business District,492213.7305,5458862.1489
Other Theft,2017,5,10,14,20,3XX ABBOTT ST,Central Business District,492213.7305,5458862.1489
Other Theft,2017,5,10,17,54,3XX ABBOTT ST,Central Business District,492213.7305,5458862.1489
Other Theft,2017,5,10,19,9,3XX ABBOTT ST,Central Business District,492213.7305,5458862.1489
Other Theft,2017,5,11,15,32,3XX ABBOTT ST,Central Business District,492213.7305,5458862.1489
Other Theft,2017,5,11,19,6,3XX ABBOTT ST,Central Business District,492213.7305,5458862.1489
Other Theft,2017,5,11,21,15,3XX ABBOTT ST,Central Business District,492213.7305,5458862.1489
Other Theft,2017,5,12,14,43,3XX ABBOTT ST,Central Business District,492213.7305,5458862.1489
Other Theft,2017,5,12,19,14,3XX ABBOTT ST,Central Business District,492213.7305,5458862.1489
Other Theft,2017,5,13,10,8,3XX ABBOTT ST,Central Business District,492213.7305,5458862.1489
Other Theft,2017,5,13,13,30,3XX ABBOTT ST,Central Business District,492213.7305,5458862.1489
Other Theft,2017,5,13,15,0,3XX ABBOTT ST,Central Business District,492213.7305,5458862.1489
Other Theft,2017,5,13,17,31,3XX ABBOTT ST,Central Business District,492213.7305,5458862.1489
Other Theft,2017,5,14,11,35,3XX ABBOTT ST,Central Business District,492213.7305,5458862.1489
Other Theft,2017,5,14,15,8,3XX ABBOTT ST,Central Business District,492213.7305,5458862.1489
Other Theft,2017,5,14,17,57,3XX ABBOTT ST,Central Business District,492213.7305,5458862.1489
Other Theft,2017,5,16,10,16,3XX ABBOTT ST,Central Business District,492213.7305,5458862.1489
Other Theft,2017,5,16,12,54,3XX ABBOTT ST,Central Business District,492213.7305,5458862.1489
Other Theft,2017,5,16,15,3,3XX ABBOTT ST,Central Business District,492213.7305,5458862.1489
Other Theft,2017,5,16,16,17,3XX ABBOTT ST,Central Business District,492213.7305,5458862.1489
Other Theft,2017,5,17,9,35,3XX ABBOTT ST,Central Business District,492213.7305,5458862.1489
Other Theft,2017,5,17,17,17,3XX ABBOTT ST,Central Business District,492213.7305,5458862.1489
Other Theft,2017,5,17,18,41,3XX ABBOTT ST,Central Business District,492213.7305,5458862.1489
Other Theft,2017,5,18,14,8,3XX ABBOTT ST,Central Business District,492213.7305,5458862.1489
Other Theft,2017,5,18,14,22,3XX ABBOTT ST,Central Business District,492213.7305,5458862.1489
Other Theft,2017,5,18,15,25,3XX ABBOTT ST,Central Business District,492213.7305,5458862.1489
Other Theft,2017,5,19,12,40,3XX ABBOTT ST,Central Business District,492213.7305,5458862.1489
Other Theft,2017,5,19,15,39,3XX ABBOTT ST,Central Business District,492213.7305,5458862.1489
Other Theft,2017,5,19,17,32,3XX ABBOTT ST,Central Business District,492213.7305,5458862.1489
Other Theft,2017,5,20,16,1,3XX ABBOTT ST,Central Business District,492213.7305,5458862.1489
Other Theft,2017,5,20,16,56,3XX ABBOTT ST,Central Business District,492213.7305,5458862.1489
Other Theft,2017,5,20,21,0,3XX ABBOTT ST,Central Business District,492213.7305,5458862.1489
Other Theft,2017,5,21,16,59,3XX ABBOTT ST,Central Business District,492213.7305,5458862.1489
Other Theft,2017,5,22,13,52,3XX ABBOTT ST,Central Business District,492213.7305,5458862.1489
Other Theft,2017,5,22,19,28,3XX ABBOTT ST,Central Business District,492213.7305,5458862.1489
Other Theft,2017,5,28,14,43,3XX ABBOTT ST,Central Business District,492213.7305,5458862.1489
Other Theft,2017,6,2,16,8,3XX ABBOTT ST,Central Business District,492213.7305,5458862.1489
Other Theft,2017,6,3,19,7,3XX ABBOTT ST,Central Business District,492213.7305,5458862.1489
Other Theft,2017,6,4,16,59,3XX ABBOTT ST,Central Business District,492213.7305,5458862.1489
Other Theft,2017,6,5,16,35,3XX ABBOTT ST,Central Business District,492213.7305,5458862.1489
Other Theft,2017,6,9,18,30,3XX ABBOTT ST,Central Business District,492213.7305,5458862.1489
Other Theft,2017,6,11,11,48,3XX ABBOTT ST,Central Business District,492213.7305,5458862.1489
Other Theft,2017,6,11,16,43,3XX ABBOTT ST,Central Business District,492213.7305,5458862.1489
Other Theft,2017,6,11,17,0,3XX ABBOTT ST,Central Business District,492213.7305,5458862.1489
Other Theft,2017,6,17,15,45,3XX ABBOTT ST,Central Business District,492213.7305,5458862.1489
Other Theft,2017,6,17,18,49,3XX ABBOTT ST,Central Business District,492213.7305,5458862.1489
Other Theft,2017,6,18,10,34,3XX ABBOTT ST,Central Business District,492213.7305,5458862.1489
Other Theft,2017,6,18,17,42,3XX ABBOTT ST,Central Business District,492213.7305,5458862.1489
Other Theft,2017,6,18,18,14,3XX ABBOTT ST,Central Business District,492213.7305,5458862.1489
Other Theft,2017,6,19,14,40,3XX ABBOTT ST,Central Business District,492213.7305,5458862.1489
Other Theft,2017,6,21,17,25,3XX ABBOTT ST,Central Business District,492213.7305,5458862.1489
Other Theft,2017,6,25,11,22,3XX ABBOTT ST,Central Business District,492213.7305,5458862.1489
Other Theft,2017,6,25,12,50,3XX ABBOTT ST,Central Business District,492213.7305,5458862.1489
Other Theft,2017,7,4,15,15,3XX ABBOTT ST,Central Business District,492213.7305,5458862.1489
Other Theft,2017,7,9,14,58,3XX ABBOTT ST,Central Business District,492213.7305,5458862.1489
Other Theft,2017,7,11,17,41,3XX ABBOTT ST,Central Business District,492213.7305,5458862.1489
Other Theft,2017,7,12,17,54,3XX ABBOTT ST,Central Business District,492213.7305,5458862.1489
Other Theft,2017,7,15,15,20,3XX ABBOTT ST,Central Business District,492213.7305,5458862.1489
Other Theft,2017,7,20,16,24,3XX ABBOTT ST,Central Business District,492213.7305,5458862.1489
Other Theft,2017,7,21,9,50,3XX ABBOTT ST,Central Business District,492213.7305,5458862.1489
Other Theft,2017,7,21,10,50,3XX ABBOTT ST,Central Business District,492213.7305,5458862.1489
Other Theft,2017,7,22,21,28,3XX ABBOTT ST,Central Business District,492213.7305,5458862.1489
Other Theft,2017,7,24,15,1,3XX ABBOTT ST,Central Business District,492213.7305,5458862.1489
Other Theft,2017,7,26,10,46,3XX ABBOTT ST,Central Business District,492213.7305,5458862.1489
Other Theft,2017,7,26,16,39,3XX ABBOTT ST,Central Business District,492213.7305,5458862.1489
Other Theft,2017,7,28,15,24,3XX ABBOTT ST,Central Business District,492213.7305,5458862.1489
Other Theft,2017,7,30,14,29,3XX ABBOTT ST,Central Business District,492213.7305,5458862.1489
Other Theft,2017,7,30,16,27,3XX ABBOTT ST,Central Business District,492213.7305,5458862.1489
Other Theft,2017,7,31,10,6,3XX ABBOTT ST,Central Business District,492213.7305,5458862.1489
Other Theft,2017,7,31,18,38,3XX ABBOTT ST,Central Business District,492213.7305,5458862.1489
Other Theft,2017,7,31,20,18,3XX ABBOTT ST,Central Business District,492213.7305,5458862.1489
Other Theft,2017,8,1,20,5,3XX ABBOTT ST,Central Business District,492213.7305,5458862.1489
Other Theft,2017,8,3,9,2,3XX ABBOTT ST,Central Business District,492213.7305,5458862.1489
Other Theft,2017,8,3,11,25,3XX ABBOTT ST,Central Business District,492213.7305,5458862.1489
Other Theft,2017,8,3,13,42,3XX ABBOTT ST,Central Business District,492213.7305,5458862.1489
Other Theft,2017,8,3,22,26,3XX ABBOTT ST,Central Business District,492213.7305,5458862.1489
Other Theft,2017,8,4,15,10,3XX ABBOTT ST,Central Business District,492213.7305,5458862.1489
Other Theft,2017,8,4,19,50,3XX ABBOTT ST,Central Business District,492213.7305,5458862.1489
Other Theft,2017,8,7,13,11,3XX ABBOTT ST,Central Business District,492213.7305,5458862.1489
Other Theft,2017,8,8,21,37,3XX ABBOTT ST,Central Business District,492213.7305,5458862.1489
Other Theft,2017,8,11,16,8,3XX ABBOTT ST,Central Business District,492213.7305,5458862.1489
Other Theft,2017,8,12,17,58,3XX ABBOTT ST,Central Business District,492213.7305,5458862.1489
Other Theft,2017,8,13,11,38,3XX ABBOTT ST,Central Business District,492213.7305,5458862.1489
Other Theft,2017,8,13,15,12,3XX ABBOTT ST,Central Business District,492213.7305,5458862.1489
Other Theft,2017,8,13,15,23,3XX ABBOTT ST,Central Business District,492213.7305,5458862.1489
Other Theft,2017,8,20,17,26,3XX ABBOTT ST,Central Business District,492213.7305,5458862.1489
Other Theft,2017,8,20,17,44,3XX ABBOTT ST,Central Business District,492213.7305,5458862.1489
Other Theft,2017,8,27,10,5,3XX ABBOTT ST,Central Business District,492213.7305,5458862.1489
Other Theft,2017,8,27,10,32,3XX ABBOTT ST,Central Business District,492213.7305,5458862.1489
Other Theft,2017,8,27,14,51,3XX ABBOTT ST,Central Business District,492213.7305,5458862.1489
Other Theft,2017,8,29,14,24,3XX ABBOTT ST,Central Business District,492213.7305,5458862.1489
Other Theft,2017,9,3,12,58,3XX ABBOTT ST,Central Business District,492213.7305,5458862.1489
Other Theft,2017,9,3,17,35,3XX ABBOTT ST,Central Business District,492213.7305,5458862.1489
Other Theft,2017,9,3,19,28,3XX ABBOTT ST,Central Business District,492213.7305,5458862.1489
Other Theft,2017,9,6,15,49,3XX ABBOTT ST,Central Business District,492213.7305,5458862.1489
Other Theft,2017,9,6,20,17,3XX ABBOTT ST,Central Business District,492213.7305,5458862.1489
Other Theft,2017,9,10,15,0,3XX ABBOTT ST,Central Business District,492213.7305,5458862.1489
Other Theft,2017,9,14,19,21,3XX ABBOTT ST,Central Business District,492213.7305,5458862.1489
Other Theft,2017,9,15,18,32,3XX ABBOTT ST,Central Business District,492213.7305,5458862.1489
Other Theft,2017,9,16,14,13,3XX ABBOTT ST,Central Business District,492213.7305,5458862.1489
Other Theft,2017,9,17,10,38,3XX ABBOTT ST,Central Business District,492213.7305,5458862.1489
Other Theft,2017,9,17,13,55,3XX ABBOTT ST,Central Business District,492213.7305,5458862.1489
Other Theft,2017,9,17,14,54,3XX ABBOTT ST,Central Business District,492213.7305,5458862.1489
Other Theft,2017,9,19,15,0,3XX ABBOTT ST,Central Business District,492213.7305,5458862.1489
Other Theft,2017,9,27,15,34,3XX ABBOTT ST,Central Business District,492213.7305,5458862.1489
Other Theft,2017,9,27,17,2,3XX ABBOTT ST,Central Business District,492213.7305,5458862.1489
Other Theft,2017,9,29,16,0,3XX ABBOTT ST,Central Business District,492213.7305,5458862.1489
Other Theft,2017,9,30,12,57,3XX ABBOTT ST,Central Business District,492213.7305,5458862.1489
Other Theft,2017,10,1,18,20,3XX ABBOTT ST,Central Business District,492213.7305,5458862.1489
Other Theft,2017,10,3,15,2,3XX ABBOTT ST,Central Business District,492213.7305,5458862.1489
Other Theft,2017,10,3,17,50,3XX ABBOTT ST,Central Business District,492213.7305,5458862.1489
Other Theft,2017,10,5,12,57,3XX ABBOTT ST,Central Business District,492213.7305,5458862.1489
Other Theft,2017,10,8,11,8,3XX ABBOTT ST,Central Business District,492213.7305,5458862.1489
Other Theft,2017,10,8,13,40,3XX ABBOTT ST,Central Business District,492213.7305,5458862.1489
Other Theft,2017,10,8,17,14,3XX ABBOTT ST,Central Business District,492213.7305,5458862.1489
Other Theft,2017,10,9,16,30,3XX ABBOTT ST,Central Business District,492213.7305,5458862.1489
Other Theft,2017,10,11,14,37,3XX ABBOTT ST,Central Business District,492213.7305,5458862.1489
Other Theft,2017,10,14,22,53,3XX ABBOTT ST,Central Business District,492213.7305,5458862.1489
Other Theft,2017,10,15,13,46,3XX ABBOTT ST,Central Business District,492213.7305,5458862.1489
Other Theft,2017,10,15,15,54,3XX ABBOTT ST,Central Business District,492213.7305,5458862.1489
Other Theft,2017,10,21,14,26,3XX ABBOTT ST,Central Business District,492213.7305,5458862.1489
Other Theft,2017,10,22,11,10,3XX ABBOTT ST,Central Business District,492213.7305,5458862.1489
Other Theft,2017,10,31,18,9,3XX ABBOTT ST,Central Business District,492213.7305,5458862.1489
Other Theft,2017,11,3,21,6,3XX ABBOTT ST,Central Business District,492213.7305,5458862.1489
Other Theft,2017,11,4,16,56,3XX ABBOTT ST,Central Business District,492213.7305,5458862.1489
Other Theft,2017,11,4,18,0,3XX ABBOTT ST,Central Business District,492213.7305,5458862.1489
Other Theft,2017,11,5,15,59,3XX ABBOTT ST,Central Business District,492213.7305,5458862.1489
Other Theft,2017,11,7,15,2,3XX ABBOTT ST,Central Business District,492213.7305,5458862.1489
Other Theft,2017,11,12,11,31,3XX ABBOTT ST,Central Business District,492213.7305,5458862.1489
Other Theft,2017,11,12,15,4,3XX ABBOTT ST,Central Business District,492213.7305,5458862.1489
Other Theft,2017,11,16,15,50,3XX ABBOTT ST,Central Business District,492213.7305,5458862.1489
Other Theft,2017,11,16,20,44,3XX ABBOTT ST,Central Business District,492213.7305,5458862.1489
Other Theft,2017,11,18,11,6,3XX ABBOTT ST,Central Business District,492213.7305,5458862.1489
Other Theft,2017,11,19,13,5,3XX ABBOTT ST,Central Business District,492213.7305,5458862.1489
Other Theft,2017,11,19,13,59,3XX ABBOTT ST,Central Business District,492213.7305,5458862.1489
Other Theft,2017,11,20,9,35,3XX ABBOTT ST,Central Business District,492213.7305,5458862.1489
Other Theft,2017,11,25,9,58,3XX ABBOTT ST,Central Business District,492213.7305,5458862.1489
Other Theft,2017,11,26,12,59,3XX ABBOTT ST,Central Business District,492213.7305,5458862.1489
Other Theft,2017,11,26,15,50,3XX ABBOTT ST,Central Business District,492213.7305,5458862.1489
Other Theft,2017,11,27,11,59,3XX ABBOTT ST,Central Business District,492213.7305,5458862.1489
Other Theft,2017,11,30,16,22,3XX ABBOTT ST,Central Business District,492213.7305,5458862.1489
Other Theft,2017,12,3,18,0,3XX ABBOTT ST,Central Business District,492213.7305,5458862.1489
Other Theft,2017,12,5,19,2,3XX ABBOTT ST,Central Business District,492213.7305,5458862.1489
Other Theft,2017,12,5,20,17,3XX ABBOTT ST,Central Business District,492213.7305,5458862.1489
Other Theft,2017,12,6,18,25,3XX ABBOTT ST,Central Business District,492213.7305,5458862.1489
Other Theft,2017,12,6,18,30,3XX ABBOTT ST,Central Business District,492213.7305,5458862.1489
Other Theft,2017,12,7,9,44,3XX ABBOTT ST,Central Business District,492213.7305,5458862.1489
Other Theft,2017,12,8,11,13,3XX ABBOTT ST,Central Business District,492213.7305,5458862.1489
Other Theft,2017,12,10,12,54,3XX ABBOTT ST,Central Business District,492213.7305,5458862.1489
Other Theft,2017,12,10,16,26,3XX ABBOTT ST,Central Business District,492213.7305,5458862.1489
Other Theft,2017,12,15,15,35,3XX ABBOTT ST,Central Business District,492213.7305,5458862.1489
Other Theft,2017,12,16,17,16,3XX ABBOTT ST,Central Business District,492213.7305,5458862.1489
Other Theft,2017,12,17,10,45,3XX ABBOTT ST,Central Business District,492213.7305,5458862.1489
Other Theft,2017,12,17,13,40,3XX ABBOTT ST,Central Business District,492213.7305,5458862.1489
Other Theft,2017,12,18,17,8,3XX ABBOTT ST,Central Business District,492213.7305,5458862.1489
Other Theft,2017,12,21,9,52,3XX ABBOTT ST,Central Business District,492213.7305,5458862.1489
Other Theft,2017,12,22,16,33,3XX ABBOTT ST,Central Business District,492213.7305,5458862.1489
Other Theft,2017,12,26,15,10,3XX ABBOTT ST,Central Business District,492213.7305,5458862.1489
Other Theft,2017,12,28,14,25,3XX ABBOTT ST,Central Business District,492213.7305,5458862.1489
Other Theft,2017,12,28,17,52,3XX ABBOTT ST,Central Business District,492213.7305,5458862.1489
Other Theft,2017,1,1,14,19,3XX ABBOTT ST,Central Business District,492213.8723,5458862.6471
Other Theft,2017,1,1,17,42,3XX ABBOTT ST,Central Business District,492213.8723,5458862.6471
Other Theft,2017,1,8,11,10,3XX ABBOTT ST,Central Business District,492213.8723,5458862.6471
Other Theft,2017,1,8,14,36,3XX ABBOTT ST,Central Business District,492213.8723,5458862.6471
Other Theft,2017,1,15,19,9,3XX ABBOTT ST,Central Business District,492213.8723,5458862.6471
Other Theft,2017,12,17,12,45,3XX ABBOTT ST,Central Business District,492213.8723,5458862.6471
Other Theft,2017,1,17,13,51,3XX ABBOTT ST,Central Business District,492218.7053,5458879.6576
Other Theft,2017,1,17,19,21,3XX ABBOTT ST,Central Business District,492218.7053,5458879.6576
Other Theft,2017,1,14,14,19,3XX ABBOTT ST,Central Business District,492219.1855,5458881.348
Other Theft,2017,1,21,14,7,3XX ABBOTT ST,Central Business District,492219.1855,5458881.348
Other Theft,2017,1,30,20,40,3XX ABBOTT ST,Central Business District,492219.1855,5458881.348
Other Theft,2017,2,5,10,30,3XX ABBOTT ST,Central Business District,492219.1855,5458881.348
Other Theft,2017,2,7,20,30,3XX ABBOTT ST,Central Business District,492219.1855,5458881.348
Other Theft,2017,2,14,18,56,3XX ABBOTT ST,Central Business District,492219.1855,5458881.348
Other Theft,2017,2,25,11,14,3XX ABBOTT ST,Central Business District,492219.1855,5458881.348
Other Theft,2017,3,1,16,45,3XX ABBOTT ST,Central Business District,492219.1855,5458881.348
Other Theft,2017,3,4,11,54,3XX ABBOTT ST,Central Business District,492219.1855,5458881.348
Other Theft,2017,3,12,15,7,3XX ABBOTT ST,Central Business District,492219.1855,5458881.348
Other Theft,2017,3,14,16,34,3XX ABBOTT ST,Central Business District,492219.1855,5458881.348
Other Theft,2017,3,16,8,26,3XX ABBOTT ST,Central Business District,492219.1855,5458881.348
Other Theft,2017,3,21,14,55,3XX ABBOTT ST,Central Business District,492219.1855,5458881.348
Other Theft,2017,4,7,15,5,3XX ABBOTT ST,Central Business District,492219.1855,5458881.348
Other Theft,2017,4,9,16,51,3XX ABBOTT ST,Central Business District,492219.1855,5458881.348
Other Theft,2017,4,16,14,35,3XX ABBOTT ST,Central Business District,492219.1855,5458881.348
Other Theft,2017,4,23,9,50,3XX ABBOTT ST,Central Business District,492219.1855,5458881.348
Other Theft,2017,4,24,13,36,3XX ABBOTT ST,Central Business District,492219.1855,5458881.348
Other Theft,2017,5,9,12,15,3XX ABBOTT ST,Central Business District,492219.1855,5458881.348
Other Theft,2017,5,9,16,1,3XX ABBOTT ST,Central Business District,492219.1855,5458881.348
Other Theft,2017,5,16,12,50,3XX ABBOTT ST,Central Business District,492219.1855,5458881.348
Other Theft,2017,5,20,11,50,3XX ABBOTT ST,Central Business District,492219.1855,5458881.348
Other Theft,2017,5,27,16,14,3XX ABBOTT ST,Central Business District,492219.1855,5458881.348
Other Theft,2017,5,30,17,29,3XX ABBOTT ST,Central Business District,492219.1855,5458881.348
Other Theft,2017,5,30,18,43,3XX ABBOTT ST,Central Business District,492219.1855,5458881.348
Other Theft,2017,6,4,11,53,3XX ABBOTT ST,Central Business District,492219.1855,5458881.348
Other Theft,2017,6,6,16,42,3XX ABBOTT ST,Central Business District,492219.1855,5458881.348
Other Theft,2017,6,6,20,4,3XX ABBOTT ST,Central Business District,492219.1855,5458881.348
Other Theft,2017,6,11,14,39,3XX ABBOTT ST,Central Business District,492219.1855,5458881.348
Other Theft,2017,6,16,13,41,3XX ABBOTT ST,Central Business District,492219.1855,5458881.348
Other Theft,2017,6,16,16,10,3XX ABBOTT ST,Central Business District,492219.1855,5458881.348
Other Theft,2017,6,17,15,6,3XX ABBOTT ST,Central Business District,492219.1855,5458881.348
Other Theft,2017,6,17,15,46,3XX ABBOTT ST,Central Business District,492219.1855,5458881.348
Other Theft,2017,7,10,13,49,3XX ABBOTT ST,Central Business District,492219.1855,5458881.348
Other Theft,2017,7,16,9,42,3XX ABBOTT ST,Central Business District,492219.1855,5458881.348
Other Theft,2017,8,25,16,41,3XX ABBOTT ST,Central Business District,492219.1855,5458881.348
Other Theft,2017,8,31,19,40,3XX ABBOTT ST,Central Business District,492219.1855,5458881.348
Other Theft,2017,9,5,16,1,3XX ABBOTT ST,Central Business District,492219.1855,5458881.348
Other Theft,2017,9,7,9,22,3XX ABBOTT ST,Central Business District,492219.1855,5458881.348
Other Theft,2017,9,7,19,28,3XX ABBOTT ST,Central Business District,492219.1855,5458881.348
Other Theft,2017,9,12,15,27,3XX ABBOTT ST,Central Business District,492219.1855,5458881.348
Other Theft,2017,9,13,16,20,3XX ABBOTT ST,Central Business District,492219.1855,5458881.348
Other Theft,2017,9,17,18,40,3XX ABBOTT ST,Central Business District,492219.1855,5458881.348
Other Theft,2017,9,25,13,55,3XX ABBOTT ST,Central Business District,492219.1855,5458881.348
Other Theft,2017,10,10,9,15,3XX ABBOTT ST,Central Business District,492219.1855,5458881.348
Other Theft,2017,10,10,20,25,3XX ABBOTT ST,Central Business District,492219.1855,5458881.348
Other Theft,2017,10,12,14,12,3XX ABBOTT ST,Central Business District,492219.1855,5458881.348
Other Theft,2017,10,16,17,15,3XX ABBOTT ST,Central Business District,492219.1855,5458881.348
Other Theft,2017,10,22,11,4,3XX ABBOTT ST,Central Business District,492219.1855,5458881.348
Other Theft,2017,11,9,14,15,3XX ABBOTT ST,Central Business District,492219.1855,5458881.348
Other Theft,2017,11,13,13,38,3XX ABBOTT ST,Central Business District,492219.1855,5458881.348
Other Theft,2017,11,13,19,5,3XX ABBOTT ST,Central Business District,492219.1855,5458881.348
Other Theft,2017,12,16,13,0,3XX ABBOTT ST,Central Business District,492219.1855,5458881.348
Other Theft,2017,12,27,10,19,3XX ABBOTT ST,Central Business District,492219.1855,5458881.348
Other Theft,2017,2,14,11,30,3XX ABBOTT ST,Central Business District,492222.0462,5458891.4161
Other Theft,2017,3,18,20,59,3XX ABBOTT ST,Central Business District,492222.5264,5458859.6499
Other Theft,2017,4,30,17,22,3XX ABBOTT ST,Central Business District,492222.5264,5458859.6499
Other Theft,2017,12,11,15,28,3XX ABBOTT ST,Central Business District,492222.5264,5458859.6499
Other Theft,2017,2,18,15,57,3XX ABBOTT ST,Central Business District,492224.3347,5458899.4705
Other Theft,2017,4,9,10,12,3XX ABBOTT ST,Central Business District,492224.3347,5458899.4705
Other Theft,2017,2,3,0,0,3XX ABBOTT ST,Central Business District,492231.4142,5458890.9305
Other Theft,2017,6,21,0,0,3XX ABBOTT ST,Central Business District,492231.4142,5458890.9305
Other Theft,2017,7,28,1,30,3XX ABBOTT ST,Central Business District,492231.4142,5458890.9305
Other Theft,2017,9,29,22,0,3XX ABBOTT ST,Central Business District,492231.4142,5458890.9305
Other Theft,2017,12,9,19,30,3XX ABBOTT ST,Central Business District,492231.4142,5458890.9305
Other Theft,2017,12,23,23,30,3XX ABBOTT ST,Central Business District,492231.4142,5458890.9305
Other Theft,2017,1,18,17,44,3XX ABBOTT ST,Central Business District,492236.0933,5458907.3993
Other Theft,2017,2,19,17,1,3XX ABBOTT ST,Central Business District,492237.1355,5458911.0666
Other Theft,2017,4,22,18,34,3XX ABBOTT ST,Central Business District,492237.1355,5458911.0666
Other Theft,2017,5,7,9,36,3XX ABBOTT ST,Central Business District,492237.1355,5458911.0666
Other Theft,2017,7,18,20,0,3XX ABBOTT ST,Central Business District,492237.1355,5458911.0666
Other Theft,2017,7,27,14,30,3XX ABBOTT ST,Central Business District,492237.1355,5458911.0666
Other Theft,2017,1,20,15,0,3XX ALEXANDER ST,Strathcona,492925.6802,5459033.7265
Other Theft,2017,3,18,20,0,3XX ALEXANDER ST,Strathcona,492925.6802,5459033.7265
Other Theft,2017,4,18,15,4,3XX ALEXANDER ST,Strathcona,492925.6802,5459033.7265
Other Theft,2017,5,30,21,44,3XX ALEXANDER ST,Strathcona,492925.6802,5459033.7265
Other Theft,2017,6,16,16,0,3XX ALEXANDER ST,Strathcona,492925.6802,5459033.7265
Other Theft,2017,6,19,11,49,3XX ALEXANDER ST,Strathcona,492925.6802,5459033.7265
Other Theft,2017,8,21,2,0,3XX ALEXANDER ST,Strathcona,492925.6802,5459033.7265
Other Theft,2017,12,18,8,20,3XX ALEXANDER ST,Strathcona,492925.6802,5459033.7265
Other Theft,2017,5,18,23,52,3XX ALEXANDER ST,Strathcona,492943.4132,5459033.1664
Other Theft,2017,9,7,22,30,3XX ALEXANDER ST,Strathcona,492943.4132,5459033.1664
Other Theft,2017,1,17,6,30,3XX ALEXANDER ST,Strathcona,492950.5064,5459032.9424
Other Theft,2017,10,14,7,45,3XX ALEXANDER ST,Strathcona,492950.5064,5459032.9424
Other Theft,2017,12,10,9,48,3XX ALEXANDER ST,Strathcona,492950.5064,5459032.9424
Other Theft,2017,1,25,0,0,3XX ALEXANDER ST,Strathcona,492971.786,5459032.2703
Other Theft,2017,3,30,1,2,3XX ALEXANDER ST,Strathcona,492971.786,5459032.2703
Other Theft,2017,8,17,17,24,3XX ALEXANDER ST,Strathcona,492971.786,5459032.2703
Other Theft,2017,8,29,1,0,3XX ALEXANDER ST,Strathcona,492971.786,5459032.2703
Other Theft,2017,9,22,1,0,3XX ALEXANDER ST,Strathcona,492971.786,5459032.2703
Other Theft,2017,10,14,9,0,3XX ALEXANDER ST,Strathcona,492971.786,5459032.2703
Other Theft,2017,11,26,12,19,3XX ALEXANDER ST,Strathcona,492971.786,5459032.2703
Other Theft,2017,12,23,7,0,3XX ALEXANDER ST,Strathcona,492971.786,5459032.2703
Other Theft,2017,4,1,8,0,3XX ALEXANDER ST,Strathcona,493000.1588,5459031.3742
Other Theft,2017,1,23,21,0,3XX BURRARD ST,Central Business District,491500.126,5459398.7449
Other Theft,2017,3,3,19,15,3XX BURRARD ST,Central Business District,491500.126,5459398.7449
Other Theft,2017,1,17,15,0,3XX BURRARD ST,Central Business District,491516.4106,5459414.6351
Other Theft,2017,4,24,13,0,3XX BURRARD ST,Central Business District,491516.4106,5459414.6351
Other Theft,2017,1,30,17,30,3XX BURRARD ST,Central Business District,491517.4962,5459415.6944
Other Theft,2017,3,3,21,25,3XX BURRARD ST,Central Business District,491517.4962,5459415.6944
Other Theft,2017,3,9,16,0,3XX BURRARD ST,Central Business District,491517.4962,5459415.6944
Other Theft,2017,5,24,17,27,3XX BUTE ST,Central Business District,491116.4691,5459615.3162
Other Theft,2017,12,8,14,30,3XX CAMBIE ST,Central Business District,492048.6376,5458954.7832
Other Theft,2017,12,10,12,46,3XX CAMBIE ST,Central Business District,492051.2001,5458963.1575
Other Theft,2017,10,14,0,0,3XX CAMBIE ST,Central Business District,492052.2564,5458935.3591
Other Theft,2017,12,14,0,0,3XX CAMBIE ST,Central Business District,492052.2564,5458935.3591
Other Theft,2017,7,28,0,30,3XX CAMBIE ST,Central Business District,492061.8658,5458966.7626
Other Theft,2017,1,16,0,47,3XX CAMBIE ST,Central Business District,492064.4008,5458975.0476
Other Theft,2017,1,10,22,0,3XX CAMBIE ST,Central Business District,492065.0689,5458977.2305
Other Theft,2017,1,26,21,0,3XX CAMBIE ST,Central Business District,492065.0689,5458977.2305
Other Theft,2017,3,5,1,30,3XX CAMBIE ST,Central Business District,492065.0689,5458977.2305
Other Theft,2017,3,30,0,30,3XX CAMBIE ST,Central Business District,492065.0689,5458977.2305
Other Theft,2017,4,15,2,0,3XX CAMBIE ST,Central Business District,492065.0689,5458977.2305
Other Theft,2017,4,24,15,41,3XX CAMBIE ST,Central Business District,492065.0689,5458977.2305
Other Theft,2017,4,26,0,20,3XX CAMBIE ST,Central Business District,492065.0689,5458977.2305
Other Theft,2017,5,6,2,0,3XX CAMBIE ST,Central Business District,492065.0689,5458977.2305
Other Theft,2017,5,14,2,30,3XX CAMBIE ST,Central Business District,492065.0689,5458977.2305
Other Theft,2017,5,24,1,0,3XX CAMBIE ST,Central Business District,492065.0689,5458977.2305
Other Theft,2017,5,27,0,0,3XX CAMBIE ST,Central Business District,492065.0689,5458977.2305
Other Theft,2017,6,7,0,0,3XX CAMBIE ST,Central Business District,492065.0689,5458977.2305
Other Theft,2017,6,23,23,0,3XX CAMBIE ST,Central Business District,492065.0689,5458977.2305
Other Theft,2017,7,1,22,0,3XX CAMBIE ST,Central Business District,492065.0689,5458977.2305
Other Theft,2017,7,6,17,0,3XX CAMBIE ST,Central Business District,492065.0689,5458977.2305
Other Theft,2017,7,8,0,30,3XX CAMBIE ST,Central Business District,492065.0689,5458977.2305
Other Theft,2017,8,2,0,50,3XX CAMBIE ST,Central Business District,492065.0689,5458977.2305
Other Theft,2017,8,25,23,0,3XX CAMBIE ST,Central Business District,492065.0689,5458977.2305
Other Theft,2017,10,7,0,0,3XX CAMBIE ST,Central Business District,492065.0689,5458977.2305
Other Theft,2017,11,4,22,0,3XX CAMBIE ST,Central Business District,492065.0689,5458977.2305
Other Theft,2017,11,12,1,0,3XX CAMBIE ST,Central Business District,492065.0689,5458977.2305
Other Theft,2017,11,14,17,30,3XX CAMBIE ST,Central Business District,492065.0689,5458977.2305
Other Theft,2017,11,22,1,30,3XX CAMBIE ST,Central Business District,492065.0689,5458977.2305
Other Theft,2017,12,2,23,0,3XX CAMBIE ST,Central Business District,492065.0689,5458977.2305
Other Theft,2017,12,5,18,0,3XX CAMBIE ST,Central Business District,492065.0689,5458977.2305
Other Theft,2017,12,5,22,0,3XX CAMBIE ST,Central Business District,492065.0689,5458977.2305
Other Theft,2017,12,19,18,0,3XX CAMBIE ST,Central Business District,492065.0689,5458977.2305
Other Theft,2017,12,20,2,15,3XX CAMBIE ST,Central Business District,492065.0689,5458977.2305
Other Theft,2017,2,14,18,8,3XX CARRALL ST,Central Business District,492407.8434,5458753.6732
Other Theft,2017,6,10,21,0,3XX CARRALL ST,Central Business District,492407.8434,5458753.6732
Other Theft,2017,9,19,3,0,3XX CARRALL ST,Central Business District,492410.8914,5458825.8246
Other Theft,2017,7,17,9,52,3XX CARRALL ST,Central Business District,492411.8562,5458848.6453
Other Theft,2017,11,30,0,0,3XX CARRALL ST,Central Business District,492411.8562,5458848.6453
Other Theft,2017,4,17,21,48,3XX COLUMBIA ST,Central Business District,492558.7814,5458776.6116
Other Theft,2017,7,8,16,2,3XX COLUMBIA ST,Central Business District,492559.3043,5458795.3325
Other Theft,2017,2,15,11,2,3XX COLUMBIA ST,Central Business District,492569.8402,5458844.9941
Other Theft,2017,3,14,10,36,3XX COLUMBIA ST,Central Business District,492569.8402,5458844.9941
Other Theft,2017,6,17,13,0,3XX COLUMBIA ST,Central Business District,492569.8402,5458844.9941
Other Theft,2017,9,1,0,0,3XX COLUMBIA ST,Central Business District,492569.8402,5458844.9941
Other Theft,2017,12,27,11,17,3XX COLUMBIA ST,Central Business District,492569.8402,5458844.9941
Other Theft,2017,4,18,16,23,3XX COLUMBIA ST,Central Business District,492569.8969,5458847.0253
Other Theft,2017,1,7,20,58,3XX DAVIE ST,Central Business District,491073.424,5458030.0514
Other Theft,2017,2,13,19,18,3XX DAVIE ST,Central Business District,491074.0872,5458029.4253
Other Theft,2017,7,24,15,40,3XX DAVIE ST,Central Business District,491074.0872,5458029.4253
Other Theft,2017,6,9,10,40,3XX DAVIE ST,Central Business District,491109.9224,5457980.7277
Other Theft,2017,6,18,12,20,3XX DAVIE ST,Central Business District,491109.9224,5457980.7277
Other Theft,2017,4,20,17,32,3XX DRAKE ST,Central Business District,490955.7577,5457901.225
Other Theft,2017,6,30,0,0,3XX DUNSMUIR ST,Central Business District,491797.8691,5458736.3249
Other Theft,2017,7,7,8,58,3XX DUNSMUIR ST,Central Business District,491797.8691,5458736.3249
Other Theft,2017,7,7,23,36,3XX DUNSMUIR ST,Central Business District,491797.8691,5458736.3249
Other Theft,2017,9,22,16,0,3XX E 13TH AVE,Mount Pleasant,492893.6163,5456287.3879
Other Theft,2017,3,4,0,1,3XX E 14TH AVE,Mount Pleasant,492879.2499,5456185.3778
Other Theft,2017,12,3,22,0,3XX E 14TH AVE,Mount Pleasant,492892.9563,5456185.0553
Other Theft,2017,6,18,16,0,3XX E 15TH AVE,Mount Pleasant,492876.6868,5456077.4177
Other Theft,2017,7,30,14,30,3XX E 15TH AVE,Mount Pleasant,492876.6868,5456077.4177
Other Theft,2017,2,5,23,0,3XX E 15TH AVE,Mount Pleasant,492921.1493,5456085.555
Other Theft,2017,4,25,18,0,3XX E 17TH AVE,Riley Park,492956.5112,5455880.2974
Other Theft,2017,10,4,11,16,3XX E 23RD AVE,Riley Park,492842.4519,5455281.8921
Other Theft,2017,5,31,17,0,3XX E 34TH AVE,Riley Park,492874.9304,5454103.1579
Other Theft,2017,2,18,10,0,3XX E 39TH AVE,Riley Park,492805.7549,5453630.6789
Other Theft,2017,9,5,19,22,3XX E 43RD AVE,Sunset,492897.3975,5453146.9452
Other Theft,2017,11,14,14,30,3XX E 46TH AVE,Sunset,492762.3204,5452849.9633
Other Theft,2017,3,27,17,0,3XX E 6TH AVE,Mount Pleasant,492833.5325,5456975.5184
Other Theft,2017,10,20,4,58,3XX E 8TH AVE,Mount Pleasant,492844.7774,5456765.2991
Other Theft,2017,7,31,10,30,3XX E BROADWAY AVE,Mount Pleasant,492768.4429,5456678.2181
Other Theft,2017,5,14,16,53,3XX E BROADWAY AVE,Mount Pleasant,492792.7489,5456686.1042
Other Theft,2017,10,20,22,50,3XX E BROADWAY AVE,Mount Pleasant,492807.5312,5456685.3196
Other Theft,2017,11,1,14,59,3XX E BROADWAY AVE,Mount Pleasant,492865.1859,5456682.2301
Other Theft,2017,1,8,13,26,3XX E BROADWAY AVE,Mount Pleasant,492933.9023,5456669.3903
Other Theft,2017,1,10,12,10,3XX E BROADWAY AVE,Mount Pleasant,492933.9023,5456669.3903
Other Theft,2017,1,10,12,14,3XX E BROADWAY AVE,Mount Pleasant,492933.9023,5456669.3903
Other Theft,2017,1,13,16,17,3XX E BROADWAY AVE,Mount Pleasant,492933.9023,5456669.3903
Other Theft,2017,1,15,11,19,3XX E BROADWAY AVE,Mount Pleasant,492933.9023,5456669.3903
Other Theft,2017,1,18,15,15,3XX E BROADWAY AVE,Mount Pleasant,492933.9023,5456669.3903
Other Theft,2017,1,11,10,18,3XX E BROADWAY AVE,Mount Pleasant,492936.7648,5456669.2373
Other Theft,2017,1,13,11,29,3XX E BROADWAY AVE,Mount Pleasant,492936.7648,5456669.2373
Other Theft,2017,1,25,13,0,3XX E BROADWAY AVE,Mount Pleasant,492936.7648,5456669.2373
Other Theft,2017,1,27,18,32,3XX E BROADWAY AVE,Mount Pleasant,492936.7648,5456669.2373
Other Theft,2017,1,27,20,2,3XX E BROADWAY AVE,Mount Pleasant,492936.7648,5456669.2373
Other Theft,2017,1,31,16,20,3XX E BROADWAY AVE,Mount Pleasant,492936.7648,5456669.2373
Other Theft,2017,2,1,19,55,3XX E BROADWAY AVE,Mount Pleasant,492936.7648,5456669.2373
Other Theft,2017,2,8,18,31,3XX E BROADWAY AVE,Mount Pleasant,492936.7648,5456669.2373
Other Theft,2017,2,14,11,25,3XX E BROADWAY AVE,Mount Pleasant,492936.7648,5456669.2373
Other Theft,2017,2,14,15,58,3XX E BROADWAY AVE,Mount Pleasant,492936.7648,5456669.2373
Other Theft,2017,2,17,17,5,3XX E BROADWAY AVE,Mount Pleasant,492936.7648,5456669.2373
Other Theft,2017,2,19,15,35,3XX E BROADWAY AVE,Mount Pleasant,492936.7648,5456669.2373
Other Theft,2017,2,21,13,27,3XX E BROADWAY AVE,Mount Pleasant,492936.7648,5456669.2373
Other Theft,2017,2,21,17,18,3XX E BROADWAY AVE,Mount Pleasant,492936.7648,5456669.2373
Other Theft,2017,2,22,17,5,3XX E BROADWAY AVE,Mount Pleasant,492936.7648,5456669.2373
Other Theft,2017,2,23,18,14,3XX E BROADWAY AVE,Mount Pleasant,492936.7648,5456669.2373
Other Theft,2017,2,25,11,59,3XX E BROADWAY AVE,Mount Pleasant,492936.7648,5456669.2373
Other Theft,2017,3,2,13,17,3XX E BROADWAY AVE,Mount Pleasant,492936.7648,5456669.2373
Other Theft,2017,3,4,12,0,3XX E BROADWAY AVE,Mount Pleasant,492936.7648,5456669.2373
Other Theft,2017,3,4,18,7,3XX E BROADWAY AVE,Mount Pleasant,492936.7648,5456669.2373
Other Theft,2017,3,7,15,36,3XX E BROADWAY AVE,Mount Pleasant,492936.7648,5456669.2373
Other Theft,2017,3,8,8,58,3XX E BROADWAY AVE,Mount Pleasant,492936.7648,5456669.2373
Other Theft,2017,3,8,15,13,3XX E BROADWAY AVE,Mount Pleasant,492936.7648,5456669.2373
Other Theft,2017,3,11,16,25,3XX E BROADWAY AVE,Mount Pleasant,492936.7648,5456669.2373
Other Theft,2017,3,13,13,16,3XX E BROADWAY AVE,Mount Pleasant,492936.7648,5456669.2373
Other Theft,2017,3,13,20,57,3XX E BROADWAY AVE,Mount Pleasant,492936.7648,5456669.2373
Other Theft,2017,3,14,16,12,3XX E BROADWAY AVE,Mount Pleasant,492936.7648,5456669.2373
Other Theft,2017,3,15,18,59,3XX E BROADWAY AVE,Mount Pleasant,492936.7648,5456669.2373
Other Theft,2017,3,23,15,56,3XX E BROADWAY AVE,Mount Pleasant,492936.7648,5456669.2373
Other Theft,2017,3,28,11,0,3XX E BROADWAY AVE,Mount Pleasant,492936.7648,5456669.2373
Other Theft,2017,4,11,17,14,3XX E BROADWAY AVE,Mount Pleasant,492936.7648,5456669.2373
Other Theft,2017,4,15,9,44,3XX E BROADWAY AVE,Mount Pleasant,492936.7648,5456669.2373
Other Theft,2017,4,17,19,22,3XX E BROADWAY AVE,Mount Pleasant,492936.7648,5456669.2373
Other Theft,2017,4,24,19,55,3XX E BROADWAY AVE,Mount Pleasant,492936.7648,5456669.2373
Other Theft,2017,5,13,19,49,3XX E BROADWAY AVE,Mount Pleasant,492936.7648,5456669.2373
Other Theft,2017,5,19,13,50,3XX E BROADWAY AVE,Mount Pleasant,492936.7648,5456669.2373
Other Theft,2017,5,23,17,16,3XX E BROADWAY AVE,Mount Pleasant,492936.7648,5456669.2373
Other Theft,2017,6,5,13,16,3XX E BROADWAY AVE,Mount Pleasant,492936.7648,5456669.2373
Other Theft,2017,6,6,14,57,3XX E BROADWAY AVE,Mount Pleasant,492936.7648,5456669.2373
Other Theft,2017,6,7,19,47,3XX E BROADWAY AVE,Mount Pleasant,492936.7648,5456669.2373
Other Theft,2017,6,8,12,18,3XX E BROADWAY AVE,Mount Pleasant,492936.7648,5456669.2373
Other Theft,2017,6,10,15,15,3XX E BROADWAY AVE,Mount Pleasant,492936.7648,5456669.2373
Other Theft,2017,6,10,17,30,3XX E BROADWAY AVE,Mount Pleasant,492936.7648,5456669.2373
Other Theft,2017,6,12,15,13,3XX E BROADWAY AVE,Mount Pleasant,492936.7648,5456669.2373
Other Theft,2017,6,14,16,36,3XX E BROADWAY AVE,Mount Pleasant,492936.7648,5456669.2373
Other Theft,2017,6,19,14,7,3XX E BROADWAY AVE,Mount Pleasant,492936.7648,5456669.2373
Other Theft,2017,7,2,0,0,3XX E BROADWAY AVE,Mount Pleasant,492936.7648,5456669.2373
Other Theft,2017,7,4,10,50,3XX E BROADWAY AVE,Mount Pleasant,492936.7648,5456669.2373
Other Theft,2017,7,8,14,59,3XX E BROADWAY AVE,Mount Pleasant,492936.7648,5456669.2373
Other Theft,2017,7,12,13,30,3XX E BROADWAY AVE,Mount Pleasant,492936.7648,5456669.2373
Other Theft,2017,7,13,15,30,3XX E BROADWAY AVE,Mount Pleasant,492936.7648,5456669.2373
Other Theft,2017,7,14,15,40,3XX E BROADWAY AVE,Mount Pleasant,492936.7648,5456669.2373
Other Theft,2017,7,30,15,53,3XX E BROADWAY AVE,Mount Pleasant,492936.7648,5456669.2373
Other Theft,2017,9,18,17,35,3XX E BROADWAY AVE,Mount Pleasant,492936.7648,5456669.2373
Other Theft,2017,9,18,17,39,3XX E BROADWAY AVE,Mount Pleasant,492936.7648,5456669.2373
Other Theft,2017,9,18,19,0,3XX E BROADWAY AVE,Mount Pleasant,492936.7648,5456669.2373
Other Theft,2017,10,8,17,35,3XX E BROADWAY AVE,Mount Pleasant,492936.7648,5456669.2373
Other Theft,2017,10,16,11,30,3XX E BROADWAY AVE,Mount Pleasant,492936.7648,5456669.2373
Other Theft,2017,10,16,12,6,3XX E BROADWAY AVE,Mount Pleasant,492936.7648,5456669.2373
Other Theft,2017,10,21,12,3,3XX E BROADWAY AVE,Mount Pleasant,492936.7648,5456669.2373
Other Theft,2017,10,21,13,32,3XX E BROADWAY AVE,Mount Pleasant,492936.7648,5456669.2373
Other Theft,2017,11,1,9,22,3XX E BROADWAY AVE,Mount Pleasant,492936.7648,5456669.2373
Other Theft,2017,11,8,18,26,3XX E BROADWAY AVE,Mount Pleasant,492936.7648,5456669.2373
Other Theft,2017,11,15,19,2,3XX E BROADWAY AVE,Mount Pleasant,492936.7648,5456669.2373
Other Theft,2017,11,25,17,0,3XX E BROADWAY AVE,Mount Pleasant,492936.7648,5456669.2373
Other Theft,2017,12,1,14,59,3XX E BROADWAY AVE,Mount Pleasant,492936.7648,5456669.2373
Other Theft,2017,12,29,19,45,3XX E BROADWAY AVE,Mount Pleasant,492936.7648,5456669.2373
Other Theft,2017,8,9,13,30,3XX E BROADWAY AVE,Mount Pleasant,492937.2541,5456678.3682
Other Theft,2017,12,8,12,0,3XX E CORDOVA ST,Strathcona,492910.3902,5458842.0769
Other Theft,2017,4,5,15,0,3XX E CORDOVA ST,Strathcona,493012.5849,5458829.5414
Other Theft,2017,1,22,18,58,3XX E HASTINGS ST,Strathcona,492915.7127,5458728.6332
Other Theft,2017,2,5,17,0,3XX E HASTINGS ST,Strathcona,492915.7127,5458728.6332
Other Theft,2017,9,30,9,54,3XX E HASTINGS ST,Strathcona,492915.7127,5458728.6332
Other Theft,2017,2,4,1,21,3XX E HASTINGS ST,Strathcona,492944.4406,5458727.7819
Other Theft,2017,2,17,16,0,3XX E HASTINGS ST,Strathcona,492944.4406,5458727.7819
Other Theft,2017,3,13,14,32,3XX E HASTINGS ST,Strathcona,492944.4406,5458727.7819
Other Theft,2017,8,15,14,30,3XX E HASTINGS ST,Strathcona,492944.4406,5458727.7819
Other Theft,2017,8,18,16,50,3XX E HASTINGS ST,Strathcona,492944.4406,5458727.7819
Other Theft,2017,9,21,19,17,3XX E HASTINGS ST,Strathcona,492944.4406,5458727.7819
Other Theft,2017,9,29,15,30,3XX E HASTINGS ST,Strathcona,492944.4406,5458727.7819
Other Theft,2017,10,12,17,21,3XX E HASTINGS ST,Strathcona,492944.4406,5458727.7819
Other Theft,2017,11,14,0,0,3XX E HASTINGS ST,Strathcona,492944.4406,5458727.7819
Other Theft,2017,11,22,0,0,3XX E HASTINGS ST,Strathcona,492944.4406,5458727.7819
Other Theft,2017,12,9,3,45,3XX E HASTINGS ST,Strathcona,492944.4406,5458727.7819
Other Theft,2017,8,24,13,19,3XX E HASTINGS ST,Strathcona,492955.9318,5458727.4414
Other Theft,2017,5,19,18,19,3XX E HASTINGS ST,Strathcona,492967.6937,5458736.2409
Other Theft,2017,11,2,6,48,3XX E HASTINGS ST,Strathcona,492976.3121,5458735.9855
Other Theft,2017,1,12,4,52,3XX E HASTINGS ST,Strathcona,492978.914,5458726.7604
Other Theft,2017,5,13,9,50,3XX E HASTINGS ST,Strathcona,492978.914,5458726.7604
Other Theft,2017,10,13,18,43,3XX E HASTINGS ST,Strathcona,492978.914,5458726.7604
Other Theft,2017,10,16,15,30,3XX E HASTINGS ST,Strathcona,492978.914,5458726.7604
Other Theft,2017,11,19,8,30,3XX E HASTINGS ST,Strathcona,492978.914,5458726.7604
Other Theft,2017,1,19,0,40,3XX E HASTINGS ST,Strathcona,492978.9141,5458726.7604
Other Theft,2017,3,21,18,38,3XX E HASTINGS ST,Strathcona,492978.9141,5458726.7604
Other Theft,2017,4,24,13,32,3XX E HASTINGS ST,Strathcona,492978.9141,5458726.7604
Other Theft,2017,5,17,19,17,3XX E HASTINGS ST,Strathcona,492978.9141,5458726.7604
Other Theft,2017,5,19,9,32,3XX E HASTINGS ST,Strathcona,492978.9141,5458726.7604
Other Theft,2017,6,1,0,0,3XX E HASTINGS ST,Strathcona,492978.9141,5458726.7604
Other Theft,2017,2,5,15,8,3XX E HASTINGS ST,Strathcona,492987.8032,5458735.645
Other Theft,2017,9,19,10,7,3XX E HASTINGS ST,Strathcona,492996.1508,5458726.2497
Other Theft,2017,9,24,7,3,3XX E HASTINGS ST,Strathcona,492996.1508,5458726.2497
Other Theft,2017,10,8,2,30,3XX E HASTINGS ST,Strathcona,492996.1508,5458726.2497
Other Theft,2017,11,10,20,49,3XX E HASTINGS ST,Strathcona,492996.1508,5458726.2497
Other Theft,2017,12,6,5,0,3XX E HASTINGS ST,Strathcona,492996.1508,5458726.2497
Other Theft,2017,4,5,13,30,3XX E HASTINGS ST,Strathcona,493016.5311,5458734.7938
Other Theft,2017,2,14,22,46,3XX E HASTINGS ST,Strathcona,493030.6242,5458725.2282
Other Theft,2017,12,25,12,0,3XX E HASTINGS ST,Strathcona,493030.6242,5458725.2282
Other Theft,2017,10,26,23,30,3XX E PENDER ST,Strathcona,492973.9355,5458627.6374
Other Theft,2017,5,29,9,19,3XX E WATERFRONT RD,Strathcona,492933.2268,5459168.9328
Other Theft,2017,2,2,10,25,3XX GORE AVE,Strathcona,492906.9601,5458836.6757
Other Theft,2017,6,9,11,44,3XX HEATLEY AVE,Strathcona,493494.908,5458788.3198
Other Theft,2017,8,24,15,0,3XX HELMCKEN ST,Central Business District,491199.5013,5458124.8058
Other Theft,2017,1,27,18,1,3XX HELMCKEN ST,Central Business District,491199.5013,5458124.8058
Other Theft,2017,6,9,6,0,3XX HELMCKEN ST,Central Business District,491199.5013,5458124.8058
Other Theft,2017,7,10,21,11,3XX HELMCKEN ST,Central Business District,491199.5013,5458124.8058
Other Theft,2017,11,1,13,27,3XX HELMCKEN ST,Central Business District,491207.479,5458129.7786
Other Theft,2017,6,17,13,8,3XX HOMER ST,Central Business District,491993.4244,5459023.7909
Other Theft,2017,7,25,10,30,3XX HOMER ST,Central Business District,491993.4244,5459023.7909
Other Theft,2017,8,19,4,55,3XX HOMER ST,Central Business District,491993.4244,5459023.7909
Other Theft,2017,11,10,11,43,3XX HOWE ST,Central Business District,491676.3278,5459287.895
Other Theft,2017,3,21,14,36,3XX JACKSON AVE,Strathcona,493210.5691,5458754.6439
Other Theft,2017,6,25,18,10,3XX JACKSON AVE,Strathcona,493210.5691,5458754.6439
Other Theft,2017,9,15,22,22,3XX JACKSON AVE,Strathcona,493210.5691,5458754.6439
Other Theft,2017,5,9,10,46,3XX JACKSON AVE,Strathcona,493210.8814,5458764.8008
Other Theft,2017,8,24,16,4,3XX KEEFER ST,Strathcona,492997.5533,5458518.0425
Other Theft,2017,3,25,14,10,3XX KEEFER ST,Strathcona,492997.5533,5458518.0425
Other Theft,2017,2,17,22,27,3XX KINGSWAY AVE,Mount Pleasant,492943.7037,5456387.61
Other Theft,2017,2,11,12,33,3XX KINGSWAY AVE,Mount Pleasant,492963.3812,5456374.2077
Other Theft,2017,3,3,23,0,3XX KINGSWAY AVE,Mount Pleasant,492963.3812,5456374.2077
Other Theft,2017,3,18,1,45,3XX KINGSWAY AVE,Mount Pleasant,492963.3812,5456374.2077
Other Theft,2017,7,15,22,0,3XX KINGSWAY AVE,Mount Pleasant,492963.3812,5456374.2077
Other Theft,2017,8,10,21,27,3XX KINGSWAY AVE,Mount Pleasant,492963.3812,5456374.2077
Other Theft,2017,10,5,21,42,3XX KINGSWAY AVE,Mount Pleasant,492963.3812,5456374.2077
Other Theft,2017,10,8,0,0,3XX KINGSWAY AVE,Mount Pleasant,492963.3812,5456374.2077
Other Theft,2017,3,17,19,0,3XX MAIN ST,Central Business District,492748.5921,5458821.028
Other Theft,2017,2,8,17,46,3XX MAIN ST,Central Business District,492749.1595,5458835.0841
Other Theft,2017,4,2,10,31,3XX MAIN ST,Central Business District,492749.1595,5458835.0841
Other Theft,2017,5,29,16,15,3XX MAIN ST,Central Business District,492749.1595,5458835.0841
Other Theft,2017,10,19,10,20,3XX MAIN ST,Strathcona,492755.0537,5458754.3947
Other Theft,2017,3,3,14,0,3XX MAIN ST,Strathcona,492755.1347,5458756.4027
Other Theft,2017,6,19,15,0,3XX MAIN ST,Strathcona,492755.2158,5458758.4108
Other Theft,2017,11,16,22,35,3XX MAIN ST,Strathcona,492755.2158,5458758.4108
Other Theft,2017,1,31,11,45,3XX MAIN ST,Strathcona,492758.4582,5458838.7313
Other Theft,2017,4,4,15,36,3XX MAIN ST,Strathcona,492758.4582,5458838.7313
Other Theft,2017,9,6,14,33,3XX MAIN ST,Strathcona,492758.4582,5458838.7313
Other Theft,2017,6,15,17,0,3XX N KOOTENAY ST,Hastings-Sunrise,498126.6486,5459484.0551
Other Theft,2017,3,17,12,35,3XX POWELL ST,Strathcona,492898.594,5458933.6513
Other Theft,2017,4,30,10,40,3XX POWELL ST,Strathcona,492898.594,5458933.6513
Other Theft,2017,5,4,15,0,3XX POWELL ST,Strathcona,492898.594,5458933.6513
Other Theft,2017,7,7,10,45,3XX POWELL ST,Strathcona,492898.594,5458933.6513
Other Theft,2017,8,10,10,40,3XX POWELL ST,Strathcona,492898.594,5458933.6513
Other Theft,2017,8,11,12,8,3XX POWELL ST,Strathcona,492898.594,5458933.6513
Other Theft,2017,9,3,7,55,3XX POWELL ST,Strathcona,492898.594,5458933.6513
Other Theft,2017,10,29,16,40,3XX POWELL ST,Strathcona,492898.594,5458933.6513
Other Theft,2017,11,3,9,54,3XX POWELL ST,Strathcona,492898.594,5458933.6513
Other Theft,2017,12,21,16,48,3XX POWELL ST,Strathcona,492898.594,5458933.6513
Other Theft,2017,8,26,11,33,3XX POWELL ST,Strathcona,492902.0617,5458933.5439
Other Theft,2017,11,19,2,0,3XX POWELL ST,Strathcona,492925.206,5458932.8307
Other Theft,2017,10,25,13,0,3XX POWELL ST,Strathcona,492938.512,5458932.4204
Other Theft,2017,10,3,12,25,3XX POWELL ST,Strathcona,492941.8386,5458932.3179
Other Theft,2017,5,17,2,0,3XX POWELL ST,Strathcona,492945.4469,5458941.355
Other Theft,2017,5,26,6,0,3XX POWELL ST,Strathcona,492945.4469,5458941.355
Other Theft,2017,6,3,23,30,3XX POWELL ST,Strathcona,492945.4469,5458941.355
Other Theft,2017,10,1,5,30,3XX POWELL ST,Strathcona,492945.4469,5458941.355
Other Theft,2017,12,13,22,21,3XX POWELL ST,Strathcona,492945.4469,5458941.355
Other Theft,2017,3,3,0,0,3XX POWELL ST,Strathcona,492952.0999,5458941.1498
Other Theft,2017,8,9,12,0,3XX POWELL ST,Strathcona,492952.0999,5458941.1498
Other Theft,2017,1,13,23,30,3XX POWELL ST,Strathcona,493001.7157,5458930.4716
Other Theft,2017,1,10,18,55,3XX POWELL ST,Strathcona,493023.0904,5458929.8124
Other Theft,2017,3,7,18,0,3XX POWELL ST,Strathcona,493025.0012,5458929.7536
Other Theft,2017,6,7,3,0,3XX POWELL ST,Strathcona,493025.0012,5458929.7536
Other Theft,2017,7,4,11,50,3XX POWELL ST,Strathcona,493025.0012,5458929.7536
Other Theft,2017,10,22,15,17,3XX POWELL ST,Strathcona,493025.0012,5458929.7536
Other Theft,2017,11,13,14,40,3XX POWELL ST,Strathcona,493025.0012,5458929.7536
Other Theft,2017,12,27,12,0,3XX POWELL ST,Strathcona,493025.0012,5458929.7536
Other Theft,2017,1,17,19,0,3XX PRINCESS AVE,Strathcona,493343.9569,5458746.5219
Other Theft,2017,2,12,3,0,3XX PRINCESS AVE,Strathcona,493343.9569,5458746.5219
Other Theft,2017,11,4,3,42,3XX PRINCESS AVE,Strathcona,493343.9569,5458746.5219
Other Theft,2017,7,7,10,16,3XX PRINCESS AVE,Strathcona,493345.9024,5458802.7218
Other Theft,2017,11,12,16,0,3XX PRIOR ST,Strathcona,492986.8037,5458230.3189
Other Theft,2017,5,14,0,15,3XX PRIOR ST,Strathcona,493002.3704,5458226.8607
Other Theft,2017,5,20,0,0,3XX RAILWAY ST,Strathcona,492963.0051,5459098.3008
Other Theft,2017,2,11,0,5,3XX RICHARDS ST,Central Business District,491865.6863,5459036.5544
Other Theft,2017,2,11,3,0,3XX RICHARDS ST,Central Business District,491865.6863,5459036.5544
Other Theft,2017,2,25,23,0,3XX RICHARDS ST,Central Business District,491865.6863,5459036.5544
Other Theft,2017,5,6,2,0,3XX RICHARDS ST,Central Business District,491865.6863,5459036.5544
Other Theft,2017,10,14,1,0,3XX RICHARDS ST,Central Business District,491865.6863,5459036.5544
Other Theft,2017,12,16,1,30,3XX RICHARDS ST,Central Business District,491865.6863,5459036.5544
Other Theft,2017,1,9,7,14,3XX ROBSON ST,Central Business District,491496.5631,5458526.6343
Other Theft,2017,1,9,20,46,3XX ROBSON ST,Central Business District,491496.5631,5458526.6343
Other Theft,2017,4,4,9,5,3XX ROBSON ST,Central Business District,491496.5631,5458526.6343
Other Theft,2017,4,13,10,45,3XX ROBSON ST,Central Business District,491496.5631,5458526.6343
Other Theft,2017,4,14,11,0,3XX ROBSON ST,Central Business District,491496.5631,5458526.6343
Other Theft,2017,5,22,17,3,3XX ROBSON ST,Central Business District,491496.5631,5458526.6343
Other Theft,2017,7,21,11,0,3XX ROBSON ST,Central Business District,491496.5631,5458526.6343
Other Theft,2017,8,9,21,14,3XX ROBSON ST,Central Business District,491496.5631,5458526.6343
Other Theft,2017,8,2,17,0,3XX ROBSON ST,Central Business District,491504.6491,5458518.1943
Other Theft,2017,5,20,17,15,3XX ROBSON ST,Central Business District,491540.0812,5458494.4285
Other Theft,2017,7,18,14,20,3XX ROBSON ST,Central Business District,491540.0812,5458494.4285
Other Theft,2017,8,9,13,35,3XX ROBSON ST,Central Business District,491540.0812,5458494.4285
Other Theft,2017,10,7,14,10,3XX ROBSON ST,Central Business District,491540.0812,5458494.4285
Other Theft,2017,2,17,3,16,3XX ROBSON ST,Central Business District,491555.5452,5458465.0691
Other Theft,2017,2,25,15,3,3XX ROBSON ST,Central Business District,491555.5452,5458465.0691
Other Theft,2017,3,28,10,10,3XX ROBSON ST,Central Business District,491555.5452,5458465.0691
Other Theft,2017,4,3,3,49,3XX ROBSON ST,Central Business District,491555.5452,5458465.0691
Other Theft,2017,4,7,7,50,3XX ROBSON ST,Central Business District,491555.5452,5458465.0691
Other Theft,2017,4,24,2,40,3XX ROBSON ST,Central Business District,491555.5452,5458465.0691
Other Theft,2017,5,22,23,0,3XX ROBSON ST,Central Business District,491555.5452,5458465.0691
Other Theft,2017,7,5,21,28,3XX ROBSON ST,Central Business District,491555.5452,5458465.0691
Other Theft,2017,8,1,18,25,3XX ROBSON ST,Central Business District,491555.5452,5458465.0691
Other Theft,2017,9,22,9,0,3XX ROBSON ST,Central Business District,491555.5452,5458465.0691
Other Theft,2017,10,9,6,40,3XX ROBSON ST,Central Business District,491555.5452,5458465.0691
Other Theft,2017,10,18,5,15,3XX ROBSON ST,Central Business District,491555.5452,5458465.0691
Other Theft,2017,10,25,1,5,3XX ROBSON ST,Central Business District,491555.5452,5458465.0691
Other Theft,2017,11,29,17,20,3XX ROBSON ST,Central Business District,491555.5452,5458465.0691
Other Theft,2017,12,2,8,31,3XX ROBSON ST,Central Business District,491555.5452,5458465.0691
Other Theft,2017,12,3,4,14,3XX ROBSON ST,Central Business District,491555.5452,5458465.0691
Other Theft,2017,3,12,19,59,3XX ROBSON ST,Central Business District,491562.0354,5458458.2945
Other Theft,2017,5,10,11,57,3XX ROBSON ST,Central Business District,491562.0354,5458458.2945
Other Theft,2017,1,2,17,3,3XX SE MARINE DR,Sunset,492774.2685,5450882.5763
Other Theft,2017,1,6,16,29,3XX SE MARINE DR,Sunset,492774.2685,5450882.5763
Other Theft,2017,1,11,14,30,3XX SE MARINE DR,Sunset,492774.2685,5450882.5763
Other Theft,2017,1,18,21,30,3XX SE MARINE DR,Sunset,492774.6613,5450882.6093
Other Theft,2017,1,26,18,59,3XX SE MARINE DR,Sunset,492774.6613,5450882.6093
Other Theft,2017,1,29,7,5,3XX SE MARINE DR,Sunset,492774.6613,5450882.6093
Other Theft,2017,2,1,8,54,3XX SE MARINE DR,Sunset,492774.6613,5450882.6093
Other Theft,2017,2,6,15,57,3XX SE MARINE DR,Sunset,492774.6613,5450882.6093
Other Theft,2017,2,8,18,27,3XX SE MARINE DR,Sunset,492774.6613,5450882.6093
Other Theft,2017,2,20,20,16,3XX SE MARINE DR,Sunset,492774.6613,5450882.6093
Other Theft,2017,2,24,11,47,3XX SE MARINE DR,Sunset,492774.6613,5450882.6093
Other Theft,2017,2,25,20,15,3XX SE MARINE DR,Sunset,492774.6613,5450882.6093
Other Theft,2017,2,27,22,53,3XX SE MARINE DR,Sunset,492774.6613,5450882.6093
Other Theft,2017,3,2,18,41,3XX SE MARINE DR,Sunset,492774.6613,5450882.6093
Other Theft,2017,3,6,19,50,3XX SE MARINE DR,Sunset,492774.6613,5450882.6093
Other Theft,2017,3,10,21,0,3XX SE MARINE DR,Sunset,492774.6613,5450882.6093
Other Theft,2017,3,11,14,55,3XX SE MARINE DR,Sunset,492774.6613,5450882.6093
Other Theft,2017,3,13,11,0,3XX SE MARINE DR,Sunset,492774.6613,5450882.6093
Other Theft,2017,4,2,9,15,3XX SE MARINE DR,Sunset,492774.6613,5450882.6093
Other Theft,2017,4,8,16,33,3XX SE MARINE DR,Sunset,492774.6613,5450882.6093
Other Theft,2017,4,9,7,58,3XX SE MARINE DR,Sunset,492774.6613,5450882.6093
Other Theft,2017,4,12,22,45,3XX SE MARINE DR,Sunset,492774.6613,5450882.6093
Other Theft,2017,4,16,12,42,3XX SE MARINE DR,Sunset,492774.6613,5450882.6093
Other Theft,2017,4,19,14,18,3XX SE MARINE DR,Sunset,492774.6613,5450882.6093
Other Theft,2017,4,21,12,9,3XX SE MARINE DR,Sunset,492774.6613,5450882.6093
Other Theft,2017,5,7,18,7,3XX SE MARINE DR,Sunset,492774.6613,5450882.6093
Other Theft,2017,5,10,18,34,3XX SE MARINE DR,Sunset,492774.6613,5450882.6093
Other Theft,2017,5,12,9,40,3XX SE MARINE DR,Sunset,492774.6613,5450882.6093
Other Theft,2017,5,18,14,50,3XX SE MARINE DR,Sunset,492774.6613,5450882.6093
Other Theft,2017,5,23,7,54,3XX SE MARINE DR,Sunset,492774.6613,5450882.6093
Other Theft,2017,5,26,16,51,3XX SE MARINE DR,Sunset,492774.6613,5450882.6093
Other Theft,2017,5,27,19,20,3XX SE MARINE DR,Sunset,492774.6613,5450882.6093
Other Theft,2017,6,3,16,23,3XX SE MARINE DR,Sunset,492774.6613,5450882.6093
Other Theft,2017,6,4,9,39,3XX SE MARINE DR,Sunset,492774.6613,5450882.6093
Other Theft,2017,6,7,15,12,3XX SE MARINE DR,Sunset,492774.6613,5450882.6093
Other Theft,2017,6,10,14,37,3XX SE MARINE DR,Sunset,492774.6613,5450882.6093
Other Theft,2017,6,12,7,30,3XX SE MARINE DR,Sunset,492774.6613,5450882.6093
Other Theft,2017,6,14,8,42,3XX SE MARINE DR,Sunset,492774.6613,5450882.6093
Other Theft,2017,6,29,21,26,3XX SE MARINE DR,Sunset,492774.6613,5450882.6093
Other Theft,2017,7,2,22,8,3XX SE MARINE DR,Sunset,492774.6613,5450882.6093
Other Theft,2017,7,13,17,11,3XX SE MARINE DR,Sunset,492774.6613,5450882.6093
Other Theft,2017,7,20,20,45,3XX SE MARINE DR,Sunset,492774.6613,5450882.6093
Other Theft,2017,7,22,10,19,3XX SE MARINE DR,Sunset,492774.6613,5450882.6093
Other Theft,2017,7,22,15,57,3XX SE MARINE DR,Sunset,492774.6613,5450882.6093
Other Theft,2017,7,29,17,8,3XX SE MARINE DR,Sunset,492774.6613,5450882.6093
Other Theft,2017,8,9,14,31,3XX SE MARINE DR,Sunset,492774.6613,5450882.6093
Other Theft,2017,8,18,18,50,3XX SE MARINE DR,Sunset,492774.6613,5450882.6093
Other Theft,2017,8,29,17,7,3XX SE MARINE DR,Sunset,492774.6613,5450882.6093
Other Theft,2017,9,8,14,30,3XX SE MARINE DR,Sunset,492774.6613,5450882.6093
Other Theft,2017,9,20,11,30,3XX SE MARINE DR,Sunset,492774.6613,5450882.6093
Other Theft,2017,10,8,13,3,3XX SE MARINE DR,Sunset,492774.6613,5450882.6093
Other Theft,2017,10,12,15,0,3XX SE MARINE DR,Sunset,492774.6613,5450882.6093
Other Theft,2017,10,19,16,33,3XX SE MARINE DR,Sunset,492774.6613,5450882.6093
Other Theft,2017,11,20,17,56,3XX SE MARINE DR,Sunset,492774.6613,5450882.6093
Other Theft,2017,11,30,19,3,3XX SE MARINE DR,Sunset,492774.6613,5450882.6093
Other Theft,2017,12,1,14,30,3XX SE MARINE DR,Sunset,492774.6613,5450882.6093
Other Theft,2017,12,2,15,47,3XX SE MARINE DR,Sunset,492774.6613,5450882.6093
Other Theft,2017,12,9,11,3,3XX SE MARINE DR,Sunset,492774.6613,5450882.6093
Other Theft,2017,12,15,13,33,3XX SE MARINE DR,Sunset,492774.6613,5450882.6093
Other Theft,2017,12,17,17,50,3XX SE MARINE DR,Sunset,492774.6613,5450882.6093
Other Theft,2017,12,30,20,9,3XX SE MARINE DR,Sunset,492774.6613,5450882.6093
Other Theft,2017,6,3,17,0,3XX SEYMOUR ST,Central Business District,491838.287,5459159.9585
Other Theft,2017,10,5,0,20,3XX SEYMOUR ST,Central Business District,491867.7894,5459176.6349
Other Theft,2017,5,8,7,30,3XX SMITHE ST,Central Business District,491418.6703,5458386.5272
Other Theft,2017,3,30,21,30,3XX SW MARINE DR,Marpole,491655.1559,5450916.4155
Other Theft,2017,11,20,8,51,3XX SW MARINE DR,Marpole,491724.0993,5450937.476
Other Theft,2017,12,5,22,0,3XX SW MARINE DR,Marpole,491764.71,5450970.8024
Other Theft,2017,3,26,6,20,3XX TERMINAL AVE,Strathcona,492883.0932,5457735.4695
Other Theft,2017,4,15,2,45,3XX TERMINAL AVE,Strathcona,492883.0932,5457735.4695
Other Theft,2017,6,26,7,22,3XX TERMINAL AVE,Strathcona,492883.0932,5457735.4695
Other Theft,2017,7,4,2,30,3XX TERMINAL AVE,Strathcona,492883.0932,5457735.4695
Other Theft,2017,7,17,18,10,3XX TERMINAL AVE,Strathcona,492883.0932,5457735.4695
Other Theft,2017,8,17,13,59,3XX TERMINAL AVE,Strathcona,492883.0932,5457735.4695
Other Theft,2017,3,6,4,50,3XX TERMINAL AVE,Strathcona,492886.3906,5457734.6287
Other Theft,2017,1,1,1,0,3XX TERMINAL AVE,Strathcona,492994.8317,5457706.9711
Other Theft,2017,4,25,16,30,3XX TERMINAL AVE,Strathcona,492994.8317,5457706.9711
Other Theft,2017,6,3,17,15,3XX TERMINAL AVE,Strathcona,492994.8317,5457706.9711
Other Theft,2017,6,23,13,20,3XX TERMINAL AVE,Strathcona,492994.8317,5457706.9711
Other Theft,2017,11,23,15,25,3XX TERMINAL AVE,Strathcona,492994.8317,5457706.9711
Other Theft,2017,12,1,16,14,3XX TERMINAL AVE,Strathcona,492994.8317,5457706.9711
Other Theft,2017,12,2,16,36,3XX TERMINAL AVE,Strathcona,492994.8317,5457706.9711
Other Theft,2017,5,2,15,30,3XX TERMINAL AVE,Strathcona,492999.2875,5457727.81
Other Theft,2017,6,9,19,0,3XX TERMINAL AVE,Strathcona,492999.2875,5457727.81
Other Theft,2017,7,18,9,0,3XX TERMINAL AVE,Strathcona,492999.2875,5457727.81
Other Theft,2017,9,2,0,0,3XX TERMINAL AVE,Strathcona,493055.1125,5457712.7951
Other Theft,2017,3,9,0,1,3XX UNION ST,Strathcona,492958.3442,5458317.5599
Other Theft,2017,10,22,23,0,3XX W 18TH AVE,Riley Park,491850.4515,5455792.3176
Other Theft,2017,8,28,0,14,3XX W 19TH AVE,Riley Park,491847.2087,5455691.3108
Other Theft,2017,8,24,0,0,3XX W 1ST AVE,Mount Pleasant,491735.3322,5457291.7416
Other Theft,2017,10,10,13,20,3XX W 2ND AVE,Mount Pleasant,491876.1077,5457280.0989
Other Theft,2017,8,10,15,16,3XX W 2ND AVE,Mount Pleasant,491876.5089,5457268.9829
Other Theft,2017,5,16,11,5,3XX W 2ND AVE,Mount Pleasant,491876.5089,5457268.9829
Other Theft,2017,12,18,9,38,3XX W 43RD AVE,Oakridge,491752.1375,5453197.2363
Other Theft,2017,3,19,19,23,3XX W 4TH AVE,Mount Pleasant,491924.4952,5457191.8066
Other Theft,2017,9,6,15,30,3XX W 4TH AVE,Mount Pleasant,491924.4952,5457191.8066
Other Theft,2017,8,9,16,13,3XX W 5TH AVE,Mount Pleasant,491826.0398,5457097.7138
Other Theft,2017,5,29,14,30,3XX W BROADWAY AVE,Mount Pleasant,491828.4091,5456713.2631
Other Theft,2017,2,28,9,8,3XX W BROADWAY AVE,Mount Pleasant,491909.5999,5456710.9745
Other Theft,2017,2,28,10,16,3XX W BROADWAY AVE,Mount Pleasant,491909.5999,5456710.9745
Other Theft,2017,6,21,12,5,3XX W BROADWAY AVE,Mount Pleasant,491909.5999,5456710.9745
Other Theft,2017,10,4,22,21,3XX W BROADWAY AVE,Mount Pleasant,491909.5999,5456710.9745
Other Theft,2017,7,9,16,16,3XX W BROADWAY AVE,Mount Pleasant,491923.1317,5456710.5931
Other Theft,2017,12,5,17,23,3XX W BROADWAY AVE,Mount Pleasant,491923.3894,5456719.7335
Other Theft,2017,12,11,10,37,3XX W CORDOVA ST,Central Business District,492037.792,5458999.5864
Other Theft,2017,12,14,16,15,3XX W CORDOVA ST,Central Business District,492040.0168,5458997.329
Other Theft,2017,12,7,13,9,3XX W CORDOVA ST,Central Business District,492051.1408,5458986.0417
Other Theft,2017,12,14,13,22,3XX W CORDOVA ST,Central Business District,492051.1408,5458986.0417
Other Theft,2017,1,2,11,0,3XX W GEORGIA ST,Central Business District,491651.5374,5458615.1804
Other Theft,2017,1,14,15,0,3XX W GEORGIA ST,Central Business District,491651.5374,5458615.1804
Other Theft,2017,2,15,20,0,3XX W GEORGIA ST,Central Business District,491651.5374,5458615.1804
Other Theft,2017,3,8,14,0,3XX W GEORGIA ST,Central Business District,491651.5374,5458615.1804
Other Theft,2017,3,16,14,0,3XX W GEORGIA ST,Central Business District,491651.5374,5458615.1804
Other Theft,2017,3,20,18,0,3XX W GEORGIA ST,Central Business District,491651.5374,5458615.1804
Other Theft,2017,3,22,12,30,3XX W GEORGIA ST,Central Business District,491651.5374,5458615.1804
Other Theft,2017,3,27,21,49,3XX W GEORGIA ST,Central Business District,491651.5374,5458615.1804
Other Theft,2017,3,28,12,15,3XX W GEORGIA ST,Central Business District,491651.5374,5458615.1804
Other Theft,2017,4,5,19,12,3XX W GEORGIA ST,Central Business District,491651.5374,5458615.1804
Other Theft,2017,4,9,20,30,3XX W GEORGIA ST,Central Business District,491651.5374,5458615.1804
Other Theft,2017,4,10,19,0,3XX W GEORGIA ST,Central Business District,491651.5374,5458615.1804
Other Theft,2017,4,13,12,0,3XX W GEORGIA ST,Central Business District,491651.5374,5458615.1804
Other Theft,2017,4,19,16,12,3XX W GEORGIA ST,Central Business District,491651.5374,5458615.1804
Other Theft,2017,4,23,11,0,3XX W GEORGIA ST,Central Business District,491651.5374,5458615.1804
Other Theft,2017,4,28,14,0,3XX W GEORGIA ST,Central Business District,491651.5374,5458615.1804
Other Theft,2017,4,29,13,45,3XX W GEORGIA ST,Central Business District,491651.5374,5458615.1804
Other Theft,2017,5,3,15,15,3XX W GEORGIA ST,Central Business District,491651.5374,5458615.1804
Other Theft,2017,5,7,16,0,3XX W GEORGIA ST,Central Business District,491651.5374,5458615.1804
Other Theft,2017,5,11,16,30,3XX W GEORGIA ST,Central Business District,491651.5374,5458615.1804
Other Theft,2017,5,12,13,0,3XX W GEORGIA ST,Central Business District,491651.5374,5458615.1804
Other Theft,2017,5,25,16,0,3XX W GEORGIA ST,Central Business District,491651.5374,5458615.1804
Other Theft,2017,5,29,17,37,3XX W GEORGIA ST,Central Business District,491651.5374,5458615.1804
Other Theft,2017,6,10,16,45,3XX W GEORGIA ST,Central Business District,491651.5374,5458615.1804
Other Theft,2017,6,15,18,30,3XX W GEORGIA ST,Central Business District,491651.5374,5458615.1804
Other Theft,2017,7,4,14,0,3XX W GEORGIA ST,Central Business District,491651.5374,5458615.1804
Other Theft,2017,7,11,20,45,3XX W GEORGIA ST,Central Business District,491651.5374,5458615.1804
Other Theft,2017,7,16,15,0,3XX W GEORGIA ST,Central Business District,491651.5374,5458615.1804
Other Theft,2017,7,18,19,0,3XX W GEORGIA ST,Central Business District,491651.5374,5458615.1804
Other Theft,2017,7,18,23,37,3XX W GEORGIA ST,Central Business District,491651.5374,5458615.1804
Other Theft,2017,8,2,18,15,3XX W GEORGIA ST,Central Business District,491651.5374,5458615.1804
Other Theft,2017,8,22,18,15,3XX W GEORGIA ST,Central Business District,491651.5374,5458615.1804
Other Theft,2017,9,15,1,40,3XX W GEORGIA ST,Central Business District,491651.5374,5458615.1804
Other Theft,2017,9,16,12,0,3XX W GEORGIA ST,Central Business District,491651.5374,5458615.1804
Other Theft,2017,10,12,16,0,3XX W GEORGIA ST,Central Business District,491651.5374,5458615.1804
Other Theft,2017,10,13,13,49,3XX W GEORGIA ST,Central Business District,491651.5374,5458615.1804
Other Theft,2017,11,4,11,0,3XX W GEORGIA ST,Central Business District,491651.5374,5458615.1804
Other Theft,2017,11,8,16,45,3XX W GEORGIA ST,Central Business District,491651.5374,5458615.1804
Other Theft,2017,12,1,15,30,3XX W GEORGIA ST,Central Business District,491651.5374,5458615.1804
Other Theft,2017,12,13,0,0,3XX W GEORGIA ST,Central Business District,491651.5374,5458615.1804
Other Theft,2017,12,27,14,30,3XX W GEORGIA ST,Central Business District,491651.5374,5458615.1804
Other Theft,2017,3,2,14,0,3XX W GEORGIA ST,Central Business District,491684.6126,5458581.0716
Other Theft,2017,7,28,2,8,3XX W GEORGIA ST,Central Business District,491684.6126,5458581.0716
Other Theft,2017,10,20,16,0,3XX W GEORGIA ST,Central Business District,491684.6126,5458581.0716
Other Theft,2017,12,1,0,0,3XX W GEORGIA ST,Central Business District,491684.6126,5458581.0716
Other Theft,2017,12,13,13,0,3XX W GEORGIA ST,Central Business District,491684.6126,5458581.0716
Other Theft,2017,5,2,15,15,3XX W HASTINGS ST,Central Business District,491977.0456,5458916.2486
Other Theft,2017,2,5,15,15,3XX W HASTINGS ST,Central Business District,491981.1292,5458912.1447
Other Theft,2017,5,6,18,0,3XX W HASTINGS ST,Central Business District,491981.1292,5458912.1447
Other Theft,2017,10,28,19,0,3XX W HASTINGS ST,Central Business District,491997.4637,5458895.7293
Other Theft,2017,3,3,13,12,3XX W HASTINGS ST,Central Business District,491979.4437,5458926.8023
Other Theft,2017,7,8,9,9,3XX W HASTINGS ST,Central Business District,492003.9455,5458902.1791
Other Theft,2017,5,30,17,0,3XX W PENDER ST,Central Business District,491891.2899,5458857.7142
Other Theft,2017,7,7,14,45,3XX W PENDER ST,Central Business District,491896.4786,5458865.4854
Other Theft,2017,12,27,11,36,3XX W PENDER ST,Central Business District,491896.4786,5458865.4854
Other Theft,2017,7,28,6,0,3XX W PENDER ST,Central Business District,491900.5158,5458861.3611
Other Theft,2017,6,8,14,28,3XX W PENDER ST,Central Business District,491902.0558,5458846.7161
Other Theft,2017,2,8,1,30,3XX W PENDER ST,Central Business District,491907.2445,5458854.4873
Other Theft,2017,3,2,8,51,3XX W PENDER ST,Central Business District,491907.2445,5458854.4873
Other Theft,2017,5,22,0,0,3XX W PENDER ST,Central Business District,491907.2445,5458854.4873
Other Theft,2017,10,6,13,0,3XX W PENDER ST,Central Business District,491907.4387,5458841.217
Other Theft,2017,11,8,9,40,3XX W PENDER ST,Central Business District,491907.4387,5458841.217
Other Theft,2017,11,22,12,0,3XX W PENDER ST,Central Business District,491907.4387,5458841.217
Other Theft,2017,11,30,5,0,3XX W PENDER ST,Central Business District,491907.4387,5458841.217
Other Theft,2017,9,30,13,15,3XX W PENDER ST,Central Business District,491920.7019,5458840.7396
Other Theft,2017,4,13,16,6,3XX WATER ST,Central Business District,491959.772,5459109.2477
Other Theft,2017,2,16,17,19,3XX WATER ST,Central Business District,491974.3862,5459104.9878
Other Theft,2017,4,11,11,28,3XX WATER ST,Central Business District,491974.3862,5459104.9878
Other Theft,2017,4,17,9,18,3XX WATER ST,Central Business District,491974.3862,5459104.9878
Other Theft,2017,4,22,0,30,3XX WATER ST,Central Business District,491974.3862,5459104.9878
Other Theft,2017,4,22,16,30,3XX WATER ST,Central Business District,491974.3862,5459104.9878
Other Theft,2017,4,29,17,53,3XX WATER ST,Central Business District,491974.3862,5459104.9878
Other Theft,2017,5,29,8,15,3XX WATER ST,Central Business District,491974.3862,5459104.9878
Other Theft,2017,8,2,0,0,3XX WATER ST,Central Business District,491974.3862,5459104.9878
Other Theft,2017,8,20,12,31,3XX WATER ST,Central Business District,491974.3862,5459104.9878
Other Theft,2017,8,31,22,24,3XX WATER ST,Central Business District,491974.3862,5459104.9878
Other Theft,2017,10,3,12,37,3XX WATER ST,Central Business District,491974.3862,5459104.9878
Other Theft,2017,11,9,15,53,3XX WATER ST,Central Business District,491974.3862,5459104.9878
Other Theft,2017,11,16,16,50,3XX WATER ST,Central Business District,491974.3862,5459104.9878
Other Theft,2017,11,25,19,2,3XX WATER ST,Central Business District,491974.3862,5459104.9878
Other Theft,2017,4,26,14,30,3XX WATER ST,Central Business District,491998.1327,5459088.5413
Other Theft,2017,5,21,14,30,3XX WATER ST,Central Business District,491998.1327,5459088.5413
Other Theft,2017,6,29,13,0,3XX WATER ST,Central Business District,491998.1327,5459088.5413
Other Theft,2017,8,2,15,9,3XX WATER ST,Central Business District,492001.0556,5459087.6893
Other Theft,2017,1,21,23,0,3XX WATER ST,Central Business District,492006.9012,5459085.9853
Other Theft,2017,7,31,2,0,3XX WATER ST,Central Business District,492006.9012,5459085.9853
Other Theft,2017,8,12,0,0,3XX WATER ST,Central Business District,492006.9012,5459085.9853
Other Theft,2017,12,14,23,45,3XX WATER ST,Central Business District,492006.9012,5459085.9853
Other Theft,2017,4,30,13,15,3XX WATER ST,Central Business District,492039.0524,5459076.6136
Other Theft,2017,5,4,11,45,3XX WATER ST,Central Business District,492039.0524,5459076.6136
Other Theft,2017,7,6,17,30,3XX WATER ST,Central Business District,492053.3026,5459081.9843
Other Theft,2017,7,15,21,30,3XX WATER ST,Central Business District,492053.3026,5459081.9843
Other Theft,2017,11,9,17,20,3XX WATER ST,Central Business District,492059.5122,5459070.6497
Other Theft,2017,10,21,17,0,3XX WATER ST,Central Business District,492064.9939,5459078.5764
Other Theft,2017,5,16,10,0,3XX WATER ST,Central Business District,492076.6853,5459075.1685
Other Theft,2017,8,29,23,15,3XX WATER ST,Central Business District,492076.6853,5459075.1685
Other Theft,2017,3,9,18,0,3XX WATER ST,Central Business District,492079.972,5459064.6859
Other Theft,2017,4,11,9,0,3XX WATER ST,Central Business District,492079.972,5459064.6859
Other Theft,2017,4,15,14,0,3XX WATER ST,Central Business District,492079.972,5459064.6859
Other Theft,2017,6,8,19,0,3XX WATER ST,Central Business District,492082.5309,5459073.4645
Other Theft,2017,8,24,20,30,3XX WATER ST,Central Business District,492082.5309,5459073.4645
Other Theft,2017,9,25,10,0,3XX WATER ST,Central Business District,492082.5309,5459073.4645
Other Theft,2017,6,28,9,49,40XX BLENHEIM ST,Dunbar-Southlands,486996.8556,5455322.7914
Other Theft,2017,7,22,6,0,40XX COLUMBIA ST,Riley Park,491998.7198,5455150.7512
Other Theft,2017,5,16,2,41,40XX FRASER ST,Kensington-Cedar Cottage,493443.6881,5455123.5211
Other Theft,2017,7,10,3,45,40XX FRASER ST,Kensington-Cedar Cottage,493443.6881,5455123.5211
Other Theft,2017,1,7,18,0,40XX KNIGHT ST,Kensington-Cedar Cottage,494475.9563,5455120.7778
Other Theft,2017,3,30,12,0,40XX KNIGHT ST,Kensington-Cedar Cottage,494475.9563,5455120.7778
Other Theft,2017,4,8,23,31,40XX KNIGHT ST,Kensington-Cedar Cottage,494475.9563,5455120.7778
Other Theft,2017,5,20,11,13,40XX KNIGHT ST,Kensington-Cedar Cottage,494475.9563,5455120.7778
Other Theft,2017,6,17,11,0,40XX KNIGHT ST,Kensington-Cedar Cottage,494475.9563,5455120.7778
Other Theft,2017,11,5,19,20,40XX MAIN ST,Riley Park,492640.3352,5455140.6817
Other Theft,2017,8,15,8,56,40XX MAIN ST,Riley Park,492650.4029,5455179.3696
Other Theft,2017,12,1,0,53,40XX W 10TH AVE,West Point Grey,485829.5324,5456776.7221
Other Theft,2017,9,18,0,0,40XX W 18TH AVE,Dunbar-Southlands,485891.6212,5455994.3124
Other Theft,2017,3,21,12,0,40XX W 34TH AVE,Dunbar-Southlands,485730.111,5454322.561
Other Theft,2017,4,1,12,0,41XX BRANT ST,Kensington-Cedar Cottage,495774.6552,5455115.3414
Other Theft,2017,2,27,12,10,41XX FRASER ST,Kensington-Cedar Cottage,493443.1761,5455090.368
Other Theft,2017,2,7,11,40,41XX GLADSTONE ST,Kensington-Cedar Cottage,495591.7122,5455036.8243
Other Theft,2017,3,10,15,0,41XX GLADSTONE ST,Kensington-Cedar Cottage,495591.7122,5455036.8243
Other Theft,2017,8,16,19,0,41XX GLADSTONE ST,Kensington-Cedar Cottage,495591.7122,5455036.8243
Other Theft,2017,9,1,10,45,41XX GLADSTONE ST,Kensington-Cedar Cottage,495591.7122,5455036.8243
Other Theft,2017,9,22,11,0,41XX GLADSTONE ST,Kensington-Cedar Cottage,495591.7122,5455036.8243
Other Theft,2017,9,28,11,0,41XX GLADSTONE ST,Kensington-Cedar Cottage,495591.7122,5455036.8243
Other Theft,2017,9,29,10,45,41XX GLADSTONE ST,Kensington-Cedar Cottage,495591.7122,5455036.8243
Other Theft,2017,10,26,12,20,41XX GLADSTONE ST,Kensington-Cedar Cottage,495591.7122,5455036.8243
Other Theft,2017,6,18,10,0,41XX INVERNESS ST,Kensington-Cedar Cottage,494178.5429,5455052.5714
Other Theft,2017,1,28,15,29,41XX MAIN ST,Riley Park,492636.8211,5455042.847
Other Theft,2017,12,5,16,30,41XX MAIN ST,Riley Park,492638.9747,5455096.7306
Other Theft,2017,9,12,16,15,41XX MAIN ST,Riley Park,492648.3617,5455102.626
Other Theft,2017,1,23,13,30,41XX MAIN ST,Riley Park,492648.6999,5455111.0884
Other Theft,2017,11,13,11,30,41XX MAIN ST,Riley Park,492648.6999,5455111.0884
Other Theft,2017,12,28,13,30,41XX RUPERT ST,Renfrew-Collingwood,497529.6199,5454982.6365
Other Theft,2017,1,22,11,1,41XX RUPERT ST,Renfrew-Collingwood,497547.2057,5455004.087
Other Theft,2017,5,1,17,16,41XX ST GEORGE ST,Riley Park,493159.007,5455103.8523
Other Theft,2017,6,23,9,33,41XX VICTORIA DR,Kensington-Cedar Cottage,495258.0455,5455011.3954
Other Theft,2017,5,15,10,30,41XX W 14TH AVE,West Point Grey,485455.0143,5456389.937
Other Theft,2017,5,26,16,45,41XX W 29TH AVE,Dunbar-Southlands,485431.4235,5454930.6597
Other Theft,2017,1,13,21,0,41XX W KING EDWARD AVE,Dunbar-Southlands,485473.4729,5455268.8226
Other Theft,2017,7,10,18,0,42XX ARBUTUS ST,Arbutus Ridge,488840.8691,5455054.1911
Other Theft,2017,9,16,9,0,42XX ARBUTUS ST,Arbutus Ridge,488840.8691,5455054.1911
Other Theft,2017,8,16,19,21,42XX DUNBAR ST,Dunbar-Southlands,486516.4442,5455132.9432
Other Theft,2017,12,27,22,10,42XX DUNBAR ST,Dunbar-Southlands,486516.4442,5455132.9432
Other Theft,2017,5,13,0,0,42XX JOHN ST,Riley Park,492915.7539,5454935.8083
Other Theft,2017,5,3,20,0,42XX KAMLOOPS ST,Renfrew-Collingwood,496055.4912,5454876.5255
Other Theft,2017,9,17,19,41,42XX MAIN ST,Riley Park,492635.7408,5455011.0452
Other Theft,2017,10,24,17,0,42XX MAIN ST,Riley Park,492639.7354,5454884.8251
Other Theft,2017,10,24,19,0,42XX MAIN ST,Riley Park,492639.7354,5454884.8251
Other Theft,2017,4,1,19,0,42XX MAIN ST,Riley Park,492640.2335,5454894.3536
Other Theft,2017,9,27,23,10,42XX MAIN ST,Riley Park,492640.2335,5454894.3536
Other Theft,2017,6,4,10,0,42XX MAIN ST,Riley Park,492642.9448,5454947.4328
Other Theft,2017,6,17,10,29,42XX MAIN ST,Riley Park,492642.9448,5454947.4328
Other Theft,2017,8,15,13,30,42XX MAIN ST,Riley Park,492642.9448,5454947.4328
Other Theft,2017,4,17,18,0,42XX OSLER ST,Shaughnessy,490553.1373,5455021.8041
Other Theft,2017,12,5,8,0,42XX SKEENA ST,Renfrew-Collingwood,497918.2218,5454868.2585
Other Theft,2017,10,10,17,39,42XX W 11TH AVE,West Point Grey,485326.6118,5456694.6809
Other Theft,2017,6,19,11,0,43XX ATLIN ST,Renfrew-Collingwood,496666.3764,5454793.5013
Other Theft,2017,9,14,8,0,43XX DUNBAR ST,Dunbar-Southlands,486513.1636,5454991.453
Other Theft,2017,9,14,14,15,43XX DUNBAR ST,Dunbar-Southlands,486513.1636,5454991.453
Other Theft,2017,4,18,19,34,43XX DUNBAR ST,Dunbar-Southlands,486523.0069,5455021.4008
Other Theft,2017,9,21,12,9,43XX DUNBAR ST,Dunbar-Southlands,486523.0069,5455021.4008
Other Theft,2017,11,5,22,6,43XX DUNBAR ST,Dunbar-Southlands,486523.0069,5455021.4008
Other Theft,2017,12,19,18,58,43XX DUNBAR ST,Dunbar-Southlands,486523.0069,5455021.4008
Other Theft,2017,12,31,8,30,43XX DUNBAR ST,Dunbar-Southlands,486523.0069,5455021.4008
Other Theft,2017,3,4,11,30,43XX FRASER ST,Riley Park,493430.5748,5454835.421
Other Theft,2017,7,29,22,0,43XX FRASER ST,Riley Park,493430.5748,5454835.421
Other Theft,2017,4,15,12,0,43XX MAIN ST,Riley Park,492627.1803,5454819.8083
Other Theft,2017,8,6,14,44,43XX MAIN ST,Riley Park,492634.8198,5454783.9281
Other Theft,2017,4,25,22,30,43XX MAIN ST,Riley Park,492638.8389,5454867.6737
Other Theft,2017,5,9,19,0,43XX SOPHIA ST,Riley Park,492785.5804,5454809.8569
Other Theft,2017,3,3,18,0,43XX W 13TH AVE,West Point Grey,485146.4082,5456498.5323
Other Theft,2017,10,6,13,0,43XX W 2ND AVE,West Point Grey,485040.8383,5457641.6881
Other Theft,2017,10,4,8,0,44XX ARBUTUS ST,Arbutus Ridge,488837.9062,5454811.4039
Other Theft,2017,8,5,6,1,44XX ARBUTUS ST,Arbutus Ridge,488849.5885,5454911.9022
Other Theft,2017,10,6,14,40,44XX CAMBIE ST,South Cambie,491571.1231,5454792.6625
Other Theft,2017,2,13,17,4,44XX DUNBAR ST,Dunbar-Southlands,486521.3697,5454868.6743
Other Theft,2017,6,17,17,30,44XX DUNBAR ST,Dunbar-Southlands,486521.3697,5454868.6744
Other Theft,2017,8,22,11,35,44XX DUNBAR ST,Dunbar-Southlands,486521.3697,5454868.6744
Other Theft,2017,10,10,19,22,44XX DUNBAR ST,Dunbar-Southlands,486521.3779,5454864.5264
Other Theft,2017,10,11,21,16,44XX DUNBAR ST,Dunbar-Southlands,486521.3779,5454864.5264
Other Theft,2017,11,16,8,39,44XX JOHN ST,Riley Park,492914.6929,5454673.4773
Other Theft,2017,7,12,15,0,44XX MAIN ST,Riley Park,492623.9793,5454722.3009
Other Theft,2017,11,3,17,0,44XX MAIN ST,Riley Park,492624.4606,5454740.3806
Other Theft,2017,11,3,23,30,44XX MAIN ST,Riley Park,492624.4606,5454740.3806
Other Theft,2017,2,1,10,24,44XX MAIN ST,Riley Park,492624.8617,5454755.4471
Other Theft,2017,3,8,13,14,44XX MAIN ST,Riley Park,492624.8617,5454755.4471
Other Theft,2017,3,10,15,2,44XX MAIN ST,Riley Park,492624.8617,5454755.4471
Other Theft,2017,3,18,11,5,44XX MAIN ST,Riley Park,492624.8617,5454755.4471
Other Theft,2017,3,31,10,25,44XX MAIN ST,Riley Park,492624.8617,5454755.4471
Other Theft,2017,4,6,12,9,44XX MAIN ST,Riley Park,492624.8617,5454755.4471
Other Theft,2017,4,8,16,30,44XX MAIN ST,Riley Park,492624.8617,5454755.4471
Other Theft,2017,4,10,10,49,44XX MAIN ST,Riley Park,492624.8617,5454755.4471
Other Theft,2017,6,30,9,30,44XX MAIN ST,Riley Park,492624.8617,5454755.4471
Other Theft,2017,7,17,14,5,44XX MAIN ST,Riley Park,492624.8617,5454755.4471
Other Theft,2017,7,24,17,55,44XX MAIN ST,Riley Park,492624.8617,5454755.4471
Other Theft,2017,9,16,18,32,44XX MAIN ST,Riley Park,492624.8617,5454755.4471
Other Theft,2017,10,10,11,2,44XX MAIN ST,Riley Park,492624.8617,5454755.4471
Other Theft,2017,12,21,19,19,44XX MAIN ST,Riley Park,492624.8617,5454755.4471
Other Theft,2017,12,23,13,43,44XX MAIN ST,Riley Park,492624.8617,5454755.4471
Other Theft,2017,10,27,22,0,44XX MAIN ST,Riley Park,492631.9626,5454678.5801
Other Theft,2017,11,15,15,12,44XX NANAIMO ST,Renfrew-Collingwood,495880.7263,5454695.6505
Other Theft,2017,3,1,10,45,44XX OAK ST,South Cambie,490713.7244,5454765.0249
Other Theft,2017,4,10,2,45,44XX OAK ST,South Cambie,490713.7244,5454765.0249
Other Theft,2017,4,18,15,15,44XX OAK ST,South Cambie,490713.7244,5454765.0249
Other Theft,2017,6,20,8,30,44XX OAK ST,South Cambie,490713.7244,5454765.0249
Other Theft,2017,6,24,15,35,44XX OAK ST,South Cambie,490713.7244,5454765.0249
Other Theft,2017,6,26,11,0,44XX OAK ST,South Cambie,490713.7244,5454765.0249
Other Theft,2017,10,30,16,0,44XX OAK ST,South Cambie,490713.7244,5454765.0249
Other Theft,2017,12,27,12,15,44XX OAK ST,South Cambie,490713.7244,5454765.0249
Other Theft,2017,9,1,10,30,44XX W 10TH AVE,West Point Grey,484808.7644,5456801.7195
Other Theft,2017,9,27,16,18,44XX W 10TH AVE,West Point Grey,484829.9109,5456801.1804
Other Theft,2017,4,21,15,45,44XX W 10TH AVE,West Point Grey,484897.8128,5456808.5965
Other Theft,2017,7,5,17,8,44XX W 10TH AVE,West Point Grey,484965.2487,5456797.7305
Other Theft,2017,7,18,16,35,44XX W 10TH AVE,West Point Grey,484965.2487,5456797.7305
Other Theft,2017,3,25,12,0,44XX W 10TH AVE,West Point Grey,484999.0832,5456796.868
Other Theft,2017,2,20,14,0,45XX CLANCY LORANGER WAY,Riley Park,492098.3488,5454510.5986
Other Theft,2017,3,14,14,30,45XX CLANCY LORANGER WAY,Riley Park,492098.3488,5454510.5986
Other Theft,2017,3,15,9,43,45XX CLANCY LORANGER WAY,Riley Park,492098.3488,5454510.5986
Other Theft,2017,6,16,9,23,45XX CLANCY LORANGER WAY,Riley Park,492098.3488,5454510.5986
Other Theft,2017,6,17,11,30,45XX CLANCY LORANGER WAY,Riley Park,492098.3488,5454510.5986
Other Theft,2017,8,10,13,0,45XX CLANCY LORANGER WAY,Riley Park,492098.3488,5454510.5986
Other Theft,2017,8,13,20,15,45XX CLANCY LORANGER WAY,Riley Park,492098.3488,5454510.5986
Other Theft,2017,8,26,18,50,45XX CLANCY LORANGER WAY,Riley Park,492098.3488,5454510.5986
Other Theft,2017,9,19,15,9,45XX CLANCY LORANGER WAY,Riley Park,492098.3488,5454510.5986
Other Theft,2017,9,20,11,45,45XX CLANCY LORANGER WAY,Riley Park,492098.3488,5454510.5986
Other Theft,2017,9,25,10,30,45XX CLANCY LORANGER WAY,Riley Park,492098.3488,5454510.5986
Other Theft,2017,11,17,8,0,45XX CLANCY LORANGER WAY,Riley Park,492098.3488,5454510.5986
Other Theft,2017,11,17,18,30,45XX CLANCY LORANGER WAY,Riley Park,492098.3488,5454510.5986
Other Theft,2017,11,29,14,0,45XX CLANCY LORANGER WAY,Riley Park,492098.3488,5454510.5986
Other Theft,2017,1,2,15,32,45XX CLANCY LORANGER WAY,Riley Park,492213.4072,5454594.1478
Other Theft,2017,7,31,12,46,45XX CONNAUGHT DR,Shaughnessy,489741.557,5454640.7423
Other Theft,2017,1,4,17,54,45XX FRASER ST,Kensington-Cedar Cottage,493431.9296,5454544.7286
Other Theft,2017,1,30,11,21,45XX FRASER ST,Kensington-Cedar Cottage,493431.9296,5454544.7286
Other Theft,2017,2,1,17,40,45XX FRASER ST,Kensington-Cedar Cottage,493431.9296,5454544.7286
Other Theft,2017,2,12,16,38,45XX FRASER ST,Kensington-Cedar Cottage,493431.9296,5454544.7286
Other Theft,2017,3,14,18,36,45XX FRASER ST,Kensington-Cedar Cottage,493431.9296,5454544.7286
Other Theft,2017,7,22,19,53,45XX FRASER ST,Kensington-Cedar Cottage,493431.9296,5454544.7286
Other Theft,2017,9,6,15,24,45XX FRASER ST,Kensington-Cedar Cottage,493431.9296,5454544.7286
Other Theft,2017,9,24,21,8,45XX FRASER ST,Kensington-Cedar Cottage,493431.9296,5454544.7286
Other Theft,2017,11,2,12,10,45XX FRASER ST,Kensington-Cedar Cottage,493431.9296,5454544.7286
Other Theft,2017,12,16,9,4,45XX FRASER ST,Kensington-Cedar Cottage,493431.9296,5454544.7286
Other Theft,2017,5,21,2,15,45XX FRASER ST,Kensington-Cedar Cottage,493432.8369,5454588.8737
Other Theft,2017,1,18,11,28,45XX FRASER ST,Kensington-Cedar Cottage,493433.7494,5454633.3003
Other Theft,2017,1,18,11,0,45XX FRASER ST,Kensington-Cedar Cottage,493433.7894,5454635.2261
Other Theft,2017,2,1,12,18,45XX FRASER ST,Kensington-Cedar Cottage,493433.7894,5454635.2261
Other Theft,2017,2,15,9,49,45XX FRASER ST,Kensington-Cedar Cottage,493433.7894,5454635.2261
Other Theft,2017,2,16,14,3,45XX FRASER ST,Kensington-Cedar Cottage,493433.7894,5454635.2261
Other Theft,2017,2,24,10,31,45XX FRASER ST,Kensington-Cedar Cottage,493433.7894,5454635.2261
Other Theft,2017,3,19,13,57,45XX FRASER ST,Kensington-Cedar Cottage,493433.7894,5454635.2261
Other Theft,2017,5,17,12,49,45XX FRASER ST,Kensington-Cedar Cottage,493433.7894,5454635.2261
Other Theft,2017,6,3,17,35,45XX FRASER ST,Kensington-Cedar Cottage,493433.7894,5454635.2261
Other Theft,2017,7,6,13,13,45XX FRASER ST,Kensington-Cedar Cottage,493433.7894,5454635.2261
Other Theft,2017,10,25,11,48,45XX FRASER ST,Kensington-Cedar Cottage,493433.7894,5454635.2261
Other Theft,2017,12,1,10,39,45XX FRASER ST,Kensington-Cedar Cottage,493433.7894,5454635.2261
Other Theft,2017,12,9,10,0,45XX FRASER ST,Kensington-Cedar Cottage,493433.7894,5454635.2261
Other Theft,2017,12,18,9,44,45XX FRASER ST,Kensington-Cedar Cottage,493433.7894,5454635.2261
Other Theft,2017,8,15,18,30,45XX MAIN ST,Riley Park,492618.5784,5454540.1134
Other Theft,2017,12,5,21,30,45XX NANAIMO ST,Kensington-Cedar Cottage,495871.5971,5454657.8738
Other Theft,2017,4,19,9,18,45XX OAK ST,South Cambie,490713.8533,5454741.6087
Other Theft,2017,12,8,16,55,45XX OAK ST,South Cambie,490713.8533,5454741.6087
Other Theft,2017,12,12,18,20,45XX VICTORIA DR,Kensington-Cedar Cottage,495259.319,5454661.3422
Other Theft,2017,8,29,8,5,45XX W 10TH AVE,West Point Grey,484610.7157,5456806.7454
Other Theft,2017,10,9,9,10,45XX W 10TH AVE,West Point Grey,484610.7157,5456806.7454
Other Theft,2017,2,21,18,11,45XX W 10TH AVE,West Point Grey,484623.5439,5456815.567
Other Theft,2017,3,18,16,0,45XX W 10TH AVE,West Point Grey,484623.5439,5456815.567
Other Theft,2017,5,12,7,0,45XX W 10TH AVE,West Point Grey,484623.5439,5456815.567
Other Theft,2017,5,12,13,0,45XX W 10TH AVE,West Point Grey,484623.5439,5456815.567
Other Theft,2017,6,2,17,9,45XX W 10TH AVE,West Point Grey,484623.5439,5456815.567
Other Theft,2017,7,7,16,30,45XX W 10TH AVE,West Point Grey,484623.5439,5456815.567
Other Theft,2017,7,8,11,19,45XX W 10TH AVE,West Point Grey,484623.5439,5456815.567
Other Theft,2017,9,13,9,14,45XX W 10TH AVE,West Point Grey,484623.5439,5456815.567
Other Theft,2017,9,30,17,5,45XX W 10TH AVE,West Point Grey,484623.5439,5456815.567
Other Theft,2017,10,24,11,56,45XX W 10TH AVE,West Point Grey,484623.5439,5456815.567
Other Theft,2017,7,25,21,30,45XX W 11TH AVE,West Point Grey,484676.2674,5456713.0175
Other Theft,2017,7,29,14,40,45XX W 2ND AVE,West Point Grey,484637.0395,5457642.3997
Other Theft,2017,3,1,10,15,45XX W 3RD AVE,West Point Grey,484699.409,5457511.9619
Other Theft,2017,11,23,21,0,45XX W 4TH AVE,West Point Grey,484642.886,5457391.4378
Other Theft,2017,7,7,7,58,45XX W 8TH AVE,West Point Grey,484586.6174,5457010.1144
Other Theft,2017,5,2,15,10,45XX WINDSOR ST,Kensington-Cedar Cottage,493888.8768,5454544.6856
Other Theft,2017,11,23,15,0,46XX ARBUTUS ST,Arbutus Ridge,488830.9754,5454592.36
Other Theft,2017,3,19,18,10,46XX ARBUTUS ST,Arbutus Ridge,488831.7906,5454615.0415
Other Theft,2017,4,2,18,0,46XX FRASER ST,Kensington-Cedar Cottage,493431.6421,5454529.3663
Other Theft,2017,9,26,9,40,46XX MAIN ST,Riley Park,492626.0687,5454487.7693
Other Theft,2017,8,16,12,0,46XX ROSS ST,Kensington-Cedar Cottage,494080.229,5454433.2511
Other Theft,2017,12,9,12,45,46XX TODD ST,Renfrew-Collingwood,496622.9621,5454318.2486
Other Theft,2017,3,14,1,0,46XX W 12TH AVE,West Point Grey,484420.4438,5456616.6748
Other Theft,2017,10,19,22,33,46XX W 15TH AVE,West Point Grey,484383.1323,5456307.6684
Other Theft,2017,2,10,0,0,46XX YEW ST,Arbutus Ridge,488731.7985,5454672.036
Other Theft,2017,7,24,18,30,47XX ARBUTUS ST,Arbutus Ridge,488837.7766,5454527.011
Other Theft,2017,11,28,18,30,47XX DUNBAR ST,Dunbar-Southlands,486512.4378,5454577.755
Other Theft,2017,3,23,13,9,47XX EARLES ST,Renfrew-Collingwood,496754.9669,5454371.0776
Other Theft,2017,7,7,18,0,47XX NW MARINE DR,West Point Grey,484307.3391,5458179.0801
Other Theft,2017,4,25,6,15,47XX RUPERT ST,Renfrew-Collingwood,497302.2074,5454299.5043
Other Theft,2017,9,12,20,0,47XX SLOCAN ST,Renfrew-Collingwood,496153.9908,5454285.6479
Other Theft,2017,6,30,13,58,47XX SLOCAN ST,Renfrew-Collingwood,496234.4653,5454389.5786
Other Theft,2017,9,3,0,1,48XX BEATRICE ST,Kensington-Cedar Cottage,495147.9735,5454178.0957
Other Theft,2017,4,21,13,0,48XX CAMBIE ST,Riley Park,491398.1033,5454383.3777
Other Theft,2017,5,11,16,34,48XX CLARENDON ST,Renfrew-Collingwood,496034.9455,5454171.1418
Other Theft,2017,10,11,16,54,48XX COMMERCIAL ST,Kensington-Cedar Cottage,495056.1559,5454270.1092
Other Theft,2017,10,20,10,0,48XX DUMFRIES ST,Kensington-Cedar Cottage,494636.3288,5454182.5079
Other Theft,2017,2,9,6,0,48XX KNIGHT ST,Kensington-Cedar Cottage,494445.9023,5454170.1015
Other Theft,2017,2,19,20,45,48XX KNIGHT ST,Kensington-Cedar Cottage,494445.9023,5454170.1015
Other Theft,2017,8,3,8,7,48XX KNIGHT ST,Kensington-Cedar Cottage,494445.9023,5454170.1015
Other Theft,2017,11,20,0,42,48XX KNIGHT ST,Kensington-Cedar Cottage,494445.9023,5454170.1015
Other Theft,2017,4,10,13,0,48XX MAIN ST,Riley Park,492612.8162,5454348.1535
Other Theft,2017,12,7,19,10,48XX MAIN ST,Riley Park,492618.8722,5454201.8323
Other Theft,2017,5,28,10,0,48XX ONTARIO ST,Riley Park,492327.031,5454240.0067
Other Theft,2017,7,6,18,0,48XX ONTARIO ST,Riley Park,492327.031,5454240.0067
Other Theft,2017,3,24,12,28,48XX SLOCAN ST,Renfrew-Collingwood,496085.4696,5454176.8296
Other Theft,2017,1,10,20,18,48XX VICTORIA DR,Kensington-Cedar Cottage,495241.9814,5454304.7247
Other Theft,2017,5,6,16,21,48XX VICTORIA DR,Kensington-Cedar Cottage,495241.9814,5454304.7247
Other Theft,2017,5,13,16,3,48XX VICTORIA DR,Kensington-Cedar Cottage,495241.9814,5454304.7247
Other Theft,2017,10,7,15,23,48XX VICTORIA DR,Kensington-Cedar Cottage,495241.9814,5454304.7247
Other Theft,2017,8,23,17,40,49XX CHESTER ST,Kensington-Cedar Cottage,493515.7326,5454169.5556
Other Theft,2017,12,3,0,0,49XX DUCHESS ST,Renfrew-Collingwood,496174.0202,5454073.3572
Other Theft,2017,9,17,19,57,49XX FRASER ST,Kensington-Cedar Cottage,493425.5759,5454114.5566
Other Theft,2017,3,23,3,0,49XX FRASER ST,Kensington-Cedar Cottage,493425.6527,5454125.0271
Other Theft,2017,1,1,14,30,49XX JOYCE ST,Renfrew-Collingwood,497800.0426,5454121.1481
Other Theft,2017,10,6,7,30,49XX MACKENZIE ST,Dunbar-Southlands,487605.5573,5454401.6587
Other Theft,2017,2,22,10,0,49XX VICTORIA DR,Kensington-Cedar Cottage,495235.6312,5454054.6267
Other Theft,2017,2,28,11,30,49XX VICTORIA DR,Kensington-Cedar Cottage,495235.6312,5454054.6267
Other Theft,2017,8,25,20,0,49XX VICTORIA DR,Kensington-Cedar Cottage,495235.6312,5454054.6267
Other Theft,2017,3,25,20,8,49XX VICTORIA DR,Kensington-Cedar Cottage,495236.6632,5454110.1797
Other Theft,2017,4,25,5,50,49XX VICTORIA DR,Kensington-Cedar Cottage,495236.6632,5454110.1797
Other Theft,2017,12,16,12,0,4X E 11TH AVE,Mount Pleasant,492422.5914,5456497.4623
Other Theft,2017,3,7,6,0,4X E 15TH AVE,Mount Pleasant,492414.4382,5456096.8636
Other Theft,2017,12,10,21,58,4X E BROADWAY AVE,Mount Pleasant,492432.3258,5456701.9086
Other Theft,2017,3,28,16,2,4X E CORDOVA ST,Central Business District,492480.6544,5458844.5609
Other Theft,2017,9,1,11,45,4X E HASTINGS ST,Central Business District,492480.1762,5458750.8242
Other Theft,2017,7,19,14,47,4X E PENDER ST,Central Business District,492483.4987,5458635.4846
Other Theft,2017,8,12,14,30,4X E PENDER ST,Central Business District,492483.4987,5458635.4846
Other Theft,2017,10,28,11,28,4X POWELL ST,Central Business District,492488.9691,5458946.0694
Other Theft,2017,4,8,4,38,4X W CORDOVA ST,Central Business District,492328.0833,5458889.8094
Other Theft,2017,1,30,15,12,4X W HASTINGS ST,Central Business District,492320.6682,5458782.6495
Other Theft,2017,3,21,15,5,4X W HASTINGS ST,Central Business District,492324.7484,5458781.4964
Other Theft,2017,9,2,17,54,4X W HASTINGS ST,Central Business District,492324.7484,5458781.4964
Other Theft,2017,2,12,17,30,4X WATER ST,Central Business District,492347.7112,5458992.809
Other Theft,2017,5,9,15,29,4X WATER ST,Central Business District,492347.7112,5458992.809
Other Theft,2017,1,21,0,10,4XX ABBOTT ST,Central Business District,492183.6983,5458754.3419
Other Theft,2017,1,28,0,53,4XX ABBOTT ST,Central Business District,492183.6983,5458754.3419
Other Theft,2017,2,6,15,44,4XX ABBOTT ST,Central Business District,492183.6983,5458754.3419
Other Theft,2017,2,9,16,30,4XX ABBOTT ST,Central Business District,492183.6983,5458754.3419
Other Theft,2017,2,11,21,0,4XX ABBOTT ST,Central Business District,492183.6983,5458754.3419
Other Theft,2017,2,25,23,0,4XX ABBOTT ST,Central Business District,492183.6983,5458754.3419
Other Theft,2017,3,7,19,15,4XX ABBOTT ST,Central Business District,492183.6983,5458754.3419
Other Theft,2017,3,17,22,30,4XX ABBOTT ST,Central Business District,492183.6983,5458754.3419
Other Theft,2017,3,25,0,0,4XX ABBOTT ST,Central Business District,492183.6983,5458754.3419
Other Theft,2017,4,1,20,9,4XX ABBOTT ST,Central Business District,492183.6983,5458754.3419
Other Theft,2017,4,12,21,7,4XX ABBOTT ST,Central Business District,492183.6983,5458754.3419
Other Theft,2017,4,16,20,49,4XX ABBOTT ST,Central Business District,492183.6983,5458754.3419
Other Theft,2017,4,20,23,57,4XX ABBOTT ST,Central Business District,492183.6983,5458754.3419
Other Theft,2017,7,15,2,0,4XX ABBOTT ST,Central Business District,492183.6983,5458754.3419
Other Theft,2017,9,2,0,0,4XX ABBOTT ST,Central Business District,492183.6983,5458754.3419
Other Theft,2017,9,16,0,0,4XX ABBOTT ST,Central Business District,492183.6983,5458754.3419
Other Theft,2017,9,20,1,30,4XX ABBOTT ST,Central Business District,492183.6983,5458754.3419
Other Theft,2017,9,22,23,45,4XX ABBOTT ST,Central Business District,492183.6983,5458754.3419
Other Theft,2017,10,9,17,42,4XX ABBOTT ST,Central Business District,492183.6983,5458754.3419
Other Theft,2017,10,15,2,0,4XX ABBOTT ST,Central Business District,492183.6983,5458754.3419
Other Theft,2017,10,22,1,49,4XX ABBOTT ST,Central Business District,492183.6983,5458754.3419
Other Theft,2017,11,11,21,0,4XX ABBOTT ST,Central Business District,492183.6983,5458754.3419
Other Theft,2017,11,19,2,0,4XX ABBOTT ST,Central Business District,492183.6983,5458754.3419
Other Theft,2017,12,8,20,0,4XX ABBOTT ST,Central Business District,492183.6983,5458754.3419
Other Theft,2017,12,21,22,30,4XX ABBOTT ST,Central Business District,492183.6983,5458754.3419
Other Theft,2017,5,24,14,0,4XX ABBOTT ST,Central Business District,492189.5736,5458775.8015
Other Theft,2017,3,3,17,0,4XX ABBOTT ST,Central Business District,492206.8287,5458804.199
Other Theft,2017,1,21,1,0,4XX ABBOTT ST,Central Business District,492207.9535,5458808.3072
Other Theft,2017,6,23,2,0,4XX ABBOTT ST,Central Business District,492207.9535,5458808.3072
Other Theft,2017,7,2,22,22,4XX ABBOTT ST,Central Business District,492207.9535,5458808.3072
Other Theft,2017,9,6,10,30,4XX ABBOTT ST,Central Business District,492207.9535,5458808.3072
Other Theft,2017,7,30,18,30,4XX ALEXANDER ST,Strathcona,493093.5497,5459037.7766
Other Theft,2017,8,30,13,2,4XX ALEXANDER ST,Strathcona,493165.6747,5459036.1171
Other Theft,2017,5,26,10,0,4XX ALEXANDER ST,Strathcona,493193.4152,5459035.4788
Other Theft,2017,12,23,14,2,4XX BEACH CRES,Central Business District,490682.4033,5457732.4722
Other Theft,2017,9,15,21,40,4XX BROUGHTON ST,Central Business District,490825.5765,5459741.7636
Other Theft,2017,6,28,9,30,4XX BURRARD ST,Central Business District,491495.7649,5459381.6396
Other Theft,2017,10,10,15,0,4XX BURRARD ST,Central Business District,491495.7649,5459381.6396
Other Theft,2017,10,14,18,0,4XX BURRARD ST,Central Business District,491495.7649,5459381.6396
Other Theft,2017,12,10,13,26,4XX CAMBIE ST,Central Business District,492032.1854,5458869.7441
Other Theft,2017,9,15,15,0,4XX CARRALL ST,Central Business District,492406.5383,5458719.6636
Other Theft,2017,9,3,10,45,4XX CARRALL ST,Central Business District,492413.4624,5458656.1271
Other Theft,2017,9,25,17,43,4XX CARRALL ST,Central Business District,492413.4624,5458656.1271
Other Theft,2017,3,14,0,14,4XX CARRALL ST,Central Business District,492413.4624,5458656.1271
Other Theft,2017,5,27,3,0,4XX CARRALL ST,Central Business District,492415.8238,5458723.1912
Other Theft,2017,7,16,10,15,4XX CARRALL ST,Central Business District,492416.4161,5458738.6978
Other Theft,2017,6,9,11,51,4XX CARRALL ST,Central Business District,492416.8603,5458750.3277
Other Theft,2017,6,4,10,29,4XX DAVIE ST,Central Business District,490981.4542,5458120.1653
Other Theft,2017,6,7,9,40,4XX DAVIE ST,Central Business District,490981.4542,5458120.1653
Other Theft,2017,6,8,13,7,4XX DAVIE ST,Central Business District,490981.4542,5458120.1653
Other Theft,2017,2,24,19,26,4XX DAVIE ST,Central Business District,491020.5439,5458067.9655
Other Theft,2017,6,11,13,0,4XX DAVIE ST,Central Business District,491027.644,5458060.8377
Other Theft,2017,5,12,12,0,4XX DENMAN ST,Central Business District,490366.7314,5460081.3805
Other Theft,2017,7,3,11,50,4XX DENMAN ST,Central Business District,490366.7314,5460081.3805
Other Theft,2017,7,23,6,32,4XX DRAKE ST,Central Business District,490851.5007,5458017.6454
Other Theft,2017,9,12,19,38,4XX DRAKE ST,Central Business District,490852.1357,5458004.2329
Other Theft,2017,11,15,8,30,4XX DUNLEVY AVE,Strathcona,493065.3248,5458714.4998
Other Theft,2017,11,13,12,0,4XX E 10TH AVE,Mount Pleasant,493049.0345,5456532.3685
Other Theft,2017,1,22,5,11,4XX E 10TH AVE,Mount Pleasant,493137.8101,5456540.8783
Other Theft,2017,12,19,2,0,4XX E 15TH AVE,Mount Pleasant,493062.5566,5456069.5441
Other Theft,2017,2,24,18,0,4XX E 15TH AVE,Mount Pleasant,493099.8783,5456066.9998
Other Theft,2017,9,10,12,0,4XX E 16TH AVE,Mount Pleasant,493165.9208,5455976.0883
Other Theft,2017,9,9,14,0,4XX E 16TH AVE,Riley Park,493086.8382,5455969.0802
Other Theft,2017,9,10,8,42,4XX E 19TH AVE,Riley Park,493012.0262,5455680.0397
Other Theft,2017,12,26,12,0,4XX E 19TH AVE,Riley Park,493012.0262,5455680.0397
Other Theft,2017,4,11,22,0,4XX E 20TH AVE,Riley Park,493133.2769,5455577.2735
Other Theft,2017,6,28,5,30,4XX E 37TH AVE,Riley Park,493092.8421,5453824.9234
Other Theft,2017,8,24,8,31,4XX E 47TH AVE,Sunset,492927.5421,5452744.7637
Other Theft,2017,5,9,19,8,4XX E 55TH AVE,Sunset,493000.439,5451917.5231
Other Theft,2017,5,8,13,30,4XX E 56TH AVE,Sunset,492907.003,5451825.2026
Other Theft,2017,8,26,19,10,4XX E 58TH AVE,Sunset,492982.3393,5451603.4006
Other Theft,2017,7,13,20,52,4XX E 62ND AVE,Sunset,493037.208,5451272.659
Other Theft,2017,3,20,11,0,4XX E 64TH AVE,Sunset,492985.5574,5451058.4769
Other Theft,2017,3,31,8,0,4XX E BROADWAY AVE,Mount Pleasant,493048.8863,5456651.5329
Other Theft,2017,4,25,15,25,4XX E CORDOVA ST,Strathcona,493068.4015,5458827.7361
Other Theft,2017,2,19,16,4,4XX E CORDOVA ST,Strathcona,493084.9879,5458827.3558
Other Theft,2017,4,7,18,30,4XX E CORDOVA ST,Strathcona,493084.9879,5458827.3558
Other Theft,2017,5,3,7,30,4XX E CORDOVA ST,Strathcona,493084.9879,5458827.3558
Other Theft,2017,8,22,23,30,4XX E CORDOVA ST,Strathcona,493084.9879,5458827.3558
Other Theft,2017,11,25,11,0,4XX E CORDOVA ST,Strathcona,493084.9879,5458827.3558
Other Theft,2017,12,7,8,20,4XX E CORDOVA ST,Strathcona,493084.9879,5458827.3558
Other Theft,2017,5,8,20,35,4XX E CORDOVA ST,Strathcona,493109.8673,5458826.7854
Other Theft,2017,7,13,12,55,4XX E CORDOVA ST,Strathcona,493109.8673,5458826.7854
Other Theft,2017,1,1,11,10,4XX E CORDOVA ST,Strathcona,493137.5112,5458826.1516
Other Theft,2017,6,17,15,0,4XX E HASTINGS ST,Strathcona,493065.2895,5458724.1998
Other Theft,2017,4,29,15,5,4XX E HASTINGS ST,Strathcona,493068.3246,5458733.2572
Other Theft,2017,7,1,2,42,4XX E HASTINGS ST,Strathcona,493068.3246,5458733.2572
Other Theft,2017,11,26,0,0,4XX E HASTINGS ST,Strathcona,493068.3246,5458733.2572
Other Theft,2017,12,13,0,0,4XX E HASTINGS ST,Strathcona,493068.3246,5458733.2572
Other Theft,2017,7,5,19,50,4XX E HASTINGS ST,Strathcona,493131.8449,5458731.3579
Other Theft,2017,10,3,9,30,4XX E HASTINGS ST,Strathcona,493131.8449,5458731.3579
Other Theft,2017,12,13,22,34,4XX E HASTINGS ST,Strathcona,493148.4154,5458730.8625
Other Theft,2017,7,7,13,44,4XX GORE AVE,Strathcona,492911.119,5458692.511
Other Theft,2017,7,14,11,0,4XX GORE AVE,Strathcona,492911.119,5458692.511
Other Theft,2017,6,23,15,28,4XX GRANVILLE ST,Central Business District,491645.6423,5459110.6221
Other Theft,2017,8,27,8,5,4XX GRANVILLE ST,Central Business District,491645.6423,5459110.6221
Other Theft,2017,8,27,11,46,4XX GRANVILLE ST,Central Business District,491645.6423,5459110.6221
Other Theft,2017,9,21,16,8,4XX GRANVILLE ST,Central Business District,491645.6423,5459110.6221
Other Theft,2017,9,28,14,50,4XX GRANVILLE ST,Central Business District,491645.6423,5459110.6221
Other Theft,2017,9,30,10,29,4XX GRANVILLE ST,Central Business District,491645.6423,5459110.6221
Other Theft,2017,9,30,13,55,4XX GRANVILLE ST,Central Business District,491645.6423,5459110.6221
Other Theft,2017,11,14,10,36,4XX GRANVILLE ST,Central Business District,491645.6423,5459110.6221
Other Theft,2017,11,28,17,56,4XX GRANVILLE ST,Central Business District,491645.6423,5459110.6221
Other Theft,2017,12,11,14,38,4XX GRANVILLE ST,Central Business District,491645.6423,5459110.6221
Other Theft,2017,12,27,13,3,4XX GRANVILLE ST,Central Business District,491645.6423,5459110.6221
Other Theft,2017,1,7,20,27,4XX GRANVILLE ST,Central Business District,491668.0022,5459120.1473
Other Theft,2017,7,12,13,55,4XX GRANVILLE ST,Central Business District,491672.3316,5459124.5032
Other Theft,2017,7,17,17,36,4XX GRANVILLE ST,Central Business District,491679.5472,5459131.7629
Other Theft,2017,7,9,11,52,4XX GRANVILLE ST,Central Business District,491687.506,5459139.7702
Other Theft,2017,1,26,13,36,4XX GRANVILLE ST,Central Business District,491710.6789,5459176.0569
Other Theft,2017,3,18,8,40,4XX GREAT NORTHERN WAY,Strathcona,493046.8736,5457125.9694
Other Theft,2017,3,21,4,25,4XX HORNBY ST,Central Business District,491502.2311,5459254.3679
Other Theft,2017,11,6,11,50,4XX HORNBY ST,Central Business District,491511.722,5459250.9746
Other Theft,2017,12,1,7,36,4XX HORNBY ST,Central Business District,491511.722,5459250.9746
Other Theft,2017,1,10,18,30,4XX HOWE ST,Central Business District,491609.7636,5459206.174
Other Theft,2017,5,14,23,8,4XX INDUSTRIAL AVE,Strathcona,493026.6494,5457415.717
Other Theft,2017,7,18,4,0,4XX INDUSTRIAL AVE,Strathcona,493029.5876,5457424.4011
Other Theft,2017,9,26,13,13,4XX INDUSTRIAL AVE,Strathcona,493052.4836,5457418.4447
Other Theft,2017,3,16,6,32,4XX INTERURBAN WAY,Marpole,491496.6343,5450697.1358
Other Theft,2017,2,16,18,30,4XX INTERURBAN WAY,Marpole,491509.2856,5450705.4988
Other Theft,2017,4,13,11,30,4XX INTERURBAN WAY,Marpole,491509.2856,5450705.4988
Other Theft,2017,6,12,19,20,4XX INTERURBAN WAY,Marpole,491509.2856,5450705.4988
Other Theft,2017,8,3,17,40,4XX INTERURBAN WAY,Marpole,491509.2856,5450705.4988
Other Theft,2017,8,11,19,15,4XX INTERURBAN WAY,Marpole,491509.2856,5450705.4988
Other Theft,2017,8,11,20,0,4XX INTERURBAN WAY,Marpole,491509.2856,5450705.4988
Other Theft,2017,10,2,12,30,4XX INTERURBAN WAY,Marpole,491509.2856,5450705.4988
Other Theft,2017,9,3,6,8,4XX JACKSON AVE,Strathcona,493207.179,5458649.6897
Other Theft,2017,1,27,19,0,4XX KEEFER ST,Strathcona,493123.797,5458514.2481
Other Theft,2017,5,26,16,0,4XX MAIN ST,Central Business District,492744.2542,5458637.3686
Other Theft,2017,6,8,11,20,4XX MAIN ST,Central Business District,492744.2542,5458637.3686
Other Theft,2017,11,19,14,15,4XX MAIN ST,Central Business District,492744.2542,5458637.3686
Other Theft,2017,3,8,10,0,4XX MAIN ST,Central Business District,492744.3337,5458645.61
Other Theft,2017,11,18,16,30,4XX MAIN ST,Central Business District,492744.3536,5458647.6704
Other Theft,2017,1,21,7,50,4XX MAIN ST,Central Business District,492745.1883,5458734.2049
Other Theft,2017,1,27,13,0,4XX MAIN ST,Central Business District,492745.1883,5458734.2049
Other Theft,2017,1,27,20,55,4XX MAIN ST,Central Business District,492745.1883,5458734.2049
Other Theft,2017,2,7,0,28,4XX MAIN ST,Central Business District,492745.1883,5458734.2049
Other Theft,2017,2,13,9,50,4XX MAIN ST,Central Business District,492745.1883,5458734.2049
Other Theft,2017,3,11,16,0,4XX MAIN ST,Central Business District,492745.1883,5458734.2049
Other Theft,2017,10,17,19,0,4XX MAIN ST,Central Business District,492745.1883,5458734.2049
Other Theft,2017,2,27,13,30,4XX MAIN ST,Strathcona,492754.1531,5458715.5736
Other Theft,2017,5,14,15,58,4XX MAIN ST,Strathcona,492754.3319,5458734.1167
Other Theft,2017,5,30,21,45,4XX MAIN ST,Strathcona,492754.3319,5458734.1167
Other Theft,2017,1,15,15,8,4XX N WINDERMERE ST,Hastings-Sunrise,497371.991,5459560.1051
Other Theft,2017,5,28,14,5,4XX NELSON ST,Central Business District,491257.0866,5458309.0248
Other Theft,2017,6,25,17,30,4XX PIPELINE RD,Stanley Park,490117.5187,5460671.1
Other Theft,2017,7,7,21,0,4XX POWELL ST,Strathcona,493071.1268,5458928.3353
Other Theft,2017,8,5,17,0,4XX POWELL ST,Strathcona,493071.1268,5458928.3353
Other Theft,2017,11,19,11,45,4XX POWELL ST,Strathcona,493074.1676,5458937.3924
Other Theft,2017,2,16,18,31,4XX POWELL ST,Strathcona,493093.2657,5458927.6729
Other Theft,2017,7,27,12,43,4XX POWELL ST,Strathcona,493192.891,5458924.6924
Other Theft,2017,8,5,17,45,4XX POWELL ST,Strathcona,493192.891,5458924.6924
Other Theft,2017,5,26,19,0,4XX POWELL ST,Strathcona,493192.891,5458924.6924
Other Theft,2017,6,15,11,12,4XX POWELL ST,Strathcona,493192.891,5458924.6924
Other Theft,2017,6,16,0,6,4XX POWELL ST,Strathcona,493192.891,5458924.6924
Other Theft,2017,6,23,16,0,4XX POWELL ST,Strathcona,493192.891,5458924.6924
Other Theft,2017,1,31,11,0,4XX RAILWAY ST,Strathcona,493124.9109,5459135.7932
Other Theft,2017,4,3,16,26,4XX RAILWAY ST,Strathcona,493208.7742,5459123.1922
Other Theft,2017,2,9,14,48,4XX RICHARDS ST,Central Business District,491848.391,5459019.1657
Other Theft,2017,8,23,14,0,4XX RICHARDS ST,Central Business District,491848.391,5459019.1657
Other Theft,2017,2,19,17,32,4XX RICHARDS ST,Central Business District,491863.486,5459034.3289
Other Theft,2017,3,3,9,38,4XX ROBSON ST,Central Business District,491424.951,5458597.362
Other Theft,2017,5,15,15,25,4XX ROBSON ST,Central Business District,491424.951,5458597.362
Other Theft,2017,7,19,14,0,4XX ROBSON ST,Central Business District,491424.951,5458597.362
Other Theft,2017,7,30,12,0,4XX ROBSON ST,Central Business District,491424.951,5458597.362
Other Theft,2017,7,31,14,41,4XX ROBSON ST,Central Business District,491424.951,5458597.362
Other Theft,2017,12,27,14,0,4XX ROBSON ST,Central Business District,491424.951,5458597.362
Other Theft,2017,3,5,12,53,4XX ROBSON ST,Central Business District,491435.5478,5458599.7512
Other Theft,2017,3,8,9,22,4XX ROBSON ST,Central Business District,491435.5478,5458599.7512
Other Theft,2017,3,16,10,33,4XX ROBSON ST,Central Business District,491435.5478,5458599.7512
Other Theft,2017,3,29,9,0,4XX ROBSON ST,Central Business District,491435.5478,5458599.7512
Other Theft,2017,3,30,14,40,4XX ROBSON ST,Central Business District,491435.5478,5458599.7512
Other Theft,2017,5,29,17,41,4XX ROBSON ST,Central Business District,491435.5478,5458599.7512
Other Theft,2017,6,5,11,6,4XX ROBSON ST,Central Business District,491435.5478,5458599.7512
Other Theft,2017,6,6,16,0,4XX ROBSON ST,Central Business District,491435.5478,5458599.7512
Other Theft,2017,6,10,16,14,4XX ROBSON ST,Central Business District,491435.5478,5458599.7512
Other Theft,2017,6,11,10,2,4XX ROBSON ST,Central Business District,491435.5478,5458599.7512
Other Theft,2017,6,15,17,37,4XX ROBSON ST,Central Business District,491435.5478,5458599.7512
Other Theft,2017,6,16,9,31,4XX ROBSON ST,Central Business District,491435.5478,5458599.7512
Other Theft,2017,6,16,15,14,4XX ROBSON ST,Central Business District,491435.5478,5458599.7512
Other Theft,2017,6,19,12,30,4XX ROBSON ST,Central Business District,491435.5478,5458599.7512
Other Theft,2017,7,24,12,10,4XX ROBSON ST,Central Business District,491435.5478,5458599.7512
Other Theft,2017,7,24,19,25,4XX ROBSON ST,Central Business District,491435.5478,5458599.7512
Other Theft,2017,8,1,12,18,4XX ROBSON ST,Central Business District,491435.5478,5458599.7512
Other Theft,2017,8,1,16,31,4XX ROBSON ST,Central Business District,491435.5478,5458599.7512
Other Theft,2017,8,7,14,20,4XX ROBSON ST,Central Business District,491435.5478,5458599.7512
Other Theft,2017,8,19,11,0,4XX ROBSON ST,Central Business District,491435.5478,5458599.7512
Other Theft,2017,9,1,16,41,4XX ROBSON ST,Central Business District,491435.5478,5458599.7512
Other Theft,2017,10,19,23,9,4XX ROBSON ST,Central Business District,491435.5478,5458599.7512
Other Theft,2017,10,25,14,12,4XX ROBSON ST,Central Business District,491435.5478,5458599.7512
Other Theft,2017,8,18,20,2,4XX ROBSON ST,Central Business District,491437.4724,5458585.0047
Other Theft,2017,7,19,23,10,4XX ROBSON ST,Central Business District,491438.3304,5458597.0052
Other Theft,2017,7,27,21,8,4XX ROBSON ST,Central Business District,491438.3304,5458597.0052
Other Theft,2017,8,15,14,54,4XX ROBSON ST,Central Business District,491438.3304,5458597.0052
Other Theft,2017,8,22,16,49,4XX ROBSON ST,Central Business District,491438.3304,5458597.0052
Other Theft,2017,8,29,14,45,4XX ROBSON ST,Central Business District,491438.3304,5458597.0052
Other Theft,2017,8,29,19,25,4XX ROBSON ST,Central Business District,491438.3304,5458597.0052
Other Theft,2017,9,1,19,3,4XX ROBSON ST,Central Business District,491438.3304,5458597.0052
Other Theft,2017,9,6,9,0,4XX ROBSON ST,Central Business District,491438.3304,5458597.0052
Other Theft,2017,9,13,20,48,4XX ROBSON ST,Central Business District,491438.3304,5458597.0052
Other Theft,2017,9,19,15,30,4XX ROBSON ST,Central Business District,491438.3304,5458597.0052
Other Theft,2017,10,19,15,18,4XX ROBSON ST,Central Business District,491438.3304,5458597.0052
Other Theft,2017,10,30,19,20,4XX ROBSON ST,Central Business District,491438.3304,5458597.0052
Other Theft,2017,10,30,19,45,4XX ROBSON ST,Central Business District,491438.3304,5458597.0052
Other Theft,2017,11,6,11,20,4XX ROBSON ST,Central Business District,491438.3304,5458597.0052
Other Theft,2017,12,7,21,21,4XX ROBSON ST,Central Business District,491438.3304,5458597.0052
Other Theft,2017,12,8,14,33,4XX ROBSON ST,Central Business District,491438.3304,5458597.0052
Other Theft,2017,2,10,11,59,4XX ROBSON ST,Central Business District,491438.3304,5458597.0052
Other Theft,2017,2,4,13,9,4XX ROBSON ST,Central Business District,491443.8954,5458591.5131
Other Theft,2017,6,3,17,16,4XX ROBSON ST,Central Business District,491443.8954,5458591.5131
Other Theft,2017,12,11,17,37,4XX ROBSON ST,Central Business District,491443.8954,5458591.5131
Other Theft,2017,3,7,18,16,4XX ROBSON ST,Central Business District,491449.9938,5458572.6475
Other Theft,2017,1,26,23,20,4XX ROBSON ST,Central Business District,491456.4168,5458579.1558
Other Theft,2017,3,23,23,20,4XX ROBSON ST,Central Business District,491456.4168,5458579.1558
Other Theft,2017,4,14,15,15,4XX ROBSON ST,Central Business District,491456.4168,5458579.1558
Other Theft,2017,6,4,5,55,4XX ROBSON ST,Central Business District,491456.4168,5458579.1558
Other Theft,2017,6,25,22,0,4XX ROBSON ST,Central Business District,491456.4168,5458579.1558
Other Theft,2017,6,28,10,48,4XX ROBSON ST,Central Business District,491456.4168,5458579.1558
Other Theft,2017,7,29,3,29,4XX ROBSON ST,Central Business District,491456.4168,5458579.1558
Other Theft,2017,9,6,3,39,4XX ROBSON ST,Central Business District,491456.4168,5458579.1558
Other Theft,2017,10,3,23,8,4XX ROBSON ST,Central Business District,491456.4168,5458579.1558
Other Theft,2017,10,9,15,25,4XX ROBSON ST,Central Business District,491458.3414,5458564.4094
Other Theft,2017,7,31,10,47,4XX ROBSON ST,Central Business District,491474.6953,5458548.2696
Other Theft,2017,10,13,8,59,4XX ROBSON ST,Central Business District,491474.6953,5458548.2696
Other Theft,2017,11,18,21,0,4XX ROBSON ST,Central Business District,491478.2782,5458557.5808
Other Theft,2017,1,27,8,34,4XX ROBSON ST,Central Business District,491478.2782,5458557.5808
Other Theft,2017,2,1,16,52,4XX ROBSON ST,Central Business District,491483.9585,5458551.9749
Other Theft,2017,5,22,18,12,4XX ROBSON ST,Central Business District,491483.9585,5458551.9749
Other Theft,2017,2,26,0,0,4XX SE MARINE DR,Sunset,492871.0495,5450892.9061
Other Theft,2017,2,28,12,0,4XX SE MARINE DR,Sunset,492871.0495,5450892.9061
Other Theft,2017,11,22,11,21,4XX SE MARINE DR,Sunset,492871.0495,5450892.9061
Other Theft,2017,3,2,14,22,4XX SE MARINE DR,Sunset,493043.4289,5450934.0609
Other Theft,2017,1,14,21,37,4XX SEYMOUR ST,Central Business District,491794.6891,5459103.1935
Other Theft,2017,8,13,0,0,4XX STANLEY PARK DR,Stanley Park,490208.4917,5460474.9899
Other Theft,2017,12,26,14,10,4XX SW MARINE DR,Marpole,491488.2487,5450821.0926
Other Theft,2017,3,31,12,17,4XX SW MARINE DR,Marpole,491488.2487,5450821.0926
Other Theft,2017,5,8,21,53,4XX SW MARINE DR,Marpole,491516.3238,5450838.0007
Other Theft,2017,1,8,15,0,4XX SW MARINE DR,Marpole,491525.7588,5450843.6842
Other Theft,2017,3,1,15,36,4XX SW MARINE DR,Marpole,491533.169,5450848.1457
Other Theft,2017,3,14,19,34,4XX SW MARINE DR,Marpole,491533.169,5450848.1457
Other Theft,2017,3,14,20,35,4XX SW MARINE DR,Marpole,491533.169,5450848.1457
Other Theft,2017,3,22,13,34,4XX SW MARINE DR,Marpole,491533.169,5450848.1457
Other Theft,2017,4,6,9,14,4XX SW MARINE DR,Marpole,491533.169,5450848.1457
Other Theft,2017,5,7,18,16,4XX SW MARINE DR,Marpole,491533.169,5450848.1457
Other Theft,2017,5,22,19,0,4XX SW MARINE DR,Marpole,491533.169,5450848.1457
Other Theft,2017,8,9,21,2,4XX SW MARINE DR,Marpole,491533.169,5450848.1457
Other Theft,2017,9,22,20,20,4XX SW MARINE DR,Marpole,491533.169,5450848.1457
Other Theft,2017,10,2,17,30,4XX SW MARINE DR,Marpole,491533.169,5450848.1457
Other Theft,2017,10,4,18,36,4XX SW MARINE DR,Marpole,491533.169,5450848.1457
Other Theft,2017,10,11,18,8,4XX SW MARINE DR,Marpole,491533.169,5450848.1457
Other Theft,2017,10,12,22,13,4XX SW MARINE DR,Marpole,491533.169,5450848.1457
Other Theft,2017,10,19,21,51,4XX SW MARINE DR,Marpole,491533.169,5450848.1457
Other Theft,2017,10,20,15,22,4XX SW MARINE DR,Marpole,491533.169,5450848.1457
Other Theft,2017,10,26,12,40,4XX SW MARINE DR,Marpole,491533.169,5450848.1457
Other Theft,2017,11,5,16,41,4XX SW MARINE DR,Marpole,491533.169,5450848.1457
Other Theft,2017,11,27,12,26,4XX SW MARINE DR,Marpole,491533.169,5450848.1457
Other Theft,2017,12,22,12,15,4XX SW MARINE DR,Marpole,491533.169,5450848.1457
Other Theft,2017,1,23,20,36,4XX SW MARINE DR,Marpole,491535.9765,5450849.8365
Other Theft,2017,3,26,22,33,4XX SW MARINE DR,Marpole,491535.9765,5450849.8365
Other Theft,2017,4,26,22,36,4XX SW MARINE DR,Marpole,491535.9765,5450849.8365
Other Theft,2017,5,8,11,58,4XX SW MARINE DR,Marpole,491535.9765,5450849.8365
Other Theft,2017,6,5,15,5,4XX SW MARINE DR,Marpole,491535.9765,5450849.8365
Other Theft,2017,6,26,23,58,4XX SW MARINE DR,Marpole,491535.9765,5450849.8365
Other Theft,2017,1,22,19,0,4XX SW MARINE DR,Marpole,491536.511,5450850.1601
Other Theft,2017,2,17,20,15,4XX SW MARINE DR,Marpole,491544.399,5450854.9089
Other Theft,2017,9,12,9,0,4XX SW MARINE DR,Marpole,491544.399,5450854.9089
Other Theft,2017,1,14,17,0,4XX SW MARINE DR,Marpole,491550.0141,5450858.2906
Other Theft,2017,4,7,14,45,4XX SW MARINE DR,Marpole,491550.0141,5450858.2906
Other Theft,2017,4,7,14,50,4XX SW MARINE DR,Marpole,491550.0141,5450858.2906
Other Theft,2017,4,25,21,3,4XX SW MARINE DR,Marpole,491550.0141,5450858.2906
Other Theft,2017,5,15,17,8,4XX SW MARINE DR,Marpole,491550.0141,5450858.2906
Other Theft,2017,8,31,17,25,4XX SW MARINE DR,Marpole,491550.0141,5450858.2906
Other Theft,2017,9,16,17,0,4XX SW MARINE DR,Marpole,491550.0141,5450858.2906
Other Theft,2017,9,30,11,30,4XX SW MARINE DR,Marpole,491550.0141,5450858.2906
Other Theft,2017,10,3,13,9,4XX SW MARINE DR,Marpole,491550.0141,5450858.2906
Other Theft,2017,10,26,17,54,4XX SW MARINE DR,Marpole,491550.0141,5450858.2906
Other Theft,2017,11,22,15,52,4XX SW MARINE DR,Marpole,491550.0141,5450858.2906
Other Theft,2017,11,22,18,0,4XX SW MARINE DR,Marpole,491550.0141,5450858.2906
Other Theft,2017,12,9,14,0,4XX SW MARINE DR,Marpole,491550.0141,5450858.2906
Other Theft,2017,12,12,12,9,4XX SW MARINE DR,Marpole,491550.0141,5450858.2906
Other Theft,2017,12,20,12,53,4XX SW MARINE DR,Marpole,491550.0141,5450858.2906
Other Theft,2017,12,28,17,15,4XX SW MARINE DR,Marpole,491550.0141,5450858.2906
Other Theft,2017,12,28,19,37,4XX SW MARINE DR,Marpole,491550.0141,5450858.2906
Other Theft,2017,5,8,13,15,4XX SW MARINE DR,Marpole,491572.4742,5450871.8171
Other Theft,2017,5,11,13,50,4XX SW MARINE DR,Marpole,491572.4742,5450871.8171
Other Theft,2017,5,24,19,52,4XX SW MARINE DR,Marpole,491572.4742,5450871.8171
Other Theft,2017,12,10,10,17,4XX SW MARINE DR,Marpole,491572.4742,5450871.8171
Other Theft,2017,12,29,10,40,4XX SW MARINE DR,Marpole,491572.4742,5450871.8171
Other Theft,2017,3,3,21,0,4XX TERMINAL AVE,Strathcona,493114.4002,5457675.2411
Other Theft,2017,3,27,9,15,4XX TERMINAL AVE,Strathcona,493114.4002,5457675.2411
Other Theft,2017,4,6,8,19,4XX TERMINAL AVE,Strathcona,493114.4002,5457675.2411
Other Theft,2017,7,19,22,45,4XX UNION ST,Strathcona,493063.5714,5458314.6247
Other Theft,2017,3,10,16,0,4XX W 12TH AVE,Mount Pleasant,491704.6051,5456413.6324
Other Theft,2017,5,1,14,0,4XX W 12TH AVE,Mount Pleasant,491704.6051,5456413.6324
Other Theft,2017,12,13,23,0,4XX W 13TH AVE,Mount Pleasant,491759.0037,5456295.4318
Other Theft,2017,3,20,14,42,4XX W 2ND AVE,Mount Pleasant,491666.8389,5457131.84
Other Theft,2017,1,14,15,0,4XX W 2ND AVE,Mount Pleasant,491762.9951,5457195.6778
Other Theft,2017,2,8,9,45,4XX W 40TH AVE,Riley Park,491557.9615,5453531.7028
Other Theft,2017,5,18,14,0,4XX W 40TH AVE,Riley Park,491561.7648,5453531.492
Other Theft,2017,8,5,12,0,4XX W 49TH AVE,Oakridge,491597.6281,5452585.6365
Other Theft,2017,4,5,15,10,4XX W 8TH AVE,Mount Pleasant,491653.2363,5456808.8475
Other Theft,2017,1,16,17,5,4XX W 8TH AVE,Mount Pleasant,491666.2208,5456814.193
Other Theft,2017,1,30,13,34,4XX W 8TH AVE,Mount Pleasant,491666.2208,5456814.193
Other Theft,2017,1,31,17,41,4XX W 8TH AVE,Mount Pleasant,491666.2208,5456814.193
Other Theft,2017,2,3,18,14,4XX W 8TH AVE,Mount Pleasant,491666.2208,5456814.193
Other Theft,2017,3,7,16,34,4XX W 8TH AVE,Mount Pleasant,491666.2208,5456814.193
Other Theft,2017,3,8,20,0,4XX W 8TH AVE,Mount Pleasant,491666.2208,5456814.193
Other Theft,2017,3,15,16,0,4XX W 8TH AVE,Mount Pleasant,491666.2208,5456814.193
Other Theft,2017,3,24,14,47,4XX W 8TH AVE,Mount Pleasant,491666.2208,5456814.193
Other Theft,2017,3,29,20,46,4XX W 8TH AVE,Mount Pleasant,491666.2208,5456814.193
Other Theft,2017,4,12,20,9,4XX W 8TH AVE,Mount Pleasant,491666.2208,5456814.193
Other Theft,2017,5,4,16,51,4XX W 8TH AVE,Mount Pleasant,491666.2208,5456814.193
Other Theft,2017,5,15,19,7,4XX W 8TH AVE,Mount Pleasant,491666.2208,5456814.193
Other Theft,2017,5,17,18,7,4XX W 8TH AVE,Mount Pleasant,491666.2208,5456814.193
Other Theft,2017,5,18,12,35,4XX W 8TH AVE,Mount Pleasant,491666.2208,5456814.193
Other Theft,2017,5,18,16,22,4XX W 8TH AVE,Mount Pleasant,491666.2208,5456814.193
Other Theft,2017,5,18,21,0,4XX W 8TH AVE,Mount Pleasant,491666.2208,5456814.193
Other Theft,2017,6,16,13,36,4XX W 8TH AVE,Mount Pleasant,491666.2208,5456814.193
Other Theft,2017,6,23,19,4,4XX W 8TH AVE,Mount Pleasant,491666.2208,5456814.193
Other Theft,2017,6,27,17,30,4XX W 8TH AVE,Mount Pleasant,491666.2208,5456814.193
Other Theft,2017,7,13,18,2,4XX W 8TH AVE,Mount Pleasant,491666.2208,5456814.193
Other Theft,2017,7,14,18,23,4XX W 8TH AVE,Mount Pleasant,491666.2208,5456814.193
Other Theft,2017,7,16,18,3,4XX W 8TH AVE,Mount Pleasant,491666.2208,5456814.193
Other Theft,2017,7,18,18,59,4XX W 8TH AVE,Mount Pleasant,491666.2208,5456814.193
Other Theft,2017,7,28,18,15,4XX W 8TH AVE,Mount Pleasant,491666.2208,5456814.193
Other Theft,2017,8,6,14,27,4XX W 8TH AVE,Mount Pleasant,491666.2208,5456814.193
Other Theft,2017,8,12,14,43,4XX W 8TH AVE,Mount Pleasant,491666.2208,5456814.193
Other Theft,2017,8,20,12,26,4XX W 8TH AVE,Mount Pleasant,491666.2208,5456814.193
Other Theft,2017,9,12,19,45,4XX W 8TH AVE,Mount Pleasant,491666.2208,5456814.193
Other Theft,2017,9,12,21,14,4XX W 8TH AVE,Mount Pleasant,491666.2208,5456814.193
Other Theft,2017,9,14,19,32,4XX W 8TH AVE,Mount Pleasant,491666.2208,5456814.193
Other Theft,2017,9,27,16,54,4XX W 8TH AVE,Mount Pleasant,491666.2208,5456814.193
Other Theft,2017,10,6,15,12,4XX W 8TH AVE,Mount Pleasant,491666.2208,5456814.193
Other Theft,2017,10,17,14,25,4XX W 8TH AVE,Mount Pleasant,491666.2208,5456814.193
Other Theft,2017,11,11,19,31,4XX W 8TH AVE,Mount Pleasant,491666.2208,5456814.193
Other Theft,2017,11,16,18,38,4XX W 8TH AVE,Mount Pleasant,491666.2208,5456814.193
Other Theft,2017,11,24,13,0,4XX W 8TH AVE,Mount Pleasant,491666.2208,5456814.193
Other Theft,2017,11,25,20,30,4XX W 8TH AVE,Mount Pleasant,491666.2208,5456814.193
Other Theft,2017,11,26,11,9,4XX W 8TH AVE,Mount Pleasant,491666.2208,5456814.193
Other Theft,2017,12,12,16,56,4XX W 8TH AVE,Mount Pleasant,491666.2208,5456814.193
Other Theft,2017,12,21,15,4,4XX W 8TH AVE,Mount Pleasant,491666.2208,5456814.193
Other Theft,2017,12,22,15,24,4XX W 8TH AVE,Mount Pleasant,491666.2208,5456814.193
Other Theft,2017,12,30,14,58,4XX W 8TH AVE,Mount Pleasant,491666.2208,5456814.193
Other Theft,2017,9,21,22,17,4XX W 8TH AVE,Mount Pleasant,491676.0062,5456801.3364
Other Theft,2017,9,22,12,0,4XX W 8TH AVE,Mount Pleasant,491676.0062,5456801.3364
Other Theft,2017,11,27,15,35,4XX W 8TH AVE,Mount Pleasant,491676.0062,5456801.3364
Other Theft,2017,8,20,16,16,4XX W 8TH AVE,Mount Pleasant,491678.8707,5456810.0202
Other Theft,2017,6,9,18,0,4XX W 8TH AVE,Mount Pleasant,491746.2421,5456797.1621
Other Theft,2017,4,28,17,0,4XX W 8TH AVE,Mount Pleasant,491783.5129,5456795.7591
Other Theft,2017,8,20,11,26,4XX W CORDOVA ST,Central Business District,492004.8652,5459046.0291
Other Theft,2017,7,11,3,27,4XX W GEORGIA ST,Central Business District,491556.4682,5458723.6226
Other Theft,2017,11,13,20,0,4XX W GEORGIA ST,Central Business District,491556.4682,5458723.6226
Other Theft,2017,7,9,0,0,4XX W GEORGIA ST,Central Business District,491582.1608,5458685.2897
Other Theft,2017,5,8,2,1,4XX W GEORGIA ST,Central Business District,491616.5934,5458651.1697
Other Theft,2017,1,17,15,0,4XX W GEORGIA ST,Central Business District,491623.0297,5458657.6649
Other Theft,2017,5,3,15,20,4XX W GEORGIA ST,Central Business District,491623.0297,5458657.6649
Other Theft,2017,6,24,16,39,4XX W GEORGIA ST,Central Business District,491623.0297,5458657.6649
Other Theft,2017,12,14,12,15,4XX W GEORGIA ST,Central Business District,491623.0297,5458657.6649
Other Theft,2017,7,23,13,4,4XX W HASTINGS ST,Central Business District,491864.3214,5459029.2884
Other Theft,2017,9,6,13,45,4XX W HASTINGS ST,Central Business District,491864.3214,5459029.2884
Other Theft,2017,12,5,19,6,4XX W HASTINGS ST,Central Business District,491864.3214,5459029.2884
Other Theft,2017,12,14,13,10,4XX W HASTINGS ST,Central Business District,491864.3214,5459029.2884
Other Theft,2017,1,4,14,22,4XX W HASTINGS ST,Central Business District,491864.3214,5459029.2884
Other Theft,2017,2,18,16,40,4XX W HASTINGS ST,Central Business District,491864.3214,5459029.2884
Other Theft,2017,2,23,22,45,4XX W HASTINGS ST,Central Business District,491864.3214,5459029.2884
Other Theft,2017,3,9,8,34,4XX W HASTINGS ST,Central Business District,491864.3214,5459029.2884
Other Theft,2017,3,16,15,30,4XX W HASTINGS ST,Central Business District,491864.3214,5459029.2884
Other Theft,2017,4,17,18,0,4XX W HASTINGS ST,Central Business District,491864.3214,5459029.2884
Other Theft,2017,5,11,12,48,4XX W HASTINGS ST,Central Business District,491864.3214,5459029.2884
Other Theft,2017,8,27,20,12,4XX W HASTINGS ST,Central Business District,491892.7196,5459000.8566
Other Theft,2017,10,4,22,42,4XX W HASTINGS ST,Central Business District,491892.7196,5459000.8566
Other Theft,2017,2,4,14,8,4XX W HASTINGS ST,Central Business District,491899.4811,5458994.0872
Other Theft,2017,4,19,13,42,4XX W HASTINGS ST,Central Business District,491903.538,5458990.0255
Other Theft,2017,1,22,14,0,4XX W HASTINGS ST,Central Business District,491904.8903,5458988.6716
Other Theft,2017,4,13,20,0,4XX W HASTINGS ST,Central Business District,491918.4132,5458975.1327
Other Theft,2017,6,10,18,0,4XX W HASTINGS ST,Central Business District,491918.4132,5458975.1327
Other Theft,2017,9,21,2,35,4XX W HASTINGS ST,Central Business District,491926.527,5458967.0093
Other Theft,2017,5,17,21,22,4XX W HASTINGS ST,Central Business District,491908.6553,5458997.8414
Other Theft,2017,4,1,15,0,4XX W HASTINGS ST,Central Business District,491926.2351,5458980.2408
Other Theft,2017,4,12,12,25,4XX W HASTINGS ST,Central Business District,491926.2351,5458980.2408
Other Theft,2017,1,17,11,45,4XX W PENDER ST,Central Business District,491839.5607,5458924.6164
Other Theft,2017,8,22,12,0,4XX W PENDER ST,Central Business District,491839.6464,5458911.1815
Other Theft,2017,6,28,2,5,4XX W PENDER ST,Central Business District,491855.8349,5458893.9762
Other Theft,2017,11,30,21,38,4XX W PENDER ST,Central Business District,491855.8349,5458893.9762
Other Theft,2017,12,20,0,0,4XX W WATERFRONT RD,Central Business District,492094.7255,5459259.9982
Other Theft,2017,4,20,13,0,50XX ANGUS DR,Shaughnessy,489405.6972,5454162.1913
Other Theft,2017,6,6,8,12,50XX JOYCE ST,Renfrew-Collingwood,497678.1933,5453944.0557
Other Theft,2017,8,22,20,3,50XX JOYCE ST,Renfrew-Collingwood,497678.1933,5453944.0557
Other Theft,2017,8,24,18,0,50XX JOYCE ST,Renfrew-Collingwood,497678.1933,5453944.0557
Other Theft,2017,11,11,19,13,50XX JOYCE ST,Renfrew-Collingwood,497678.1933,5453944.0557
Other Theft,2017,2,16,12,30,50XX JOYCE ST,Renfrew-Collingwood,497714.1584,5454001.4149
Other Theft,2017,6,11,19,15,50XX JOYCE ST,Renfrew-Collingwood,497714.1584,5454001.4149
Other Theft,2017,8,25,11,29,50XX JOYCE ST,Renfrew-Collingwood,497714.1584,5454001.4149
Other Theft,2017,11,11,17,57,50XX JOYCE ST,Renfrew-Collingwood,497714.1584,5454001.4149
Other Theft,2017,12,20,14,30,50XX JOYCE ST,Renfrew-Collingwood,497714.1584,5454001.4149
Other Theft,2017,10,23,13,0,50XX JOYCE ST,Renfrew-Collingwood,497740.8488,5454026.7627
Other Theft,2017,12,6,11,18,50XX JOYCE ST,Renfrew-Collingwood,497740.8488,5454026.7627
Other Theft,2017,8,28,14,4,50XX JOYCE ST,Renfrew-Collingwood,497751.9923,5454044.531
Other Theft,2017,10,18,23,45,50XX JOYCE ST,Renfrew-Collingwood,497751.9923,5454044.531
Other Theft,2017,5,9,18,36,50XX MAIN ST,Riley Park,492612.0025,5454045.5306
Other Theft,2017,1,25,11,53,50XX RUPERT ST,Renfrew-Collingwood,497159.9896,5454077.0121
Other Theft,2017,9,20,15,50,50XX VICTORIA DR,Kensington-Cedar Cottage,495243.5836,5453988.4939
Other Theft,2017,2,24,11,30,50XX WALES ST,Renfrew-Collingwood,496236.6389,5453974.8853
Other Theft,2017,5,1,12,30,50XX WILLOW ST,South Cambie,490993.808,5454156.2091
Other Theft,2017,5,4,15,30,50XX WILLOW ST,South Cambie,490993.808,5454156.2091
Other Theft,2017,5,24,13,45,50XX WILLOW ST,South Cambie,490993.808,5454156.2091
Other Theft,2017,6,28,14,45,51XX DUMFRIES ST,Kensington-Cedar Cottage,494599.2542,5453863.8279
Other Theft,2017,8,18,16,30,51XX DUMFRIES ST,Kensington-Cedar Cottage,494599.2542,5453863.8279
Other Theft,2017,2,1,19,32,51XX ELGIN ST,Kensington-Cedar Cottage,493922.6739,5453927.9863
Other Theft,2017,9,13,13,0,51XX GASTON ST,Renfrew-Collingwood,497772.8705,5453775.9238
Other Theft,2017,5,4,17,0,51XX JOYCE ST,Renfrew-Collingwood,497633.6975,5453875.0482
Other Theft,2017,5,4,19,6,51XX JOYCE ST,Renfrew-Collingwood,497652.6935,5453887.6302
Other Theft,2017,5,15,9,59,51XX JOYCE ST,Renfrew-Collingwood,497652.6935,5453887.6302
Other Theft,2017,7,6,16,30,51XX JOYCE ST,Renfrew-Collingwood,497660.2346,5453899.3223
Other Theft,2017,8,6,21,28,51XX JOYCE ST,Renfrew-Collingwood,497675.3346,5453939.6047
Other Theft,2017,6,19,23,30,51XX RUBY ST,Renfrew-Collingwood,497993.3962,5453948.3806
Other Theft,2017,7,23,15,51,51XX RUPERT ST,Renfrew-Collingwood,497081.7948,5453935.6642
Other Theft,2017,9,20,17,19,51XX RUPERT ST,Renfrew-Collingwood,497087.2217,5453944.2617
Other Theft,2017,10,20,20,0,52XX BLENHEIM ST,Dunbar-Southlands,486999.4931,5454015.87
Other Theft,2017,12,4,18,0,52XX BURSILL ST,Renfrew-Collingwood,496805.7419,5453761.4148
Other Theft,2017,6,21,17,30,52XX JOYCE ST,Renfrew-Collingwood,497568.2287,5453750.3674
Other Theft,2017,7,22,7,41,52XX JOYCE ST,Renfrew-Collingwood,497568.2287,5453750.3674
Other Theft,2017,5,20,12,0,52XX JOYCE ST,Renfrew-Collingwood,497582.2498,5453801.2275
Other Theft,2017,10,18,15,0,52XX JOYCE ST,Renfrew-Collingwood,497582.2498,5453801.2275
Other Theft,2017,5,6,9,0,52XX OAK ST,Shaughnessy,490680.7465,5453855.8833
Other Theft,2017,10,21,16,27,52XX OAK ST,Shaughnessy,490680.7465,5453855.8833
Other Theft,2017,10,7,0,13,52XX RUPERT ST,Renfrew-Collingwood,497002.5488,5453827.2947
Other Theft,2017,11,10,18,0,52XX ST CATHERINES ST,Kensington-Cedar Cottage,493680.3681,5453855.6112
Other Theft,2017,7,4,13,59,52XX VICTORIA DR,Kensington-Cedar Cottage,495231.9046,5453833.6085
Other Theft,2017,5,27,22,32,52XX VICTORIA DR,Kensington-Cedar Cottage,495240.9418,5453824.9603
Other Theft,2017,1,3,12,25,53XX DUNDEE ST,Renfrew-Collingwood,496540.8067,5453656.1844
Other Theft,2017,3,7,10,0,53XX EAST BLVD,Shaughnessy,488728.2556,5453895.5874
Other Theft,2017,6,27,18,0,53XX INVERNESS ST,Kensington-Cedar Cottage,494202.0928,5453695.0395
Other Theft,2017,1,13,10,0,53XX OBEN ST,Renfrew-Collingwood,498077.3464,5453622.1354
Other Theft,2017,11,2,20,0,53XX TRAFALGAR ST,Arbutus Ridge,487937.0362,5453952.7111
Other Theft,2017,5,4,18,0,54XX ALBERTA ST,Riley Park,491759.4096,5453811.749
Other Theft,2017,10,21,23,15,54XX COLLEGE ST,Renfrew-Collingwood,496765.4314,5453609.445
Other Theft,2017,11,1,18,0,54XX COLLEGE ST,Renfrew-Collingwood,496765.4314,5453609.445
Other Theft,2017,10,6,12,0,54XX DUNDEE ST,Renfrew-Collingwood,496541.6843,5453616.0142
Other Theft,2017,6,2,9,45,55XX BOUNDARY RD,Renfrew-Collingwood,498276.5687,5453500.8828
Other Theft,2017,8,25,7,0,55XX BOUNDARY RD,Renfrew-Collingwood,498276.5687,5453500.8828
Other Theft,2017,7,12,20,5,55XX BOUNDARY RD,Renfrew-Collingwood,498276.617,5453485.7613
Other Theft,2017,12,17,15,3,55XX BOUNDARY RD,Renfrew-Collingwood,498276.617,5453485.7613
Other Theft,2017,2,23,20,59,55XX CAMBIE ST,South Cambie,491528.032,5453574.1706
Other Theft,2017,3,8,10,14,55XX CAMBIE ST,South Cambie,491528.032,5453574.1706
Other Theft,2017,3,8,13,0,55XX CAMBIE ST,South Cambie,491528.032,5453574.1706
Other Theft,2017,3,10,15,40,55XX CAMBIE ST,South Cambie,491528.032,5453574.1706
Other Theft,2017,3,20,15,27,55XX CAMBIE ST,South Cambie,491528.032,5453574.1706
Other Theft,2017,3,30,21,18,55XX CAMBIE ST,South Cambie,491528.032,5453574.1706
Other Theft,2017,3,30,21,58,55XX CAMBIE ST,South Cambie,491528.032,5453574.1706
Other Theft,2017,6,7,14,0,55XX CAMBIE ST,South Cambie,491528.032,5453574.1706
Other Theft,2017,6,15,18,15,55XX CAMBIE ST,South Cambie,491528.032,5453574.1706
Other Theft,2017,7,20,18,0,55XX CAMBIE ST,South Cambie,491528.032,5453574.1706
Other Theft,2017,11,7,20,53,55XX CAMBIE ST,South Cambie,491528.032,5453574.1706
Other Theft,2017,12,14,18,5,55XX CAMBIE ST,South Cambie,491528.032,5453574.1706
Other Theft,2017,2,1,10,30,55XX CAMBIE ST,Riley Park,491559.6749,5453622.3448
Other Theft,2017,2,23,17,0,55XX CAMBIE ST,Riley Park,491559.6749,5453622.3448
Other Theft,2017,3,11,12,15,55XX CAMBIE ST,Riley Park,491559.6749,5453622.3448
Other Theft,2017,4,9,16,48,55XX CAMBIE ST,Riley Park,491559.6749,5453622.3448
Other Theft,2017,4,17,17,42,55XX CAMBIE ST,Riley Park,491559.6749,5453622.3448
Other Theft,2017,6,28,18,0,55XX CAMBIE ST,Riley Park,491559.6749,5453622.3448
Other Theft,2017,8,30,8,28,55XX CAMBIE ST,Riley Park,491559.6749,5453622.3448
Other Theft,2017,8,31,13,52,55XX CAMBIE ST,Riley Park,491559.6749,5453622.3448
Other Theft,2017,10,7,13,0,55XX CAMBIE ST,Riley Park,491559.6749,5453622.3448
Other Theft,2017,10,29,18,0,55XX CAMBIE ST,Riley Park,491559.6749,5453622.3448
Other Theft,2017,11,15,11,30,55XX CAMBIE ST,Riley Park,491559.6749,5453622.3448
Other Theft,2017,12,4,18,45,55XX CAMBIE ST,Riley Park,491559.6749,5453622.3448
Other Theft,2017,12,15,10,0,55XX CAMBIE ST,Riley Park,491559.6749,5453622.3448
Other Theft,2017,12,23,17,0,55XX CAMBIE ST,Riley Park,491559.6749,5453622.3448
Other Theft,2017,12,29,17,0,55XX CAMBIE ST,Riley Park,491559.6749,5453622.3448
Other Theft,2017,10,6,17,51,55XX JOYCE ST,Renfrew-Collingwood,497332.3718,5453382.3414
Other Theft,2017,4,22,14,56,55XX ORMIDALE ST,Renfrew-Collingwood,498196.8172,5453391.4696
Other Theft,2017,3,14,17,0,55XX OSLER ST,Shaughnessy,490516.1312,5453617.112
Other Theft,2017,7,3,12,0,55XX SHERBROOKE ST,Kensington-Cedar Cottage,494098.3501,5453506.8459
Other Theft,2017,3,25,13,18,55XX VICTORIA DR,Kensington-Cedar Cottage,495229.0866,5453476.2699
Other Theft,2017,8,9,17,0,55XX VICTORIA DR,Kensington-Cedar Cottage,495229.2028,5453470.1747
Other Theft,2017,9,11,17,26,55XX WEST BLVD,Arbutus Ridge,488672.8008,5453665.3002
Other Theft,2017,12,18,11,0,55XX WEST BLVD,Arbutus Ridge,488674.3776,5453735.462
Other Theft,2017,6,18,16,33,55XX WEST BLVD,Arbutus Ridge,488674.6266,5453746.5401
Other Theft,2017,11,29,8,15,55XX YEW ST,Arbutus Ridge,488466.3965,5453687.2984
Other Theft,2017,7,13,3,9,56XX ALMA ST,Dunbar-Southlands,486404.9496,5453586.9976
Other Theft,2017,1,26,4,43,56XX BALSAM ST,Arbutus Ridge,488252.3225,5453656.2956
Other Theft,2017,7,17,16,0,56XX BOUNDARY RD,Renfrew-Collingwood,498277.1506,5453318.596
Other Theft,2017,9,9,15,0,56XX BOUNDARY RD,Renfrew-Collingwood,498277.1506,5453318.596
Other Theft,2017,12,26,17,20,56XX BOUNDARY RD,Renfrew-Collingwood,498277.1506,5453318.596
Other Theft,2017,4,21,11,8,56XX CHURCHILL ST,Shaughnessy,489700.237,5453550.0402
Other Theft,2017,4,24,10,10,56XX CHURCHILL ST,Shaughnessy,489700.237,5453550.0402
Other Theft,2017,7,29,13,30,56XX EAST BLVD,Shaughnessy,488722.3039,5453584.3806
Other Theft,2017,4,4,15,0,56XX FRASER ST,Kensington-Cedar Cottage,493412.6514,5453368.5409
Other Theft,2017,5,31,16,34,56XX HAROLD ST,Renfrew-Collingwood,497460.0185,5453421.7649
Other Theft,2017,7,7,13,0,56XX HIGHBURY ST,Dunbar-Southlands,486287.6817,5453655.5312
Other Theft,2017,4,23,14,21,56XX LANCASTER ST,Renfrew-Collingwood,496959.1811,5453443.2024
Other Theft,2017,8,28,20,13,56XX MELBOURNE ST,Renfrew-Collingwood,497865.1276,5453350.7038
Other Theft,2017,3,2,20,6,56XX OAK ST,South Cambie,490681.3529,5453496.7768
Other Theft,2017,7,15,13,30,56XX OAK ST,South Cambie,490681.3529,5453496.7768
Other Theft,2017,7,15,15,0,56XX OAK ST,South Cambie,490681.3529,5453496.7768
Other Theft,2017,6,1,10,58,56XX OBEN ST,Renfrew-Collingwood,498029.4273,5453410.8943
Other Theft,2017,4,14,14,0,56XX STANLEY PARK DR,Stanley Park,489602.9925,5462180.0407
Other Theft,2017,6,17,18,15,56XX STANLEY PARK DR,Stanley Park,489602.9925,5462180.0407
Other Theft,2017,6,28,18,5,56XX STANLEY PARK DR,Stanley Park,489610.2919,5462185.5481
Other Theft,2017,2,8,11,40,56XX VICTORIA DR,Kensington-Cedar Cottage,495227.3852,5453387.0916
Other Theft,2017,5,24,1,5,56XX VICTORIA DR,Kensington-Cedar Cottage,495227.3852,5453387.0916
Other Theft,2017,9,20,18,0,56XX VICTORIA DR,Kensington-Cedar Cottage,495227.3852,5453387.0916
Other Theft,2017,10,22,11,58,56XX VICTORIA DR,Kensington-Cedar Cottage,495227.3852,5453387.0916
Other Theft,2017,10,24,23,15,56XX VICTORIA DR,Kensington-Cedar Cottage,495227.3852,5453387.0916
Other Theft,2017,1,21,1,40,56XX VICTORIA DR,Kensington-Cedar Cottage,495227.4011,5453387.6488
Other Theft,2017,1,2,16,35,56XX VICTORIA DR,Kensington-Cedar Cottage,495228.072,5453413.3296
Other Theft,2017,1,3,17,29,56XX VICTORIA DR,Kensington-Cedar Cottage,495228.072,5453413.3296
Other Theft,2017,1,11,15,7,56XX VICTORIA DR,Kensington-Cedar Cottage,495228.072,5453413.3296
Other Theft,2017,1,21,20,10,56XX VICTORIA DR,Kensington-Cedar Cottage,495228.072,5453413.3296
Other Theft,2017,1,26,19,0,56XX VICTORIA DR,Kensington-Cedar Cottage,495228.072,5453413.3296
Other Theft,2017,1,31,14,51,56XX VICTORIA DR,Kensington-Cedar Cottage,495228.072,5453413.3296
Other Theft,2017,2,23,15,16,56XX VICTORIA DR,Kensington-Cedar Cottage,495228.072,5453413.3296
Other Theft,2017,3,3,10,2,56XX VICTORIA DR,Kensington-Cedar Cottage,495228.072,5453413.3296
Other Theft,2017,3,27,14,50,56XX VICTORIA DR,Kensington-Cedar Cottage,495228.072,5453413.3296
Other Theft,2017,4,10,17,45,56XX VICTORIA DR,Kensington-Cedar Cottage,495228.072,5453413.3296
Other Theft,2017,4,21,16,25,56XX VICTORIA DR,Kensington-Cedar Cottage,495228.072,5453413.3296
Other Theft,2017,5,10,11,30,56XX VICTORIA DR,Kensington-Cedar Cottage,495228.072,5453413.3296
Other Theft,2017,5,17,12,4,56XX VICTORIA DR,Kensington-Cedar Cottage,495228.072,5453413.3296
Other Theft,2017,5,31,16,21,56XX VICTORIA DR,Kensington-Cedar Cottage,495228.072,5453413.3296
Other Theft,2017,6,7,20,15,56XX VICTORIA DR,Kensington-Cedar Cottage,495228.072,5453413.3296
Other Theft,2017,6,26,20,0,56XX VICTORIA DR,Kensington-Cedar Cottage,495228.072,5453413.3296
Other Theft,2017,6,27,21,3,56XX VICTORIA DR,Kensington-Cedar Cottage,495228.072,5453413.3296
Other Theft,2017,6,29,13,16,56XX VICTORIA DR,Kensington-Cedar Cottage,495228.072,5453413.3296
Other Theft,2017,7,14,12,55,56XX VICTORIA DR,Kensington-Cedar Cottage,495228.072,5453413.3296
Other Theft,2017,8,3,11,10,56XX VICTORIA DR,Kensington-Cedar Cottage,495228.072,5453413.3296
Other Theft,2017,8,9,12,20,56XX VICTORIA DR,Kensington-Cedar Cottage,495228.072,5453413.3296
Other Theft,2017,9,20,10,30,56XX VICTORIA DR,Kensington-Cedar Cottage,495228.072,5453413.3296
Other Theft,2017,9,29,15,26,56XX VICTORIA DR,Kensington-Cedar Cottage,495228.072,5453413.3296
Other Theft,2017,10,4,17,59,56XX VICTORIA DR,Kensington-Cedar Cottage,495228.072,5453413.3296
Other Theft,2017,10,10,19,2,56XX VICTORIA DR,Kensington-Cedar Cottage,495228.072,5453413.3296
Other Theft,2017,10,11,17,6,56XX VICTORIA DR,Kensington-Cedar Cottage,495228.072,5453413.3296
Other Theft,2017,10,22,9,40,56XX VICTORIA DR,Kensington-Cedar Cottage,495228.072,5453413.3296
Other Theft,2017,11,6,17,23,56XX VICTORIA DR,Kensington-Cedar Cottage,495228.072,5453413.3296
Other Theft,2017,11,6,21,0,56XX VICTORIA DR,Kensington-Cedar Cottage,495228.072,5453413.3296
Other Theft,2017,11,13,17,46,56XX VICTORIA DR,Kensington-Cedar Cottage,495228.072,5453413.3296
Other Theft,2017,2,17,11,45,56XX VICTORIA DR,Kensington-Cedar Cottage,495229.196,5453456.2645
Other Theft,2017,3,4,18,0,56XX WEST BLVD,Arbutus Ridge,488672.3014,5453563.4718
Other Theft,2017,12,1,0,0,56XX WILLOW ST,South Cambie,490986.8923,5453471.9367
Other Theft,2017,1,8,16,0,57XX CAMBIE ST,Oakridge,491556.4873,5453373.2046
Other Theft,2017,11,27,12,0,57XX CHURCHILL ST,Kerrisdale,489697.5128,5453419.9186
Other Theft,2017,6,12,22,0,57XX EARLES ST,Victoria-Fraserview,496442.9837,5453261.4735
Other Theft,2017,3,21,15,55,57XX JOYCE ST,Killarney,497270.9653,5453192.8442
Other Theft,2017,2,1,0,0,57XX OAK ST,Oakridge,490678.6926,5453395.8843
Other Theft,2017,8,14,12,0,57XX VICTORIA DR,Victoria-Fraserview,495225.2331,5453319.1611
Other Theft,2017,5,20,20,33,57XX VICTORIA DR,Victoria-Fraserview,495225.3707,5453298.9954
Other Theft,2017,2,27,16,15,57XX VICTORIA DR,Victoria-Fraserview,495234.744,5453265.4483
Other Theft,2017,9,25,0,0,58XX BATTISON ST,Killarney,497777.2296,5453156.6081
Other Theft,2017,4,28,14,15,58XX FRASER ST,Sunset,493409.6755,5453202.6387
Other Theft,2017,11,22,21,30,58XX GRANVILLE ST,Kerrisdale,489832.5434,5453343.7976
Other Theft,2017,5,29,0,1,58XX JOYCE ST,Killarney,497270.3427,5453135.6884
Other Theft,2017,7,1,13,49,58XX MAIN ST,Sunset,492619.0651,5453211.6429
Other Theft,2017,1,2,11,52,58XX NANAIMO ST,Victoria-Fraserview,495717.7498,5453112.9541
Other Theft,2017,5,3,14,43,58XX OAK ST,Oakridge,490676.6645,5453324.468
Other Theft,2017,7,23,14,0,58XX OAK ST,Oakridge,490676.6645,5453324.468
Other Theft,2017,6,26,19,9,58XX RUPERT ST,Killarney,496863.0351,5453070.1064
Other Theft,2017,9,28,15,59,58XX RUPERT ST,Killarney,496863.3354,5453129.4122
Other Theft,2017,6,5,13,0,58XX VICTORIA DR,Victoria-Fraserview,495223.5285,5453150.0296
Other Theft,2017,4,17,18,12,58XX VICTORIA DR,Victoria-Fraserview,495232.6317,5453148.2261
Other Theft,2017,3,28,13,1,58XX WEST BLVD,Kerrisdale,488667.251,5453384.916
Other Theft,2017,7,18,19,35,58XX WEST BLVD,Kerrisdale,488667.251,5453384.916
Other Theft,2017,4,18,20,41,59XX ALBERTA ST,Oakridge,491762.2078,5453195.6838
Other Theft,2017,10,4,11,30,59XX FREMLIN ST,Oakridge,490768.9501,5453169.0409
Other Theft,2017,10,5,9,35,59XX FREMLIN ST,Oakridge,490768.9501,5453169.0409
Other Theft,2017,10,5,11,15,59XX FREMLIN ST,Oakridge,490768.9501,5453169.0409
Other Theft,2017,3,3,0,0,59XX JOYCE ST,Killarney,497281.5822,5452975.8445
Other Theft,2017,3,15,16,0,59XX PRINCE ALBERT ST,Sunset,493607.4025,5453080.3474
Other Theft,2017,10,10,14,30,59XX ROSS ST,Sunset,493978.5532,5453068.7038
Other Theft,2017,4,28,15,50,59XX RUPERT ST,Killarney,496862.952,5453053.6606
Other Theft,2017,4,10,10,54,59XX STIRLING ST,Victoria-Fraserview,495642.7959,5452981.1241
Other Theft,2017,11,10,10,6,59XX TISDALL ST,Oakridge,491102.0786,5453209.6848
Other Theft,2017,2,1,12,0,59XX VICTORIA DR,Victoria-Fraserview,495221.4674,5453044.4383
Other Theft,2017,2,9,1,0,59XX VICTORIA DR,Victoria-Fraserview,495230.2033,5453014.4889
Other Theft,2017,3,30,1,6,59XX WEST BLVD,Kerrisdale,488662.8426,5453279.9833
Other Theft,2017,7,2,12,23,5X ALEXANDER ST,Central Business District,492501.7932,5458993.9284
Other Theft,2017,10,19,16,10,5X ALEXANDER ST,Central Business District,492501.7932,5458993.9284
Other Theft,2017,9,27,8,55,5X ATHLETES WAY,Mount Pleasant,492324.0253,5457650.3016
Other Theft,2017,6,1,15,1,5X BLOOD ALLEY SQ,Central Business District,492351.9578,5458925.2122
Other Theft,2017,11,24,17,30,5X E 4TH AVE,Mount Pleasant,492458.5028,5457178.0651
Other Theft,2017,8,14,22,55,5X E CORDOVA ST,Central Business District,492492.1655,5458853.6387
Other Theft,2017,2,22,14,26,5X E CORDOVA ST,Central Business District,492497.8946,5458853.6056
Other Theft,2017,8,2,2,4,5X E HASTINGS ST,Central Business District,492488.539,5458741.4085
Other Theft,2017,1,26,18,42,5X E HASTINGS ST,Central Business District,492488.8309,5458750.5478
Other Theft,2017,4,1,8,34,5X E HASTINGS ST,Central Business District,492488.8309,5458750.5478
Other Theft,2017,6,16,8,0,5X E HASTINGS ST,Central Business District,492488.8309,5458750.5478
Other Theft,2017,7,9,15,51,5X E HASTINGS ST,Central Business District,492488.8309,5458750.5478
Other Theft,2017,8,2,20,28,5X E HASTINGS ST,Central Business District,492488.8309,5458750.5478
Other Theft,2017,8,22,0,0,5X E HASTINGS ST,Central Business District,492488.8309,5458750.5478
Other Theft,2017,9,24,16,8,5X E HASTINGS ST,Central Business District,492488.8309,5458750.5478
Other Theft,2017,10,6,22,4,5X E HASTINGS ST,Central Business District,492488.8309,5458750.5478
Other Theft,2017,12,7,23,1,5X E HASTINGS ST,Central Business District,492488.8309,5458750.5478
Other Theft,2017,12,27,0,1,5X E HASTINGS ST,Central Business District,492488.8309,5458750.5478
Other Theft,2017,6,20,19,0,5X E HASTINGS ST,Central Business District,492491.4239,5458741.3163
Other Theft,2017,9,8,19,0,5X E HASTINGS ST,Central Business District,492500.0786,5458741.0399
Other Theft,2017,7,2,15,0,5X E PENDER ST,Central Business District,492486.4415,5458635.3772
Other Theft,2017,7,27,20,0,5X E PENDER ST,Central Business District,492486.4415,5458635.3772
Other Theft,2017,5,10,18,57,5X E PENDER ST,Central Business District,492486.7751,5458644.5151
Other Theft,2017,6,17,11,22,5X E PENDER ST,Central Business District,492486.7751,5458644.5151
Other Theft,2017,6,14,21,6,5X KEEFER PL,Central Business District,492248.5734,5458541.2202
Other Theft,2017,9,12,9,18,5X KEEFER ST,Central Business District,492488.273,5458505.4713
Other Theft,2017,8,23,17,40,5X POWELL ST,Central Business District,492502.007,5458945.6604
Other Theft,2017,9,30,17,30,5X POWELL ST,Central Business District,492502.007,5458945.6604
Other Theft,2017,12,13,12,29,5X POWELL ST,Central Business District,492502.007,5458945.6604
Other Theft,2017,11,30,18,15,5X W 8TH AVE,Mount Pleasant,492293.7468,5456790.2203
Other Theft,2017,5,5,22,26,5X W CORDOVA ST,Central Business District,492310.4653,5458895.1476
Other Theft,2017,2,13,10,53,5X W CORDOVA ST,Central Business District,492321.9081,5458882.1259
Other Theft,2017,3,6,12,43,5X W CORDOVA ST,Central Business District,492321.9081,5458882.1259
Other Theft,2017,4,21,21,30,5X W CORDOVA ST,Central Business District,492321.9081,5458882.1259
Other Theft,2017,5,21,10,0,5X W CORDOVA ST,Central Business District,492321.9081,5458882.1259
Other Theft,2017,5,22,2,8,5X W CORDOVA ST,Central Business District,492321.9081,5458882.1259
Other Theft,2017,6,9,1,0,5X W CORDOVA ST,Central Business District,492321.9081,5458882.1259
Other Theft,2017,7,12,23,18,5X W CORDOVA ST,Central Business District,492321.9081,5458882.1259
Other Theft,2017,7,29,2,30,5X W CORDOVA ST,Central Business District,492321.9081,5458882.1259
Other Theft,2017,12,7,16,12,5X W CORDOVA ST,Central Business District,492321.9081,5458882.1259
Other Theft,2017,2,28,14,41,5X W CORDOVA ST,Central Business District,492324.5597,5458890.877
Other Theft,2017,3,27,4,20,5X W CORDOVA ST,Central Business District,492324.5597,5458890.877
Other Theft,2017,5,4,11,7,5X W CORDOVA ST,Central Business District,492324.5597,5458890.877
Other Theft,2017,3,12,23,36,5X W HASTINGS ST,Central Business District,492308.4276,5458786.1087
Other Theft,2017,4,17,18,36,5X W HASTINGS ST,Central Business District,492308.4276,5458786.1087
Other Theft,2017,12,5,14,13,5X W PENDER ST,Central Business District,492260.92,5458688.0722
Other Theft,2017,7,15,9,43,5X W PENDER ST,Central Business District,492276.9063,5458683.6731
Other Theft,2017,9,30,6,39,5X W PENDER ST,Central Business District,492276.9063,5458683.6731
Other Theft,2017,6,11,22,10,5X W PENDER ST,Central Business District,492276.9063,5458683.6731
Other Theft,2017,10,13,19,0,5X W PENDER ST,Central Business District,492303.1245,5458666.977
Other Theft,2017,7,7,12,30,5X WATER ST,Central Business District,492337.7817,5459004.962
Other Theft,2017,7,21,13,14,5X WATER ST,Central Business District,492337.7817,5459004.962
Other Theft,2017,8,10,22,30,5X WATER ST,Central Business District,492337.7817,5459004.962
Other Theft,2017,9,1,5,0,5XX ABBOTT ST,Central Business District,492169.9395,5458667.7581
Other Theft,2017,4,20,10,36,5XX ABBOTT ST,Central Business District,492177.5785,5458603.9554
Other Theft,2017,8,13,22,53,5XX ABBOTT ST,Central Business District,492177.5785,5458603.9554
Other Theft,2017,11,8,20,54,5XX ABBOTT ST,Central Business District,492177.5785,5458603.9554
Other Theft,2017,3,31,3,18,5XX ABBOTT ST,Central Business District,492177.6468,5458606.8457
Other Theft,2017,6,7,3,22,5XX ABBOTT ST,Central Business District,492177.9883,5458621.2972
Other Theft,2017,6,19,5,40,5XX ABBOTT ST,Central Business District,492177.9883,5458621.2972
Other Theft,2017,7,7,16,0,5XX ABBOTT ST,Central Business District,492177.9883,5458621.2972
Other Theft,2017,7,24,11,34,5XX ABBOTT ST,Central Business District,492177.9883,5458621.2972
Other Theft,2017,8,13,15,4,5XX ABBOTT ST,Central Business District,492177.9883,5458621.2972
Other Theft,2017,9,7,3,30,5XX ABBOTT ST,Central Business District,492177.9883,5458621.2972
Other Theft,2017,9,10,19,55,5XX ABBOTT ST,Central Business District,492177.9883,5458621.2972
Other Theft,2017,9,10,21,22,5XX ABBOTT ST,Central Business District,492177.9883,5458621.2972
Other Theft,2017,9,14,9,7,5XX ABBOTT ST,Central Business District,492177.9883,5458621.2972
Other Theft,2017,9,17,7,46,5XX ABBOTT ST,Central Business District,492177.9883,5458621.2972
Other Theft,2017,10,28,19,0,5XX ABBOTT ST,Central Business District,492177.9883,5458621.2972
Other Theft,2017,2,9,14,34,5XX ABBOTT ST,Central Business District,492177.9883,5458621.2972
Other Theft,2017,2,15,1,42,5XX ABBOTT ST,Central Business District,492177.9883,5458621.2972
Other Theft,2017,4,12,14,15,5XX ABBOTT ST,Central Business District,492177.9883,5458621.2972
Other Theft,2017,4,17,13,23,5XX ABBOTT ST,Central Business District,492177.9883,5458621.2972
Other Theft,2017,5,12,6,8,5XX ABBOTT ST,Central Business District,492177.9883,5458621.2972
Other Theft,2017,5,18,0,9,5XX ABBOTT ST,Central Business District,492177.9883,5458621.2972
Other Theft,2017,8,18,12,48,5XX ABBOTT ST,Central Business District,492179.0127,5458664.6518
Other Theft,2017,2,1,20,40,5XX ABBOTT ST,Central Business District,492179.6274,5458690.6645
Other Theft,2017,1,23,22,38,5XX ABBOTT ST,Central Business District,492179.9006,5458702.2257
Other Theft,2017,11,1,6,40,5XX ABBOTT ST,Central Business District,492179.9006,5458702.2257
Other Theft,2017,4,5,15,51,5XX ALEXANDER ST,Strathcona,493230.6566,5459025.2612
Other Theft,2017,12,15,23,0,5XX ALEXANDER ST,Strathcona,493242.9486,5459024.8185
Other Theft,2017,7,15,21,30,5XX BEATTY ST,Central Business District,491979.7938,5458584.0119
Other Theft,2017,10,11,7,27,5XX BEATTY ST,Central Business District,491979.7938,5458584.0119
Other Theft,2017,2,15,20,34,5XX BEATTY ST,Central Business District,492011.7453,5458616.362
Other Theft,2017,10,24,8,30,5XX BEATTY ST,Central Business District,492017.5546,5458622.2439
Other Theft,2017,12,14,17,0,5XX BEATTY ST,Central Business District,492037.8874,5458642.8303
Other Theft,2017,5,31,16,36,5XX BEATTY ST,Central Business District,492052.4108,5458657.5349
Other Theft,2017,7,11,7,30,5XX BEATTY ST,Central Business District,492052.4108,5458657.5349
Other Theft,2017,2,26,18,41,5XX BEATTY ST,Central Business District,492069.8389,5458675.1804
Other Theft,2017,10,23,1,0,5XX BEATTY ST,Central Business District,492110.5044,5458716.3533
Other Theft,2017,10,23,1,30,5XX BEATTY ST,Central Business District,492110.5044,5458716.3533
Other Theft,2017,7,23,7,30,5XX BROUGHTON ST,Central Business District,490781.7759,5459696.5074
Other Theft,2017,5,18,14,30,5XX BURRARD ST,Central Business District,491320.8551,5459222.0338
Other Theft,2017,7,5,15,15,5XX BURRARD ST,Central Business District,491320.8551,5459222.0338
Other Theft,2017,8,4,16,29,5XX BURRARD ST,Central Business District,491320.8551,5459222.0338
Other Theft,2017,10,2,7,0,5XX BURRARD ST,Central Business District,491320.8551,5459222.0338
Other Theft,2017,10,2,15,33,5XX BURRARD ST,Central Business District,491320.8551,5459222.0338
Other Theft,2017,1,18,13,0,5XX BURRARD ST,Central Business District,491333.5689,5459221.6192
Other Theft,2017,12,4,10,0,5XX BURRARD ST,Central Business District,491333.5689,5459221.6192
Other Theft,2017,12,8,5,18,5XX BURRARD ST,Central Business District,491333.5689,5459221.6192
Other Theft,2017,11,13,0,0,5XX BURRARD ST,Central Business District,491363.1981,5459263.0536
Other Theft,2017,3,20,12,30,5XX BURRARD ST,Central Business District,491373.7948,5459260.588
Other Theft,2017,8,4,17,0,5XX BURRARD ST,Central Business District,491374.3329,5459261.1093
Other Theft,2017,1,12,0,0,5XX BURRARD ST,Central Business District,491416.1372,5459314.3378
Other Theft,2017,6,17,1,1,5XX BURRARD ST,Central Business District,491416.1372,5459314.3378
Other Theft,2017,6,13,21,30,5XX BURRARD ST,Central Business District,491418.073,5459303.482
Other Theft,2017,2,3,12,45,5XX BURRARD ST,Central Business District,491418.3505,5459316.4819
Other Theft,2017,9,16,8,0,5XX BURRARD ST,Central Business District,491418.3505,5459316.4819
Other Theft,2017,8,5,12,0,5XX BUTE ST,Central Business District,490983.3626,5459471.3102
Other Theft,2017,9,9,10,57,5XX BUTE ST,Central Business District,490983.3626,5459471.3102
Other Theft,2017,10,21,10,5,5XX BUTE ST,Central Business District,490983.3626,5459471.3102
Other Theft,2017,3,14,18,30,5XX CAMBIE ST,Central Business District,491944.8504,5458697.1031
Other Theft,2017,11,17,15,3,5XX CAMBIE ST,Central Business District,491997.6145,5458756.0455
Other Theft,2017,10,8,22,0,5XX CAMPBELL AVE,Strathcona,493833.6427,5458584.744
Other Theft,2017,10,19,10,0,5XX CAMPBELL AVE,Strathcona,493833.6427,5458584.744
Other Theft,2017,9,13,0,0,5XX CARDERO ST,Central Business District,490581.4156,5459850.0294
Other Theft,2017,10,27,13,51,5XX CARDERO ST,Central Business District,490581.4156,5459850.0294
Other Theft,2017,5,31,17,30,5XX CARDERO ST,Central Business District,490594.2738,5459862.9392
Other Theft,2017,10,26,15,0,5XX CARDERO ST,Central Business District,490594.2738,5459862.9392
Other Theft,2017,1,25,10,0,5XX CARRALL ST,Central Business District,492408.0336,5458534.6189
Other Theft,2017,6,1,11,16,5XX CLARK DR,Grandview-Woodland,494392.1958,5458614.4256
Other Theft,2017,6,23,17,30,5XX DAVIE ST,Central Business District,490945.7935,5458143.0264
Other Theft,2017,6,3,0,0,5XX DAVIE ST,Central Business District,490957.6077,5458131.1496
Other Theft,2017,8,2,3,42,5XX DAVIE ST,Central Business District,490957.6077,5458131.1496
Other Theft,2017,6,1,8,25,5XX DENMAN ST,Central Business District,490360.1516,5460087.7302
Other Theft,2017,12,30,0,0,5XX DRAKE ST,Central Business District,490783.3057,5458073.8342
Other Theft,2017,2,9,16,45,5XX DUNSMUIR ST,Central Business District,491623.6399,5458898.3022
Other Theft,2017,2,11,15,30,5XX DUNSMUIR ST,Central Business District,491623.6399,5458898.3022
Other Theft,2017,8,16,14,56,5XX DUNSMUIR ST,Central Business District,491623.6399,5458898.3022
Other Theft,2017,5,1,1,15,5XX DUNSMUIR ST,Central Business District,491624.8629,5458910.0348
Other Theft,2017,11,30,23,0,5XX DUNSMUIR ST,Central Business District,491624.8629,5458910.0348
Other Theft,2017,3,21,16,0,5XX DUNSMUIR ST,Central Business District,491628.8974,5458893.0208
Other Theft,2017,7,4,14,30,5XX DUNSMUIR ST,Central Business District,491634.0635,5458900.7922
Other Theft,2017,9,21,2,0,5XX DUNSMUIR ST,Central Business District,491671.5574,5458850.1643
Other Theft,2017,4,2,17,55,5XX DUNSMUIR ST,Central Business District,491672.5921,5458862.0862
Other Theft,2017,9,17,12,30,5XX DUNSMUIR ST,Central Business District,491678.038,5458856.6152
Other Theft,2017,4,25,23,0,5XX E 10TH AVE,Mount Pleasant,493297.4328,5456539.8491
Other Theft,2017,11,8,17,28,5XX E 1ST AVE,Strathcona,493198.0224,5457292.5313
Other Theft,2017,10,13,2,0,5XX E 22ND AVE,Riley Park,493215.1886,5455374.3594
Other Theft,2017,6,19,17,30,5XX E 31ST AVE,Riley Park,493232.6461,5454437.6847
Other Theft,2017,9,19,13,40,5XX E 41ST AVE,Sunset,493176.5764,5453348.102
Other Theft,2017,10,12,14,48,5XX E 59TH AVE,Sunset,493240.8011,5451529.6899
Other Theft,2017,4,30,10,0,5XX E 5TH AVE,Mount Pleasant,493344.1534,5457052.9485
Other Theft,2017,10,22,8,56,5XX E 5TH AVE,Mount Pleasant,493362.2161,5457043.8026
Other Theft,2017,11,20,13,0,5XX E 60TH AVE,Sunset,493248.7359,5451440.6659
Other Theft,2017,10,4,3,0,5XX E 8TH AVE,Mount Pleasant,493311.2161,5456751.2221
Other Theft,2017,4,28,14,45,5XX E BROADWAY AVE,Mount Pleasant,493330.6093,5456636.2673
Other Theft,2017,8,29,15,0,5XX E BROADWAY AVE,Mount Pleasant,493336.0711,5456636.1932
Other Theft,2017,5,4,22,34,5XX E CORDOVA ST,Strathcona,493212.4141,5458824.3843
Other Theft,2017,1,20,18,30,5XX E CORDOVA ST,Strathcona,493228.8661,5458823.8142
Other Theft,2017,5,22,23,0,5XX E HASTINGS ST,Strathcona,493209.1951,5458719.8828
Other Theft,2017,5,25,12,0,5XX E HASTINGS ST,Strathcona,493253.2494,5458727.566
Other Theft,2017,1,30,4,10,5XX E HASTINGS ST,Strathcona,493263.8829,5458718.0631
Other Theft,2017,6,16,11,50,5XX E PENDER ST,Strathcona,493306.5442,5458618.4312
Other Theft,2017,10,13,16,36,5XX E PENDER ST,Strathcona,493333.4458,5458608.4268
Other Theft,2017,11,8,17,0,5XX GORE AVE,Strathcona,492922.0392,5458580.3061
Other Theft,2017,4,29,23,3,5XX GORE AVE,Strathcona,492922.9345,5458569.4634
Other Theft,2017,5,14,18,28,5XX GORE AVE,Strathcona,492927.6397,5458623.5918
Other Theft,2017,11,11,10,10,5XX GRANVILLE ST,Central Business District,491545.771,5459009.9721
Other Theft,2017,1,17,13,10,5XX GRANVILLE ST,Central Business District,491554.4675,5459005.7542
Other Theft,2017,1,26,15,23,5XX GRANVILLE ST,Central Business District,491554.4675,5459005.7542
Other Theft,2017,1,27,12,50,5XX GRANVILLE ST,Central Business District,491554.4675,5459005.7542
Other Theft,2017,2,10,8,5,5XX GRANVILLE ST,Central Business District,491554.4675,5459005.7542
Other Theft,2017,2,12,18,15,5XX GRANVILLE ST,Central Business District,491554.4675,5459005.7542
Other Theft,2017,3,2,11,11,5XX GRANVILLE ST,Central Business District,491554.4675,5459005.7542
Other Theft,2017,3,9,15,30,5XX GRANVILLE ST,Central Business District,491554.4675,5459005.7542
Other Theft,2017,3,9,17,27,5XX GRANVILLE ST,Central Business District,491554.4675,5459005.7542
Other Theft,2017,3,14,17,34,5XX GRANVILLE ST,Central Business District,491554.4675,5459005.7542
Other Theft,2017,4,2,20,28,5XX GRANVILLE ST,Central Business District,491554.4675,5459005.7542
Other Theft,2017,4,5,20,12,5XX GRANVILLE ST,Central Business District,491554.4675,5459005.7542
Other Theft,2017,4,17,14,0,5XX GRANVILLE ST,Central Business District,491554.4675,5459005.7542
Other Theft,2017,4,18,19,32,5XX GRANVILLE ST,Central Business District,491554.4675,5459005.7542
Other Theft,2017,4,25,15,39,5XX GRANVILLE ST,Central Business District,491554.4675,5459005.7542
Other Theft,2017,5,5,16,56,5XX GRANVILLE ST,Central Business District,491554.4675,5459005.7542
Other Theft,2017,5,20,13,31,5XX GRANVILLE ST,Central Business District,491554.4675,5459005.7542
Other Theft,2017,5,20,14,37,5XX GRANVILLE ST,Central Business District,491554.4675,5459005.7542
Other Theft,2017,6,4,20,20,5XX GRANVILLE ST,Central Business District,491554.4675,5459005.7542
Other Theft,2017,6,8,8,34,5XX GRANVILLE ST,Central Business District,491554.4675,5459005.7542
Other Theft,2017,6,8,13,5,5XX GRANVILLE ST,Central Business District,491554.4675,5459005.7542
Other Theft,2017,6,8,14,35,5XX GRANVILLE ST,Central Business District,491554.4675,5459005.7542
Other Theft,2017,6,8,16,46,5XX GRANVILLE ST,Central Business District,491554.4675,5459005.7542
Other Theft,2017,6,11,19,9,5XX GRANVILLE ST,Central Business District,491554.4675,5459005.7542
Other Theft,2017,6,11,21,53,5XX GRANVILLE ST,Central Business District,491554.4675,5459005.7542
Other Theft,2017,6,12,22,5,5XX GRANVILLE ST,Central Business District,491554.4675,5459005.7542
Other Theft,2017,6,17,15,5,5XX GRANVILLE ST,Central Business District,491554.4675,5459005.7542
Other Theft,2017,6,18,21,10,5XX GRANVILLE ST,Central Business District,491554.4675,5459005.7542
Other Theft,2017,6,19,10,24,5XX GRANVILLE ST,Central Business District,491554.4675,5459005.7542
Other Theft,2017,6,28,20,30,5XX GRANVILLE ST,Central Business District,491554.4675,5459005.7542
Other Theft,2017,6,28,21,15,5XX GRANVILLE ST,Central Business District,491554.4675,5459005.7542
Other Theft,2017,7,2,15,15,5XX GRANVILLE ST,Central Business District,491554.4675,5459005.7542
Other Theft,2017,7,10,17,12,5XX GRANVILLE ST,Central Business District,491554.4675,5459005.7542
Other Theft,2017,7,19,17,15,5XX GRANVILLE ST,Central Business District,491554.4675,5459005.7542
Other Theft,2017,7,31,9,56,5XX GRANVILLE ST,Central Business District,491554.4675,5459005.7542
Other Theft,2017,8,1,8,29,5XX GRANVILLE ST,Central Business District,491554.4675,5459005.7542
Other Theft,2017,8,6,20,33,5XX GRANVILLE ST,Central Business District,491554.4675,5459005.7542
Other Theft,2017,9,10,18,54,5XX GRANVILLE ST,Central Business District,491554.4675,5459005.7542
Other Theft,2017,9,11,20,34,5XX GRANVILLE ST,Central Business District,491554.4675,5459005.7542
Other Theft,2017,9,29,18,57,5XX GRANVILLE ST,Central Business District,491554.4675,5459005.7542
Other Theft,2017,10,5,19,9,5XX GRANVILLE ST,Central Business District,491554.4675,5459005.7542
Other Theft,2017,10,9,12,35,5XX GRANVILLE ST,Central Business District,491554.4675,5459005.7542
Other Theft,2017,10,15,17,25,5XX GRANVILLE ST,Central Business District,491554.4675,5459005.7542
Other Theft,2017,10,19,18,33,5XX GRANVILLE ST,Central Business District,491554.4675,5459005.7542
Other Theft,2017,10,31,19,33,5XX GRANVILLE ST,Central Business District,491554.4675,5459005.7542
Other Theft,2017,11,9,10,1,5XX GRANVILLE ST,Central Business District,491554.4675,5459005.7542
Other Theft,2017,11,15,20,55,5XX GRANVILLE ST,Central Business District,491554.4675,5459005.7542
Other Theft,2017,11,19,12,3,5XX GRANVILLE ST,Central Business District,491554.4675,5459005.7542
Other Theft,2017,11,21,8,35,5XX GRANVILLE ST,Central Business District,491554.4675,5459005.7542
Other Theft,2017,12,23,12,45,5XX GRANVILLE ST,Central Business District,491554.4675,5459005.7542
Other Theft,2017,12,24,11,9,5XX GRANVILLE ST,Central Business District,491554.4675,5459005.7542
Other Theft,2017,1,15,21,4,5XX GRANVILLE ST,Central Business District,491556.8225,5459008.1222
Other Theft,2017,6,4,20,28,5XX GRANVILLE ST,Central Business District,491561.0844,5459012.4226
Other Theft,2017,5,5,15,3,5XX GRANVILLE ST,Central Business District,491567.7012,5459019.091
Other Theft,2017,4,23,19,45,5XX GRANVILLE ST,Central Business District,491594.1688,5459045.7646
Other Theft,2017,11,2,20,39,5XX GRANVILLE ST,Central Business District,491594.1688,5459045.7646
Other Theft,2017,11,3,20,20,5XX GRANVILLE ST,Central Business District,491594.1688,5459045.7646
Other Theft,2017,2,18,21,0,5XX GRANVILLE ST,Central Business District,491594.1688,5459045.7646
Other Theft,2017,3,15,16,59,5XX GRANVILLE ST,Central Business District,491594.1688,5459045.7646
Other Theft,2017,4,9,14,9,5XX GRANVILLE ST,Central Business District,491594.1688,5459045.7646
Other Theft,2017,9,15,9,57,5XX GRANVILLE ST,Central Business District,491594.2949,5459058.8737
Other Theft,2017,7,13,16,25,5XX GRANVILLE ST,Central Business District,491605.197,5459056.8786
Other Theft,2017,10,15,13,5,5XX GRANVILLE ST,Central Business District,491605.197,5459056.8786
Other Theft,2017,12,13,13,0,5XX GRANVILLE ST,Central Business District,491605.197,5459056.8786
Other Theft,2017,6,28,19,39,5XX GRANVILLE ST,Central Business District,491650.0977,5459102.1318
Other Theft,2017,8,5,14,0,5XX GRANVILLE ST,Central Business District,491650.0977,5459102.1318
Other Theft,2017,9,10,14,31,5XX GRANVILLE ST,Central Business District,491650.0977,5459102.1318
Other Theft,2017,10,4,17,48,5XX GRANVILLE ST,Central Business District,491650.0977,5459102.1318
Other Theft,2017,11,2,18,53,5XX GRANVILLE ST,Central Business District,491650.0977,5459102.1318
Other Theft,2017,9,3,19,0,5XX GREAT NORTHERN WAY,Strathcona,493284.873,5457123.3847
Other Theft,2017,1,28,15,0,5XX GREAT NORTHERN WAY,Strathcona,493319.1901,5457123.0402
Other Theft,2017,6,11,18,42,5XX HAMILTON ST,Central Business District,491932.5281,5458820.1407
Other Theft,2017,10,25,23,0,5XX HOMER ST,Central Business District,491795.2259,5458836.4744
Other Theft,2017,11,14,4,34,5XX HOMER ST,Central Business District,491795.2259,5458836.4744
Other Theft,2017,11,25,15,16,5XX HOMER ST,Central Business District,491795.2259,5458836.4744
Other Theft,2017,9,13,3,0,5XX HOMER ST,Central Business District,491847.123,5458876.2636
Other Theft,2017,3,3,18,22,5XX HORNBY ST,Central Business District,491426.4635,5459175.2425
Other Theft,2017,4,9,13,0,5XX HORNBY ST,Central Business District,491460.5243,5459210.8692
Other Theft,2017,11,18,13,55,5XX HORNBY ST,Central Business District,491460.5243,5459210.8692
Other Theft,2017,9,12,8,30,5XX HORNBY ST,Central Business District,491471.3913,5459209.0036
Other Theft,2017,6,14,16,15,5XX HOWE ST,Central Business District,491510.2803,5459117.3921
Other Theft,2017,8,8,11,50,5XX HOWE ST,Central Business District,491516.6871,5459123.8046
Other Theft,2017,8,8,12,0,5XX HOWE ST,Central Business District,491516.6871,5459123.8046
Other Theft,2017,8,8,12,30,5XX HOWE ST,Central Business District,491516.6871,5459123.8046
Other Theft,2017,5,13,13,15,5XX HOWE ST,Central Business District,491577.5881,5459171.8223
Other Theft,2017,11,19,1,0,5XX JERVIS ST,Central Business District,490887.8836,5459618.2714
Other Theft,2017,4,22,17,30,5XX MAIN ST,Central Business District,492741.6906,5458544.6972
Other Theft,2017,5,1,16,48,5XX MAIN ST,Central Business District,492741.6906,5458544.6972
Other Theft,2017,5,31,9,4,5XX MAIN ST,Central Business District,492741.6906,5458544.6972
Other Theft,2017,6,8,14,0,5XX MAIN ST,Central Business District,492741.6906,5458544.6972
Other Theft,2017,9,20,15,0,5XX MAIN ST,Central Business District,492741.6906,5458544.6972
Other Theft,2017,11,7,8,0,5XX MAIN ST,Central Business District,492741.6906,5458544.6972
Other Theft,2017,11,22,5,52,5XX MAIN ST,Central Business District,492741.6906,5458544.6972
Other Theft,2017,12,3,20,30,5XX MAIN ST,Central Business District,492741.6906,5458544.6972
Other Theft,2017,1,31,17,28,5XX MAIN ST,Central Business District,492741.8026,5458548.5308
Other Theft,2017,4,25,19,10,5XX MAIN ST,Central Business District,492741.8026,5458548.5308
Other Theft,2017,5,17,20,5,5XX MAIN ST,Central Business District,492741.8026,5458548.5308
Other Theft,2017,9,8,18,30,5XX MAIN ST,Central Business District,492741.8026,5458548.5308
Other Theft,2017,4,25,13,29,5XX MAIN ST,Central Business District,492744.0976,5458627.1178
Other Theft,2017,9,6,17,30,5XX MAIN ST,Central Business District,492744.0976,5458627.1178
Other Theft,2017,10,7,19,0,5XX MAIN ST,Central Business District,492744.0976,5458627.1178
Other Theft,2017,1,24,15,30,5XX MAIN ST,Strathcona,492751.8383,5458578.9319
Other Theft,2017,11,23,17,0,5XX MAIN ST,Strathcona,492752.2301,5458592.3492
Other Theft,2017,11,13,15,34,5XX MAIN ST,Strathcona,492752.3981,5458598.0995
Other Theft,2017,6,16,21,0,5XX MAIN ST,Strathcona,492752.566,5458603.8498
Other Theft,2017,10,18,10,55,5XX MAIN ST,Strathcona,492753.0698,5458621.1006
Other Theft,2017,3,29,12,30,5XX MAIN ST,Strathcona,492753.2377,5458626.8509
Other Theft,2017,12,4,12,48,5XX MCLEAN DR,Grandview-Woodland,494613.7098,5458560.6961
Other Theft,2017,9,16,23,59,5XX MCLEAN DR,Grandview-Woodland,494613.7101,5458561.7079
Other Theft,2017,2,15,12,44,5XX MOBERLY RD,Fairview,491459.0412,5457237.7741
Other Theft,2017,12,5,12,56,5XX N KOOTENAY ST,Hastings-Sunrise,498136.299,5459685.6419
Other Theft,2017,5,8,8,30,5XX PIPELINE RD,Stanley Park,490121.6349,5460719.3199
Other Theft,2017,5,27,18,0,5XX PIPELINE RD,Stanley Park,490121.6349,5460719.3199
Other Theft,2017,4,5,17,23,5XX POWELL ST,Strathcona,493215.2826,5458924.0208
Other Theft,2017,6,18,12,8,5XX POWELL ST,Strathcona,493215.5596,5458933.1607
Other Theft,2017,9,3,12,32,5XX POWELL ST,Strathcona,493215.5596,5458933.1607
Other Theft,2017,6,22,9,0,5XX POWELL ST,Strathcona,493253.141,5458922.873
Other Theft,2017,1,10,20,19,5XX POWELL ST,Strathcona,493253.141,5458922.873
Other Theft,2017,2,26,12,28,5XX POWELL ST,Strathcona,493253.141,5458922.873
Other Theft,2017,9,18,16,40,5XX POWELL ST,Strathcona,493253.141,5458922.873
Other Theft,2017,10,4,17,0,5XX POWELL ST,Strathcona,493275.0516,5458931.3567
Other Theft,2017,7,12,16,45,5XX POWELL ST,Strathcona,493307.5017,5458930.3726
Other Theft,2017,9,28,11,0,5XX POWELL ST,Strathcona,493307.5017,5458930.3726
Other Theft,2017,4,22,13,0,5XX RAYMUR AVE,Strathcona,493980.7736,5458586.1279
Other Theft,2017,4,7,16,0,5XX RENFREW ST,Hastings-Sunrise,496789.3714,5458584.5376
Other Theft,2017,2,9,17,55,5XX RICHARDS ST,Central Business District,491697.5815,5458880.5877
Other Theft,2017,8,9,17,0,5XX RICHARDS ST,Central Business District,491697.5815,5458880.5877
Other Theft,2017,11,9,13,45,5XX RICHARDS ST,Central Business District,491697.5815,5458880.5877
Other Theft,2017,7,10,14,30,5XX RICHARDS ST,Central Business District,491699.8377,5458882.8553
Other Theft,2017,8,28,14,14,5XX RICHARDS ST,Central Business District,491724.6562,5458907.7992
Other Theft,2017,6,20,13,0,5XX RICHARDS ST,Central Business District,491724.6562,5458907.7992
Other Theft,2017,7,28,12,31,5XX RICHARDS ST,Central Business District,491773.218,5458943.6416
Other Theft,2017,11,9,13,49,5XX RICHARDS ST,Central Business District,491773.218,5458943.6416
Other Theft,2017,11,18,21,0,5XX RICHARDS ST,Central Business District,491773.218,5458943.6416
Other Theft,2017,11,25,12,0,5XX RICHARDS ST,Central Business District,491773.218,5458943.6416
Other Theft,2017,12,11,12,0,5XX RICHARDS ST,Central Business District,491773.218,5458943.6416
Other Theft,2017,2,15,8,44,5XX RICHARDS ST,Central Business District,491773.218,5458943.6416
Other Theft,2017,2,22,4,54,5XX RICHARDS ST,Central Business District,491773.218,5458943.6416
Other Theft,2017,6,12,13,0,5XX RICHARDS ST,Central Business District,491793.8958,5458964.4233
Other Theft,2017,6,17,12,27,5XX RICHARDS ST,Central Business District,491793.8958,5458964.4233
Other Theft,2017,6,28,15,6,5XX RICHARDS ST,Central Business District,491793.8958,5458964.4233
Other Theft,2017,1,29,22,20,5XX ROBSON ST,Central Business District,491362.8063,5458660.3602
Other Theft,2017,3,15,16,29,5XX ROBSON ST,Central Business District,491362.8063,5458660.3602
Other Theft,2017,9,19,18,30,5XX ROBSON ST,Central Business District,491362.8063,5458660.3602
Other Theft,2017,10,16,15,31,5XX ROBSON ST,Central Business District,491362.8063,5458660.3602
Other Theft,2017,10,21,9,58,5XX ROBSON ST,Central Business District,491362.8063,5458660.3602
Other Theft,2017,11,17,14,13,5XX ROBSON ST,Central Business District,491362.8063,5458660.3602
Other Theft,2017,6,12,12,1,5XX ROBSON ST,Central Business District,491382.2203,5458640.6704
Other Theft,2017,10,24,10,0,5XX ROBSON ST,Central Business District,491382.2203,5458640.6704
Other Theft,2017,4,2,15,2,5XX ROBSON ST,Central Business District,491397.7913,5458637.9019
Other Theft,2017,9,14,14,5,5XX ROBSON ST,Central Business District,491402.7162,5458619.8832
Other Theft,2017,10,6,10,0,5XX ROBSON ST,Central Business District,491429.4079,5458605.8358
Other Theft,2017,12,1,18,0,5XX SALSBURY DR,Grandview-Woodland,495035.0923,5458536.3389
Other Theft,2017,2,21,18,16,5XX SEYMOUR ST,Central Business District,491615.377,5458922.4126
Other Theft,2017,3,13,21,33,5XX SEYMOUR ST,Central Business District,491615.377,5458922.4126
Other Theft,2017,4,18,19,12,5XX SEYMOUR ST,Central Business District,491615.377,5458922.4126
Other Theft,2017,4,19,0,4,5XX SEYMOUR ST,Central Business District,491615.377,5458922.4126
Other Theft,2017,4,21,6,25,5XX SEYMOUR ST,Central Business District,491615.377,5458922.4126
Other Theft,2017,5,10,1,12,5XX SEYMOUR ST,Central Business District,491615.377,5458922.4126
Other Theft,2017,6,7,23,45,5XX SEYMOUR ST,Central Business District,491615.377,5458922.4126
Other Theft,2017,6,14,3,19,5XX SEYMOUR ST,Central Business District,491615.377,5458922.4126
Other Theft,2017,7,15,15,45,5XX SEYMOUR ST,Central Business District,491615.377,5458922.4126
Other Theft,2017,7,18,22,30,5XX SEYMOUR ST,Central Business District,491615.377,5458922.4126
Other Theft,2017,7,19,7,34,5XX SEYMOUR ST,Central Business District,491615.377,5458922.4126
Other Theft,2017,7,27,18,10,5XX SEYMOUR ST,Central Business District,491615.377,5458922.4126
Other Theft,2017,8,28,22,30,5XX SEYMOUR ST,Central Business District,491615.377,5458922.4126
Other Theft,2017,9,29,12,26,5XX SEYMOUR ST,Central Business District,491615.377,5458922.4126
Other Theft,2017,10,23,22,30,5XX SEYMOUR ST,Central Business District,491615.377,5458922.4126
Other Theft,2017,11,11,13,4,5XX SEYMOUR ST,Central Business District,491615.377,5458922.4126
Other Theft,2017,12,9,5,44,5XX SEYMOUR ST,Central Business District,491615.377,5458922.4126
Other Theft,2017,10,16,18,0,5XX SEYMOUR ST,Central Business District,491656.1246,5458976.4335
Other Theft,2017,10,23,14,30,5XX SEYMOUR ST,Central Business District,491656.1246,5458976.4335
Other Theft,2017,11,14,17,50,5XX SEYMOUR ST,Central Business District,491656.1246,5458976.4335
Other Theft,2017,12,12,17,50,5XX SEYMOUR ST,Central Business District,491656.1246,5458976.4335
Other Theft,2017,2,12,18,29,5XX SEYMOUR ST,Central Business District,491656.1246,5458976.4335
Other Theft,2017,4,13,12,28,5XX SEYMOUR ST,Central Business District,491656.1246,5458976.4335
Other Theft,2017,4,15,9,0,5XX SEYMOUR ST,Central Business District,491656.1246,5458976.4335
Other Theft,2017,1,23,21,11,5XX SEYMOUR ST,Central Business District,491665.1221,5458985.496
Other Theft,2017,5,21,11,49,5XX SEYMOUR ST,Central Business District,491667.1124,5458974.5223
Other Theft,2017,12,26,14,15,5XX SEYMOUR ST,Central Business District,491669.3618,5458976.7879
Other Theft,2017,3,22,16,11,5XX SEYMOUR ST,Central Business District,491678.3593,5458985.8504
Other Theft,2017,2,18,17,30,5XX SEYMOUR ST,Central Business District,491701.7912,5459009.4518
Other Theft,2017,9,19,17,30,5XX SEYMOUR ST,Central Business District,491701.7912,5459009.4518
Other Theft,2017,1,21,23,0,5XX SEYMOUR ST,Central Business District,491701.9089,5459022.5488
Other Theft,2017,1,29,8,0,5XX SEYMOUR ST,Central Business District,491712.8024,5459020.5426
Other Theft,2017,2,17,17,0,5XX SEYMOUR ST,Central Business District,491712.8024,5459020.5426
Other Theft,2017,5,2,10,3,5XX SEYMOUR ST,Central Business District,491723.8136,5459031.6335
Other Theft,2017,6,10,9,45,5XX SEYMOUR ST,Central Business District,491723.8136,5459031.6335
Other Theft,2017,11,22,0,33,5XX SEYMOUR ST,Central Business District,491723.8136,5459031.6335
Other Theft,2017,11,22,23,40,5XX SEYMOUR ST,Central Business District,491723.8136,5459031.6335
Other Theft,2017,12,17,18,10,5XX SEYMOUR ST,Central Business District,491723.8136,5459031.6335
Other Theft,2017,12,21,15,0,5XX SHANGHAI ALLY,Central Business District,492363.6517,5458624.6486
Other Theft,2017,3,2,11,22,5XX SHANGHAI ALLY,Central Business District,492370.6219,5458652.3465
Other Theft,2017,5,12,14,18,5XX SMITHE ST,Central Business District,491289.7491,5458510.1763
Other Theft,2017,9,1,17,18,5XX SMITHE ST,Central Business District,491289.7491,5458510.1763
Other Theft,2017,2,7,15,52,5XX SMITHE ST,Central Business District,491296.3531,5458503.7073
Other Theft,2017,7,19,15,59,5XX STANLEY PARK DR,Stanley Park,490398.5472,5460519.5092
Other Theft,2017,9,26,17,20,5XX STANLEY PARK DR,Stanley Park,490398.5472,5460519.5092
Other Theft,2017,11,10,9,32,5XX SW MARINE DR,Marpole,491327.0324,5450747.0981
Other Theft,2017,1,10,10,11,5XX TAYLOR ST,Central Business District,492305.2617,5458595.6378
Other Theft,2017,2,27,12,3,5XX TERMINAL AVE,Strathcona,493299.3816,5457625.003
Other Theft,2017,3,11,19,0,5XX TERMINAL AVE,Strathcona,493299.3816,5457625.003
Other Theft,2017,9,18,14,57,5XX UNION ST,Strathcona,493226.6648,5458309.8506
Other Theft,2017,1,29,11,26,5XX W 12TH AVE,Fairview,491525.979,5456417.3884
Other Theft,2017,2,11,16,2,5XX W 12TH AVE,Fairview,491525.979,5456417.3884
Other Theft,2017,2,20,6,45,5XX W 12TH AVE,Fairview,491525.979,5456417.3884
Other Theft,2017,3,6,20,0,5XX W 12TH AVE,Fairview,491525.979,5456417.3884
Other Theft,2017,3,8,20,0,5XX W 12TH AVE,Fairview,491525.979,5456417.3884
Other Theft,2017,3,8,20,30,5XX W 12TH AVE,Fairview,491525.979,5456417.3884
Other Theft,2017,3,10,15,29,5XX W 12TH AVE,Fairview,491525.979,5456417.3884
Other Theft,2017,3,16,19,45,5XX W 12TH AVE,Fairview,491525.979,5456417.3884
Other Theft,2017,3,26,13,55,5XX W 12TH AVE,Fairview,491525.979,5456417.3884
Other Theft,2017,3,28,6,4,5XX W 12TH AVE,Fairview,491525.979,5456417.3884
Other Theft,2017,4,9,14,26,5XX W 12TH AVE,Fairview,491525.979,5456417.3884
Other Theft,2017,4,13,16,30,5XX W 12TH AVE,Fairview,491525.979,5456417.3884
Other Theft,2017,6,8,8,34,5XX W 12TH AVE,Fairview,491525.979,5456417.3884
Other Theft,2017,6,17,19,40,5XX W 12TH AVE,Fairview,491525.979,5456417.3884
Other Theft,2017,7,23,14,49,5XX W 12TH AVE,Fairview,491525.979,5456417.3884
Other Theft,2017,8,7,20,0,5XX W 12TH AVE,Fairview,491525.979,5456417.3884
Other Theft,2017,8,14,18,20,5XX W 12TH AVE,Fairview,491525.979,5456417.3884
Other Theft,2017,8,14,19,0,5XX W 12TH AVE,Fairview,491525.979,5456417.3884
Other Theft,2017,8,30,21,20,5XX W 12TH AVE,Fairview,491525.979,5456417.3884
Other Theft,2017,9,5,21,50,5XX W 12TH AVE,Fairview,491525.979,5456417.3884
Other Theft,2017,9,11,21,0,5XX W 12TH AVE,Fairview,491525.979,5456417.3884
Other Theft,2017,10,21,19,30,5XX W 12TH AVE,Fairview,491525.979,5456417.3884
Other Theft,2017,10,27,15,12,5XX W 12TH AVE,Fairview,491525.979,5456417.3884
Other Theft,2017,11,13,13,0,5XX W 12TH AVE,Fairview,491525.979,5456417.3884
Other Theft,2017,11,15,15,1,5XX W 12TH AVE,Fairview,491525.979,5456417.3884
Other Theft,2017,11,16,11,16,5XX W 12TH AVE,Fairview,491525.979,5456417.3884
Other Theft,2017,12,5,23,0,5XX W 12TH AVE,Fairview,491525.979,5456417.3884
Other Theft,2017,1,15,5,40,5XX W 12TH AVE,Fairview,491526.3604,5456417.3795
Other Theft,2017,7,2,16,59,5XX W 14TH AVE,Fairview,491525.6431,5456224.0379
Other Theft,2017,4,8,21,0,5XX W 18TH AVE,South Cambie,491509.0766,5455816.0831
Other Theft,2017,2,24,11,10,5XX W 28TH AVE,South Cambie,491574.4038,5454817.476
Other Theft,2017,7,6,19,31,5XX W 2ND AVE,Fairview,491589.7306,5457075.5324
Other Theft,2017,6,26,14,31,5XX W 54TH AVE,Oakridge,491478.2889,5452115.7162
Other Theft,2017,3,20,21,8,5XX W 6TH AVE,Fairview,491546.1254,5457007.0592
Other Theft,2017,12,6,10,3,5XX W 7TH AVE,Fairview,491510.8135,5456917.3491
Other Theft,2017,5,22,5,52,5XX W 7TH AVE,Fairview,491540.2663,5456925.7043
Other Theft,2017,1,26,17,36,5XX W 8TH AVE,Fairview,491621.2791,5456819.6521
Other Theft,2017,1,28,19,15,5XX W 8TH AVE,Fairview,491621.2791,5456819.6521
Other Theft,2017,2,3,10,50,5XX W 8TH AVE,Fairview,491621.2791,5456819.6521
Other Theft,2017,2,19,14,43,5XX W 8TH AVE,Fairview,491621.2791,5456819.6521
Other Theft,2017,2,27,14,22,5XX W 8TH AVE,Fairview,491621.2791,5456819.6521
Other Theft,2017,3,8,15,18,5XX W 8TH AVE,Fairview,491621.2791,5456819.6521
Other Theft,2017,3,10,20,5,5XX W 8TH AVE,Fairview,491621.2791,5456819.6521
Other Theft,2017,3,23,15,38,5XX W 8TH AVE,Fairview,491621.2791,5456819.6521
Other Theft,2017,4,7,17,37,5XX W 8TH AVE,Fairview,491621.2791,5456819.6521
Other Theft,2017,4,21,21,28,5XX W 8TH AVE,Fairview,491621.2791,5456819.6521
Other Theft,2017,5,11,16,58,5XX W 8TH AVE,Fairview,491621.2791,5456819.6521
Other Theft,2017,6,4,20,51,5XX W 8TH AVE,Fairview,491621.2791,5456819.6521
Other Theft,2017,6,5,20,38,5XX W 8TH AVE,Fairview,491621.2791,5456819.6521
Other Theft,2017,6,6,21,19,5XX W 8TH AVE,Fairview,491621.2791,5456819.6521
Other Theft,2017,6,9,8,18,5XX W 8TH AVE,Fairview,491621.2791,5456819.6521
Other Theft,2017,6,9,13,32,5XX W 8TH AVE,Fairview,491621.2791,5456819.6521
Other Theft,2017,6,13,18,8,5XX W 8TH AVE,Fairview,491621.2791,5456819.6521
Other Theft,2017,6,14,19,2,5XX W 8TH AVE,Fairview,491621.2791,5456819.6521
Other Theft,2017,6,18,21,25,5XX W 8TH AVE,Fairview,491621.2791,5456819.6521
Other Theft,2017,6,28,17,55,5XX W 8TH AVE,Fairview,491621.2791,5456819.6521
Other Theft,2017,6,28,21,49,5XX W 8TH AVE,Fairview,491621.2791,5456819.6521
Other Theft,2017,6,29,15,55,5XX W 8TH AVE,Fairview,491621.2791,5456819.6521
Other Theft,2017,7,6,15,19,5XX W 8TH AVE,Fairview,491621.2791,5456819.6521
Other Theft,2017,7,7,15,39,5XX W 8TH AVE,Fairview,491621.2791,5456819.6521
Other Theft,2017,7,8,14,44,5XX W 8TH AVE,Fairview,491621.2791,5456819.6521
Other Theft,2017,7,8,20,8,5XX W 8TH AVE,Fairview,491621.2791,5456819.6521
Other Theft,2017,7,14,18,23,5XX W 8TH AVE,Fairview,491621.2791,5456819.6521
Other Theft,2017,7,20,15,21,5XX W 8TH AVE,Fairview,491621.2791,5456819.6521
Other Theft,2017,8,3,13,5,5XX W 8TH AVE,Fairview,491621.2791,5456819.6521
Other Theft,2017,8,4,18,34,5XX W 8TH AVE,Fairview,491621.2791,5456819.6521
Other Theft,2017,8,6,20,5,5XX W 8TH AVE,Fairview,491621.2791,5456819.6521
Other Theft,2017,8,15,21,0,5XX W 8TH AVE,Fairview,491621.2791,5456819.6521
Other Theft,2017,8,18,14,20,5XX W 8TH AVE,Fairview,491621.2791,5456819.6521
Other Theft,2017,8,18,23,45,5XX W 8TH AVE,Fairview,491621.2791,5456819.6521
Other Theft,2017,8,19,7,41,5XX W 8TH AVE,Fairview,491621.2791,5456819.6521
Other Theft,2017,8,19,14,7,5XX W 8TH AVE,Fairview,491621.2791,5456819.6521
Other Theft,2017,8,21,21,8,5XX W 8TH AVE,Fairview,491621.2791,5456819.6521
Other Theft,2017,8,22,19,5,5XX W 8TH AVE,Fairview,491621.2791,5456819.6521
Other Theft,2017,8,26,21,34,5XX W 8TH AVE,Fairview,491621.2791,5456819.6521
Other Theft,2017,8,31,19,47,5XX W 8TH AVE,Fairview,491621.2791,5456819.6521
Other Theft,2017,9,2,12,35,5XX W 8TH AVE,Fairview,491621.2791,5456819.6521
Other Theft,2017,9,9,10,59,5XX W 8TH AVE,Fairview,491621.2791,5456819.6521
Other Theft,2017,9,10,20,27,5XX W 8TH AVE,Fairview,491621.2791,5456819.6521
Other Theft,2017,9,10,21,18,5XX W 8TH AVE,Fairview,491621.2791,5456819.6521
Other Theft,2017,9,30,14,54,5XX W 8TH AVE,Fairview,491621.2791,5456819.6521
Other Theft,2017,10,4,15,50,5XX W 8TH AVE,Fairview,491621.2791,5456819.6521
Other Theft,2017,10,7,16,35,5XX W 8TH AVE,Fairview,491621.2791,5456819.6521
Other Theft,2017,10,7,22,17,5XX W 8TH AVE,Fairview,491621.2791,5456819.6521
Other Theft,2017,10,21,7,33,5XX W 8TH AVE,Fairview,491621.2791,5456819.6521
Other Theft,2017,10,21,18,15,5XX W 8TH AVE,Fairview,491621.2791,5456819.6521
Other Theft,2017,10,30,20,7,5XX W 8TH AVE,Fairview,491621.2791,5456819.6521
Other Theft,2017,11,10,9,0,5XX W 8TH AVE,Fairview,491621.2791,5456819.6521
Other Theft,2017,11,12,19,30,5XX W 8TH AVE,Fairview,491621.2791,5456819.6521
Other Theft,2017,11,19,17,31,5XX W 8TH AVE,Fairview,491621.2791,5456819.6521
Other Theft,2017,12,12,17,55,5XX W 8TH AVE,Fairview,491621.2791,5456819.6521
Other Theft,2017,12,24,19,0,5XX W 8TH AVE,Fairview,491621.2791,5456819.6521
Other Theft,2017,2,27,18,20,5XX W BROADWAY AVE,Fairview,491516.7358,5456721.0322
Other Theft,2017,8,28,11,57,5XX W BROADWAY AVE,Fairview,491516.9778,5456730.173
Other Theft,2017,1,27,10,17,5XX W BROADWAY AVE,Fairview,491527.6019,5456720.7445
Other Theft,2017,11,8,15,24,5XX W BROADWAY AVE,Fairview,491545.7121,5456720.265
Other Theft,2017,1,31,14,0,5XX W BROADWAY AVE,Fairview,491563.8223,5456719.7854
Other Theft,2017,10,20,23,50,5XX W BROADWAY AVE,Fairview,491567.6864,5456728.8304
Other Theft,2017,2,2,14,0,5XX W BROADWAY AVE,Fairview,491578.3105,5456719.4018
Other Theft,2017,11,8,13,20,5XX W BROADWAY AVE,Fairview,491585.5546,5456719.21
Other Theft,2017,1,9,17,11,5XX W BROADWAY AVE,Fairview,491587.4934,5456728.3024
Other Theft,2017,1,3,14,18,5XX W BROADWAY AVE,Fairview,491589.4187,5456728.2549
Other Theft,2017,1,19,12,40,5XX W BROADWAY AVE,Fairview,491589.4187,5456728.2549
Other Theft,2017,1,21,20,36,5XX W BROADWAY AVE,Fairview,491589.4187,5456728.2549
Other Theft,2017,2,5,19,0,5XX W BROADWAY AVE,Fairview,491589.4187,5456728.2549
Other Theft,2017,2,12,14,50,5XX W BROADWAY AVE,Fairview,491589.4187,5456728.2549
Other Theft,2017,2,19,21,10,5XX W BROADWAY AVE,Fairview,491589.4187,5456728.2549
Other Theft,2017,3,5,12,40,5XX W BROADWAY AVE,Fairview,491589.4187,5456728.2549
Other Theft,2017,4,7,13,6,5XX W BROADWAY AVE,Fairview,491589.4187,5456728.2549
Other Theft,2017,4,7,17,0,5XX W BROADWAY AVE,Fairview,491589.4187,5456728.2549
Other Theft,2017,4,16,20,8,5XX W BROADWAY AVE,Fairview,491589.4187,5456728.2549
Other Theft,2017,4,21,16,44,5XX W BROADWAY AVE,Fairview,491589.4187,5456728.2549
Other Theft,2017,4,24,17,8,5XX W BROADWAY AVE,Fairview,491589.4187,5456728.2549
Other Theft,2017,5,14,18,54,5XX W BROADWAY AVE,Fairview,491589.4187,5456728.2549
Other Theft,2017,5,24,14,37,5XX W BROADWAY AVE,Fairview,491589.4187,5456728.2549
Other Theft,2017,6,4,16,8,5XX W BROADWAY AVE,Fairview,491589.4187,5456728.2549
Other Theft,2017,6,16,12,49,5XX W BROADWAY AVE,Fairview,491589.4187,5456728.2549
Other Theft,2017,7,22,14,27,5XX W BROADWAY AVE,Fairview,491589.4187,5456728.2549
Other Theft,2017,8,21,15,30,5XX W BROADWAY AVE,Fairview,491589.4187,5456728.2549
Other Theft,2017,9,6,14,3,5XX W BROADWAY AVE,Fairview,491589.4187,5456728.2549
Other Theft,2017,10,2,17,59,5XX W BROADWAY AVE,Fairview,491589.4187,5456728.2549
Other Theft,2017,10,17,12,30,5XX W BROADWAY AVE,Fairview,491589.4187,5456728.2549
Other Theft,2017,10,19,20,34,5XX W BROADWAY AVE,Fairview,491589.4187,5456728.2549
Other Theft,2017,11,8,15,33,5XX W BROADWAY AVE,Fairview,491589.4187,5456728.2549
Other Theft,2017,11,10,20,15,5XX W BROADWAY AVE,Fairview,491589.4187,5456728.2549
Other Theft,2017,11,11,17,23,5XX W BROADWAY AVE,Fairview,491589.4187,5456728.2549
Other Theft,2017,11,24,17,1,5XX W BROADWAY AVE,Fairview,491589.4187,5456728.2549
Other Theft,2017,12,12,12,26,5XX W BROADWAY AVE,Fairview,491589.4187,5456728.2549
Other Theft,2017,12,17,15,49,5XX W BROADWAY AVE,Fairview,491589.4187,5456728.2549
Other Theft,2017,12,20,14,12,5XX W BROADWAY AVE,Fairview,491589.4187,5456728.2549
Other Theft,2017,12,26,16,48,5XX W BROADWAY AVE,Fairview,491589.4187,5456728.2549
Other Theft,2017,12,26,20,40,5XX W BROADWAY AVE,Fairview,491589.4187,5456728.2549
Other Theft,2017,12,28,15,30,5XX W BROADWAY AVE,Fairview,491589.4187,5456728.2549
Other Theft,2017,9,12,14,30,5XX W BROADWAY AVE,Fairview,491610.9089,5456718.5387
Other Theft,2017,6,28,16,44,5XX W BROADWAY AVE,Fairview,491622.017,5456727.3918
Other Theft,2017,4,11,13,48,5XX W BROADWAY AVE,Fairview,491632.6411,5456717.9633
Other Theft,2017,7,9,14,50,5XX W BROADWAY AVE,Fairview,491632.6411,5456717.9633
Other Theft,2017,9,30,18,29,5XX W BROADWAY AVE,Fairview,491632.6411,5456717.9633
Other Theft,2017,10,5,7,30,5XX W BROADWAY AVE,Fairview,491632.6411,5456717.9633
Other Theft,2017,12,5,12,23,5XX W BROADWAY AVE,Fairview,491632.6411,5456717.9633
Other Theft,2017,6,20,12,0,5XX W CORDOVA ST,Central Business District,491899.5883,5459153.0933
Other Theft,2017,6,28,12,33,5XX W CORDOVA ST,Central Business District,491899.5883,5459153.0933
Other Theft,2017,9,26,16,27,5XX W CORDOVA ST,Central Business District,491899.5883,5459153.0933
Other Theft,2017,2,25,3,7,5XX W CORDOVA ST,Central Business District,491928.1702,5459111.0132
Other Theft,2017,12,9,13,0,5XX W CORDOVA ST,Central Business District,491928.1702,5459111.0132
Other Theft,2017,3,20,20,0,5XX W GEORGIA ST,Central Business District,491483.7988,5458782.7946
Other Theft,2017,6,24,16,25,5XX W GEORGIA ST,Central Business District,491487.5392,5458791.9626
Other Theft,2017,11,21,11,26,5XX W GEORGIA ST,Central Business District,491501.0267,5458778.5909
Other Theft,2017,1,4,13,21,5XX W GEORGIA ST,Central Business District,491538.4024,5458728.6564
Other Theft,2017,3,31,10,48,5XX W GEORGIA ST,Central Business District,491538.4024,5458728.6564
Other Theft,2017,6,11,1,30,5XX W GEORGIA ST,Central Business District,491538.4024,5458728.6564
Other Theft,2017,4,29,0,0,5XX W HASTINGS ST,Central Business District,491803.3216,5459090.4113
Other Theft,2017,5,13,10,0,5XX W HASTINGS ST,Central Business District,491803.3216,5459090.4113
Other Theft,2017,9,24,14,34,5XX W HASTINGS ST,Central Business District,491823.1081,5459070.583
Other Theft,2017,11,2,9,30,5XX W HASTINGS ST,Central Business District,491823.1081,5459070.583
Other Theft,2017,1,1,21,36,5XX W HASTINGS ST,Central Business District,491826.9425,5459079.6858
Other Theft,2017,1,2,12,54,5XX W HASTINGS ST,Central Business District,491826.9425,5459079.6858
Other Theft,2017,1,3,14,9,5XX W HASTINGS ST,Central Business District,491826.9425,5459079.6858
Other Theft,2017,1,4,11,45,5XX W HASTINGS ST,Central Business District,491826.9425,5459079.6858
Other Theft,2017,1,5,11,50,5XX W HASTINGS ST,Central Business District,491826.9425,5459079.6858
Other Theft,2017,1,5,14,21,5XX W HASTINGS ST,Central Business District,491826.9425,5459079.6858
Other Theft,2017,1,6,10,45,5XX W HASTINGS ST,Central Business District,491826.9425,5459079.6858
Other Theft,2017,1,6,12,52,5XX W HASTINGS ST,Central Business District,491826.9425,5459079.6858
Other Theft,2017,1,6,17,32,5XX W HASTINGS ST,Central Business District,491826.9425,5459079.6858
Other Theft,2017,1,7,11,1,5XX W HASTINGS ST,Central Business District,491826.9425,5459079.6858
Other Theft,2017,1,9,15,31,5XX W HASTINGS ST,Central Business District,491826.9425,5459079.6858
Other Theft,2017,1,9,19,17,5XX W HASTINGS ST,Central Business District,491826.9425,5459079.6858
Other Theft,2017,1,10,14,59,5XX W HASTINGS ST,Central Business District,491826.9425,5459079.6858
Other Theft,2017,1,11,14,9,5XX W HASTINGS ST,Central Business District,491826.9425,5459079.6858
Other Theft,2017,1,11,14,12,5XX W HASTINGS ST,Central Business District,491826.9425,5459079.6858
Other Theft,2017,1,13,14,50,5XX W HASTINGS ST,Central Business District,491826.9425,5459079.6858
Other Theft,2017,1,13,17,11,5XX W HASTINGS ST,Central Business District,491826.9425,5459079.6858
Other Theft,2017,1,15,11,3,5XX W HASTINGS ST,Central Business District,491826.9425,5459079.6858
Other Theft,2017,1,15,14,9,5XX W HASTINGS ST,Central Business District,491826.9425,5459079.6858
Other Theft,2017,1,15,16,3,5XX W HASTINGS ST,Central Business District,491826.9425,5459079.6858
Other Theft,2017,1,16,15,2,5XX W HASTINGS ST,Central Business District,491826.9425,5459079.6858
Other Theft,2017,1,16,16,9,5XX W HASTINGS ST,Central Business District,491826.9425,5459079.6858
Other Theft,2017,1,16,17,0,5XX W HASTINGS ST,Central Business District,491826.9425,5459079.6858
Other Theft,2017,1,17,9,38,5XX W HASTINGS ST,Central Business District,491826.9425,5459079.6858
Other Theft,2017,1,17,11,53,5XX W HASTINGS ST,Central Business District,491826.9425,5459079.6858
Other Theft,2017,1,20,15,58,5XX W HASTINGS ST,Central Business District,491826.9425,5459079.6858
Other Theft,2017,1,23,13,10,5XX W HASTINGS ST,Central Business District,491826.9425,5459079.6858
Other Theft,2017,1,24,10,21,5XX W HASTINGS ST,Central Business District,491826.9425,5459079.6858
Other Theft,2017,1,24,14,20,5XX W HASTINGS ST,Central Business District,491826.9425,5459079.6858
Other Theft,2017,1,24,16,47,5XX W HASTINGS ST,Central Business District,491826.9425,5459079.6858
Other Theft,2017,1,24,18,58,5XX W HASTINGS ST,Central Business District,491826.9425,5459079.6858
Other Theft,2017,1,25,19,5,5XX W HASTINGS ST,Central Business District,491826.9425,5459079.6858
Other Theft,2017,1,26,18,38,5XX W HASTINGS ST,Central Business District,491826.9425,5459079.6858
Other Theft,2017,1,27,18,8,5XX W HASTINGS ST,Central Business District,491826.9425,5459079.6858
Other Theft,2017,1,30,16,56,5XX W HASTINGS ST,Central Business District,491826.9425,5459079.6858
Other Theft,2017,1,31,13,39,5XX W HASTINGS ST,Central Business District,491826.9425,5459079.6858
Other Theft,2017,2,3,13,51,5XX W HASTINGS ST,Central Business District,491826.9425,5459079.6858
Other Theft,2017,2,3,14,57,5XX W HASTINGS ST,Central Business District,491826.9425,5459079.6858
Other Theft,2017,2,3,15,7,5XX W HASTINGS ST,Central Business District,491826.9425,5459079.6858
Other Theft,2017,2,3,17,12,5XX W HASTINGS ST,Central Business District,491826.9425,5459079.6858
Other Theft,2017,2,4,9,56,5XX W HASTINGS ST,Central Business District,491826.9425,5459079.6858
Other Theft,2017,2,4,12,4,5XX W HASTINGS ST,Central Business District,491826.9425,5459079.6858
Other Theft,2017,2,6,13,33,5XX W HASTINGS ST,Central Business District,491826.9425,5459079.6858
Other Theft,2017,2,6,20,25,5XX W HASTINGS ST,Central Business District,491826.9425,5459079.6858
Other Theft,2017,2,7,9,58,5XX W HASTINGS ST,Central Business District,491826.9425,5459079.6858
Other Theft,2017,2,8,9,55,5XX W HASTINGS ST,Central Business District,491826.9425,5459079.6858
Other Theft,2017,2,8,17,48,5XX W HASTINGS ST,Central Business District,491826.9425,5459079.6858
Other Theft,2017,2,8,20,39,5XX W HASTINGS ST,Central Business District,491826.9425,5459079.6858
Other Theft,2017,2,9,9,43,5XX W HASTINGS ST,Central Business District,491826.9425,5459079.6858
Other Theft,2017,2,9,16,25,5XX W HASTINGS ST,Central Business District,491826.9425,5459079.6858
Other Theft,2017,2,10,11,17,5XX W HASTINGS ST,Central Business District,491826.9425,5459079.6858
Other Theft,2017,2,14,15,38,5XX W HASTINGS ST,Central Business District,491826.9425,5459079.6858
Other Theft,2017,2,14,16,20,5XX W HASTINGS ST,Central Business District,491826.9425,5459079.6858
Other Theft,2017,2,15,11,37,5XX W HASTINGS ST,Central Business District,491826.9425,5459079.6858
Other Theft,2017,2,16,10,25,5XX W HASTINGS ST,Central Business District,491826.9425,5459079.6858
Other Theft,2017,2,16,13,38,5XX W HASTINGS ST,Central Business District,491826.9425,5459079.6858
Other Theft,2017,2,16,17,36,5XX W HASTINGS ST,Central Business District,491826.9425,5459079.6858
Other Theft,2017,2,16,18,45,5XX W HASTINGS ST,Central Business District,491826.9425,5459079.6858
Other Theft,2017,2,18,11,19,5XX W HASTINGS ST,Central Business District,491826.9425,5459079.6858
Other Theft,2017,2,18,14,25,5XX W HASTINGS ST,Central Business District,491826.9425,5459079.6858
Other Theft,2017,2,19,12,7,5XX W HASTINGS ST,Central Business District,491826.9425,5459079.6858
Other Theft,2017,2,19,12,18,5XX W HASTINGS ST,Central Business District,491826.9425,5459079.6858
Other Theft,2017,2,20,12,39,5XX W HASTINGS ST,Central Business District,491826.9425,5459079.6858
Other Theft,2017,2,22,12,32,5XX W HASTINGS ST,Central Business District,491826.9425,5459079.6858
Other Theft,2017,2,22,16,41,5XX W HASTINGS ST,Central Business District,491826.9425,5459079.6858
Other Theft,2017,2,24,13,24,5XX W HASTINGS ST,Central Business District,491826.9425,5459079.6858
Other Theft,2017,2,27,9,55,5XX W HASTINGS ST,Central Business District,491826.9425,5459079.6858
Other Theft,2017,2,28,16,42,5XX W HASTINGS ST,Central Business District,491826.9425,5459079.6858
Other Theft,2017,2,28,19,1,5XX W HASTINGS ST,Central Business District,491826.9425,5459079.6858
Other Theft,2017,3,3,14,14,5XX W HASTINGS ST,Central Business District,491826.9425,5459079.6858
Other Theft,2017,3,6,10,34,5XX W HASTINGS ST,Central Business District,491826.9425,5459079.6858
Other Theft,2017,3,6,12,31,5XX W HASTINGS ST,Central Business District,491826.9425,5459079.6858
Other Theft,2017,3,6,16,13,5XX W HASTINGS ST,Central Business District,491826.9425,5459079.6858
Other Theft,2017,3,7,13,4,5XX W HASTINGS ST,Central Business District,491826.9425,5459079.6858
Other Theft,2017,3,7,18,7,5XX W HASTINGS ST,Central Business District,491826.9425,5459079.6858
Other Theft,2017,3,7,19,16,5XX W HASTINGS ST,Central Business District,491826.9425,5459079.6858
Other Theft,2017,3,7,19,20,5XX W HASTINGS ST,Central Business District,491826.9425,5459079.6858
Other Theft,2017,3,9,12,25,5XX W HASTINGS ST,Central Business District,491826.9425,5459079.6858
Other Theft,2017,3,9,20,39,5XX W HASTINGS ST,Central Business District,491826.9425,5459079.6858
Other Theft,2017,3,10,13,26,5XX W HASTINGS ST,Central Business District,491826.9425,5459079.6858
Other Theft,2017,3,10,14,58,5XX W HASTINGS ST,Central Business District,491826.9425,5459079.6858
Other Theft,2017,3,10,15,41,5XX W HASTINGS ST,Central Business District,491826.9425,5459079.6858
Other Theft,2017,3,13,11,31,5XX W HASTINGS ST,Central Business District,491826.9425,5459079.6858
Other Theft,2017,3,13,13,41,5XX W HASTINGS ST,Central Business District,491826.9425,5459079.6858
Other Theft,2017,3,14,12,51,5XX W HASTINGS ST,Central Business District,491826.9425,5459079.6858
Other Theft,2017,3,14,13,45,5XX W HASTINGS ST,Central Business District,491826.9425,5459079.6858
Other Theft,2017,3,14,15,47,5XX W HASTINGS ST,Central Business District,491826.9425,5459079.6858
Other Theft,2017,3,14,18,58,5XX W HASTINGS ST,Central Business District,491826.9425,5459079.6858
Other Theft,2017,3,15,10,53,5XX W HASTINGS ST,Central Business District,491826.9425,5459079.6858
Other Theft,2017,3,15,16,10,5XX W HASTINGS ST,Central Business District,491826.9425,5459079.6858
Other Theft,2017,3,16,14,32,5XX W HASTINGS ST,Central Business District,491826.9425,5459079.6858
Other Theft,2017,3,16,15,59,5XX W HASTINGS ST,Central Business District,491826.9425,5459079.6858
Other Theft,2017,3,16,16,14,5XX W HASTINGS ST,Central Business District,491826.9425,5459079.6858
Other Theft,2017,3,16,18,1,5XX W HASTINGS ST,Central Business District,491826.9425,5459079.6858
Other Theft,2017,3,17,15,50,5XX W HASTINGS ST,Central Business District,491826.9425,5459079.6858
Other Theft,2017,3,18,9,56,5XX W HASTINGS ST,Central Business District,491826.9425,5459079.6858
Other Theft,2017,3,18,16,25,5XX W HASTINGS ST,Central Business District,491826.9425,5459079.6858
Other Theft,2017,3,19,11,35,5XX W HASTINGS ST,Central Business District,491826.9425,5459079.6858
Other Theft,2017,3,19,14,35,5XX W HASTINGS ST,Central Business District,491826.9425,5459079.6858
Other Theft,2017,3,19,16,12,5XX W HASTINGS ST,Central Business District,491826.9425,5459079.6858
Other Theft,2017,3,22,13,45,5XX W HASTINGS ST,Central Business District,491826.9425,5459079.6858
Other Theft,2017,3,23,14,5,5XX W HASTINGS ST,Central Business District,491826.9425,5459079.6858
Other Theft,2017,3,27,13,54,5XX W HASTINGS ST,Central Business District,491826.9425,5459079.6858
Other Theft,2017,3,28,14,12,5XX W HASTINGS ST,Central Business District,491826.9425,5459079.6858
Other Theft,2017,3,28,17,10,5XX W HASTINGS ST,Central Business District,491826.9425,5459079.6858
Other Theft,2017,3,30,12,41,5XX W HASTINGS ST,Central Business District,491826.9425,5459079.6858
Other Theft,2017,3,30,14,56,5XX W HASTINGS ST,Central Business District,491826.9425,5459079.6858
Other Theft,2017,3,30,16,9,5XX W HASTINGS ST,Central Business District,491826.9425,5459079.6858
Other Theft,2017,3,30,17,5,5XX W HASTINGS ST,Central Business District,491826.9425,5459079.6858
Other Theft,2017,3,31,17,28,5XX W HASTINGS ST,Central Business District,491826.9425,5459079.6858
Other Theft,2017,4,1,17,48,5XX W HASTINGS ST,Central Business District,491826.9425,5459079.6858
Other Theft,2017,4,5,17,35,5XX W HASTINGS ST,Central Business District,491826.9425,5459079.6858
Other Theft,2017,4,6,9,54,5XX W HASTINGS ST,Central Business District,491826.9425,5459079.6858
Other Theft,2017,4,7,10,30,5XX W HASTINGS ST,Central Business District,491826.9425,5459079.6858
Other Theft,2017,4,7,15,44,5XX W HASTINGS ST,Central Business District,491826.9425,5459079.6858
Other Theft,2017,4,7,15,51,5XX W HASTINGS ST,Central Business District,491826.9425,5459079.6858
Other Theft,2017,4,7,18,35,5XX W HASTINGS ST,Central Business District,491826.9425,5459079.6858
Other Theft,2017,4,8,15,34,5XX W HASTINGS ST,Central Business District,491826.9425,5459079.6858
Other Theft,2017,4,8,17,54,5XX W HASTINGS ST,Central Business District,491826.9425,5459079.6858
Other Theft,2017,4,11,17,3,5XX W HASTINGS ST,Central Business District,491826.9425,5459079.6858
Other Theft,2017,4,13,11,39,5XX W HASTINGS ST,Central Business District,491826.9425,5459079.6858
Other Theft,2017,4,13,14,17,5XX W HASTINGS ST,Central Business District,491826.9425,5459079.6858
Other Theft,2017,4,13,14,23,5XX W HASTINGS ST,Central Business District,491826.9425,5459079.6858
Other Theft,2017,4,13,16,7,5XX W HASTINGS ST,Central Business District,491826.9425,5459079.6858
Other Theft,2017,4,15,15,0,5XX W HASTINGS ST,Central Business District,491826.9425,5459079.6858
Other Theft,2017,4,17,12,14,5XX W HASTINGS ST,Central Business District,491826.9425,5459079.6858
Other Theft,2017,4,17,16,20,5XX W HASTINGS ST,Central Business District,491826.9425,5459079.6858
Other Theft,2017,4,17,17,25,5XX W HASTINGS ST,Central Business District,491826.9425,5459079.6858
Other Theft,2017,4,20,9,30,5XX W HASTINGS ST,Central Business District,491826.9425,5459079.6858
Other Theft,2017,4,21,11,32,5XX W HASTINGS ST,Central Business District,491826.9425,5459079.6858
Other Theft,2017,4,21,12,17,5XX W HASTINGS ST,Central Business District,491826.9425,5459079.6858
Other Theft,2017,4,21,13,12,5XX W HASTINGS ST,Central Business District,491826.9425,5459079.6858
Other Theft,2017,4,22,12,44,5XX W HASTINGS ST,Central Business District,491826.9425,5459079.6858
Other Theft,2017,4,25,9,44,5XX W HASTINGS ST,Central Business District,491826.9425,5459079.6858
Other Theft,2017,4,25,17,27,5XX W HASTINGS ST,Central Business District,491826.9425,5459079.6858
Other Theft,2017,4,27,16,52,5XX W HASTINGS ST,Central Business District,491826.9425,5459079.6858
Other Theft,2017,5,3,12,14,5XX W HASTINGS ST,Central Business District,491826.9425,5459079.6858
Other Theft,2017,5,4,10,45,5XX W HASTINGS ST,Central Business District,491826.9425,5459079.6858
Other Theft,2017,5,4,13,14,5XX W HASTINGS ST,Central Business District,491826.9425,5459079.6858
Other Theft,2017,5,4,18,16,5XX W HASTINGS ST,Central Business District,491826.9425,5459079.6858
Other Theft,2017,5,4,19,48,5XX W HASTINGS ST,Central Business District,491826.9425,5459079.6858
Other Theft,2017,5,5,15,48,5XX W HASTINGS ST,Central Business District,491826.9425,5459079.6858
Other Theft,2017,5,6,9,40,5XX W HASTINGS ST,Central Business District,491826.9425,5459079.6858
Other Theft,2017,5,8,15,1,5XX W HASTINGS ST,Central Business District,491826.9425,5459079.6858
Other Theft,2017,5,10,16,52,5XX W HASTINGS ST,Central Business District,491826.9425,5459079.6858
Other Theft,2017,5,11,11,20,5XX W HASTINGS ST,Central Business District,491826.9425,5459079.6858
Other Theft,2017,5,11,14,14,5XX W HASTINGS ST,Central Business District,491826.9425,5459079.6858
Other Theft,2017,5,13,12,26,5XX W HASTINGS ST,Central Business District,491826.9425,5459079.6858
Other Theft,2017,5,13,15,0,5XX W HASTINGS ST,Central Business District,491826.9425,5459079.6858
Other Theft,2017,5,14,13,32,5XX W HASTINGS ST,Central Business District,491826.9425,5459079.6858
Other Theft,2017,5,14,15,48,5XX W HASTINGS ST,Central Business District,491826.9425,5459079.6858
Other Theft,2017,5,17,16,8,5XX W HASTINGS ST,Central Business District,491826.9425,5459079.6858
Other Theft,2017,5,19,15,11,5XX W HASTINGS ST,Central Business District,491826.9425,5459079.6858
Other Theft,2017,5,20,17,4,5XX W HASTINGS ST,Central Business District,491826.9425,5459079.6858
Other Theft,2017,5,24,17,26,5XX W HASTINGS ST,Central Business District,491826.9425,5459079.6858
Other Theft,2017,5,26,17,23,5XX W HASTINGS ST,Central Business District,491826.9425,5459079.6858
Other Theft,2017,5,30,12,41,5XX W HASTINGS ST,Central Business District,491826.9425,5459079.6858
Other Theft,2017,6,1,13,31,5XX W HASTINGS ST,Central Business District,491826.9425,5459079.6858
Other Theft,2017,6,1,18,58,5XX W HASTINGS ST,Central Business District,491826.9425,5459079.6858
Other Theft,2017,6,2,14,45,5XX W HASTINGS ST,Central Business District,491826.9425,5459079.6858
Other Theft,2017,6,3,11,32,5XX W HASTINGS ST,Central Business District,491826.9425,5459079.6858
Other Theft,2017,6,4,15,10,5XX W HASTINGS ST,Central Business District,491826.9425,5459079.6858
Other Theft,2017,6,8,18,45,5XX W HASTINGS ST,Central Business District,491826.9425,5459079.6858
Other Theft,2017,6,9,14,42,5XX W HASTINGS ST,Central Business District,491826.9425,5459079.6858
Other Theft,2017,6,9,16,31,5XX W HASTINGS ST,Central Business District,491826.9425,5459079.6858
Other Theft,2017,6,10,10,5,5XX W HASTINGS ST,Central Business District,491826.9425,5459079.6858
Other Theft,2017,6,10,14,51,5XX W HASTINGS ST,Central Business District,491826.9425,5459079.6858
Other Theft,2017,6,11,12,50,5XX W HASTINGS ST,Central Business District,491826.9425,5459079.6858
Other Theft,2017,6,11,15,32,5XX W HASTINGS ST,Central Business District,491826.9425,5459079.6858
Other Theft,2017,6,12,17,25,5XX W HASTINGS ST,Central Business District,491826.9425,5459079.6858
Other Theft,2017,6,17,13,5,5XX W HASTINGS ST,Central Business District,491826.9425,5459079.6858
Other Theft,2017,6,19,11,18,5XX W HASTINGS ST,Central Business District,491826.9425,5459079.6858
Other Theft,2017,6,19,13,21,5XX W HASTINGS ST,Central Business District,491826.9425,5459079.6858
Other Theft,2017,6,20,10,2,5XX W HASTINGS ST,Central Business District,491826.9425,5459079.6858
Other Theft,2017,6,20,13,55,5XX W HASTINGS ST,Central Business District,491826.9425,5459079.6858
Other Theft,2017,6,22,10,55,5XX W HASTINGS ST,Central Business District,491826.9425,5459079.6858
Other Theft,2017,6,24,17,9,5XX W HASTINGS ST,Central Business District,491826.9425,5459079.6858
Other Theft,2017,6,24,17,25,5XX W HASTINGS ST,Central Business District,491826.9425,5459079.6858
Other Theft,2017,6,26,10,0,5XX W HASTINGS ST,Central Business District,491826.9425,5459079.6858
Other Theft,2017,6,26,13,24,5XX W HASTINGS ST,Central Business District,491826.9425,5459079.6858
Other Theft,2017,6,27,10,40,5XX W HASTINGS ST,Central Business District,491826.9425,5459079.6858
Other Theft,2017,6,29,15,2,5XX W HASTINGS ST,Central Business District,491826.9425,5459079.6858
Other Theft,2017,6,30,12,47,5XX W HASTINGS ST,Central Business District,491826.9425,5459079.6858
Other Theft,2017,6,30,14,10,5XX W HASTINGS ST,Central Business District,491826.9425,5459079.6858
Other Theft,2017,6,30,19,11,5XX W HASTINGS ST,Central Business District,491826.9425,5459079.6858
Other Theft,2017,7,1,15,0,5XX W HASTINGS ST,Central Business District,491826.9425,5459079.6858
Other Theft,2017,7,1,15,34,5XX W HASTINGS ST,Central Business District,491826.9425,5459079.6858
Other Theft,2017,7,1,16,30,5XX W HASTINGS ST,Central Business District,491826.9425,5459079.6858
Other Theft,2017,7,2,13,15,5XX W HASTINGS ST,Central Business District,491826.9425,5459079.6858
Other Theft,2017,7,3,12,40,5XX W HASTINGS ST,Central Business District,491826.9425,5459079.6858
Other Theft,2017,7,4,13,19,5XX W HASTINGS ST,Central Business District,491826.9425,5459079.6858
Other Theft,2017,7,5,18,6,5XX W HASTINGS ST,Central Business District,491826.9425,5459079.6858
Other Theft,2017,7,5,20,40,5XX W HASTINGS ST,Central Business District,491826.9425,5459079.6858
Other Theft,2017,7,6,5,55,5XX W HASTINGS ST,Central Business District,491826.9425,5459079.6858
Other Theft,2017,7,6,19,29,5XX W HASTINGS ST,Central Business District,491826.9425,5459079.6858
Other Theft,2017,7,7,16,25,5XX W HASTINGS ST,Central Business District,491826.9425,5459079.6858
Other Theft,2017,7,9,10,53,5XX W HASTINGS ST,Central Business District,491826.9425,5459079.6858
Other Theft,2017,7,9,13,30,5XX W HASTINGS ST,Central Business District,491826.9425,5459079.6858
Other Theft,2017,7,11,13,13,5XX W HASTINGS ST,Central Business District,491826.9425,5459079.6858
Other Theft,2017,7,11,15,48,5XX W HASTINGS ST,Central Business District,491826.9425,5459079.6858
Other Theft,2017,7,11,16,51,5XX W HASTINGS ST,Central Business District,491826.9425,5459079.6858
Other Theft,2017,7,11,19,5,5XX W HASTINGS ST,Central Business District,491826.9425,5459079.6858
Other Theft,2017,7,12,11,33,5XX W HASTINGS ST,Central Business District,491826.9425,5459079.6858
Other Theft,2017,7,13,16,26,5XX W HASTINGS ST,Central Business District,491826.9425,5459079.6858
Other Theft,2017,7,16,8,20,5XX W HASTINGS ST,Central Business District,491826.9425,5459079.6858
Other Theft,2017,7,17,14,25,5XX W HASTINGS ST,Central Business District,491826.9425,5459079.6858
Other Theft,2017,7,17,14,28,5XX W HASTINGS ST,Central Business District,491826.9425,5459079.6858
Other Theft,2017,7,17,15,10,5XX W HASTINGS ST,Central Business District,491826.9425,5459079.6858
Other Theft,2017,7,22,11,10,5XX W HASTINGS ST,Central Business District,491826.9425,5459079.6858
Other Theft,2017,7,22,13,37,5XX W HASTINGS ST,Central Business District,491826.9425,5459079.6858
Other Theft,2017,7,22,19,23,5XX W HASTINGS ST,Central Business District,491826.9425,5459079.6858
Other Theft,2017,7,24,12,53,5XX W HASTINGS ST,Central Business District,491826.9425,5459079.6858
Other Theft,2017,7,24,14,10,5XX W HASTINGS ST,Central Business District,491826.9425,5459079.6858
Other Theft,2017,7,25,11,10,5XX W HASTINGS ST,Central Business District,491826.9425,5459079.6858
Other Theft,2017,7,28,18,38,5XX W HASTINGS ST,Central Business District,491826.9425,5459079.6858
Other Theft,2017,8,4,14,0,5XX W HASTINGS ST,Central Business District,491826.9425,5459079.6858
Other Theft,2017,8,4,15,45,5XX W HASTINGS ST,Central Business District,491826.9425,5459079.6858
Other Theft,2017,8,9,12,32,5XX W HASTINGS ST,Central Business District,491826.9425,5459079.6858
Other Theft,2017,8,9,18,14,5XX W HASTINGS ST,Central Business District,491826.9425,5459079.6858
Other Theft,2017,8,12,13,25,5XX W HASTINGS ST,Central Business District,491826.9425,5459079.6858
Other Theft,2017,8,12,17,0,5XX W HASTINGS ST,Central Business District,491826.9425,5459079.6858
Other Theft,2017,8,15,18,48,5XX W HASTINGS ST,Central Business District,491826.9425,5459079.6858
Other Theft,2017,8,16,12,25,5XX W HASTINGS ST,Central Business District,491826.9425,5459079.6858
Other Theft,2017,8,16,14,51,5XX W HASTINGS ST,Central Business District,491826.9425,5459079.6858
Other Theft,2017,8,16,14,57,5XX W HASTINGS ST,Central Business District,491826.9425,5459079.6858
Other Theft,2017,8,16,16,56,5XX W HASTINGS ST,Central Business District,491826.9425,5459079.6858
Other Theft,2017,8,16,19,3,5XX W HASTINGS ST,Central Business District,491826.9425,5459079.6858
Other Theft,2017,8,18,13,5,5XX W HASTINGS ST,Central Business District,491826.9425,5459079.6858
Other Theft,2017,8,26,11,48,5XX W HASTINGS ST,Central Business District,491826.9425,5459079.6858
Other Theft,2017,8,27,16,3,5XX W HASTINGS ST,Central Business District,491826.9425,5459079.6858
Other Theft,2017,8,28,15,5,5XX W HASTINGS ST,Central Business District,491826.9425,5459079.6858
Other Theft,2017,8,29,9,53,5XX W HASTINGS ST,Central Business District,491826.9425,5459079.6858
Other Theft,2017,8,29,14,45,5XX W HASTINGS ST,Central Business District,491826.9425,5459079.6858
Other Theft,2017,9,1,11,42,5XX W HASTINGS ST,Central Business District,491826.9425,5459079.6858
Other Theft,2017,9,1,16,3,5XX W HASTINGS ST,Central Business District,491826.9425,5459079.6858
Other Theft,2017,9,4,15,14,5XX W HASTINGS ST,Central Business District,491826.9425,5459079.6858
Other Theft,2017,9,4,17,49,5XX W HASTINGS ST,Central Business District,491826.9425,5459079.6858
Other Theft,2017,9,11,14,20,5XX W HASTINGS ST,Central Business District,491826.9425,5459079.6858
Other Theft,2017,9,11,15,20,5XX W HASTINGS ST,Central Business District,491826.9425,5459079.6858
Other Theft,2017,9,12,20,10,5XX W HASTINGS ST,Central Business District,491826.9425,5459079.6858
Other Theft,2017,9,20,16,48,5XX W HASTINGS ST,Central Business District,491826.9425,5459079.6858
Other Theft,2017,9,23,11,30,5XX W HASTINGS ST,Central Business District,491826.9425,5459079.6858
Other Theft,2017,9,26,9,48,5XX W HASTINGS ST,Central Business District,491826.9425,5459079.6858
Other Theft,2017,9,29,19,3,5XX W HASTINGS ST,Central Business District,491826.9425,5459079.6858
Other Theft,2017,10,2,13,45,5XX W HASTINGS ST,Central Business District,491826.9425,5459079.6858
Other Theft,2017,10,3,15,41,5XX W HASTINGS ST,Central Business District,491826.9425,5459079.6858
Other Theft,2017,10,5,12,17,5XX W HASTINGS ST,Central Business District,491826.9425,5459079.6858
Other Theft,2017,10,6,13,50,5XX W HASTINGS ST,Central Business District,491826.9425,5459079.6858
Other Theft,2017,10,7,10,58,5XX W HASTINGS ST,Central Business District,491826.9425,5459079.6858
Other Theft,2017,10,9,14,0,5XX W HASTINGS ST,Central Business District,491826.9425,5459079.6858
Other Theft,2017,10,9,17,0,5XX W HASTINGS ST,Central Business District,491826.9425,5459079.6858
Other Theft,2017,10,10,17,50,5XX W HASTINGS ST,Central Business District,491826.9425,5459079.6858
Other Theft,2017,10,12,9,30,5XX W HASTINGS ST,Central Business District,491826.9425,5459079.6858
Other Theft,2017,10,14,12,1,5XX W HASTINGS ST,Central Business District,491826.9425,5459079.6858
Other Theft,2017,10,14,17,5,5XX W HASTINGS ST,Central Business District,491826.9425,5459079.6858
Other Theft,2017,10,18,10,9,5XX W HASTINGS ST,Central Business District,491826.9425,5459079.6858
Other Theft,2017,10,18,12,52,5XX W HASTINGS ST,Central Business District,491826.9425,5459079.6858
Other Theft,2017,10,18,14,26,5XX W HASTINGS ST,Central Business District,491826.9425,5459079.6858
Other Theft,2017,10,18,14,32,5XX W HASTINGS ST,Central Business District,491826.9425,5459079.6858
Other Theft,2017,10,21,13,45,5XX W HASTINGS ST,Central Business District,491826.9425,5459079.6858
Other Theft,2017,10,30,14,48,5XX W HASTINGS ST,Central Business District,491826.9425,5459079.6858
Other Theft,2017,10,31,14,15,5XX W HASTINGS ST,Central Business District,491826.9425,5459079.6858
Other Theft,2017,10,31,14,19,5XX W HASTINGS ST,Central Business District,491826.9425,5459079.6858
Other Theft,2017,11,3,11,55,5XX W HASTINGS ST,Central Business District,491826.9425,5459079.6858
Other Theft,2017,11,3,14,36,5XX W HASTINGS ST,Central Business District,491826.9425,5459079.6858
Other Theft,2017,11,4,16,33,5XX W HASTINGS ST,Central Business District,491826.9425,5459079.6858
Other Theft,2017,11,5,13,10,5XX W HASTINGS ST,Central Business District,491826.9425,5459079.6858
Other Theft,2017,11,5,17,32,5XX W HASTINGS ST,Central Business District,491826.9425,5459079.6858
Other Theft,2017,11,10,14,5,5XX W HASTINGS ST,Central Business District,491826.9425,5459079.6858
Other Theft,2017,11,10,19,48,5XX W HASTINGS ST,Central Business District,491826.9425,5459079.6858
Other Theft,2017,11,11,17,45,5XX W HASTINGS ST,Central Business District,491826.9425,5459079.6858
Other Theft,2017,11,13,11,0,5XX W HASTINGS ST,Central Business District,491826.9425,5459079.6858
Other Theft,2017,11,13,14,36,5XX W HASTINGS ST,Central Business District,491826.9425,5459079.6858
Other Theft,2017,11,13,21,53,5XX W HASTINGS ST,Central Business District,491826.9425,5459079.6858
Other Theft,2017,11,15,13,0,5XX W HASTINGS ST,Central Business District,491826.9425,5459079.6858
Other Theft,2017,11,15,15,55,5XX W HASTINGS ST,Central Business District,491826.9425,5459079.6858
Other Theft,2017,11,18,17,16,5XX W HASTINGS ST,Central Business District,491826.9425,5459079.6858
Other Theft,2017,11,19,12,49,5XX W HASTINGS ST,Central Business District,491826.9425,5459079.6858
Other Theft,2017,11,21,16,10,5XX W HASTINGS ST,Central Business District,491826.9425,5459079.6858
Other Theft,2017,11,23,10,48,5XX W HASTINGS ST,Central Business District,491826.9425,5459079.6858
Other Theft,2017,11,24,12,10,5XX W HASTINGS ST,Central Business District,491826.9425,5459079.6858
Other Theft,2017,11,24,13,21,5XX W HASTINGS ST,Central Business District,491826.9425,5459079.6858
Other Theft,2017,11,25,20,11,5XX W HASTINGS ST,Central Business District,491826.9425,5459079.6858
Other Theft,2017,11,27,14,40,5XX W HASTINGS ST,Central Business District,491826.9425,5459079.6858
Other Theft,2017,11,28,17,32,5XX W HASTINGS ST,Central Business District,491826.9425,5459079.6858
Other Theft,2017,12,1,13,5,5XX W HASTINGS ST,Central Business District,491826.9425,5459079.6858
Other Theft,2017,12,1,19,55,5XX W HASTINGS ST,Central Business District,491826.9425,5459079.6858
Other Theft,2017,12,5,13,10,5XX W HASTINGS ST,Central Business District,491826.9425,5459079.6858
Other Theft,2017,12,8,13,36,5XX W HASTINGS ST,Central Business District,491826.9425,5459079.6858
Other Theft,2017,12,9,11,38,5XX W HASTINGS ST,Central Business District,491826.9425,5459079.6858
Other Theft,2017,12,11,11,11,5XX W HASTINGS ST,Central Business District,491826.9425,5459079.6858
Other Theft,2017,12,11,17,3,5XX W HASTINGS ST,Central Business District,491826.9425,5459079.6858
Other Theft,2017,12,12,20,27,5XX W HASTINGS ST,Central Business District,491826.9425,5459079.6858
Other Theft,2017,12,14,10,40,5XX W HASTINGS ST,Central Business District,491826.9425,5459079.6858
Other Theft,2017,12,16,16,50,5XX W HASTINGS ST,Central Business District,491826.9425,5459079.6858
Other Theft,2017,12,16,17,26,5XX W HASTINGS ST,Central Business District,491826.9425,5459079.6858
Other Theft,2017,12,18,14,0,5XX W HASTINGS ST,Central Business District,491826.9425,5459079.6858
Other Theft,2017,12,18,18,15,5XX W HASTINGS ST,Central Business District,491826.9425,5459079.6858
Other Theft,2017,12,21,19,52,5XX W HASTINGS ST,Central Business District,491826.9425,5459079.6858
Other Theft,2017,12,23,17,0,5XX W HASTINGS ST,Central Business District,491826.9425,5459079.6858
Other Theft,2017,12,28,15,47,5XX W HASTINGS ST,Central Business District,491826.9425,5459079.6858
Other Theft,2017,12,28,19,1,5XX W HASTINGS ST,Central Business District,491826.9425,5459079.6858
Other Theft,2017,12,31,11,47,5XX W HASTINGS ST,Central Business District,491826.9425,5459079.6858
Other Theft,2017,1,4,10,40,5XX W HASTINGS ST,Central Business District,491827.083,5459079.5453
Other Theft,2017,1,4,13,21,5XX W HASTINGS ST,Central Business District,491827.083,5459079.5453
Other Theft,2017,1,6,13,5,5XX W HASTINGS ST,Central Business District,491827.083,5459079.5453
Other Theft,2017,1,6,16,58,5XX W HASTINGS ST,Central Business District,491827.083,5459079.5453
Other Theft,2017,1,9,11,17,5XX W HASTINGS ST,Central Business District,491827.083,5459079.5453
Other Theft,2017,1,9,18,18,5XX W HASTINGS ST,Central Business District,491827.083,5459079.5453
Other Theft,2017,1,11,13,36,5XX W HASTINGS ST,Central Business District,491827.083,5459079.5453
Other Theft,2017,1,13,10,56,5XX W HASTINGS ST,Central Business District,491827.083,5459079.5453
Other Theft,2017,1,21,17,29,5XX W HASTINGS ST,Central Business District,491827.083,5459079.5453
Other Theft,2017,5,12,15,42,5XX W HASTINGS ST,Central Business District,491827.083,5459079.5453
Other Theft,2017,12,7,16,9,5XX W HASTINGS ST,Central Business District,491848.1708,5459045.4673
Other Theft,2017,1,28,3,14,5XX W HASTINGS ST,Central Business District,491850.809,5459042.8235
Other Theft,2017,3,3,2,0,5XX W HASTINGS ST,Central Business District,491850.809,5459042.8235
Other Theft,2017,4,25,17,40,5XX W HASTINGS ST,Central Business District,491850.809,5459042.8235
Other Theft,2017,5,5,2,0,5XX W HASTINGS ST,Central Business District,491850.809,5459042.8235
Other Theft,2017,5,8,8,0,5XX W HASTINGS ST,Central Business District,491850.809,5459042.8235
Other Theft,2017,6,2,23,5,5XX W HASTINGS ST,Central Business District,491850.809,5459042.8235
Other Theft,2017,6,3,12,30,5XX W HASTINGS ST,Central Business District,491850.809,5459042.8235
Other Theft,2017,6,6,16,34,5XX W HASTINGS ST,Central Business District,491850.809,5459042.8235
Other Theft,2017,6,15,3,30,5XX W HASTINGS ST,Central Business District,491850.809,5459042.8235
Other Theft,2017,7,2,5,8,5XX W HASTINGS ST,Central Business District,491850.809,5459042.8235
Other Theft,2017,7,11,4,16,5XX W HASTINGS ST,Central Business District,491850.809,5459042.8235
Other Theft,2017,8,3,1,35,5XX W HASTINGS ST,Central Business District,491850.809,5459042.8235
Other Theft,2017,9,7,4,30,5XX W HASTINGS ST,Central Business District,491850.809,5459042.8235
Other Theft,2017,9,11,6,0,5XX W HASTINGS ST,Central Business District,491850.809,5459042.8235
Other Theft,2017,11,1,8,39,5XX W HASTINGS ST,Central Business District,491850.809,5459042.8235
Other Theft,2017,11,16,23,30,5XX W HASTINGS ST,Central Business District,491850.809,5459042.8235
Other Theft,2017,11,20,5,3,5XX W HASTINGS ST,Central Business District,491850.809,5459042.8235
Other Theft,2017,1,14,17,0,5XX W HASTINGS ST,Central Business District,491852.3422,5459054.2329
Other Theft,2017,1,23,12,35,5XX W HASTINGS ST,Central Business District,491853.3244,5459053.2481
Other Theft,2017,2,7,19,21,5XX W HASTINGS ST,Central Business District,491853.3244,5459053.2481
Other Theft,2017,2,10,17,0,5XX W HASTINGS ST,Central Business District,491853.3244,5459053.2481
Other Theft,2017,2,14,13,16,5XX W HASTINGS ST,Central Business District,491853.3244,5459053.2481
Other Theft,2017,3,11,9,36,5XX W HASTINGS ST,Central Business District,491853.3244,5459053.2481
Other Theft,2017,4,4,10,22,5XX W HASTINGS ST,Central Business District,491853.3244,5459053.2481
Other Theft,2017,4,6,8,15,5XX W HASTINGS ST,Central Business District,491853.3244,5459053.2481
Other Theft,2017,4,6,17,27,5XX W HASTINGS ST,Central Business District,491853.3244,5459053.2481
Other Theft,2017,4,11,12,17,5XX W HASTINGS ST,Central Business District,491853.3244,5459053.2481
Other Theft,2017,4,29,14,0,5XX W HASTINGS ST,Central Business District,491853.3244,5459053.2481
Other Theft,2017,5,11,12,0,5XX W HASTINGS ST,Central Business District,491853.3244,5459053.2481
Other Theft,2017,5,29,16,30,5XX W HASTINGS ST,Central Business District,491853.3244,5459053.2481
Other Theft,2017,6,8,8,30,5XX W HASTINGS ST,Central Business District,491853.3244,5459053.2481
Other Theft,2017,6,10,13,32,5XX W HASTINGS ST,Central Business District,491853.3244,5459053.2481
Other Theft,2017,4,1,0,0,5XX W HASTINGS ST,Central Business District,491853.3244,5459053.2482
Other Theft,2017,5,27,12,40,5XX W HASTINGS ST,Central Business District,491853.3244,5459053.2482
Other Theft,2017,7,13,0,0,5XX W HASTINGS ST,Central Business District,491853.3244,5459053.2482
Other Theft,2017,8,9,12,0,5XX W HASTINGS ST,Central Business District,491853.3244,5459053.2482
Other Theft,2017,8,23,15,30,5XX W HASTINGS ST,Central Business District,491853.3244,5459053.2482
Other Theft,2017,9,12,14,0,5XX W HASTINGS ST,Central Business District,491853.3244,5459053.2482
Other Theft,2017,9,21,12,30,5XX W HASTINGS ST,Central Business District,491853.3244,5459053.2482
Other Theft,2017,9,23,16,45,5XX W HASTINGS ST,Central Business District,491853.3244,5459053.2482
Other Theft,2017,5,26,21,36,5XX W KING EDWARD AVE,South Cambie,491488.8808,5455132.2395
Other Theft,2017,7,12,10,26,5XX W PENDER ST,Central Business District,491736.3072,5459028.1847
Other Theft,2017,2,12,2,51,5XX W PENDER ST,Central Business District,491760.524,5459004.9928
Other Theft,2017,6,18,10,20,5XX W PENDER ST,Central Business District,491763.6171,5458989.3697
Other Theft,2017,7,29,19,0,5XX W PENDER ST,Central Business District,491765.9055,5458999.8391
Other Theft,2017,4,12,13,16,5XX W PENDER ST,Central Business District,491773.0348,5458980.3507
Other Theft,2017,5,2,18,26,5XX W PENDER ST,Central Business District,491774.3801,5458979.0623
Other Theft,2017,7,17,6,43,5XX W PENDER ST,Central Business District,491775.7255,5458977.7738
Other Theft,2017,10,19,13,28,5XX W PENDER ST,Central Business District,491775.7255,5458977.7738
Other Theft,2017,5,26,9,20,5XX W PENDER ST,Central Business District,491787.4316,5458979.2241
Other Theft,2017,9,23,8,30,5XX WEST 8TH AVE,Fairview,491621.2791,5456819.6521
Other Theft,2017,6,2,15,30,60XX BATTISON ST,Killarney,497775.0135,5452845.7884
Other Theft,2017,9,17,11,50,60XX CULLODEN ST,Sunset,494287.1907,5452958.9047
Other Theft,2017,1,31,17,29,60XX FRASER ST,Sunset,493396.9929,5452942.5323
Other Theft,2017,2,14,16,40,60XX FRASER ST,Sunset,493396.9929,5452942.5323
Other Theft,2017,3,20,19,28,60XX FRASER ST,Sunset,493396.9929,5452942.5323
Other Theft,2017,9,6,16,35,60XX FRASER ST,Sunset,493396.9929,5452942.5323
Other Theft,2017,10,18,15,16,60XX FRASER ST,Sunset,493396.9929,5452942.5323
Other Theft,2017,3,26,13,0,60XX FRASER ST,Sunset,493400.004,5453029.8158
Other Theft,2017,4,28,10,0,60XX KNIGHT ST,Sunset,494379.3212,5452941.3182
Other Theft,2017,4,6,8,59,60XX LAUREL ST,Oakridge,490922.8963,5453060.8753
Other Theft,2017,6,28,11,30,60XX VICTORIA DR,Victoria-Fraserview,495220.6758,5452986.4789
Other Theft,2017,2,10,21,30,60XX WALES ST,Victoria-Fraserview,496234.3197,5452878.1595
Other Theft,2017,10,23,17,25,61XX ADERA ST,Kerrisdale,489558.6121,5453016.6171
Other Theft,2017,11,19,12,14,61XX BEATRICE ST,Victoria-Fraserview,495115.8687,5452828.8042
Other Theft,2017,4,15,14,38,61XX BUTLER ST,Killarney,497559.0672,5452806.72
Other Theft,2017,11,23,0,0,61XX COLLINGWOOD PL,Dunbar-Southlands,486604.5852,5453127.6692
Other Theft,2017,7,6,19,0,61XX FRASER ST,Sunset,493396.2867,5452921.0863
Other Theft,2017,2,1,11,59,61XX FRASER ST,Sunset,493402.9831,5452844.8218
Other Theft,2017,3,22,16,30,61XX FRASER ST,Sunset,493405.7924,5452932.188
Other Theft,2017,4,4,15,29,61XX OAK ST,Oakridge,490669.748,5453052.9842
Other Theft,2017,11,10,23,0,62XX ALBERTA ST,Oakridge,491768.7891,5452809.2473
Other Theft,2017,6,30,8,41,62XX DOMAN ST,Killarney,497344.8392,5452703.3656
Other Theft,2017,10,21,22,44,62XX FRASER ST,Sunset,493391.7211,5452742.1344
Other Theft,2017,4,16,16,33,62XX KILLARNEY ST,Killarney,496685.3172,5452639.5079
Other Theft,2017,8,31,20,0,62XX KILLARNEY ST,Killarney,496685.3172,5452639.5079
Other Theft,2017,1,21,13,0,62XX KILLARNEY ST,Killarney,496685.4886,5452640.7295
Other Theft,2017,1,23,11,0,62XX KILLARNEY ST,Killarney,496685.4886,5452640.7295
Other Theft,2017,1,30,16,0,62XX KILLARNEY ST,Killarney,496685.4886,5452640.7295
Other Theft,2017,2,17,12,30,62XX KILLARNEY ST,Killarney,496685.4886,5452640.7295
Other Theft,2017,3,7,20,0,62XX KILLARNEY ST,Killarney,496685.4886,5452640.7295
Other Theft,2017,3,10,8,0,62XX KILLARNEY ST,Killarney,496685.4886,5452640.7295
Other Theft,2017,3,13,8,30,62XX KILLARNEY ST,Killarney,496685.4886,5452640.7295
Other Theft,2017,3,13,21,30,62XX KILLARNEY ST,Killarney,496685.4886,5452640.7295
Other Theft,2017,3,30,15,45,62XX KILLARNEY ST,Killarney,496685.4886,5452640.7295
Other Theft,2017,4,6,21,34,62XX KILLARNEY ST,Killarney,496685.4886,5452640.7295
Other Theft,2017,4,8,19,0,62XX KILLARNEY ST,Killarney,496685.4886,5452640.7295
Other Theft,2017,4,19,20,40,62XX KILLARNEY ST,Killarney,496685.4886,5452640.7295
Other Theft,2017,5,4,18,0,62XX KILLARNEY ST,Killarney,496685.4886,5452640.7295
Other Theft,2017,6,12,14,30,62XX KILLARNEY ST,Killarney,496685.4886,5452640.7295
Other Theft,2017,6,13,18,30,62XX KILLARNEY ST,Killarney,496685.4886,5452640.7295
Other Theft,2017,6,18,17,0,62XX KILLARNEY ST,Killarney,496685.4886,5452640.7295
Other Theft,2017,6,24,16,0,62XX KILLARNEY ST,Killarney,496685.4886,5452640.7295
Other Theft,2017,7,19,18,30,62XX KILLARNEY ST,Killarney,496685.4886,5452640.7295
Other Theft,2017,7,22,18,5,62XX KILLARNEY ST,Killarney,496685.4886,5452640.7295
Other Theft,2017,8,13,9,0,62XX KILLARNEY ST,Killarney,496685.4886,5452640.7295
Other Theft,2017,9,1,19,30,62XX KILLARNEY ST,Killarney,496685.4886,5452640.7295
Other Theft,2017,9,4,14,30,62XX KILLARNEY ST,Killarney,496685.4886,5452640.7295
Other Theft,2017,9,5,19,20,62XX KILLARNEY ST,Killarney,496685.4886,5452640.7295
Other Theft,2017,9,21,19,30,62XX KILLARNEY ST,Killarney,496685.4886,5452640.7295
Other Theft,2017,10,12,17,30,62XX KILLARNEY ST,Killarney,496685.4886,5452640.7295
Other Theft,2017,10,19,19,30,62XX KILLARNEY ST,Killarney,496685.4886,5452640.7295
Other Theft,2017,11,3,19,30,62XX KILLARNEY ST,Killarney,496685.4886,5452640.7295
Other Theft,2017,11,5,11,9,62XX KILLARNEY ST,Killarney,496685.4886,5452640.7295
Other Theft,2017,5,18,16,0,63XX COMMERCIAL ST,Victoria-Fraserview,495015.6697,5452608.1406
Other Theft,2017,3,31,20,56,63XX FRASER ST,Sunset,493391.4672,5452728.8443
Other Theft,2017,4,13,9,53,63XX FRASER ST,Sunset,493391.4672,5452728.8443
Other Theft,2017,8,6,9,47,63XX FRASER ST,Sunset,493391.4672,5452728.8443
Other Theft,2017,10,16,11,19,63XX FRASER ST,Sunset,493391.4672,5452728.8443
Other Theft,2017,12,27,14,0,63XX FRASER ST,Sunset,493391.4672,5452728.8443
Other Theft,2017,9,14,17,30,63XX FRASER ST,Sunset,493400.1769,5452705.4415
Other Theft,2017,5,5,14,0,63XX MAPLE ST,Kerrisdale,488917.4277,5452858.976
Other Theft,2017,3,19,0,0,63XX OAK ST,Oakridge,490666.2977,5452841.7231
Other Theft,2017,9,14,8,15,63XX TISDALL ST,Oakridge,491140.6757,5452778.7144
Other Theft,2017,12,12,18,30,63XX TYNE ST,Killarney,497650.5874,5452600.0838
Other Theft,2017,4,9,16,30,63XX VICTORIA DR,Victoria-Fraserview,495211.8562,5452633.1223
Other Theft,2017,7,7,23,8,63XX WINDSOR ST,Sunset,493790.8299,5452649.4245
Other Theft,2017,7,27,5,30,64XX DUMFRIES ST,Victoria-Fraserview,494569.6708,5452573.17
Other Theft,2017,12,8,23,38,64XX DUMFRIES ST,Victoria-Fraserview,494578.6569,5452566.8896
Other Theft,2017,11,8,12,2,64XX FRASER ST,Sunset,493390.2551,5452573.7103
Other Theft,2017,4,18,12,30,64XX FRASER ST,Sunset,493390.3785,5452552.9386
Other Theft,2017,9,19,20,23,64XX FRASER ST,Sunset,493390.5429,5452525.243
Other Theft,2017,5,26,16,15,64XX FRASER ST,Sunset,493399.4538,5452564.5327
Other Theft,2017,1,23,10,30,64XX KILLARNEY ST,Killarney,496679.3024,5452498.5794
Other Theft,2017,2,17,14,0,64XX KILLARNEY ST,Killarney,496679.3024,5452498.5794
Other Theft,2017,4,5,14,30,64XX KILLARNEY ST,Killarney,496679.3024,5452498.5794
Other Theft,2017,10,6,8,40,64XX KILLARNEY ST,Killarney,496679.3024,5452498.5794
Other Theft,2017,11,23,18,0,64XX KILLARNEY ST,Killarney,496679.3024,5452498.5794
Other Theft,2017,11,23,18,20,64XX KILLARNEY ST,Killarney,496679.3024,5452498.5794
Other Theft,2017,11,23,18,30,64XX KILLARNEY ST,Killarney,496679.3024,5452498.5794
Other Theft,2017,6,23,20,0,64XX KNIGHT ST,Sunset,494365.6589,5452517.5603
Other Theft,2017,12,19,13,0,64XX MAIN ST,Sunset,492606.7186,5452600.3976
Other Theft,2017,7,24,17,16,64XX QUEBEC ST,Sunset,492447.4631,5452596.4623
Other Theft,2017,1,25,16,0,64XX VICTORIA DR,Victoria-Fraserview,495211.4869,5452620.4621
Other Theft,2017,1,30,10,51,64XX VICTORIA DR,Victoria-Fraserview,495211.4869,5452620.4621
Other Theft,2017,1,30,14,10,64XX VICTORIA DR,Victoria-Fraserview,495211.4869,5452620.4621
Other Theft,2017,2,9,13,53,64XX VICTORIA DR,Victoria-Fraserview,495211.4869,5452620.4621
Other Theft,2017,2,20,16,20,64XX VICTORIA DR,Victoria-Fraserview,495211.4869,5452620.4621
Other Theft,2017,2,20,17,58,64XX VICTORIA DR,Victoria-Fraserview,495211.4869,5452620.4621
Other Theft,2017,2,23,14,53,64XX VICTORIA DR,Victoria-Fraserview,495211.4869,5452620.4621
Other Theft,2017,3,3,15,55,64XX VICTORIA DR,Victoria-Fraserview,495211.4869,5452620.4621
Other Theft,2017,3,17,16,4,64XX VICTORIA DR,Victoria-Fraserview,495211.4869,5452620.4621
Other Theft,2017,3,21,20,51,64XX VICTORIA DR,Victoria-Fraserview,495211.4869,5452620.4621
Other Theft,2017,3,23,16,34,64XX VICTORIA DR,Victoria-Fraserview,495211.4869,5452620.4621
Other Theft,2017,3,23,20,41,64XX VICTORIA DR,Victoria-Fraserview,495211.4869,5452620.4621
Other Theft,2017,3,24,16,3,64XX VICTORIA DR,Victoria-Fraserview,495211.4869,5452620.4621
Other Theft,2017,3,31,15,6,64XX VICTORIA DR,Victoria-Fraserview,495211.4869,5452620.4621
Other Theft,2017,4,4,16,53,64XX VICTORIA DR,Victoria-Fraserview,495211.4869,5452620.4621
Other Theft,2017,4,7,15,35,64XX VICTORIA DR,Victoria-Fraserview,495211.4869,5452620.4621
Other Theft,2017,4,7,20,0,64XX VICTORIA DR,Victoria-Fraserview,495211.4869,5452620.4621
Other Theft,2017,4,19,13,35,64XX VICTORIA DR,Victoria-Fraserview,495211.4869,5452620.4621
Other Theft,2017,4,25,15,24,64XX VICTORIA DR,Victoria-Fraserview,495211.4869,5452620.4621
Other Theft,2017,5,4,16,25,64XX VICTORIA DR,Victoria-Fraserview,495211.4869,5452620.4621
Other Theft,2017,5,4,21,19,64XX VICTORIA DR,Victoria-Fraserview,495211.4869,5452620.4621
Other Theft,2017,5,5,18,30,64XX VICTORIA DR,Victoria-Fraserview,495211.4869,5452620.4621
Other Theft,2017,5,10,11,26,64XX VICTORIA DR,Victoria-Fraserview,495211.4869,5452620.4621
Other Theft,2017,5,10,14,56,64XX VICTORIA DR,Victoria-Fraserview,495211.4869,5452620.4621
Other Theft,2017,5,10,15,44,64XX VICTORIA DR,Victoria-Fraserview,495211.4869,5452620.4621
Other Theft,2017,5,24,15,42,64XX VICTORIA DR,Victoria-Fraserview,495211.4869,5452620.4621
Other Theft,2017,6,8,10,33,64XX VICTORIA DR,Victoria-Fraserview,495211.4869,5452620.4621
Other Theft,2017,6,19,18,5,64XX VICTORIA DR,Victoria-Fraserview,495211.4869,5452620.4621
Other Theft,2017,6,26,6,45,64XX VICTORIA DR,Victoria-Fraserview,495211.4869,5452620.4621
Other Theft,2017,6,27,15,10,64XX VICTORIA DR,Victoria-Fraserview,495211.4869,5452620.4621
Other Theft,2017,6,29,12,43,64XX VICTORIA DR,Victoria-Fraserview,495211.4869,5452620.4621
Other Theft,2017,6,29,16,28,64XX VICTORIA DR,Victoria-Fraserview,495211.4869,5452620.4621
Other Theft,2017,6,30,14,36,64XX VICTORIA DR,Victoria-Fraserview,495211.4869,5452620.4621
Other Theft,2017,6,30,17,28,64XX VICTORIA DR,Victoria-Fraserview,495211.4869,5452620.4621
Other Theft,2017,6,30,20,37,64XX VICTORIA DR,Victoria-Fraserview,495211.4869,5452620.4621
Other Theft,2017,6,30,21,9,64XX VICTORIA DR,Victoria-Fraserview,495211.4869,5452620.4621
Other Theft,2017,7,11,16,56,64XX VICTORIA DR,Victoria-Fraserview,495211.4869,5452620.4621
Other Theft,2017,7,14,9,50,64XX VICTORIA DR,Victoria-Fraserview,495211.4869,5452620.4621
Other Theft,2017,7,17,14,37,64XX VICTORIA DR,Victoria-Fraserview,495211.4869,5452620.4621
Other Theft,2017,7,18,17,35,64XX VICTORIA DR,Victoria-Fraserview,495211.4869,5452620.4621
Other Theft,2017,7,26,17,43,64XX VICTORIA DR,Victoria-Fraserview,495211.4869,5452620.4621
Other Theft,2017,7,31,13,8,64XX VICTORIA DR,Victoria-Fraserview,495211.4869,5452620.4621
Other Theft,2017,8,10,12,35,64XX VICTORIA DR,Victoria-Fraserview,495211.4869,5452620.4621
Other Theft,2017,8,10,17,16,64XX VICTORIA DR,Victoria-Fraserview,495211.4869,5452620.4621
Other Theft,2017,8,10,17,50,64XX VICTORIA DR,Victoria-Fraserview,495211.4869,5452620.4621
Other Theft,2017,8,12,17,22,64XX VICTORIA DR,Victoria-Fraserview,495211.4869,5452620.4621
Other Theft,2017,8,12,20,3,64XX VICTORIA DR,Victoria-Fraserview,495211.4869,5452620.4621
Other Theft,2017,8,13,20,43,64XX VICTORIA DR,Victoria-Fraserview,495211.4869,5452620.4621
Other Theft,2017,8,13,20,58,64XX VICTORIA DR,Victoria-Fraserview,495211.4869,5452620.4621
Other Theft,2017,8,15,9,39,64XX VICTORIA DR,Victoria-Fraserview,495211.4869,5452620.4621
Other Theft,2017,8,17,10,1,64XX VICTORIA DR,Victoria-Fraserview,495211.4869,5452620.4621
Other Theft,2017,8,21,10,29,64XX VICTORIA DR,Victoria-Fraserview,495211.4869,5452620.4621
Other Theft,2017,8,23,19,24,64XX VICTORIA DR,Victoria-Fraserview,495211.4869,5452620.4621
Other Theft,2017,8,26,14,4,64XX VICTORIA DR,Victoria-Fraserview,495211.4869,5452620.4621
Other Theft,2017,8,26,15,12,64XX VICTORIA DR,Victoria-Fraserview,495211.4869,5452620.4621
Other Theft,2017,8,26,18,7,64XX VICTORIA DR,Victoria-Fraserview,495211.4869,5452620.4621
Other Theft,2017,8,29,14,7,64XX VICTORIA DR,Victoria-Fraserview,495211.4869,5452620.4621
Other Theft,2017,9,6,19,22,64XX VICTORIA DR,Victoria-Fraserview,495211.4869,5452620.4621
Other Theft,2017,9,9,19,6,64XX VICTORIA DR,Victoria-Fraserview,495211.4869,5452620.4621
Other Theft,2017,9,21,13,20,64XX VICTORIA DR,Victoria-Fraserview,495211.4869,5452620.4621
Other Theft,2017,9,27,9,38,64XX VICTORIA DR,Victoria-Fraserview,495211.4869,5452620.4621
Other Theft,2017,9,27,10,31,64XX VICTORIA DR,Victoria-Fraserview,495211.4869,5452620.4621
Other Theft,2017,9,28,15,55,64XX VICTORIA DR,Victoria-Fraserview,495211.4869,5452620.4621
Other Theft,2017,10,9,20,57,64XX VICTORIA DR,Victoria-Fraserview,495211.4869,5452620.4621
Other Theft,2017,10,10,21,20,64XX VICTORIA DR,Victoria-Fraserview,495211.4869,5452620.4621
Other Theft,2017,10,15,20,4,64XX VICTORIA DR,Victoria-Fraserview,495211.4869,5452620.4621
Other Theft,2017,10,17,10,19,64XX VICTORIA DR,Victoria-Fraserview,495211.4869,5452620.4621
Other Theft,2017,10,28,21,48,64XX VICTORIA DR,Victoria-Fraserview,495211.4869,5452620.4621
Other Theft,2017,10,31,15,59,64XX VICTORIA DR,Victoria-Fraserview,495211.4869,5452620.4621
Other Theft,2017,11,8,13,39,64XX VICTORIA DR,Victoria-Fraserview,495211.4869,5452620.4621
Other Theft,2017,11,9,17,54,64XX VICTORIA DR,Victoria-Fraserview,495211.4869,5452620.4621
Other Theft,2017,11,11,19,20,64XX VICTORIA DR,Victoria-Fraserview,495211.4869,5452620.4621
Other Theft,2017,11,15,18,57,64XX VICTORIA DR,Victoria-Fraserview,495211.4869,5452620.4621
Other Theft,2017,11,23,11,0,64XX VICTORIA DR,Victoria-Fraserview,495211.4869,5452620.4621
Other Theft,2017,12,3,15,20,64XX VICTORIA DR,Victoria-Fraserview,495211.4869,5452620.4621
Other Theft,2017,12,6,19,35,64XX VICTORIA DR,Victoria-Fraserview,495211.4869,5452620.4621
Other Theft,2017,12,7,20,0,64XX VICTORIA DR,Victoria-Fraserview,495211.4869,5452620.4621
Other Theft,2017,12,8,19,45,64XX VICTORIA DR,Victoria-Fraserview,495211.4869,5452620.4621
Other Theft,2017,12,11,13,4,64XX VICTORIA DR,Victoria-Fraserview,495211.4869,5452620.4621
Other Theft,2017,12,11,13,11,64XX VICTORIA DR,Victoria-Fraserview,495211.4869,5452620.4621
Other Theft,2017,12,11,17,0,64XX VICTORIA DR,Victoria-Fraserview,495211.4869,5452620.4621
Other Theft,2017,12,13,21,32,64XX VICTORIA DR,Victoria-Fraserview,495211.4869,5452620.4621
Other Theft,2017,12,16,17,4,64XX VICTORIA DR,Victoria-Fraserview,495211.4869,5452620.4621
Other Theft,2017,12,17,17,28,64XX VICTORIA DR,Victoria-Fraserview,495211.4869,5452620.4621
Other Theft,2017,12,21,18,3,64XX VICTORIA DR,Victoria-Fraserview,495211.4869,5452620.4621
Other Theft,2017,2,14,16,0,65XX ARGYLE ST,Victoria-Fraserview,494768.0731,5452400.0198
Other Theft,2017,2,7,13,22,65XX FRASER ST,Sunset,493394.1655,5452439.34
Other Theft,2017,4,27,18,24,65XX FRASER ST,Sunset,493394.1655,5452439.34
Other Theft,2017,6,12,19,29,65XX FRASER ST,Sunset,493394.1655,5452439.34
Other Theft,2017,10,19,19,0,65XX FRASER ST,Sunset,493394.1655,5452439.34
Other Theft,2017,11,7,13,45,65XX FRASER ST,Sunset,493394.1655,5452439.34
Other Theft,2017,5,16,12,46,65XX FRASER ST,Sunset,493396.5614,5452474.8573
Other Theft,2017,11,1,13,0,65XX MAIN ST,Sunset,492603.993,5452540.4543
Other Theft,2017,1,24,18,10,65XX OAK ST,Oakridge,490653.1816,5452624.0879
Other Theft,2017,3,9,17,8,65XX OAK ST,Oakridge,490653.1816,5452624.0879
Other Theft,2017,8,28,6,56,65XX OAK ST,Oakridge,490653.1816,5452624.0879
Other Theft,2017,11,22,2,33,65XX OAK ST,Oakridge,490653.1816,5452624.0879
Other Theft,2017,12,14,2,46,65XX OAK ST,Oakridge,490653.1816,5452624.0879
Other Theft,2017,10,31,9,30,65XX VICTORIA DR,Victoria-Fraserview,495206.3301,5452467.6159
Other Theft,2017,3,28,19,33,65XX VICTORIA DR,Victoria-Fraserview,495214.6559,5452442.0404
Other Theft,2017,5,6,6,30,66XX BALSAM ST,Kerrisdale,488255.5402,5452500.7635
Other Theft,2017,1,30,0,0,66XX CYPRESS ST,Kerrisdale,489116.0306,5452503.0336
Other Theft,2017,12,11,12,0,66XX GRANVILLE ST,Kerrisdale,489810.3716,5452505.909
Other Theft,2017,7,8,0,21,66XX GRANVILLE ST,Oakridge,489819.5118,5452505.6455
Other Theft,2017,10,28,0,1,66XX INVERNESS ST,Sunset,494172.1095,5452352.2719
Other Theft,2017,11,1,21,0,66XX KNIGHT ST,Victoria-Fraserview,494370.6607,5452368.3313
Other Theft,2017,6,13,0,0,66XX MAIN ST,Sunset,492602.5834,5452398.957
Other Theft,2017,3,30,14,19,66XX ONTARIO ST,Sunset,492291.006,5452397.0066
Other Theft,2017,1,10,19,13,67XX CHURCHILL ST,Kerrisdale,489683.9842,5452422.6051
Other Theft,2017,7,11,9,44,67XX SHERBROOKE ST,Sunset,494057.9542,5452281.9681
Other Theft,2017,6,2,16,31,68XX CHURCHILL ST,Kerrisdale,489679.7112,5452255.5392
Other Theft,2017,3,20,16,53,68XX EAST BLVD,Kerrisdale,488919.0936,5452293.8388
Other Theft,2017,8,2,12,0,68XX FLEMING ST,Victoria-Fraserview,494668.1323,5452137.4036
Other Theft,2017,3,14,11,30,68XX HUDSON ST,Oakridge,490150.5978,5452311.7064
Other Theft,2017,2,27,3,30,68XX LAUREL ST,Oakridge,490873.9827,5452299.9159
Other Theft,2017,2,8,17,37,68XX VICTORIA DR,Victoria-Fraserview,495210.3274,5452170.9716
Other Theft,2017,10,27,15,6,68XX VICTORIA DR,Victoria-Fraserview,495210.3274,5452170.9716
Other Theft,2017,6,14,0,0,68XX VIVIAN ST,Victoria-Fraserview,496317.5326,5452100.919
Other Theft,2017,2,27,17,47,69XX FREMLIN ST,Oakridge,490755.5795,5452141.0967
Other Theft,2017,7,8,14,10,69XX LAUREL ST,Oakridge,490868.2403,5452114.6154
Other Theft,2017,3,18,16,30,69XX VICTORIA DR,Victoria-Fraserview,495198.8222,5451960.4134
Other Theft,2017,1,10,7,13,69XX VICTORIA DR,Victoria-Fraserview,495208.142,5452046.4871
Other Theft,2017,3,15,22,33,69XX VICTORIA DR,Victoria-Fraserview,495208.147,5452048.7733
Other Theft,2017,5,4,8,30,69XX VICTORIA DR,Victoria-Fraserview,495208.147,5452048.7733
Other Theft,2017,6,19,13,0,69XX VICTORIA DR,Victoria-Fraserview,495208.147,5452048.7733
Other Theft,2017,7,24,19,10,69XX VICTORIA DR,Victoria-Fraserview,495208.147,5452048.7733
Other Theft,2017,9,16,13,30,69XX VICTORIA DR,Victoria-Fraserview,495208.147,5452048.7733
Other Theft,2017,12,1,16,45,69XX VICTORIA DR,Victoria-Fraserview,495208.147,5452048.7733
Other Theft,2017,3,8,17,20,6X E 50TH AVE,Sunset,492379.7509,5452451.7058
Other Theft,2017,12,13,13,30,6X E 52ND AVE,Sunset,492386.2796,5452247.927
Other Theft,2017,3,31,21,30,6X E CORDOVA ST,Central Business District,492517.8938,5458844.346
Other Theft,2017,1,31,13,46,6X E HASTINGS ST,Central Business District,492505.8484,5458740.8557
Other Theft,2017,11,16,14,38,6X E HASTINGS ST,Central Business District,492505.8484,5458740.8557
Other Theft,2017,12,4,18,0,6X KEEFER PL,Central Business District,492219.7725,5458539.1732
Other Theft,2017,3,22,10,0,6X SMITHE ST,Central Business District,491637.659,5458137.9144
Other Theft,2017,6,26,10,46,6X W CORDOVA ST,Central Business District,492299.8946,5458898.3505
Other Theft,2017,7,8,20,27,6XX ABBOTT ST,Central Business District,492166.4265,5458452.7208
Other Theft,2017,9,24,10,23,6XX ABBOTT ST,Central Business District,492166.4265,5458452.7208
Other Theft,2017,10,10,7,35,6XX ABBOTT ST,Central Business District,492166.4265,5458452.7208
Other Theft,2017,7,5,10,31,6XX ABBOTT ST,Central Business District,492166.4843,5458459.5358
Other Theft,2017,8,22,20,27,6XX ABBOTT ST,Central Business District,492166.4843,5458459.5358
Other Theft,2017,8,22,20,34,6XX ABBOTT ST,Central Business District,492166.4843,5458459.5358
Other Theft,2017,9,1,10,59,6XX ABBOTT ST,Central Business District,492166.4843,5458459.5358
Other Theft,2017,9,13,9,34,6XX ABBOTT ST,Central Business District,492166.4843,5458459.5358
Other Theft,2017,9,16,11,2,6XX ABBOTT ST,Central Business District,492166.4843,5458459.5358
Other Theft,2017,10,6,10,50,6XX ABBOTT ST,Central Business District,492166.4843,5458459.5358
Other Theft,2017,11,9,19,58,6XX ABBOTT ST,Central Business District,492166.4843,5458459.5358
Other Theft,2017,12,15,8,25,6XX ABBOTT ST,Central Business District,492166.4843,5458459.5358
Other Theft,2017,4,12,22,46,6XX ABBOTT ST,Central Business District,492167.0625,5458527.6866
Other Theft,2017,4,29,22,36,6XX ABBOTT ST,Central Business District,492167.0625,5458527.6866
Other Theft,2017,10,22,20,54,6XX ABBOTT ST,Central Business District,492167.0625,5458527.6866
Other Theft,2017,4,9,17,40,6XX ABBOTT ST,Central Business District,492167.2553,5458550.4035
Other Theft,2017,4,20,9,50,6XX ABBOTT ST,Central Business District,492167.2553,5458550.4035
Other Theft,2017,4,27,17,25,6XX ABBOTT ST,Central Business District,492167.2553,5458550.4035
Other Theft,2017,5,9,22,53,6XX ABBOTT ST,Central Business District,492167.2553,5458550.4035
Other Theft,2017,5,19,16,10,6XX ABBOTT ST,Central Business District,492167.2553,5458550.4035
Other Theft,2017,6,1,0,33,6XX ABBOTT ST,Central Business District,492167.2553,5458550.4035
Other Theft,2017,9,14,0,0,6XX ABBOTT ST,Central Business District,492167.2553,5458550.4035
Other Theft,2017,4,11,7,15,6XX ABBOTT ST,Central Business District,492175.5702,5458452.6432
Other Theft,2017,6,13,14,50,6XX ABBOTT ST,Central Business District,492176.052,5458509.4355
Other Theft,2017,5,7,15,34,6XX ABBOTT ST,Central Business District,492176.4182,5458552.5976
Other Theft,2017,11,24,18,52,6XX ABBOTT ST,Central Business District,492176.4182,5458552.5976
Other Theft,2017,9,28,20,0,6XX ALEXANDER ST,Strathcona,493359.3485,5459020.6434
Other Theft,2017,6,5,10,0,6XX ALEXANDER ST,Strathcona,493359.6386,5459029.7829
Other Theft,2017,4,3,0,0,6XX ALEXANDER ST,Strathcona,493398.9679,5459019.3858
Other Theft,2017,6,1,0,0,6XX BUCKETWHEEL AVE,Fairview,491409.6851,5457236.6424
Other Theft,2017,7,20,15,36,6XX BUCKETWHEEL AVE,Fairview,491424.8591,5457245.7491
Other Theft,2017,9,15,11,40,6XX BURRARD ST,Central Business District,491219.8691,5459101.4025
Other Theft,2017,10,16,9,30,6XX BURRARD ST,Central Business District,491277.8528,5459162.4022
Other Theft,2017,11,13,11,0,6XX BURRARD ST,Central Business District,491277.8528,5459162.4022
Other Theft,2017,1,20,14,10,6XX BURRARD ST,Central Business District,491278.6732,5459176.8304
Other Theft,2017,2,22,16,0,6XX BURRARD ST,Central Business District,491278.6732,5459176.8304
Other Theft,2017,3,13,8,0,6XX BURRARD ST,Central Business District,491278.6732,5459176.8304
Other Theft,2017,3,27,9,45,6XX BURRARD ST,Central Business District,491278.6732,5459176.8304
Other Theft,2017,3,28,16,40,6XX BURRARD ST,Central Business District,491278.6732,5459176.8304
Other Theft,2017,4,2,17,9,6XX BURRARD ST,Central Business District,491278.6732,5459176.8304
Other Theft,2017,6,5,17,0,6XX BURRARD ST,Central Business District,491278.6732,5459176.8304
Other Theft,2017,6,13,15,0,6XX BURRARD ST,Central Business District,491278.6732,5459176.8304
Other Theft,2017,7,22,9,5,6XX BURRARD ST,Central Business District,491278.6732,5459176.8304
Other Theft,2017,8,20,11,9,6XX BURRARD ST,Central Business District,491278.6732,5459176.8304
Other Theft,2017,8,29,9,0,6XX BURRARD ST,Central Business District,491278.6732,5459176.8304
Other Theft,2017,9,16,17,30,6XX BURRARD ST,Central Business District,491278.6732,5459176.8304
Other Theft,2017,9,22,13,38,6XX BURRARD ST,Central Business District,491278.6732,5459176.8304
Other Theft,2017,9,24,16,45,6XX BURRARD ST,Central Business District,491278.6732,5459176.8304
Other Theft,2017,9,25,20,40,6XX BURRARD ST,Central Business District,491278.6732,5459176.8304
Other Theft,2017,10,10,11,20,6XX BURRARD ST,Central Business District,491278.6732,5459176.8304
Other Theft,2017,1,10,17,4,6XX BURRARD ST,Central Business District,491291.2754,5459190.58
Other Theft,2017,3,31,14,0,6XX BURRARD ST,Central Business District,491291.2754,5459190.58
Other Theft,2017,5,4,15,30,6XX BURRARD ST,Central Business District,491291.2754,5459190.58
Other Theft,2017,9,20,11,40,6XX BURRARD ST,Central Business District,491291.2754,5459190.58
Other Theft,2017,2,10,10,22,6XX BURRARD ST,Central Business District,491319.44,5459207.7758
Other Theft,2017,7,10,6,19,6XX BURRARD ST,Central Business District,491319.44,5459207.7758
Other Theft,2017,6,7,15,30,6XX BUTE ST,Central Business District,490928.3559,5459431.0146
Other Theft,2017,4,3,10,0,6XX BUTE ST,Central Business District,490953.1899,5459442.2636
Other Theft,2017,3,18,23,51,6XX CAMBIE ST,Central Business District,491766.3179,5458525.5586
Other Theft,2017,10,19,21,0,6XX CAMBIE ST,Central Business District,491821.6156,5458582.7287
Other Theft,2017,10,19,23,0,6XX CAMBIE ST,Central Business District,491821.6156,5458582.7287
Other Theft,2017,9,3,13,34,6XX CAMBIE ST,Central Business District,491879.3174,5458642.3845
Other Theft,2017,5,10,23,0,6XX CAMBIE ST,Central Business District,491885.89,5458636.0272
Other Theft,2017,9,30,10,24,6XX CAMBIE ST,Central Business District,491885.89,5458636.0272
Other Theft,2017,2,4,2,10,6XX CAMPBELL AVE,Strathcona,493830.5017,5458480.5859
Other Theft,2017,7,9,16,0,6XX CHILCO ST,West End,490042.495,5460176.0009
Other Theft,2017,5,8,17,0,6XX CITADEL PRDE,Central Business District,491994.8808,5458521.0177
Other Theft,2017,8,29,20,47,6XX CITADEL PRDE,Central Business District,491994.8808,5458521.0177
Other Theft,2017,8,4,21,9,6XX CLARK DR,Grandview-Woodland,494389.0628,5458488.6637
Other Theft,2017,12,22,10,35,6XX CLARK DR,Grandview-Woodland,494389.9521,5458524.916
Other Theft,2017,1,31,18,11,6XX COMMERCIAL DR,Grandview-Woodland,494870.7899,5458482.0801
Other Theft,2017,7,25,19,22,6XX DAVIE ST,Central Business District,490840.5873,5458248.4432
Other Theft,2017,12,5,21,15,6XX DAVIE ST,Central Business District,490841.3384,5458260.6145
Other Theft,2017,6,29,14,27,6XX DAVIE ST,Central Business District,490890.5554,5458211.4756
Other Theft,2017,7,6,16,38,6XX DAVIE ST,Central Business District,490893.4032,5458208.6324
Other Theft,2017,7,7,7,24,6XX DAVIE ST,Central Business District,490893.4032,5458208.6324
Other Theft,2017,7,8,8,26,6XX DAVIE ST,Central Business District,490893.4032,5458208.6324
Other Theft,2017,7,9,17,12,6XX DAVIE ST,Central Business District,490893.4032,5458208.6324
Other Theft,2017,7,10,9,2,6XX DAVIE ST,Central Business District,490893.4032,5458208.6324
Other Theft,2017,7,19,18,26,6XX DAVIE ST,Central Business District,490893.4032,5458208.6324
Other Theft,2017,7,27,12,49,6XX DAVIE ST,Central Business District,490893.4032,5458208.6324
Other Theft,2017,9,1,6,47,6XX DAVIE ST,Central Business District,490893.4032,5458208.6324
Other Theft,2017,11,13,10,30,6XX DENMAN ST,West End,490241.2152,5459966.6854
Other Theft,2017,7,2,17,27,6XX DENMAN ST,West End,490245.0928,5459970.4274
Other Theft,2017,7,11,12,52,6XX DENMAN ST,West End,490245.0928,5459970.4274
Other Theft,2017,9,3,14,50,6XX DENMAN ST,West End,490245.0928,5459970.4274
Other Theft,2017,5,8,20,0,6XX DUNSMUIR ST,Central Business District,491540.4192,5458981.8443
Other Theft,2017,2,14,9,52,6XX DUNSMUIR ST,Central Business District,491547.4218,5458974.7623
Other Theft,2017,4,9,9,40,6XX DUNSMUIR ST,Central Business District,491567.029,5458954.9327
Other Theft,2017,11,9,16,0,6XX DUNSMUIR ST,Central Business District,491597.5347,5458924.4806
Other Theft,2017,9,27,21,9,6XX DUNSMUIR ST,Central Business District,491603.2,5458918.828
Other Theft,2017,10,19,19,0,6XX DUNSMUIR ST,Central Business District,491603.2,5458918.828
Other Theft,2017,5,5,20,5,6XX DUNSMUIR ST,Central Business District,491605.4096,5458929.5405
Other Theft,2017,12,11,18,30,6XX DUNSMUIR ST,Central Business District,491605.4096,5458929.5405
Other Theft,2017,5,12,1,6,6XX DUNSMUIR ST,Central Business District,491608.2422,5458926.7142
Other Theft,2017,6,12,18,0,6XX DUNSMUIR ST,Central Business District,491608.2422,5458926.7142
Other Theft,2017,12,24,10,0,6XX E 10TH AVE,Mount Pleasant,493396.0929,5456538.5587
Other Theft,2017,12,23,17,30,6XX E 15TH AVE,Mount Pleasant,493444.6777,5456053.0955
Other Theft,2017,4,13,8,0,6XX E 17TH AVE,Riley Park,493421.7452,5455872.2094
Other Theft,2017,3,2,11,18,6XX E 31ST AVE,Riley Park,493347.621,5454434.908
Other Theft,2017,2,11,16,0,6XX E 44TH AVE,Sunset,493336.9099,5453035.6645
Other Theft,2017,1,4,20,58,6XX E 47TH AVE,Sunset,493326.5036,5452741.7606
Other Theft,2017,7,14,5,0,6XX E 56TH AVE,Sunset,493335.1409,5451815.2276
Other Theft,2017,6,29,16,0,6XX E 57TH AVE,Sunset,493277.2398,5451722.8695
Other Theft,2017,3,14,13,37,6XX E 62ND AVE,Sunset,493291.6527,5451264.9952
Other Theft,2017,10,15,23,30,6XX E 8TH AVE,Mount Pleasant,493436.6365,5456749.1566
Other Theft,2017,3,23,13,0,6XX E 8TH AVE,Mount Pleasant,493490.262,5456739.0806
Other Theft,2017,10,17,15,51,6XX E BROADWAY AVE,Mount Pleasant,493380.0367,5456635.6216
Other Theft,2017,8,16,2,17,6XX E BROADWAY AVE,Mount Pleasant,493380.1076,5456644.7653
Other Theft,2017,4,9,21,2,6XX E BROADWAY AVE,Mount Pleasant,493398.7589,5456644.6207
Other Theft,2017,7,21,10,30,6XX E BROADWAY AVE,Mount Pleasant,493451.9774,5456635.0638
Other Theft,2017,2,27,22,0,6XX E CORDOVA ST,Strathcona,493395.834,5458827.339
Other Theft,2017,4,11,18,30,6XX E CORDOVA ST,Strathcona,493417.0306,5458817.5338
Other Theft,2017,5,6,13,16,6XX E HASTINGS ST,Strathcona,493351.7101,5458715.1683
Other Theft,2017,5,29,18,0,6XX E HASTINGS ST,Strathcona,493351.7101,5458715.1683
Other Theft,2017,6,18,13,54,6XX E HASTINGS ST,Strathcona,493351.7101,5458715.1683
Other Theft,2017,9,12,9,24,6XX E HASTINGS ST,Strathcona,493351.7101,5458715.1683
Other Theft,2017,4,2,14,40,6XX E HASTINGS ST,Strathcona,493351.9542,5458724.3091
Other Theft,2017,6,2,13,59,6XX E HASTINGS ST,Strathcona,493351.9542,5458724.3091
Other Theft,2017,6,13,20,33,6XX E HASTINGS ST,Strathcona,493351.9542,5458724.3091
Other Theft,2017,6,22,15,25,6XX E HASTINGS ST,Strathcona,493351.9542,5458724.3091
Other Theft,2017,1,26,13,24,6XX E HASTINGS ST,Strathcona,493365.4582,5458723.9485
Other Theft,2017,10,14,23,0,6XX E HASTINGS ST,Strathcona,493397.8677,5458723.083
Other Theft,2017,2,9,17,7,6XX E HASTINGS ST,Strathcona,493470.5449,5458711.9949
Other Theft,2017,8,7,17,45,6XX E PENDER ST,Strathcona,493347.4551,5458608.0323
Other Theft,2017,6,5,3,40,6XX EXPO BLVD,Central Business District,492029.0574,5458399.6117
Other Theft,2017,3,28,19,46,6XX EXPO BLVD,Central Business District,492087.6904,5458440.4284
Other Theft,2017,7,22,12,30,6XX EXPO BLVD,Central Business District,492087.6904,5458440.4284
Other Theft,2017,11,9,0,0,6XX EXPO BLVD,Central Business District,492087.6904,5458440.4284
Other Theft,2017,9,28,18,59,6XX GORE AVE,Strathcona,492935.9097,5458523.5246
Other Theft,2017,4,5,17,10,6XX GRANVILLE ST,Central Business District,491438.1244,5458901.5405
Other Theft,2017,1,7,20,13,6XX GRANVILLE ST,Central Business District,491439.425,5458902.8488
Other Theft,2017,1,6,18,58,6XX GRANVILLE ST,Central Business District,491444.6134,5458895.098
Other Theft,2017,1,6,20,23,6XX GRANVILLE ST,Central Business District,491444.6134,5458895.098
Other Theft,2017,1,7,14,14,6XX GRANVILLE ST,Central Business District,491444.6134,5458895.098
Other Theft,2017,1,7,17,44,6XX GRANVILLE ST,Central Business District,491444.6134,5458895.098
Other Theft,2017,1,8,18,37,6XX GRANVILLE ST,Central Business District,491444.6134,5458895.098
Other Theft,2017,1,22,15,6,6XX GRANVILLE ST,Central Business District,491444.6134,5458895.098
Other Theft,2017,1,28,11,42,6XX GRANVILLE ST,Central Business District,491444.6134,5458895.098
Other Theft,2017,2,6,14,30,6XX GRANVILLE ST,Central Business District,491444.6134,5458895.098
Other Theft,2017,2,9,17,20,6XX GRANVILLE ST,Central Business District,491444.6134,5458895.098
Other Theft,2017,2,11,14,0,6XX GRANVILLE ST,Central Business District,491444.6134,5458895.098
Other Theft,2017,2,15,12,17,6XX GRANVILLE ST,Central Business District,491444.6134,5458895.098
Other Theft,2017,2,22,18,47,6XX GRANVILLE ST,Central Business District,491444.6134,5458895.098
Other Theft,2017,2,28,18,50,6XX GRANVILLE ST,Central Business District,491444.6134,5458895.098
Other Theft,2017,3,1,16,15,6XX GRANVILLE ST,Central Business District,491444.6134,5458895.098
Other Theft,2017,3,10,20,18,6XX GRANVILLE ST,Central Business District,491444.6134,5458895.098
Other Theft,2017,3,17,11,58,6XX GRANVILLE ST,Central Business District,491444.6134,5458895.098
Other Theft,2017,3,18,19,14,6XX GRANVILLE ST,Central Business District,491444.6134,5458895.098
Other Theft,2017,3,22,17,53,6XX GRANVILLE ST,Central Business District,491444.6134,5458895.098
Other Theft,2017,3,22,20,30,6XX GRANVILLE ST,Central Business District,491444.6134,5458895.098
Other Theft,2017,3,28,16,56,6XX GRANVILLE ST,Central Business District,491444.6134,5458895.098
Other Theft,2017,3,29,11,4,6XX GRANVILLE ST,Central Business District,491444.6134,5458895.098
Other Theft,2017,3,30,19,4,6XX GRANVILLE ST,Central Business District,491444.6134,5458895.098
Other Theft,2017,4,3,13,48,6XX GRANVILLE ST,Central Business District,491444.6134,5458895.098
Other Theft,2017,4,3,16,9,6XX GRANVILLE ST,Central Business District,491444.6134,5458895.098
Other Theft,2017,4,4,10,48,6XX GRANVILLE ST,Central Business District,491444.6134,5458895.098
Other Theft,2017,4,6,14,22,6XX GRANVILLE ST,Central Business District,491444.6134,5458895.098
Other Theft,2017,4,10,15,40,6XX GRANVILLE ST,Central Business District,491444.6134,5458895.098
Other Theft,2017,4,19,16,18,6XX GRANVILLE ST,Central Business District,491444.6134,5458895.098
Other Theft,2017,4,19,21,1,6XX GRANVILLE ST,Central Business District,491444.6134,5458895.098
Other Theft,2017,4,20,15,50,6XX GRANVILLE ST,Central Business District,491444.6134,5458895.098
Other Theft,2017,5,9,16,16,6XX GRANVILLE ST,Central Business District,491444.6134,5458895.098
Other Theft,2017,5,14,15,23,6XX GRANVILLE ST,Central Business District,491444.6134,5458895.098
Other Theft,2017,5,17,19,5,6XX GRANVILLE ST,Central Business District,491444.6134,5458895.098
Other Theft,2017,5,21,12,2,6XX GRANVILLE ST,Central Business District,491444.6134,5458895.098
Other Theft,2017,5,29,12,56,6XX GRANVILLE ST,Central Business District,491444.6134,5458895.098
Other Theft,2017,6,4,12,29,6XX GRANVILLE ST,Central Business District,491444.6134,5458895.098
Other Theft,2017,6,6,17,21,6XX GRANVILLE ST,Central Business District,491444.6134,5458895.098
Other Theft,2017,6,10,12,3,6XX GRANVILLE ST,Central Business District,491444.6134,5458895.098
Other Theft,2017,6,14,17,14,6XX GRANVILLE ST,Central Business District,491444.6134,5458895.098
Other Theft,2017,6,15,10,34,6XX GRANVILLE ST,Central Business District,491444.6134,5458895.098
Other Theft,2017,6,17,17,40,6XX GRANVILLE ST,Central Business District,491444.6134,5458895.098
Other Theft,2017,6,19,12,0,6XX GRANVILLE ST,Central Business District,491444.6134,5458895.098
Other Theft,2017,6,19,21,13,6XX GRANVILLE ST,Central Business District,491444.6134,5458895.098
Other Theft,2017,7,1,10,58,6XX GRANVILLE ST,Central Business District,491444.6134,5458895.098
Other Theft,2017,7,1,18,22,6XX GRANVILLE ST,Central Business District,491444.6134,5458895.098
Other Theft,2017,7,6,16,30,6XX GRANVILLE ST,Central Business District,491444.6134,5458895.098
Other Theft,2017,7,10,16,35,6XX GRANVILLE ST,Central Business District,491444.6134,5458895.098
Other Theft,2017,7,20,15,14,6XX GRANVILLE ST,Central Business District,491444.6134,5458895.098
Other Theft,2017,7,20,18,20,6XX GRANVILLE ST,Central Business District,491444.6134,5458895.098
Other Theft,2017,7,22,11,57,6XX GRANVILLE ST,Central Business District,491444.6134,5458895.098
Other Theft,2017,7,22,18,48,6XX GRANVILLE ST,Central Business District,491444.6134,5458895.098
Other Theft,2017,8,1,16,10,6XX GRANVILLE ST,Central Business District,491444.6134,5458895.098
Other Theft,2017,8,9,15,50,6XX GRANVILLE ST,Central Business District,491444.6134,5458895.098
Other Theft,2017,8,10,16,28,6XX GRANVILLE ST,Central Business District,491444.6134,5458895.098
Other Theft,2017,8,11,17,15,6XX GRANVILLE ST,Central Business District,491444.6134,5458895.098
Other Theft,2017,8,12,11,52,6XX GRANVILLE ST,Central Business District,491444.6134,5458895.098
Other Theft,2017,8,15,15,30,6XX GRANVILLE ST,Central Business District,491444.6134,5458895.098
Other Theft,2017,8,19,17,14,6XX GRANVILLE ST,Central Business District,491444.6134,5458895.098
Other Theft,2017,8,19,18,57,6XX GRANVILLE ST,Central Business District,491444.6134,5458895.098
Other Theft,2017,8,28,19,10,6XX GRANVILLE ST,Central Business District,491444.6134,5458895.098
Other Theft,2017,8,29,15,27,6XX GRANVILLE ST,Central Business District,491444.6134,5458895.098
Other Theft,2017,8,29,16,28,6XX GRANVILLE ST,Central Business District,491444.6134,5458895.098
Other Theft,2017,8,29,17,0,6XX GRANVILLE ST,Central Business District,491444.6134,5458895.098
Other Theft,2017,9,1,17,12,6XX GRANVILLE ST,Central Business District,491444.6134,5458895.098
Other Theft,2017,9,3,18,37,6XX GRANVILLE ST,Central Business District,491444.6134,5458895.098
Other Theft,2017,9,8,15,7,6XX GRANVILLE ST,Central Business District,491444.6134,5458895.098
Other Theft,2017,9,10,14,2,6XX GRANVILLE ST,Central Business District,491444.6134,5458895.098
Other Theft,2017,9,11,16,45,6XX GRANVILLE ST,Central Business District,491444.6134,5458895.098
Other Theft,2017,9,12,17,13,6XX GRANVILLE ST,Central Business District,491444.6134,5458895.098
Other Theft,2017,9,13,10,21,6XX GRANVILLE ST,Central Business District,491444.6134,5458895.098
Other Theft,2017,9,13,14,59,6XX GRANVILLE ST,Central Business District,491444.6134,5458895.098
Other Theft,2017,9,15,20,52,6XX GRANVILLE ST,Central Business District,491444.6134,5458895.098
Other Theft,2017,9,16,14,43,6XX GRANVILLE ST,Central Business District,491444.6134,5458895.098
Other Theft,2017,9,27,22,30,6XX GRANVILLE ST,Central Business District,491444.6134,5458895.098
Other Theft,2017,10,5,13,38,6XX GRANVILLE ST,Central Business District,491444.6134,5458895.098
Other Theft,2017,10,7,14,50,6XX GRANVILLE ST,Central Business District,491444.6134,5458895.098
Other Theft,2017,10,12,13,0,6XX GRANVILLE ST,Central Business District,491444.6134,5458895.098
Other Theft,2017,10,13,13,45,6XX GRANVILLE ST,Central Business District,491444.6134,5458895.098
Other Theft,2017,10,13,14,28,6XX GRANVILLE ST,Central Business District,491444.6134,5458895.098
Other Theft,2017,10,16,18,9,6XX GRANVILLE ST,Central Business District,491444.6134,5458895.098
Other Theft,2017,10,17,14,39,6XX GRANVILLE ST,Central Business District,491444.6134,5458895.098
Other Theft,2017,10,18,14,1,6XX GRANVILLE ST,Central Business District,491444.6134,5458895.098
Other Theft,2017,10,18,15,21,6XX GRANVILLE ST,Central Business District,491444.6134,5458895.098
Other Theft,2017,10,23,11,25,6XX GRANVILLE ST,Central Business District,491444.6134,5458895.098
Other Theft,2017,10,29,13,0,6XX GRANVILLE ST,Central Business District,491444.6134,5458895.098
Other Theft,2017,10,29,13,12,6XX GRANVILLE ST,Central Business District,491444.6134,5458895.098
Other Theft,2017,10,31,16,39,6XX GRANVILLE ST,Central Business District,491444.6134,5458895.098
Other Theft,2017,11,9,13,0,6XX GRANVILLE ST,Central Business District,491444.6134,5458895.098
Other Theft,2017,11,14,14,38,6XX GRANVILLE ST,Central Business District,491444.6134,5458895.098
Other Theft,2017,11,14,20,0,6XX GRANVILLE ST,Central Business District,491444.6134,5458895.098
Other Theft,2017,11,27,14,4,6XX GRANVILLE ST,Central Business District,491444.6134,5458895.098
Other Theft,2017,11,30,18,15,6XX GRANVILLE ST,Central Business District,491444.6134,5458895.098
Other Theft,2017,12,2,20,41,6XX GRANVILLE ST,Central Business District,491444.6134,5458895.098
Other Theft,2017,12,5,19,23,6XX GRANVILLE ST,Central Business District,491444.6134,5458895.098
Other Theft,2017,12,5,19,25,6XX GRANVILLE ST,Central Business District,491444.6134,5458895.098
Other Theft,2017,12,6,11,15,6XX GRANVILLE ST,Central Business District,491444.6134,5458895.098
Other Theft,2017,12,14,20,54,6XX GRANVILLE ST,Central Business District,491444.6134,5458895.098
Other Theft,2017,12,15,12,1,6XX GRANVILLE ST,Central Business District,491444.6134,5458895.098
Other Theft,2017,12,18,10,24,6XX GRANVILLE ST,Central Business District,491444.6134,5458895.098
Other Theft,2017,12,19,10,35,6XX GRANVILLE ST,Central Business District,491444.6134,5458895.098
Other Theft,2017,12,23,22,40,6XX GRANVILLE ST,Central Business District,491444.6134,5458895.098
Other Theft,2017,1,9,12,51,6XX GRANVILLE ST,Central Business District,491445.9138,5458896.4061
Other Theft,2017,6,4,15,1,6XX GRANVILLE ST,Central Business District,491445.9138,5458896.4061
Other Theft,2017,12,18,17,45,6XX GRANVILLE ST,Central Business District,491445.9138,5458896.4061
Other Theft,2017,9,3,13,15,6XX GRANVILLE ST,Central Business District,491450.5927,5458901.1186
Other Theft,2017,12,16,21,30,6XX GRANVILLE ST,Central Business District,491472.3317,5458935.9949
Other Theft,2017,2,4,14,17,6XX GRANVILLE ST,Central Business District,491518.7559,5458982.7543
Other Theft,2017,2,17,19,36,6XX GRANVILLE ST,Central Business District,491518.7559,5458982.7543
Other Theft,2017,3,17,17,45,6XX GRANVILLE ST,Central Business District,491518.7559,5458982.7543
Other Theft,2017,3,31,20,59,6XX GRANVILLE ST,Central Business District,491518.7559,5458982.7543
Other Theft,2017,4,5,16,17,6XX GRANVILLE ST,Central Business District,491518.7559,5458982.7543
Other Theft,2017,5,19,15,26,6XX GRANVILLE ST,Central Business District,491518.7559,5458982.7543
Other Theft,2017,6,7,17,44,6XX GRANVILLE ST,Central Business District,491518.7559,5458982.7543
Other Theft,2017,6,16,16,37,6XX GRANVILLE ST,Central Business District,491518.7559,5458982.7543
Other Theft,2017,6,18,18,0,6XX GRANVILLE ST,Central Business District,491518.7559,5458982.7543
Other Theft,2017,6,29,11,22,6XX GRANVILLE ST,Central Business District,491518.7559,5458982.7543
Other Theft,2017,7,7,11,9,6XX GRANVILLE ST,Central Business District,491518.7559,5458982.7543
Other Theft,2017,8,13,10,0,6XX GRANVILLE ST,Central Business District,491518.7559,5458982.7543
Other Theft,2017,10,25,15,35,6XX GRANVILLE ST,Central Business District,491518.7559,5458982.7543
Other Theft,2017,11,9,13,45,6XX GRANVILLE ST,Central Business District,491518.7559,5458982.7543
Other Theft,2017,11,21,20,15,6XX GRANVILLE ST,Central Business District,491518.7559,5458982.7543
Other Theft,2017,12,16,14,2,6XX GRANVILLE ST,Central Business District,491518.7559,5458982.7543
Other Theft,2017,3,23,12,50,6XX GRANVILLE ST,Central Business District,491522.8015,5458973.8508
Other Theft,2017,5,3,18,11,6XX GRANVILLE ST,Central Business District,491522.8015,5458973.8508
Other Theft,2017,5,8,7,13,6XX GRANVILLE ST,Central Business District,491522.8015,5458973.8508
Other Theft,2017,8,18,21,0,6XX GRANVILLE ST,Central Business District,491522.8015,5458973.8508
Other Theft,2017,10,2,10,41,6XX GRANVILLE ST,Central Business District,491522.8015,5458973.8508
Other Theft,2017,10,22,13,15,6XX GRANVILLE ST,Central Business District,491522.8015,5458973.8508
Other Theft,2017,4,4,18,30,6XX GRANVILLE ST,Central Business District,491535.0184,5458986.1559
Other Theft,2017,4,12,10,56,6XX GRANVILLE ST,Central Business District,491535.0184,5458986.1559
Other Theft,2017,4,13,18,30,6XX GRANVILLE ST,Central Business District,491535.0184,5458986.1559
Other Theft,2017,6,11,18,43,6XX GRANVILLE ST,Central Business District,491535.0184,5458986.1559
Other Theft,2017,8,23,16,11,6XX GRANVILLE ST,Central Business District,491535.0184,5458986.1559
Other Theft,2017,8,30,1,30,6XX GRANVILLE ST,Central Business District,491535.0184,5458986.1559
Other Theft,2017,9,12,17,44,6XX GRANVILLE ST,Central Business District,491535.0184,5458986.1559
Other Theft,2017,10,31,16,0,6XX GRANVILLE ST,Central Business District,491535.0184,5458986.1559
Other Theft,2017,12,4,5,45,6XX GRANVILLE ST,Central Business District,491535.0184,5458986.1559
Other Theft,2017,12,1,18,33,6XX HEATLEY AVE,Strathcona,493477.3513,5458494.4498
Other Theft,2017,12,6,0,9,6XX HELMCKEN ST,Central Business District,490977.3133,5458355.0393
Other Theft,2017,3,13,17,40,6XX HELMCKEN ST,Central Business District,491005.4732,5458325.8931
Other Theft,2017,3,22,7,30,6XX HELMCKEN ST,Central Business District,491005.4732,5458325.8931
Other Theft,2017,7,29,18,30,6XX HELMCKEN ST,Central Business District,491005.4732,5458325.8931
Other Theft,2017,8,17,19,19,6XX HELMCKEN ST,Central Business District,491005.4732,5458325.8931
Other Theft,2017,11,5,13,47,6XX HELMCKEN ST,Central Business District,491005.4732,5458325.8931
Other Theft,2017,2,3,7,50,6XX HORNBY ST,Central Business District,491348.8483,5459083.252
Other Theft,2017,1,6,12,15,6XX HORNBY ST,Central Business District,491380.9059,5459115.1573
Other Theft,2017,11,16,10,13,6XX HOWE ST,Central Business District,491374.8771,5458983.8834
Other Theft,2017,2,8,21,30,6XX HOWE ST,Central Business District,491427.1726,5459035.0012
Other Theft,2017,4,14,17,30,6XX HOWE ST,Central Business District,491427.1726,5459035.0012
Other Theft,2017,10,18,15,0,6XX HOWE ST,Central Business District,491427.1726,5459035.0012
Other Theft,2017,11,10,11,30,6XX HOWE ST,Central Business District,491427.1726,5459035.0012
Other Theft,2017,12,22,18,0,6XX INDUSTRIAL AVE,Strathcona,493382.81,5457323.0611
Other Theft,2017,9,21,18,0,6XX INDUSTRIAL AVE,Strathcona,493411.3028,5457315.6485
Other Theft,2017,8,1,9,9,6XX JACKSON AVE,Strathcona,493193.3116,5458486.0877
Other Theft,2017,4,13,14,28,6XX KINGHORNE MEWS,Central Business District,490455.4874,5457840.0643
Other Theft,2017,10,18,21,41,6XX KINGSWAY AVE,Mount Pleasant,493324.3811,5456079.1247
Other Theft,2017,10,10,12,53,6XX KINGSWAY AVE,Mount Pleasant,493338.3036,5456075.0849
Other Theft,2017,6,7,18,1,6XX MAIN ST,Central Business District,492739.0511,5458443.3758
Other Theft,2017,1,26,20,7,6XX MAIN ST,Strathcona,492750.0317,5458515.2154
Other Theft,2017,6,15,8,55,6XX MAIN ST,Strathcona,492750.1312,5458519.1112
Other Theft,2017,4,14,6,55,6XX MAIN ST,Strathcona,492750.33,5458526.9029
Other Theft,2017,5,8,16,30,6XX MAIN ST,Strathcona,492750.33,5458526.9029
Other Theft,2017,8,12,10,43,6XX MAIN ST,Strathcona,492750.33,5458526.9029
Other Theft,2017,8,18,22,0,6XX MAIN ST,Strathcona,492750.33,5458526.9029
Other Theft,2017,6,30,0,47,6XX MOBERLY RD,Fairview,491365.8078,5457135.0894
Other Theft,2017,11,16,23,0,6XX NELSON ST,Central Business District,491081.7,5458470.7554
Other Theft,2017,11,19,0,30,6XX NELSON ST,Central Business District,491081.7,5458470.7554
Other Theft,2017,3,1,16,4,6XX NELSON ST,Central Business District,491118.7416,5458434.8301
Other Theft,2017,9,30,23,30,6XX NELSON ST,Central Business District,491121.423,5458432.2289
Other Theft,2017,12,27,0,0,6XX PACIFIC BLVD,Central Business District,492086.1493,5458246.7755
Other Theft,2017,7,12,8,0,6XX PIPELINE RD,Stanley Park,490124.2541,5460764.8808
Other Theft,2017,1,10,8,28,6XX PIPELINE RD,Stanley Park,490125.8751,5460848.1903
Other Theft,2017,7,15,15,0,6XX PIPELINE RD,Stanley Park,490125.8751,5460848.1903
Other Theft,2017,6,29,10,0,6XX PIPELINE RD,Stanley Park,490133.1648,5460752.8015
Other Theft,2017,6,30,13,36,6XX PIPELINE RD,Stanley Park,490133.1648,5460752.8015
Other Theft,2017,5,4,4,0,6XX POWELL ST,Strathcona,493356.263,5458919.7456
Other Theft,2017,11,30,11,30,6XX POWELL ST,Strathcona,493386.4134,5458927.9794
Other Theft,2017,12,11,12,0,6XX POWELL ST,Strathcona,493386.4134,5458927.9794
Other Theft,2017,2,14,21,0,6XX PRINCESS AVE,Strathcona,493335.312,5458497.2205
Other Theft,2017,7,18,12,0,6XX RAYMUR AVE,Strathcona,493954.179,5458466.2158
Other Theft,2017,7,19,12,0,6XX RAYMUR AVE,Strathcona,493954.179,5458466.2158
Other Theft,2017,12,8,20,4,6XX RICHARDS ST,Central Business District,491675.3442,5458845.2428
Other Theft,2017,1,19,18,30,6XX ROBSON ST,Central Business District,491303.108,5458731.4579
Other Theft,2017,2,16,16,33,6XX ROBSON ST,Central Business District,491303.108,5458731.4579
Other Theft,2017,6,24,14,54,6XX ROBSON ST,Central Business District,491303.108,5458731.4579
Other Theft,2017,7,18,20,47,6XX ROBSON ST,Central Business District,491303.108,5458731.4579
Other Theft,2017,10,6,17,30,6XX ROBSON ST,Central Business District,491303.108,5458731.4579
Other Theft,2017,10,24,20,41,6XX ROBSON ST,Central Business District,491303.108,5458731.4579
Other Theft,2017,12,13,20,36,6XX ROBSON ST,Central Business District,491303.108,5458731.4579
Other Theft,2017,1,7,18,26,6XX ROBSON ST,Central Business District,491324.5347,5458710.6109
Other Theft,2017,1,14,23,18,6XX ROBSON ST,Central Business District,491324.5347,5458710.6109
Other Theft,2017,2,26,1,21,6XX ROBSON ST,Central Business District,491324.5347,5458710.6109
Other Theft,2017,4,17,3,52,6XX ROBSON ST,Central Business District,491324.5347,5458710.6109
Other Theft,2017,8,7,10,41,6XX ROBSON ST,Central Business District,491324.5347,5458710.6109
Other Theft,2017,9,22,1,32,6XX ROBSON ST,Central Business District,491324.5347,5458710.6109
Other Theft,2017,10,3,2,12,6XX ROBSON ST,Central Business District,491324.5347,5458710.6109
Other Theft,2017,11,11,0,49,6XX ROBSON ST,Central Business District,491324.5347,5458710.6109
Other Theft,2017,1,5,11,43,6XX ROBSON ST,Central Business District,491343.0075,5458692.6379
Other Theft,2017,3,4,1,0,6XX ROBSON ST,Central Business District,491355.59,5458667.6378
Other Theft,2017,2,3,12,21,6XX ROBSON ST,Central Business District,491361.9665,5458674.1916
Other Theft,2017,7,4,18,25,6XX ROBSON ST,Central Business District,491361.9665,5458674.1916
Other Theft,2017,10,19,0,45,6XX ROBSON ST,Central Business District,491361.9665,5458674.1916
Other Theft,2017,11,4,16,26,6XX ROBSON ST,Central Business District,491361.9665,5458674.1916
Other Theft,2017,12,6,12,37,6XX ROBSON ST,Central Business District,491361.9665,5458674.1916
Other Theft,2017,2,14,2,45,6XX SE MARINE DR,Sunset,493342.5367,5450908.8399
Other Theft,2017,7,24,11,57,6XX SE MARINE DR,Sunset,493342.5367,5450908.8399
Other Theft,2017,9,10,1,55,6XX SE MARINE DR,Sunset,493342.5367,5450908.8399
Other Theft,2017,11,6,21,49,6XX SE MARINE DR,Sunset,493342.5367,5450908.8399
Other Theft,2017,12,9,15,10,6XX SE MARINE DR,Sunset,493342.5367,5450908.8399
Other Theft,2017,11,26,15,12,6XX SEYMOUR ST,Central Business District,491493.9559,5458799.3654
Other Theft,2017,3,20,14,0,6XX SEYMOUR ST,Central Business District,491501.2363,5458806.7443
Other Theft,2017,3,30,12,0,6XX SEYMOUR ST,Central Business District,491506.0899,5458811.6635
Other Theft,2017,7,14,20,20,6XX SEYMOUR ST,Central Business District,491506.0899,5458811.6635
Other Theft,2017,10,22,19,45,6XX SEYMOUR ST,Central Business District,491515.7971,5458821.5021
Other Theft,2017,2,12,10,50,6XX SEYMOUR ST,Central Business District,491523.0775,5458828.881
Other Theft,2017,2,12,13,14,6XX SEYMOUR ST,Central Business District,491523.0775,5458828.881
Other Theft,2017,2,17,14,46,6XX SEYMOUR ST,Central Business District,491523.0775,5458828.881
Other Theft,2017,2,17,15,16,6XX SEYMOUR ST,Central Business District,491523.0775,5458828.881
Other Theft,2017,2,17,18,17,6XX SEYMOUR ST,Central Business District,491523.0775,5458828.881
Other Theft,2017,2,17,19,15,6XX SEYMOUR ST,Central Business District,491523.0775,5458828.881
Other Theft,2017,2,23,14,2,6XX SEYMOUR ST,Central Business District,491523.0775,5458828.881
Other Theft,2017,2,26,11,21,6XX SEYMOUR ST,Central Business District,491523.0775,5458828.881
Other Theft,2017,2,26,14,23,6XX SEYMOUR ST,Central Business District,491523.0775,5458828.881
Other Theft,2017,2,26,15,15,6XX SEYMOUR ST,Central Business District,491523.0775,5458828.881
Other Theft,2017,2,26,15,49,6XX SEYMOUR ST,Central Business District,491523.0775,5458828.881
Other Theft,2017,3,3,14,26,6XX SEYMOUR ST,Central Business District,491523.0775,5458828.881
Other Theft,2017,3,3,14,44,6XX SEYMOUR ST,Central Business District,491523.0775,5458828.881
Other Theft,2017,3,3,15,55,6XX SEYMOUR ST,Central Business District,491523.0775,5458828.881
Other Theft,2017,3,3,16,38,6XX SEYMOUR ST,Central Business District,491523.0775,5458828.881
Other Theft,2017,3,3,20,16,6XX SEYMOUR ST,Central Business District,491523.0775,5458828.881
Other Theft,2017,3,8,12,37,6XX SEYMOUR ST,Central Business District,491523.0775,5458828.881
Other Theft,2017,3,8,15,57,6XX SEYMOUR ST,Central Business District,491523.0775,5458828.881
Other Theft,2017,3,8,19,10,6XX SEYMOUR ST,Central Business District,491523.0775,5458828.881
Other Theft,2017,3,9,16,11,6XX SEYMOUR ST,Central Business District,491523.0775,5458828.881
Other Theft,2017,3,12,11,49,6XX SEYMOUR ST,Central Business District,491523.0775,5458828.881
Other Theft,2017,3,17,12,33,6XX SEYMOUR ST,Central Business District,491523.0775,5458828.881
Other Theft,2017,3,17,19,3,6XX SEYMOUR ST,Central Business District,491523.0775,5458828.881
Other Theft,2017,3,26,12,24,6XX SEYMOUR ST,Central Business District,491523.0775,5458828.881
Other Theft,2017,3,26,12,40,6XX SEYMOUR ST,Central Business District,491523.0775,5458828.881
Other Theft,2017,3,31,18,0,6XX SEYMOUR ST,Central Business District,491523.0775,5458828.881
Other Theft,2017,4,22,11,45,6XX SEYMOUR ST,Central Business District,491523.0775,5458828.881
Other Theft,2017,4,22,12,25,6XX SEYMOUR ST,Central Business District,491523.0775,5458828.881
Other Theft,2017,4,22,14,18,6XX SEYMOUR ST,Central Business District,491523.0775,5458828.881
Other Theft,2017,4,23,15,0,6XX SEYMOUR ST,Central Business District,491523.0775,5458828.881
Other Theft,2017,4,28,14,18,6XX SEYMOUR ST,Central Business District,491523.0775,5458828.881
Other Theft,2017,5,12,12,52,6XX SEYMOUR ST,Central Business District,491523.0775,5458828.881
Other Theft,2017,5,14,11,13,6XX SEYMOUR ST,Central Business District,491523.0775,5458828.881
Other Theft,2017,5,14,15,56,6XX SEYMOUR ST,Central Business District,491523.0775,5458828.881
Other Theft,2017,5,21,13,3,6XX SEYMOUR ST,Central Business District,491523.0775,5458828.881
Other Theft,2017,5,21,15,6,6XX SEYMOUR ST,Central Business District,491523.0775,5458828.881
Other Theft,2017,6,18,12,16,6XX SEYMOUR ST,Central Business District,491523.0775,5458828.881
Other Theft,2017,6,19,11,5,6XX SEYMOUR ST,Central Business District,491523.0775,5458828.881
Other Theft,2017,7,8,16,1,6XX SEYMOUR ST,Central Business District,491523.0775,5458828.881
Other Theft,2017,7,12,15,18,6XX SEYMOUR ST,Central Business District,491523.0775,5458828.881
Other Theft,2017,7,14,18,16,6XX SEYMOUR ST,Central Business District,491523.0775,5458828.881
Other Theft,2017,8,3,15,56,6XX SEYMOUR ST,Central Business District,491523.0775,5458828.881
Other Theft,2017,8,13,12,31,6XX SEYMOUR ST,Central Business District,491523.0775,5458828.881
Other Theft,2017,9,1,19,29,6XX SEYMOUR ST,Central Business District,491523.0775,5458828.881
Other Theft,2017,9,2,9,27,6XX SEYMOUR ST,Central Business District,491523.0775,5458828.881
Other Theft,2017,9,6,16,41,6XX SEYMOUR ST,Central Business District,491523.0775,5458828.881
Other Theft,2017,9,8,16,36,6XX SEYMOUR ST,Central Business District,491523.0775,5458828.881
Other Theft,2017,9,10,12,36,6XX SEYMOUR ST,Central Business District,491523.0775,5458828.881
Other Theft,2017,9,10,17,20,6XX SEYMOUR ST,Central Business District,491523.0775,5458828.881
Other Theft,2017,10,17,15,12,6XX SEYMOUR ST,Central Business District,491523.0775,5458828.881
Other Theft,2017,11,5,14,50,6XX SEYMOUR ST,Central Business District,491523.0775,5458828.881
Other Theft,2017,11,29,17,17,6XX SEYMOUR ST,Central Business District,491523.0775,5458828.881
Other Theft,2017,12,7,13,33,6XX SEYMOUR ST,Central Business District,491523.0775,5458828.881
Other Theft,2017,12,7,16,4,6XX SEYMOUR ST,Central Business District,491523.0775,5458828.881
Other Theft,2017,12,10,15,59,6XX SEYMOUR ST,Central Business District,491523.0775,5458828.881
Other Theft,2017,12,12,15,30,6XX SEYMOUR ST,Central Business District,491523.0775,5458828.881
Other Theft,2017,12,18,20,58,6XX SEYMOUR ST,Central Business District,491523.0775,5458828.881
Other Theft,2017,12,19,13,12,6XX SEYMOUR ST,Central Business District,491523.0775,5458828.881
Other Theft,2017,12,19,16,51,6XX SEYMOUR ST,Central Business District,491523.0775,5458828.881
Other Theft,2017,12,30,14,29,6XX SEYMOUR ST,Central Business District,491523.0775,5458828.881
Other Theft,2017,4,23,16,49,6XX SEYMOUR ST,Central Business District,491525.5043,5458831.3406
Other Theft,2017,11,25,15,49,6XX SEYMOUR ST,Central Business District,491529.4492,5458848.3581
Other Theft,2017,3,14,12,32,6XX SEYMOUR ST,Central Business District,491530.358,5458836.2599
Other Theft,2017,5,9,17,29,6XX SEYMOUR ST,Central Business District,491583.1648,5458889.7833
Other Theft,2017,7,8,15,41,6XX SEYMOUR ST,Central Business District,491583.1648,5458889.7833
Other Theft,2017,10,19,11,15,6XX SEYMOUR ST,Central Business District,491583.1648,5458889.7833
Other Theft,2017,1,9,19,30,6XX SEYMOUR ST,Central Business District,491598.8901,5458905.7289
Other Theft,2017,6,1,1,23,6XX SEYMOUR ST,Central Business District,491609.751,5458916.7392
Other Theft,2017,8,11,4,0,6XX SEYMOUR ST,Central Business District,491609.751,5458916.7392
Other Theft,2017,5,6,2,0,6XX SMITHE ST,Central Business District,491178.1354,5458625.0593
Other Theft,2017,11,12,4,0,6XX SMITHE ST,Central Business District,491178.1354,5458625.0593
Other Theft,2017,1,14,0,1,6XX SMITHE ST,Central Business District,491180.4263,5458622.626
Other Theft,2017,12,23,15,0,6XX SMITHE ST,Central Business District,491191.8269,5458610.5152
Other Theft,2017,11,13,21,58,6XX SMITHE ST,Central Business District,491198.6727,5458603.2432
Other Theft,2017,9,23,4,9,6XX SMITHE ST,Central Business District,491237.6901,5458548.4559
Other Theft,2017,12,29,1,41,6XX SMITHE ST,Central Business District,491242.929,5458556.231
Other Theft,2017,6,1,12,0,6XX STAMPS LAND,Fairview,491399.9928,5457344.4715
Other Theft,2017,9,21,2,24,6XX STAMPS LAND,Fairview,491399.9928,5457344.4715
Other Theft,2017,11,11,13,0,6XX STAMPS LAND,Fairview,491399.9928,5457344.4715
Other Theft,2017,8,14,11,0,6XX STAMPS LAND,Fairview,491400.533,5457344.4868
Other Theft,2017,2,14,22,13,6XX SW MARINE DR,Marpole,491245.6201,5450671.1031
Other Theft,2017,4,27,15,30,6XX TERMINAL AVE,Strathcona,493470.8999,5457579.2189
Other Theft,2017,7,20,17,46,6XX W 10TH AVE,Fairview,491319.4065,5456628.7794
Other Theft,2017,9,7,20,10,6XX W 10TH AVE,Fairview,491319.4065,5456628.7794
Other Theft,2017,6,23,13,13,6XX W 10TH AVE,Fairview,491440.5616,5456615.2054
Other Theft,2017,4,5,23,20,6XX W 31ST AVE,South Cambie,491378.4327,5454507.8765
Other Theft,2017,5,16,22,23,6XX W 41ST AVE,Oakridge,491187.6669,5453433.6996
Other Theft,2017,6,8,12,0,6XX W 41ST AVE,South Cambie,491203.4154,5453455.0296
Other Theft,2017,1,2,13,6,6XX W 41ST AVE,Oakridge,491253.1721,5453429.8565
Other Theft,2017,1,11,19,39,6XX W 41ST AVE,Oakridge,491253.1721,5453429.8565
Other Theft,2017,1,17,10,43,6XX W 41ST AVE,Oakridge,491253.1721,5453429.8565
Other Theft,2017,1,23,10,40,6XX W 41ST AVE,Oakridge,491253.1721,5453429.8565
Other Theft,2017,1,24,16,30,6XX W 41ST AVE,Oakridge,491253.1721,5453429.8565
Other Theft,2017,2,1,15,26,6XX W 41ST AVE,Oakridge,491253.1721,5453429.8565
Other Theft,2017,2,4,16,30,6XX W 41ST AVE,Oakridge,491253.1721,5453429.8565
Other Theft,2017,2,8,11,31,6XX W 41ST AVE,Oakridge,491253.1721,5453429.8565
Other Theft,2017,2,8,16,0,6XX W 41ST AVE,Oakridge,491253.1721,5453429.8565
Other Theft,2017,2,8,16,25,6XX W 41ST AVE,Oakridge,491253.1721,5453429.8565
Other Theft,2017,2,13,15,50,6XX W 41ST AVE,Oakridge,491253.1721,5453429.8565
Other Theft,2017,2,21,18,48,6XX W 41ST AVE,Oakridge,491253.1721,5453429.8565
Other Theft,2017,2,23,14,0,6XX W 41ST AVE,Oakridge,491253.1721,5453429.8565
Other Theft,2017,2,27,15,30,6XX W 41ST AVE,Oakridge,491253.1721,5453429.8565
Other Theft,2017,2,27,16,48,6XX W 41ST AVE,Oakridge,491253.1721,5453429.8565
Other Theft,2017,3,6,13,29,6XX W 41ST AVE,Oakridge,491253.1721,5453429.8565
Other Theft,2017,3,12,17,25,6XX W 41ST AVE,Oakridge,491253.1721,5453429.8565
Other Theft,2017,3,13,18,30,6XX W 41ST AVE,Oakridge,491253.1721,5453429.8565
Other Theft,2017,3,18,17,52,6XX W 41ST AVE,Oakridge,491253.1721,5453429.8565
Other Theft,2017,3,20,17,3,6XX W 41ST AVE,Oakridge,491253.1721,5453429.8565
Other Theft,2017,3,20,17,4,6XX W 41ST AVE,Oakridge,491253.1721,5453429.8565
Other Theft,2017,3,25,14,53,6XX W 41ST AVE,Oakridge,491253.1721,5453429.8565
Other Theft,2017,3,31,21,12,6XX W 41ST AVE,Oakridge,491253.1721,5453429.8565
Other Theft,2017,4,13,14,0,6XX W 41ST AVE,Oakridge,491253.1721,5453429.8565
Other Theft,2017,4,17,14,3,6XX W 41ST AVE,Oakridge,491253.1721,5453429.8565
Other Theft,2017,4,19,11,19,6XX W 41ST AVE,Oakridge,491253.1721,5453429.8565
Other Theft,2017,4,24,11,57,6XX W 41ST AVE,Oakridge,491253.1721,5453429.8565
Other Theft,2017,4,24,15,14,6XX W 41ST AVE,Oakridge,491253.1721,5453429.8565
Other Theft,2017,4,29,12,8,6XX W 41ST AVE,Oakridge,491253.1721,5453429.8565
Other Theft,2017,5,12,18,0,6XX W 41ST AVE,Oakridge,491253.1721,5453429.8565
Other Theft,2017,5,16,14,22,6XX W 41ST AVE,Oakridge,491253.1721,5453429.8565
Other Theft,2017,5,20,13,30,6XX W 41ST AVE,Oakridge,491253.1721,5453429.8565
Other Theft,2017,5,26,15,34,6XX W 41ST AVE,Oakridge,491253.1721,5453429.8565
Other Theft,2017,6,1,23,0,6XX W 41ST AVE,Oakridge,491253.1721,5453429.8565
Other Theft,2017,6,3,14,0,6XX W 41ST AVE,Oakridge,491253.1721,5453429.8565
Other Theft,2017,6,4,17,45,6XX W 41ST AVE,Oakridge,491253.1721,5453429.8565
Other Theft,2017,6,17,16,30,6XX W 41ST AVE,Oakridge,491253.1721,5453429.8565
Other Theft,2017,1,19,13,0,6XX W 41ST AVE,Oakridge,491253.1721,5453429.8565
Other Theft,2017,2,17,20,48,6XX W 41ST AVE,Oakridge,491253.1721,5453429.8565
Other Theft,2017,2,20,11,45,6XX W 41ST AVE,Oakridge,491253.1721,5453429.8565
Other Theft,2017,3,6,18,4,6XX W 41ST AVE,Oakridge,491253.1721,5453429.8565
Other Theft,2017,3,26,12,28,6XX W 41ST AVE,Oakridge,491253.1721,5453429.8565
Other Theft,2017,3,26,12,46,6XX W 41ST AVE,Oakridge,491253.1721,5453429.8565
Other Theft,2017,3,27,18,48,6XX W 41ST AVE,Oakridge,491253.1721,5453429.8565
Other Theft,2017,4,25,10,11,6XX W 41ST AVE,Oakridge,491253.1721,5453429.8565
Other Theft,2017,5,16,18,56,6XX W 41ST AVE,Oakridge,491253.1721,5453429.8565
Other Theft,2017,5,24,0,0,6XX W 41ST AVE,Oakridge,491253.1721,5453429.8565
Other Theft,2017,5,26,16,55,6XX W 41ST AVE,Oakridge,491253.1721,5453429.8565
Other Theft,2017,5,31,19,28,6XX W 41ST AVE,Oakridge,491253.1721,5453429.8565
Other Theft,2017,6,11,10,36,6XX W 41ST AVE,Oakridge,491253.1721,5453429.8565
Other Theft,2017,6,15,15,50,6XX W 41ST AVE,Oakridge,491253.1721,5453429.8565
Other Theft,2017,6,16,15,58,6XX W 41ST AVE,Oakridge,491253.1721,5453429.8565
Other Theft,2017,7,11,22,45,6XX W 41ST AVE,Oakridge,491253.1721,5453429.8565
Other Theft,2017,7,15,12,7,6XX W 41ST AVE,Oakridge,491253.1721,5453429.8565
Other Theft,2017,7,17,15,37,6XX W 41ST AVE,Oakridge,491253.1721,5453429.8565
Other Theft,2017,7,27,13,0,6XX W 41ST AVE,Oakridge,491253.1721,5453429.8565
Other Theft,2017,7,29,13,7,6XX W 41ST AVE,Oakridge,491253.1721,5453429.8565
Other Theft,2017,8,1,9,38,6XX W 41ST AVE,Oakridge,491253.1721,5453429.8565
Other Theft,2017,8,6,16,30,6XX W 41ST AVE,Oakridge,491253.1721,5453429.8565
Other Theft,2017,8,11,18,42,6XX W 41ST AVE,Oakridge,491253.1721,5453429.8565
Other Theft,2017,8,16,13,30,6XX W 41ST AVE,Oakridge,491253.1721,5453429.8565
Other Theft,2017,8,17,20,46,6XX W 41ST AVE,Oakridge,491253.1721,5453429.8565
Other Theft,2017,8,18,11,30,6XX W 41ST AVE,Oakridge,491253.1721,5453429.8565
Other Theft,2017,8,18,16,28,6XX W 41ST AVE,Oakridge,491253.1721,5453429.8565
Other Theft,2017,8,19,9,37,6XX W 41ST AVE,Oakridge,491253.1721,5453429.8565
Other Theft,2017,8,19,15,0,6XX W 41ST AVE,Oakridge,491253.1721,5453429.8565
Other Theft,2017,8,24,10,23,6XX W 41ST AVE,Oakridge,491253.1721,5453429.8565
Other Theft,2017,8,30,14,47,6XX W 41ST AVE,Oakridge,491253.1721,5453429.8565
Other Theft,2017,8,30,21,0,6XX W 41ST AVE,Oakridge,491253.1721,5453429.8565
Other Theft,2017,9,7,12,0,6XX W 41ST AVE,Oakridge,491253.1721,5453429.8565
Other Theft,2017,9,27,16,30,6XX W 41ST AVE,Oakridge,491253.1721,5453429.8565
Other Theft,2017,10,2,16,30,6XX W 41ST AVE,Oakridge,491253.1721,5453429.8565
Other Theft,2017,10,5,16,0,6XX W 41ST AVE,Oakridge,491253.1721,5453429.8565
Other Theft,2017,10,7,19,5,6XX W 41ST AVE,Oakridge,491253.1721,5453429.8565
Other Theft,2017,10,17,17,10,6XX W 41ST AVE,Oakridge,491253.1721,5453429.8565
Other Theft,2017,10,25,16,32,6XX W 41ST AVE,Oakridge,491253.1721,5453429.8565
Other Theft,2017,10,25,18,30,6XX W 41ST AVE,Oakridge,491253.1721,5453429.8565
Other Theft,2017,10,29,14,43,6XX W 41ST AVE,Oakridge,491253.1721,5453429.8565
Other Theft,2017,11,1,15,7,6XX W 41ST AVE,Oakridge,491253.1721,5453429.8565
Other Theft,2017,11,6,16,0,6XX W 41ST AVE,Oakridge,491253.1721,5453429.8565
Other Theft,2017,11,6,16,19,6XX W 41ST AVE,Oakridge,491253.1721,5453429.8565
Other Theft,2017,11,15,18,56,6XX W 41ST AVE,Oakridge,491253.1721,5453429.8565
Other Theft,2017,11,20,22,28,6XX W 41ST AVE,Oakridge,491253.1721,5453429.8565
Other Theft,2017,11,25,11,40,6XX W 41ST AVE,Oakridge,491253.1721,5453429.8565
Other Theft,2017,11,26,14,45,6XX W 41ST AVE,Oakridge,491253.1721,5453429.8565
Other Theft,2017,11,27,14,2,6XX W 41ST AVE,Oakridge,491253.1721,5453429.8565
Other Theft,2017,11,28,16,0,6XX W 41ST AVE,Oakridge,491253.1721,5453429.8565
Other Theft,2017,11,29,16,45,6XX W 41ST AVE,Oakridge,491253.1721,5453429.8565
Other Theft,2017,12,1,15,28,6XX W 41ST AVE,Oakridge,491253.1721,5453429.8565
Other Theft,2017,12,7,9,30,6XX W 41ST AVE,Oakridge,491253.1721,5453429.8565
Other Theft,2017,12,8,15,46,6XX W 41ST AVE,Oakridge,491253.1721,5453429.8565
Other Theft,2017,12,12,21,0,6XX W 41ST AVE,Oakridge,491253.1721,5453429.8565
Other Theft,2017,12,13,12,20,6XX W 41ST AVE,Oakridge,491253.1721,5453429.8565
Other Theft,2017,12,16,13,0,6XX W 41ST AVE,Oakridge,491253.1721,5453429.8565
Other Theft,2017,12,18,9,31,6XX W 41ST AVE,Oakridge,491253.1721,5453429.8565
Other Theft,2017,12,18,18,13,6XX W 41ST AVE,Oakridge,491253.1721,5453429.8565
Other Theft,2017,12,19,17,33,6XX W 41ST AVE,Oakridge,491253.1721,5453429.8565
Other Theft,2017,12,26,11,50,6XX W 41ST AVE,Oakridge,491253.1721,5453429.8565
Other Theft,2017,12,27,15,2,6XX W 41ST AVE,Oakridge,491253.1721,5453429.8565
Other Theft,2017,12,27,18,0,6XX W 41ST AVE,Oakridge,491253.1721,5453429.8565
Other Theft,2017,12,29,20,17,6XX W 41ST AVE,Oakridge,491253.1721,5453429.8565
Other Theft,2017,12,31,14,45,6XX W 41ST AVE,Oakridge,491253.1721,5453429.8565
Other Theft,2017,12,31,15,12,6XX W 41ST AVE,Oakridge,491253.1721,5453429.8565
Other Theft,2017,1,4,13,29,6XX W 41ST AVE,Oakridge,491253.2457,5453429.852
Other Theft,2017,1,8,15,59,6XX W 41ST AVE,Oakridge,491253.2457,5453429.852
Other Theft,2017,1,9,9,45,6XX W 41ST AVE,Oakridge,491253.2457,5453429.852
Other Theft,2017,11,10,6,23,6XX W 45TH AVE,Oakridge,491153.4861,5453025.8872
Other Theft,2017,8,29,11,0,6XX W 45TH AVE,Oakridge,491304.412,5453017.8655
Other Theft,2017,2,19,0,0,6XX W 49TH AVE,Oakridge,491225.7988,5452608.7131
Other Theft,2017,3,4,15,0,6XX W 49TH AVE,Oakridge,491225.7988,5452608.7131
Other Theft,2017,12,22,9,6,6XX W 49TH AVE,Oakridge,491303.0822,5452603.262
Other Theft,2017,3,11,20,0,6XX W 7TH AVE,Fairview,491436.8761,5456919.4623
Other Theft,2017,3,11,22,0,6XX W 7TH AVE,Fairview,491436.8761,5456919.4623
Other Theft,2017,3,9,20,40,6XX W BROADWAY AVE,Fairview,491288.8555,5456736.8038
Other Theft,2017,2,26,16,28,6XX W BROADWAY AVE,Fairview,491338.5531,5456735.3055
Other Theft,2017,8,21,17,13,6XX W BROADWAY AVE,Fairview,491338.5531,5456735.3055
Other Theft,2017,8,25,14,51,6XX W BROADWAY AVE,Fairview,491338.5531,5456735.3055
Other Theft,2017,9,2,19,2,6XX W BROADWAY AVE,Fairview,491338.5531,5456735.3055
Other Theft,2017,9,6,12,58,6XX W BROADWAY AVE,Fairview,491338.5531,5456735.3055
Other Theft,2017,3,8,11,0,6XX W CORDOVA ST,Central Business District,491857.5158,5459182.6083
Other Theft,2017,7,4,14,13,6XX W CORDOVA ST,Central Business District,491860.3153,5459179.8769
Other Theft,2017,8,23,11,0,6XX W CORDOVA ST,Central Business District,491860.3153,5459179.8769
Other Theft,2017,1,3,11,15,6XX W CORDOVA ST,Central Business District,491866.7009,5459186.4219
Other Theft,2017,3,20,14,26,6XX W CORDOVA ST,Central Business District,491866.7009,5459186.4219
Other Theft,2017,4,11,9,8,6XX W CORDOVA ST,Central Business District,491866.7009,5459186.4219
Other Theft,2017,4,29,22,0,6XX W CORDOVA ST,Central Business District,491866.7009,5459186.4219
Other Theft,2017,5,27,23,45,6XX W CORDOVA ST,Central Business District,491866.7009,5459186.4219
Other Theft,2017,6,22,19,54,6XX W CORDOVA ST,Central Business District,491866.7009,5459186.4219
Other Theft,2017,7,15,10,27,6XX W CORDOVA ST,Central Business District,491866.7009,5459186.4219
Other Theft,2017,8,14,18,0,6XX W CORDOVA ST,Central Business District,491866.7009,5459186.4219
Other Theft,2017,8,26,23,10,6XX W CORDOVA ST,Central Business District,491866.7009,5459186.4219
Other Theft,2017,10,22,13,0,6XX W CORDOVA ST,Central Business District,491866.7009,5459186.4219
Other Theft,2017,12,2,1,0,6XX W CORDOVA ST,Central Business District,491866.7009,5459186.4219
Other Theft,2017,12,15,22,30,6XX W CORDOVA ST,Central Business District,491866.7009,5459186.4219
Other Theft,2017,3,13,15,20,6XX W GEORGIA ST,Central Business District,491439.7827,5458826.841
Other Theft,2017,3,21,19,7,6XX W GEORGIA ST,Central Business District,491439.7827,5458826.841
Other Theft,2017,3,22,9,50,6XX W GEORGIA ST,Central Business District,491439.7827,5458826.841
Other Theft,2017,4,18,9,0,6XX W GEORGIA ST,Central Business District,491439.7827,5458826.841
Other Theft,2017,6,2,15,30,6XX W GEORGIA ST,Central Business District,491439.7827,5458826.841
Other Theft,2017,6,6,8,21,6XX W GEORGIA ST,Central Business District,491439.7827,5458826.841
Other Theft,2017,7,24,13,43,6XX W GEORGIA ST,Central Business District,491439.7827,5458826.841
Other Theft,2017,8,3,9,30,6XX W GEORGIA ST,Central Business District,491439.7827,5458826.841
Other Theft,2017,8,20,16,53,6XX W GEORGIA ST,Central Business District,491439.7827,5458826.841
Other Theft,2017,3,21,3,41,6XX W GEORGIA ST,Central Business District,491477.174,5458789.3651
Other Theft,2017,5,18,15,0,6XX W HASTINGS ST,Central Business District,491726.5189,5459167.3494
Other Theft,2017,8,26,2,45,6XX W HASTINGS ST,Central Business District,491727.8987,5459165.9673
Other Theft,2017,6,27,15,0,6XX W HASTINGS ST,Central Business District,491787.2299,5459106.5361
Other Theft,2017,7,7,8,30,6XX W HASTINGS ST,Central Business District,491787.2299,5459106.5361
Other Theft,2017,6,9,15,0,6XX W PENDER ST,Central Business District,491706.3432,5459044.1772
Other Theft,2017,2,27,10,30,6XX W PENDER ST,Central Business District,491707.7589,5459042.8264
Other Theft,2017,2,6,23,46,6XX W PENDER ST,Central Business District,491710.5903,5459040.1247
Other Theft,2017,7,15,21,10,6XX W PENDER ST,Central Business District,491710.5903,5459040.1247
Other Theft,2017,8,25,20,55,6XX W PENDER ST,Central Business District,491710.5903,5459040.1247
Other Theft,2017,10,14,13,45,6XX W PENDER ST,Central Business District,491710.5903,5459040.1247
Other Theft,2017,10,28,23,0,6XX W PENDER ST,Central Business District,491710.5903,5459040.1247
Other Theft,2017,3,2,8,30,6XX W WATERFRONT RD,Central Business District,491873.0337,5459354.4172
Other Theft,2017,8,22,14,0,6XX W WATERFRONT RD,Central Business District,491873.0337,5459354.4172
Other Theft,2017,9,22,22,0,6XX W WATERFRONT RD,Central Business District,491873.0337,5459354.4172
Other Theft,2017,10,9,18,30,6XX W WATERFRONT RD,Central Business District,491873.0337,5459354.4172
Other Theft,2017,6,16,8,0,6XX W WATERFRONT RD,Central Business District,491922.295,5459336.0041
Other Theft,2017,2,13,0,0,70XX ASH CRES,Oakridge,491335.4393,5452048.7458
Other Theft,2017,5,26,8,40,70XX HEATHER ST,Oakridge,490982.9388,5452030.6612
Other Theft,2017,6,20,11,0,70XX HEATHER ST,Oakridge,490982.9388,5452030.6612
Other Theft,2017,1,7,9,2,70XX KERR ST,Killarney,496997.7097,5451915.7339
Other Theft,2017,2,12,17,0,70XX KERR ST,Killarney,496997.7979,5451917.436
Other Theft,2017,4,10,17,12,70XX KERR ST,Killarney,496997.7979,5451917.436
Other Theft,2017,5,11,9,0,70XX KERR ST,Killarney,496997.7979,5451917.436
Other Theft,2017,4,5,16,45,70XX MONTGOMERY ST,Oakridge,490378.3042,5452152.0096
Other Theft,2017,8,4,22,0,70XX WALES ST,Victoria-Fraserview,496162.2933,5451890.3064
Other Theft,2017,1,14,20,30,71XX CAMBIE ST,Oakridge,491486.0418,5451961.6769
Other Theft,2017,1,31,15,42,71XX KERR ST,Killarney,496991.4946,5451719.815
Other Theft,2017,6,3,22,0,71XX KERR ST,Killarney,496991.4946,5451719.815
Other Theft,2017,8,16,7,12,71XX KERR ST,Killarney,496991.4946,5451719.815
Other Theft,2017,10,12,21,33,71XX KERR ST,Killarney,496991.4946,5451719.815
Other Theft,2017,11,12,16,7,71XX KERR ST,Killarney,496991.4946,5451719.815
Other Theft,2017,8,17,10,40,71XX KERR ST,Killarney,496991.9494,5451752.2184
Other Theft,2017,11,11,7,0,71XX OAK ST,Oakridge,490645.7497,5452013.1203
Other Theft,2017,11,1,0,0,72XX CULLODEN ST,Sunset,494283.5673,5451736.2954
Other Theft,2017,12,11,12,0,72XX KERR ST,Killarney,496989.4724,5451672.1271
Other Theft,2017,3,8,11,59,72XX KNIGHT ST,Sunset,494383.6695,5451774.8419
Other Theft,2017,5,30,18,0,72XX KNIGHT ST,Victoria-Fraserview,494393.1966,5451725.2432
Other Theft,2017,6,7,14,28,72XX KNIGHT ST,Victoria-Fraserview,494393.1966,5451725.2432
Other Theft,2017,12,12,0,24,72XX KNIGHT ST,Victoria-Fraserview,494393.1966,5451725.2432
Other Theft,2017,7,29,19,11,72XX MAIN ST,Sunset,492575.9082,5451753.7257
Other Theft,2017,9,28,13,0,72XX VIVIAN DR,Killarney,496322.4768,5451783.2716
Other Theft,2017,8,4,23,0,73XX BLAKE ST,Killarney,497867.6469,5451653.2249
Other Theft,2017,7,4,1,55,73XX KNIGHT ST,Sunset,494384.2429,5451698.7317
Other Theft,2017,7,4,7,26,73XX KNIGHT ST,Sunset,494384.2429,5451698.7317
Other Theft,2017,8,30,11,17,74XX ROSS ST,Sunset,493952.5894,5451545.7205
Other Theft,2017,6,20,21,0,74XX STANLEY PARK DR,Stanley Park,488646.928,5460991.5874
Other Theft,2017,7,2,0,0,74XX STANLEY PARK DR,Stanley Park,488646.928,5460991.5874
Other Theft,2017,8,18,9,50,74XX STANLEY PARK DR,Stanley Park,488646.928,5460991.5874
Other Theft,2017,8,29,22,0,74XX STANLEY PARK DR,Stanley Park,488646.928,5460991.5874
Other Theft,2017,5,22,22,40,74XX STANLEY PARK DR,Stanley Park,488646.928,5460991.5874
Other Theft,2017,3,6,18,5,75XX CAMBIE ST,Marpole,491474.4072,5451550.427
Other Theft,2017,4,9,18,46,75XX CAMBIE ST,Marpole,491474.4072,5451550.427
Other Theft,2017,8,25,1,21,75XX CAMBIE ST,Marpole,491474.4072,5451550.427
Other Theft,2017,8,28,15,0,75XX PRINCE EDWARD ST,Sunset,492882.6829,5451512.2039
Other Theft,2017,9,18,13,30,75XX STANLEY PARK DR,Stanley Park,488627.398,5460985.7478
Other Theft,2017,4,9,13,51,76XX ASH ST,Marpole,491247.4679,5451379.3089
Other Theft,2017,3,6,18,20,76XX GRANVILLE ST,Marpole,489790.549,5451530.2648
Other Theft,2017,5,8,17,30,76XX PRINCE ALBERT ST,Sunset,493601.6659,5451382.2884
Other Theft,2017,8,29,10,0,77XX FRASER ST,Sunset,493372.7458,5451291.7797
Other Theft,2017,12,8,11,0,77XX THORNHILL DR,Victoria-Fraserview,495005.8535,5451300.8832
Other Theft,2017,3,6,15,0,78XX KNIGHT ST,Victoria-Fraserview,494389.13,5451204.0921
Other Theft,2017,3,25,22,58,79XX CARTIER ST,Marpole,489979.9074,5451187.5271
Other Theft,2017,2,11,11,30,79XX GRANVILLE ST,Marpole,489772.5489,5451179.2196
Other Theft,2017,10,22,10,0,79XX GRANVILLE ST,Marpole,489782.1522,5451218.2892
Other Theft,2017,5,5,9,30,7X E 2ND AVE,Mount Pleasant,492496.2025,5457379.3759
Other Theft,2017,1,15,19,36,7X E PENDER ST,Central Business District,492517.3723,5458634.2507
Other Theft,2017,10,4,15,33,7X E PENDER ST,Central Business District,492518.8122,5458634.1953
Other Theft,2017,11,4,15,40,7X E PENDER ST,Central Business District,492518.8122,5458634.1953
Other Theft,2017,3,17,14,0,7X W 8TH AVE,Mount Pleasant,492263.8726,5456791.0645
Other Theft,2017,3,23,13,30,7X W BROADWAY AVE,Mount Pleasant,492264.2573,5456707.3688
Other Theft,2017,4,8,11,0,7X W BROADWAY AVE,Mount Pleasant,492264.2573,5456707.3688
Other Theft,2017,4,14,0,46,7X W BROADWAY AVE,Mount Pleasant,492264.2573,5456707.3688
Other Theft,2017,4,23,4,6,7X W BROADWAY AVE,Mount Pleasant,492264.2573,5456707.3688
Other Theft,2017,12,16,12,46,7X W BROADWAY AVE,Mount Pleasant,492264.2573,5456707.3688
Other Theft,2017,6,17,21,0,7X W HASTINGS ST,Central Business District,492256.9786,5458791.146
Other Theft,2017,7,22,13,0,7X W HASTINGS ST,Central Business District,492256.9786,5458791.146
Other Theft,2017,8,26,20,0,7X W HASTINGS ST,Central Business District,492256.9786,5458791.146
Other Theft,2017,9,23,7,10,7X W HASTINGS ST,Central Business District,492256.9786,5458791.146
Other Theft,2017,3,25,11,51,7XX BEACH AVE,Central Business District,490429.3497,5457984.9833
Other Theft,2017,6,12,14,41,7XX BEATTY ST,Central Business District,491789.6906,5458406.2994
Other Theft,2017,12,16,7,30,7XX BIDWELL ST,West End,490280.3719,5459776.9817
Other Theft,2017,6,4,20,13,7XX BIDWELL ST,West End,490283.8053,5459767.5192
Other Theft,2017,8,9,15,34,7XX BURRARD ST,West End,491083.4934,5458975.6689
Other Theft,2017,10,13,14,58,7XX BURRARD ST,West End,491085.3312,5458977.4714
Other Theft,2017,11,20,18,20,7XX BURRARD ST,West End,491085.3312,5458977.4714
Other Theft,2017,11,24,10,34,7XX BURRARD ST,West End,491085.3312,5458977.4714
Other Theft,2017,11,24,13,43,7XX BURRARD ST,West End,491085.3312,5458977.4714
Other Theft,2017,7,6,19,22,7XX BURRARD ST,West End,491098.1959,5458990.0888
Other Theft,2017,5,6,19,35,7XX BURRARD ST,West End,491098.1959,5458990.0888
Other Theft,2017,3,8,18,0,7XX BURRARD ST,West End,491107.3849,5458999.1013
Other Theft,2017,4,15,22,0,7XX BURRARD ST,West End,491107.3849,5458999.1013
Other Theft,2017,5,9,16,44,7XX BURRARD ST,West End,491107.3849,5458999.1013
Other Theft,2017,9,14,19,28,7XX BURRARD ST,West End,491107.3849,5458999.1013
Other Theft,2017,10,31,11,30,7XX BURRARD ST,West End,491107.3849,5458999.1013
Other Theft,2017,10,31,13,5,7XX BURRARD ST,West End,491107.3849,5458999.1013
Other Theft,2017,12,3,18,36,7XX BURRARD ST,West End,491107.3849,5458999.1013
Other Theft,2017,2,10,21,0,7XX BURRARD ST,Central Business District,491117.4327,5458996.1484
Other Theft,2017,2,12,13,17,7XX BURRARD ST,Central Business District,491117.4327,5458996.1484
Other Theft,2017,2,16,14,50,7XX BURRARD ST,Central Business District,491117.4327,5458996.1484
Other Theft,2017,2,20,14,6,7XX BURRARD ST,Central Business District,491117.4327,5458996.1484
Other Theft,2017,3,6,13,0,7XX BURRARD ST,Central Business District,491117.4327,5458996.1484
Other Theft,2017,3,7,16,9,7XX BURRARD ST,Central Business District,491117.4327,5458996.1484
Other Theft,2017,3,9,19,43,7XX BURRARD ST,Central Business District,491117.4327,5458996.1484
Other Theft,2017,3,12,12,51,7XX BURRARD ST,Central Business District,491117.4327,5458996.1484
Other Theft,2017,3,13,17,43,7XX BURRARD ST,Central Business District,491117.4327,5458996.1484
Other Theft,2017,3,19,15,30,7XX BURRARD ST,Central Business District,491117.4327,5458996.1484
Other Theft,2017,3,19,18,8,7XX BURRARD ST,Central Business District,491117.4327,5458996.1484
Other Theft,2017,3,26,15,30,7XX BURRARD ST,Central Business District,491117.4327,5458996.1484
Other Theft,2017,3,31,11,58,7XX BURRARD ST,Central Business District,491117.4327,5458996.1484
Other Theft,2017,4,5,12,47,7XX BURRARD ST,Central Business District,491117.4327,5458996.1484
Other Theft,2017,4,16,13,25,7XX BURRARD ST,Central Business District,491117.4327,5458996.1484
Other Theft,2017,4,16,16,56,7XX BURRARD ST,Central Business District,491117.4327,5458996.1484
Other Theft,2017,4,17,18,37,7XX BURRARD ST,Central Business District,491117.4327,5458996.1484
Other Theft,2017,4,18,14,56,7XX BURRARD ST,Central Business District,491117.4327,5458996.1484
Other Theft,2017,4,19,14,59,7XX BURRARD ST,Central Business District,491117.4327,5458996.1484
Other Theft,2017,4,19,15,35,7XX BURRARD ST,Central Business District,491117.4327,5458996.1484
Other Theft,2017,4,20,14,53,7XX BURRARD ST,Central Business District,491117.4327,5458996.1484
Other Theft,2017,4,20,19,26,7XX BURRARD ST,Central Business District,491117.4327,5458996.1484
Other Theft,2017,4,23,11,34,7XX BURRARD ST,Central Business District,491117.4327,5458996.1484
Other Theft,2017,5,19,10,38,7XX BURRARD ST,Central Business District,491117.4327,5458996.1484
Other Theft,2017,5,29,18,27,7XX BURRARD ST,Central Business District,491117.4327,5458996.1484
Other Theft,2017,6,20,15,23,7XX BURRARD ST,Central Business District,491117.4327,5458996.1484
Other Theft,2017,6,20,19,55,7XX BURRARD ST,Central Business District,491117.4327,5458996.1484
Other Theft,2017,2,21,15,35,7XX BURRARD ST,Central Business District,491117.4327,5458996.1484
Other Theft,2017,3,26,16,15,7XX BURRARD ST,Central Business District,491117.4327,5458996.1484
Other Theft,2017,4,14,14,5,7XX BURRARD ST,Central Business District,491117.4327,5458996.1484
Other Theft,2017,4,24,11,30,7XX BURRARD ST,Central Business District,491117.4327,5458996.1484
Other Theft,2017,5,1,16,18,7XX BURRARD ST,Central Business District,491117.4327,5458996.1484
Other Theft,2017,5,15,11,36,7XX BURRARD ST,Central Business District,491117.4327,5458996.1484
Other Theft,2017,5,27,19,45,7XX BURRARD ST,Central Business District,491117.4327,5458996.1484
Other Theft,2017,6,3,16,0,7XX BURRARD ST,Central Business District,491117.4327,5458996.1484
Other Theft,2017,6,10,10,25,7XX BURRARD ST,Central Business District,491117.4327,5458996.1484
Other Theft,2017,7,7,21,2,7XX BURRARD ST,Central Business District,491117.4327,5458996.1484
Other Theft,2017,7,14,11,4,7XX BURRARD ST,Central Business District,491117.4327,5458996.1484
Other Theft,2017,7,14,11,19,7XX BURRARD ST,Central Business District,491117.4327,5458996.1484
Other Theft,2017,7,22,15,6,7XX BURRARD ST,Central Business District,491117.4327,5458996.1484
Other Theft,2017,7,29,20,26,7XX BURRARD ST,Central Business District,491117.4327,5458996.1484
Other Theft,2017,8,5,11,40,7XX BURRARD ST,Central Business District,491117.4327,5458996.1484
Other Theft,2017,8,6,11,30,7XX BURRARD ST,Central Business District,491117.4327,5458996.1484
Other Theft,2017,8,6,15,45,7XX BURRARD ST,Central Business District,491117.4327,5458996.1484
Other Theft,2017,8,7,15,0,7XX BURRARD ST,Central Business District,491117.4327,5458996.1484
Other Theft,2017,8,15,14,0,7XX BURRARD ST,Central Business District,491117.4327,5458996.1484
Other Theft,2017,9,16,20,59,7XX BURRARD ST,Central Business District,491117.4327,5458996.1484
Other Theft,2017,9,16,21,39,7XX BURRARD ST,Central Business District,491117.4327,5458996.1484
Other Theft,2017,9,21,18,51,7XX BURRARD ST,Central Business District,491117.4327,5458996.1484
Other Theft,2017,9,25,18,40,7XX BURRARD ST,Central Business District,491117.4327,5458996.1484
Other Theft,2017,10,10,18,40,7XX BURRARD ST,Central Business District,491117.4327,5458996.1484
Other Theft,2017,10,12,13,0,7XX BURRARD ST,Central Business District,491117.4327,5458996.1484
Other Theft,2017,10,17,16,12,7XX BURRARD ST,Central Business District,491117.4327,5458996.1484
Other Theft,2017,10,23,14,56,7XX BURRARD ST,Central Business District,491117.4327,5458996.1484
Other Theft,2017,11,4,18,41,7XX BURRARD ST,Central Business District,491117.4327,5458996.1484
Other Theft,2017,11,6,18,36,7XX BURRARD ST,Central Business District,491117.4327,5458996.1484
Other Theft,2017,11,15,17,5,7XX BURRARD ST,Central Business District,491117.4327,5458996.1484
Other Theft,2017,11,15,19,14,7XX BURRARD ST,Central Business District,491117.4327,5458996.1484
Other Theft,2017,11,24,17,8,7XX BURRARD ST,Central Business District,491117.4327,5458996.1484
Other Theft,2017,11,27,20,9,7XX BURRARD ST,Central Business District,491117.4327,5458996.1484
Other Theft,2017,11,28,11,52,7XX BURRARD ST,Central Business District,491117.4327,5458996.1484
Other Theft,2017,11,28,18,1,7XX BURRARD ST,Central Business District,491117.4327,5458996.1484
Other Theft,2017,12,8,16,33,7XX BURRARD ST,Central Business District,491117.4327,5458996.1484
Other Theft,2017,12,14,11,0,7XX BURRARD ST,Central Business District,491117.4327,5458996.1484
Other Theft,2017,12,15,16,30,7XX BURRARD ST,Central Business District,491117.4327,5458996.1484
Other Theft,2017,2,12,20,0,7XX BURRARD ST,Central Business District,491119.4089,5458998.0868
Other Theft,2017,2,20,21,20,7XX BURRARD ST,Central Business District,491119.4089,5458998.0868
Other Theft,2017,8,4,22,30,7XX BURRARD ST,Central Business District,491119.4089,5458998.0868
Other Theft,2017,8,7,21,34,7XX BURRARD ST,Central Business District,491119.4089,5458998.0868
Other Theft,2017,10,5,14,49,7XX BURRARD ST,Central Business District,491119.4089,5458998.0868
Other Theft,2017,11,12,18,16,7XX BURRARD ST,Central Business District,491119.4089,5458998.0868
Other Theft,2017,12,12,0,8,7XX BURRARD ST,Central Business District,491119.4089,5458998.0868
Other Theft,2017,12,19,20,15,7XX BURRARD ST,Central Business District,491119.4089,5458998.0868
Other Theft,2017,12,24,9,17,7XX BURRARD ST,Central Business District,491119.4089,5458998.0868
Other Theft,2017,1,27,18,23,7XX BURRARD ST,Central Business District,491119.4089,5458998.0868
Other Theft,2017,1,29,19,37,7XX BURRARD ST,Central Business District,491119.4089,5458998.0868
Other Theft,2017,4,23,16,6,7XX BURRARD ST,Central Business District,491119.4089,5458998.0868
Other Theft,2017,2,8,16,0,7XX BURRARD ST,Central Business District,491135.8351,5459014.1984
Other Theft,2017,6,3,16,0,7XX BURRARD ST,Central Business District,491135.8351,5459014.1984
Other Theft,2017,6,14,18,43,7XX BURRARD ST,Central Business District,491135.8351,5459014.1984
Other Theft,2017,8,10,18,4,7XX BURRARD ST,Central Business District,491135.8351,5459014.1984
Other Theft,2017,9,22,19,35,7XX BURRARD ST,Central Business District,491135.8351,5459014.1984
Other Theft,2017,9,29,10,20,7XX BURRARD ST,Central Business District,491135.8351,5459014.1984
Other Theft,2017,11,3,0,0,7XX BURRARD ST,Central Business District,491135.8351,5459014.1984
Other Theft,2017,11,7,15,21,7XX BURRARD ST,Central Business District,491135.8351,5459014.1984
Other Theft,2017,11,7,15,55,7XX BURRARD ST,Central Business District,491135.8351,5459014.1984
Other Theft,2017,11,12,14,40,7XX BURRARD ST,Central Business District,491135.8351,5459014.1984
Other Theft,2017,11,13,17,1,7XX BURRARD ST,Central Business District,491135.8351,5459014.1984
Other Theft,2017,12,4,19,23,7XX BURRARD ST,Central Business District,491135.8351,5459014.1984
Other Theft,2017,12,23,16,10,7XX BURRARD ST,Central Business District,491135.8351,5459014.1984
Other Theft,2017,7,27,19,0,7XX BURRARD ST,West End,491142.2515,5459033.2997
Other Theft,2017,11,1,17,46,7XX BURRARD ST,West End,491142.2515,5459033.2997
Other Theft,2017,7,4,1,30,7XX BURRARD ST,Central Business District,491195.2806,5459075.5723
Other Theft,2017,4,11,15,28,7XX BUTE ST,West End,490781.7982,5459264.2456
Other Theft,2017,5,10,18,56,7XX BUTE ST,West End,490781.7982,5459264.2456
Other Theft,2017,5,21,21,44,7XX BUTE ST,West End,490795.069,5459279.3614
Other Theft,2017,1,9,0,24,7XX BUTE ST,West End,490796.7279,5459281.2509
Other Theft,2017,1,15,12,36,7XX BUTE ST,West End,490796.7279,5459281.2509
Other Theft,2017,1,15,17,23,7XX BUTE ST,West End,490796.7279,5459281.2509
Other Theft,2017,1,16,17,53,7XX BUTE ST,West End,490796.7279,5459281.2509
Other Theft,2017,1,17,13,40,7XX BUTE ST,West End,490796.7279,5459281.2509
Other Theft,2017,1,20,17,27,7XX BUTE ST,West End,490796.7279,5459281.2509
Other Theft,2017,1,22,16,24,7XX BUTE ST,West End,490796.7279,5459281.2509
Other Theft,2017,1,23,13,45,7XX BUTE ST,West End,490796.7279,5459281.2509
Other Theft,2017,1,23,18,30,7XX BUTE ST,West End,490796.7279,5459281.2509
Other Theft,2017,1,23,20,23,7XX BUTE ST,West End,490796.7279,5459281.2509
Other Theft,2017,1,28,10,39,7XX BUTE ST,West End,490796.7279,5459281.2509
Other Theft,2017,1,28,11,35,7XX BUTE ST,West End,490796.7279,5459281.2509
Other Theft,2017,1,28,21,54,7XX BUTE ST,West End,490796.7279,5459281.2509
Other Theft,2017,1,30,20,11,7XX BUTE ST,West End,490796.7279,5459281.2509
Other Theft,2017,2,3,14,39,7XX BUTE ST,West End,490796.7279,5459281.2509
Other Theft,2017,2,3,17,15,7XX BUTE ST,West End,490796.7279,5459281.2509
Other Theft,2017,2,3,23,13,7XX BUTE ST,West End,490796.7279,5459281.2509
Other Theft,2017,2,7,15,7,7XX BUTE ST,West End,490796.7279,5459281.2509
Other Theft,2017,2,8,16,2,7XX BUTE ST,West End,490796.7279,5459281.2509
Other Theft,2017,2,10,16,12,7XX BUTE ST,West End,490796.7279,5459281.2509
Other Theft,2017,2,10,22,39,7XX BUTE ST,West End,490796.7279,5459281.2509
Other Theft,2017,2,11,17,36,7XX BUTE ST,West End,490796.7279,5459281.2509
Other Theft,2017,2,12,10,19,7XX BUTE ST,West End,490796.7279,5459281.2509
Other Theft,2017,2,12,15,25,7XX BUTE ST,West End,490796.7279,5459281.2509
Other Theft,2017,2,13,16,46,7XX BUTE ST,West End,490796.7279,5459281.2509
Other Theft,2017,2,15,15,5,7XX BUTE ST,West End,490796.7279,5459281.2509
Other Theft,2017,2,18,20,30,7XX BUTE ST,West End,490796.7279,5459281.2509
Other Theft,2017,2,19,9,40,7XX BUTE ST,West End,490796.7279,5459281.2509
Other Theft,2017,2,19,15,37,7XX BUTE ST,West End,490796.7279,5459281.2509
Other Theft,2017,2,20,19,21,7XX BUTE ST,West End,490796.7279,5459281.2509
Other Theft,2017,2,23,12,18,7XX BUTE ST,West End,490796.7279,5459281.2509
Other Theft,2017,2,25,9,55,7XX BUTE ST,West End,490796.7279,5459281.2509
Other Theft,2017,2,26,11,3,7XX BUTE ST,West End,490796.7279,5459281.2509
Other Theft,2017,2,27,20,15,7XX BUTE ST,West End,490796.7279,5459281.2509
Other Theft,2017,3,5,12,37,7XX BUTE ST,West End,490796.7279,5459281.2509
Other Theft,2017,3,6,21,39,7XX BUTE ST,West End,490796.7279,5459281.2509
Other Theft,2017,3,9,16,1,7XX BUTE ST,West End,490796.7279,5459281.2509
Other Theft,2017,3,9,19,13,7XX BUTE ST,West End,490796.7279,5459281.2509
Other Theft,2017,3,17,19,6,7XX BUTE ST,West End,490796.7279,5459281.2509
Other Theft,2017,3,18,11,40,7XX BUTE ST,West End,490796.7279,5459281.2509
Other Theft,2017,3,20,11,10,7XX BUTE ST,West End,490796.7279,5459281.2509
Other Theft,2017,3,21,22,1,7XX BUTE ST,West End,490796.7279,5459281.2509
Other Theft,2017,3,24,10,33,7XX BUTE ST,West End,490796.7279,5459281.2509
Other Theft,2017,3,26,17,56,7XX BUTE ST,West End,490796.7279,5459281.2509
Other Theft,2017,3,27,19,17,7XX BUTE ST,West End,490796.7279,5459281.2509
Other Theft,2017,3,30,21,29,7XX BUTE ST,West End,490796.7279,5459281.2509
Other Theft,2017,3,31,20,52,7XX BUTE ST,West End,490796.7279,5459281.2509
Other Theft,2017,4,2,16,21,7XX BUTE ST,West End,490796.7279,5459281.2509
Other Theft,2017,4,7,14,35,7XX BUTE ST,West End,490796.7279,5459281.2509
Other Theft,2017,4,8,15,8,7XX BUTE ST,West End,490796.7279,5459281.2509
Other Theft,2017,4,9,12,2,7XX BUTE ST,West End,490796.7279,5459281.2509
Other Theft,2017,4,11,16,55,7XX BUTE ST,West End,490796.7279,5459281.2509
Other Theft,2017,4,16,12,33,7XX BUTE ST,West End,490796.7279,5459281.2509
Other Theft,2017,4,20,13,31,7XX BUTE ST,West End,490796.7279,5459281.2509
Other Theft,2017,5,8,15,33,7XX BUTE ST,West End,490796.7279,5459281.2509
Other Theft,2017,5,18,17,56,7XX BUTE ST,West End,490796.7279,5459281.2509
Other Theft,2017,5,25,13,55,7XX BUTE ST,West End,490796.7279,5459281.2509
Other Theft,2017,5,25,14,35,7XX BUTE ST,West End,490796.7279,5459281.2509
Other Theft,2017,6,11,5,0,7XX BUTE ST,West End,490796.7279,5459281.2509
Other Theft,2017,6,12,14,40,7XX BUTE ST,West End,490796.7279,5459281.2509
Other Theft,2017,6,12,19,48,7XX BUTE ST,West End,490796.7279,5459281.2509
Other Theft,2017,6,14,15,23,7XX BUTE ST,West End,490796.7279,5459281.2509
Other Theft,2017,6,14,16,0,7XX BUTE ST,West End,490796.7279,5459281.2509
Other Theft,2017,6,14,20,16,7XX BUTE ST,West End,490796.7279,5459281.2509
Other Theft,2017,6,18,12,41,7XX BUTE ST,West End,490796.7279,5459281.2509
Other Theft,2017,6,23,14,10,7XX BUTE ST,West End,490796.7279,5459281.2509
Other Theft,2017,6,28,16,8,7XX BUTE ST,West End,490796.7279,5459281.2509
Other Theft,2017,6,28,17,57,7XX BUTE ST,West End,490796.7279,5459281.2509
Other Theft,2017,7,11,14,13,7XX BUTE ST,West End,490796.7279,5459281.2509
Other Theft,2017,7,14,13,32,7XX BUTE ST,West End,490796.7279,5459281.2509
Other Theft,2017,7,22,17,40,7XX BUTE ST,West End,490796.7279,5459281.2509
Other Theft,2017,7,31,13,6,7XX BUTE ST,West End,490796.7279,5459281.2509
Other Theft,2017,8,2,13,31,7XX BUTE ST,West End,490796.7279,5459281.2509
Other Theft,2017,8,11,15,26,7XX BUTE ST,West End,490796.7279,5459281.2509
Other Theft,2017,8,16,15,44,7XX BUTE ST,West End,490796.7279,5459281.2509
Other Theft,2017,9,2,20,23,7XX BUTE ST,West End,490796.7279,5459281.2509
Other Theft,2017,9,8,18,21,7XX BUTE ST,West End,490796.7279,5459281.2509
Other Theft,2017,9,11,21,40,7XX BUTE ST,West End,490796.7279,5459281.2509
Other Theft,2017,9,15,12,0,7XX BUTE ST,West End,490796.7279,5459281.2509
Other Theft,2017,9,16,13,0,7XX BUTE ST,West End,490796.7279,5459281.2509
Other Theft,2017,9,17,15,21,7XX BUTE ST,West End,490796.7279,5459281.2509
Other Theft,2017,9,26,10,54,7XX BUTE ST,West End,490796.7279,5459281.2509
Other Theft,2017,9,26,16,52,7XX BUTE ST,West End,490796.7279,5459281.2509
Other Theft,2017,9,29,10,3,7XX BUTE ST,West End,490796.7279,5459281.2509
Other Theft,2017,10,2,9,39,7XX BUTE ST,West End,490796.7279,5459281.2509
Other Theft,2017,10,2,13,26,7XX BUTE ST,West End,490796.7279,5459281.2509
Other Theft,2017,10,10,19,24,7XX BUTE ST,West End,490796.7279,5459281.2509
Other Theft,2017,10,22,11,11,7XX BUTE ST,West End,490796.7279,5459281.2509
Other Theft,2017,10,31,17,15,7XX BUTE ST,West End,490796.7279,5459281.2509
Other Theft,2017,11,4,14,27,7XX BUTE ST,West End,490796.7279,5459281.2509
Other Theft,2017,11,23,21,33,7XX BUTE ST,West End,490796.7279,5459281.2509
Other Theft,2017,11,30,19,37,7XX BUTE ST,West End,490796.7279,5459281.2509
Other Theft,2017,12,18,15,0,7XX BUTE ST,West End,490796.7279,5459281.2509
Other Theft,2017,12,24,10,55,7XX BUTE ST,West End,490796.7279,5459281.2509
Other Theft,2017,12,28,14,15,7XX BUTE ST,West End,490796.7279,5459281.2509
Other Theft,2017,12,28,22,35,7XX BUTE ST,West End,490796.7279,5459281.2509
Other Theft,2017,12,30,20,12,7XX BUTE ST,West End,490796.7279,5459281.2509
Other Theft,2017,1,8,11,6,7XX BUTE ST,West End,490797.659,5459282.3112
Other Theft,2017,1,11,21,56,7XX BUTE ST,West End,490797.659,5459282.3112
Other Theft,2017,11,14,17,15,7XX CAMBIE ST,Central Business District,491666.3972,5458411.9193
Other Theft,2017,6,12,21,0,7XX CAMBIE ST,Central Business District,491701.7211,5458447.4228
Other Theft,2017,2,7,10,25,7XX CARDERO ST,West End,490397.7095,5459662.6263
Other Theft,2017,9,2,2,22,7XX CARDERO ST,West End,490397.7095,5459662.6263
Other Theft,2017,1,6,10,16,7XX CARRALL ST,Central Business District,492350.3547,5458427.0159
Other Theft,2017,9,4,0,30,7XX CARRALL ST,Central Business District,492350.3547,5458427.0159
Other Theft,2017,5,4,14,37,7XX DAVIE ST,Central Business District,490765.8444,5458335.637
Other Theft,2017,5,11,8,21,7XX DAVIE ST,Central Business District,490777.6005,5458311.0872
Other Theft,2017,7,6,0,0,7XX DAVIE ST,Central Business District,490777.6005,5458311.0872
Other Theft,2017,7,7,16,50,7XX DAVIE ST,Central Business District,490777.6005,5458311.0872
Other Theft,2017,7,29,16,0,7XX DAVIE ST,Central Business District,490777.6005,5458311.0872
Other Theft,2017,7,29,16,51,7XX DAVIE ST,Central Business District,490777.6005,5458311.0872
Other Theft,2017,12,24,16,0,7XX DAVIE ST,Central Business District,490777.6005,5458311.0872
Other Theft,2017,6,30,5,12,7XX DAVIE ST,Central Business District,490794.4178,5458294.3972
Other Theft,2017,9,9,17,35,7XX DAVIE ST,Central Business District,490794.4178,5458294.3972
Other Theft,2017,5,9,14,22,7XX DAVIE ST,Central Business District,490795.8192,5458293.0064
Other Theft,2017,1,7,21,0,7XX DAVIE ST,Central Business District,490816.8409,5458272.1439
Other Theft,2017,4,30,19,23,7XX DAVIE ST,Central Business District,490816.8409,5458272.1439
Other Theft,2017,3,29,18,30,7XX DENMAN ST,West End,490158.5335,5459884.0315
Other Theft,2017,11,7,22,0,7XX DENMAN ST,West End,490159.0023,5459871.5168
Other Theft,2017,8,12,19,0,7XX DENMAN ST,West End,490198.1628,5459911.0156
Other Theft,2017,3,8,14,55,7XX DENMAN ST,West End,490225.2739,5459938.361
Other Theft,2017,8,12,19,0,7XX DENMAN ST,West End,490225.2739,5459938.361
Other Theft,2017,12,5,14,14,7XX DRAKE ST,Central Business District,490635.9242,5458220.2711
Other Theft,2017,12,25,22,45,7XX DRAKE ST,Central Business District,490686.4485,5458170.4891
Other Theft,2017,1,13,20,58,7XX DUNSMUIR ST,Central Business District,491483.7724,5459051.5702
Other Theft,2017,1,17,17,45,7XX DUNSMUIR ST,Central Business District,491483.7724,5459051.5702
Other Theft,2017,2,2,16,20,7XX DUNSMUIR ST,Central Business District,491483.7724,5459051.5702
Other Theft,2017,2,3,19,35,7XX DUNSMUIR ST,Central Business District,491483.7724,5459051.5702
Other Theft,2017,2,11,17,30,7XX DUNSMUIR ST,Central Business District,491483.7724,5459051.5702
Other Theft,2017,2,12,13,54,7XX DUNSMUIR ST,Central Business District,491483.7724,5459051.5702
Other Theft,2017,2,14,13,33,7XX DUNSMUIR ST,Central Business District,491483.7724,5459051.5702
Other Theft,2017,2,18,16,38,7XX DUNSMUIR ST,Central Business District,491483.7724,5459051.5702
Other Theft,2017,2,22,10,11,7XX DUNSMUIR ST,Central Business District,491483.7724,5459051.5702
Other Theft,2017,3,8,12,0,7XX DUNSMUIR ST,Central Business District,491483.7724,5459051.5702
Other Theft,2017,3,18,19,2,7XX DUNSMUIR ST,Central Business District,491483.7724,5459051.5702
Other Theft,2017,3,23,13,15,7XX DUNSMUIR ST,Central Business District,491483.7724,5459051.5702
Other Theft,2017,3,23,14,15,7XX DUNSMUIR ST,Central Business District,491483.7724,5459051.5702
Other Theft,2017,4,3,7,47,7XX DUNSMUIR ST,Central Business District,491483.7724,5459051.5702
Other Theft,2017,4,26,14,30,7XX DUNSMUIR ST,Central Business District,491483.7724,5459051.5702
Other Theft,2017,4,28,13,53,7XX DUNSMUIR ST,Central Business District,491483.7724,5459051.5702
Other Theft,2017,5,1,12,20,7XX DUNSMUIR ST,Central Business District,491483.7724,5459051.5702
Other Theft,2017,5,18,14,0,7XX DUNSMUIR ST,Central Business District,491483.7724,5459051.5702
Other Theft,2017,5,31,13,41,7XX DUNSMUIR ST,Central Business District,491483.7724,5459051.5702
Other Theft,2017,6,15,18,0,7XX DUNSMUIR ST,Central Business District,491483.7724,5459051.5702
Other Theft,2017,6,30,13,7,7XX DUNSMUIR ST,Central Business District,491483.7724,5459051.5702
Other Theft,2017,8,1,11,5,7XX DUNSMUIR ST,Central Business District,491483.7724,5459051.5702
Other Theft,2017,8,6,16,34,7XX DUNSMUIR ST,Central Business District,491483.7724,5459051.5702
Other Theft,2017,8,8,19,18,7XX DUNSMUIR ST,Central Business District,491483.7724,5459051.5702
Other Theft,2017,9,18,14,27,7XX DUNSMUIR ST,Central Business District,491483.7724,5459051.5702
Other Theft,2017,9,26,10,0,7XX DUNSMUIR ST,Central Business District,491483.7724,5459051.5702
Other Theft,2017,9,26,10,50,7XX DUNSMUIR ST,Central Business District,491483.7724,5459051.5702
Other Theft,2017,9,26,11,0,7XX DUNSMUIR ST,Central Business District,491483.7724,5459051.5702
Other Theft,2017,10,24,13,1,7XX DUNSMUIR ST,Central Business District,491483.7724,5459051.5702
Other Theft,2017,11,24,19,40,7XX DUNSMUIR ST,Central Business District,491483.7724,5459051.5702
Other Theft,2017,12,3,19,10,7XX DUNSMUIR ST,Central Business District,491483.7724,5459051.5702
Other Theft,2017,12,6,17,18,7XX DUNSMUIR ST,Central Business District,491483.7724,5459051.5702
Other Theft,2017,12,11,15,35,7XX DUNSMUIR ST,Central Business District,491483.7724,5459051.5702
Other Theft,2017,12,17,13,33,7XX DUNSMUIR ST,Central Business District,491483.7724,5459051.5702
Other Theft,2017,12,18,12,0,7XX DUNSMUIR ST,Central Business District,491483.7724,5459051.5702
Other Theft,2017,12,19,10,0,7XX DUNSMUIR ST,Central Business District,491483.7724,5459051.5702
Other Theft,2017,12,26,18,30,7XX DUNSMUIR ST,Central Business District,491483.7724,5459051.5702
Other Theft,2017,12,30,13,30,7XX DUNSMUIR ST,Central Business District,491483.7724,5459051.5702
Other Theft,2017,1,5,15,0,7XX DUNSMUIR ST,Central Business District,491485.3891,5459049.9518
Other Theft,2017,2,7,20,13,7XX DUNSMUIR ST,Central Business District,491512.5072,5459022.8055
Other Theft,2017,3,2,12,0,7XX DUNSMUIR ST,Central Business District,491512.5072,5459022.8055
Other Theft,2017,3,2,16,40,7XX DUNSMUIR ST,Central Business District,491512.5072,5459022.8055
Other Theft,2017,3,17,14,20,7XX DUNSMUIR ST,Central Business District,491512.5072,5459022.8055
Other Theft,2017,3,20,21,30,7XX DUNSMUIR ST,Central Business District,491512.5072,5459022.8055
Other Theft,2017,4,6,18,8,7XX DUNSMUIR ST,Central Business District,491512.5072,5459022.8055
Other Theft,2017,4,7,20,20,7XX DUNSMUIR ST,Central Business District,491512.5072,5459022.8055
Other Theft,2017,4,21,11,47,7XX DUNSMUIR ST,Central Business District,491512.5072,5459022.8055
Other Theft,2017,4,22,19,15,7XX DUNSMUIR ST,Central Business District,491512.5072,5459022.8055
Other Theft,2017,4,23,12,46,7XX DUNSMUIR ST,Central Business District,491512.5072,5459022.8055
Other Theft,2017,5,13,13,6,7XX DUNSMUIR ST,Central Business District,491512.5072,5459022.8055
Other Theft,2017,5,15,16,30,7XX DUNSMUIR ST,Central Business District,491512.5072,5459022.8055
Other Theft,2017,5,18,14,0,7XX DUNSMUIR ST,Central Business District,491512.5072,5459022.8055
Other Theft,2017,5,21,11,0,7XX DUNSMUIR ST,Central Business District,491512.5072,5459022.8055
Other Theft,2017,5,22,12,33,7XX DUNSMUIR ST,Central Business District,491512.5072,5459022.8055
Other Theft,2017,5,25,18,0,7XX DUNSMUIR ST,Central Business District,491512.5072,5459022.8055
Other Theft,2017,5,31,18,0,7XX DUNSMUIR ST,Central Business District,491512.5072,5459022.8055
Other Theft,2017,6,7,18,5,7XX DUNSMUIR ST,Central Business District,491512.5072,5459022.8055
Other Theft,2017,6,9,14,14,7XX DUNSMUIR ST,Central Business District,491512.5072,5459022.8055
Other Theft,2017,6,11,12,54,7XX DUNSMUIR ST,Central Business District,491512.5072,5459022.8055
Other Theft,2017,6,15,16,17,7XX DUNSMUIR ST,Central Business District,491512.5072,5459022.8055
Other Theft,2017,6,15,20,21,7XX DUNSMUIR ST,Central Business District,491512.5072,5459022.8055
Other Theft,2017,6,18,15,43,7XX DUNSMUIR ST,Central Business District,491512.5072,5459022.8055
Other Theft,2017,6,25,16,26,7XX DUNSMUIR ST,Central Business District,491512.5072,5459022.8055
Other Theft,2017,6,25,16,50,7XX DUNSMUIR ST,Central Business District,491512.5072,5459022.8055
Other Theft,2017,6,28,18,30,7XX DUNSMUIR ST,Central Business District,491512.5072,5459022.8055
Other Theft,2017,6,29,12,50,7XX DUNSMUIR ST,Central Business District,491512.5072,5459022.8055
Other Theft,2017,7,3,14,49,7XX DUNSMUIR ST,Central Business District,491512.5072,5459022.8055
Other Theft,2017,7,16,16,30,7XX DUNSMUIR ST,Central Business District,491512.5072,5459022.8055
Other Theft,2017,7,23,17,53,7XX DUNSMUIR ST,Central Business District,491512.5072,5459022.8055
Other Theft,2017,8,2,16,15,7XX DUNSMUIR ST,Central Business District,491512.5072,5459022.8055
Other Theft,2017,8,6,12,27,7XX DUNSMUIR ST,Central Business District,491512.5072,5459022.8055
Other Theft,2017,8,7,16,45,7XX DUNSMUIR ST,Central Business District,491512.5072,5459022.8055
Other Theft,2017,8,8,18,16,7XX DUNSMUIR ST,Central Business District,491512.5072,5459022.8055
Other Theft,2017,8,9,14,37,7XX DUNSMUIR ST,Central Business District,491512.5072,5459022.8055
Other Theft,2017,8,10,16,12,7XX DUNSMUIR ST,Central Business District,491512.5072,5459022.8055
Other Theft,2017,8,11,16,34,7XX DUNSMUIR ST,Central Business District,491512.5072,5459022.8055
Other Theft,2017,8,19,18,41,7XX DUNSMUIR ST,Central Business District,491512.5072,5459022.8055
Other Theft,2017,9,4,18,7,7XX DUNSMUIR ST,Central Business District,491512.5072,5459022.8055
Other Theft,2017,9,5,11,27,7XX DUNSMUIR ST,Central Business District,491512.5072,5459022.8055
Other Theft,2017,9,7,16,0,7XX DUNSMUIR ST,Central Business District,491512.5072,5459022.8055
Other Theft,2017,9,16,17,15,7XX DUNSMUIR ST,Central Business District,491512.5072,5459022.8055
Other Theft,2017,9,18,17,47,7XX DUNSMUIR ST,Central Business District,491512.5072,5459022.8055
Other Theft,2017,9,22,15,15,7XX DUNSMUIR ST,Central Business District,491512.5072,5459022.8055
Other Theft,2017,9,22,17,45,7XX DUNSMUIR ST,Central Business District,491512.5072,5459022.8055
Other Theft,2017,9,26,16,20,7XX DUNSMUIR ST,Central Business District,491512.5072,5459022.8055
Other Theft,2017,9,27,16,4,7XX DUNSMUIR ST,Central Business District,491512.5072,5459022.8055
Other Theft,2017,9,28,15,54,7XX DUNSMUIR ST,Central Business District,491512.5072,5459022.8055
Other Theft,2017,10,21,13,41,7XX DUNSMUIR ST,Central Business District,491512.5072,5459022.8055
Other Theft,2017,10,23,14,0,7XX DUNSMUIR ST,Central Business District,491512.5072,5459022.8055
Other Theft,2017,11,3,13,54,7XX DUNSMUIR ST,Central Business District,491512.5072,5459022.8055
Other Theft,2017,11,10,12,20,7XX DUNSMUIR ST,Central Business District,491512.5072,5459022.8055
Other Theft,2017,11,11,13,39,7XX DUNSMUIR ST,Central Business District,491512.5072,5459022.8055
Other Theft,2017,11,11,15,48,7XX DUNSMUIR ST,Central Business District,491512.5072,5459022.8055
Other Theft,2017,11,11,15,50,7XX DUNSMUIR ST,Central Business District,491512.5072,5459022.8055
Other Theft,2017,11,13,15,44,7XX DUNSMUIR ST,Central Business District,491512.5072,5459022.8055
Other Theft,2017,11,17,13,30,7XX DUNSMUIR ST,Central Business District,491512.5072,5459022.8055
Other Theft,2017,11,18,18,2,7XX DUNSMUIR ST,Central Business District,491512.5072,5459022.8055
Other Theft,2017,11,22,15,0,7XX DUNSMUIR ST,Central Business District,491512.5072,5459022.8055
Other Theft,2017,11,22,16,46,7XX DUNSMUIR ST,Central Business District,491512.5072,5459022.8055
Other Theft,2017,11,24,11,23,7XX DUNSMUIR ST,Central Business District,491512.5072,5459022.8055
Other Theft,2017,11,24,15,48,7XX DUNSMUIR ST,Central Business District,491512.5072,5459022.8055
Other Theft,2017,11,25,19,7,7XX DUNSMUIR ST,Central Business District,491512.5072,5459022.8055
Other Theft,2017,11,29,18,49,7XX DUNSMUIR ST,Central Business District,491512.5072,5459022.8055
Other Theft,2017,11,30,15,8,7XX DUNSMUIR ST,Central Business District,491512.5072,5459022.8055
Other Theft,2017,12,1,20,51,7XX DUNSMUIR ST,Central Business District,491512.5072,5459022.8055
Other Theft,2017,12,3,15,27,7XX DUNSMUIR ST,Central Business District,491512.5072,5459022.8055
Other Theft,2017,12,7,16,42,7XX DUNSMUIR ST,Central Business District,491512.5072,5459022.8055
Other Theft,2017,12,8,17,11,7XX DUNSMUIR ST,Central Business District,491512.5072,5459022.8055
Other Theft,2017,12,8,20,44,7XX DUNSMUIR ST,Central Business District,491512.5072,5459022.8055
Other Theft,2017,12,14,11,57,7XX DUNSMUIR ST,Central Business District,491512.5072,5459022.8055
Other Theft,2017,12,14,14,16,7XX DUNSMUIR ST,Central Business District,491512.5072,5459022.8055
Other Theft,2017,12,14,14,18,7XX DUNSMUIR ST,Central Business District,491512.5072,5459022.8055
Other Theft,2017,12,15,12,2,7XX DUNSMUIR ST,Central Business District,491512.5072,5459022.8055
Other Theft,2017,12,15,15,40,7XX DUNSMUIR ST,Central Business District,491512.5072,5459022.8055
Other Theft,2017,12,19,20,1,7XX DUNSMUIR ST,Central Business District,491512.5072,5459022.8055
Other Theft,2017,12,21,17,19,7XX DUNSMUIR ST,Central Business District,491512.5072,5459022.8055
Other Theft,2017,12,22,15,27,7XX DUNSMUIR ST,Central Business District,491512.5072,5459022.8055
Other Theft,2017,12,24,13,11,7XX DUNSMUIR ST,Central Business District,491512.5072,5459022.8055
Other Theft,2017,12,29,17,29,7XX DUNSMUIR ST,Central Business District,491512.5072,5459022.8055
Other Theft,2017,12,30,10,25,7XX DUNSMUIR ST,Central Business District,491512.5072,5459022.8055
Other Theft,2017,1,2,17,59,7XX DUNSMUIR ST,Central Business District,491512.5072,5459022.8055
Other Theft,2017,1,7,16,24,7XX DUNSMUIR ST,Central Business District,491512.5072,5459022.8055
Other Theft,2017,1,19,15,5,7XX DUNSMUIR ST,Central Business District,491512.5072,5459022.8055
Other Theft,2017,1,21,17,28,7XX DUNSMUIR ST,Central Business District,491512.5072,5459022.8055
Other Theft,2017,2,8,10,30,7XX DUNSMUIR ST,Central Business District,491512.5072,5459022.8055
Other Theft,2017,2,11,18,43,7XX DUNSMUIR ST,Central Business District,491512.5072,5459022.8055
Other Theft,2017,2,13,15,18,7XX DUNSMUIR ST,Central Business District,491512.5072,5459022.8055
Other Theft,2017,2,13,16,40,7XX DUNSMUIR ST,Central Business District,491512.5072,5459022.8055
Other Theft,2017,2,21,15,29,7XX DUNSMUIR ST,Central Business District,491512.5072,5459022.8055
Other Theft,2017,2,21,18,56,7XX DUNSMUIR ST,Central Business District,491512.5072,5459022.8055
Other Theft,2017,3,13,12,15,7XX DUNSMUIR ST,Central Business District,491512.5072,5459022.8055
Other Theft,2017,3,16,13,59,7XX DUNSMUIR ST,Central Business District,491512.5072,5459022.8055
Other Theft,2017,3,20,12,0,7XX DUNSMUIR ST,Central Business District,491512.5072,5459022.8055
Other Theft,2017,4,1,16,10,7XX DUNSMUIR ST,Central Business District,491512.5072,5459022.8055
Other Theft,2017,4,4,13,42,7XX DUNSMUIR ST,Central Business District,491512.5072,5459022.8055
Other Theft,2017,4,20,14,1,7XX DUNSMUIR ST,Central Business District,491512.5072,5459022.8055
Other Theft,2017,4,21,20,35,7XX DUNSMUIR ST,Central Business District,491512.5072,5459022.8055
Other Theft,2017,4,23,13,57,7XX DUNSMUIR ST,Central Business District,491512.5072,5459022.8055
Other Theft,2017,5,14,16,32,7XX DUNSMUIR ST,Central Business District,491512.5072,5459022.8055
Other Theft,2017,5,14,17,49,7XX DUNSMUIR ST,Central Business District,491512.5072,5459022.8055
Other Theft,2017,5,17,15,30,7XX DUNSMUIR ST,Central Business District,491512.5072,5459022.8055
Other Theft,2017,5,22,13,46,7XX DUNSMUIR ST,Central Business District,491512.5072,5459022.8055
Other Theft,2017,5,30,12,33,7XX DUNSMUIR ST,Central Business District,491512.5072,5459022.8055
Other Theft,2017,6,1,17,17,7XX DUNSMUIR ST,Central Business District,491512.5072,5459022.8055
Other Theft,2017,6,2,14,53,7XX DUNSMUIR ST,Central Business District,491512.5072,5459022.8055
Other Theft,2017,6,9,20,55,7XX DUNSMUIR ST,Central Business District,491512.5072,5459022.8055
Other Theft,2017,6,15,18,50,7XX DUNSMUIR ST,Central Business District,491512.5072,5459022.8055
Other Theft,2017,4,7,16,46,7XX E 10TH AVE,Mount Pleasant,493618.8454,5456525.7437
Other Theft,2017,11,18,15,53,7XX E 10TH AVE,Mount Pleasant,493618.8454,5456525.7437
Other Theft,2017,1,7,14,40,7XX E 12TH AVE,Mount Pleasant,493595.5337,5456328.3133
Other Theft,2017,9,19,21,0,7XX E 14TH AVE,Mount Pleasant,493595.8636,5456128.6758
Other Theft,2017,12,13,15,40,7XX E 16TH AVE,Mount Pleasant,493550.1052,5455967.1832
Other Theft,2017,6,17,11,38,7XX E 17TH AVE,Kensington-Cedar Cottage,493502.7696,5455870.2425
Other Theft,2017,11,30,14,0,7XX E 18TH AVE,Kensington-Cedar Cottage,493566.5198,5455758.2017
Other Theft,2017,9,14,17,57,7XX E 18TH AVE,Kensington-Cedar Cottage,493622.3883,5455765.4652
Other Theft,2017,11,2,19,26,7XX E 20TH AVE,Kensington-Cedar Cottage,493462.9413,5455566.6666
Other Theft,2017,7,21,10,2,7XX E 27TH AVE,Kensington-Cedar Cottage,493464.3493,5454870.5337
Other Theft,2017,2,17,16,0,7XX E 29TH AVE,Kensington-Cedar Cottage,493500.178,5454660.2525
Other Theft,2017,5,23,8,5,7XX E 29TH AVE,Kensington-Cedar Cottage,493500.178,5454660.2525
Other Theft,2017,10,12,9,0,7XX E 33RD AVE,Kensington-Cedar Cottage,493526.6121,5454166.5118
Other Theft,2017,4,19,21,0,7XX E 49TH AVE,Sunset,493460.6209,5452525.5211
Other Theft,2017,7,1,13,30,7XX E 49TH AVE,Sunset,493460.6209,5452525.5211
Other Theft,2017,2,3,13,0,7XX E 60TH AVE,Sunset,493544.6601,5451431.0752
Other Theft,2017,6,1,0,0,7XX E 61ST AVE,Sunset,493518.9662,5451340.9795
Other Theft,2017,10,5,10,59,7XX E 8TH AVE,Mount Pleasant,493640.9359,5456737.4823
Other Theft,2017,10,11,16,46,7XX E BROADWAY AVE,Mount Pleasant,493576.1734,5456643.0714
Other Theft,2017,8,26,18,0,7XX E BROADWAY AVE,Mount Pleasant,493646.8397,5456642.3233
Other Theft,2017,8,8,11,58,7XX E CORDOVA ST,Strathcona,493496.2333,5458815.0686
Other Theft,2017,8,2,17,29,7XX E CORDOVA ST,Strathcona,493566.1237,5458812.7524
Other Theft,2017,8,4,16,0,7XX E HASTINGS ST,Strathcona,493519.7853,5458710.0195
Other Theft,2017,4,3,12,0,7XX E HASTINGS ST,Strathcona,493526.3953,5458709.7047
Other Theft,2017,12,1,18,0,7XX E HASTINGS ST,Strathcona,493542.9202,5458708.9176
Other Theft,2017,12,23,15,32,7XX E HASTINGS ST,Strathcona,493542.9202,5458708.9176
Other Theft,2017,1,18,14,20,7XX E HASTINGS ST,Strathcona,493604.814,5458715.1242
Other Theft,2017,1,4,22,40,7XX E HASTINGS ST,Strathcona,493606.15,5458715.0604
Other Theft,2017,4,28,22,0,7XX E HASTINGS ST,Strathcona,493606.15,5458715.0604
Other Theft,2017,5,16,20,30,7XX E HASTINGS ST,Strathcona,493606.15,5458715.0604
Other Theft,2017,7,22,3,0,7XX E HASTINGS ST,Strathcona,493606.15,5458715.0604
Other Theft,2017,9,28,22,44,7XX E HASTINGS ST,Strathcona,493606.15,5458715.0604
Other Theft,2017,1,31,14,37,7XX E HASTINGS ST,Strathcona,493639.1867,5458704.3326
Other Theft,2017,7,23,20,0,7XX E PENDER ST,Strathcona,493556.2271,5458602.8656
Other Theft,2017,1,3,15,6,7XX GRANVILLE ST,Central Business District,491292.7916,5458742.3123
Other Theft,2017,1,7,17,19,7XX GRANVILLE ST,Central Business District,491292.7916,5458742.3123
Other Theft,2017,1,7,18,27,7XX GRANVILLE ST,Central Business District,491292.7916,5458742.3123
Other Theft,2017,1,7,19,40,7XX GRANVILLE ST,Central Business District,491292.7916,5458742.3123
Other Theft,2017,1,13,18,39,7XX GRANVILLE ST,Central Business District,491292.7916,5458742.3123
Other Theft,2017,1,13,19,50,7XX GRANVILLE ST,Central Business District,491292.7916,5458742.3123
Other Theft,2017,1,14,16,55,7XX GRANVILLE ST,Central Business District,491292.7916,5458742.3123
Other Theft,2017,1,22,16,29,7XX GRANVILLE ST,Central Business District,491292.7916,5458742.3123
Other Theft,2017,1,28,15,39,7XX GRANVILLE ST,Central Business District,491292.7916,5458742.3123
Other Theft,2017,1,28,19,52,7XX GRANVILLE ST,Central Business District,491292.7916,5458742.3123
Other Theft,2017,1,30,12,38,7XX GRANVILLE ST,Central Business District,491292.7916,5458742.3123
Other Theft,2017,2,3,13,37,7XX GRANVILLE ST,Central Business District,491292.7916,5458742.3123
Other Theft,2017,2,4,20,31,7XX GRANVILLE ST,Central Business District,491292.7916,5458742.3123
Other Theft,2017,2,10,15,0,7XX GRANVILLE ST,Central Business District,491292.7916,5458742.3123
Other Theft,2017,2,10,15,27,7XX GRANVILLE ST,Central Business District,491292.7916,5458742.3123
Other Theft,2017,2,11,15,10,7XX GRANVILLE ST,Central Business District,491292.7916,5458742.3123
Other Theft,2017,2,14,13,14,7XX GRANVILLE ST,Central Business District,491292.7916,5458742.3123
Other Theft,2017,2,17,18,9,7XX GRANVILLE ST,Central Business District,491292.7916,5458742.3123
Other Theft,2017,2,18,20,14,7XX GRANVILLE ST,Central Business District,491292.7916,5458742.3123
Other Theft,2017,2,20,18,56,7XX GRANVILLE ST,Central Business District,491292.7916,5458742.3123
Other Theft,2017,2,21,11,10,7XX GRANVILLE ST,Central Business District,491292.7916,5458742.3123
Other Theft,2017,2,22,14,59,7XX GRANVILLE ST,Central Business District,491292.7916,5458742.3123
Other Theft,2017,3,4,13,47,7XX GRANVILLE ST,Central Business District,491292.7916,5458742.3123
Other Theft,2017,3,5,18,16,7XX GRANVILLE ST,Central Business District,491292.7916,5458742.3123
Other Theft,2017,3,6,18,45,7XX GRANVILLE ST,Central Business District,491292.7916,5458742.3123
Other Theft,2017,3,7,21,11,7XX GRANVILLE ST,Central Business District,491292.7916,5458742.3123
Other Theft,2017,3,8,19,46,7XX GRANVILLE ST,Central Business District,491292.7916,5458742.3123
Other Theft,2017,3,10,17,18,7XX GRANVILLE ST,Central Business District,491292.7916,5458742.3123
Other Theft,2017,3,15,14,21,7XX GRANVILLE ST,Central Business District,491292.7916,5458742.3123
Other Theft,2017,3,18,18,29,7XX GRANVILLE ST,Central Business District,491292.7916,5458742.3123
Other Theft,2017,3,19,18,3,7XX GRANVILLE ST,Central Business District,491292.7916,5458742.3123
Other Theft,2017,3,20,11,42,7XX GRANVILLE ST,Central Business District,491292.7916,5458742.3123
Other Theft,2017,3,22,18,11,7XX GRANVILLE ST,Central Business District,491292.7916,5458742.3123
Other Theft,2017,3,24,15,37,7XX GRANVILLE ST,Central Business District,491292.7916,5458742.3123
Other Theft,2017,3,24,16,52,7XX GRANVILLE ST,Central Business District,491292.7916,5458742.3123
Other Theft,2017,4,17,11,50,7XX GRANVILLE ST,Central Business District,491292.7916,5458742.3123
Other Theft,2017,4,21,20,41,7XX GRANVILLE ST,Central Business District,491292.7916,5458742.3123
Other Theft,2017,4,30,13,42,7XX GRANVILLE ST,Central Business District,491292.7916,5458742.3123
Other Theft,2017,5,1,18,0,7XX GRANVILLE ST,Central Business District,491292.7916,5458742.3123
Other Theft,2017,5,1,20,22,7XX GRANVILLE ST,Central Business District,491292.7916,5458742.3123
Other Theft,2017,5,5,9,51,7XX GRANVILLE ST,Central Business District,491292.7916,5458742.3123
Other Theft,2017,5,5,12,59,7XX GRANVILLE ST,Central Business District,491292.7916,5458742.3123
Other Theft,2017,5,6,15,41,7XX GRANVILLE ST,Central Business District,491292.7916,5458742.3123
Other Theft,2017,5,10,17,57,7XX GRANVILLE ST,Central Business District,491292.7916,5458742.3123
Other Theft,2017,5,12,19,42,7XX GRANVILLE ST,Central Business District,491292.7916,5458742.3123
Other Theft,2017,5,13,13,55,7XX GRANVILLE ST,Central Business District,491292.7916,5458742.3123
Other Theft,2017,5,15,15,33,7XX GRANVILLE ST,Central Business District,491292.7916,5458742.3123
Other Theft,2017,5,15,18,21,7XX GRANVILLE ST,Central Business District,491292.7916,5458742.3123
Other Theft,2017,5,15,20,10,7XX GRANVILLE ST,Central Business District,491292.7916,5458742.3123
Other Theft,2017,5,16,16,27,7XX GRANVILLE ST,Central Business District,491292.7916,5458742.3123
Other Theft,2017,5,17,18,0,7XX GRANVILLE ST,Central Business District,491292.7916,5458742.3123
Other Theft,2017,5,18,11,24,7XX GRANVILLE ST,Central Business District,491292.7916,5458742.3123
Other Theft,2017,5,19,11,58,7XX GRANVILLE ST,Central Business District,491292.7916,5458742.3123
Other Theft,2017,5,20,18,13,7XX GRANVILLE ST,Central Business District,491292.7916,5458742.3123
Other Theft,2017,5,26,20,31,7XX GRANVILLE ST,Central Business District,491292.7916,5458742.3123
Other Theft,2017,6,6,12,7,7XX GRANVILLE ST,Central Business District,491292.7916,5458742.3123
Other Theft,2017,6,10,19,32,7XX GRANVILLE ST,Central Business District,491292.7916,5458742.3123
Other Theft,2017,6,14,13,58,7XX GRANVILLE ST,Central Business District,491292.7916,5458742.3123
Other Theft,2017,6,15,19,13,7XX GRANVILLE ST,Central Business District,491292.7916,5458742.3123
Other Theft,2017,6,17,13,5,7XX GRANVILLE ST,Central Business District,491292.7916,5458742.3123
Other Theft,2017,6,17,14,0,7XX GRANVILLE ST,Central Business District,491292.7916,5458742.3123
Other Theft,2017,6,18,11,0,7XX GRANVILLE ST,Central Business District,491292.7916,5458742.3123
Other Theft,2017,6,19,13,19,7XX GRANVILLE ST,Central Business District,491292.7916,5458742.3123
Other Theft,2017,6,24,15,20,7XX GRANVILLE ST,Central Business District,491292.7916,5458742.3123
Other Theft,2017,6,28,17,21,7XX GRANVILLE ST,Central Business District,491292.7916,5458742.3123
Other Theft,2017,6,29,16,5,7XX GRANVILLE ST,Central Business District,491292.7916,5458742.3123
Other Theft,2017,7,2,18,15,7XX GRANVILLE ST,Central Business District,491292.7916,5458742.3123
Other Theft,2017,7,4,14,11,7XX GRANVILLE ST,Central Business District,491292.7916,5458742.3123
Other Theft,2017,7,6,18,12,7XX GRANVILLE ST,Central Business District,491292.7916,5458742.3123
Other Theft,2017,7,8,17,30,7XX GRANVILLE ST,Central Business District,491292.7916,5458742.3123
Other Theft,2017,7,13,21,30,7XX GRANVILLE ST,Central Business District,491292.7916,5458742.3123
Other Theft,2017,7,20,22,9,7XX GRANVILLE ST,Central Business District,491292.7916,5458742.3123
Other Theft,2017,7,27,19,38,7XX GRANVILLE ST,Central Business District,491292.7916,5458742.3123
Other Theft,2017,7,29,19,25,7XX GRANVILLE ST,Central Business District,491292.7916,5458742.3123
Other Theft,2017,7,30,17,18,7XX GRANVILLE ST,Central Business District,491292.7916,5458742.3123
Other Theft,2017,8,7,17,24,7XX GRANVILLE ST,Central Business District,491292.7916,5458742.3123
Other Theft,2017,8,7,17,25,7XX GRANVILLE ST,Central Business District,491292.7916,5458742.3123
Other Theft,2017,8,8,16,28,7XX GRANVILLE ST,Central Business District,491292.7916,5458742.3123
Other Theft,2017,8,16,15,42,7XX GRANVILLE ST,Central Business District,491292.7916,5458742.3123
Other Theft,2017,8,17,18,16,7XX GRANVILLE ST,Central Business District,491292.7916,5458742.3123
Other Theft,2017,8,21,17,11,7XX GRANVILLE ST,Central Business District,491292.7916,5458742.3123
Other Theft,2017,8,26,13,40,7XX GRANVILLE ST,Central Business District,491292.7916,5458742.3123
Other Theft,2017,8,29,11,40,7XX GRANVILLE ST,Central Business District,491292.7916,5458742.3123
Other Theft,2017,8,31,15,3,7XX GRANVILLE ST,Central Business District,491292.7916,5458742.3123
Other Theft,2017,8,31,15,7,7XX GRANVILLE ST,Central Business District,491292.7916,5458742.3123
Other Theft,2017,8,31,17,27,7XX GRANVILLE ST,Central Business District,491292.7916,5458742.3123
Other Theft,2017,9,4,19,31,7XX GRANVILLE ST,Central Business District,491292.7916,5458742.3123
Other Theft,2017,9,6,20,15,7XX GRANVILLE ST,Central Business District,491292.7916,5458742.3123
Other Theft,2017,9,13,14,21,7XX GRANVILLE ST,Central Business District,491292.7916,5458742.3123
Other Theft,2017,9,13,21,29,7XX GRANVILLE ST,Central Business District,491292.7916,5458742.3123
Other Theft,2017,9,15,17,5,7XX GRANVILLE ST,Central Business District,491292.7916,5458742.3123
Other Theft,2017,9,16,12,30,7XX GRANVILLE ST,Central Business District,491292.7916,5458742.3123
Other Theft,2017,9,18,17,48,7XX GRANVILLE ST,Central Business District,491292.7916,5458742.3123
Other Theft,2017,9,19,15,25,7XX GRANVILLE ST,Central Business District,491292.7916,5458742.3123
Other Theft,2017,9,21,14,15,7XX GRANVILLE ST,Central Business District,491292.7916,5458742.3123
Other Theft,2017,9,28,9,37,7XX GRANVILLE ST,Central Business District,491292.7916,5458742.3123
Other Theft,2017,9,28,20,45,7XX GRANVILLE ST,Central Business District,491292.7916,5458742.3123
Other Theft,2017,9,30,19,14,7XX GRANVILLE ST,Central Business District,491292.7916,5458742.3123
Other Theft,2017,10,3,18,21,7XX GRANVILLE ST,Central Business District,491292.7916,5458742.3123
Other Theft,2017,10,7,19,7,7XX GRANVILLE ST,Central Business District,491292.7916,5458742.3123
Other Theft,2017,10,10,11,35,7XX GRANVILLE ST,Central Business District,491292.7916,5458742.3123
Other Theft,2017,10,13,18,10,7XX GRANVILLE ST,Central Business District,491292.7916,5458742.3123
Other Theft,2017,10,14,15,56,7XX GRANVILLE ST,Central Business District,491292.7916,5458742.3123
Other Theft,2017,10,15,18,28,7XX GRANVILLE ST,Central Business District,491292.7916,5458742.3123
Other Theft,2017,10,15,19,0,7XX GRANVILLE ST,Central Business District,491292.7916,5458742.3123
Other Theft,2017,10,31,17,40,7XX GRANVILLE ST,Central Business District,491292.7916,5458742.3123
Other Theft,2017,11,1,20,29,7XX GRANVILLE ST,Central Business District,491292.7916,5458742.3123
Other Theft,2017,11,2,18,12,7XX GRANVILLE ST,Central Business District,491292.7916,5458742.3123
Other Theft,2017,11,10,13,25,7XX GRANVILLE ST,Central Business District,491292.7916,5458742.3123
Other Theft,2017,11,10,16,43,7XX GRANVILLE ST,Central Business District,491292.7916,5458742.3123
Other Theft,2017,11,11,21,6,7XX GRANVILLE ST,Central Business District,491292.7916,5458742.3123
Other Theft,2017,11,13,12,47,7XX GRANVILLE ST,Central Business District,491292.7916,5458742.3123
Other Theft,2017,11,13,18,32,7XX GRANVILLE ST,Central Business District,491292.7916,5458742.3123
Other Theft,2017,11,14,15,57,7XX GRANVILLE ST,Central Business District,491292.7916,5458742.3123
Other Theft,2017,11,18,16,15,7XX GRANVILLE ST,Central Business District,491292.7916,5458742.3123
Other Theft,2017,11,22,18,0,7XX GRANVILLE ST,Central Business District,491292.7916,5458742.3123
Other Theft,2017,11,29,19,35,7XX GRANVILLE ST,Central Business District,491292.7916,5458742.3123
Other Theft,2017,12,1,17,43,7XX GRANVILLE ST,Central Business District,491292.7916,5458742.3123
Other Theft,2017,12,5,16,5,7XX GRANVILLE ST,Central Business District,491292.7916,5458742.3123
Other Theft,2017,12,7,18,15,7XX GRANVILLE ST,Central Business District,491292.7916,5458742.3123
Other Theft,2017,12,8,15,2,7XX GRANVILLE ST,Central Business District,491292.7916,5458742.3123
Other Theft,2017,12,9,17,0,7XX GRANVILLE ST,Central Business District,491292.7916,5458742.3123
Other Theft,2017,12,12,12,10,7XX GRANVILLE ST,Central Business District,491292.7916,5458742.3123
Other Theft,2017,12,12,15,40,7XX GRANVILLE ST,Central Business District,491292.7916,5458742.3123
Other Theft,2017,12,12,17,36,7XX GRANVILLE ST,Central Business District,491292.7916,5458742.3123
Other Theft,2017,12,15,16,10,7XX GRANVILLE ST,Central Business District,491292.7916,5458742.3123
Other Theft,2017,12,16,17,17,7XX GRANVILLE ST,Central Business District,491292.7916,5458742.3123
Other Theft,2017,12,18,16,41,7XX GRANVILLE ST,Central Business District,491292.7916,5458742.3123
Other Theft,2017,12,19,20,27,7XX GRANVILLE ST,Central Business District,491292.7916,5458742.3123
Other Theft,2017,12,28,13,40,7XX GRANVILLE ST,Central Business District,491292.7916,5458742.3123
Other Theft,2017,12,30,18,52,7XX GRANVILLE ST,Central Business District,491292.7916,5458742.3123
Other Theft,2017,7,16,22,35,7XX GRANVILLE ST,Central Business District,491295.1387,5458744.6737
Other Theft,2017,1,3,16,29,7XX GRANVILLE ST,Central Business District,491295.2384,5458744.7745
Other Theft,2017,1,4,17,38,7XX GRANVILLE ST,Central Business District,491295.2384,5458744.7745
Other Theft,2017,1,13,15,8,7XX GRANVILLE ST,Central Business District,491295.2384,5458744.7745
Other Theft,2017,9,15,14,21,7XX GRANVILLE ST,Central Business District,491295.2384,5458744.7745
Other Theft,2017,10,27,16,45,7XX GRANVILLE ST,Central Business District,491295.2384,5458744.7745
Other Theft,2017,11,24,17,56,7XX GRANVILLE ST,Central Business District,491295.6946,5458758.2041
Other Theft,2017,12,2,17,20,7XX GRANVILLE ST,Central Business District,491295.6946,5458758.2041
Other Theft,2017,10,7,16,30,7XX GRANVILLE ST,Central Business District,491299.8329,5458749.3966
Other Theft,2017,10,20,19,9,7XX GRANVILLE ST,Central Business District,491299.8329,5458749.3966
Other Theft,2017,12,12,14,0,7XX GRANVILLE ST,Central Business District,491299.8329,5458749.3966
Other Theft,2017,12,15,18,10,7XX GRANVILLE ST,Central Business District,491299.8329,5458749.3966
Other Theft,2017,3,14,11,14,7XX GRANVILLE ST,Central Business District,491299.8329,5458749.3966
Other Theft,2017,11,11,18,45,7XX GRANVILLE ST,Central Business District,491302.18,5458751.758
Other Theft,2017,12,4,13,38,7XX GRANVILLE ST,Central Business District,491302.18,5458751.758
Other Theft,2017,7,18,15,43,7XX GRANVILLE ST,Central Business District,491323.3039,5458773.0109
Other Theft,2017,9,3,10,0,7XX GRANVILLE ST,Central Business District,491323.3039,5458773.0109
Other Theft,2017,6,1,19,36,7XX GRANVILLE ST,Central Business District,491327.9981,5458777.7338
Other Theft,2017,6,1,19,39,7XX GRANVILLE ST,Central Business District,491327.9981,5458777.7338
Other Theft,2017,5,13,17,26,7XX GRANVILLE ST,Central Business District,491330.3452,5458780.0952
Other Theft,2017,7,3,16,12,7XX GRANVILLE ST,Central Business District,491330.3452,5458780.0952
Other Theft,2017,7,18,11,20,7XX GRANVILLE ST,Central Business District,491330.3452,5458780.0952
Other Theft,2017,8,10,18,2,7XX GRANVILLE ST,Central Business District,491330.3452,5458780.0952
Other Theft,2017,12,2,20,0,7XX GRANVILLE ST,Central Business District,491330.3452,5458780.0952
Other Theft,2017,1,10,17,42,7XX GRANVILLE ST,Central Business District,491331.1941,5458780.9497
Other Theft,2017,4,29,19,45,7XX GRANVILLE ST,Central Business District,491335.0394,5458784.818
Other Theft,2017,5,7,14,5,7XX GRANVILLE ST,Central Business District,491335.0394,5458784.818
Other Theft,2017,5,12,14,38,7XX GRANVILLE ST,Central Business District,491335.0394,5458784.818
Other Theft,2017,6,17,20,31,7XX GRANVILLE ST,Central Business District,491335.0394,5458784.818
Other Theft,2017,9,13,15,38,7XX GRANVILLE ST,Central Business District,491335.0394,5458784.818
Other Theft,2017,9,14,15,31,7XX GRANVILLE ST,Central Business District,491335.0394,5458784.818
Other Theft,2017,9,5,12,55,7XX GRANVILLE ST,Central Business District,491358.5104,5458808.4324
Other Theft,2017,1,16,9,18,7XX GRANVILLE ST,Central Business District,491365.5518,5458815.5167
Other Theft,2017,3,21,9,36,7XX GRANVILLE ST,Central Business District,491365.5518,5458815.5167
Other Theft,2017,7,10,16,0,7XX GRANVILLE ST,Central Business District,491365.5518,5458815.5167
Other Theft,2017,8,24,11,0,7XX GRANVILLE ST,Central Business District,491365.5518,5458815.5167
Other Theft,2017,3,20,20,47,7XX GRANVILLE ST,Central Business District,491367.8989,5458817.8781
Other Theft,2017,10,6,17,2,7XX GRANVILLE ST,Central Business District,491367.8989,5458817.8781
Other Theft,2017,2,2,16,27,7XX GRANVILLE ST,Central Business District,491373.1489,5458836.1313
Other Theft,2017,3,7,13,25,7XX GRANVILLE ST,Central Business District,491373.1489,5458836.1313
Other Theft,2017,10,28,0,0,7XX GRANVILLE ST,Central Business District,491373.1489,5458836.1313
Other Theft,2017,1,14,9,0,7XX GRANVILLE ST,Central Business District,491382.8804,5458832.9515
Other Theft,2017,6,26,20,35,7XX GRANVILLE ST,Central Business District,491384.3286,5458834.4081
Other Theft,2017,7,19,17,5,7XX GRANVILLE ST,Central Business District,491384.3286,5458834.4081
Other Theft,2017,8,21,19,0,7XX GRANVILLE ST,Central Business District,491384.3286,5458834.4081
Other Theft,2017,9,4,15,10,7XX GRANVILLE ST,Central Business District,491384.3286,5458834.4081
Other Theft,2017,9,7,12,45,7XX GRANVILLE ST,Central Business District,491384.3286,5458834.4081
Other Theft,2017,11,29,17,27,7XX GRANVILLE ST,Central Business District,491384.3286,5458834.4081
Other Theft,2017,12,23,22,0,7XX GRANVILLE ST,Central Business District,491384.3286,5458834.4081
Other Theft,2017,1,1,17,45,7XX GRANVILLE ST,Central Business District,491394.1166,5458844.2562
Other Theft,2017,1,14,16,52,7XX GRANVILLE ST,Central Business District,491396.0641,5458846.2153
Other Theft,2017,1,15,18,0,7XX GRANVILLE ST,Central Business District,491396.0641,5458846.2153
Other Theft,2017,1,21,17,35,7XX GRANVILLE ST,Central Business District,491396.0641,5458846.2153
Other Theft,2017,1,29,14,59,7XX GRANVILLE ST,Central Business District,491396.0641,5458846.2153
Other Theft,2017,2,4,9,5,7XX GRANVILLE ST,Central Business District,491396.0641,5458846.2153
Other Theft,2017,2,4,14,28,7XX GRANVILLE ST,Central Business District,491396.0641,5458846.2153
Other Theft,2017,2,4,20,27,7XX GRANVILLE ST,Central Business District,491396.0641,5458846.2153
Other Theft,2017,2,6,17,20,7XX GRANVILLE ST,Central Business District,491396.0641,5458846.2153
Other Theft,2017,2,7,10,15,7XX GRANVILLE ST,Central Business District,491396.0641,5458846.2153
Other Theft,2017,2,7,15,22,7XX GRANVILLE ST,Central Business District,491396.0641,5458846.2153
Other Theft,2017,2,9,16,30,7XX GRANVILLE ST,Central Business District,491396.0641,5458846.2153
Other Theft,2017,2,11,15,21,7XX GRANVILLE ST,Central Business District,491396.0641,5458846.2153
Other Theft,2017,2,11,17,35,7XX GRANVILLE ST,Central Business District,491396.0641,5458846.2153
Other Theft,2017,2,12,15,11,7XX GRANVILLE ST,Central Business District,491396.0641,5458846.2153
Other Theft,2017,2,14,13,20,7XX GRANVILLE ST,Central Business District,491396.0641,5458846.2153
Other Theft,2017,2,15,17,55,7XX GRANVILLE ST,Central Business District,491396.0641,5458846.2153
Other Theft,2017,2,16,10,31,7XX GRANVILLE ST,Central Business District,491396.0641,5458846.2153
Other Theft,2017,2,16,11,51,7XX GRANVILLE ST,Central Business District,491396.0641,5458846.2153
Other Theft,2017,2,17,20,1,7XX GRANVILLE ST,Central Business District,491396.0641,5458846.2153
Other Theft,2017,2,18,17,19,7XX GRANVILLE ST,Central Business District,491396.0641,5458846.2153
Other Theft,2017,2,25,18,58,7XX GRANVILLE ST,Central Business District,491396.0641,5458846.2153
Other Theft,2017,2,25,19,7,7XX GRANVILLE ST,Central Business District,491396.0641,5458846.2153
Other Theft,2017,2,27,9,45,7XX GRANVILLE ST,Central Business District,491396.0641,5458846.2153
Other Theft,2017,3,3,18,34,7XX GRANVILLE ST,Central Business District,491396.0641,5458846.2153
Other Theft,2017,3,7,18,30,7XX GRANVILLE ST,Central Business District,491396.0641,5458846.2153
Other Theft,2017,3,10,19,20,7XX GRANVILLE ST,Central Business District,491396.0641,5458846.2153
Other Theft,2017,3,10,21,19,7XX GRANVILLE ST,Central Business District,491396.0641,5458846.2153
Other Theft,2017,3,18,14,46,7XX GRANVILLE ST,Central Business District,491396.0641,5458846.2153
Other Theft,2017,3,20,13,45,7XX GRANVILLE ST,Central Business District,491396.0641,5458846.2153
Other Theft,2017,3,24,17,56,7XX GRANVILLE ST,Central Business District,491396.0641,5458846.2153
Other Theft,2017,3,25,16,30,7XX GRANVILLE ST,Central Business District,491396.0641,5458846.2153
Other Theft,2017,3,26,12,27,7XX GRANVILLE ST,Central Business District,491396.0641,5458846.2153
Other Theft,2017,3,28,13,0,7XX GRANVILLE ST,Central Business District,491396.0641,5458846.2153
Other Theft,2017,3,31,8,47,7XX GRANVILLE ST,Central Business District,491396.0641,5458846.2153
Other Theft,2017,4,1,18,45,7XX GRANVILLE ST,Central Business District,491396.0641,5458846.2153
Other Theft,2017,4,2,12,30,7XX GRANVILLE ST,Central Business District,491396.0641,5458846.2153
Other Theft,2017,4,2,18,13,7XX GRANVILLE ST,Central Business District,491396.0641,5458846.2153
Other Theft,2017,4,5,16,28,7XX GRANVILLE ST,Central Business District,491396.0641,5458846.2153
Other Theft,2017,4,7,18,12,7XX GRANVILLE ST,Central Business District,491396.0641,5458846.2153
Other Theft,2017,4,14,17,24,7XX GRANVILLE ST,Central Business District,491396.0641,5458846.2153
Other Theft,2017,4,16,14,55,7XX GRANVILLE ST,Central Business District,491396.0641,5458846.2153
Other Theft,2017,4,22,18,52,7XX GRANVILLE ST,Central Business District,491396.0641,5458846.2153
Other Theft,2017,4,26,11,58,7XX GRANVILLE ST,Central Business District,491396.0641,5458846.2153
Other Theft,2017,4,27,20,4,7XX GRANVILLE ST,Central Business District,491396.0641,5458846.2153
Other Theft,2017,5,6,16,45,7XX GRANVILLE ST,Central Business District,491396.0641,5458846.2153
Other Theft,2017,5,7,17,8,7XX GRANVILLE ST,Central Business District,491396.0641,5458846.2153
Other Theft,2017,5,9,15,53,7XX GRANVILLE ST,Central Business District,491396.0641,5458846.2153
Other Theft,2017,5,11,15,21,7XX GRANVILLE ST,Central Business District,491396.0641,5458846.2153
Other Theft,2017,5,14,16,18,7XX GRANVILLE ST,Central Business District,491396.0641,5458846.2153
Other Theft,2017,5,14,16,55,7XX GRANVILLE ST,Central Business District,491396.0641,5458846.2153
Other Theft,2017,5,20,16,23,7XX GRANVILLE ST,Central Business District,491396.0641,5458846.2153
Other Theft,2017,5,21,16,4,7XX GRANVILLE ST,Central Business District,491396.0641,5458846.2153
Other Theft,2017,5,21,18,41,7XX GRANVILLE ST,Central Business District,491396.0641,5458846.2153
Other Theft,2017,5,22,15,56,7XX GRANVILLE ST,Central Business District,491396.0641,5458846.2153
Other Theft,2017,5,22,20,52,7XX GRANVILLE ST,Central Business District,491396.0641,5458846.2153
Other Theft,2017,5,26,15,35,7XX GRANVILLE ST,Central Business District,491396.0641,5458846.2153
Other Theft,2017,5,27,21,50,7XX GRANVILLE ST,Central Business District,491396.0641,5458846.2153
Other Theft,2017,5,28,16,43,7XX GRANVILLE ST,Central Business District,491396.0641,5458846.2153
Other Theft,2017,6,2,15,44,7XX GRANVILLE ST,Central Business District,491396.0641,5458846.2153
Other Theft,2017,6,4,16,41,7XX GRANVILLE ST,Central Business District,491396.0641,5458846.2153
Other Theft,2017,6,5,18,18,7XX GRANVILLE ST,Central Business District,491396.0641,5458846.2153
Other Theft,2017,6,9,15,34,7XX GRANVILLE ST,Central Business District,491396.0641,5458846.2153
Other Theft,2017,6,12,14,7,7XX GRANVILLE ST,Central Business District,491396.0641,5458846.2153
Other Theft,2017,6,17,16,35,7XX GRANVILLE ST,Central Business District,491396.0641,5458846.2153
Other Theft,2017,6,24,18,48,7XX GRANVILLE ST,Central Business District,491396.0641,5458846.2153
Other Theft,2017,6,25,12,34,7XX GRANVILLE ST,Central Business District,491396.0641,5458846.2153
Other Theft,2017,6,29,9,19,7XX GRANVILLE ST,Central Business District,491396.0641,5458846.2153
Other Theft,2017,7,7,19,47,7XX GRANVILLE ST,Central Business District,491396.0641,5458846.2153
Other Theft,2017,7,7,22,33,7XX GRANVILLE ST,Central Business District,491396.0641,5458846.2153
Other Theft,2017,7,8,16,6,7XX GRANVILLE ST,Central Business District,491396.0641,5458846.2153
Other Theft,2017,7,8,19,13,7XX GRANVILLE ST,Central Business District,491396.0641,5458846.2153
Other Theft,2017,7,8,20,14,7XX GRANVILLE ST,Central Business District,491396.0641,5458846.2153
Other Theft,2017,7,10,20,56,7XX GRANVILLE ST,Central Business District,491396.0641,5458846.2153
Other Theft,2017,7,13,8,31,7XX GRANVILLE ST,Central Business District,491396.0641,5458846.2153
Other Theft,2017,7,14,20,47,7XX GRANVILLE ST,Central Business District,491396.0641,5458846.2153
Other Theft,2017,7,16,15,0,7XX GRANVILLE ST,Central Business District,491396.0641,5458846.2153
Other Theft,2017,7,23,14,52,7XX GRANVILLE ST,Central Business District,491396.0641,5458846.2153
Other Theft,2017,7,25,19,33,7XX GRANVILLE ST,Central Business District,491396.0641,5458846.2153
Other Theft,2017,8,2,17,24,7XX GRANVILLE ST,Central Business District,491396.0641,5458846.2153
Other Theft,2017,8,11,11,45,7XX GRANVILLE ST,Central Business District,491396.0641,5458846.2153
Other Theft,2017,8,18,10,0,7XX GRANVILLE ST,Central Business District,491396.0641,5458846.2153
Other Theft,2017,8,20,16,20,7XX GRANVILLE ST,Central Business District,491396.0641,5458846.2153
Other Theft,2017,8,23,11,20,7XX GRANVILLE ST,Central Business District,491396.0641,5458846.2153
Other Theft,2017,8,25,20,57,7XX GRANVILLE ST,Central Business District,491396.0641,5458846.2153
Other Theft,2017,8,26,14,43,7XX GRANVILLE ST,Central Business District,491396.0641,5458846.2153
Other Theft,2017,8,31,17,0,7XX GRANVILLE ST,Central Business District,491396.0641,5458846.2153
Other Theft,2017,9,1,18,44,7XX GRANVILLE ST,Central Business District,491396.0641,5458846.2153
Other Theft,2017,9,3,16,28,7XX GRANVILLE ST,Central Business District,491396.0641,5458846.2153
Other Theft,2017,9,6,12,26,7XX GRANVILLE ST,Central Business District,491396.0641,5458846.2153
Other Theft,2017,9,22,16,0,7XX GRANVILLE ST,Central Business District,491396.0641,5458846.2153
Other Theft,2017,10,8,13,16,7XX GRANVILLE ST,Central Business District,491396.0641,5458846.2153
Other Theft,2017,10,14,19,54,7XX GRANVILLE ST,Central Business District,491396.0641,5458846.2153
Other Theft,2017,10,30,12,42,7XX GRANVILLE ST,Central Business District,491396.0641,5458846.2153
Other Theft,2017,10,30,12,45,7XX GRANVILLE ST,Central Business District,491396.0641,5458846.2153
Other Theft,2017,11,4,18,45,7XX GRANVILLE ST,Central Business District,491396.0641,5458846.2153
Other Theft,2017,11,4,19,15,7XX GRANVILLE ST,Central Business District,491396.0641,5458846.2153
Other Theft,2017,11,5,19,16,7XX GRANVILLE ST,Central Business District,491396.0641,5458846.2153
Other Theft,2017,11,7,15,44,7XX GRANVILLE ST,Central Business District,491396.0641,5458846.2153
Other Theft,2017,11,8,13,21,7XX GRANVILLE ST,Central Business District,491396.0641,5458846.2153
Other Theft,2017,11,12,13,36,7XX GRANVILLE ST,Central Business District,491396.0641,5458846.2153
Other Theft,2017,11,16,15,3,7XX GRANVILLE ST,Central Business District,491396.0641,5458846.2153
Other Theft,2017,11,17,19,13,7XX GRANVILLE ST,Central Business District,491396.0641,5458846.2153
Other Theft,2017,11,19,14,18,7XX GRANVILLE ST,Central Business District,491396.0641,5458846.2153
Other Theft,2017,11,21,19,3,7XX GRANVILLE ST,Central Business District,491396.0641,5458846.2153
Other Theft,2017,11,24,20,17,7XX GRANVILLE ST,Central Business District,491396.0641,5458846.2153
Other Theft,2017,11,25,19,5,7XX GRANVILLE ST,Central Business District,491396.0641,5458846.2153
Other Theft,2017,11,29,21,53,7XX GRANVILLE ST,Central Business District,491396.0641,5458846.2153
Other Theft,2017,12,2,14,59,7XX GRANVILLE ST,Central Business District,491396.0641,5458846.2153
Other Theft,2017,12,3,11,9,7XX GRANVILLE ST,Central Business District,491396.0641,5458846.2153
Other Theft,2017,12,3,17,5,7XX GRANVILLE ST,Central Business District,491396.0641,5458846.2153
Other Theft,2017,12,4,20,11,7XX GRANVILLE ST,Central Business District,491396.0641,5458846.2153
Other Theft,2017,12,7,15,47,7XX GRANVILLE ST,Central Business District,491396.0641,5458846.2153
Other Theft,2017,12,9,15,53,7XX GRANVILLE ST,Central Business District,491396.0641,5458846.2153
Other Theft,2017,12,10,11,12,7XX GRANVILLE ST,Central Business District,491396.0641,5458846.2153
Other Theft,2017,12,13,15,1,7XX GRANVILLE ST,Central Business District,491396.0641,5458846.2153
Other Theft,2017,12,13,19,35,7XX GRANVILLE ST,Central Business District,491396.0641,5458846.2153
Other Theft,2017,12,17,19,40,7XX GRANVILLE ST,Central Business District,491396.0641,5458846.2153
Other Theft,2017,12,19,14,4,7XX GRANVILLE ST,Central Business District,491396.0641,5458846.2153
Other Theft,2017,12,23,17,17,7XX GRANVILLE ST,Central Business District,491396.0641,5458846.2153
Other Theft,2017,12,26,15,25,7XX GRANVILLE ST,Central Business District,491396.0641,5458846.2153
Other Theft,2017,12,29,15,7,7XX GRANVILLE ST,Central Business District,491396.0641,5458846.2153
Other Theft,2017,12,31,11,57,7XX GRANVILLE ST,Central Business District,491396.0641,5458846.2153
Other Theft,2017,7,1,12,0,7XX GRANVILLE ST,Central Business District,491398.4112,5458848.5767
Other Theft,2017,8,28,13,48,7XX GRANVILLE ST,Central Business District,491401.3141,5458864.4685
Other Theft,2017,9,13,12,32,7XX GRANVILLE ST,Central Business District,491401.3141,5458864.4685
Other Theft,2017,3,12,22,0,7XX GRANVILLE ST,Central Business District,491407.7996,5458858.0224
Other Theft,2017,4,20,15,0,7XX GRANVILLE ST,Central Business District,491407.7996,5458858.0224
Other Theft,2017,8,25,21,27,7XX GRANVILLE ST,Central Business District,491407.7996,5458858.0224
Other Theft,2017,10,15,18,0,7XX GRANVILLE ST,Central Business District,491407.7996,5458858.0224
Other Theft,2017,11,24,17,40,7XX GRANVILLE ST,Central Business District,491407.7996,5458858.0224
Other Theft,2017,12,6,14,36,7XX GRANVILLE ST,Central Business District,491407.7996,5458858.0224
Other Theft,2017,11,16,15,0,7XX GREAT NORTHERN WAY,Strathcona,493528.0207,5457109.9159
Other Theft,2017,1,22,0,0,7XX GREAT NORTHERN WAY,Mount Pleasant,493654.453,5457063.1898
Other Theft,2017,5,15,22,10,7XX HAMILTON ST,Central Business District,491689.4646,5458575.2113
Other Theft,2017,8,28,10,23,7XX HAMILTON ST,Central Business District,491689.4646,5458575.2113
Other Theft,2017,10,24,11,30,7XX HAMILTON ST,Central Business District,491689.4646,5458575.2113
Other Theft,2017,11,6,10,2,7XX HAMILTON ST,Central Business District,491689.4646,5458575.2113
Other Theft,2017,9,9,11,0,7XX HEATLEY AVE,Strathcona,493482.6193,5458388.6883
Other Theft,2017,10,18,21,42,7XX HELMCKEN ST,Central Business District,490932.5209,5458388.1695
Other Theft,2017,7,3,22,30,7XX HOMER ST,Central Business District,491518.0444,5458556.5176
Other Theft,2017,7,8,20,47,7XX HOMER ST,Central Business District,491518.0444,5458556.5176
Other Theft,2017,10,9,17,12,7XX HOMER ST,Central Business District,491518.0444,5458556.5176
Other Theft,2017,4,12,16,27,7XX HOMER ST,Central Business District,491620.5714,5458646.3398
Other Theft,2017,2,8,14,9,7XX HORNBY ST,Central Business District,491184.6314,5458931.0116
Other Theft,2017,2,2,16,30,7XX HORNBY ST,Central Business District,491207.4632,5458941.1901
Other Theft,2017,7,22,17,15,7XX HORNBY ST,Central Business District,491207.4632,5458941.1901
Other Theft,2017,7,31,14,0,7XX HORNBY ST,Central Business District,491207.4632,5458941.1901
Other Theft,2017,11,25,16,0,7XX HORNBY ST,Central Business District,491207.4632,5458941.1901
Other Theft,2017,12,9,16,0,7XX HORNBY ST,Central Business District,491207.4632,5458941.1901
Other Theft,2017,6,21,3,0,7XX HORNBY ST,Central Business District,491265.7192,5459000.4383
Other Theft,2017,7,19,16,44,7XX HOWE ST,Central Business District,491230.1861,5458826.7119
Other Theft,2017,4,14,23,8,7XX JERVIS ST,West End,490775.7909,5459490.5289
Other Theft,2017,11,21,2,0,7XX KEEFER ST,Strathcona,493506.14,5458503.5879
Other Theft,2017,8,3,14,4,7XX KINGSWAY AVE,Mount Pleasant,493470.0245,5455998.5406
Other Theft,2017,10,8,12,0,7XX MAIN ST,Central Business District,492736.5846,5458390.7263
Other Theft,2017,5,6,21,0,7XX MAIN ST,Strathcona,492747.721,5458426.6466
Other Theft,2017,5,9,18,0,7XX MAIN ST,Strathcona,492747.721,5458426.6466
Other Theft,2017,8,26,1,0,7XX MAIN ST,Strathcona,492747.721,5458426.6466
Other Theft,2017,11,14,11,8,7XX MAIN ST,Strathcona,492747.721,5458426.6466
Other Theft,2017,4,17,19,40,7XX NATIONAL AVE,Strathcona,493662.463,5457773.8736
Other Theft,2017,10,14,12,0,7XX NELSON ST,Central Business District,491014.3644,5458550.3313
Other Theft,2017,11,18,1,30,7XX NELSON ST,Central Business District,491033.9897,5458517.5574
Other Theft,2017,11,2,16,56,7XX NELSON ST,Central Business District,491043.2907,5458521.1645
Other Theft,2017,6,11,2,12,7XX NELSON ST,Central Business District,491046.628,5458504.814
Other Theft,2017,10,14,16,0,7XX NELSON ST,Central Business District,491046.628,5458504.814
Other Theft,2017,4,11,10,49,7XX NICOLA ST,West End,490473.2674,5459568.327
Other Theft,2017,3,12,12,0,7XX PACIFIC BLVD,Central Business District,491970.8693,5458157.5031
Other Theft,2017,5,23,20,20,7XX PACIFIC BLVD,Central Business District,491970.8693,5458157.5031
Other Theft,2017,7,10,19,0,7XX PACIFIC BLVD,Central Business District,491970.8693,5458157.5031
Other Theft,2017,7,21,18,0,7XX PACIFIC BLVD,Central Business District,491970.8693,5458157.5031
Other Theft,2017,9,29,22,15,7XX PACIFIC BLVD,Central Business District,491970.8693,5458157.5031
Other Theft,2017,12,27,19,30,7XX PACIFIC BLVD,Central Business District,491970.8693,5458157.5031
Other Theft,2017,4,26,11,7,7XX PACIFIC BLVD,Central Business District,491996.1662,5458165.9181
Other Theft,2017,9,28,19,25,7XX PACIFIC BLVD,Central Business District,491996.1662,5458165.9181
Other Theft,2017,4,11,6,30,7XX PACIFIC BLVD,Central Business District,491996.1662,5458165.9181
Other Theft,2017,1,1,3,50,7XX PACIFIC BLVD,Central Business District,492008.4222,5458175.6527
Other Theft,2017,2,5,16,21,7XX PACIFIC BLVD,Central Business District,492008.4222,5458175.6527
Other Theft,2017,2,8,12,46,7XX PACIFIC BLVD,Central Business District,492008.4222,5458175.6527
Other Theft,2017,2,26,22,50,7XX PACIFIC BLVD,Central Business District,492008.4222,5458175.6527
Other Theft,2017,3,10,23,30,7XX PACIFIC BLVD,Central Business District,492008.4222,5458175.6527
Other Theft,2017,4,10,0,0,7XX PACIFIC BLVD,Central Business District,492008.4222,5458175.6527
Other Theft,2017,4,12,13,13,7XX PACIFIC BLVD,Central Business District,492008.4222,5458175.6527
Other Theft,2017,4,14,19,0,7XX PACIFIC BLVD,Central Business District,492008.4222,5458175.6527
Other Theft,2017,4,30,2,54,7XX PACIFIC BLVD,Central Business District,492008.4222,5458175.6527
Other Theft,2017,5,4,3,9,7XX PACIFIC BLVD,Central Business District,492008.4222,5458175.6527
Other Theft,2017,4,12,23,9,7XX PACIFIC BLVD,Central Business District,492008.4222,5458175.6527
Other Theft,2017,7,2,23,0,7XX PACIFIC BLVD,Central Business District,492008.4222,5458175.6527
Other Theft,2017,7,19,5,16,7XX PACIFIC BLVD,Central Business District,492008.4222,5458175.6527
Other Theft,2017,7,29,2,0,7XX PACIFIC BLVD,Central Business District,492008.4222,5458175.6527
Other Theft,2017,8,7,0,30,7XX PACIFIC BLVD,Central Business District,492008.4222,5458175.6527
Other Theft,2017,8,12,3,0,7XX PACIFIC BLVD,Central Business District,492008.4222,5458175.6527
Other Theft,2017,8,19,12,3,7XX PACIFIC BLVD,Central Business District,492008.4222,5458175.6527
Other Theft,2017,9,26,19,0,7XX PACIFIC BLVD,Central Business District,492008.4222,5458175.6527
Other Theft,2017,11,26,0,0,7XX PACIFIC BLVD,Central Business District,492008.4222,5458175.6527
Other Theft,2017,12,9,2,0,7XX PACIFIC BLVD,Central Business District,492008.4222,5458175.6527
Other Theft,2017,12,13,6,21,7XX PACIFIC BLVD,Central Business District,492008.4222,5458175.6527
Other Theft,2017,12,27,23,0,7XX PACIFIC ST,Central Business District,490538.1566,5458100.1864
Other Theft,2017,7,14,23,0,7XX POWELL ST,Strathcona,493498.7925,5458915.4228
Other Theft,2017,7,27,12,0,7XX PRIOR ST,Strathcona,493621.1163,5458207.5769
Other Theft,2017,6,15,9,55,7XX RICHARDS ST,Central Business District,491511.4422,5458679.6615
Other Theft,2017,7,16,16,53,7XX ROBSON ST,Central Business District,491215.2345,5458804.338
Other Theft,2017,2,4,17,49,7XX ROBSON ST,Central Business District,491215.7446,5458816.612
Other Theft,2017,2,5,18,58,7XX ROBSON ST,Central Business District,491215.7446,5458816.612
Other Theft,2017,2,13,13,33,7XX ROBSON ST,Central Business District,491215.7446,5458816.612
Other Theft,2017,3,3,15,21,7XX ROBSON ST,Central Business District,491215.7446,5458816.612
Other Theft,2017,4,18,11,35,7XX ROBSON ST,Central Business District,491215.7446,5458816.612
Other Theft,2017,4,27,18,24,7XX ROBSON ST,Central Business District,491215.7446,5458816.612
Other Theft,2017,4,29,19,50,7XX ROBSON ST,Central Business District,491215.7446,5458816.612
Other Theft,2017,5,3,11,0,7XX ROBSON ST,Central Business District,491215.7446,5458816.612
Other Theft,2017,5,5,17,45,7XX ROBSON ST,Central Business District,491215.7446,5458816.612
Other Theft,2017,5,7,19,56,7XX ROBSON ST,Central Business District,491215.7446,5458816.612
Other Theft,2017,5,9,18,24,7XX ROBSON ST,Central Business District,491215.7446,5458816.612
Other Theft,2017,5,10,20,46,7XX ROBSON ST,Central Business District,491215.7446,5458816.612
Other Theft,2017,5,12,21,51,7XX ROBSON ST,Central Business District,491215.7446,5458816.612
Other Theft,2017,5,14,16,1,7XX ROBSON ST,Central Business District,491215.7446,5458816.612
Other Theft,2017,5,16,22,4,7XX ROBSON ST,Central Business District,491215.7446,5458816.612
Other Theft,2017,5,17,19,20,7XX ROBSON ST,Central Business District,491215.7446,5458816.612
Other Theft,2017,5,19,22,7,7XX ROBSON ST,Central Business District,491215.7446,5458816.612
Other Theft,2017,5,28,15,10,7XX ROBSON ST,Central Business District,491215.7446,5458816.612
Other Theft,2017,6,4,20,55,7XX ROBSON ST,Central Business District,491215.7446,5458816.612
Other Theft,2017,6,19,15,38,7XX ROBSON ST,Central Business District,491215.7446,5458816.612
Other Theft,2017,6,23,14,50,7XX ROBSON ST,Central Business District,491215.7446,5458816.612
Other Theft,2017,7,1,18,35,7XX ROBSON ST,Central Business District,491215.7446,5458816.612
Other Theft,2017,7,5,16,11,7XX ROBSON ST,Central Business District,491215.7446,5458816.612
Other Theft,2017,7,10,21,46,7XX ROBSON ST,Central Business District,491215.7446,5458816.612
Other Theft,2017,7,11,15,30,7XX ROBSON ST,Central Business District,491215.7446,5458816.612
Other Theft,2017,7,11,19,41,7XX ROBSON ST,Central Business District,491215.7446,5458816.612
Other Theft,2017,7,16,17,5,7XX ROBSON ST,Central Business District,491215.7446,5458816.612
Other Theft,2017,7,20,19,58,7XX ROBSON ST,Central Business District,491215.7446,5458816.612
Other Theft,2017,8,14,15,0,7XX ROBSON ST,Central Business District,491215.7446,5458816.612
Other Theft,2017,8,15,17,53,7XX ROBSON ST,Central Business District,491215.7446,5458816.612
Other Theft,2017,8,26,9,40,7XX ROBSON ST,Central Business District,491215.7446,5458816.612
Other Theft,2017,9,8,21,40,7XX ROBSON ST,Central Business District,491215.7446,5458816.612
Other Theft,2017,9,13,19,59,7XX ROBSON ST,Central Business District,491215.7446,5458816.612
Other Theft,2017,9,22,15,0,7XX ROBSON ST,Central Business District,491215.7446,5458816.612
Other Theft,2017,9,24,18,6,7XX ROBSON ST,Central Business District,491215.7446,5458816.612
Other Theft,2017,9,27,18,41,7XX ROBSON ST,Central Business District,491215.7446,5458816.612
Other Theft,2017,10,7,16,0,7XX ROBSON ST,Central Business District,491215.7446,5458816.612
Other Theft,2017,10,11,19,49,7XX ROBSON ST,Central Business District,491215.7446,5458816.612
Other Theft,2017,10,14,15,45,7XX ROBSON ST,Central Business District,491215.7446,5458816.612
Other Theft,2017,10,19,17,26,7XX ROBSON ST,Central Business District,491215.7446,5458816.612
Other Theft,2017,10,19,17,45,7XX ROBSON ST,Central Business District,491215.7446,5458816.612
Other Theft,2017,10,22,19,17,7XX ROBSON ST,Central Business District,491215.7446,5458816.612
Other Theft,2017,11,1,15,6,7XX ROBSON ST,Central Business District,491215.7446,5458816.612
Other Theft,2017,11,10,10,58,7XX ROBSON ST,Central Business District,491215.7446,5458816.612
Other Theft,2017,11,17,22,50,7XX ROBSON ST,Central Business District,491215.7446,5458816.612
Other Theft,2017,11,21,13,35,7XX ROBSON ST,Central Business District,491215.7446,5458816.612
Other Theft,2017,12,3,20,4,7XX ROBSON ST,Central Business District,491215.7446,5458816.612
Other Theft,2017,12,15,22,57,7XX ROBSON ST,Central Business District,491215.7446,5458816.612
Other Theft,2017,12,17,17,59,7XX ROBSON ST,Central Business District,491215.7446,5458816.612
Other Theft,2017,12,17,18,45,7XX ROBSON ST,Central Business District,491215.7446,5458816.612
Other Theft,2017,12,19,13,4,7XX ROBSON ST,Central Business District,491215.7446,5458816.612
Other Theft,2017,12,24,11,18,7XX ROBSON ST,Central Business District,491215.7446,5458816.612
Other Theft,2017,12,29,21,29,7XX ROBSON ST,Central Business District,491215.7446,5458816.612
Other Theft,2017,12,30,15,10,7XX ROBSON ST,Central Business District,491215.7446,5458816.612
Other Theft,2017,12,30,19,34,7XX ROBSON ST,Central Business District,491215.7446,5458816.612
Other Theft,2017,3,8,21,34,7XX ROBSON ST,Central Business District,491216.7029,5458802.9062
Other Theft,2017,3,26,15,52,7XX ROBSON ST,Central Business District,491216.7029,5458802.9062
Other Theft,2017,1,3,17,31,7XX ROBSON ST,Central Business District,491218.3872,5458814.0352
Other Theft,2017,5,7,5,20,7XX ROBSON ST,Central Business District,491224.0448,5458795.7473
Other Theft,2017,10,13,6,0,7XX ROBSON ST,Central Business District,491224.0448,5458795.7473
Other Theft,2017,1,4,13,6,7XX ROBSON ST,Central Business District,491273.4999,5458747.5265
Other Theft,2017,4,13,13,58,7XX ROBSON ST,Central Business District,491273.4999,5458747.5265
Other Theft,2017,1,29,10,0,7XX ROBSON ST,Central Business District,491275.7458,5458745.3365
Other Theft,2017,2,1,14,20,7XX ROBSON ST,Central Business District,491275.7458,5458745.3365
Other Theft,2017,4,2,16,5,7XX ROBSON ST,Central Business District,491275.7458,5458745.3365
Other Theft,2017,4,5,15,46,7XX ROBSON ST,Central Business District,491275.7458,5458745.3365
Other Theft,2017,4,13,17,14,7XX ROBSON ST,Central Business District,491275.7458,5458745.3365
Other Theft,2017,5,17,19,50,7XX ROBSON ST,Central Business District,491275.7458,5458745.3365
Other Theft,2017,6,3,16,0,7XX ROBSON ST,Central Business District,491275.7458,5458745.3365
Other Theft,2017,7,2,20,23,7XX ROBSON ST,Central Business District,491275.7458,5458745.3365
Other Theft,2017,9,5,14,27,7XX ROBSON ST,Central Business District,491275.7458,5458745.3365
Other Theft,2017,12,25,19,0,7XX ROBSON ST,Central Business District,491281.5324,5458739.6944
Other Theft,2017,2,13,18,40,7XX SE MARINE DR,Sunset,493463.3204,5450929.9212
Other Theft,2017,12,27,8,0,7XX SE MARINE DR,Sunset,493493.7827,5450930.5035
Other Theft,2017,5,4,8,27,7XX SEYMOUR ST,Central Business District,491397.2658,5458714.3831
Other Theft,2017,4,26,21,30,7XX SEYMOUR ST,Central Business District,491410.7285,5458715.0088
Other Theft,2017,9,29,19,16,7XX SEYMOUR ST,Central Business District,491410.7285,5458715.0088
Other Theft,2017,10,5,18,45,7XX SEYMOUR ST,Central Business District,491410.7285,5458715.0088
Other Theft,2017,11,5,18,36,7XX SMITHE ST,Central Business District,491154.8755,5458635.2496
Other Theft,2017,11,8,0,0,7XX SMITHE ST,Central Business District,491154.8755,5458635.2496
Other Theft,2017,4,24,13,31,7XX SMITHE ST,Central Business District,491166.6234,5458623.8512
Other Theft,2017,10,27,22,0,7XX SMITHE ST,Central Business District,491166.6234,5458623.8512
Other Theft,2017,4,21,9,27,7XX SW MARINE DR,Marpole,491118.3753,5450610.0671
Other Theft,2017,9,13,8,40,7XX TEMPLETON DR,Grandview-Woodland,495645.2791,5458368.444
Other Theft,2017,1,28,15,30,7XX TERMINAL AVE,Strathcona,493541.2994,5457587.2146
Other Theft,2017,2,12,8,45,7XX TERMINAL AVE,Strathcona,493541.2994,5457587.2146
Other Theft,2017,3,5,15,0,7XX TERMINAL AVE,Strathcona,493541.2994,5457587.2146
Other Theft,2017,4,1,9,0,7XX TERMINAL AVE,Strathcona,493541.2994,5457587.2146
Other Theft,2017,10,7,15,30,7XX TERMINAL AVE,Strathcona,493541.2994,5457587.2146
Other Theft,2017,11,5,18,0,7XX TERMINAL AVE,Strathcona,493541.2994,5457587.2146
Other Theft,2017,1,24,8,0,7XX TERMINAL AVE,Strathcona,493619.4349,5457566.9179
Other Theft,2017,3,21,18,48,7XX TERMINAL AVE,Strathcona,493619.4349,5457566.9179
Other Theft,2017,4,15,20,30,7XX TERMINAL AVE,Strathcona,493619.4349,5457566.9179
Other Theft,2017,5,8,17,25,7XX THURLOW ST,West End,490967.1495,5459154.9226
Other Theft,2017,12,10,16,18,7XX THURLOW ST,West End,490967.1495,5459154.9226
Other Theft,2017,7,25,9,16,7XX THURLOW ST,West End,490967.2885,5459155.0621
Other Theft,2017,9,8,16,0,7XX THURLOW ST,West End,490968.9291,5459156.7066
Other Theft,2017,5,4,17,3,7XX THURLOW ST,West End,490968.9291,5459156.7066
Other Theft,2017,5,16,17,33,7XX THURLOW ST,West End,490968.9291,5459156.7066
Other Theft,2017,11,6,14,15,7XX THURLOW ST,West End,490971.8439,5459146.6809
Other Theft,2017,3,29,11,25,7XX THURLOW ST,West End,490973.6234,5459148.4649
Other Theft,2017,2,10,16,0,7XX THURLOW ST,West End,491005.6558,5459180.5778
Other Theft,2017,2,14,15,36,7XX THURLOW ST,West End,491005.6558,5459180.5778
Other Theft,2017,3,6,16,35,7XX THURLOW ST,West End,491005.6558,5459180.5778
Other Theft,2017,7,9,16,15,7XX THURLOW ST,West End,491005.6558,5459180.5778
Other Theft,2017,8,16,14,19,7XX THURLOW ST,West End,491005.6558,5459180.5778
Other Theft,2017,1,2,18,19,7XX THURLOW ST,West End,491008.0821,5459182.9941
Other Theft,2017,7,3,18,52,7XX THURLOW ST,West End,491008.0821,5459182.9941
Other Theft,2017,5,4,19,0,7XX UNION ST,Strathcona,493532.042,5458300.9489
Other Theft,2017,3,22,0,40,7XX VICTORIA DR,Grandview-Woodland,495223.2221,5458390.6143
Other Theft,2017,6,22,18,30,7XX W 12TH AVE,Fairview,491176.2699,5456428.3351
Other Theft,2017,2,16,10,48,7XX W 12TH AVE,Fairview,491249.394,5456426.7873
Other Theft,2017,12,11,17,0,7XX W 13TH AVE,Fairview,491217.4462,5456310.2756
Other Theft,2017,1,16,0,0,7XX W 13TH AVE,Fairview,491256.4972,5456309.4279
Other Theft,2017,4,4,22,29,7XX W 15TH AVE,Fairview,491166.4006,5456118.1355
Other Theft,2017,7,4,16,0,7XX W 27TH AVE,South Cambie,491167.4421,5454939.8796
Other Theft,2017,8,29,20,0,7XX W 50TH AVE,Oakridge,491124.8544,5452525.212
Other Theft,2017,1,13,12,45,7XX W 59TH AVE,Marpole,491197.6541,5451589.9987
Other Theft,2017,5,16,8,46,7XX W 63RD AVE,Marpole,491030.8111,5451182.9724
Other Theft,2017,2,18,15,0,7XX W 63RD AVE,Marpole,491041.6168,5451182.7458
Other Theft,2017,3,27,13,5,7XX W 64TH AVE,Marpole,491110.4258,5451071.0695
Other Theft,2017,2,5,14,4,7XX W 70TH AVE,Marpole,491046.3043,5450615.3908
Other Theft,2017,4,26,14,0,7XX W 8TH AVE,Fairview,491255.8333,5456839.955
Other Theft,2017,6,30,10,0,7XX W BROADWAY AVE,Fairview,491251.1309,5456728.5207
Other Theft,2017,4,9,16,53,7XX W CORDOVA ST,Central Business District,491787.3366,5459251.0829
Other Theft,2017,3,1,1,4,7XX W GEORGIA ST,Central Business District,491345.4329,5458933.3313
Other Theft,2017,6,12,17,9,7XX W GEORGIA ST,Central Business District,491345.4329,5458933.3313
Other Theft,2017,7,5,10,0,7XX W GEORGIA ST,Central Business District,491345.4329,5458933.3313
Other Theft,2017,8,7,17,14,7XX W GEORGIA ST,Central Business District,491345.4329,5458933.3313
Other Theft,2017,9,3,15,8,7XX W GEORGIA ST,Central Business District,491345.4329,5458933.3313
Other Theft,2017,11,2,20,0,7XX W GEORGIA ST,Central Business District,491345.4329,5458933.3313
Other Theft,2017,11,3,7,10,7XX W GEORGIA ST,Central Business District,491345.4329,5458933.3313
Other Theft,2017,12,5,23,15,7XX W GEORGIA ST,Central Business District,491392.2116,5458887.1672
Other Theft,2017,9,3,18,43,7XX W GEORGIA ST,Central Business District,491395.7114,5458870.8664
Other Theft,2017,1,14,15,48,7XX W GEORGIA ST,Central Business District,491401.3214,5458865.3307
Other Theft,2017,1,21,16,9,7XX W GEORGIA ST,Central Business District,491401.3214,5458865.3307
Other Theft,2017,1,9,13,11,7XX W GEORGIA ST,Central Business District,491402.7991,5458863.8718
Other Theft,2017,1,11,13,23,7XX W GEORGIA ST,Central Business District,491402.7991,5458863.8718
Other Theft,2017,1,11,15,30,7XX W GEORGIA ST,Central Business District,491402.7991,5458863.8718
Other Theft,2017,1,19,16,0,7XX W GEORGIA ST,Central Business District,491402.7991,5458863.8718
Other Theft,2017,1,19,18,46,7XX W GEORGIA ST,Central Business District,491402.7991,5458863.8718
Other Theft,2017,2,10,16,54,7XX W GEORGIA ST,Central Business District,491402.7991,5458863.8718
Other Theft,2017,2,11,17,0,7XX W GEORGIA ST,Central Business District,491402.7991,5458863.8718
Other Theft,2017,2,11,18,31,7XX W GEORGIA ST,Central Business District,491402.7991,5458863.8718
Other Theft,2017,2,13,17,30,7XX W GEORGIA ST,Central Business District,491402.7991,5458863.8718
Other Theft,2017,3,24,17,10,7XX W GEORGIA ST,Central Business District,491402.7991,5458863.8718
Other Theft,2017,3,24,17,44,7XX W GEORGIA ST,Central Business District,491402.7991,5458863.8718
Other Theft,2017,3,28,11,33,7XX W GEORGIA ST,Central Business District,491402.7991,5458863.8718
Other Theft,2017,3,28,16,14,7XX W GEORGIA ST,Central Business District,491402.7991,5458863.8718
Other Theft,2017,4,1,21,0,7XX W GEORGIA ST,Central Business District,491402.7991,5458863.8718
Other Theft,2017,4,12,17,6,7XX W GEORGIA ST,Central Business District,491402.7991,5458863.8718
Other Theft,2017,4,16,17,35,7XX W GEORGIA ST,Central Business District,491402.7991,5458863.8718
Other Theft,2017,5,8,12,10,7XX W GEORGIA ST,Central Business District,491402.7991,5458863.8718
Other Theft,2017,5,18,13,8,7XX W GEORGIA ST,Central Business District,491402.7991,5458863.8718
Other Theft,2017,5,23,9,20,7XX W GEORGIA ST,Central Business District,491402.7991,5458863.8718
Other Theft,2017,6,2,17,27,7XX W GEORGIA ST,Central Business District,491402.7991,5458863.8718
Other Theft,2017,6,13,14,29,7XX W GEORGIA ST,Central Business District,491402.7991,5458863.8718
Other Theft,2017,6,23,12,21,7XX W GEORGIA ST,Central Business District,491402.7991,5458863.8718
Other Theft,2017,6,23,14,16,7XX W GEORGIA ST,Central Business District,491402.7991,5458863.8718
Other Theft,2017,7,10,11,51,7XX W GEORGIA ST,Central Business District,491402.7991,5458863.8718
Other Theft,2017,7,31,15,37,7XX W GEORGIA ST,Central Business District,491402.7991,5458863.8718
Other Theft,2017,8,2,15,34,7XX W GEORGIA ST,Central Business District,491402.7991,5458863.8718
Other Theft,2017,8,8,17,20,7XX W GEORGIA ST,Central Business District,491402.7991,5458863.8718
Other Theft,2017,8,11,16,30,7XX W GEORGIA ST,Central Business District,491402.7991,5458863.8718
Other Theft,2017,8,29,13,52,7XX W GEORGIA ST,Central Business District,491402.7991,5458863.8718
Other Theft,2017,8,31,10,45,7XX W GEORGIA ST,Central Business District,491402.7991,5458863.8718
Other Theft,2017,9,8,16,15,7XX W GEORGIA ST,Central Business District,491402.7991,5458863.8718
Other Theft,2017,9,9,10,45,7XX W GEORGIA ST,Central Business District,491402.7991,5458863.8718
Other Theft,2017,9,10,14,15,7XX W GEORGIA ST,Central Business District,491402.7991,5458863.8718
Other Theft,2017,9,10,18,20,7XX W GEORGIA ST,Central Business District,491402.7991,5458863.8718
Other Theft,2017,9,29,18,30,7XX W GEORGIA ST,Central Business District,491402.7991,5458863.8718
Other Theft,2017,10,13,10,15,7XX W GEORGIA ST,Central Business District,491402.7991,5458863.8718
Other Theft,2017,10,22,12,30,7XX W GEORGIA ST,Central Business District,491402.7991,5458863.8718
Other Theft,2017,10,22,16,45,7XX W GEORGIA ST,Central Business District,491402.7991,5458863.8718
Other Theft,2017,10,28,18,15,7XX W GEORGIA ST,Central Business District,491402.7991,5458863.8718
Other Theft,2017,10,29,13,0,7XX W GEORGIA ST,Central Business District,491402.7991,5458863.8718
Other Theft,2017,10,29,18,8,7XX W GEORGIA ST,Central Business District,491402.7991,5458863.8718
Other Theft,2017,11,6,12,10,7XX W GEORGIA ST,Central Business District,491402.7991,5458863.8718
Other Theft,2017,11,22,14,31,7XX W GEORGIA ST,Central Business District,491402.7991,5458863.8718
Other Theft,2017,12,18,18,43,7XX W GEORGIA ST,Central Business District,491402.7991,5458863.8718
Other Theft,2017,12,29,11,37,7XX W GEORGIA ST,Central Business District,491402.7991,5458863.8718
Other Theft,2017,12,29,12,30,7XX W GEORGIA ST,Central Business District,491402.7991,5458863.8718
Other Theft,2017,1,2,13,24,7XX W GEORGIA ST,Central Business District,491407.7443,5458871.8391
Other Theft,2017,1,11,19,45,7XX W GEORGIA ST,Central Business District,491407.7443,5458871.8391
Other Theft,2017,8,5,10,51,7XX W GEORGIA ST,Central Business District,491407.7443,5458871.8391
Other Theft,2017,1,5,18,55,7XX W GEORGIA ST,Central Business District,491409.222,5458870.3802
Other Theft,2017,1,6,13,0,7XX W GEORGIA ST,Central Business District,491409.222,5458870.3802
Other Theft,2017,1,6,14,28,7XX W GEORGIA ST,Central Business District,491409.222,5458870.3802
Other Theft,2017,1,8,15,12,7XX W GEORGIA ST,Central Business District,491409.222,5458870.3802
Other Theft,2017,1,23,16,0,7XX W GEORGIA ST,Central Business District,491409.222,5458870.3802
Other Theft,2017,1,25,15,22,7XX W GEORGIA ST,Central Business District,491409.222,5458870.3802
Other Theft,2017,1,27,15,0,7XX W GEORGIA ST,Central Business District,491409.222,5458870.3802
Other Theft,2017,1,27,17,28,7XX W GEORGIA ST,Central Business District,491409.222,5458870.3802
Other Theft,2017,1,30,18,0,7XX W GEORGIA ST,Central Business District,491409.222,5458870.3802
Other Theft,2017,1,31,10,36,7XX W GEORGIA ST,Central Business District,491409.222,5458870.3802
Other Theft,2017,1,31,17,55,7XX W GEORGIA ST,Central Business District,491409.222,5458870.3802
Other Theft,2017,2,3,16,43,7XX W GEORGIA ST,Central Business District,491409.222,5458870.3802
Other Theft,2017,2,3,18,3,7XX W GEORGIA ST,Central Business District,491409.222,5458870.3802
Other Theft,2017,2,5,18,8,7XX W GEORGIA ST,Central Business District,491409.222,5458870.3802
Other Theft,2017,2,6,18,17,7XX W GEORGIA ST,Central Business District,491409.222,5458870.3802
Other Theft,2017,2,9,9,0,7XX W GEORGIA ST,Central Business District,491409.222,5458870.3802
Other Theft,2017,2,11,17,46,7XX W GEORGIA ST,Central Business District,491409.222,5458870.3802
Other Theft,2017,2,12,15,48,7XX W GEORGIA ST,Central Business District,491409.222,5458870.3802
Other Theft,2017,2,15,11,25,7XX W GEORGIA ST,Central Business District,491409.222,5458870.3802
Other Theft,2017,2,16,21,21,7XX W GEORGIA ST,Central Business District,491409.222,5458870.3802
Other Theft,2017,2,17,11,31,7XX W GEORGIA ST,Central Business District,491409.222,5458870.3802
Other Theft,2017,2,18,19,30,7XX W GEORGIA ST,Central Business District,491409.222,5458870.3802
Other Theft,2017,2,24,18,5,7XX W GEORGIA ST,Central Business District,491409.222,5458870.3802
Other Theft,2017,2,25,15,21,7XX W GEORGIA ST,Central Business District,491409.222,5458870.3802
Other Theft,2017,3,11,13,10,7XX W GEORGIA ST,Central Business District,491409.222,5458870.3802
Other Theft,2017,3,13,11,32,7XX W GEORGIA ST,Central Business District,491409.222,5458870.3802
Other Theft,2017,3,14,15,18,7XX W GEORGIA ST,Central Business District,491409.222,5458870.3802
Other Theft,2017,3,14,17,10,7XX W GEORGIA ST,Central Business District,491409.222,5458870.3802
Other Theft,2017,3,15,12,30,7XX W GEORGIA ST,Central Business District,491409.222,5458870.3802
Other Theft,2017,3,26,16,30,7XX W GEORGIA ST,Central Business District,491409.222,5458870.3802
Other Theft,2017,3,29,18,15,7XX W GEORGIA ST,Central Business District,491409.222,5458870.3802
Other Theft,2017,3,31,20,54,7XX W GEORGIA ST,Central Business District,491409.222,5458870.3802
Other Theft,2017,4,7,13,23,7XX W GEORGIA ST,Central Business District,491409.222,5458870.3802
Other Theft,2017,4,8,17,13,7XX W GEORGIA ST,Central Business District,491409.222,5458870.3802
Other Theft,2017,4,12,17,57,7XX W GEORGIA ST,Central Business District,491409.222,5458870.3802
Other Theft,2017,4,12,20,32,7XX W GEORGIA ST,Central Business District,491409.222,5458870.3802
Other Theft,2017,4,13,14,6,7XX W GEORGIA ST,Central Business District,491409.222,5458870.3802
Other Theft,2017,4,18,17,14,7XX W GEORGIA ST,Central Business District,491409.222,5458870.3802
Other Theft,2017,4,19,18,53,7XX W GEORGIA ST,Central Business District,491409.222,5458870.3802
Other Theft,2017,4,21,19,54,7XX W GEORGIA ST,Central Business District,491409.222,5458870.3802
Other Theft,2017,4,22,10,16,7XX W GEORGIA ST,Central Business District,491409.222,5458870.3802
Other Theft,2017,4,30,12,35,7XX W GEORGIA ST,Central Business District,491409.222,5458870.3802
Other Theft,2017,4,30,15,10,7XX W GEORGIA ST,Central Business District,491409.222,5458870.3802
Other Theft,2017,5,4,11,44,7XX W GEORGIA ST,Central Business District,491409.222,5458870.3802
Other Theft,2017,5,5,17,49,7XX W GEORGIA ST,Central Business District,491409.222,5458870.3802
Other Theft,2017,5,6,13,11,7XX W GEORGIA ST,Central Business District,491409.222,5458870.3802
Other Theft,2017,5,11,12,0,7XX W GEORGIA ST,Central Business District,491409.222,5458870.3802
Other Theft,2017,5,14,11,34,7XX W GEORGIA ST,Central Business District,491409.222,5458870.3802
Other Theft,2017,5,14,16,20,7XX W GEORGIA ST,Central Business District,491409.222,5458870.3802
Other Theft,2017,5,17,12,6,7XX W GEORGIA ST,Central Business District,491409.222,5458870.3802
Other Theft,2017,5,20,12,33,7XX W GEORGIA ST,Central Business District,491409.222,5458870.3802
Other Theft,2017,5,24,11,22,7XX W GEORGIA ST,Central Business District,491409.222,5458870.3802
Other Theft,2017,5,24,12,58,7XX W GEORGIA ST,Central Business District,491409.222,5458870.3802
Other Theft,2017,6,1,17,28,7XX W GEORGIA ST,Central Business District,491409.222,5458870.3802
Other Theft,2017,6,3,15,35,7XX W GEORGIA ST,Central Business District,491409.222,5458870.3802
Other Theft,2017,6,4,15,30,7XX W GEORGIA ST,Central Business District,491409.222,5458870.3802
Other Theft,2017,6,5,18,25,7XX W GEORGIA ST,Central Business District,491409.222,5458870.3802
Other Theft,2017,6,6,12,16,7XX W GEORGIA ST,Central Business District,491409.222,5458870.3802
Other Theft,2017,6,7,20,42,7XX W GEORGIA ST,Central Business District,491409.222,5458870.3802
Other Theft,2017,6,9,15,22,7XX W GEORGIA ST,Central Business District,491409.222,5458870.3802
Other Theft,2017,6,9,18,5,7XX W GEORGIA ST,Central Business District,491409.222,5458870.3802
Other Theft,2017,6,13,18,57,7XX W GEORGIA ST,Central Business District,491409.222,5458870.3802
Other Theft,2017,6,14,15,24,7XX W GEORGIA ST,Central Business District,491409.222,5458870.3802
Other Theft,2017,6,15,19,5,7XX W GEORGIA ST,Central Business District,491409.222,5458870.3802
Other Theft,2017,6,18,18,7,7XX W GEORGIA ST,Central Business District,491409.222,5458870.3802
Other Theft,2017,7,4,10,1,7XX W GEORGIA ST,Central Business District,491409.222,5458870.3802
Other Theft,2017,7,5,16,59,7XX W GEORGIA ST,Central Business District,491409.222,5458870.3802
Other Theft,2017,7,8,15,12,7XX W GEORGIA ST,Central Business District,491409.222,5458870.3802
Other Theft,2017,7,9,16,32,7XX W GEORGIA ST,Central Business District,491409.222,5458870.3802
Other Theft,2017,7,16,14,48,7XX W GEORGIA ST,Central Business District,491409.222,5458870.3802
Other Theft,2017,7,16,16,8,7XX W GEORGIA ST,Central Business District,491409.222,5458870.3802
Other Theft,2017,7,19,12,30,7XX W GEORGIA ST,Central Business District,491409.222,5458870.3802
Other Theft,2017,7,19,15,30,7XX W GEORGIA ST,Central Business District,491409.222,5458870.3802
Other Theft,2017,7,19,18,45,7XX W GEORGIA ST,Central Business District,491409.222,5458870.3802
Other Theft,2017,7,24,16,25,7XX W GEORGIA ST,Central Business District,491409.222,5458870.3802
Other Theft,2017,7,29,7,30,7XX W GEORGIA ST,Central Business District,491409.222,5458870.3802
Other Theft,2017,8,2,13,20,7XX W GEORGIA ST,Central Business District,491409.222,5458870.3802
Other Theft,2017,8,2,17,0,7XX W GEORGIA ST,Central Business District,491409.222,5458870.3802
Other Theft,2017,8,2,17,40,7XX W GEORGIA ST,Central Business District,491409.222,5458870.3802
Other Theft,2017,8,3,17,17,7XX W GEORGIA ST,Central Business District,491409.222,5458870.3802
Other Theft,2017,8,9,19,52,7XX W GEORGIA ST,Central Business District,491409.222,5458870.3802
Other Theft,2017,8,10,17,19,7XX W GEORGIA ST,Central Business District,491409.222,5458870.3802
Other Theft,2017,8,11,20,50,7XX W GEORGIA ST,Central Business District,491409.222,5458870.3802
Other Theft,2017,8,19,17,37,7XX W GEORGIA ST,Central Business District,491409.222,5458870.3802
Other Theft,2017,8,21,12,28,7XX W GEORGIA ST,Central Business District,491409.222,5458870.3802
Other Theft,2017,8,22,15,2,7XX W GEORGIA ST,Central Business District,491409.222,5458870.3802
Other Theft,2017,9,2,19,29,7XX W GEORGIA ST,Central Business District,491409.222,5458870.3802
Other Theft,2017,9,2,20,4,7XX W GEORGIA ST,Central Business District,491409.222,5458870.3802
Other Theft,2017,9,3,16,21,7XX W GEORGIA ST,Central Business District,491409.222,5458870.3802
Other Theft,2017,9,3,22,21,7XX W GEORGIA ST,Central Business District,491409.222,5458870.3802
Other Theft,2017,9,7,14,50,7XX W GEORGIA ST,Central Business District,491409.222,5458870.3802
Other Theft,2017,9,10,18,30,7XX W GEORGIA ST,Central Business District,491409.222,5458870.3802
Other Theft,2017,9,17,12,52,7XX W GEORGIA ST,Central Business District,491409.222,5458870.3802
Other Theft,2017,9,17,18,7,7XX W GEORGIA ST,Central Business District,491409.222,5458870.3802
Other Theft,2017,9,19,12,7,7XX W GEORGIA ST,Central Business District,491409.222,5458870.3802
Other Theft,2017,9,25,14,59,7XX W GEORGIA ST,Central Business District,491409.222,5458870.3802
Other Theft,2017,9,27,16,42,7XX W GEORGIA ST,Central Business District,491409.222,5458870.3802
Other Theft,2017,9,28,12,0,7XX W GEORGIA ST,Central Business District,491409.222,5458870.3802
Other Theft,2017,9,30,18,0,7XX W GEORGIA ST,Central Business District,491409.222,5458870.3802
Other Theft,2017,10,2,18,8,7XX W GEORGIA ST,Central Business District,491409.222,5458870.3802
Other Theft,2017,10,4,11,18,7XX W GEORGIA ST,Central Business District,491409.222,5458870.3802
Other Theft,2017,10,6,19,28,7XX W GEORGIA ST,Central Business District,491409.222,5458870.3802
Other Theft,2017,10,7,15,5,7XX W GEORGIA ST,Central Business District,491409.222,5458870.3802
Other Theft,2017,10,8,13,4,7XX W GEORGIA ST,Central Business District,491409.222,5458870.3802
Other Theft,2017,10,15,11,18,7XX W GEORGIA ST,Central Business District,491409.222,5458870.3802
Other Theft,2017,10,16,14,33,7XX W GEORGIA ST,Central Business District,491409.222,5458870.3802
Other Theft,2017,10,17,17,15,7XX W GEORGIA ST,Central Business District,491409.222,5458870.3802
Other Theft,2017,10,18,20,30,7XX W GEORGIA ST,Central Business District,491409.222,5458870.3802
Other Theft,2017,10,24,16,23,7XX W GEORGIA ST,Central Business District,491409.222,5458870.3802
Other Theft,2017,11,6,10,15,7XX W GEORGIA ST,Central Business District,491409.222,5458870.3802
Other Theft,2017,11,7,15,20,7XX W GEORGIA ST,Central Business District,491409.222,5458870.3802
Other Theft,2017,11,8,12,20,7XX W GEORGIA ST,Central Business District,491409.222,5458870.3802
Other Theft,2017,11,9,19,0,7XX W GEORGIA ST,Central Business District,491409.222,5458870.3802
Other Theft,2017,11,17,18,25,7XX W GEORGIA ST,Central Business District,491409.222,5458870.3802
Other Theft,2017,11,17,20,22,7XX W GEORGIA ST,Central Business District,491409.222,5458870.3802
Other Theft,2017,11,18,18,47,7XX W GEORGIA ST,Central Business District,491409.222,5458870.3802
Other Theft,2017,11,20,17,57,7XX W GEORGIA ST,Central Business District,491409.222,5458870.3802
Other Theft,2017,11,22,18,10,7XX W GEORGIA ST,Central Business District,491409.222,5458870.3802
Other Theft,2017,11,24,14,27,7XX W GEORGIA ST,Central Business District,491409.222,5458870.3802
Other Theft,2017,11,26,10,30,7XX W GEORGIA ST,Central Business District,491409.222,5458870.3802
Other Theft,2017,11,26,14,34,7XX W GEORGIA ST,Central Business District,491409.222,5458870.3802
Other Theft,2017,11,30,12,41,7XX W GEORGIA ST,Central Business District,491409.222,5458870.3802
Other Theft,2017,12,4,13,59,7XX W GEORGIA ST,Central Business District,491409.222,5458870.3802
Other Theft,2017,12,4,15,59,7XX W GEORGIA ST,Central Business District,491409.222,5458870.3802
Other Theft,2017,12,5,14,45,7XX W GEORGIA ST,Central Business District,491409.222,5458870.3802
Other Theft,2017,12,7,20,8,7XX W GEORGIA ST,Central Business District,491409.222,5458870.3802
Other Theft,2017,12,11,16,0,7XX W GEORGIA ST,Central Business District,491409.222,5458870.3802
Other Theft,2017,12,11,17,53,7XX W GEORGIA ST,Central Business District,491409.222,5458870.3802
Other Theft,2017,12,13,16,35,7XX W GEORGIA ST,Central Business District,491409.222,5458870.3802
Other Theft,2017,12,16,15,15,7XX W GEORGIA ST,Central Business District,491409.222,5458870.3802
Other Theft,2017,12,21,13,20,7XX W GEORGIA ST,Central Business District,491409.222,5458870.3802
Other Theft,2017,12,27,11,14,7XX W GEORGIA ST,Central Business District,491409.222,5458870.3802
Other Theft,2017,5,28,15,57,7XX W HASTINGS ST,Central Business District,491682.321,5459224.5151
Other Theft,2017,7,25,15,9,7XX W HASTINGS ST,Central Business District,491682.321,5459224.5151
Other Theft,2017,1,21,12,31,7XX W HASTINGS ST,Central Business District,491682.321,5459224.5151
Other Theft,2017,4,7,13,38,7XX W HASTINGS ST,Central Business District,491682.321,5459224.5151
Other Theft,2017,4,21,13,35,7XX W HASTINGS ST,Central Business District,491682.321,5459224.5151
Other Theft,2017,1,9,13,50,7XX W HASTINGS ST,Central Business District,491682.5307,5459224.3053
Other Theft,2017,8,10,16,33,7XX W PENDER ST,Central Business District,491607.7847,5459138.4593
Other Theft,2017,11,1,9,0,7XX W PENDER ST,Central Business District,491607.7847,5459138.4593
Other Theft,2017,2,21,9,0,7XX W PENDER ST,Central Business District,491643.4738,5459104.1741
Other Theft,2017,3,21,13,51,7XX W PENDER ST,Central Business District,491643.4738,5459104.1741
Other Theft,2017,3,31,13,15,7XX W PENDER ST,Central Business District,491643.4738,5459104.1741
Other Theft,2017,8,5,13,0,7XX W PENDER ST,Central Business District,491643.4738,5459104.1741
Other Theft,2017,10,27,16,0,7XX W PENDER ST,Central Business District,491643.4738,5459104.1741
Other Theft,2017,11,7,7,37,7XX W PENDER ST,Central Business District,491643.4738,5459104.1741
Other Theft,2017,9,19,13,0,7XX WOODLAND DR,Grandview-Woodland,494706.7373,5458410.6251
Other Theft,2017,10,7,13,2,7XX WOODLAND DR,Grandview-Woodland,494706.8244,5458413.8144
Other Theft,2017,6,6,10,0,80XX CURATE WYND,Killarney,497887.0447,5451112.1589
Other Theft,2017,3,1,16,9,80XX GRANVILLE ST,Marpole,489779.6866,5451088.7167
Other Theft,2017,8,11,9,0,80XX GRANVILLE ST,Marpole,489779.6866,5451088.7167
Other Theft,2017,12,21,12,30,80XX GRANVILLE ST,Marpole,489779.6866,5451088.7167
Other Theft,2017,10,16,15,50,80XX GRANVILLE ST,Marpole,489781.3452,5451155.0783
Other Theft,2017,11,25,15,0,80XX GRANVILLE ST,Marpole,489781.3452,5451155.0783
Other Theft,2017,12,17,18,0,80XX LABURNUM ST,Kerrisdale,489051.2414,5451152.0659
Other Theft,2017,7,11,9,51,80XX NUNAVUT LANE,Marpole,491533.0581,5451029.4574
Other Theft,2017,8,5,14,14,80XX ONTARIO ST,Sunset,492241.6327,5451034.6979
Other Theft,2017,3,5,15,49,80XX OSLER ST,Marpole,490431.0393,5451134.6441
Other Theft,2017,2,1,15,27,80XX ST GEORGE ST,Sunset,493135.8287,5450997.0294
Other Theft,2017,2,16,14,0,81XX CAMBIE ST,Marpole,491457.4096,5450844.625
Other Theft,2017,10,28,15,33,81XX HUDSON ST,Marpole,490224.5779,5451008.5577
Other Theft,2017,8,9,0,20,81XX NUNAVUT LANE,Marpole,491530.8191,5450939.1497
Other Theft,2017,1,4,19,20,81XX ONTARIO ST,Marpole,492228.2756,5450915.4045
Other Theft,2017,1,29,17,14,81XX ONTARIO ST,Marpole,492228.2756,5450915.4045
Other Theft,2017,1,29,19,21,81XX ONTARIO ST,Marpole,492228.2756,5450915.4045
Other Theft,2017,2,25,21,2,81XX ONTARIO ST,Marpole,492228.2756,5450915.4045
Other Theft,2017,3,23,18,41,81XX ONTARIO ST,Marpole,492228.2756,5450915.4045
Other Theft,2017,4,5,21,57,81XX ONTARIO ST,Marpole,492228.2756,5450915.4045
Other Theft,2017,4,7,17,2,81XX ONTARIO ST,Marpole,492228.2756,5450915.4045
Other Theft,2017,4,8,11,6,81XX ONTARIO ST,Marpole,492228.2756,5450915.4045
Other Theft,2017,4,8,17,30,81XX ONTARIO ST,Marpole,492228.2756,5450915.4045
Other Theft,2017,4,8,18,0,81XX ONTARIO ST,Marpole,492228.2756,5450915.4045
Other Theft,2017,4,8,20,52,81XX ONTARIO ST,Marpole,492228.2756,5450915.4045
Other Theft,2017,4,11,14,40,81XX ONTARIO ST,Marpole,492228.2756,5450915.4045
Other Theft,2017,4,16,10,38,81XX ONTARIO ST,Marpole,492228.2756,5450915.4045
Other Theft,2017,5,16,19,8,81XX ONTARIO ST,Marpole,492228.2756,5450915.4045
Other Theft,2017,5,16,21,6,81XX ONTARIO ST,Marpole,492228.2756,5450915.4045
Other Theft,2017,9,14,14,5,81XX ONTARIO ST,Marpole,492228.2756,5450915.4045
Other Theft,2017,9,15,19,51,81XX ONTARIO ST,Marpole,492228.2756,5450915.4045
Other Theft,2017,9,16,17,30,81XX ONTARIO ST,Marpole,492228.2756,5450915.4045
Other Theft,2017,9,16,17,55,81XX ONTARIO ST,Marpole,492228.2756,5450915.4045
Other Theft,2017,9,24,18,0,81XX ONTARIO ST,Marpole,492228.2756,5450915.4045
Other Theft,2017,9,28,20,9,81XX ONTARIO ST,Marpole,492228.2756,5450915.4045
Other Theft,2017,10,25,20,4,81XX ONTARIO ST,Marpole,492228.2756,5450915.4045
Other Theft,2017,11,21,19,28,81XX ONTARIO ST,Marpole,492228.2756,5450915.4045
Other Theft,2017,11,21,20,10,81XX ONTARIO ST,Marpole,492228.2756,5450915.4045
Other Theft,2017,11,25,15,33,81XX ONTARIO ST,Marpole,492228.2756,5450915.4045
Other Theft,2017,11,29,17,15,81XX ONTARIO ST,Marpole,492228.2756,5450915.4045
Other Theft,2017,11,30,15,47,81XX ONTARIO ST,Marpole,492228.2756,5450915.4045
Other Theft,2017,12,11,9,59,81XX ONTARIO ST,Marpole,492228.2756,5450915.4045
Other Theft,2017,12,18,16,57,81XX ONTARIO ST,Marpole,492228.2756,5450915.4045
Other Theft,2017,9,3,5,0,81XX ONTARIO ST,Marpole,492228.4162,5450919.3917
Other Theft,2017,1,2,13,17,81XX ONTARIO ST,Marpole,492228.5569,5450923.3789
Other Theft,2017,3,2,16,0,81XX ONTARIO ST,Marpole,492228.5569,5450923.3789
Other Theft,2017,4,2,11,41,81XX ONTARIO ST,Marpole,492228.5569,5450923.3789
Other Theft,2017,7,14,19,25,81XX ONTARIO ST,Marpole,492228.5569,5450923.3789
Other Theft,2017,6,17,9,41,81XX ONTARIO ST,Marpole,492228.6975,5450927.3661
Other Theft,2017,12,12,13,16,81XX ONTARIO ST,Marpole,492228.6975,5450927.3661
Other Theft,2017,7,13,9,13,81XX OSLER ST,Marpole,490416.8797,5450986.1896
Other Theft,2017,5,25,16,30,82XX ELLIOTT ST,Victoria-Fraserview,495914.6325,5450663.962
Other Theft,2017,12,16,19,0,82XX FRASER ST,Sunset,493366.2534,5450849.0895
Other Theft,2017,3,18,15,15,82XX GRANVILLE ST,Marpole,489776.6226,5450965.8042
Other Theft,2017,10,22,15,30,82XX MANITOBA ST,Marpole,491976.4565,5450829.4471
Other Theft,2017,8,12,14,8,82XX ONTARIO ST,Marpole,492223.3538,5450775.8529
Other Theft,2017,8,13,16,0,82XX ONTARIO ST,Marpole,492223.3538,5450775.8529
Other Theft,2017,11,26,20,23,82XX ONTARIO ST,Marpole,492223.3538,5450775.8529
Other Theft,2017,1,2,15,15,82XX ONTARIO ST,Marpole,492223.544,5450781.2398
Other Theft,2017,9,29,13,33,82XX SHERBROOKE ST,Sunset,494024.1689,5450777.0353
Other Theft,2017,9,19,12,0,83XX GRANVILLE ST,Marpole,489774.4306,5450878.4566
Other Theft,2017,11,19,16,20,83XX GRANVILLE ST,Marpole,489774.4306,5450878.4566
Other Theft,2017,12,28,14,0,83XX GRANVILLE ST,Marpole,489774.4306,5450878.4566
Other Theft,2017,1,23,9,23,83XX GRANVILLE ST,Marpole,489774.4753,5450880.0745
Other Theft,2017,8,8,12,45,84XX CAMBIE ST,Marpole,491461.6179,5450791.1048
Other Theft,2017,2,11,19,25,84XX CAMBIE ST,Marpole,491469.5405,5450740.4135
Other Theft,2017,1,27,12,30,84XX CAMBIE ST,Marpole,491469.8332,5450752.5423
Other Theft,2017,7,26,19,30,84XX CAMBIE ST,Marpole,491469.8332,5450752.5423
Other Theft,2017,9,3,18,30,84XX CAMBIE ST,Marpole,491469.8332,5450752.5423
Other Theft,2017,9,11,21,30,84XX CAMBIE ST,Marpole,491469.8332,5450752.5423
Other Theft,2017,11,8,21,30,84XX CORNISH ST,Marpole,489656.6682,5450804.2607
Other Theft,2017,1,31,22,3,84XX GRANVILLE ST,Marpole,489762.8566,5450783.8268
Other Theft,2017,3,16,14,56,84XX GRANVILLE ST,Marpole,489762.8566,5450783.8268
Other Theft,2017,3,24,8,26,84XX GRANVILLE ST,Marpole,489762.8566,5450783.8268
Other Theft,2017,5,19,15,43,84XX GRANVILLE ST,Marpole,489762.8566,5450783.8268
Other Theft,2017,6,25,19,9,84XX GRANVILLE ST,Marpole,489762.8566,5450783.8268
Other Theft,2017,9,8,16,57,84XX GRANVILLE ST,Marpole,489762.8566,5450783.8268
Other Theft,2017,1,12,16,0,84XX GRANVILLE ST,Marpole,489764.2514,5450838.7393
Other Theft,2017,6,23,17,7,84XX GRANVILLE ST,Marpole,489772.3691,5450798.2233
Other Theft,2017,7,4,17,22,84XX GRANVILLE ST,Marpole,489772.3691,5450798.2233
Other Theft,2017,3,13,16,40,84XX GRANVILLE ST,Marpole,489772.3691,5450798.2233
Other Theft,2017,6,1,0,0,84XX GRANVILLE ST,Marpole,489772.5798,5450806.4935
Other Theft,2017,8,29,12,2,85XX CORNISH ST,Marpole,489651.0626,5450663.8824
Other Theft,2017,11,30,13,38,85XX CORNISH ST,Marpole,489651.0626,5450663.8824
Other Theft,2017,3,30,8,52,85XX CORNISH ST,Marpole,489651.4934,5450674.6686
Other Theft,2017,3,8,16,33,85XX GRANVILLE ST,Marpole,489760.734,5450700.2349
Other Theft,2017,3,15,20,55,85XX GRANVILLE ST,Marpole,489760.734,5450700.2349
Other Theft,2017,6,10,4,0,85XX HEATHER ST,Marpole,490959.1926,5450717.0778
Other Theft,2017,2,23,23,17,85XX OAK ST,Marpole,490517.4906,5450661.1689
Other Theft,2017,1,24,11,51,85XX RIVER DISTRICT CROSS,Killarney,497740.2944,5450384.4012
Other Theft,2017,5,22,16,0,85XX STANLEY PARK DR,Stanley Park,489093.8494,5460345.8273
Other Theft,2017,5,28,18,0,85XX STANLEY PARK DR,Stanley Park,489093.8494,5460345.8273
Other Theft,2017,6,29,21,9,85XX STANLEY PARK DR,Stanley Park,489093.8494,5460345.8273
Other Theft,2017,7,5,16,30,85XX STANLEY PARK DR,Stanley Park,489093.8494,5460345.8273
Other Theft,2017,11,30,12,30,86XX GRANVILLE ST,Marpole,489756.2048,5450519.9252
Other Theft,2017,2,28,17,0,86XX GRANVILLE ST,Marpole,489758.1688,5450598.4258
Other Theft,2017,3,3,19,25,86XX GRANVILLE ST,Marpole,489768.4157,5450642.4496
Other Theft,2017,4,8,10,28,86XX GRANVILLE ST,Marpole,489768.4157,5450642.4496
Other Theft,2017,5,11,15,26,86XX GRANVILLE ST,Marpole,489768.4157,5450642.4496
Other Theft,2017,8,31,7,40,86XX GRANVILLE ST,Marpole,489768.4157,5450642.4496
Other Theft,2017,9,12,0,39,86XX GRANVILLE ST,Marpole,489768.4157,5450642.4496
Other Theft,2017,11,15,13,50,86XX GRANVILLE ST,Marpole,489768.4157,5450642.4496
Other Theft,2017,12,1,23,0,86XX HUDSON ST,Marpole,490188.4498,5450532.7972
Other Theft,2017,4,11,12,30,86XX KERR ST,Killarney,496914.0183,5450340.3116
Other Theft,2017,4,11,13,0,86XX KERR ST,Killarney,496914.0183,5450340.3116
Other Theft,2017,4,19,16,12,86XX LAUREL ST,Marpole,490798.3346,5450537.5335
Other Theft,2017,4,11,18,0,86XX LAUREL ST,Marpole,490809.568,5450566.7944
Other Theft,2017,1,22,2,22,86XX SELKIRK ST,Marpole,490294.7184,5450569.2506
Other Theft,2017,10,19,18,20,87XX AISNE ST,Marpole,491089.513,5450513.7591
Other Theft,2017,10,6,0,0,87XX SELKIRK ST,Marpole,490290.9987,5450412.9979
Other Theft,2017,9,13,9,29,88XX GRANVILLE ST,Marpole,489751.8261,5450313.1886
Other Theft,2017,11,4,19,0,88XX HUDSON ST,Marpole,490189.8731,5450198.306
Other Theft,2017,1,1,11,9,88XX HUDSON ST,Marpole,490192.4127,5450284.381
Other Theft,2017,8,24,11,30,8X E PENDER ST,Central Business District,492539.7454,5458642.5812
Other Theft,2017,11,7,16,40,8X E PENDER ST,Central Business District,492542.3545,5458633.3358
Other Theft,2017,1,18,12,0,8X E PENDER ST,Central Business District,492542.3545,5458633.3358
Other Theft,2017,7,8,20,30,8X EXPO BLVD,Central Business District,492271.3148,5458369.6607
Other Theft,2017,4,9,17,15,8X EXPO BLVD,Central Business District,492283.9607,5458374.5952
Other Theft,2017,4,23,16,0,8X EXPO BLVD,Central Business District,492283.9607,5458374.5952
Other Theft,2017,7,16,10,0,8X EXPO BLVD,Central Business District,492283.9607,5458374.5952
Other Theft,2017,7,18,16,0,8X EXPO BLVD,Central Business District,492283.9607,5458374.5952
Other Theft,2017,8,15,8,30,8X EXPO BLVD,Central Business District,492283.9607,5458374.5952
Other Theft,2017,10,12,20,0,8X EXPO BLVD,Central Business District,492283.9607,5458374.5952
Other Theft,2017,10,29,13,15,8X EXPO BLVD,Central Business District,492283.9607,5458374.5952
Other Theft,2017,12,1,11,15,8X EXPO BLVD,Central Business District,492283.9607,5458374.5952
Other Theft,2017,9,10,15,0,8X PACIFIC BLVD,Central Business District,492266.4699,5458261.6836
Other Theft,2017,12,21,19,0,8X PACIFIC BLVD,Central Business District,492266.4699,5458261.6836
Other Theft,2017,3,24,8,30,8X PACIFIC BLVD,Central Business District,492266.7787,5458270.8224
Other Theft,2017,5,18,1,0,8X W 1ST AVE,Mount Pleasant,492272.5777,5457513.4638
Other Theft,2017,7,8,22,0,8X W 1ST AVE,Mount Pleasant,492272.5777,5457513.4638
Other Theft,2017,8,9,17,31,8X W 1ST AVE,Mount Pleasant,492272.5777,5457513.4638
Other Theft,2017,9,28,19,26,8X W 1ST AVE,Mount Pleasant,492272.5777,5457513.4638
Other Theft,2017,2,18,12,15,8X W 1ST AVE,Mount Pleasant,492272.5777,5457513.4638
Other Theft,2017,5,18,22,30,8X W 1ST AVE,Mount Pleasant,492272.5777,5457513.4638
Other Theft,2017,1,19,13,32,8X W BROADWAY AVE,Mount Pleasant,492244.9888,5456698.7656
Other Theft,2017,2,23,10,7,8X W BROADWAY AVE,Mount Pleasant,492244.9888,5456698.7656
Other Theft,2017,3,9,13,2,8X W BROADWAY AVE,Mount Pleasant,492244.9888,5456698.7656
Other Theft,2017,1,9,12,32,8X W BROADWAY AVE,Mount Pleasant,492244.9888,5456698.7656
Other Theft,2017,8,19,10,46,8X W BROADWAY AVE,Mount Pleasant,492244.9888,5456698.7656
Other Theft,2017,12,29,18,0,8X W BROADWAY AVE,Mount Pleasant,492244.9888,5456698.7656
Other Theft,2017,11,13,9,0,8X W HASTINGS ST,Central Business District,492236.5776,5458796.9113
Other Theft,2017,2,19,19,44,8X W PENDER ST,Central Business District,492206.8702,5458693.4618
Other Theft,2017,3,6,15,0,8X W PENDER ST,Central Business District,492206.8702,5458693.4618
Other Theft,2017,3,19,15,57,8X W PENDER ST,Central Business District,492206.8702,5458693.4618
Other Theft,2017,3,30,10,12,8X W PENDER ST,Central Business District,492206.8702,5458693.4618
Other Theft,2017,4,19,15,55,8X W PENDER ST,Central Business District,492206.8702,5458693.4618
Other Theft,2017,4,29,20,28,8X W PENDER ST,Central Business District,492206.8702,5458693.4618
Other Theft,2017,5,2,21,0,8X W PENDER ST,Central Business District,492206.8702,5458693.4618
Other Theft,2017,5,4,14,43,8X W PENDER ST,Central Business District,492206.8702,5458693.4618
Other Theft,2017,5,8,12,54,8X W PENDER ST,Central Business District,492206.8702,5458693.4618
Other Theft,2017,6,4,16,10,8X W PENDER ST,Central Business District,492206.8702,5458693.4618
Other Theft,2017,6,13,14,58,8X W PENDER ST,Central Business District,492206.8702,5458693.4618
Other Theft,2017,6,17,15,15,8X W PENDER ST,Central Business District,492206.8702,5458693.4618
Other Theft,2017,6,17,16,37,8X W PENDER ST,Central Business District,492206.8702,5458693.4618
Other Theft,2017,6,20,20,17,8X W PENDER ST,Central Business District,492206.8702,5458693.4618
Other Theft,2017,6,23,20,11,8X W PENDER ST,Central Business District,492206.8702,5458693.4618
Other Theft,2017,6,27,16,56,8X W PENDER ST,Central Business District,492206.8702,5458693.4618
Other Theft,2017,7,8,16,1,8X W PENDER ST,Central Business District,492206.8702,5458693.4618
Other Theft,2017,7,13,12,45,8X W PENDER ST,Central Business District,492206.8702,5458693.4618
Other Theft,2017,7,19,12,40,8X W PENDER ST,Central Business District,492206.8702,5458693.4618
Other Theft,2017,7,25,10,58,8X W PENDER ST,Central Business District,492206.8702,5458693.4618
Other Theft,2017,7,30,23,0,8X W PENDER ST,Central Business District,492206.8702,5458693.4618
Other Theft,2017,7,31,12,10,8X W PENDER ST,Central Business District,492206.8702,5458693.4618
Other Theft,2017,8,6,9,26,8X W PENDER ST,Central Business District,492206.8702,5458693.4618
Other Theft,2017,8,7,0,0,8X W PENDER ST,Central Business District,492206.8702,5458693.4618
Other Theft,2017,8,7,11,29,8X W PENDER ST,Central Business District,492206.8702,5458693.4618
Other Theft,2017,8,8,16,34,8X W PENDER ST,Central Business District,492206.8702,5458693.4618
Other Theft,2017,8,9,8,28,8X W PENDER ST,Central Business District,492206.8702,5458693.4618
Other Theft,2017,8,12,11,5,8X W PENDER ST,Central Business District,492206.8702,5458693.4618
Other Theft,2017,8,15,13,20,8X W PENDER ST,Central Business District,492206.8702,5458693.4618
Other Theft,2017,8,16,19,30,8X W PENDER ST,Central Business District,492206.8702,5458693.4618
Other Theft,2017,8,16,22,18,8X W PENDER ST,Central Business District,492206.8702,5458693.4618
Other Theft,2017,8,18,10,40,8X W PENDER ST,Central Business District,492206.8702,5458693.4618
Other Theft,2017,8,19,18,46,8X W PENDER ST,Central Business District,492206.8702,5458693.4618
Other Theft,2017,8,21,19,6,8X W PENDER ST,Central Business District,492206.8702,5458693.4618
Other Theft,2017,8,27,16,51,8X W PENDER ST,Central Business District,492206.8702,5458693.4618
Other Theft,2017,8,30,23,12,8X W PENDER ST,Central Business District,492206.8702,5458693.4618
Other Theft,2017,9,1,17,5,8X W PENDER ST,Central Business District,492206.8702,5458693.4618
Other Theft,2017,9,1,18,45,8X W PENDER ST,Central Business District,492206.8702,5458693.4618
Other Theft,2017,9,1,23,25,8X W PENDER ST,Central Business District,492206.8702,5458693.4618
Other Theft,2017,9,2,19,57,8X W PENDER ST,Central Business District,492206.8702,5458693.4618
Other Theft,2017,9,5,14,40,8X W PENDER ST,Central Business District,492206.8702,5458693.4618
Other Theft,2017,9,7,11,30,8X W PENDER ST,Central Business District,492206.8702,5458693.4618
Other Theft,2017,9,10,19,5,8X W PENDER ST,Central Business District,492206.8702,5458693.4618
Other Theft,2017,9,12,0,14,8X W PENDER ST,Central Business District,492206.8702,5458693.4618
Other Theft,2017,9,14,20,0,8X W PENDER ST,Central Business District,492206.8702,5458693.4618
Other Theft,2017,9,15,14,39,8X W PENDER ST,Central Business District,492206.8702,5458693.4618
Other Theft,2017,9,17,18,39,8X W PENDER ST,Central Business District,492206.8702,5458693.4618
Other Theft,2017,9,18,13,45,8X W PENDER ST,Central Business District,492206.8702,5458693.4618
Other Theft,2017,9,24,20,0,8X W PENDER ST,Central Business District,492206.8702,5458693.4618
Other Theft,2017,9,25,17,6,8X W PENDER ST,Central Business District,492206.8702,5458693.4618
Other Theft,2017,9,26,11,15,8X W PENDER ST,Central Business District,492206.8702,5458693.4618
Other Theft,2017,9,30,13,52,8X W PENDER ST,Central Business District,492206.8702,5458693.4618
Other Theft,2017,10,2,15,38,8X W PENDER ST,Central Business District,492206.8702,5458693.4618
Other Theft,2017,10,7,17,44,8X W PENDER ST,Central Business District,492206.8702,5458693.4618
Other Theft,2017,10,12,11,9,8X W PENDER ST,Central Business District,492206.8702,5458693.4618
Other Theft,2017,10,15,9,59,8X W PENDER ST,Central Business District,492206.8702,5458693.4618
Other Theft,2017,10,15,15,18,8X W PENDER ST,Central Business District,492206.8702,5458693.4618
Other Theft,2017,10,18,16,12,8X W PENDER ST,Central Business District,492206.8702,5458693.4618
Other Theft,2017,10,20,20,16,8X W PENDER ST,Central Business District,492206.8702,5458693.4618
Other Theft,2017,10,22,13,11,8X W PENDER ST,Central Business District,492206.8702,5458693.4618
Other Theft,2017,10,30,14,11,8X W PENDER ST,Central Business District,492206.8702,5458693.4618
Other Theft,2017,10,31,12,0,8X W PENDER ST,Central Business District,492206.8702,5458693.4618
Other Theft,2017,11,6,13,14,8X W PENDER ST,Central Business District,492206.8702,5458693.4618
Other Theft,2017,11,9,19,36,8X W PENDER ST,Central Business District,492206.8702,5458693.4618
Other Theft,2017,11,12,22,0,8X W PENDER ST,Central Business District,492206.8702,5458693.4618
Other Theft,2017,11,15,19,20,8X W PENDER ST,Central Business District,492206.8702,5458693.4618
Other Theft,2017,11,19,12,0,8X W PENDER ST,Central Business District,492206.8702,5458693.4618
Other Theft,2017,11,20,14,5,8X W PENDER ST,Central Business District,492206.8702,5458693.4618
Other Theft,2017,11,28,10,30,8X W PENDER ST,Central Business District,492206.8702,5458693.4618
Other Theft,2017,11,28,18,21,8X W PENDER ST,Central Business District,492206.8702,5458693.4618
Other Theft,2017,12,2,1,59,8X W PENDER ST,Central Business District,492206.8702,5458693.4618
Other Theft,2017,12,3,20,31,8X W PENDER ST,Central Business District,492206.8702,5458693.4618
Other Theft,2017,12,4,9,39,8X W PENDER ST,Central Business District,492206.8702,5458693.4618
Other Theft,2017,12,4,15,21,8X W PENDER ST,Central Business District,492206.8702,5458693.4618
Other Theft,2017,12,6,17,5,8X W PENDER ST,Central Business District,492206.8702,5458693.4618
Other Theft,2017,12,6,17,24,8X W PENDER ST,Central Business District,492206.8702,5458693.4618
Other Theft,2017,12,9,18,0,8X W PENDER ST,Central Business District,492206.8702,5458693.4618
Other Theft,2017,12,10,13,10,8X W PENDER ST,Central Business District,492206.8702,5458693.4618
Other Theft,2017,12,17,14,25,8X W PENDER ST,Central Business District,492206.8702,5458693.4618
Other Theft,2017,12,21,20,48,8X W PENDER ST,Central Business District,492206.8702,5458693.4618
Other Theft,2017,12,27,12,35,8X W PENDER ST,Central Business District,492206.8702,5458693.4618
Other Theft,2017,12,28,16,39,8X W PENDER ST,Central Business District,492206.8702,5458693.4618
Other Theft,2017,12,29,13,34,8X W PENDER ST,Central Business District,492206.8702,5458693.4618
Other Theft,2017,12,31,10,39,8X W PENDER ST,Central Business District,492206.8702,5458693.4618
Other Theft,2017,1,7,21,9,8X W PENDER ST,Central Business District,492206.8702,5458693.4618
Other Theft,2017,1,28,21,45,8X W PENDER ST,Central Business District,492206.8702,5458693.4618
Other Theft,2017,1,30,14,16,8X W PENDER ST,Central Business District,492206.8702,5458693.4618
Other Theft,2017,2,5,18,42,8X W PENDER ST,Central Business District,492206.8702,5458693.4618
Other Theft,2017,2,7,14,41,8X W PENDER ST,Central Business District,492206.8702,5458693.4618
Other Theft,2017,2,17,9,40,8X W PENDER ST,Central Business District,492206.8702,5458693.4618
Other Theft,2017,2,17,17,0,8X W PENDER ST,Central Business District,492206.8702,5458693.4618
Other Theft,2017,2,23,11,40,8X W PENDER ST,Central Business District,492206.8702,5458693.4618
Other Theft,2017,2,27,19,0,8X W PENDER ST,Central Business District,492206.8702,5458693.4618
Other Theft,2017,2,28,11,0,8X W PENDER ST,Central Business District,492206.8702,5458693.4618
Other Theft,2017,3,5,20,50,8X W PENDER ST,Central Business District,492206.8702,5458693.4618
Other Theft,2017,3,7,15,27,8X W PENDER ST,Central Business District,492206.8702,5458693.4618
Other Theft,2017,3,8,14,51,8X W PENDER ST,Central Business District,492206.8702,5458693.4618
Other Theft,2017,3,19,19,52,8X W PENDER ST,Central Business District,492206.8702,5458693.4618
Other Theft,2017,3,24,21,30,8X W PENDER ST,Central Business District,492206.8702,5458693.4618
Other Theft,2017,3,27,10,39,8X W PENDER ST,Central Business District,492206.8702,5458693.4618
Other Theft,2017,3,29,20,30,8X W PENDER ST,Central Business District,492206.8702,5458693.4618
Other Theft,2017,4,1,13,51,8X W PENDER ST,Central Business District,492206.8702,5458693.4618
Other Theft,2017,4,1,15,0,8X W PENDER ST,Central Business District,492206.8702,5458693.4618
Other Theft,2017,4,3,20,46,8X W PENDER ST,Central Business District,492206.8702,5458693.4618
Other Theft,2017,4,8,22,0,8X W PENDER ST,Central Business District,492206.8702,5458693.4618
Other Theft,2017,4,12,13,0,8X W PENDER ST,Central Business District,492206.8702,5458693.4618
Other Theft,2017,4,15,17,10,8X W PENDER ST,Central Business District,492206.8702,5458693.4618
Other Theft,2017,4,21,14,0,8X W PENDER ST,Central Business District,492206.8702,5458693.4618
Other Theft,2017,4,21,18,28,8X W PENDER ST,Central Business District,492206.8702,5458693.4618
Other Theft,2017,4,23,21,5,8X W PENDER ST,Central Business District,492206.8702,5458693.4618
Other Theft,2017,5,9,14,47,8X W PENDER ST,Central Business District,492206.8702,5458693.4618
Other Theft,2017,5,9,20,13,8X W PENDER ST,Central Business District,492206.8702,5458693.4618
Other Theft,2017,5,14,10,58,8X W PENDER ST,Central Business District,492206.8702,5458693.4618
Other Theft,2017,5,30,13,58,8X W PENDER ST,Central Business District,492206.8702,5458693.4618
Other Theft,2017,5,31,19,37,8X W PENDER ST,Central Business District,492206.8702,5458693.4618
Other Theft,2017,1,15,21,33,8X W PENDER ST,Central Business District,492208.5573,5458692.9973
Other Theft,2017,1,7,18,6,8X W PENDER ST,Central Business District,492212.5321,5458691.9037
Other Theft,2017,5,24,19,55,8X W PENDER ST,Central Business District,492212.5321,5458691.9037
Other Theft,2017,9,29,20,30,8X W PENDER ST,Central Business District,492212.5321,5458691.9037
Other Theft,2017,11,12,11,52,8X W PENDER ST,Central Business District,492212.5321,5458691.9037
Other Theft,2017,2,4,11,0,8X W PENDER ST,Central Business District,492212.9599,5458701.2699
Other Theft,2017,2,5,17,10,8X W PENDER ST,Central Business District,492229.518,5458687.2295
Other Theft,2017,8,20,16,0,8XX AVISON WAY,Stanley Park,490531.2051,5460907.1265
Other Theft,2017,10,13,7,18,8XX AVISON WAY,Stanley Park,490531.2051,5460907.1265
Other Theft,2017,11,7,13,26,8XX AVISON WAY,Stanley Park,490531.2051,5460907.1265
Other Theft,2017,11,14,11,12,8XX AVISON WAY,Stanley Park,490531.2051,5460907.1265
Other Theft,2017,7,11,8,31,8XX BEATTY ST,Central Business District,491633.9645,5458238.1806
Other Theft,2017,5,17,14,10,8XX BEATTY ST,Central Business District,491645.2231,5458249.3642
Other Theft,2017,6,6,8,59,8XX BEATTY ST,Central Business District,491645.2231,5458249.3642
Other Theft,2017,4,14,10,15,8XX BEATTY ST,Central Business District,491663.5479,5458280.4556
Other Theft,2017,1,14,0,2,8XX BEATTY ST,Central Business District,491701.5163,5458305.2825
Other Theft,2017,12,26,17,0,8XX BEATTY ST,Central Business District,491701.5163,5458305.2825
Other Theft,2017,6,20,12,33,8XX BEATTY ST,Central Business District,491708.1753,5458311.8974
Other Theft,2017,7,1,6,30,8XX BIDWELL ST,West End,490228.83,5459711.6983
Other Theft,2017,10,7,19,25,8XX BIDWELL ST,West End,490232.9236,5459729.0029
Other Theft,2017,1,13,19,18,8XX BURRARD ST,Central Business District,490967.8782,5458848.0228
Other Theft,2017,1,22,1,0,8XX BURRARD ST,Central Business District,490967.8782,5458848.0228
Other Theft,2017,5,29,14,0,8XX BURRARD ST,West End,491000.0841,5458892.9535
Other Theft,2017,3,14,21,5,8XX BURRARD ST,West End,491011.453,5458904.2617
Other Theft,2017,4,5,8,23,8XX BURRARD ST,West End,491011.453,5458904.2617
Other Theft,2017,9,19,22,0,8XX BURRARD ST,West End,491011.453,5458904.2617
Other Theft,2017,11,21,12,26,8XX BURRARD ST,West End,491011.453,5458904.2617
Other Theft,2017,11,21,16,45,8XX BURRARD ST,West End,491011.453,5458904.2617
Other Theft,2017,11,29,12,31,8XX BURRARD ST,West End,491011.453,5458904.2617
Other Theft,2017,12,26,17,58,8XX BURRARD ST,West End,491011.453,5458904.2617
Other Theft,2017,9,23,0,0,8XX BURRARD ST,Central Business District,491047.0822,5458926.8031
Other Theft,2017,11,26,10,4,8XX BURRARD ST,Central Business District,491047.0822,5458926.8031
Other Theft,2017,8,1,20,53,8XX BURRARD ST,West End,491050.1503,5458942.7517
Other Theft,2017,4,1,19,30,8XX BURRARD ST,Central Business District,491058.9779,5458938.635
Other Theft,2017,5,6,3,5,8XX BURRARD ST,Central Business District,491058.9779,5458938.635
Other Theft,2017,9,19,23,30,8XX BURRARD ST,Central Business District,491058.9779,5458938.635
Other Theft,2017,6,16,19,30,8XX BUTE ST,West End,490618.329,5459119.7791
Other Theft,2017,1,10,17,30,8XX BUTE ST,West End,490739.7095,5459223.1864
Other Theft,2017,5,2,9,0,8XX BUTE ST,West End,490740.0435,5459223.4926
Other Theft,2017,5,11,20,47,8XX BUTE ST,West End,490740.0435,5459223.4926
Other Theft,2017,5,18,8,0,8XX BUTE ST,West End,490740.0435,5459223.4926
Other Theft,2017,6,28,12,0,8XX BUTE ST,West End,490756.1837,5459238.2714
Other Theft,2017,3,10,13,50,8XX CAMBIE ST,Central Business District,491589.4232,5458335.9977
Other Theft,2017,10,18,14,30,8XX CAMBIE ST,Central Business District,491589.4232,5458335.9977
Other Theft,2017,3,1,12,0,8XX CAMBIE ST,Central Business District,491605.129,5458351.3466
Other Theft,2017,5,28,14,0,8XX CAMBIE ST,Central Business District,491605.3593,5458351.5721
Other Theft,2017,9,23,20,0,8XX CAMBIE ST,Central Business District,491605.3593,5458351.5721
Other Theft,2017,6,18,19,10,8XX CAMBIE ST,Central Business District,491640.4676,5458385.8864
Other Theft,2017,4,22,16,12,8XX CARDERO ST,West End,490341.3829,5459594.0334
Other Theft,2017,4,22,0,0,8XX CARDERO ST,West End,490352.8416,5459617.6582
Other Theft,2017,9,14,22,41,8XX CARDERO ST,West End,490362.1098,5459613.8716
Other Theft,2017,1,31,17,0,8XX CARRALL ST,Central Business District,492282.3227,5458367.9039
Other Theft,2017,11,21,20,0,8XX COMMERCIAL DR,Grandview-Woodland,494869.453,5458300.116
Other Theft,2017,1,12,5,30,8XX DAVIE ST,Central Business District,490714.4899,5458386.2592
Other Theft,2017,3,10,12,0,8XX DAVIE ST,Central Business District,490714.4899,5458386.2592
Other Theft,2017,3,28,0,50,8XX DAVIE ST,Central Business District,490714.4899,5458386.2592
Other Theft,2017,5,28,22,0,8XX DAVIE ST,Central Business District,490714.4899,5458386.2592
Other Theft,2017,9,14,23,59,8XX DAVIE ST,Central Business District,490714.4899,5458386.2592
Other Theft,2017,10,19,1,0,8XX DAVIE ST,Central Business District,490714.4899,5458386.2592
Other Theft,2017,12,2,18,0,8XX DAVIE ST,Central Business District,490714.4899,5458386.2592
Other Theft,2017,2,11,13,53,8XX DAVIE ST,Central Business District,490718.7909,5458369.2068
Other Theft,2017,5,29,19,7,8XX DAVIE ST,Central Business District,490725.4858,5458362.6242
Other Theft,2017,9,11,12,34,8XX DAVIE ST,Central Business District,490725.4858,5458362.6242
Other Theft,2017,2,20,20,0,8XX DAVIE ST,Central Business District,490735.9136,5458365.195
Other Theft,2017,3,4,19,9,8XX DENMAN ST,West End,490051.3351,5459774.4605
Other Theft,2017,5,8,19,35,8XX DENMAN ST,West End,490051.3351,5459774.4605
Other Theft,2017,6,20,15,0,8XX DENMAN ST,West End,490057.9669,5459768.1651
Other Theft,2017,8,4,13,10,8XX DENMAN ST,West End,490057.9669,5459768.1651
Other Theft,2017,8,10,20,20,8XX DENMAN ST,West End,490057.9669,5459768.1651
Other Theft,2017,8,21,19,20,8XX DENMAN ST,West End,490057.9669,5459768.1651
Other Theft,2017,10,12,8,55,8XX DENMAN ST,West End,490057.9669,5459768.1651
Other Theft,2017,10,27,18,30,8XX DENMAN ST,West End,490057.9669,5459768.1651
Other Theft,2017,10,27,18,45,8XX DENMAN ST,West End,490057.9669,5459768.1651
Other Theft,2017,11,3,10,0,8XX DENMAN ST,West End,490057.9669,5459768.1651
Other Theft,2017,3,11,16,0,8XX DENMAN ST,West End,490057.9669,5459768.1651
Other Theft,2017,4,17,8,47,8XX DENMAN ST,West End,490057.9669,5459768.1651
Other Theft,2017,4,20,18,0,8XX DENMAN ST,West End,490057.9669,5459768.1651
Other Theft,2017,5,1,17,47,8XX DENMAN ST,West End,490071.1782,5459782.0824
Other Theft,2017,4,26,15,30,8XX DENMAN ST,West End,490096.2027,5459820.7404
Other Theft,2017,11,5,20,30,8XX DENMAN ST,West End,490096.2027,5459820.7404
Other Theft,2017,5,6,23,29,8XX DENMAN ST,West End,490108.2485,5459832.9929
Other Theft,2017,5,30,19,21,8XX DENMAN ST,West End,490114.2847,5459839.1328
Other Theft,2017,7,13,17,40,8XX DRAKE ST,Central Business District,490587.1307,5458268.33
Other Theft,2017,1,30,18,0,8XX DUNLEVY AVE,Strathcona,493055.2732,5458304.3051
Other Theft,2017,4,22,5,38,8XX DUNLEVY AVE,Strathcona,493055.2732,5458304.3051
Other Theft,2017,7,22,19,0,8XX E 38TH AVE,Kensington-Cedar Cottage,493617.5679,5453653.0907
Other Theft,2017,4,6,18,0,8XX E 58TH AVE,Sunset,493608.3088,5451618.7699
Other Theft,2017,4,8,23,9,8XX E 62ND AVE,Sunset,493671.3139,5451228.7329
Other Theft,2017,9,1,8,0,8XX E 63RD AVE,Sunset,493615.7098,5451127.977
Other Theft,2017,10,10,11,32,8XX E 64TH AVE,Sunset,493609.7573,5451030.5791
Other Theft,2017,9,20,18,53,8XX E 6TH AVE,Mount Pleasant,493665.0963,5456946.149
Other Theft,2017,5,22,9,42,8XX E 6TH AVE,Mount Pleasant,493673.2576,5456946.1141
Other Theft,2017,10,12,15,4,8XX E 7TH AVE,Mount Pleasant,493745.1956,5456837.1221
Other Theft,2017,5,19,5,27,8XX E HASTINGS ST,Strathcona,493695.382,5458702.1821
Other Theft,2017,3,31,13,15,8XX E HASTINGS ST,Strathcona,493755.0699,5458709.3882
Other Theft,2017,11,1,16,0,8XX E HASTINGS ST,Strathcona,493784.7651,5458708.4217
Other Theft,2017,6,23,0,1,8XX E HASTINGS ST,Strathcona,493791.364,5458708.2069
Other Theft,2017,12,18,13,27,8XX E HASTINGS ST,Strathcona,493794.6635,5458708.0995
Other Theft,2017,7,3,17,27,8XX E HASTINGS ST,Strathcona,493821.0592,5458707.2403
Other Theft,2017,11,30,13,30,8XX E HASTINGS ST,Strathcona,493821.0592,5458707.2403
Other Theft,2017,5,23,19,15,8XX EXPO BLVD,Central Business District,491661.5222,5458135.2126
Other Theft,2017,9,19,19,16,8XX EXPO BLVD,Central Business District,491661.5222,5458135.2126
Other Theft,2017,1,20,15,54,8XX GRANVILLE ST,Central Business District,491173.3406,5458634.9576
Other Theft,2017,5,11,16,5,8XX GRANVILLE ST,Central Business District,491173.3406,5458634.9576
Other Theft,2017,6,18,15,40,8XX GRANVILLE ST,Central Business District,491173.3406,5458634.9576
Other Theft,2017,8,20,11,0,8XX GRANVILLE ST,Central Business District,491173.3406,5458634.9576
Other Theft,2017,9,2,11,18,8XX GRANVILLE ST,Central Business District,491173.3406,5458634.9576
Other Theft,2017,10,3,14,31,8XX GRANVILLE ST,Central Business District,491173.3406,5458634.9576
Other Theft,2017,11,1,11,41,8XX GRANVILLE ST,Central Business District,491173.3406,5458634.9576
Other Theft,2017,11,2,14,9,8XX GRANVILLE ST,Central Business District,491173.3406,5458634.9576
Other Theft,2017,1,7,19,58,8XX GRANVILLE ST,Central Business District,491179.9559,5458641.6221
Other Theft,2017,2,7,16,15,8XX GRANVILLE ST,Central Business District,491179.9559,5458641.6221
Other Theft,2017,2,17,15,30,8XX GRANVILLE ST,Central Business District,491179.9559,5458641.6221
Other Theft,2017,3,16,21,5,8XX GRANVILLE ST,Central Business District,491179.9559,5458641.6221
Other Theft,2017,3,26,3,0,8XX GRANVILLE ST,Central Business District,491179.9559,5458641.6221
Other Theft,2017,3,31,22,30,8XX GRANVILLE ST,Central Business District,491179.9559,5458641.6221
Other Theft,2017,11,16,22,10,8XX GRANVILLE ST,Central Business District,491179.9559,5458641.6221
Other Theft,2017,11,20,16,50,8XX GRANVILLE ST,Central Business District,491179.9559,5458641.6221
Other Theft,2017,11,23,14,35,8XX GRANVILLE ST,Central Business District,491179.9559,5458641.6221
Other Theft,2017,11,30,23,0,8XX GRANVILLE ST,Central Business District,491179.9559,5458641.6221
Other Theft,2017,12,1,3,0,8XX GRANVILLE ST,Central Business District,491179.9559,5458641.6221
Other Theft,2017,12,5,2,0,8XX GRANVILLE ST,Central Business District,491179.9559,5458641.6221
Other Theft,2017,2,5,1,16,8XX GRANVILLE ST,Central Business District,491190.9813,5458652.7295
Other Theft,2017,3,8,0,0,8XX GRANVILLE ST,Central Business District,491190.9813,5458652.7295
Other Theft,2017,4,16,1,30,8XX GRANVILLE ST,Central Business District,491190.9813,5458652.7295
Other Theft,2017,5,14,0,0,8XX GRANVILLE ST,Central Business District,491190.9813,5458652.7295
Other Theft,2017,5,20,22,30,8XX GRANVILLE ST,Central Business District,491190.9813,5458652.7295
Other Theft,2017,6,10,1,45,8XX GRANVILLE ST,Central Business District,491190.9813,5458652.7295
Other Theft,2017,9,3,2,45,8XX GRANVILLE ST,Central Business District,491190.9813,5458652.7295
Other Theft,2017,12,9,23,0,8XX GRANVILLE ST,Central Business District,491190.9813,5458652.7295
Other Theft,2017,1,15,2,50,8XX GRANVILLE ST,Central Business District,491192.4357,5458654.1951
Other Theft,2017,1,22,1,0,8XX GRANVILLE ST,Central Business District,491192.4357,5458654.1951
Other Theft,2017,5,22,9,25,8XX GRANVILLE ST,Central Business District,491204.0863,5458652.9522
Other Theft,2017,3,18,1,20,8XX GRANVILLE ST,Central Business District,491210.7016,5458659.6167
Other Theft,2017,12,22,21,0,8XX GRANVILLE ST,Central Business District,491210.7016,5458659.6167
Other Theft,2017,12,23,22,0,8XX GRANVILLE ST,Central Business District,491210.7016,5458659.6167
Other Theft,2017,4,1,21,30,8XX GRANVILLE ST,Central Business District,491243.9036,5458706.0454
Other Theft,2017,4,9,14,38,8XX GRANVILLE ST,Central Business District,491243.9036,5458706.0454
Other Theft,2017,2,16,12,29,8XX GRANVILLE ST,Central Business District,491252.5984,5458701.8251
Other Theft,2017,8,4,14,32,8XX GRANVILLE ST,Central Business District,491252.5984,5458701.8251
Other Theft,2017,8,8,15,28,8XX GRANVILLE ST,Central Business District,491252.5984,5458701.8251
Other Theft,2017,8,10,12,0,8XX GRANVILLE ST,Central Business District,491252.5984,5458701.8251
Other Theft,2017,8,18,17,35,8XX GRANVILLE ST,Central Business District,491252.5984,5458701.8251
Other Theft,2017,9,16,17,13,8XX GRANVILLE ST,Central Business District,491252.5984,5458701.8251
Other Theft,2017,9,16,20,47,8XX GRANVILLE ST,Central Business District,491252.5984,5458701.8251
Other Theft,2017,10,7,20,30,8XX GRANVILLE ST,Central Business District,491252.5984,5458701.8251
Other Theft,2017,11,11,20,29,8XX GRANVILLE ST,Central Business District,491252.5984,5458701.8251
Other Theft,2017,11,16,14,22,8XX GRANVILLE ST,Central Business District,491252.5984,5458701.8251
Other Theft,2017,11,21,11,45,8XX GRANVILLE ST,Central Business District,491252.5984,5458701.8251
Other Theft,2017,12,11,14,44,8XX GRANVILLE ST,Central Business District,491252.5984,5458701.8251
Other Theft,2017,1,12,5,32,8XX GRANVILLE ST,Central Business District,491257.1342,5458719.3744
Other Theft,2017,1,20,20,30,8XX GRANVILLE ST,Central Business District,491257.1342,5458719.3744
Other Theft,2017,1,24,21,0,8XX GRANVILLE ST,Central Business District,491257.1342,5458719.3744
Other Theft,2017,2,24,18,20,8XX GRANVILLE ST,Central Business District,491257.1342,5458719.3744
Other Theft,2017,4,5,2,7,8XX GRANVILLE ST,Central Business District,491257.1342,5458719.3744
Other Theft,2017,4,14,3,30,8XX GRANVILLE ST,Central Business District,491257.1342,5458719.3744
Other Theft,2017,6,20,16,50,8XX GRANVILLE ST,Central Business District,491257.1342,5458719.3744
Other Theft,2017,8,19,4,45,8XX GRANVILLE ST,Central Business District,491257.1342,5458719.3744
Other Theft,2017,12,27,2,30,8XX GRANVILLE ST,Central Business District,491257.1342,5458719.3744
Other Theft,2017,1,13,13,12,8XX GRANVILLE ST,Central Business District,491263.6239,5458712.9326
Other Theft,2017,5,8,19,53,8XX GRANVILLE ST,Central Business District,491263.6239,5458712.9326
Other Theft,2017,10,13,15,0,8XX GRANVILLE ST,Central Business District,491263.6239,5458712.9326
Other Theft,2017,11,26,16,35,8XX GRANVILLE ST,Central Business District,491263.6239,5458712.9326
Other Theft,2017,12,26,19,48,8XX GRANVILLE ST,Central Business District,491263.6239,5458712.9326
Other Theft,2017,10,13,13,53,8XX GRANVILLE ST,Central Business District,491272.5699,5458734.9248
Other Theft,2017,1,1,10,45,8XX GRANVILLE ST,Central Business District,491272.8194,5458722.197
Other Theft,2017,3,20,10,19,8XX GRANVILLE ST,Central Business District,491274.6494,5458724.04
Other Theft,2017,4,15,17,35,8XX GRANVILLE ST,Central Business District,491274.6494,5458724.04
Other Theft,2017,5,9,18,5,8XX GRANVILLE ST,Central Business District,491274.6494,5458724.04
Other Theft,2017,5,16,9,51,8XX GRANVILLE ST,Central Business District,491274.6494,5458724.04
Other Theft,2017,6,21,14,58,8XX GRANVILLE ST,Central Business District,491274.6494,5458724.04
Other Theft,2017,7,21,20,40,8XX GRANVILLE ST,Central Business District,491274.6494,5458724.04
Other Theft,2017,8,10,10,26,8XX GRANVILLE ST,Central Business District,491274.6494,5458724.04
Other Theft,2017,9,11,20,20,8XX GRANVILLE ST,Central Business District,491274.6494,5458724.04
Other Theft,2017,9,19,20,15,8XX GRANVILLE ST,Central Business District,491274.6494,5458724.04
Other Theft,2017,10,5,11,18,8XX GRANVILLE ST,Central Business District,491274.6494,5458724.04
Other Theft,2017,10,10,20,44,8XX GRANVILLE ST,Central Business District,491274.6494,5458724.04
Other Theft,2017,11,15,19,37,8XX GRANVILLE ST,Central Business District,491274.6494,5458724.04
Other Theft,2017,11,21,20,10,8XX GRANVILLE ST,Central Business District,491274.6494,5458724.04
Other Theft,2017,12,2,15,51,8XX GRANVILLE ST,Central Business District,491274.6494,5458724.04
Other Theft,2017,12,9,10,41,8XX GRANVILLE ST,Central Business District,491274.6494,5458724.04
Other Theft,2017,1,8,19,40,8XX GRANVILLE ST,Central Business District,491281.2647,5458730.7045
Other Theft,2017,4,12,19,20,8XX GRANVILLE ST,Central Business District,491281.2647,5458730.7045
Other Theft,2017,9,24,16,57,8XX GRANVILLE ST,Central Business District,491281.2647,5458730.7045
Other Theft,2017,3,30,2,22,8XX GRANVILLE ST,Central Business District,491285.6749,5458735.1475
Other Theft,2017,7,13,3,38,8XX GRANVILLE ST,Central Business District,491285.6749,5458735.1475
Other Theft,2017,10,18,1,0,8XX GRANVILLE ST,Central Business District,491285.6749,5458735.1475
Other Theft,2017,10,24,2,0,8XX GRANVILLE ST,Central Business District,491285.6749,5458735.1475
Other Theft,2017,2,2,20,30,8XX GRIFFITHS WAY,Central Business District,492026.4501,5458303.3812
Other Theft,2017,2,2,21,30,8XX GRIFFITHS WAY,Central Business District,492026.4501,5458303.3812
Other Theft,2017,3,3,21,39,8XX GRIFFITHS WAY,Central Business District,492026.4501,5458303.3812
Other Theft,2017,4,25,23,45,8XX GRIFFITHS WAY,Central Business District,492026.4501,5458303.3812
Other Theft,2017,6,9,19,0,8XX GRIFFITHS WAY,Central Business District,492026.4501,5458303.3812
Other Theft,2017,6,11,15,0,8XX GRIFFITHS WAY,Central Business District,492026.4501,5458303.3812
Other Theft,2017,7,8,20,0,8XX GRIFFITHS WAY,Central Business District,492026.4501,5458303.3812
Other Theft,2017,7,19,20,7,8XX GRIFFITHS WAY,Central Business District,492026.4501,5458303.3812
Other Theft,2017,7,23,18,52,8XX GRIFFITHS WAY,Central Business District,492026.4501,5458303.3812
Other Theft,2017,10,2,1,0,8XX GRIFFITHS WAY,Central Business District,492026.4501,5458303.3812
Other Theft,2017,10,5,20,15,8XX GRIFFITHS WAY,Central Business District,492026.4501,5458303.3812
Other Theft,2017,10,14,21,55,8XX GRIFFITHS WAY,Central Business District,492026.4501,5458303.3812
Other Theft,2017,11,1,19,30,8XX GRIFFITHS WAY,Central Business District,492026.4501,5458303.3812
Other Theft,2017,10,14,13,25,8XX HAMILTON ST,Central Business District,491476.9719,5458374.5326
Other Theft,2017,11,17,13,0,8XX HAMILTON ST,Central Business District,491476.9719,5458374.5326
Other Theft,2017,3,10,11,52,8XX HOMER ST,Central Business District,491391.435,5458416.1269
Other Theft,2017,5,6,22,0,8XX HOMER ST,Central Business District,491393.7021,5458431.3885
Other Theft,2017,9,16,15,21,8XX HOMER ST,Central Business District,491393.7021,5458431.3885
Other Theft,2017,8,2,17,35,8XX HOMER ST,Central Business District,491437.4042,5458462.427
Other Theft,2017,12,4,9,1,8XX HOMER ST,Central Business District,491437.4042,5458462.427
Other Theft,2017,4,19,12,30,8XX HOMER ST,Central Business District,491437.4823,5458475.4839
Other Theft,2017,6,20,11,0,8XX HOMER ST,Central Business District,491437.4823,5458475.4839
Other Theft,2017,9,12,14,10,8XX HOMER ST,Central Business District,491437.4823,5458475.4839
Other Theft,2017,3,10,20,38,8XX HOMER ST,Central Business District,491498.6965,5458524.1606
Other Theft,2017,11,30,11,59,8XX HORNBY ST,Central Business District,491036.4538,5458781.0005
Other Theft,2017,2,18,13,0,8XX HORNBY ST,Central Business District,491061.2418,5458806.0477
Other Theft,2017,5,6,13,57,8XX HORNBY ST,Central Business District,491061.2418,5458806.0477
Other Theft,2017,9,16,23,49,8XX HORNBY ST,Central Business District,491061.2418,5458806.0477
Other Theft,2017,7,28,18,23,8XX HORNBY ST,Central Business District,491074.7626,5458819.7098
Other Theft,2017,12,5,12,22,8XX HORNBY ST,Central Business District,491086.0299,5458831.0949
Other Theft,2017,2,11,15,57,8XX HORNBY ST,Central Business District,491126.5922,5458872.0813
Other Theft,2017,4,17,15,15,8XX HORNBY ST,Central Business District,491126.5922,5458872.0813
Other Theft,2017,12,2,18,30,8XX HORNBY ST,Central Business District,491131.0992,5458876.6353
Other Theft,2017,8,28,21,15,8XX HOWE ST,Central Business District,491166.5753,5458763.6294
Other Theft,2017,1,19,12,30,8XX HOWE ST,Central Business District,491191.1179,5458787.8633
Other Theft,2017,2,6,16,52,8XX LAKEWOOD DR,Grandview-Woodland,495504.0581,5458259.396
Other Theft,2017,7,24,9,15,8XX MALKIN AVE,Strathcona,493757.0666,5457933.6822
Other Theft,2017,10,29,14,50,8XX MALKIN AVE,Strathcona,493757.0666,5457933.6822
Other Theft,2017,5,14,18,30,8XX MALKIN AVE,Strathcona,493786.6896,5457903.9175
Other Theft,2017,1,21,17,30,8XX NELSON ST,Central Business District,490915.2169,5458637.9325
Other Theft,2017,4,10,20,45,8XX NELSON ST,Central Business District,490915.2169,5458637.9325
Other Theft,2017,7,23,2,0,8XX NELSON ST,Central Business District,490915.2169,5458637.9325
Other Theft,2017,9,17,19,4,8XX NELSON ST,Central Business District,490915.2169,5458637.9325
Other Theft,2017,10,7,22,0,8XX NELSON ST,Central Business District,490915.2169,5458637.9325
Other Theft,2017,9,23,5,36,8XX NELSON ST,Central Business District,490967.7972,5458584.3761
Other Theft,2017,5,6,19,0,8XX PIPELINE RD,Stanley Park,490131.1603,5461107.3708
Other Theft,2017,6,10,8,33,8XX POWELL ST,Strathcona,493670.2612,5458910.159
Other Theft,2017,4,6,9,46,8XX POWELL ST,Strathcona,493715.3729,5458907.895
Other Theft,2017,5,3,10,20,8XX POWELL ST,Strathcona,493719.2956,5458907.6981
Other Theft,2017,5,21,13,59,8XX POWELL ST,Strathcona,493719.2956,5458907.6981
Other Theft,2017,7,14,7,35,8XX POWELL ST,Strathcona,493719.2956,5458907.6981
Other Theft,2017,10,28,6,0,8XX POWELL ST,Strathcona,493719.2956,5458907.6981
Other Theft,2017,10,29,12,0,8XX POWELL ST,Strathcona,493719.2956,5458907.6981
Other Theft,2017,12,3,11,12,8XX POWELL ST,Strathcona,493719.2956,5458907.6981
Other Theft,2017,5,4,15,30,8XX POWELL ST,Strathcona,493814.3409,5458905.6728
Other Theft,2017,10,4,18,0,8XX PRINCESS AVE,Strathcona,493328.5007,5458267.3403
Other Theft,2017,9,20,18,30,8XX RICHARDS ST,Central Business District,491312.4928,5458492.9799
Other Theft,2017,12,21,14,30,8XX RICHARDS ST,Central Business District,491411.096,5458579.1061
Other Theft,2017,12,25,0,0,8XX RICHARDS ST,Central Business District,491411.096,5458579.1061
Other Theft,2017,7,15,11,45,8XX RICHARDS ST,Central Business District,491417.8366,5458585.88
Other Theft,2017,1,14,15,30,8XX ROBSON ST,Central Business District,491206.1762,5458813.3011
Other Theft,2017,3,17,23,0,8XX ROBSON ST,Central Business District,491206.1762,5458813.3011
Other Theft,2017,6,21,12,0,8XX ROBSON ST,Central Business District,491206.1762,5458813.3011
Other Theft,2017,7,11,5,0,8XX ROBSON ST,Central Business District,491206.1762,5458813.3011
Other Theft,2017,7,16,17,58,8XX ROBSON ST,Central Business District,491206.1762,5458813.3011
Other Theft,2017,8,5,14,0,8XX ROBSON ST,Central Business District,491206.1762,5458813.3011
Other Theft,2017,9,2,15,29,8XX ROBSON ST,Central Business District,491206.1762,5458813.3011
Other Theft,2017,9,3,16,20,8XX ROBSON ST,Central Business District,491206.1762,5458813.3011
Other Theft,2017,9,23,18,0,8XX ROBSON ST,Central Business District,491206.1762,5458813.3011
Other Theft,2017,9,26,18,0,8XX ROBSON ST,Central Business District,491206.1762,5458813.3011
Other Theft,2017,11,25,7,1,8XX ROBSON ST,Central Business District,491206.1762,5458813.3011
Other Theft,2017,12,30,21,0,8XX ROBSON ST,Central Business District,491206.1762,5458813.3011
Other Theft,2017,9,7,13,45,8XX SE MARINE DR,Sunset,493653.5945,5450913.7287
Other Theft,2017,4,12,8,15,8XX SEYMOUR ST,Central Business District,491316.8667,5458632.8979
Other Theft,2017,11,18,5,34,8XX SEYMOUR ST,Central Business District,491316.8667,5458632.8979
Other Theft,2017,1,5,15,17,8XX SEYMOUR ST,Central Business District,491342.0128,5458658.3814
Other Theft,2017,9,7,13,0,8XX SEYMOUR ST,Central Business District,491343.9836,5458660.3794
Other Theft,2017,5,15,15,16,8XX SEYMOUR ST,Central Business District,491359.5315,5458663.1174
Other Theft,2017,4,6,14,0,8XX SMITHE ST,Central Business District,491089.957,5458698.2236
Other Theft,2017,6,6,9,0,8XX SMITHE ST,Central Business District,491089.957,5458698.2236
Other Theft,2017,11,30,16,40,8XX SMITHE ST,Central Business District,491089.957,5458698.2236
Other Theft,2017,7,3,12,2,8XX STANLEY PARK DR,Stanley Park,490637.6731,5460428.4752
Other Theft,2017,11,5,16,30,8XX SW MARINE DR,Marpole,490871.1179,5450432.4614
Other Theft,2017,4,8,8,0,8XX TERMINAL AVE,Strathcona,493867.1195,5457463.5557
Other Theft,2017,9,25,16,0,8XX TERMINAL AVE,Strathcona,493867.1195,5457463.5557
Other Theft,2017,2,1,19,0,8XX THURLOW ST,West End,490899.3708,5459073.8797
Other Theft,2017,10,9,20,22,8XX THURLOW ST,West End,490899.3708,5459073.8797
Other Theft,2017,5,27,11,0,8XX THURLOW ST,West End,490914.4552,5459102.0798
Other Theft,2017,11,15,13,30,8XX UNION ST,Strathcona,493671.613,5458296.3469
Other Theft,2017,1,30,12,0,8XX W 12TH AVE,Fairview,490960.664,5456434.5777
Other Theft,2017,11,9,7,30,8XX W 12TH AVE,Fairview,490960.664,5456434.5777
Other Theft,2017,2,3,0,0,8XX W 12TH AVE,Fairview,491033.0002,5456432.316
Other Theft,2017,2,11,18,0,8XX W 12TH AVE,Fairview,491033.0002,5456432.316
Other Theft,2017,2,21,15,45,8XX W 12TH AVE,Fairview,491033.0002,5456432.316
Other Theft,2017,3,5,12,0,8XX W 12TH AVE,Fairview,491033.0002,5456432.316
Other Theft,2017,3,27,17,50,8XX W 12TH AVE,Fairview,491033.0002,5456432.316
Other Theft,2017,4,27,18,58,8XX W 12TH AVE,Fairview,491033.0002,5456432.316
Other Theft,2017,4,28,13,0,8XX W 12TH AVE,Fairview,491033.0002,5456432.316
Other Theft,2017,5,8,1,49,8XX W 12TH AVE,Fairview,491033.0002,5456432.316
Other Theft,2017,5,10,8,30,8XX W 12TH AVE,Fairview,491033.0002,5456432.316
Other Theft,2017,6,15,0,1,8XX W 12TH AVE,Fairview,491033.0002,5456432.316
Other Theft,2017,7,2,10,30,8XX W 12TH AVE,Fairview,491033.0002,5456432.316
Other Theft,2017,7,4,12,0,8XX W 12TH AVE,Fairview,491033.0002,5456432.316
Other Theft,2017,8,27,7,0,8XX W 12TH AVE,Fairview,491033.0002,5456432.316
Other Theft,2017,8,28,19,0,8XX W 12TH AVE,Fairview,491033.0002,5456432.316
Other Theft,2017,10,16,0,0,8XX W 12TH AVE,Fairview,491033.0002,5456432.316
Other Theft,2017,10,18,13,0,8XX W 12TH AVE,Fairview,491033.0002,5456432.316
Other Theft,2017,10,22,0,0,8XX W 12TH AVE,Fairview,491033.0002,5456432.316
Other Theft,2017,11,14,13,0,8XX W 12TH AVE,Fairview,491033.0002,5456432.316
Other Theft,2017,11,19,10,30,8XX W 12TH AVE,Fairview,491033.0002,5456432.316
Other Theft,2017,11,19,14,0,8XX W 12TH AVE,Fairview,491033.0002,5456432.316
Other Theft,2017,11,29,12,0,8XX W 12TH AVE,Fairview,491033.0002,5456432.316
Other Theft,2017,12,21,13,0,8XX W 12TH AVE,Fairview,491033.0002,5456432.316
Other Theft,2017,10,1,13,44,8XX W 12TH AVE,Fairview,491118.4885,5456429.6431
Other Theft,2017,6,28,20,0,8XX W 14TH AVE,Fairview,491028.4055,5456222.1784
Other Theft,2017,7,30,22,0,8XX W 17TH AVE,South Cambie,490947.1786,5455938.9671
Other Theft,2017,11,11,19,0,8XX W 19TH AVE,South Cambie,490960.4398,5455735.2048
Other Theft,2017,5,5,20,30,8XX W 22ND AVE,South Cambie,491102.332,5455440.0563
Other Theft,2017,5,10,19,30,8XX W 22ND AVE,South Cambie,491102.332,5455440.0563
Other Theft,2017,7,9,10,42,8XX W 24TH AVE,South Cambie,490967.7983,5455266.8145
Other Theft,2017,9,29,2,40,8XX W 49TH AVE,Oakridge,490823.6983,5452634.0507
Other Theft,2017,6,13,18,30,8XX W 61ST AVE,Marpole,490866.1635,5451420.4804
Other Theft,2017,3,23,12,0,8XX W 61ST AVE,Marpole,490970.4133,5451426.7757
Other Theft,2017,6,23,11,12,8XX W 6TH AVE,Fairview,490994.3114,5457022.9902
Other Theft,2017,11,7,20,0,8XX W 6TH AVE,Fairview,491017.0045,5457022.5532
Other Theft,2017,8,29,19,23,8XX W BROADWAY AV,Fairview,490993.7464,5456744.876
Other Theft,2017,5,12,22,0,8XX W BROADWAY AVE,Fairview,490970.4029,5456736.5378
Other Theft,2017,8,17,10,2,8XX W BROADWAY AVE,Fairview,490970.4029,5456736.5378
Other Theft,2017,10,14,15,15,8XX W BROADWAY AVE,Fairview,490977.2994,5456745.4476
Other Theft,2017,4,2,15,45,8XX W BROADWAY AVE,Fairview,490993.7464,5456744.876
Other Theft,2017,4,16,8,11,8XX W BROADWAY AVE,Fairview,490993.7464,5456744.876
Other Theft,2017,4,16,11,33,8XX W BROADWAY AVE,Fairview,490993.7464,5456744.876
Other Theft,2017,4,24,19,45,8XX W BROADWAY AVE,Fairview,490993.7464,5456744.876
Other Theft,2017,5,22,16,21,8XX W BROADWAY AVE,Fairview,490993.7464,5456744.876
Other Theft,2017,5,30,15,2,8XX W BROADWAY AVE,Fairview,490993.7464,5456744.876
Other Theft,2017,6,5,17,59,8XX W BROADWAY AVE,Fairview,490993.7464,5456744.876
Other Theft,2017,6,11,16,48,8XX W BROADWAY AVE,Fairview,490993.7464,5456744.876
Other Theft,2017,6,13,16,48,8XX W BROADWAY AVE,Fairview,490993.7464,5456744.876
Other Theft,2017,6,14,20,36,8XX W BROADWAY AVE,Fairview,490993.7464,5456744.876
Other Theft,2017,6,21,14,36,8XX W BROADWAY AVE,Fairview,490993.7464,5456744.876
Other Theft,2017,6,21,20,13,8XX W BROADWAY AVE,Fairview,490993.7464,5456744.876
Other Theft,2017,6,23,21,21,8XX W BROADWAY AVE,Fairview,490993.7464,5456744.876
Other Theft,2017,7,5,21,40,8XX W BROADWAY AVE,Fairview,490993.7464,5456744.876
Other Theft,2017,7,20,10,35,8XX W BROADWAY AVE,Fairview,490993.7464,5456744.876
Other Theft,2017,7,20,13,58,8XX W BROADWAY AVE,Fairview,490993.7464,5456744.876
Other Theft,2017,8,12,0,2,8XX W BROADWAY AVE,Fairview,490993.7464,5456744.876
Other Theft,2017,8,20,18,20,8XX W BROADWAY AVE,Fairview,490993.7464,5456744.876
Other Theft,2017,9,18,11,26,8XX W BROADWAY AVE,Fairview,490993.7464,5456744.876
Other Theft,2017,9,18,17,16,8XX W BROADWAY AVE,Fairview,490993.7464,5456744.876
Other Theft,2017,9,20,19,25,8XX W BROADWAY AVE,Fairview,490993.7464,5456744.876
Other Theft,2017,10,18,19,43,8XX W BROADWAY AVE,Fairview,490993.7464,5456744.876
Other Theft,2017,10,23,14,32,8XX W BROADWAY AVE,Fairview,490993.7464,5456744.876
Other Theft,2017,11,8,15,0,8XX W BROADWAY AVE,Fairview,490993.7464,5456744.876
Other Theft,2017,12,10,18,32,8XX W BROADWAY AVE,Fairview,490993.7464,5456744.876
Other Theft,2017,12,25,14,19,8XX W BROADWAY AVE,Fairview,490993.7464,5456744.876
Other Theft,2017,3,17,15,45,8XX W BROADWAY AVE,Fairview,491043.0876,5456743.161
Other Theft,2017,7,4,14,30,8XX W BROADWAY AVE,Fairview,491125.323,5456740.3027
Other Theft,2017,1,16,12,0,8XX W BROADWAY AVE,Fairview,491128.1551,5456731.0548
Other Theft,2017,8,16,16,47,8XX W BROADWAY AVE,Fairview,491131.5842,5456730.9355
Other Theft,2017,1,2,18,14,8XX W CORDOVA ST,Central Business District,491669.6104,5459366.2804
Other Theft,2017,11,3,14,55,8XX W CORDOVA ST,Central Business District,491711.8384,5459324.8971
Other Theft,2017,11,17,10,22,8XX W CORDOVA ST,Central Business District,491711.8384,5459324.8971
Other Theft,2017,12,13,20,41,8XX W CORDOVA ST,Central Business District,491711.8384,5459324.8971
Other Theft,2017,8,1,10,29,8XX W GEORGIA ST,Central Business District,491279.7136,5459000.0143
Other Theft,2017,10,20,11,40,8XX W GEORGIA ST,Central Business District,491279.7136,5459000.0143
Other Theft,2017,4,15,13,45,8XX W GEORGIA ST,Central Business District,491299.6191,5458979.7417
Other Theft,2017,1,2,18,24,8XX W GEORGIA ST,Central Business District,491336.6087,5458942.07
Other Theft,2017,4,4,19,6,8XX W GEORGIA ST,Central Business District,491336.6087,5458942.07
Other Theft,2017,4,24,5,12,8XX W GEORGIA ST,Central Business District,491336.6087,5458942.07
Other Theft,2017,6,12,16,16,8XX W GEORGIA ST,Central Business District,491336.6087,5458942.07
Other Theft,2017,12,16,19,0,8XX W GEORGIA ST,Central Business District,491336.6087,5458942.07
Other Theft,2017,12,28,19,0,8XX W GEORGIA ST,Central Business District,491336.6087,5458942.07
Other Theft,2017,4,5,11,36,8XX W HASTINGS ST,Central Business District,491624.1082,5459282.7766
Other Theft,2017,10,28,13,21,8XX W HASTINGS ST,Central Business District,491624.1082,5459282.7766
Other Theft,2017,5,19,9,30,8XX W PENDER ST,Central Business District,491504.9518,5459237.1244
Other Theft,2017,6,28,11,30,8XX W PENDER ST,Central Business District,491504.9518,5459237.1244
Other Theft,2017,3,28,19,28,8XX W PENDER ST,Central Business District,491512.7142,5459242.3497
Other Theft,2017,8,15,13,56,8XX W PENDER ST,Central Business District,491512.7142,5459242.3497
Other Theft,2017,5,18,15,21,8XX W PENDER ST,Central Business District,491570.9721,5459173.8223
Other Theft,2017,6,28,17,45,8XX W PENDER ST,Central Business District,491570.9721,5459173.8223
Other Theft,2017,8,14,9,31,8XX W PENDER ST,Central Business District,491570.9721,5459173.8223
Other Theft,2017,11,3,13,15,8XX W PENDER ST,Central Business District,491570.9721,5459173.8223
Other Theft,2017,12,9,23,0,9X E 2ND AVE,Mount Pleasant,492521.0945,5457399.2827
Other Theft,2017,1,11,8,15,9X E BROADWAY AVE,Mount Pleasant,492501.682,5456690.0185
Other Theft,2017,7,14,17,0,9X E HASTINGS ST,Central Business District,492549.1218,5458739.4737
Other Theft,2017,6,22,13,33,9X E HASTINGS ST,Central Business District,492558.0684,5458748.3366
Other Theft,2017,4,4,12,22,9X KEEFER PL,Central Business District,492176.3211,5458559.7682
Other Theft,2017,4,10,9,0,9X KEEFER PL,Central Business District,492176.3211,5458559.7682
Other Theft,2017,4,18,18,30,9X KEEFER PL,Central Business District,492176.3211,5458559.7682
Other Theft,2017,4,20,10,51,9X KEEFER PL,Central Business District,492176.3211,5458559.7682
Other Theft,2017,4,25,15,30,9X KEEFER PL,Central Business District,492176.3211,5458559.7682
Other Theft,2017,5,1,14,18,9X KEEFER PL,Central Business District,492176.3211,5458559.7682
Other Theft,2017,5,16,16,0,9X KEEFER PL,Central Business District,492176.3211,5458559.7682
Other Theft,2017,5,19,19,9,9X KEEFER PL,Central Business District,492176.3211,5458559.7682
Other Theft,2017,7,22,18,30,9X KEEFER PL,Central Business District,492176.3211,5458559.7682
Other Theft,2017,8,7,18,49,9X KEEFER PL,Central Business District,492176.3211,5458559.7682
Other Theft,2017,9,9,10,0,9X KEEFER PL,Central Business District,492176.3211,5458559.7682
Other Theft,2017,11,30,15,57,9X KEEFER PL,Central Business District,492176.3211,5458559.7682
Other Theft,2017,5,15,11,10,9X KEEFER ST,Central Business District,492563.8341,5458511.4361
Other Theft,2017,12,8,12,20,9X KEEFER ST,Central Business District,492563.8341,5458511.4361
Other Theft,2017,8,6,0,30,9X POWELL ST,Central Business District,492554.4457,5458953.1636
Other Theft,2017,3,15,0,26,9X SMITHE ST,Central Business District,491598.9399,5458205.0981
Other Theft,2017,3,27,18,50,9X SMITHE ST,Central Business District,491598.9399,5458205.0981
Other Theft,2017,4,17,1,32,9X SMITHE ST,Central Business District,491598.9399,5458205.0981
Other Theft,2017,4,22,19,50,9X SMITHE ST,Central Business District,491598.9399,5458205.0981
Other Theft,2017,5,24,0,7,9X SMITHE ST,Central Business District,491598.9399,5458205.0981
Other Theft,2017,10,6,16,11,9X SMITHE ST,Central Business District,491598.9399,5458205.0981
Other Theft,2017,10,11,6,10,9X SMITHE ST,Central Business District,491598.9399,5458205.0981
Other Theft,2017,11,25,9,19,9X SMITHE ST,Central Business District,491598.9399,5458205.0981
Other Theft,2017,12,6,22,0,9X TROUNCE ALLY,Central Business District,492249.8486,5458970.3287
Other Theft,2017,8,22,17,8,9X W 3RD AVE,Mount Pleasant,492247.9982,5457287.8453
Other Theft,2017,11,9,11,0,9X W 41ST AVE,Oakridge,492147.0269,5453385.4689
Other Theft,2017,6,4,1,0,9X WATER ST,Central Business District,492273.8306,5459012.7604
Other Theft,2017,11,24,19,30,9X WATER ST,Central Business District,492273.8306,5459012.7604
Other Theft,2017,2,25,0,30,9X WATER ST,Central Business District,492273.8307,5459012.7604
Other Theft,2017,4,22,15,9,9X WATER ST,Central Business District,492273.8307,5459012.7604
Other Theft,2017,5,26,1,39,9X WATER ST,Central Business District,492276.909,5459011.9291
Other Theft,2017,11,26,18,0,9XX BOUNDARY RD,Hastings-Sunrise,498276.1887,5458217.9477
Other Theft,2017,1,22,10,5,9XX BURRARD ST,West End,490870.3933,5458765.9317
Other Theft,2017,3,29,9,0,9XX BURRARD ST,West End,490870.3933,5458765.9317
Other Theft,2017,11,30,11,15,9XX BURRARD ST,Central Business District,490874.1855,5458756.8522
Other Theft,2017,3,20,14,53,9XX BURRARD ST,West End,490888.5062,5458783.6333
Other Theft,2017,4,24,19,45,9XX BURRARD ST,West End,490888.5062,5458783.6333
Other Theft,2017,5,30,21,30,9XX BURRARD ST,West End,490888.5062,5458783.6333
Other Theft,2017,6,6,8,0,9XX BURRARD ST,West End,490888.5062,5458783.6333
Other Theft,2017,9,28,17,0,9XX BURRARD ST,West End,490888.5062,5458783.6333
Other Theft,2017,10,7,10,30,9XX BURRARD ST,West End,490888.5062,5458783.6333
Other Theft,2017,7,13,20,38,9XX BURRARD ST,Central Business District,490923.3994,5458804.8048
Other Theft,2017,7,17,10,53,9XX BURRARD ST,Central Business District,490923.3994,5458804.8048
Other Theft,2017,8,2,12,49,9XX BURRARD ST,Central Business District,490923.3994,5458804.8048
Other Theft,2017,8,4,19,17,9XX BURRARD ST,Central Business District,490923.3994,5458804.8048
Other Theft,2017,10,14,11,0,9XX BURRARD ST,Central Business District,490923.3994,5458804.8048
Other Theft,2017,3,2,15,40,9XX BURRARD ST,Central Business District,490923.3994,5458804.8048
Other Theft,2017,4,14,9,10,9XX BURRARD ST,Central Business District,490923.3994,5458804.8048
Other Theft,2017,4,28,17,30,9XX BURRARD ST,Central Business District,490923.3994,5458804.8048
Other Theft,2017,6,6,9,15,9XX BURRARD ST,Central Business District,490923.3994,5458804.8048
Other Theft,2017,1,25,17,45,9XX BURRARD ST,West End,490938.7233,5458832.2216
Other Theft,2017,2,10,20,14,9XX BURRARD ST,West End,490938.7233,5458832.2216
Other Theft,2017,2,21,17,20,9XX BURRARD ST,West End,490938.7233,5458832.2216
Other Theft,2017,2,23,14,52,9XX BURRARD ST,West End,490938.7233,5458832.2216
Other Theft,2017,3,6,16,0,9XX BURRARD ST,West End,490938.7233,5458832.2216
Other Theft,2017,4,9,17,15,9XX BURRARD ST,West End,490938.7233,5458832.2216
Other Theft,2017,4,19,17,53,9XX BURRARD ST,West End,490938.7233,5458832.2216
Other Theft,2017,5,9,22,27,9XX BURRARD ST,West End,490938.7233,5458832.2216
Other Theft,2017,5,27,21,10,9XX BURRARD ST,West End,490938.7233,5458832.2216
Other Theft,2017,5,30,22,55,9XX BURRARD ST,West End,490938.7233,5458832.2216
Other Theft,2017,6,26,18,0,9XX BURRARD ST,West End,490938.7233,5458832.2216
Other Theft,2017,7,4,16,23,9XX BURRARD ST,West End,490938.7233,5458832.2216
Other Theft,2017,7,5,16,49,9XX BURRARD ST,West End,490938.7233,5458832.2216
Other Theft,2017,7,15,17,13,9XX BURRARD ST,West End,490938.7233,5458832.2216
Other Theft,2017,8,6,21,1,9XX BURRARD ST,West End,490938.7233,5458832.2216
Other Theft,2017,8,11,17,35,9XX BURRARD ST,West End,490938.7233,5458832.2216
Other Theft,2017,8,11,22,21,9XX BURRARD ST,West End,490938.7233,5458832.2216
Other Theft,2017,9,17,14,59,9XX BURRARD ST,West End,490938.7233,5458832.2216
Other Theft,2017,9,25,19,24,9XX BURRARD ST,West End,490938.7233,5458832.2216
Other Theft,2017,10,17,22,22,9XX BURRARD ST,West End,490938.7233,5458832.2216
Other Theft,2017,10,24,20,8,9XX BURRARD ST,West End,490938.7233,5458832.2216
Other Theft,2017,11,20,17,24,9XX BURRARD ST,West End,490938.7233,5458832.2216
Other Theft,2017,11,21,21,29,9XX BURRARD ST,West End,490938.7233,5458832.2216
Other Theft,2017,3,9,9,30,9XX BURRARD ST,Central Business District,490952.9374,5458833.2026
Other Theft,2017,4,8,22,0,9XX BURRARD ST,Central Business District,490952.9374,5458833.2026
Other Theft,2017,7,13,11,0,9XX BURRARD ST,Central Business District,490952.9374,5458833.2026
Other Theft,2017,12,24,22,54,9XX BURRARD ST,Central Business District,490952.9374,5458833.2026
Other Theft,2017,12,22,15,0,9XX BUTE ST,West End,490587.7335,5459088.5276
Other Theft,2017,7,13,16,0,9XX CAMBIE ST,Central Business District,491475.3882,5458216.7298
Other Theft,2017,12,30,17,0,9XX CAMBIE ST,Central Business District,491475.3882,5458216.7298
Other Theft,2017,1,23,9,26,9XX CAMBIE ST,Central Business District,491522.3969,5458268.7109
Other Theft,2017,1,13,16,11,9XX CANADA PL,Central Business District,491609.2906,5459492.6338
Other Theft,2017,1,14,5,36,9XX CANADA PL,Central Business District,491609.2906,5459492.6338
Other Theft,2017,1,28,23,29,9XX CANADA PL,Central Business District,491609.2906,5459492.6338
Other Theft,2017,2,5,19,0,9XX CANADA PL,Central Business District,491609.2906,5459492.6338
Other Theft,2017,2,18,15,0,9XX CANADA PL,Central Business District,491609.2906,5459492.6338
Other Theft,2017,2,24,16,55,9XX CANADA PL,Central Business District,491609.2906,5459492.6338
Other Theft,2017,3,24,15,0,9XX CANADA PL,Central Business District,491609.2906,5459492.6338
Other Theft,2017,4,2,16,24,9XX CANADA PL,Central Business District,491609.2906,5459492.6338
Other Theft,2017,4,6,21,42,9XX CANADA PL,Central Business District,491609.2906,5459492.6338
Other Theft,2017,4,19,9,28,9XX CANADA PL,Central Business District,491609.2906,5459492.6338
Other Theft,2017,4,21,23,40,9XX CANADA PL,Central Business District,491609.2906,5459492.6338
Other Theft,2017,5,8,2,0,9XX CANADA PL,Central Business District,491609.2906,5459492.6338
Other Theft,2017,5,25,19,0,9XX CANADA PL,Central Business District,491609.2906,5459492.6338
Other Theft,2017,5,26,19,19,9XX CANADA PL,Central Business District,491609.2906,5459492.6338
Other Theft,2017,6,3,17,0,9XX CANADA PL,Central Business District,491609.2906,5459492.6338
Other Theft,2017,6,9,9,0,9XX CANADA PL,Central Business District,491609.2906,5459492.6338
Other Theft,2017,6,16,16,45,9XX CANADA PL,Central Business District,491609.2906,5459492.6338
Other Theft,2017,6,17,13,0,9XX CANADA PL,Central Business District,491609.2906,5459492.6338
Other Theft,2017,7,1,12,0,9XX CANADA PL,Central Business District,491609.2906,5459492.6338
Other Theft,2017,7,1,14,0,9XX CANADA PL,Central Business District,491609.2906,5459492.6338
Other Theft,2017,7,1,19,30,9XX CANADA PL,Central Business District,491609.2906,5459492.6338
Other Theft,2017,7,2,6,48,9XX CANADA PL,Central Business District,491609.2906,5459492.6338
Other Theft,2017,7,15,19,0,9XX CANADA PL,Central Business District,491609.2906,5459492.6338
Other Theft,2017,7,27,19,30,9XX CANADA PL,Central Business District,491609.2906,5459492.6338
Other Theft,2017,8,3,22,0,9XX CANADA PL,Central Business District,491609.2906,5459492.6338
Other Theft,2017,8,13,10,45,9XX CANADA PL,Central Business District,491609.2906,5459492.6338
Other Theft,2017,8,20,16,0,9XX CANADA PL,Central Business District,491609.2906,5459492.6338
Other Theft,2017,9,4,13,45,9XX CANADA PL,Central Business District,491609.2906,5459492.6338
Other Theft,2017,9,7,16,48,9XX CANADA PL,Central Business District,491609.2906,5459492.6338
Other Theft,2017,9,8,19,37,9XX CANADA PL,Central Business District,491609.2906,5459492.6338
Other Theft,2017,9,10,17,30,9XX CANADA PL,Central Business District,491609.2906,5459492.6338
Other Theft,2017,10,14,22,30,9XX CANADA PL,Central Business District,491609.2906,5459492.6338
Other Theft,2017,10,15,15,0,9XX CANADA PL,Central Business District,491609.2906,5459492.6338
Other Theft,2017,10,19,13,4,9XX CANADA PL,Central Business District,491609.2906,5459492.6338
Other Theft,2017,10,28,16,0,9XX CANADA PL,Central Business District,491609.2906,5459492.6338
Other Theft,2017,12,2,10,30,9XX CANADA PL,Central Business District,491609.2906,5459492.6338
Other Theft,2017,12,10,23,59,9XX CANADA PL,Central Business District,491609.2906,5459492.6338
Other Theft,2017,12,24,12,3,9XX CANADA PL,Central Business District,491609.2906,5459492.6338
Other Theft,2017,11,17,12,41,9XX CANADA PL,Central Business District,491688.0605,5459446.9747
Other Theft,2017,11,17,18,37,9XX CANADA PL,Central Business District,491688.0605,5459446.9747
Other Theft,2017,1,25,9,11,9XX CANADA PL,Central Business District,491688.8172,5459447.7285
Other Theft,2017,2,25,18,50,9XX CANADA PL,Central Business District,491688.8172,5459447.7285
Other Theft,2017,3,2,23,0,9XX CANADA PL,Central Business District,491688.8172,5459447.7285
Other Theft,2017,3,11,4,30,9XX CANADA PL,Central Business District,491688.8172,5459447.7285
Other Theft,2017,5,9,4,50,9XX CANADA PL,Central Business District,491688.8172,5459447.7285
Other Theft,2017,6,1,16,25,9XX CANADA PL,Central Business District,491688.8172,5459447.7285
Other Theft,2017,9,18,21,0,9XX CARDERO ST,West End,490203.5086,5459451.2734
Other Theft,2017,8,15,0,0,9XX CARDERO ST,West End,490278.0938,5459527.3048
Other Theft,2017,7,18,13,40,9XX CHILCO ST,West End,489766.6055,5459900.3161
Other Theft,2017,6,15,14,0,9XX CLARK DR,Grandview-Woodland,494383.9306,5458189.0772
Other Theft,2017,12,26,12,30,9XX CLARK DR,Grandview-Woodland,494384.3358,5458212.3216
Other Theft,2017,11,5,18,0,9XX COMMERCIAL DR,Grandview-Woodland,494942.0656,5458206.8346
Other Theft,2017,4,1,19,54,9XX COMMERCIAL DR,Grandview-Woodland,494950.4937,5458191.1497
Other Theft,2017,3,2,0,0,9XX COOPERAGE WAY,Central Business District,491697.1694,5457897.5066
Other Theft,2017,5,20,23,4,9XX COOPERAGE WAY,Central Business District,491806.4005,5457976.3539
Other Theft,2017,1,5,0,28,9XX DAVIE ST,Central Business District,490670.4538,5458416.7328
Other Theft,2017,9,26,4,46,9XX DAVIE ST,Central Business District,490672.9165,5458414.3115
Other Theft,2017,10,6,20,10,9XX DAVIE ST,Central Business District,490672.9165,5458414.3115
Other Theft,2017,10,24,6,24,9XX DAVIE ST,Central Business District,490672.9165,5458414.3115
Other Theft,2017,11,27,6,22,9XX DAVIE ST,Central Business District,490672.9165,5458414.3115
Other Theft,2017,2,13,15,30,9XX DAVIE ST,Central Business District,490672.9165,5458414.3115
Other Theft,2017,2,14,1,54,9XX DAVIE ST,Central Business District,490672.9165,5458414.3115
Other Theft,2017,2,19,4,1,9XX DAVIE ST,Central Business District,490672.9165,5458414.3115
Other Theft,2017,3,3,7,50,9XX DAVIE ST,Central Business District,490672.9165,5458414.3115
Other Theft,2017,3,5,8,9,9XX DAVIE ST,Central Business District,490672.9165,5458414.3115
Other Theft,2017,3,9,9,25,9XX DAVIE ST,Central Business District,490672.9165,5458414.3115
Other Theft,2017,4,1,2,32,9XX DAVIE ST,Central Business District,490672.9165,5458414.3115
Other Theft,2017,4,1,2,46,9XX DAVIE ST,Central Business District,490672.9165,5458414.3115
Other Theft,2017,6,18,1,30,9XX DAVIE ST,Central Business District,490675.909,5458411.3696
Other Theft,2017,8,6,6,34,9XX DAVIE ST,Central Business District,490679.3269,5458420.8322
Other Theft,2017,9,29,20,0,9XX DAVIE ST,Central Business District,490680.8232,5458419.3612
Other Theft,2017,8,30,10,29,9XX DENMAN ST,West End,489928.6635,5459649.6844
Other Theft,2017,1,12,20,0,9XX DENMAN ST,West End,489949.7517,5459670.4748
Other Theft,2017,1,29,14,30,9XX DENMAN ST,West End,489967.6058,5459688.0767
Other Theft,2017,3,19,17,0,9XX DENMAN ST,West End,489967.6058,5459688.0767
Other Theft,2017,5,11,5,24,9XX DENMAN ST,West End,489998.8114,5459719.1277
Other Theft,2017,11,14,0,1,9XX DENMAN ST,West End,489998.8114,5459719.1277
Other Theft,2017,6,2,15,40,9XX DENMAN ST,West End,490018.0571,5459739.4031
Other Theft,2017,8,23,14,35,9XX DENMAN ST,West End,490018.0571,5459739.4031
Other Theft,2017,4,5,19,25,9XX DENMAN ST,West End,490032.7081,5459741.5561
Other Theft,2017,12,27,18,30,9XX DENMAN ST,West End,490032.7081,5459741.5561
Other Theft,2017,5,1,19,0,9XX DUNSMUIR ST,Central Business District,491391.4861,5459142.5777
Other Theft,2017,5,27,0,30,9XX DUNSMUIR ST,Central Business District,491391.4861,5459142.5777
Other Theft,2017,8,4,20,48,9XX DUNSMUIR ST,Central Business District,491391.4861,5459142.5777
Other Theft,2017,12,18,15,0,9XX E 11TH AVE,Mount Pleasant,493855.992,5456422.6073
Other Theft,2017,12,11,18,0,9XX E 21ST AVE,Kensington-Cedar Cottage,493813.5737,5455450.742
Other Theft,2017,2,14,1,41,9XX E 28TH AVE,Kensington-Cedar Cottage,493768.6677,5454743.4486
Other Theft,2017,2,13,23,0,9XX E 29TH AVE,Kensington-Cedar Cottage,493815.3988,5454657.7472
Other Theft,2017,9,20,14,46,9XX E 39TH AVE,Kensington-Cedar Cottage,493777.1091,5453546.8974
Other Theft,2017,10,1,0,0,9XX E 57TH AVE,Sunset,493738.7072,5451721.9546
Other Theft,2017,11,18,15,49,9XX E 62ND AVE,Sunset,493687.9698,5451237.1881
Other Theft,2017,11,30,12,0,9XX E 8TH AVE,Mount Pleasant,493871.0265,5456743.521
Other Theft,2017,12,2,12,0,9XX E 8TH AVE,Mount Pleasant,493871.0265,5456743.521
Other Theft,2017,12,6,16,0,9XX E 8TH AVE,Mount Pleasant,493871.0265,5456743.521
Other Theft,2017,12,12,23,0,9XX E BROADWAY AVE,Mount Pleasant,493914.4282,5456629.8528
Other Theft,2017,7,13,6,18,9XX E CORDOVA ST,Strathcona,493840.8,5458804.9743
Other Theft,2017,6,9,9,20,9XX E HASTINGS ST,Strathcona,493870.7475,5458696.3241
Other Theft,2017,11,7,15,0,9XX E HASTINGS ST,Strathcona,493891.0902,5458704.7322
Other Theft,2017,1,16,13,0,9XX E HASTINGS ST,Strathcona,493927.7741,5458703.3941
Other Theft,2017,10,16,12,0,9XX EVANS AVE,Strathcona,493987.4562,5457582.9701
Other Theft,2017,2,6,2,37,9XX EXPO BLVD,Central Business District,491569.7806,5458020.5747
Other Theft,2017,1,18,0,3,9XX GRANVILLE ST,Central Business District,491057.7702,5458507.2768
Other Theft,2017,2,6,22,52,9XX GRANVILLE ST,Central Business District,491057.7702,5458507.2768
Other Theft,2017,4,3,16,30,9XX GRANVILLE ST,Central Business District,491057.7702,5458507.2768
Other Theft,2017,6,18,17,5,9XX GRANVILLE ST,Central Business District,491057.7702,5458507.2768
Other Theft,2017,7,22,20,38,9XX GRANVILLE ST,Central Business District,491057.7702,5458507.2768
Other Theft,2017,10,14,6,16,9XX GRANVILLE ST,Central Business District,491057.7702,5458507.2768
Other Theft,2017,3,11,19,0,9XX GRANVILLE ST,Central Business District,491062.837,5458525.1898
Other Theft,2017,7,26,5,39,9XX GRANVILLE ST,Central Business District,491069.2787,5458518.7
Other Theft,2017,1,16,3,46,9XX GRANVILLE ST,Central Business District,491076.1837,5458525.5538
Other Theft,2017,4,4,15,51,9XX GRANVILLE ST,Central Business District,491076.1837,5458525.5538
Other Theft,2017,6,21,18,15,9XX GRANVILLE ST,Central Business District,491076.1837,5458525.5538
Other Theft,2017,7,24,5,36,9XX GRANVILLE ST,Central Business District,491076.1837,5458525.5538
Other Theft,2017,7,25,7,47,9XX GRANVILLE ST,Central Business District,491076.1837,5458525.5538
Other Theft,2017,9,23,1,35,9XX GRANVILLE ST,Central Business District,491076.1837,5458525.5538
Other Theft,2017,10,7,2,11,9XX GRANVILLE ST,Central Business District,491076.1837,5458525.5538
Other Theft,2017,3,11,12,0,9XX GRANVILLE ST,Central Business District,491088.1556,5458550.3207
Other Theft,2017,2,4,23,0,9XX GRANVILLE ST,Central Business District,491090.4573,5458552.6053
Other Theft,2017,1,1,0,1,9XX GRANVILLE ST,Central Business District,491091.1917,5458553.3346
Other Theft,2017,2,24,17,40,9XX GRANVILLE ST,Central Business District,491092.2956,5458541.5462
Other Theft,2017,10,11,11,16,9XX GRANVILLE ST,Central Business District,491092.2956,5458541.5462
Other Theft,2017,11,25,12,0,9XX GRANVILLE ST,Central Business District,491092.2956,5458541.5462
Other Theft,2017,7,6,3,0,9XX GRANVILLE ST,Central Business District,491099.6641,5458561.7438
Other Theft,2017,7,8,2,0,9XX GRANVILLE ST,Central Business District,491099.6641,5458561.7438
Other Theft,2017,8,29,0,0,9XX GRANVILLE ST,Central Business District,491099.6641,5458561.7438
Other Theft,2017,10,29,22,30,9XX GRANVILLE ST,Central Business District,491099.6641,5458561.7438
Other Theft,2017,12,14,0,30,9XX GRANVILLE ST,Central Business District,491099.6641,5458561.7438
Other Theft,2017,2,12,22,0,9XX GRANVILLE ST,Central Business District,491099.6641,5458561.7438
Other Theft,2017,1,30,3,0,9XX GRANVILLE ST,Central Business District,491103.8041,5458552.9693
Other Theft,2017,3,14,0,0,9XX GRANVILLE ST,Central Business District,491103.8041,5458552.9693
Other Theft,2017,3,24,15,3,9XX GRANVILLE ST,Central Business District,491103.8041,5458552.9693
Other Theft,2017,6,4,2,50,9XX GRANVILLE ST,Central Business District,491103.8041,5458552.9693
Other Theft,2017,6,5,1,0,9XX GRANVILLE ST,Central Business District,491103.8041,5458552.9693
Other Theft,2017,6,17,1,0,9XX GRANVILLE ST,Central Business District,491103.8041,5458552.9693
Other Theft,2017,11,17,1,59,9XX GRANVILLE ST,Central Business District,491103.8041,5458552.9693
Other Theft,2017,9,18,10,5,9XX GRANVILLE ST,Central Business District,491106.1058,5458555.254
Other Theft,2017,10,17,14,20,9XX GRANVILLE ST,Central Business District,491110.7092,5458559.8232
Other Theft,2017,2,11,0,48,9XX GRANVILLE ST,Central Business District,491117.6143,5458566.6771
Other Theft,2017,12,2,1,0,9XX GRANVILLE ST,Central Business District,491122.2177,5458571.2463
Other Theft,2017,2,9,12,17,9XX GRANVILLE ST,Central Business District,491131.8879,5458593.7285
Other Theft,2017,1,9,17,22,9XX GRANVILLE ST,Central Business District,491133.7262,5458582.6695
Other Theft,2017,2,7,0,0,9XX GRANVILLE ST,Central Business District,491133.7262,5458582.6695
Other Theft,2017,2,12,1,45,9XX GRANVILLE ST,Central Business District,491133.7262,5458582.6695
Other Theft,2017,2,13,1,0,9XX GRANVILLE ST,Central Business District,491133.7262,5458582.6695
Other Theft,2017,2,17,4,41,9XX GRANVILLE ST,Central Business District,491133.7262,5458582.6695
Other Theft,2017,2,18,1,0,9XX GRANVILLE ST,Central Business District,491133.7262,5458582.6695
Other Theft,2017,4,15,22,0,9XX GRANVILLE ST,Central Business District,491133.7262,5458582.6695
Other Theft,2017,6,8,2,30,9XX GRANVILLE ST,Central Business District,491133.7262,5458582.6695
Other Theft,2017,6,10,23,30,9XX GRANVILLE ST,Central Business District,491133.7262,5458582.6695
Other Theft,2017,6,15,2,34,9XX GRANVILLE ST,Central Business District,491133.7262,5458582.6695
Other Theft,2017,7,3,1,30,9XX GRANVILLE ST,Central Business District,491133.7262,5458582.6695
Other Theft,2017,7,3,2,50,9XX GRANVILLE ST,Central Business District,491133.7262,5458582.6695
Other Theft,2017,8,4,3,0,9XX GRANVILLE ST,Central Business District,491133.7262,5458582.6695
Other Theft,2017,9,9,2,0,9XX GRANVILLE ST,Central Business District,491133.7262,5458582.6695
Other Theft,2017,10,1,22,0,9XX GRANVILLE ST,Central Business District,491133.7262,5458582.6695
Other Theft,2017,10,7,22,0,9XX GRANVILLE ST,Central Business District,491133.7262,5458582.6695
Other Theft,2017,10,24,1,0,9XX GRANVILLE ST,Central Business District,491133.7262,5458582.6695
Other Theft,2017,10,24,2,30,9XX GRANVILLE ST,Central Business District,491133.7262,5458582.6695
Other Theft,2017,12,17,22,30,9XX GRANVILLE ST,Central Business District,491133.7262,5458582.6695
Other Theft,2017,12,18,0,0,9XX GRANVILLE ST,Central Business District,491133.7262,5458582.6695
Other Theft,2017,12,21,0,0,9XX GRANVILLE ST,Central Business District,491133.7262,5458582.6695
Other Theft,2017,7,8,14,30,9XX GRANVILLE ST,Central Business District,491136.4913,5458598.2978
Other Theft,2017,3,26,23,0,9XX GRANVILLE ST,Central Business District,491138.793,5458600.5824
Other Theft,2017,1,5,0,0,9XX GRANVILLE ST,Central Business District,491141.0947,5458602.867
Other Theft,2017,1,5,1,59,9XX GRANVILLE ST,Central Business District,491141.0947,5458602.867
Other Theft,2017,7,7,23,0,9XX GRANVILLE ST,Central Business District,491141.0947,5458602.867
Other Theft,2017,12,30,0,6,9XX GRANVILLE ST,Central Business District,491141.0947,5458602.867
Other Theft,2017,1,28,0,0,9XX GRANVILLE ST,Central Business District,491143.3964,5458605.1517
Other Theft,2017,3,10,22,30,9XX GRANVILLE ST,Central Business District,491143.3964,5458605.1517
Other Theft,2017,4,8,1,0,9XX GRANVILLE ST,Central Business District,491143.3964,5458605.1517
Other Theft,2017,4,23,22,15,9XX GRANVILLE ST,Central Business District,491143.3964,5458605.1517
Other Theft,2017,8,3,8,4,9XX GRANVILLE ST,Central Business District,491143.3964,5458605.1517
Other Theft,2017,8,12,23,50,9XX GRANVILLE ST,Central Business District,491143.3964,5458605.1517
Other Theft,2017,8,26,2,30,9XX GRANVILLE ST,Central Business District,491143.3964,5458605.1517
Other Theft,2017,8,29,21,6,9XX GRANVILLE ST,Central Business District,491143.3964,5458605.1517
Other Theft,2017,9,24,1,0,9XX GRANVILLE ST,Central Business District,491143.3964,5458605.1517
Other Theft,2017,9,24,2,30,9XX GRANVILLE ST,Central Business District,491143.3964,5458605.1517
Other Theft,2017,11,5,1,5,9XX GRANVILLE ST,Central Business District,491143.3964,5458605.1517
Other Theft,2017,11,12,2,0,9XX GRANVILLE ST,Central Business District,491143.3964,5458605.1517
Other Theft,2017,12,30,1,30,9XX GRANVILLE ST,Central Business District,491143.3964,5458605.1517
Other Theft,2017,10,12,22,45,9XX GRANVILLE ST,Central Business District,491149.838,5458598.6618
Other Theft,2017,2,27,22,43,9XX GRANVILLE ST,Central Business District,491152.6031,5458614.2902
Other Theft,2017,5,21,9,40,9XX GRANVILLE ST,Central Business District,491152.6031,5458614.2902
Other Theft,2017,6,14,23,0,9XX GRANVILLE ST,Central Business District,491152.6031,5458614.2902
Other Theft,2017,10,26,14,24,9XX GRANVILLE ST,Central Business District,491152.6031,5458614.2902
Other Theft,2017,12,15,18,0,9XX GRANVILLE ST,Central Business District,491152.6031,5458614.2902
Other Theft,2017,5,5,2,0,9XX GRANVILLE ST,Central Business District,491159.0448,5458607.8004
Other Theft,2017,9,17,0,34,9XX GRANVILLE ST,Central Business District,491159.0448,5458607.8004
Other Theft,2017,10,23,12,16,9XX GRANVILLE ST,Central Business District,491159.0448,5458607.8004
Other Theft,2017,12,22,4,12,9XX GRANVILLE ST,Central Business District,491159.0448,5458607.8004
Other Theft,2017,3,6,13,18,9XX GRANVILLE ST,Central Business District,491164.1116,5458625.7133
Other Theft,2017,9,29,23,0,9XX GRANVILLE ST,Central Business District,491164.1116,5458625.7133
Other Theft,2017,12,15,0,1,9XX GRANVILLE ST,Central Business District,491164.1116,5458625.7133
Other Theft,2017,3,11,22,25,9XX GRANVILLE ST,Central Business District,491170.5533,5458619.2235
Other Theft,2017,3,17,8,0,9XX GRANVILLE ST,Central Business District,491170.5533,5458619.2235
Other Theft,2017,5,16,2,0,9XX GRANVILLE ST,Central Business District,491170.5533,5458619.2235
Other Theft,2017,5,26,23,53,9XX GRANVILLE ST,Central Business District,491170.5533,5458619.2235
Other Theft,2017,6,24,2,0,9XX GRANVILLE ST,Central Business District,491170.5533,5458619.2235
Other Theft,2017,7,2,20,39,9XX GRANVILLE ST,Central Business District,491170.5533,5458619.2235
Other Theft,2017,7,8,2,19,9XX GRANVILLE ST,Central Business District,491170.5533,5458619.2235
Other Theft,2017,8,14,18,0,9XX GRANVILLE ST,Central Business District,491170.5533,5458619.2235
Other Theft,2017,9,2,1,30,9XX GRANVILLE ST,Central Business District,491170.5533,5458619.2235
Other Theft,2017,10,14,3,53,9XX GRANVILLE ST,Central Business District,491170.5533,5458619.2235
Other Theft,2017,10,14,3,54,9XX GRANVILLE ST,Central Business District,491170.5533,5458619.2235
Other Theft,2017,10,23,3,0,9XX GRANVILLE ST,Central Business District,491170.5533,5458619.2235
Other Theft,2017,11,6,20,41,9XX GRANVILLE ST,Central Business District,491170.5533,5458619.2235
Other Theft,2017,11,11,1,0,9XX GRANVILLE ST,Central Business District,491170.5533,5458619.2235
Other Theft,2017,11,17,1,45,9XX GRANVILLE ST,Central Business District,491170.5533,5458619.2235
Other Theft,2017,11,19,12,0,9XX GRANVILLE ST,Central Business District,491170.5533,5458619.2235
Other Theft,2017,12,17,0,1,9XX GRANVILLE ST,Central Business District,491170.5533,5458619.2235
Other Theft,2017,12,31,23,47,9XX GRANVILLE ST,Central Business District,491170.5533,5458619.2235
Other Theft,2017,9,5,17,14,9XX HAMILTON ST,Central Business District,491349.0381,5458289.4253
Other Theft,2017,9,26,13,25,9XX HELMCKEN ST,Central Business District,490753.8574,5458574.5933
Other Theft,2017,9,23,15,19,9XX HELMCKEN ST,Central Business District,490776.9102,5458552.1213
Other Theft,2017,9,28,2,40,9XX HOMER ST,Central Business District,491272.6767,5458296.2505
Other Theft,2017,9,9,12,30,9XX HOMER ST,Central Business District,491325.8201,5458349.8985
Other Theft,2017,10,8,15,43,9XX HOMER ST,Central Business District,491325.8201,5458349.8985
Other Theft,2017,4,26,15,18,9XX HOMER ST,Central Business District,491333.1873,5458370.3288
Other Theft,2017,6,30,3,30,9XX HOMER ST,Central Business District,491333.1873,5458370.3288
Other Theft,2017,9,8,17,5,9XX HOMER ST,Central Business District,491380.1356,5458417.7212
Other Theft,2017,9,16,8,10,9XX HOMER ST,Central Business District,491380.1356,5458417.7212
Other Theft,2017,3,30,2,28,9XX HORNBY ST,Central Business District,491015.9418,5458760.5025
Other Theft,2017,4,22,22,30,9XX HORNBY ST,Central Business District,491015.9418,5458760.5025
Other Theft,2017,10,29,18,0,9XX HORNBY ST,Central Business District,491015.9418,5458760.5025
Other Theft,2017,8,30,12,10,9XX HOWE ST,Central Business District,491005.3113,5458601.1333
Other Theft,2017,7,6,11,37,9XX HOWE ST,Central Business District,491018.7549,5458614.8786
Other Theft,2017,7,11,17,39,9XX HOWE ST,Central Business District,491018.7549,5458614.8786
Other Theft,2017,2,3,12,0,9XX HOWE ST,Central Business District,491052.3638,5458649.2419
Other Theft,2017,4,11,14,58,9XX HOWE ST,Central Business District,491094.9352,5458692.7686
Other Theft,2017,6,27,5,0,9XX LAMEYS MILL RD,Fairview,490688.8021,5457077.4325
Other Theft,2017,10,20,2,52,9XX MAIN ST,Central Business District,492725.7598,5458184.397
Other Theft,2017,12,14,19,8,9XX MAIN ST,Strathcona,492745.1982,5458165.0928
Other Theft,2017,3,8,22,26,9XX MAIN ST,Strathcona,492745.9493,5458193.9988
Other Theft,2017,10,21,0,1,9XX MAIN ST,Strathcona,492745.9493,5458193.9988
Other Theft,2017,5,3,22,59,9XX MAIN ST,Strathcona,492745.9994,5458195.9259
Other Theft,2017,7,1,20,3,9XX MAIN ST,Strathcona,492745.9994,5458195.9259
Other Theft,2017,11,1,2,30,9XX MAIN ST,Strathcona,492746.6503,5458220.9778
Other Theft,2017,11,20,14,46,9XX MAINLAND ST,Central Business District,491369.9361,5458247.7543
Other Theft,2017,10,11,14,18,9XX MAINLAND ST,Central Business District,491446.1327,5458321.9832
Other Theft,2017,3,16,17,53,9XX MAINLAND ST,Central Business District,491455.2962,5458335.1263
Other Theft,2017,2,27,17,30,9XX NELSON ST,Central Business District,490846.0834,5458717.3349
Other Theft,2017,4,26,15,0,9XX NICOLA ST,West End,490243.6258,5459324.0899
Other Theft,2017,9,22,22,24,9XX PACIFIC BLVD,Central Business District,491720.6816,5457979.5593
Other Theft,2017,7,3,15,0,9XX POWELL ST,Strathcona,493947.9759,5458880.797
Other Theft,2017,10,24,11,17,9XX POWELL ST,Strathcona,493947.9759,5458880.797
Other Theft,2017,5,18,7,38,9XX RICHARDS ST,Central Business District,491278.3703,5458445.3953
Other Theft,2017,7,20,6,0,9XX RICHARDS ST,Central Business District,491278.3703,5458445.3953
Other Theft,2017,12,5,14,10,9XX RICHARDS ST,Central Business District,491298.5278,5458465.8433
Other Theft,2017,8,20,15,34,9XX ROBSON ST,Central Business District,491081.5644,5458936.7283
Other Theft,2017,2,1,20,37,9XX ROBSON ST,Central Business District,491087.3936,5458931.2578
Other Theft,2017,2,2,12,20,9XX ROBSON ST,Central Business District,491087.3936,5458931.2578
Other Theft,2017,2,13,12,17,9XX ROBSON ST,Central Business District,491087.3936,5458931.2578
Other Theft,2017,2,17,13,4,9XX ROBSON ST,Central Business District,491087.3936,5458931.2578
Other Theft,2017,3,4,18,49,9XX ROBSON ST,Central Business District,491087.3936,5458931.2578
Other Theft,2017,3,12,19,25,9XX ROBSON ST,Central Business District,491087.3936,5458931.2578
Other Theft,2017,3,15,13,54,9XX ROBSON ST,Central Business District,491087.3936,5458931.2578
Other Theft,2017,3,20,14,13,9XX ROBSON ST,Central Business District,491087.3936,5458931.2578
Other Theft,2017,3,28,18,8,9XX ROBSON ST,Central Business District,491087.3936,5458931.2578
Other Theft,2017,4,4,18,2,9XX ROBSON ST,Central Business District,491087.3936,5458931.2578
Other Theft,2017,4,5,12,5,9XX ROBSON ST,Central Business District,491087.3936,5458931.2578
Other Theft,2017,5,9,20,18,9XX ROBSON ST,Central Business District,491087.3936,5458931.2578
Other Theft,2017,6,8,14,13,9XX ROBSON ST,Central Business District,491087.3936,5458931.2578
Other Theft,2017,6,12,19,45,9XX ROBSON ST,Central Business District,491087.3936,5458931.2578
Other Theft,2017,6,13,16,15,9XX ROBSON ST,Central Business District,491087.3936,5458931.2578
Other Theft,2017,7,3,16,0,9XX ROBSON ST,Central Business District,491087.3936,5458931.2578
Other Theft,2017,7,3,21,0,9XX ROBSON ST,Central Business District,491087.3936,5458931.2578
Other Theft,2017,7,4,10,42,9XX ROBSON ST,Central Business District,491087.3936,5458931.2578
Other Theft,2017,7,5,9,58,9XX ROBSON ST,Central Business District,491087.3936,5458931.2578
Other Theft,2017,7,9,17,21,9XX ROBSON ST,Central Business District,491087.3936,5458931.2578
Other Theft,2017,7,11,13,40,9XX ROBSON ST,Central Business District,491087.3936,5458931.2578
Other Theft,2017,7,25,9,25,9XX ROBSON ST,Central Business District,491087.3936,5458931.2578
Other Theft,2017,7,30,20,14,9XX ROBSON ST,Central Business District,491087.3936,5458931.2578
Other Theft,2017,8,1,20,57,9XX ROBSON ST,Central Business District,491087.3936,5458931.2578
Other Theft,2017,8,9,20,48,9XX ROBSON ST,Central Business District,491087.3936,5458931.2578
Other Theft,2017,8,13,21,37,9XX ROBSON ST,Central Business District,491087.3936,5458931.2578
Other Theft,2017,8,18,17,50,9XX ROBSON ST,Central Business District,491087.3936,5458931.2578
Other Theft,2017,8,20,20,18,9XX ROBSON ST,Central Business District,491087.3936,5458931.2578
Other Theft,2017,8,22,21,9,9XX ROBSON ST,Central Business District,491087.3936,5458931.2578
Other Theft,2017,8,31,21,21,9XX ROBSON ST,Central Business District,491087.3936,5458931.2578
Other Theft,2017,9,3,20,53,9XX ROBSON ST,Central Business District,491087.3936,5458931.2578
Other Theft,2017,9,6,14,10,9XX ROBSON ST,Central Business District,491087.3936,5458931.2578
Other Theft,2017,9,12,15,4,9XX ROBSON ST,Central Business District,491087.3936,5458931.2578
Other Theft,2017,9,29,19,27,9XX ROBSON ST,Central Business District,491087.3936,5458931.2578
Other Theft,2017,10,2,20,3,9XX ROBSON ST,Central Business District,491087.3936,5458931.2578
Other Theft,2017,10,15,10,36,9XX ROBSON ST,Central Business District,491087.3936,5458931.2578
Other Theft,2017,11,7,10,54,9XX ROBSON ST,Central Business District,491087.3936,5458931.2578
Other Theft,2017,11,7,20,57,9XX ROBSON ST,Central Business District,491087.3936,5458931.2578
Other Theft,2017,11,8,15,15,9XX ROBSON ST,Central Business District,491087.3936,5458931.2578
Other Theft,2017,11,15,19,30,9XX ROBSON ST,Central Business District,491087.3936,5458931.2578
Other Theft,2017,11,19,12,47,9XX ROBSON ST,Central Business District,491087.3936,5458931.2578
Other Theft,2017,12,7,17,15,9XX ROBSON ST,Central Business District,491087.3936,5458931.2578
Other Theft,2017,12,12,16,40,9XX ROBSON ST,Central Business District,491087.3936,5458931.2578
Other Theft,2017,12,12,16,54,9XX ROBSON ST,Central Business District,491087.3936,5458931.2578
Other Theft,2017,12,14,17,2,9XX ROBSON ST,Central Business District,491087.3936,5458931.2578
Other Theft,2017,12,29,20,52,9XX ROBSON ST,Central Business District,491087.3936,5458931.2578
Other Theft,2017,4,7,15,21,9XX ROBSON ST,Central Business District,491094.6802,5458924.4197
Other Theft,2017,4,6,10,35,9XX ROBSON ST,Central Business District,491100.9375,5458931.0875
Other Theft,2017,5,20,15,17,9XX ROBSON ST,Central Business District,491100.9375,5458931.0875
Other Theft,2017,10,31,14,4,9XX ROBSON ST,Central Business District,491100.9375,5458931.0875
Other Theft,2017,11,30,14,55,9XX ROBSON ST,Central Business District,491103.424,5458916.214
Other Theft,2017,11,25,14,0,9XX ROBSON ST,Central Business District,491125.4943,5458908.0422
Other Theft,2017,2,20,0,0,9XX ROBSON ST,Central Business District,491126.8263,5458894.2521
Other Theft,2017,6,11,12,38,9XX ROBSON ST,Central Business District,491126.8263,5458894.2521
Other Theft,2017,7,24,15,18,9XX ROBSON ST,Central Business District,491126.8263,5458894.2521
Other Theft,2017,8,1,10,12,9XX ROBSON ST,Central Business District,491126.8263,5458894.2521
Other Theft,2017,8,12,15,0,9XX ROBSON ST,Central Business District,491126.8263,5458894.2521
Other Theft,2017,8,13,14,20,9XX ROBSON ST,Central Business District,491126.8263,5458894.2521
Other Theft,2017,8,17,16,38,9XX ROBSON ST,Central Business District,491126.8263,5458894.2521
Other Theft,2017,11,8,13,15,9XX ROBSON ST,Central Business District,491126.8263,5458894.2521
Other Theft,2017,12,1,18,40,9XX ROBSON ST,Central Business District,491126.8263,5458894.2521
Other Theft,2017,12,9,14,40,9XX ROBSON ST,Central Business District,491126.8263,5458894.2521
Other Theft,2017,8,5,11,10,9XX ROBSON ST,Central Business District,491133.0837,5458900.9199
Other Theft,2017,2,22,0,0,9XX SEYMOUR ST,Central Business District,491125.9219,5458441.2075
Other Theft,2017,3,1,12,0,9XX SEYMOUR ST,Central Business District,491125.9219,5458441.2075
Other Theft,2017,6,23,23,30,9XX SEYMOUR ST,Central Business District,491125.9219,5458441.2075
Other Theft,2017,12,28,0,0,9XX SEYMOUR ST,Central Business District,491128.154,5458443.4336
Other Theft,2017,1,23,17,19,9XX SEYMOUR ST,Central Business District,491141.3075,5458443.6374
Other Theft,2017,2,1,14,36,9XX SEYMOUR ST,Central Business District,491141.3075,5458443.6374
Other Theft,2017,3,16,14,12,9XX SEYMOUR ST,Central Business District,491141.3075,5458443.6374
Other Theft,2017,3,23,19,0,9XX SEYMOUR ST,Central Business District,491141.3075,5458443.6374
Other Theft,2017,5,5,12,32,9XX SEYMOUR ST,Central Business District,491141.3075,5458443.6374
Other Theft,2017,8,3,18,0,9XX SEYMOUR ST,Central Business District,491141.3075,5458443.6374
Other Theft,2017,9,18,21,20,9XX SEYMOUR ST,Central Business District,491141.3075,5458443.6374
Other Theft,2017,10,7,14,5,9XX SEYMOUR ST,Central Business District,491141.3075,5458443.6374
Other Theft,2017,11,17,20,23,9XX SEYMOUR ST,Central Business District,491141.3075,5458443.6374
Other Theft,2017,7,15,9,25,9XX SEYMOUR ST,Central Business District,491152.4681,5458454.768
Other Theft,2017,1,3,7,55,9XX SEYMOUR ST,Central Business District,491153.9408,5458456.2365
Other Theft,2017,4,12,6,55,9XX SEYMOUR ST,Central Business District,491174.7894,5458477.0292
Other Theft,2017,11,24,11,0,9XX SEYMOUR ST,Central Business District,491174.7894,5458477.0292
Other Theft,2017,1,7,13,14,9XX SEYMOUR ST,Central Business District,491199.5822,5458514.6694
Other Theft,2017,8,30,17,48,9XX SEYMOUR ST,Central Business District,491199.5822,5458514.6694
Other Theft,2017,7,28,18,0,9XX SEYMOUR ST,Central Business District,491206.2786,5458521.3477
Other Theft,2017,4,3,8,57,9XX SEYMOUR ST,Central Business District,491235.2963,5458550.2872
Other Theft,2017,8,15,14,45,9XX SEYMOUR ST,Central Business District,491235.2963,5458550.2872
Other Theft,2017,11,18,11,34,9XX SEYMOUR ST,Central Business District,491235.2963,5458550.2872
Other Theft,2017,7,7,16,25,9XX SEYMOUR ST,Central Business District,491241.7534,5458543.8127
Other Theft,2017,7,18,22,43,9XX SEYMOUR ST,Central Business District,491241.7534,5458543.8127
Other Theft,2017,9,17,11,42,9XX SEYMOUR ST,Central Business District,491241.7534,5458543.8127
Other Theft,2017,12,15,16,33,9XX SEYMOUR ST,Central Business District,491241.7534,5458543.8127
Other Theft,2017,12,28,21,40,9XX SEYMOUR ST,Central Business District,491241.7534,5458543.8127
Other Theft,2017,7,2,22,30,9XX SMITHE ST,Central Business District,490954.9839,5458827.507
Other Theft,2017,7,7,22,30,9XX SMITHE ST,Central Business District,490954.9839,5458827.507
Other Theft,2017,2,15,19,22,9XX SMITHE ST,Central Business District,490994.2335,5458790.1479
Other Theft,2017,1,6,16,33,9XX TERMINAL AVE,Strathcona,493902.9132,5457453.3292
Other Theft,2017,1,8,18,31,9XX TERMINAL AVE,Strathcona,493902.9132,5457453.3292
Other Theft,2017,2,16,19,54,9XX TERMINAL AVE,Strathcona,493902.9132,5457453.3292
Other Theft,2017,3,18,11,28,9XX TERMINAL AVE,Strathcona,493902.9132,5457453.3292
Other Theft,2017,3,27,14,0,9XX TERMINAL AVE,Strathcona,493902.9132,5457453.3292
Other Theft,2017,4,8,16,28,9XX TERMINAL AVE,Strathcona,493902.9132,5457453.3292
Other Theft,2017,4,8,18,48,9XX TERMINAL AVE,Strathcona,493902.9132,5457453.3292
Other Theft,2017,4,16,10,59,9XX TERMINAL AVE,Strathcona,493902.9132,5457453.3292
Other Theft,2017,5,10,18,52,9XX TERMINAL AVE,Strathcona,493902.9132,5457453.3292
Other Theft,2017,5,11,20,0,9XX TERMINAL AVE,Strathcona,493902.9132,5457453.3292
Other Theft,2017,5,15,14,10,9XX TERMINAL AVE,Strathcona,493902.9132,5457453.3292
Other Theft,2017,5,19,12,45,9XX TERMINAL AVE,Strathcona,493902.9132,5457453.3292
Other Theft,2017,5,26,19,5,9XX TERMINAL AVE,Strathcona,493902.9132,5457453.3292
Other Theft,2017,5,28,11,51,9XX TERMINAL AVE,Strathcona,493902.9132,5457453.3292
Other Theft,2017,6,13,18,56,9XX TERMINAL AVE,Strathcona,493902.9132,5457453.3292
Other Theft,2017,6,22,13,30,9XX TERMINAL AVE,Strathcona,493902.9132,5457453.3292
Other Theft,2017,8,12,16,45,9XX TERMINAL AVE,Strathcona,493902.9132,5457453.3292
Other Theft,2017,9,8,16,29,9XX TERMINAL AVE,Strathcona,493902.9132,5457453.3292
Other Theft,2017,9,8,17,56,9XX TERMINAL AVE,Strathcona,493902.9132,5457453.3292
Other Theft,2017,9,11,14,31,9XX TERMINAL AVE,Strathcona,493902.9132,5457453.3292
Other Theft,2017,9,14,16,44,9XX TERMINAL AVE,Strathcona,493902.9132,5457453.3292
Other Theft,2017,10,2,15,49,9XX TERMINAL AVE,Strathcona,493902.9132,5457453.3292
Other Theft,2017,10,3,18,19,9XX TERMINAL AVE,Strathcona,493902.9132,5457453.3292
Other Theft,2017,10,5,13,52,9XX TERMINAL AVE,Strathcona,493902.9132,5457453.3292
Other Theft,2017,10,5,15,52,9XX TERMINAL AVE,Strathcona,493902.9132,5457453.3292
Other Theft,2017,11,6,16,51,9XX TERMINAL AVE,Strathcona,493902.9132,5457453.3292
Other Theft,2017,11,12,13,15,9XX TERMINAL AVE,Strathcona,493902.9132,5457453.3292
Other Theft,2017,11,21,18,46,9XX TERMINAL AVE,Strathcona,493902.9132,5457453.3292
Other Theft,2017,11,26,9,30,9XX TERMINAL AVE,Strathcona,493902.9132,5457453.3292
Other Theft,2017,12,6,18,11,9XX TERMINAL AVE,Strathcona,493902.9132,5457453.3292
Other Theft,2017,12,9,7,25,9XX TERMINAL AVE,Strathcona,493902.9132,5457453.3292
Other Theft,2017,12,10,15,25,9XX TERMINAL AVE,Strathcona,493902.9132,5457453.3292
Other Theft,2017,12,11,16,50,9XX TERMINAL AVE,Strathcona,493902.9132,5457453.3292
Other Theft,2017,12,16,15,1,9XX TERMINAL AVE,Strathcona,493902.9132,5457453.3292
Other Theft,2017,12,26,18,20,9XX TERMINAL AVE,Strathcona,493902.9132,5457453.3292
Other Theft,2017,4,10,7,30,9XX THURLOW ST,West End,490808.2407,5458994.9732
Other Theft,2017,3,27,6,40,9XX UNION ST,Strathcona,493932.1206,5458289.6839
Other Theft,2017,6,9,9,0,9XX W 10TH AVE,Fairview,490901.3572,5456630.2663
Other Theft,2017,2,2,18,10,9XX W 10TH AVE,Fairview,490927.3589,5456629.6344
Other Theft,2017,2,9,21,0,9XX W 10TH AVE,Fairview,490927.3589,5456629.6344
Other Theft,2017,2,10,14,51,9XX W 10TH AVE,Fairview,490927.3589,5456629.6344
Other Theft,2017,5,24,21,45,9XX W 10TH AVE,Fairview,490927.3589,5456629.6344
Other Theft,2017,10,23,6,0,9XX W 10TH AVE,Fairview,490927.3589,5456629.6344
Other Theft,2017,2,9,16,0,9XX W 10TH AVE,Fairview,490943.6099,5456629.2395
Other Theft,2017,2,15,11,50,9XX W 10TH AVE,Fairview,490943.6099,5456629.2395
Other Theft,2017,3,24,14,0,9XX W 12TH AVE,Fairview,490946.5396,5456425.485
Other Theft,2017,5,30,10,15,9XX W 12TH AVE,Fairview,490946.5396,5456425.485
Other Theft,2017,9,13,0,0,9XX W 20TH AVE,South Cambie,490775.2237,5455642.1381
Other Theft,2017,5,20,12,58,9XX W 28TH AVE,South Cambie,490738.1082,5454848.7801
Other Theft,2017,6,9,19,30,9XX W 37TH AVE,South Cambie,490798.1957,5453872.071
Other Theft,2017,1,26,7,53,9XX W 38TH AVE,South Cambie,490834.3437,5453770.5131
Other Theft,2017,2,26,0,0,9XX W 41ST AVE,Oakridge,490753.9874,5453456.2566
Other Theft,2017,12,29,12,0,9XX W 41ST AVE,Oakridge,490753.9874,5453456.2566
Other Theft,2017,6,12,13,0,9XX W 49TH AVE,Oakridge,490720.0737,5452649.1631
Other Theft,2017,12,8,11,0,9XX W 49TH AVE,Oakridge,490720.0737,5452649.1631
Other Theft,2017,7,18,18,30,9XX W 59TH AVE,Marpole,490601.1353,5451595.0358
Other Theft,2017,8,17,20,25,9XX W 59TH AVE,Marpole,490601.1353,5451595.0358
Other Theft,2017,3,14,8,0,9XX W 6TH AVE,Fairview,490864.7783,5457027.0748
Other Theft,2017,3,14,8,10,9XX W 6TH AVE,Fairview,490864.7783,5457027.0748
Other Theft,2017,4,11,1,29,9XX W 8TH AVE,Fairview,490877.4936,5456841.3976
Other Theft,2017,11,11,23,0,9XX W 8TH AVE,Fairview,490891.393,5456850.1823
Other Theft,2017,2,16,16,6,9XX W BROADWAY AVE,Fairview,490888.5998,5456747.8175
Other Theft,2017,8,15,19,30,9XX W BROADWAY AVE,Fairview,490946.5635,5456746.3399
Other Theft,2017,12,15,18,15,9XX W BROADWAY AVE,Fairview,490960.2021,5456745.9923
Other Theft,2017,8,4,19,0,9XX W CORDOVA ST,Central Business District,491635.1172,5459398.4438
Other Theft,2017,5,29,19,45,9XX W CORDOVA ST,Central Business District,491637.4587,5459386.6
Other Theft,2017,1,10,10,0,9XX W GEORGIA ST,Central Business District,491249.6179,5459030.2409
Other Theft,2017,7,6,13,31,9XX W GEORGIA ST,Central Business District,491250.3621,5459029.499
Other Theft,2017,1,28,0,0,9XX W GEORGIA ST,Central Business District,491260.6883,5459006.2925
Other Theft,2017,1,31,10,17,9XX W GEORGIA ST,Central Business District,491260.6883,5459006.2925
Other Theft,2017,3,10,9,59,9XX W GEORGIA ST,Central Business District,491260.6883,5459006.2925
Other Theft,2017,3,26,13,18,9XX W GEORGIA ST,Central Business District,491260.6883,5459006.2925
Other Theft,2017,4,1,0,12,9XX W GEORGIA ST,Central Business District,491260.6883,5459006.2925
Other Theft,2017,5,14,18,50,9XX W GEORGIA ST,Central Business District,491260.6883,5459006.2925
Other Theft,2017,5,20,21,45,9XX W GEORGIA ST,Central Business District,491260.6883,5459006.2925
Other Theft,2017,5,28,1,0,9XX W GEORGIA ST,Central Business District,491260.6883,5459006.2925
Other Theft,2017,6,20,14,13,9XX W GEORGIA ST,Central Business District,491260.6883,5459006.2925
Other Theft,2017,10,31,1,36,9XX W GEORGIA ST,Central Business District,491260.6883,5459006.2925
Other Theft,2017,11,25,17,30,9XX W GEORGIA ST,Central Business District,491260.6883,5459006.2925
Other Theft,2017,12,7,1,30,9XX W GEORGIA ST,Central Business District,491260.6883,5459006.2925
Other Theft,2017,12,8,15,58,9XX W GEORGIA ST,Central Business District,491260.6883,5459006.2925
Other Theft,2017,12,9,17,15,9XX W GEORGIA ST,Central Business District,491260.6883,5459006.2925
Other Theft,2017,2,1,11,4,9XX W HASTINGS ST,Central Business District,491499.5999,5459389.1782
Other Theft,2017,7,31,11,30,9XX W HASTINGS ST,Central Business District,491499.5999,5459389.1782
Other Theft,2017,12,22,15,2,9XX W HASTINGS ST,Central Business District,491499.5999,5459389.1782
Other Theft,2017,4,6,3,2,9XX W HASTINGS ST,Central Business District,491567.9835,5459339.0497
Other Theft,2017,7,21,18,0,9XX W HASTINGS ST,Central Business District,491567.9835,5459339.0497
Other Theft,2017,4,14,20,23,9XX W KING EDWARD AVE,South Cambie,490741.884,5455154.5457
Other Theft,2017,11,1,14,33,9XX W KING EDWARD AVE,South Cambie,490741.884,5455154.5457
Other Theft,2017,8,27,19,0,9XX W PENDER ST,Central Business District,491487.9774,5459266.0808
Other Theft,2017,9,9,12,0,9XX WOODLAND DR,Grandview-Woodland,494669.5877,5458206.4471
Other Theft,2017,4,1,23,3,ABBOTT ST / EXPO BLVD,Central Business District,492170.8718,5458437.771
Other Theft,2017,6,12,15,0,ABBOTT ST / EXPO BLVD,Central Business District,492170.8718,5458437.771
Other Theft,2017,10,19,0,10,ABBOTT ST / EXPO BLVD,Central Business District,492170.8718,5458437.771
Other Theft,2017,5,22,13,0,ABBOTT ST / KEEFER PL,Central Business District,492171.8765,5458556.189
Other Theft,2017,5,22,15,0,ABBOTT ST / TROUNCE ALLY,Central Business District,492246.6639,5458966.1916
Other Theft,2017,2,4,22,50,ABBOTT ST / W CORDOVA ST,Central Business District,492233.1575,5458913.7943
Other Theft,2017,2,11,23,0,ABBOTT ST / W CORDOVA ST,Central Business District,492233.1575,5458913.7943
Other Theft,2017,7,20,12,4,ABBOTT ST / W CORDOVA ST,Central Business District,492233.1575,5458913.7943
Other Theft,2017,8,5,3,22,ABBOTT ST / W CORDOVA ST,Central Business District,492233.1575,5458913.7943
Other Theft,2017,2,10,18,10,ABBOTT ST / W HASTINGS ST,Central Business District,492203.9207,5458810.8912
Other Theft,2017,2,14,18,38,ABBOTT ST / W HASTINGS ST,Central Business District,492203.9207,5458810.8912
Other Theft,2017,3,10,17,55,ABBOTT ST / W HASTINGS ST,Central Business District,492203.9207,5458810.8912
Other Theft,2017,3,25,18,8,ABBOTT ST / W HASTINGS ST,Central Business District,492203.9207,5458810.8912
Other Theft,2017,5,13,3,0,ABBOTT ST / W HASTINGS ST,Central Business District,492203.9207,5458810.8912
Other Theft,2017,5,22,23,0,ABBOTT ST / W HASTINGS ST,Central Business District,492203.9207,5458810.8912
Other Theft,2017,8,15,7,25,ABBOTT ST / W HASTINGS ST,Central Business District,492203.9207,5458810.8912
Other Theft,2017,8,26,19,51,ABBOTT ST / W HASTINGS ST,Central Business District,492203.9207,5458810.8912
Other Theft,2017,9,8,21,0,ABBOTT ST / W HASTINGS ST,Central Business District,492203.9207,5458810.8912
Other Theft,2017,10,29,1,0,ABBOTT ST / W HASTINGS ST,Central Business District,492203.9207,5458810.8912
Other Theft,2017,11,15,17,30,ABBOTT ST / W HASTINGS ST,Central Business District,492203.9207,5458810.8912
Other Theft,2017,11,20,18,15,ABBOTT ST / W HASTINGS ST,Central Business District,492203.9207,5458810.8912
Other Theft,2017,6,3,8,0,ABBOTT ST / W PENDER ST,Central Business District,492175.4366,5458706.8536
Other Theft,2017,7,20,6,30,ABBOTT ST / W PENDER ST,Central Business District,492175.4366,5458706.8536
Other Theft,2017,10,2,16,40,ABBOTT ST / W PENDER ST,Central Business District,492175.4366,5458706.8536
Other Theft,2017,5,23,18,30,ADANAC ST / CLARK DR,Grandview-Woodland,494381.4557,5458326.4319
Other Theft,2017,10,5,13,35,ALEXANDER ST / COLUMBIA ST,Central Business District,492570.1599,5459009.3691
Other Theft,2017,3,12,22,55,ALEXANDER ST / POWELL ST,Central Business District,492436.2352,5458962.4702
Other Theft,2017,11,24,23,0,ALEXANDER ST / POWELL ST,Central Business District,492436.2352,5458962.4702
Other Theft,2017,7,4,16,26,ALEXANDER ST / PRINCESS AVE,Strathcona,493355.5196,5459025.3393
Other Theft,2017,3,17,22,40,ALMA ST / W 11TH AVE,Kitsilano,486472.8924,5456659.2037
Other Theft,2017,10,9,12,15,ALMA ST / W 4TH AVE,Kitsilano,486491.6006,5457332.8651
Other Theft,2017,10,14,16,30,ALMA ST / W BROADWAY AVE,Kitsilano,486476.439,5456861.838
Other Theft,2017,5,22,14,0,ANDERSON ST / DURANLEAU ST,Fairview,490102.7315,5457550.0251
Other Theft,2017,3,5,16,0,ANDERSON ST / LAMEYS MILL RD,Fairview,489978.9966,5457412.9642
Other Theft,2017,3,6,13,50,ARBUTUS ST / NANTON AVE,Arbutus Ridge,488843.7729,5454999.4981
Other Theft,2017,1,22,20,6,ARBUTUS ST / W BROADWAY AVE,Kitsilano,488872.9021,5456795.4582
Other Theft,2017,6,14,20,40,ARBUTUS ST / W BROADWAY AVE,Kitsilano,488872.9021,5456795.4582
Other Theft,2017,9,11,0,0,ARBUTUS ST / W BROADWAY AVE,Kitsilano,488872.9021,5456795.4582
Other Theft,2017,10,6,21,0,ARBUTUS ST / W BROADWAY AVE,Kitsilano,488872.9021,5456795.4582
Other Theft,2017,12,1,14,0,ARBUTUS ST / W BROADWAY AVE,Kitsilano,488872.9021,5456795.4582
Other Theft,2017,8,13,8,43,ARGYLE ST / SE MARINE DR,Victoria-Fraserview,494750.4751,5450912.8797
Other Theft,2017,5,19,10,58,ASH ST / W BROADWAY AVE,Fairview,491449.6182,5456727.3828
Other Theft,2017,2,12,0,0,ATHLETES WAY / ONTARIO ST,Mount Pleasant,492391.534,5457643.8149
Other Theft,2017,7,28,17,0,AVISON WAY / STANLEY PARK DR,Stanley Park,490489.4165,5460577.3746
Other Theft,2017,1,20,13,0,BALACLAVA ST / W 30TH AVE,Dunbar-Southlands,487208.8723,5454727.343
Other Theft,2017,7,3,14,30,BALSAM ST / W 10TH AVE,Kitsilano,488355.7416,5456703.4894
Other Theft,2017,7,5,9,0,BALSAM ST / W 41ST AVE,Arbutus Ridge,488254.4963,5453556.7571
Other Theft,2017,10,15,12,0,BALSAM ST / W 4TH AVE,Kitsilano,488371.4432,5457288.8598
Other Theft,2017,8,17,8,20,BARCLAY ST / BURRARD ST,West End,490911.1598,5458799.38
Other Theft,2017,8,23,18,0,BARCLAY ST / DENMAN ST,West End,489997.8449,5459711.4685
Other Theft,2017,9,3,13,0,BARCLAY ST / DENMAN ST,West End,489997.8449,5459711.4685
Other Theft,2017,3,25,16,17,BEACH AVE / HOWE ST,Central Business District,490411.7691,5458008.5912
Other Theft,2017,3,10,23,11,BEATTY ST / DUNSMUIR ST,Central Business District,491960.3798,5458570.8619
Other Theft,2017,2,3,14,0,BEATTY ST / SMITHE ST,Central Business District,491593.4453,5458204.3755
Other Theft,2017,12,6,0,0,BEATTY ST / W PENDER ST,Central Business District,492111.7939,5458724.1652
Other Theft,2017,7,4,10,45,BIDWELL ST / ROBSON ST,West End,490264.7788,5459755.1459
Other Theft,2017,12,10,13,52,BIRCH ST / W BROADWAY AVE,Fairview,490271.0705,5456759.2785
Other Theft,2017,11,14,0,0,BLANCA ST / W 10TH AVE,West Point Grey,484377.726,5456816.7597
Other Theft,2017,11,18,11,40,BOUNDARY RD / E 29TH AVE,Renfrew-Collingwood,498268.4365,5454705.8628
Other Theft,2017,6,4,20,33,BOUNDARY RD / GRANDVIEW HWY,Renfrew-Collingwood,498268.9966,5456160.4319
Other Theft,2017,1,22,11,7,BROUGHTON ST / ROBSON ST,West End,490550.1824,5459471.284
Other Theft,2017,6,13,15,52,BRUNSWICK ST / E 8TH AVE,Mount Pleasant,492934.9147,5456767.261
Other Theft,2017,5,6,13,0,BRUNSWICK ST / E BROADWAY AVE,Mount Pleasant,492941.3029,5456673.5726
Other Theft,2017,10,14,21,39,BURRARD ST / CANADA PL,Central Business District,491602.0875,5459490.8032
Other Theft,2017,5,1,0,0,BURRARD ST / DAVIE ST,West End,490604.1485,5458488.3285
Other Theft,2017,6,6,23,59,BURRARD ST / DAVIE ST,West End,490604.1485,5458488.3285
Other Theft,2017,7,15,4,0,BURRARD ST / DAVIE ST,West End,490604.1485,5458488.3285
Other Theft,2017,8,3,23,14,BURRARD ST / DAVIE ST,West End,490604.1485,5458488.3285
Other Theft,2017,6,24,1,30,BURRARD ST / DUNSMUIR ST,Central Business District,491317.437,5459212.357
Other Theft,2017,9,9,1,58,BURRARD ST / DUNSMUIR ST,Central Business District,491317.437,5459212.357
Other Theft,2017,11,27,15,30,BURRARD ST / HELMCKEN ST,West End,490717.6683,5458603.4862
Other Theft,2017,4,29,17,30,BURRARD ST / NELSON ST,West End,490833.279,5458723.2686
Other Theft,2017,2,11,20,45,BURRARD ST / ROBSON ST,West End,491068.8642,5458954.9168
Other Theft,2017,6,4,8,24,BURRARD ST / ROBSON ST,West End,491068.8642,5458954.9168
Other Theft,2017,7,29,23,31,BURRARD ST / ROBSON ST,West End,491068.8642,5458954.9168
Other Theft,2017,8,27,23,30,BURRARD ST / ROBSON ST,West End,491068.8642,5458954.9168
Other Theft,2017,9,21,8,40,BURRARD ST / ROBSON ST,West End,491068.8642,5458954.9168
Other Theft,2017,12,26,23,0,BURRARD ST / ROBSON ST,West End,491068.8642,5458954.9168
Other Theft,2017,9,19,17,30,BURRARD ST / SMITHE ST,West End,490950.9629,5458837.6465
Other Theft,2017,7,8,13,30,BURRARD ST / W 4TH AVE,Fairview,489404.7671,5457259.625
Other Theft,2017,8,27,16,27,BURRARD ST / W 4TH AVE,Fairview,489404.7671,5457259.625
Other Theft,2017,9,13,17,20,BURRARD ST / W BROADWAY AVE,Fairview,489395.3772,5456781.1522
Other Theft,2017,12,31,23,30,BURRARD ST / W CORDOVA ST,Central Business District,491550.3179,5459441.3252
Other Theft,2017,2,9,16,30,BURRARD ST / W GEORGIA ST,Central Business District,491193.2025,5459080.0284
Other Theft,2017,9,3,9,52,BURRARD ST / W GEORGIA ST,Central Business District,491193.2025,5459080.0284
Other Theft,2017,9,13,5,15,BURRARD ST / W GEORGIA ST,Central Business District,491193.2025,5459080.0284
Other Theft,2017,9,26,13,0,BURRARD ST / W GEORGIA ST,Central Business District,491193.2025,5459080.0284
Other Theft,2017,4,6,17,21,BURRARD ST / W PENDER ST,Central Business District,491426.8765,5459318.3757
Other Theft,2017,8,6,15,0,BURRARD ST / W PENDER ST,Central Business District,491426.8765,5459318.3757
Other Theft,2017,2,8,1,30,BUTE ST / DAVIE ST,West End,490301.4017,5458792.1624
Other Theft,2017,3,26,8,0,BUTE ST / DAVIE ST,West End,490301.4017,5458792.1624
Other Theft,2017,4,27,22,30,BUTE ST / DAVIE ST,West End,490301.4017,5458792.1624
Other Theft,2017,5,22,11,0,BUTE ST / DAVIE ST,West End,490301.4017,5458792.1624
Other Theft,2017,9,27,6,36,BUTE ST / DAVIE ST,West End,490301.4017,5458792.1624
Other Theft,2017,11,10,0,0,BUTE ST / DAVIE ST,West End,490301.4017,5458792.1624
Other Theft,2017,12,18,16,0,BUTE ST / DAVIE ST,West End,490301.4017,5458792.1624
Other Theft,2017,2,8,17,30,BUTE ST / ROBSON ST,West End,490767.2446,5459254.5984
Other Theft,2017,6,22,23,45,BUTE ST / ROBSON ST,West End,490767.2446,5459254.5984
Other Theft,2017,4,23,17,0,BUTE ST / W PENDER ST,Central Business District,491027.5544,5459520.0552
Other Theft,2017,9,17,0,24,BUTE ST / W PENDER ST,Central Business District,491027.5544,5459520.0552
Other Theft,2017,10,26,2,0,CAMBIE ST / DUNSMUIR ST,Central Business District,491886.3635,5458643.093
Other Theft,2017,4,6,7,50,CAMBIE ST / ROBSON ST,Central Business District,491638.2791,5458390.1404
Other Theft,2017,1,30,10,55,CAMBIE ST / SW MARINE DR,Marpole,491461.7771,5450810.0599
Other Theft,2017,5,19,12,45,CAMBIE ST / SW MARINE DR,Marpole,491461.7771,5450810.0599
Other Theft,2017,10,12,8,12,CAMBIE ST / W 10TH AVE,Fairview,491634.8868,5456614.8809
Other Theft,2017,8,14,18,45,CAMBIE ST / W 12TH AVE,Fairview,491628.4376,5456410.0627
Other Theft,2017,11,26,17,0,CAMBIE ST / W 39TH AVE,South Cambie,491534.093,5453631.0592
Other Theft,2017,12,30,14,10,CAMBIE ST / W 39TH AVE,South Cambie,491534.093,5453631.0592
Other Theft,2017,4,3,7,55,CAMBIE ST / W 43RD AVE,Oakridge,491522.7261,5453212.6219
Other Theft,2017,5,31,15,30,CAMBIE ST / W 49TH AVE,Oakridge,491506.6601,5452595.2975
Other Theft,2017,5,10,23,40,CAMBIE ST / W 6TH AVE,Fairview,491641.2667,5456986.1373
Other Theft,2017,9,16,18,6,CAMBIE ST / W 6TH AVE,Fairview,491641.2667,5456986.1373
Other Theft,2017,1,21,18,50,CAMBIE ST / W 7TH AVE,Fairview,491643.103,5456918.3636
Other Theft,2017,2,9,15,25,CAMBIE ST / W 7TH AVE,Fairview,491643.103,5456918.3636
Other Theft,2017,11,7,16,49,CAMBIE ST / W 7TH AVE,Fairview,491643.103,5456918.3636
Other Theft,2017,2,16,19,55,CAMBIE ST / W 8TH AVE,Fairview,491641.6548,5456817.7824
Other Theft,2017,3,19,21,19,CAMBIE ST / W 8TH AVE,Fairview,491641.6548,5456817.7824
Other Theft,2017,6,10,12,30,CAMBIE ST / W 8TH AVE,Fairview,491641.6548,5456817.7824
Other Theft,2017,6,11,18,30,CAMBIE ST / W 8TH AVE,Fairview,491641.6548,5456817.7824
Other Theft,2017,7,12,14,25,CAMBIE ST / W 8TH AVE,Fairview,491641.6548,5456817.7824
Other Theft,2017,7,12,21,51,CAMBIE ST / W 8TH AVE,Fairview,491641.6548,5456817.7824
Other Theft,2017,7,30,18,0,CAMBIE ST / W 8TH AVE,Fairview,491641.6548,5456817.7824
Other Theft,2017,9,30,13,23,CAMBIE ST / W 8TH AVE,Fairview,491641.6548,5456817.7824
Other Theft,2017,2,24,21,26,CAMBIE ST / W BROADWAY AVE,Fairview,491638.4264,5456722.3837
Other Theft,2017,3,1,17,0,CAMBIE ST / W BROADWAY AVE,Fairview,491638.4264,5456722.3837
Other Theft,2017,5,18,17,0,CAMBIE ST / W BROADWAY AVE,Fairview,491638.4264,5456722.3837
Other Theft,2017,7,17,8,25,CAMBIE ST / W BROADWAY AVE,Fairview,491638.4264,5456722.3837
Other Theft,2017,7,27,10,0,CAMBIE ST / W BROADWAY AVE,Fairview,491638.4264,5456722.3837
Other Theft,2017,8,12,11,30,CAMBIE ST / W BROADWAY AVE,Fairview,491638.4264,5456722.3837
Other Theft,2017,8,18,17,23,CAMBIE ST / W BROADWAY AVE,Fairview,491638.4264,5456722.3837
Other Theft,2017,9,26,15,50,CAMBIE ST / W BROADWAY AVE,Fairview,491638.4264,5456722.3837
Other Theft,2017,12,5,16,0,CAMBIE ST / W BROADWAY AVE,Fairview,491638.4264,5456722.3837
Other Theft,2017,5,1,0,7,CAMBIE ST / W CORDOVA ST,Central Business District,492061.6988,5458981.8422
Other Theft,2017,12,1,2,0,CAMBIE ST / W CORDOVA ST,Central Business District,492061.6988,5458981.8422
Other Theft,2017,6,28,20,0,CAMBIE ST / W GEORGIA ST,Central Business District,491761.0359,5458513.5215
Other Theft,2017,7,15,1,23,CAMBIE ST / W HASTINGS ST,Central Business District,492028.3046,5458872.7095
Other Theft,2017,9,9,2,0,CAMBIE ST / W HASTINGS ST,Central Business District,492028.3046,5458872.7095
Other Theft,2017,10,15,2,14,CAMBIE ST / W HASTINGS ST,Central Business District,492028.3046,5458872.7095
Other Theft,2017,7,17,16,0,CAMBIE ST / W PENDER ST,Central Business District,491994.9508,5458762.1649
Other Theft,2017,3,30,1,6,CAMPBELL AVE / E HASTINGS ST,Strathcona,493832.6693,5458702.288
Other Theft,2017,8,23,15,0,CARDERO ST / DAVIE ST,West End,489915.3257,5459172.7169
Other Theft,2017,11,22,18,10,CARDERO ST / DAVIE ST,West End,489915.3257,5459172.7169
Other Theft,2017,7,28,9,0,CARDERO ST / ROBSON ST,West End,490380.7894,5459638.0791
Other Theft,2017,5,22,2,17,CARDERO ST / W PENDER ST,West End,490503.4762,5459766.6684
Other Theft,2017,11,10,13,5,CARRALL ST / E CORDOVA ST,Central Business District,492416.8338,5458858.141
Other Theft,2017,3,13,13,30,CARRALL ST / E HASTINGS ST,Central Business District,492412.3483,5458751.9869
Other Theft,2017,5,6,2,30,CARRALL ST / E HASTINGS ST,Central Business District,492412.3483,5458751.9869
Other Theft,2017,5,25,21,30,CARRALL ST / E HASTINGS ST,Central Business District,492412.3483,5458751.9869
Other Theft,2017,10,10,0,0,CARRALL ST / E HASTINGS ST,Central Business District,492412.3483,5458751.9869
Other Theft,2017,11,27,15,50,CARRALL ST / E HASTINGS ST,Central Business District,492412.3483,5458751.9869
Other Theft,2017,7,29,21,0,CARRALL ST / E PENDER ST,Central Business District,492408.4365,5458642.8001
Other Theft,2017,9,1,14,25,CARRALL ST / E PENDER ST,Central Business District,492408.4365,5458642.8001
Other Theft,2017,3,22,17,30,CARRALL ST / KEEFER ST,Central Business District,492401.9923,5458502.0813
Other Theft,2017,11,15,16,0,CARRALL ST / KEEFER ST,Central Business District,492401.9923,5458502.0813
Other Theft,2017,2,9,16,55,CHARLES ST / COMMERCIAL DR,Grandview-Woodland,494938.4748,5457812.9037
Other Theft,2017,8,12,0,0,CHARLES ST / COMMERCIAL DR,Grandview-Woodland,494938.4748,5457812.9037
Other Theft,2017,6,19,8,30,CLARK DR / E HASTINGS ST,Strathcona,494392.5324,5458735.1291
Other Theft,2017,6,30,12,0,CLARK DR / E HASTINGS ST,Strathcona,494392.5324,5458735.1291
Other Theft,2017,1,21,10,0,COLLINGWOOD ST / W KING EDWARD AVE,Dunbar-Southlands,486764.3428,5455278.9213
Other Theft,2017,1,26,12,53,COLUMBIA ST / E CORDOVA ST,Central Business District,492565.3684,5458848.6441
Other Theft,2017,3,28,18,30,COLUMBIA ST / E HASTINGS ST,Central Business District,492562.434,5458743.6228
Other Theft,2017,6,6,13,36,COLUMBIA ST / E HASTINGS ST,Central Business District,492562.434,5458743.6228
Other Theft,2017,7,10,1,30,COLUMBIA ST / E HASTINGS ST,Central Business District,492562.434,5458743.6228
Other Theft,2017,8,7,16,36,COLUMBIA ST / E HASTINGS ST,Central Business District,492562.434,5458743.6228
Other Theft,2017,10,3,18,21,COLUMBIA ST / E HASTINGS ST,Central Business District,492562.434,5458743.6228
Other Theft,2017,10,11,11,21,COLUMBIA ST / E HASTINGS ST,Central Business District,492562.434,5458743.6228
Other Theft,2017,11,24,20,27,COLUMBIA ST / E HASTINGS ST,Central Business District,492562.434,5458743.6228
Other Theft,2017,1,28,6,0,COLUMBIA ST / E PENDER ST,Central Business District,492561.8373,5458637.1996
Other Theft,2017,9,17,19,23,COLUMBIA ST / E PENDER ST,Central Business District,492561.8373,5458637.1996
Other Theft,2017,9,27,23,30,COLUMBIA ST / E PENDER ST,Central Business District,492561.8373,5458637.1996
Other Theft,2017,8,14,6,30,COLUMBIA ST / W 1ST AVE,Mount Pleasant,492041.292,5457516.2581
Other Theft,2017,3,11,14,0,COLUMBIA ST / W BROADWAY AVE,Mount Pleasant,492034.3171,5456712.02
Other Theft,2017,9,6,5,7,COMMERCIAL DR / E 11TH AVE,Kensington-Cedar Cottage,494919.2724,5456411.5409
Other Theft,2017,2,23,16,0,COMMERCIAL DR / E 12TH AVE,Kensington-Cedar Cottage,494917.8311,5456315.9688
Other Theft,2017,7,8,0,0,COMMERCIAL DR / E 12TH AVE,Kensington-Cedar Cottage,494917.8311,5456315.9688
Other Theft,2017,4,11,20,0,COMMERCIAL DR / E 14TH AVE,Kensington-Cedar Cottage,494916.1152,5456112.1509
Other Theft,2017,1,21,14,0,COMMERCIAL DR / E 1ST AVE,Grandview-Woodland,494931.3198,5457427.4717
Other Theft,2017,5,24,14,25,COMMERCIAL DR / E 1ST AVE,Grandview-Woodland,494931.3198,5457427.4717
Other Theft,2017,7,8,2,0,COMMERCIAL DR / E 1ST AVE,Grandview-Woodland,494931.3198,5457427.4717
Other Theft,2017,11,20,17,0,COMMERCIAL DR / E 1ST AVE,Grandview-Woodland,494931.3198,5457427.4717
Other Theft,2017,12,4,13,13,COMMERCIAL DR / E 1ST AVE,Grandview-Woodland,494931.3198,5457427.4717
Other Theft,2017,9,26,16,0,COMMERCIAL DR / E 2ND AVE,Grandview-Woodland,494931.3594,5457329.03
Other Theft,2017,11,1,15,5,COMMERCIAL DR / E 2ND AVE,Grandview-Woodland,494931.3594,5457329.03
Other Theft,2017,6,4,0,0,COMMERCIAL DR / E 4TH AVE,Grandview-Woodland,494929.274,5457125.9352
Other Theft,2017,6,11,17,0,COMMERCIAL DR / E 4TH AVE,Grandview-Woodland,494929.274,5457125.9352
Other Theft,2017,2,12,21,0,COMMERCIAL DR / E BROADWAY AVE,Kensington-Cedar Cottage,494921.9034,5456620.4275
Other Theft,2017,2,23,15,0,COMMERCIAL DR / E BROADWAY AVE,Kensington-Cedar Cottage,494921.9034,5456620.4275
Other Theft,2017,3,16,0,34,COMMERCIAL DR / E BROADWAY AVE,Kensington-Cedar Cottage,494921.9034,5456620.4275
Other Theft,2017,4,15,14,30,COMMERCIAL DR / E BROADWAY AVE,Kensington-Cedar Cottage,494921.9034,5456620.4275
Other Theft,2017,4,28,14,0,COMMERCIAL DR / E BROADWAY AVE,Kensington-Cedar Cottage,494921.9034,5456620.4275
Other Theft,2017,6,21,11,0,COMMERCIAL DR / E BROADWAY AVE,Kensington-Cedar Cottage,494921.9034,5456620.4275
Other Theft,2017,7,11,4,0,COMMERCIAL DR / E BROADWAY AVE,Kensington-Cedar Cottage,494921.9034,5456620.4275
Other Theft,2017,7,19,18,30,COMMERCIAL DR / E BROADWAY AVE,Kensington-Cedar Cottage,494921.9034,5456620.4275
Other Theft,2017,6,18,10,40,COMOX ST / DENMAN ST,West End,489841.3547,5459556.3822
Other Theft,2017,8,11,14,0,COMOX ST / THURLOW ST,West End,490610.897,5458790.2684
Other Theft,2017,9,11,15,0,COOPERS MEWS / MARINASIDE CRES,Central Business District,491551.6562,5457830.1196
Other Theft,2017,5,17,10,53,COPLEY ST / E 15TH AVE,Renfrew-Collingwood,495997.3153,5455983.7679
Other Theft,2017,2,20,22,15,CROWLEY DR / TYNE ST,Renfrew-Collingwood,497833.5762,5453716.6711
Other Theft,2017,3,10,15,13,CYPRESS ST / YORK AVE,Kitsilano,489245.3853,5457656.4247
Other Theft,2017,3,13,20,33,DAVIE ST / DENMAN ST,West End,489686.5485,5459400.7084
Other Theft,2017,4,6,10,5,DAVIE ST / DENMAN ST,West End,489686.5485,5459400.7084
Other Theft,2017,7,28,16,0,DAVIE ST / DENMAN ST,West End,489686.5485,5459400.7084
Other Theft,2017,8,2,2,0,DAVIE ST / DENMAN ST,West End,489686.5485,5459400.7084
Other Theft,2017,8,19,5,58,DAVIE ST / DENMAN ST,West End,489686.5485,5459400.7084
Other Theft,2017,7,23,0,0,DAVIE ST / GRANVILLE ST,Central Business District,490821.3138,5458274.1462
Other Theft,2017,12,1,23,0,DAVIE ST / GRANVILLE ST,Central Business District,490821.3138,5458274.1462
Other Theft,2017,12,12,1,45,DAVIE ST / GRANVILLE ST,Central Business District,490821.3138,5458274.1462
Other Theft,2017,9,30,16,0,DAVIE ST / HAMILTON ST,Central Business District,491077.4706,5458019.9441
Other Theft,2017,10,29,10,20,DAVIE ST / HAMILTON ST,Central Business District,491077.4706,5458019.9441
Other Theft,2017,5,27,19,10,DAVIE ST / HORNBY ST,Central Business District,490680.2603,5458413.5032
Other Theft,2017,10,8,15,1,DAVIE ST / HORNBY ST,Central Business District,490680.2603,5458413.5032
Other Theft,2017,4,16,5,30,DAVIE ST / HOWE ST,Central Business District,490748.5908,5458346.3187
Other Theft,2017,12,18,12,0,DAVIE ST / HOWE ST,Central Business District,490748.5908,5458346.3187
Other Theft,2017,6,22,14,0,DAVIE ST / JERVIS ST,West End,490187.8748,5458904.012
Other Theft,2017,3,16,19,16,DAVIE ST / RICHARDS ST,Central Business District,490961.8127,5458133.4053
Other Theft,2017,6,17,18,30,DAVIE ST / SEYMOUR ST,Central Business District,490894.1112,5458201.4648
Other Theft,2017,7,15,3,47,DAVIE ST / SEYMOUR ST,Central Business District,490894.1112,5458201.4648
Other Theft,2017,1,6,18,40,DAVIE ST / THURLOW ST,West End,490456.6509,5458633.7717
Other Theft,2017,5,8,14,30,DAVIE ST / THURLOW ST,West End,490456.6509,5458633.7717
Other Theft,2017,5,25,2,0,DAVIE ST / THURLOW ST,West End,490456.6509,5458633.7717
Other Theft,2017,1,29,22,0,DISCOVERY ST / W 8TH AVE,West Point Grey,485235.0735,5456987.6507
Other Theft,2017,3,14,12,56,DRAKE ST / HOWE ST,Central Business District,490632.533,5458230.0635
Other Theft,2017,10,5,14,30,DRAKE ST / MARINASIDE CRES,Central Business District,491169.083,5457699.1224
Other Theft,2017,5,24,18,11,DRAKE ST / SEYMOUR ST,Central Business District,490778.7445,5458084.983
Other Theft,2017,9,10,20,33,DRAKE ST / SEYMOUR ST,Central Business District,490778.7445,5458084.983
Other Theft,2017,1,9,22,40,DUNLEVY AVE / E HASTINGS ST,Strathcona,493061.1073,5458728.8989
Other Theft,2017,5,11,19,27,DUNSMUIR ST / GRANVILLE ST,Central Business District,491535.5949,5458993.2258
Other Theft,2017,6,15,14,20,DUNSMUIR ST / GRANVILLE ST,Central Business District,491535.5949,5458993.2258
Other Theft,2017,7,9,13,21,DUNSMUIR ST / GRANVILLE ST,Central Business District,491535.5949,5458993.2258
Other Theft,2017,11,22,9,20,DUNSMUIR ST / GRANVILLE ST,Central Business District,491535.5949,5458993.2258
Other Theft,2017,12,1,0,36,DUNSMUIR ST / GRANVILLE ST,Central Business District,491535.5949,5458993.2258
Other Theft,2017,1,26,1,53,DUNSMUIR ST / HOMER ST,Central Business District,491747.0364,5458780.8861
Other Theft,2017,2,13,9,0,DUNSMUIR ST / HOMER ST,Central Business District,491747.0364,5458780.8861
Other Theft,2017,3,31,2,45,DUNSMUIR ST / SEYMOUR ST,Central Business District,491607.5141,5458920.9821
Other Theft,2017,5,5,5,15,DUNSMUIR ST / SEYMOUR ST,Central Business District,491607.5141,5458920.9821
Other Theft,2017,5,31,8,50,DUNSMUIR ST / SEYMOUR ST,Central Business District,491607.5141,5458920.9821
Other Theft,2017,8,4,5,26,DUNSMUIR ST / SEYMOUR ST,Central Business District,491607.5141,5458920.9821
Other Theft,2017,10,24,19,27,E 12TH AVE / KINGSWAY AVE,Mount Pleasant,492973.3317,5456350.3593
Other Theft,2017,2,2,16,0,E 12TH AVE / MAIN ST,Mount Pleasant,492639.7828,5456386.0271
Other Theft,2017,6,1,15,30,E 17TH AVE / MAIN ST,Riley Park,492630.9914,5455884.48
Other Theft,2017,12,9,9,0,E 17TH AVE / QUEBEC ST,Riley Park,492483.4813,5455887.4368
Other Theft,2017,6,15,7,5,E 18TH AVE / GLEN DR,Kensington-Cedar Cottage,494050.6783,5455749.8915
Other Theft,2017,4,10,20,50,E 18TH AVE / MAIN ST,Riley Park,492649.8729,5455784.7461
Other Theft,2017,12,10,19,0,E 18TH AVE / SOPHIA ST,Riley Park,492832.1544,5455781.5267
Other Theft,2017,10,1,13,47,E 22ND AVE / ONTARIO ST,Riley Park,492365.4858,5455360.8738
Other Theft,2017,10,4,19,1,E 22ND AVE / RUPERT ST,Renfrew-Collingwood,497535.0786,5455315.8361
Other Theft,2017,12,31,16,0,E 22ND AVE / RUPERT ST,Renfrew-Collingwood,497535.0786,5455315.8361
Other Theft,2017,9,29,18,0,E 22ND AVE / VICTORIA DR,Kensington-Cedar Cottage,495267.346,5455279.3833
Other Theft,2017,10,11,19,37,E 29TH AVE / MAIN ST,Riley Park,492626.2711,5454636.589
Other Theft,2017,3,20,8,30,E 2ND AVE / MAIN ST,Mount Pleasant,492668.0702,5457370.525
Other Theft,2017,9,29,16,15,E 30TH AVE / MAIN ST,Riley Park,492622.0495,5454505.9809
Other Theft,2017,4,7,15,0,E 36TH AVE / VICTORIA DR,Kensington-Cedar Cottage,495236.7879,5453858.6235
Other Theft,2017,1,29,21,56,E 41ST AVE / KNIGHT ST,Sunset,494389.4624,5453321.2258
Other Theft,2017,8,25,13,30,E 41ST AVE / VICTORIA DR,Victoria-Fraserview,495229.7602,5453325.7474
Other Theft,2017,9,18,20,19,E 41ST AVE / VICTORIA DR,Victoria-Fraserview,495229.7602,5453325.7474
Other Theft,2017,4,12,19,0,E 41ST AVE / WINDSOR ST,Kensington-Cedar Cottage,493823.8715,5453343.5087
Other Theft,2017,8,9,14,30,E 42ND AVE / VICTORIA DR,Victoria-Fraserview,495230.2321,5453256.6214
Other Theft,2017,5,5,17,0,E 45TH AVE / FRASER ST,Sunset,493401.3183,5452935.3051
Other Theft,2017,10,28,10,45,E 45TH AVE / FRASER ST,Sunset,493401.3183,5452935.3051
Other Theft,2017,12,17,15,0,E 48TH AVE / VICTORIA DR,Victoria-Fraserview,495215.8777,5452614.1839
Other Theft,2017,5,5,13,30,E 49TH AVE / FRASER ST,Sunset,493395.1363,5452521.6608
Other Theft,2017,5,31,13,0,E 49TH AVE / FRASER ST,Sunset,493395.1363,5452521.6608
Other Theft,2017,11,7,12,0,E 49TH AVE / FRASER ST,Sunset,493395.1363,5452521.6608
Other Theft,2017,1,4,23,30,E 49TH AVE / KNIGHT ST,Sunset,494369.8571,5452502.4578
Other Theft,2017,4,10,22,0,E 51ST AVE / MAIN ST,Sunset,492596.2894,5452333.8996
Other Theft,2017,2,28,11,41,E 52ND AVE / PRINCE ALBERT ST,Sunset,493585.772,5452214.6405
Other Theft,2017,1,31,16,39,E 54TH AVE / KERR ST,Killarney,496993.9271,5451931.135
Other Theft,2017,6,3,16,20,E 54TH AVE / KERR ST,Killarney,496993.9271,5451931.135
Other Theft,2017,5,4,9,25,E 5TH AVE / ONTARIO ST,Mount Pleasant,492379.0121,5457086.954
Other Theft,2017,9,20,21,48,E BROADWAY AVE / FRASER ST,Mount Pleasant,493514.798,5456639.1488
Other Theft,2017,12,10,15,0,E BROADWAY AVE / KASLO ST,Hastings-Sunrise,496577.4075,5456583.0403
Other Theft,2017,4,2,16,30,E BROADWAY AVE / MAIN ST,Mount Pleasant,492648.2568,5456688.4973
Other Theft,2017,11,16,16,30,E BROADWAY AVE / MAIN ST,Mount Pleasant,492648.2568,5456688.4973
Other Theft,2017,7,6,0,0,E BROADWAY AVE / RENFREW ST,Hastings-Sunrise,496775.7646,5456576.9284
Other Theft,2017,10,13,21,52,E BROADWAY AVE / RENFREW ST,Hastings-Sunrise,496775.7646,5456576.9284
Other Theft,2017,2,7,8,52,E CORDOVA ST / MAIN ST,Strathcona,492754.0167,5458842.0559
Other Theft,2017,5,30,8,45,E CORDOVA ST / PRINCESS AVE,Strathcona,493351.2191,5458824.1471
Other Theft,2017,1,18,20,0,E GEORGIA ST / MAIN ST,Strathcona,492743.2456,5458428.5255
Other Theft,2017,5,6,22,58,E GEORGIA ST / MAIN ST,Strathcona,492743.2456,5458428.5255
Other Theft,2017,5,23,23,34,E GEORGIA ST / MAIN ST,Strathcona,492743.2456,5458428.5255
Other Theft,2017,11,20,15,10,E GEORGIA ST / MAIN ST,Strathcona,492743.2456,5458428.5255
Other Theft,2017,10,10,17,6,E HASTINGS ST / GLEN DR,Strathcona,494086.6987,5458693.5263
Other Theft,2017,5,25,9,10,E HASTINGS ST / GORE AVE,Strathcona,492911.3556,5458733.3363
Other Theft,2017,9,1,18,24,E HASTINGS ST / GORE AVE,Strathcona,492911.3556,5458733.3363
Other Theft,2017,10,26,13,0,E HASTINGS ST / GORE AVE,Strathcona,492911.3556,5458733.3363
Other Theft,2017,7,8,21,0,E HASTINGS ST / JACKSON AVE,Strathcona,493205.0709,5458724.5945
Other Theft,2017,8,9,1,15,E HASTINGS ST / JACKSON AVE,Strathcona,493205.0709,5458724.5945
Other Theft,2017,8,11,21,17,E HASTINGS ST / LAKEWOOD DR,Grandview-Woodland,495513.4366,5458715.3232
Other Theft,2017,4,5,0,1,E HASTINGS ST / MAIN ST,Strathcona,492749.7912,5458737.3828
Other Theft,2017,4,15,10,0,E HASTINGS ST / MAIN ST,Strathcona,492749.7912,5458737.3828
Other Theft,2017,5,6,23,0,E HASTINGS ST / MAIN ST,Strathcona,492749.7912,5458737.3828
Other Theft,2017,5,21,11,50,E HASTINGS ST / MAIN ST,Strathcona,492749.7912,5458737.3828
Other Theft,2017,7,5,12,0,E HASTINGS ST / MAIN ST,Strathcona,492749.7912,5458737.3828
Other Theft,2017,8,20,16,0,E HASTINGS ST / MAIN ST,Strathcona,492749.7912,5458737.3828
Other Theft,2017,9,9,9,21,E HASTINGS ST / MAIN ST,Strathcona,492749.7912,5458737.3828
Other Theft,2017,10,26,2,0,E HASTINGS ST / MAIN ST,Strathcona,492749.7912,5458737.3828
Other Theft,2017,11,11,23,0,E HASTINGS ST / MAIN ST,Strathcona,492749.7912,5458737.3828
Other Theft,2017,11,22,14,6,E HASTINGS ST / MAIN ST,Strathcona,492749.7912,5458737.3828
Other Theft,2017,12,2,0,30,E HASTINGS ST / MAIN ST,Strathcona,492749.7912,5458737.3828
Other Theft,2017,3,31,12,10,E HASTINGS ST / NANAIMO ST,Grandview-Woodland,495887.5447,5458714.2743
Other Theft,2017,8,23,17,30,E HASTINGS ST / NANAIMO ST,Grandview-Woodland,495887.5447,5458714.2743
Other Theft,2017,2,24,18,30,E HASTINGS ST / PRINCESS AVE,Strathcona,493347.6086,5458719.8515
Other Theft,2017,6,24,10,45,E HASTINGS ST / PRINCESS AVE,Strathcona,493347.6086,5458719.8515
Other Theft,2017,8,26,8,0,E HASTINGS ST / PRINCESS AVE,Strathcona,493347.6086,5458719.8515
Other Theft,2017,10,16,12,0,E HASTINGS ST / PRINCESS AVE,Strathcona,493347.6086,5458719.8515
Other Theft,2017,11,22,13,0,E HASTINGS ST / PRINCESS AVE,Strathcona,493347.6086,5458719.8515
Other Theft,2017,2,10,16,1,E HASTINGS ST / VICTORIA DR,Grandview-Woodland,495230.8338,5458719.5966
Other Theft,2017,4,5,15,17,E KENT AVE S / VICTORIA DR,Victoria-Fraserview,495180.7645,5450494.3342
Other Theft,2017,7,8,14,0,E KING EDWARD AVE / KNIGHT ST,Kensington-Cedar Cottage,494455.9045,5455085.2718
Other Theft,2017,2,8,16,0,E PENDER ST / GORE AVE,Strathcona,492922.9609,5458624.6964
Other Theft,2017,3,14,21,26,E PENDER ST / GORE AVE,Strathcona,492922.9609,5458624.6964
Other Theft,2017,8,23,15,0,E PENDER ST / GORE AVE,Strathcona,492922.9609,5458624.6964
Other Theft,2017,10,25,11,41,E PENDER ST / GORE AVE,Strathcona,492922.9609,5458624.6964
Other Theft,2017,3,26,17,1,E PENDER ST / MAIN ST,Strathcona,492748.7552,5458629.9818
Other Theft,2017,5,13,17,0,E PENDER ST / MAIN ST,Strathcona,492748.7552,5458629.9818
Other Theft,2017,6,30,12,0,E PENDER ST / MAIN ST,Strathcona,492748.7552,5458629.9818
Other Theft,2017,7,12,15,0,E PENDER ST / MAIN ST,Strathcona,492748.7552,5458629.9818
Other Theft,2017,12,22,9,27,EARLES ST / VANNESS AVE,Renfrew-Collingwood,496827.7852,5454478.806
Other Theft,2017,1,21,13,15,EAST BLVD / W 42ND AVE,Kerrisdale,488714.0008,5453436.355
Other Theft,2017,5,6,21,25,EXPO BLVD / PACIFIC BLVD,Central Business District,491329.164,5457991.4602
Other Theft,2017,7,26,12,43,EXPO BLVD / PACIFIC BLVD,Central Business District,491329.164,5457991.4602
Other Theft,2017,5,30,14,18,FALSE CREEK,Fairview,491173.1528,5457478.067
Other Theft,2017,7,22,4,33,FIR ST / W BROADWAY AVE,Fairview,489739.4853,5456770.7837
Other Theft,2017,9,22,15,30,FIR ST / W BROADWAY AVE,Fairview,489739.4853,5456770.7837
Other Theft,2017,8,5,11,30,FRASER ST / KINGSWAY AVE,Kensington-Cedar Cottage,493463.7914,5455970.0072
Other Theft,2017,11,17,23,0,GORE AVE / KEEFER ST,Strathcona,492931.226,5458524.6097
Other Theft,2017,10,20,0,0,GORE AVE / POWELL ST,Strathcona,492893.5328,5458938.3815
Other Theft,2017,9,19,12,31,GORE AVE / UNION ST,Strathcona,492947.3789,5458322.4402
Other Theft,2017,7,13,9,0,GRANDVIEW HWY / RUPERT ST,Renfrew-Collingwood,497535.95,5456151.797
Other Theft,2017,5,20,23,0,GRANDVIEW HWY / SLOCAN ST,Renfrew-Collingwood,496392.8314,5456125.4079
Other Theft,2017,6,21,0,0,GRANVILLE ST / HELMCKEN ST,Central Business District,490936.8716,5458390.3172
Other Theft,2017,10,9,3,45,GRANVILLE ST / HELMCKEN ST,Central Business District,490936.8716,5458390.3172
Other Theft,2017,11,3,22,2,GRANVILLE ST / HELMCKEN ST,Central Business District,490936.8716,5458390.3172
Other Theft,2017,11,19,1,15,GRANVILLE ST / HELMCKEN ST,Central Business District,490936.8716,5458390.3172
Other Theft,2017,1,1,18,30,GRANVILLE ST / NELSON ST,Central Business District,491050.9496,5458506.9491
Other Theft,2017,1,12,15,30,GRANVILLE ST / NELSON ST,Central Business District,491050.9496,5458506.9491
Other Theft,2017,1,18,21,0,GRANVILLE ST / NELSON ST,Central Business District,491050.9499,5458506.949
Other Theft,2017,2,7,12,30,GRANVILLE ST / NELSON ST,Central Business District,491050.9499,5458506.949
Other Theft,2017,4,1,23,30,GRANVILLE ST / NELSON ST,Central Business District,491050.9499,5458506.949
Other Theft,2017,7,30,12,0,GRANVILLE ST / NELSON ST,Central Business District,491050.9499,5458506.949
Other Theft,2017,9,13,10,40,GRANVILLE ST / NELSON ST,Central Business District,491050.9499,5458506.949
Other Theft,2017,9,28,1,30,GRANVILLE ST / NELSON ST,Central Business District,491050.9499,5458506.949
Other Theft,2017,10,9,2,37,GRANVILLE ST / NELSON ST,Central Business District,491050.9499,5458506.949
Other Theft,2017,2,13,4,53,GRANVILLE ST / ROBSON ST,Central Business District,491285.8784,5458741.8424
Other Theft,2017,2,27,21,37,GRANVILLE ST / ROBSON ST,Central Business District,491285.8784,5458741.8424
Other Theft,2017,4,2,14,0,GRANVILLE ST / ROBSON ST,Central Business District,491285.8784,5458741.8424
Other Theft,2017,4,11,13,45,GRANVILLE ST / ROBSON ST,Central Business District,491285.8784,5458741.8424
Other Theft,2017,4,21,18,30,GRANVILLE ST / ROBSON ST,Central Business District,491285.8784,5458741.8424
Other Theft,2017,6,2,15,15,GRANVILLE ST / ROBSON ST,Central Business District,491285.8784,5458741.8424
Other Theft,2017,7,22,19,54,GRANVILLE ST / ROBSON ST,Central Business District,491285.8784,5458741.8424
Other Theft,2017,11,30,0,0,GRANVILLE ST / ROBSON ST,Central Business District,491285.8784,5458741.8424
Other Theft,2017,8,29,11,39,GRANVILLE ST / SMITHE ST,Central Business District,491170.9319,5458626.0412
Other Theft,2017,8,30,14,30,GRANVILLE ST / SMITHE ST,Central Business District,491170.9319,5458626.0412
Other Theft,2017,9,16,23,0,GRANVILLE ST / SMITHE ST,Central Business District,491170.9319,5458626.0412
Other Theft,2017,9,17,5,0,GRANVILLE ST / SMITHE ST,Central Business District,491170.9319,5458626.0412
Other Theft,2017,10,29,3,2,GRANVILLE ST / SMITHE ST,Central Business District,491170.9319,5458626.0412
Other Theft,2017,10,31,0,0,GRANVILLE ST / SMITHE ST,Central Business District,491170.9319,5458626.0412
Other Theft,2017,11,1,19,2,GRANVILLE ST / SMITHE ST,Central Business District,491170.9319,5458626.0412
Other Theft,2017,11,24,23,30,GRANVILLE ST / SMITHE ST,Central Business District,491170.9319,5458626.0412
Other Theft,2017,12,29,13,23,GRANVILLE ST / SMITHE ST,Central Business District,491170.9319,5458626.0412
Other Theft,2017,8,29,17,4,GRANVILLE ST / W 14TH AVE,Fairview,489905.8735,5456248.7076
Other Theft,2017,12,10,23,16,GRANVILLE ST / W 41ST AVE,Kerrisdale,489835.554,5453516.5475
Other Theft,2017,2,14,18,45,GRANVILLE ST / W 64TH AVE,Marpole,489776.8961,5451160.0536
Other Theft,2017,8,2,17,8,GRANVILLE ST / W 70TH AVE,Marpole,489763.9695,5450647.5405
Other Theft,2017,1,18,15,0,GRANVILLE ST / W BROADWAY AVE,Fairview,489918.7797,5456767.6956
Other Theft,2017,4,3,13,47,GRANVILLE ST / W BROADWAY AVE,Fairview,489918.7797,5456767.6956
Other Theft,2017,6,15,0,0,GRANVILLE ST / W CORDOVA ST,Central Business District,491792.7299,5459252.2043
Other Theft,2017,9,6,15,33,GRANVILLE ST / W CORDOVA ST,Central Business District,491792.7299,5459252.2043
Other Theft,2017,1,15,12,46,GRANVILLE ST / W GEORGIA ST,Central Business District,491408.2273,5458864.9384
Other Theft,2017,1,30,22,12,GRANVILLE ST / W GEORGIA ST,Central Business District,491408.2273,5458864.9384
Other Theft,2017,3,4,9,0,GRANVILLE ST / W GEORGIA ST,Central Business District,491408.2273,5458864.9384
Other Theft,2017,3,8,16,30,GRANVILLE ST / W GEORGIA ST,Central Business District,491408.2273,5458864.9384
Other Theft,2017,3,12,17,30,GRANVILLE ST / W GEORGIA ST,Central Business District,491408.2273,5458864.9384
Other Theft,2017,4,4,22,5,GRANVILLE ST / W GEORGIA ST,Central Business District,491408.2273,5458864.9384
Other Theft,2017,5,2,21,27,GRANVILLE ST / W GEORGIA ST,Central Business District,491408.2273,5458864.9384
Other Theft,2017,6,15,8,30,GRANVILLE ST / W GEORGIA ST,Central Business District,491408.2273,5458864.9384
Other Theft,2017,7,10,17,0,GRANVILLE ST / W GEORGIA ST,Central Business District,491408.2273,5458864.9384
Other Theft,2017,7,13,18,0,GRANVILLE ST / W GEORGIA ST,Central Business District,491408.2273,5458864.9384
Other Theft,2017,7,22,18,0,GRANVILLE ST / W GEORGIA ST,Central Business District,491408.2273,5458864.9384
Other Theft,2017,8,7,1,0,GRANVILLE ST / W GEORGIA ST,Central Business District,491408.2273,5458864.9384
Other Theft,2017,9,4,18,30,GRANVILLE ST / W GEORGIA ST,Central Business District,491408.2273,5458864.9384
Other Theft,2017,10,3,0,9,GRANVILLE ST / W GEORGIA ST,Central Business District,491408.2273,5458864.9384
Other Theft,2017,10,17,12,50,GRANVILLE ST / W GEORGIA ST,Central Business District,491408.2273,5458864.9384
Other Theft,2017,11,21,0,0,GRANVILLE ST / W GEORGIA ST,Central Business District,491408.2273,5458864.9384
Other Theft,2017,11,21,16,0,GRANVILLE ST / W GEORGIA ST,Central Business District,491408.2273,5458864.9384
Other Theft,2017,11,28,11,30,GRANVILLE ST / W GEORGIA ST,Central Business District,491408.2273,5458864.9384
Other Theft,2017,12,19,15,0,GRANVILLE ST / W GEORGIA ST,Central Business District,491408.2273,5458864.9384
Other Theft,2017,9,2,18,0,GRANVILLE ST / W PENDER ST,Central Business District,491647.8257,5459106.3332
Other Theft,2017,9,16,19,0,GRANVILLE ST / W PENDER ST,Central Business District,491647.8257,5459106.3332
Other Theft,2017,11,2,15,18,GRANVILLE ST / W PENDER ST,Central Business District,491647.8257,5459106.3332
Other Theft,2017,7,1,10,4,HAMILTON ST / NELSON ST,Central Business District,491307.1931,5458252.3556
Other Theft,2017,12,7,23,34,HAMILTON ST / ROBSON ST,Central Business District,491566.3725,5458460.3763
Other Theft,2017,11,11,3,0,HELMCKEN ST / HORNBY ST,Central Business District,490792.8379,5458530.21
Other Theft,2017,12,11,14,30,HELMCKEN ST / HOWE ST,Central Business District,490862.9336,5458462.1455
Other Theft,2017,9,14,1,26,HEMLOCK ST / W BROADWAY AVE,Fairview,490098.7494,5456764.0778
Other Theft,2017,9,4,17,11,HOMER ST / PACIFIC ST,Central Business District,490842.1761,5457816.5218
Other Theft,2017,9,26,19,40,HOMER ST / ROBSON ST,Central Business District,491498.8753,5458530.8298
Other Theft,2017,10,18,9,43,HOMER ST / W GEORGIA ST,Central Business District,491620.9984,5458653.2413
Other Theft,2017,2,2,11,39,HORNBY ST / NELSON ST,Central Business District,490909.8511,5458649.9239
Other Theft,2017,10,15,14,28,HORNBY ST / ROBSON ST,Central Business District,491144.6333,5458883.8112
Other Theft,2017,11,10,19,15,HORNBY ST / W GEORGIA ST,Central Business District,491266.1032,5459007.3499
Other Theft,2017,2,2,13,40,HORNBY ST / W HASTINGS ST,Central Business District,491576.8378,5459323.6358
Other Theft,2017,3,4,1,37,HORNBY ST / W PENDER ST,Central Business District,491501.3279,5459246.9334
Other Theft,2017,7,21,1,30,HORNBY ST / W PENDER ST,Central Business District,491501.3279,5459246.9334
Other Theft,2017,5,31,1,25,HOWE ST / SMITHE ST,Central Business District,491095.1705,5458699.548
Other Theft,2017,10,4,5,15,HOWE ST / SMITHE ST,Central Business District,491095.1705,5458699.548
Other Theft,2017,9,3,16,30,JACKSON AVE / POWELL ST,Strathcona,493211.1922,5458928.7189
Other Theft,2017,9,23,9,0,JACKSON AVE / POWELL ST,Strathcona,493211.1922,5458928.7189
Other Theft,2017,5,17,6,30,JERVIS ST / PACIFIC ST,West End,489954.9826,5458667.6386
Other Theft,2017,3,15,22,15,JERVIS ST / ROBSON ST,West End,490652.6246,5459369.109
Other Theft,2017,5,18,21,0,JERVIS ST / ROBSON ST,West End,490652.6246,5459369.109
Other Theft,2017,8,9,14,30,JERVIS ST / ROBSON ST,West End,490652.6246,5459369.109
Other Theft,2017,3,3,13,0,JOYCE ST / KINGSWAY AVE,Renfrew-Collingwood,497384.3161,5453488.0778
Other Theft,2017,8,24,11,30,KEEFER PL / TAYLOR ST,Central Business District,492282.1356,5458527.8841
Other Theft,2017,1,16,6,10,KEEFER ST / MAIN ST,Strathcona,492745.8373,5458530.0657
Other Theft,2017,3,30,15,20,KEEFER ST / MAIN ST,Strathcona,492745.8373,5458530.0657
Other Theft,2017,4,2,13,15,KEEFER ST / MAIN ST,Strathcona,492745.8373,5458530.0657
Other Theft,2017,5,5,20,0,KEEFER ST / MAIN ST,Strathcona,492745.8373,5458530.0657
Other Theft,2017,5,9,15,0,KEEFER ST / MAIN ST,Strathcona,492745.8373,5458530.0657
Other Theft,2017,5,13,12,20,KEEFER ST / MAIN ST,Strathcona,492745.8373,5458530.0657
Other Theft,2017,1,13,23,8,KINGSWAY AVE / NANAIMO ST,Renfrew-Collingwood,495769.332,5454345.5671
Other Theft,2017,1,30,21,0,KINGSWAY AVE / NANAIMO ST,Renfrew-Collingwood,495769.332,5454345.5671
Other Theft,2017,4,15,23,29,KINGSWAY AVE / NANAIMO ST,Renfrew-Collingwood,495769.332,5454345.5671
Other Theft,2017,5,9,19,0,KINGSWAY AVE / NANAIMO ST,Renfrew-Collingwood,495769.332,5454345.5671
Other Theft,2017,4,27,12,24,KINGSWAY AVE / SLOCAN ST,Renfrew-Collingwood,496064.4396,5454138.462
Other Theft,2017,2,5,20,42,KINGSWAY AVE / TYNE ST,Killarney,497724.8301,5453248.8893
Other Theft,2017,2,3,8,55,KINGSWAY AVE / VICTORIA DR,Kensington-Cedar Cottage,495256.4701,5454709.8234
Other Theft,2017,7,14,0,0,KINGSWAY AVE / VICTORIA DR,Kensington-Cedar Cottage,495256.4701,5454709.8234
Other Theft,2017,4,26,15,30,KITCHENER ST / RENFREW ST,Hastings-Sunrise,496787.1828,5457726.2684
Other Theft,2017,12,26,10,0,MACDONALD ST / W 22ND AVE,Arbutus Ridge,487789.0367,5455571.8332
Other Theft,2017,11,7,10,0,MACDONALD ST / W 4TH AVE,Kitsilano,487757.8752,5457304.7212
Other Theft,2017,6,22,20,0,MAIN ST / NATIONAL AVE,Central Business District,492726.4871,5458024.673
Other Theft,2017,7,15,16,0,MAIN ST / POWELL ST,Strathcona,492759.2547,5458942.4691
Other Theft,2017,8,27,19,8,MAIN ST / POWELL ST,Strathcona,492759.2547,5458942.4691
Other Theft,2017,1,7,0,0,MAIN ST / PRIOR ST,Central Business District,492731.4661,5458227.744
Other Theft,2017,12,13,15,45,MAIN ST / PRIOR ST,Central Business District,492731.4661,5458227.744
Other Theft,2017,7,18,16,35,MAIN ST / SWITCHMEN ST,Mount Pleasant,492679.4201,5457578.2085
Other Theft,2017,1,17,14,30,MAIN ST / TERMINAL AVE,Mount Pleasant,492718.2454,5457784.5846
Other Theft,2017,1,31,9,0,MAIN ST / TERMINAL AVE,Mount Pleasant,492718.2454,5457784.5846
Other Theft,2017,2,28,15,45,MAIN ST / TERMINAL AVE,Mount Pleasant,492718.2454,5457784.5846
Other Theft,2017,3,27,11,0,MAIN ST / TERMINAL AVE,Mount Pleasant,492718.2454,5457784.5846
Other Theft,2017,4,17,13,36,MAIN ST / TERMINAL AVE,Mount Pleasant,492718.2454,5457784.5846
Other Theft,2017,5,1,8,55,MAIN ST / TERMINAL AVE,Mount Pleasant,492718.2454,5457784.5846
Other Theft,2017,6,8,8,20,MAIN ST / TERMINAL AVE,Mount Pleasant,492718.2454,5457784.5846
Other Theft,2017,6,11,1,0,MAIN ST / TERMINAL AVE,Mount Pleasant,492718.2454,5457784.5846
Other Theft,2017,6,24,16,0,MAIN ST / TERMINAL AVE,Mount Pleasant,492718.2454,5457784.5846
Other Theft,2017,7,3,13,30,MAIN ST / TERMINAL AVE,Mount Pleasant,492718.2454,5457784.5846
Other Theft,2017,7,8,1,0,MAIN ST / TERMINAL AVE,Mount Pleasant,492718.2454,5457784.5846
Other Theft,2017,7,8,21,13,MAIN ST / TERMINAL AVE,Mount Pleasant,492718.2454,5457784.5846
Other Theft,2017,7,14,23,49,MAIN ST / TERMINAL AVE,Mount Pleasant,492718.2454,5457784.5846
Other Theft,2017,8,29,18,27,MAIN ST / TERMINAL AVE,Mount Pleasant,492718.2454,5457784.5846
Other Theft,2017,10,19,21,16,MAIN ST / TERMINAL AVE,Mount Pleasant,492718.2454,5457784.5846
Other Theft,2017,11,27,19,0,MAIN ST / TERMINAL AVE,Mount Pleasant,492718.2454,5457784.5846
Other Theft,2017,12,30,9,0,MAIN ST / TERMINAL AVE,Mount Pleasant,492718.2454,5457784.5846
Other Theft,2017,3,19,19,27,MAIN ST / UNION ST,Central Business District,492733.6621,5458331.7978
Other Theft,2017,11,4,1,27,MAINLAND ST / NELSON ST,Central Business District,491346.2927,5458214.8487
Other Theft,2017,1,13,15,0,MANITOBA ST / W 2ND AVE,Mount Pleasant,492243.1365,5457396.2466
Other Theft,2017,12,5,16,52,MANITOBA ST / W 2ND AVE,Mount Pleasant,492243.1365,5457396.2466
Other Theft,2017,7,1,19,0,MAPLE ST / W 36TH AVE,Shaughnessy,488942.8306,5454050.9728
Other Theft,2017,9,7,22,53,MAPLE ST / W BROADWAY AVE,Kitsilano,489047.1288,5456790.7841
Other Theft,2017,9,15,20,0,MAPLE ST / W BROADWAY AVE,Kitsilano,489047.1288,5456790.7841
Other Theft,2017,12,26,13,3,MATHESON CRES / SE MARINE DR,Killarney,497749.494,5450589.4154
Other Theft,2017,9,10,19,0,NATIONAL AVE / QUEBEC ST,Central Business District,492582.7998,5458030.6633
Other Theft,2017,4,23,11,30,OAK ST / W 12TH AVE,Fairview,490780.5493,5456427.6613
Other Theft,2017,9,3,1,13,OAK ST / W 33RD AVE,Shaughnessy,490695.89,5454303.6901
Other Theft,2017,12,10,7,28,OAK ST / W 37TH AVE,Shaughnessy,490685.9114,5453882.5055
Other Theft,2017,6,8,19,3,OAK ST / W 8TH AVE,Fairview,490790.3051,5456848.2446
Other Theft,2017,4,3,7,10,OAK ST / W KING EDWARD AVE,Shaughnessy,490719.9714,5455182.0393
Other Theft,2017,11,24,0,0,OAK ST / W KING EDWARD AVE,Shaughnessy,490719.9714,5455182.0393
Other Theft,2017,8,3,17,30,ONTARIO ST / W 11TH AVE,Mount Pleasant,492361.4631,5456493.9618
Other Theft,2017,8,24,6,0,ONTARIO ST / W 1ST AVE,Mount Pleasant,492388.7274,5457494.5234
Other Theft,2017,8,21,10,0,PACIFIC ST / SEYMOUR ST,Central Business District,490633.116,5457983.4961
Other Theft,2017,12,7,23,0,PENDRELL ST / THURLOW ST,West End,490533.9846,5458713.4146
Other Theft,2017,8,3,13,0,QUEBEC ST / UNION ST,Central Business District,492572.4805,5458325.9089
Other Theft,2017,8,19,14,30,RICHARDS ST / ROBSON ST,Central Business District,491427.0969,5458601.6678
Other Theft,2017,1,13,6,23,RICHARDS ST / W HASTINGS ST,Central Business District,491861.3846,5459038.6983
Other Theft,2017,3,15,17,51,RICHARDS ST / W PENDER ST,Central Business District,491791.7547,5458968.7535
Other Theft,2017,3,24,8,0,RICHARDS ST / W PENDER ST,Central Business District,491791.7547,5458968.7535
Other Theft,2017,7,28,15,0,RICHARDS ST / W PENDER ST,Central Business District,491791.7547,5458968.7535
Other Theft,2017,12,2,16,44,ROBSON ST / SEYMOUR ST,Central Business District,491359.8109,5458669.91
Other Theft,2017,6,10,7,0,ROBSON ST / THURLOW ST,West End,490920.4236,5459101.6058
Other Theft,2017,9,1,13,0,ROBSON ST / THURLOW ST,West End,490920.4236,5459101.6058
Other Theft,2017,9,9,13,20,ROBSON ST / THURLOW ST,West End,490920.4236,5459101.6058
Other Theft,2017,12,22,18,0,ROBSON ST / THURLOW ST,West End,490920.4236,5459101.6058
Other Theft,2017,6,23,22,39,RUPERT ST / SCHOOL AVE,Renfrew-Collingwood,496878.8904,5453621.4004
Other Theft,2017,2,22,16,15,SE MARINE DR / VICTORIA DR,Victoria-Fraserview,495184.6348,5450763.372
Other Theft,2017,3,10,1,58,SEYMOUR ST / SMITHE ST,Central Business District,491242.0155,5458550.5313
Other Theft,2017,11,13,14,18,SEYMOUR ST / W CORDOVA ST,Central Business District,491865.6971,5459181.0137
Other Theft,2017,7,21,13,30,SEYMOUR ST / W GEORGIA ST,Central Business District,491480.6327,5458792.3716
Other Theft,2017,10,17,15,23,SEYMOUR ST / W GEORGIA ST,Central Business District,491480.6327,5458792.3716
Other Theft,2017,3,15,17,49,SEYMOUR ST / W PENDER ST,Central Business District,491721.6233,5459035.9166
Other Theft,2017,4,12,8,10,SEYMOUR ST / W PENDER ST,Central Business District,491721.6233,5459035.9166
Other Theft,2017,5,22,14,0,SEYMOUR ST / W PENDER ST,Central Business District,491721.6233,5459035.9166
Other Theft,2017,6,17,17,31,SEYMOUR ST / W PENDER ST,Central Business District,491721.6233,5459035.9166
Other Theft,2017,9,4,8,4,SEYMOUR ST / W PENDER ST,Central Business District,491721.6233,5459035.9166
Other Theft,2017,11,3,23,0,SEYMOUR ST / W PENDER ST,Central Business District,491721.6233,5459035.9166
Other Theft,2017,12,15,8,44,SHAUGHNESSY ST / W KENT AVE S,Marpole,490717.4909,5450098.1866
Other Theft,2017,3,15,16,45,SPRUCE ST / W BROADWAY AVE,Fairview,490614.2457,5456750.2555
Other Theft,2017,7,4,2,30,STATION ST / TERMINAL AVE,Strathcona,492825.734,5457754.5895
Other Theft,2017,9,29,12,27,TAYLOR ST / W PENDER ST,Central Business District,492319.9982,5458667.077
Other Theft,2017,6,29,17,22,TERMINAL AVE / THORNTON ST,Strathcona,493207.6334,5457654.2838
Other Theft,2017,1,12,1,28,THORNHILL DR / VICTORIA DR,Victoria-Fraserview,495189.2073,5451162.4768
Other Theft,2017,7,1,16,0,THURLOW ST / W CORDOVA ST,Central Business District,491334.2612,5459516.0704
Other Theft,2017,8,21,12,0,TRAFALGAR ST / W 4TH AVE,Kitsilano,488029.9714,5457298.008
Other Theft,2017,11,24,13,40,TRAFALGAR ST / W BROADWAY AVE,Kitsilano,488021.6734,5456821.6813
Other Theft,2017,9,2,12,0,TRIMBLE ST / W 8TH AVE,West Point Grey,485012.451,5456994.2678
Other Theft,2017,11,10,21,0,TRIUMPH ST / VICTORIA DR,Grandview-Woodland,495233.6127,5459021.7001
Other Theft,2017,2,25,22,5,VINE ST / W 4TH AVE,Kitsilano,488541.8578,5457281.4432
Other Theft,2017,6,13,10,15,VINE ST / W 4TH AVE,Kitsilano,488541.8578,5457281.4432
Other Theft,2017,7,26,22,0,VINE ST / W 4TH AVE,Kitsilano,488541.8578,5457281.4432
Other Theft,2017,8,11,5,30,VINE ST / W 8TH AVE,Kitsilano,488531.4369,5456906.5518
Other Theft,2017,7,10,22,45,W 45TH AVE / WEST BLVD,Kerrisdale,488663.8777,5453132.0289
Other Theft,2017,10,4,13,49,W 6TH AVE / YUKON ST,Mount Pleasant,491794.3769,5457002.0829
Other Theft,2017,10,4,15,12,W BROADWAY AVE / YUKON ST,Mount Pleasant,491786.4166,5456719.0206
Other Theft,2017,8,2,10,0,W CORDOVA ST / WATER ST,Central Business District,491933.4618,5459112.1543
Other Theft,2017,8,30,15,0,W WATERFRONT RD / W WATERFRONT ROAD STRD,Central Business District,492082.4604,5459260.3558
Other Theft,2017,1,26,18,0,WEST END,West End,490192.5338,5459047.5652
Other Theft,2017,6,30,12,0,X  NK_LOC ST,Strathcona,492765.9374,5458793.3032
Other Theft,2017,4,21,20,30,X ALEXANDER ST,Central Business District,492436.3905,5458968.3349
Other Theft,2017,2,16,20,30,X ALEXANDER ST,Central Business District,492441.3004,5458972.0734
Other Theft,2017,4,1,3,20,X ALEXANDER ST,Central Business District,492441.3004,5458972.0734
Other Theft,2017,4,9,2,0,X ALEXANDER ST,Central Business District,492441.3004,5458972.0734
Other Theft,2017,5,4,0,23,X ALEXANDER ST,Central Business District,492441.3004,5458972.0734
Other Theft,2017,6,2,23,59,X ALEXANDER ST,Central Business District,492441.3004,5458972.0734
Other Theft,2017,9,9,0,30,X ALEXANDER ST,Central Business District,492441.3004,5458972.0734
Other Theft,2017,9,24,0,0,X ALEXANDER ST,Central Business District,492441.3004,5458972.0734
Other Theft,2017,12,30,23,0,X ALEXANDER ST,Central Business District,492441.3004,5458972.0734
Other Theft,2017,1,9,8,0,X ATHLETES WAY,Mount Pleasant,492388.4557,5457648.476
Other Theft,2017,1,26,10,0,X ATHLETES WAY,Mount Pleasant,492388.4557,5457648.476
Other Theft,2017,2,9,22,0,X ATHLETES WAY,Mount Pleasant,492388.4557,5457648.476
Other Theft,2017,3,4,12,0,X ATHLETES WAY,Mount Pleasant,492388.4557,5457648.476
Other Theft,2017,3,22,19,0,X ATHLETES WAY,Mount Pleasant,492388.4557,5457648.476
Other Theft,2017,3,23,9,30,X ATHLETES WAY,Mount Pleasant,492388.4557,5457648.476
Other Theft,2017,3,26,20,21,X ATHLETES WAY,Mount Pleasant,492388.4557,5457648.476
Other Theft,2017,4,2,14,0,X ATHLETES WAY,Mount Pleasant,492388.4557,5457648.476
Other Theft,2017,4,2,14,45,X ATHLETES WAY,Mount Pleasant,492388.4557,5457648.476
Other Theft,2017,4,3,16,0,X ATHLETES WAY,Mount Pleasant,492388.4557,5457648.476
Other Theft,2017,4,7,18,0,X ATHLETES WAY,Mount Pleasant,492388.4557,5457648.476
Other Theft,2017,4,8,10,17,X ATHLETES WAY,Mount Pleasant,492388.4557,5457648.476
Other Theft,2017,4,18,19,15,X ATHLETES WAY,Mount Pleasant,492388.4557,5457648.476
Other Theft,2017,4,19,14,0,X ATHLETES WAY,Mount Pleasant,492388.4557,5457648.476
Other Theft,2017,4,23,9,0,X ATHLETES WAY,Mount Pleasant,492388.4557,5457648.476
Other Theft,2017,4,24,16,30,X ATHLETES WAY,Mount Pleasant,492388.4557,5457648.476
Other Theft,2017,4,27,7,56,X ATHLETES WAY,Mount Pleasant,492388.4557,5457648.476
Other Theft,2017,5,4,21,9,X ATHLETES WAY,Mount Pleasant,492388.4557,5457648.476
Other Theft,2017,5,7,0,47,X ATHLETES WAY,Mount Pleasant,492388.4557,5457648.476
Other Theft,2017,5,14,18,0,X ATHLETES WAY,Mount Pleasant,492388.4557,5457648.476
Other Theft,2017,5,21,20,55,X ATHLETES WAY,Mount Pleasant,492388.4557,5457648.476
Other Theft,2017,6,24,21,55,X ATHLETES WAY,Mount Pleasant,492388.4557,5457648.476
Other Theft,2017,6,26,8,58,X ATHLETES WAY,Mount Pleasant,492388.4557,5457648.476
Other Theft,2017,6,27,8,0,X ATHLETES WAY,Mount Pleasant,492388.4557,5457648.476
Other Theft,2017,7,9,14,0,X ATHLETES WAY,Mount Pleasant,492388.4557,5457648.476
Other Theft,2017,7,20,17,20,X ATHLETES WAY,Mount Pleasant,492388.4557,5457648.476
Other Theft,2017,8,9,16,30,X ATHLETES WAY,Mount Pleasant,492388.4557,5457648.476
Other Theft,2017,9,22,12,0,X ATHLETES WAY,Mount Pleasant,492388.4557,5457648.476
Other Theft,2017,11,2,20,0,X ATHLETES WAY,Mount Pleasant,492388.4557,5457648.476
Other Theft,2017,11,8,19,0,X ATHLETES WAY,Mount Pleasant,492388.4557,5457648.476
Other Theft,2017,11,11,7,0,X ATHLETES WAY,Mount Pleasant,492388.4557,5457648.476
Other Theft,2017,7,3,7,0,X E 20TH AVE,Riley Park,492385.3297,5455555.121
Other Theft,2017,6,29,21,12,X E BROADWAY AVE,Mount Pleasant,492373.2379,5456704.2419
Other Theft,2017,5,22,15,33,X ENGLISH BAY,Kitsilano,486422.5352,5459672.4996
Other Theft,2017,7,11,17,0,X ENGLISH BAY,Kitsilano,486422.5352,5459672.4996
Other Theft,2017,7,1,23,30,X FALSE CREEK,Fairview,491173.1528,5457478.067
Other Theft,2017,8,11,21,0,X FALSE CREEK,Fairview,491173.1528,5457478.067
Other Theft,2017,9,7,14,30,X FALSE CREEK,Fairview,491173.1528,5457478.067
Other Theft,2017,9,20,8,0,X FALSE CREEK,Fairview,491173.1528,5457478.067
Other Theft,2017,4,11,17,30,X KINGSWAY AVE,Mount Pleasant,492669.4602,5456863.0683
Other Theft,2017,5,12,17,0,X KINGSWAY AVE,Mount Pleasant,492669.4602,5456863.0683
Other Theft,2017,6,16,16,0,X KINGSWAY AVE,Mount Pleasant,492669.4602,5456863.0683
Other Theft,2017,7,8,13,12,X KINGSWAY AVE,Mount Pleasant,492669.4602,5456863.0683
Other Theft,2017,8,17,14,52,X KINGSWAY AVE,Mount Pleasant,492669.4602,5456863.0683
Other Theft,2017,10,13,21,30,X KINGSWAY AVE,Mount Pleasant,492669.4602,5456863.0683
Other Theft,2017,11,3,18,45,X KINGSWAY AVE,Mount Pleasant,492669.4602,5456863.0683
Other Theft,2017,12,11,0,0,X KINGSWAY AVE,Mount Pleasant,492669.4602,5456863.0683
Other Theft,2017,1,31,0,0,X NK_LOC ST,Strathcona,492765.9374,5458793.3032
Other Theft,2017,1,15,0,0,X NK_LOC ST,Strathcona,492765.9374,5458793.3032
Other Theft,2017,1,22,0,0,X NK_LOC ST,Strathcona,492765.9374,5458793.3032
Other Theft,2017,2,3,13,0,X NK_LOC ST,Strathcona,492765.9374,5458793.3032
Other Theft,2017,2,4,13,0,X NK_LOC ST,Strathcona,492765.9374,5458793.3032
Other Theft,2017,2,12,1,0,X NK_LOC ST,Strathcona,492765.9374,5458793.3032
Other Theft,2017,2,17,0,30,X NK_LOC ST,Strathcona,492765.9374,5458793.3032
Other Theft,2017,2,23,4,43,X NK_LOC ST,Strathcona,492765.9374,5458793.3032
Other Theft,2017,2,25,18,0,X NK_LOC ST,Strathcona,492765.9374,5458793.3032
Other Theft,2017,2,28,23,0,X NK_LOC ST,Strathcona,492765.9374,5458793.3032
Other Theft,2017,3,2,16,0,X NK_LOC ST,Strathcona,492765.9374,5458793.3032
Other Theft,2017,3,11,18,45,X NK_LOC ST,Strathcona,492765.9374,5458793.3032
Other Theft,2017,3,12,0,0,X NK_LOC ST,Strathcona,492765.9374,5458793.3032
Other Theft,2017,4,11,13,15,X NK_LOC ST,Strathcona,492765.9374,5458793.3032
Other Theft,2017,4,20,11,30,X NK_LOC ST,Strathcona,492765.9374,5458793.3032
Other Theft,2017,5,7,19,0,X NK_LOC ST,Strathcona,492765.9374,5458793.3032
Other Theft,2017,5,18,23,0,X NK_LOC ST,Strathcona,492765.9374,5458793.3032
Other Theft,2017,5,19,1,0,X NK_LOC ST,Strathcona,492765.9374,5458793.3032
Other Theft,2017,5,30,14,20,X NK_LOC ST,Strathcona,492765.9374,5458793.3032
Other Theft,2017,6,3,0,0,X NK_LOC ST,Strathcona,492765.9374,5458793.3032
Other Theft,2017,6,12,17,0,X NK_LOC ST,Strathcona,492765.9374,5458793.3032
Other Theft,2017,6,28,18,0,X NK_LOC ST,Strathcona,492765.9374,5458793.3032
Other Theft,2017,7,3,22,0,X NK_LOC ST,Strathcona,492765.9374,5458793.3032
Other Theft,2017,7,13,0,0,X NK_LOC ST,Strathcona,492765.9374,5458793.3032
Other Theft,2017,7,14,15,0,X NK_LOC ST,Strathcona,492765.9374,5458793.3032
Other Theft,2017,7,15,20,0,X NK_LOC ST,Strathcona,492765.9374,5458793.3032
Other Theft,2017,7,23,20,0,X NK_LOC ST,Strathcona,492765.9374,5458793.3032
Other Theft,2017,7,24,21,0,X NK_LOC ST,Strathcona,492765.9374,5458793.3032
Other Theft,2017,7,26,12,20,X NK_LOC ST,Strathcona,492765.9374,5458793.3032
Other Theft,2017,7,27,0,0,X NK_LOC ST,Strathcona,492765.9374,5458793.3032
Other Theft,2017,7,30,1,0,X NK_LOC ST,Strathcona,492765.9374,5458793.3032
Other Theft,2017,8,2,17,0,X NK_LOC ST,Strathcona,492765.9374,5458793.3032
Other Theft,2017,8,2,21,0,X NK_LOC ST,Strathcona,492765.9374,5458793.3032
Other Theft,2017,8,5,23,0,X NK_LOC ST,Strathcona,492765.9374,5458793.3032
Other Theft,2017,8,8,10,0,X NK_LOC ST,Strathcona,492765.9374,5458793.3032
Other Theft,2017,8,8,12,0,X NK_LOC ST,Strathcona,492765.9374,5458793.3032
Other Theft,2017,8,8,20,0,X NK_LOC ST,Strathcona,492765.9374,5458793.3032
Other Theft,2017,8,8,23,50,X NK_LOC ST,Strathcona,492765.9374,5458793.3032
Other Theft,2017,8,11,14,0,X NK_LOC ST,Strathcona,492765.9374,5458793.3032
Other Theft,2017,8,19,17,45,X NK_LOC ST,Strathcona,492765.9374,5458793.3032
Other Theft,2017,8,22,13,0,X NK_LOC ST,Strathcona,492765.9374,5458793.3032
Other Theft,2017,9,1,19,0,X NK_LOC ST,Strathcona,492765.9374,5458793.3032
Other Theft,2017,9,11,10,0,X NK_LOC ST,Strathcona,492765.9374,5458793.3032
Other Theft,2017,9,24,20,0,X NK_LOC ST,Strathcona,492765.9374,5458793.3032
Other Theft,2017,9,25,18,0,X NK_LOC ST,Strathcona,492765.9374,5458793.3032
Other Theft,2017,10,3,0,0,X NK_LOC ST,Strathcona,492765.9374,5458793.3032
Other Theft,2017,10,14,18,0,X NK_LOC ST,Strathcona,492765.9374,5458793.3032
Other Theft,2017,10,17,19,30,X NK_LOC ST,Strathcona,492765.9374,5458793.3032
Other Theft,2017,10,18,12,0,X NK_LOC ST,Strathcona,492765.9374,5458793.3032
Other Theft,2017,10,24,19,30,X NK_LOC ST,Strathcona,492765.9374,5458793.3032
Other Theft,2017,10,26,0,0,X NK_LOC ST,Strathcona,492765.9374,5458793.3032
Other Theft,2017,10,27,18,15,X NK_LOC ST,Strathcona,492765.9374,5458793.3032
Other Theft,2017,10,31,14,40,X NK_LOC ST,Strathcona,492765.9374,5458793.3032
Other Theft,2017,11,1,0,0,X NK_LOC ST,Strathcona,492765.9374,5458793.3032
Other Theft,2017,11,1,12,30,X NK_LOC ST,Strathcona,492765.9374,5458793.3032
Other Theft,2017,11,5,10,0,X NK_LOC ST,Strathcona,492765.9374,5458793.3032
Other Theft,2017,11,7,7,59,X NK_LOC ST,Strathcona,492765.9374,5458793.3032
Other Theft,2017,11,17,18,0,X NK_LOC ST,Strathcona,492765.9374,5458793.3032
Other Theft,2017,11,18,0,0,X NK_LOC ST,Strathcona,492765.9374,5458793.3032
Other Theft,2017,11,18,1,44,X NK_LOC ST,Strathcona,492765.9374,5458793.3032
Other Theft,2017,11,21,20,0,X NK_LOC ST,Strathcona,492765.9374,5458793.3032
Other Theft,2017,11,24,21,0,X NK_LOC ST,Strathcona,492765.9374,5458793.3032
Other Theft,2017,11,28,10,30,X NK_LOC ST,Strathcona,492765.9374,5458793.3032
Other Theft,2017,12,7,6,45,X NK_LOC ST,Strathcona,492765.9374,5458793.3032
Other Theft,2017,12,15,22,0,X NK_LOC ST,Strathcona,492765.9374,5458793.3032
Other Theft,2017,12,20,15,50,X NK_LOC ST,Strathcona,492765.9374,5458793.3032
Other Theft,2017,12,22,20,1,X NK_LOC ST,Strathcona,492765.9374,5458793.3032
Other Theft,2017,12,26,22,24,X NK_LOC ST,Strathcona,492765.9374,5458793.3032
Other Theft,2017,1,1,12,0,X NK_LOC ST,Strathcona,492765.9376,5458793.3025
Other Theft,2017,8,21,14,15,X POWELL ST,Central Business District,492436.539,5458956.5709
Other Theft,2017,9,3,7,30,X STANLEY PARK CSWY,Central Business District,490077.1357,5460212.2452
Other Theft,2017,11,7,10,0,X W 20TH AVE,Riley Park,492356.865,5455564.896
Other Theft,2017,3,12,17,12,X W 22ND AVE,Riley Park,492346.7417,5455365.9336
Other Theft,2017,5,23,23,0,X W 22ND AVE,Riley Park,492346.7417,5455365.9336
Other Theft,2017,4,14,8,19,X W 22ND AVE,Riley Park,492356.6753,5455356.5288
Other Theft,2017,9,8,15,30,X W 4TH AVE,Mount Pleasant,492372.0376,5457189.427
Other Theft,2017,8,12,12,45,X W CORDOVA ST,Central Business District,492406.4742,5458856.5027
Other Theft,2017,2,21,12,35,X W CORDOVA ST,Central Business District,492412.6493,5458864.1862
Other Theft,2017,10,17,13,45,X W HASTINGS ST,Central Business District,492400.4064,5458760.1139
Other Theft,2017,10,18,1,18,X W HASTINGS ST,Central Business District,492400.4064,5458760.1139
Other Theft,2017,4,26,8,4,X W HASTINGS ST,Central Business District,492404.497,5458758.9576
Other Theft,2017,3,29,18,0,X WEST END,West End,490191.5251,5459038.4769
Theft from Vehicle,2017,3,27,6,15,10XX ALBERNI ST,West End,491044.6062,5459137.356
Theft from Vehicle,2017,7,12,20,0,10XX ALBERNI ST,West End,491058.8169,5459123.0857
Theft from Vehicle,2017,7,18,17,19,10XX ALBERNI ST,West End,491058.8169,5459123.0857
Theft from Vehicle,2017,11,9,2,16,10XX ALBERNI ST,West End,491058.8169,5459123.0857
Theft from Vehicle,2017,7,21,12,20,10XX ALBERNI ST,West End,491065.2962,5459129.538
Theft from Vehicle,2017,1,3,17,0,10XX ALBERNI ST,West End,491101.4488,5459080.2747
Theft from Vehicle,2017,1,6,21,37,10XX ALBERNI ST,West End,491144.0808,5459037.4638
Theft from Vehicle,2017,1,30,7,0,10XX ALBERNI ST,West End,491144.0808,5459037.4638
Theft from Vehicle,2017,2,16,23,0,10XX ALBERNI ST,West End,491144.0808,5459037.4638
Theft from Vehicle,2017,2,17,8,23,10XX ALBERNI ST,West End,491144.0808,5459037.4638
Theft from Vehicle,2017,4,15,2,16,10XX ALBERNI ST,West End,491144.0808,5459037.4638
Theft from Vehicle,2017,10,9,15,40,10XX ALBERNI ST,West End,491144.0808,5459037.4638
Theft from Vehicle,2017,8,11,19,0,10XX BALFOUR AVE,Shaughnessy,490719.629,5455442.5458
Theft from Vehicle,2017,12,10,0,0,10XX BARCLAY ST,West End,490808.7718,5458912.6577
Theft from Vehicle,2017,7,19,22,30,10XX BARCLAY ST,West End,490833.4368,5458886.9598
Theft from Vehicle,2017,12,23,16,0,10XX BARCLAY ST,West End,490833.4368,5458886.9598
Theft from Vehicle,2017,6,27,20,0,10XX BARCLAY ST,West End,490847.1395,5458872.6832
Theft from Vehicle,2017,4,9,18,0,10XX BARCLAY ST,West End,490848.7642,5458857.7854
Theft from Vehicle,2017,9,6,20,0,10XX BARCLAY ST,West End,490848.7642,5458857.7854
Theft from Vehicle,2017,11,14,23,45,10XX BARCLAY ST,West End,490848.7642,5458857.7854
Theft from Vehicle,2017,4,21,23,30,10XX BARCLAY ST,West End,490903.5756,5458800.6793
Theft from Vehicle,2017,8,17,3,37,10XX BARCLAY ST,West End,490903.5756,5458800.6793
Theft from Vehicle,2017,11,4,22,0,10XX BEACH AVE,West End,490197.8719,5458238.7921
Theft from Vehicle,2017,1,1,0,0,10XX BEACH AVE,West End,490228.7807,5458208.3497
Theft from Vehicle,2017,1,6,19,0,10XX BEACH AVE,West End,490228.7807,5458208.3497
Theft from Vehicle,2017,1,17,21,0,10XX BEACH AVE,West End,490228.7807,5458208.3497
Theft from Vehicle,2017,4,6,21,30,10XX BEACH AVE,West End,490228.7807,5458208.3497
Theft from Vehicle,2017,7,4,0,0,10XX BEACH AVE,West End,490228.7807,5458208.3497
Theft from Vehicle,2017,7,25,21,10,10XX BEACH AVE,West End,490228.7807,5458208.3497
Theft from Vehicle,2017,8,10,19,45,10XX BEACH AVE,West End,490228.7807,5458208.3497
Theft from Vehicle,2017,3,26,17,24,10XX BEACH AVE,West End,490234.4136,5458201.015
Theft from Vehicle,2017,7,21,16,0,10XX BEACH AVE,West End,490234.4136,5458201.015
Theft from Vehicle,2017,5,12,9,0,10XX BEACH AVE,Central Business District,490255.5322,5458158.6131
Theft from Vehicle,2017,5,23,21,30,10XX BEACH AVE,Central Business District,490255.5322,5458158.6131
Theft from Vehicle,2017,3,10,13,30,10XX BEACH AVE,Central Business District,490268.432,5458142.577
Theft from Vehicle,2017,7,9,18,0,10XX BEACH AVE,Central Business District,490268.432,5458142.577
Theft from Vehicle,2017,7,17,16,0,10XX BEACH AVE,Central Business District,490268.432,5458142.577
Theft from Vehicle,2017,7,17,21,0,10XX BEACH AVE,Central Business District,490268.432,5458142.577
Theft from Vehicle,2017,9,12,8,55,10XX BEACH AVE,Central Business District,490268.432,5458142.577
Theft from Vehicle,2017,5,11,19,30,10XX BROUGHTON ST,West End,490247.1512,5459171.0415
Theft from Vehicle,2017,10,18,10,40,10XX BROUGHTON ST,West End,490247.1512,5459171.0415
Theft from Vehicle,2017,7,25,0,0,10XX BROUGHTON ST,West End,490278.5626,5459189.8725
Theft from Vehicle,2017,7,27,15,0,10XX BROUGHTON ST,West End,490278.5626,5459189.8725
Theft from Vehicle,2017,11,15,16,0,10XX BROUGHTON ST,West End,490278.5626,5459189.8725
Theft from Vehicle,2017,9,28,0,0,10XX BURNABY ST,West End,490421.9484,5458518.728
Theft from Vehicle,2017,10,1,21,0,10XX BURNABY ST,West End,490421.9484,5458518.728
Theft from Vehicle,2017,11,15,22,0,10XX BURNABY ST,West End,490421.9484,5458518.728
Theft from Vehicle,2017,4,27,13,15,10XX BURNABY ST,West End,490481.8114,5458457.7424
Theft from Vehicle,2017,12,9,21,0,10XX BURNABY ST,West End,490481.8114,5458457.7424
Theft from Vehicle,2017,8,19,22,0,10XX BURNABY ST,West End,490516.1015,5458409.7558
Theft from Vehicle,2017,9,13,0,0,10XX BURNABY ST,West End,490516.1015,5458409.7558
Theft from Vehicle,2017,9,20,9,30,10XX BURNABY ST,West End,490516.1015,5458409.7558
Theft from Vehicle,2017,10,26,13,30,10XX BURNABY ST,West End,490516.1015,5458409.7558
Theft from Vehicle,2017,4,23,10,0,10XX BURNABY ST,West End,490519.906,5458418.9333
Theft from Vehicle,2017,8,28,17,0,10XX BURNABY ST,West End,490519.906,5458418.9333
Theft from Vehicle,2017,1,12,9,30,10XX BURRARD ST,West End,490729.6302,5458622.1395
Theft from Vehicle,2017,2,13,9,8,10XX BURRARD ST,West End,490729.6302,5458622.1395
Theft from Vehicle,2017,3,19,17,0,10XX BURRARD ST,West End,490729.6302,5458622.1395
Theft from Vehicle,2017,3,19,19,45,10XX BURRARD ST,West End,490729.6302,5458622.1395
Theft from Vehicle,2017,4,14,18,30,10XX BURRARD ST,West End,490729.6302,5458622.1395
Theft from Vehicle,2017,4,21,22,20,10XX BURRARD ST,West End,490729.6302,5458622.1395
Theft from Vehicle,2017,5,19,13,0,10XX BURRARD ST,West End,490729.6302,5458622.1395
Theft from Vehicle,2017,8,29,6,45,10XX BURRARD ST,West End,490729.6302,5458622.1395
Theft from Vehicle,2017,8,30,11,0,10XX BURRARD ST,West End,490729.6302,5458622.1395
Theft from Vehicle,2017,9,27,23,30,10XX BURRARD ST,West End,490729.6302,5458622.1395
Theft from Vehicle,2017,10,9,7,15,10XX BURRARD ST,West End,490729.6302,5458622.1395
Theft from Vehicle,2017,10,12,10,10,10XX BURRARD ST,West End,490729.6302,5458622.1395
Theft from Vehicle,2017,10,27,7,30,10XX BURRARD ST,West End,490729.6302,5458622.1395
Theft from Vehicle,2017,10,31,16,0,10XX BURRARD ST,West End,490729.6302,5458622.1395
Theft from Vehicle,2017,11,2,13,10,10XX BURRARD ST,West End,490729.6302,5458622.1395
Theft from Vehicle,2017,11,5,21,30,10XX BURRARD ST,West End,490729.6302,5458622.1395
Theft from Vehicle,2017,11,15,6,45,10XX BURRARD ST,West End,490729.6302,5458622.1395
Theft from Vehicle,2017,12,5,21,0,10XX BURRARD ST,West End,490729.6302,5458622.1395
Theft from Vehicle,2017,12,12,18,49,10XX BURRARD ST,West End,490729.6302,5458622.1395
Theft from Vehicle,2017,12,15,6,0,10XX BURRARD ST,West End,490729.6302,5458622.1395
Theft from Vehicle,2017,12,22,22,0,10XX BURRARD ST,West End,490729.6302,5458622.1395
Theft from Vehicle,2017,12,23,7,0,10XX BURRARD ST,West End,490729.6302,5458622.1395
Theft from Vehicle,2017,12,29,16,30,10XX BURRARD ST,West End,490729.6302,5458622.1395
Theft from Vehicle,2017,1,2,7,0,10XX BURRARD ST,West End,490729.8291,5458622.3417
Theft from Vehicle,2017,8,26,23,30,10XX BURRARD ST,Central Business District,490729.9102,5458609.3957
Theft from Vehicle,2017,1,14,20,15,10XX BURRARD ST,Central Business District,490729.9102,5458609.3957
Theft from Vehicle,2017,1,10,5,0,10XX BURRARD ST,West End,490749.2251,5458642.0255
Theft from Vehicle,2017,8,3,15,20,10XX BURRARD ST,West End,490806.2772,5458701.6118
Theft from Vehicle,2017,2,1,10,31,10XX BURRARD ST,West End,490807.6965,5458703.0981
Theft from Vehicle,2017,3,27,18,40,10XX BURRARD ST,West End,490807.6965,5458703.0981
Theft from Vehicle,2017,5,6,14,30,10XX BURRARD ST,West End,490807.6965,5458703.0981
Theft from Vehicle,2017,5,15,0,0,10XX BURRARD ST,West End,490807.6965,5458703.0981
Theft from Vehicle,2017,6,20,17,0,10XX BURRARD ST,West End,490807.6965,5458703.0981
Theft from Vehicle,2017,10,22,16,0,10XX BURRARD ST,West End,490807.6965,5458703.0981
Theft from Vehicle,2017,12,15,10,10,10XX BURRARD ST,West End,490807.6965,5458703.0981
Theft from Vehicle,2017,12,19,12,30,10XX BURRARD ST,West End,490807.6965,5458703.0981
Theft from Vehicle,2017,2,18,12,30,10XX BURRARD ST,Central Business District,490835.5218,5458718.9971
Theft from Vehicle,2017,3,7,4,45,10XX BURRARD ST,Central Business District,490835.5218,5458718.9971
Theft from Vehicle,2017,6,8,9,0,10XX BURRARD ST,Central Business District,490835.5218,5458718.9971
Theft from Vehicle,2017,12,6,19,15,10XX BURRARD ST,Central Business District,490835.5218,5458718.9971
Theft from Vehicle,2017,3,12,22,0,10XX BUTE ST,West End,490409.3152,5458906.5129
Theft from Vehicle,2017,11,12,22,30,10XX BUTE ST,West End,490423.8858,5458908.3056
Theft from Vehicle,2017,1,31,15,15,10XX CAMBIE ST,Central Business District,491326.4661,5458023.7923
Theft from Vehicle,2017,5,11,14,45,10XX CAMBIE ST,Central Business District,491326.4661,5458023.7923
Theft from Vehicle,2017,11,12,23,28,10XX CAMBIE ST,Central Business District,491326.4661,5458023.7923
Theft from Vehicle,2017,11,11,23,36,10XX CAMBIE ST,Central Business District,491360.9625,5458042.207
Theft from Vehicle,2017,9,18,9,15,10XX CAMBIE ST,Central Business District,491375.5798,5458070.0568
Theft from Vehicle,2017,10,3,22,50,10XX CAMBIE ST,Central Business District,491408.801,5458133.3517
Theft from Vehicle,2017,5,28,0,0,10XX CAMBIE ST,Central Business District,491414.2876,5458141.8102
Theft from Vehicle,2017,9,3,21,0,10XX CAMBIE ST,Central Business District,491414.2876,5458141.8102
Theft from Vehicle,2017,11,4,23,30,10XX CAMBIE ST,Central Business District,491414.2876,5458141.8102
Theft from Vehicle,2017,11,24,1,0,10XX CAMBIE ST,Central Business District,491414.2876,5458141.8102
Theft from Vehicle,2017,3,6,1,39,10XX CANADA PL,Central Business District,491436.1817,5459556.3096
Theft from Vehicle,2017,7,18,14,30,10XX CANADA PL,Central Business District,491493.3146,5459541.9753
Theft from Vehicle,2017,12,9,18,45,10XX CANADA PL,Central Business District,491493.3146,5459541.9753
Theft from Vehicle,2017,1,30,10,36,10XX CANADA PL,Central Business District,491493.3146,5459541.9753
Theft from Vehicle,2017,3,30,8,30,10XX CANADA PL,Central Business District,491493.3146,5459541.9753
Theft from Vehicle,2017,4,3,0,43,10XX CANADA PL,Central Business District,491493.3146,5459541.9753
Theft from Vehicle,2017,4,4,8,30,10XX CANADA PL,Central Business District,491493.3146,5459541.9753
Theft from Vehicle,2017,4,29,7,0,10XX CANADA PL,Central Business District,491493.3146,5459541.9753
Theft from Vehicle,2017,2,18,18,0,10XX CANADA PL,Central Business District,491521.6898,5459519.9872
Theft from Vehicle,2017,3,31,12,0,10XX CANADA PL,Central Business District,491521.6898,5459519.9872
Theft from Vehicle,2017,12,16,15,0,10XX CANADA PL,Central Business District,491521.6898,5459519.9872
Theft from Vehicle,2017,9,6,21,56,10XX CANADA PL,Central Business District,491599.7453,5459486.8307
Theft from Vehicle,2017,12,31,18,0,10XX CARDERO ST,West End,490115.3352,5459363.9064
Theft from Vehicle,2017,6,8,16,30,10XX CHILCO ST,West End,489666.5674,5459811.8628
Theft from Vehicle,2017,11,11,17,0,10XX CHILCO ST,West End,489707.9753,5459841.1792
Theft from Vehicle,2017,8,12,18,30,10XX COMMERCIAL DR,Grandview-Woodland,494946.8873,5458110.933
Theft from Vehicle,2017,3,27,7,0,10XX COTTON DR,Grandview-Woodland,494798.5271,5458176.1384
Theft from Vehicle,2017,8,4,16,30,10XX DAVIE ST,West End,490457.8657,5458626.1529
Theft from Vehicle,2017,6,17,15,20,10XX DAVIE ST,West End,490543.5132,5458554.5401
Theft from Vehicle,2017,9,7,21,0,10XX DAVIE ST,West End,490565.3884,5458520.1278
Theft from Vehicle,2017,7,3,8,54,10XX DAVIE ST,West End,490596.5134,5458489.4363
Theft from Vehicle,2017,8,10,0,0,10XX DAVIE ST,West End,490596.5134,5458489.4363
Theft from Vehicle,2017,10,4,4,0,10XX DAVIE ST,West End,490596.5134,5458489.4363
Theft from Vehicle,2017,10,15,15,0,10XX DAVIE ST,West End,490596.5134,5458489.4363
Theft from Vehicle,2017,10,28,22,30,10XX DOUGLAS CRES,Shaughnessy,490693.6758,5455754.9037
Theft from Vehicle,2017,3,2,6,0,10XX DUNSMUIR ST,Central Business District,491311.3762,5459211.0756
Theft from Vehicle,2017,6,9,8,10,10XX DUNSMUIR ST,Central Business District,491311.3762,5459211.0756
Theft from Vehicle,2017,11,25,22,30,10XX DUNSMUIR ST,Central Business District,491311.3762,5459211.0756
Theft from Vehicle,2017,4,22,21,45,10XX E 11TH AVE,Mount Pleasant,493996.4822,5456429.9765
Theft from Vehicle,2017,6,1,18,30,10XX E 11TH AVE,Mount Pleasant,494023.1272,5456420.5696
Theft from Vehicle,2017,3,6,0,0,10XX E 12TH AVE,Mount Pleasant,493981.9897,5456323.1947
Theft from Vehicle,2017,5,26,21,0,10XX E 12TH AVE,Mount Pleasant,494006.1235,5456331.9079
Theft from Vehicle,2017,10,2,22,30,10XX E 13TH AVE,Mount Pleasant,493941.4027,5456221.339
Theft from Vehicle,2017,7,16,17,0,10XX E 14TH AVE,Mount Pleasant,493937.7557,5456119.9567
Theft from Vehicle,2017,5,12,13,30,10XX E 21ST AVE,Kensington-Cedar Cottage,493975.0468,5455456.3449
Theft from Vehicle,2017,11,4,23,0,10XX E 29TH AVE,Kensington-Cedar Cottage,493889.0235,5454648.1326
Theft from Vehicle,2017,7,20,20,0,10XX E 33RD AVE,Kensington-Cedar Cottage,493925.1561,5454163.2917
Theft from Vehicle,2017,11,10,18,0,10XX E 37TH AVE,Kensington-Cedar Cottage,493990.3149,5453739.9034
Theft from Vehicle,2017,10,25,19,0,10XX E 54TH AVE,Sunset,493825.8587,5451982.1932
Theft from Vehicle,2017,12,21,17,6,10XX E 57TH AVE,Sunset,493783.299,5451711.958
Theft from Vehicle,2017,8,25,19,0,10XX E 57TH AVE,Sunset,493912.8648,5451711.2565
Theft from Vehicle,2017,5,30,23,0,10XX E 59TH AVE,Sunset,493885.9847,5451527.0788
Theft from Vehicle,2017,4,27,19,30,10XX E 63RD AVE,Sunset,493788.8133,5451122.9867
Theft from Vehicle,2017,3,28,6,33,10XX E 7TH AVE,Mount Pleasant,494040.939,5456833.1904
Theft from Vehicle,2017,12,1,19,30,10XX E 8TH AVE,Mount Pleasant,493944.0291,5456733.3737
Theft from Vehicle,2017,12,3,12,0,10XX E 8TH AVE,Mount Pleasant,494031.8396,5456741.4998
Theft from Vehicle,2017,12,8,19,0,10XX E 8TH AVE,Mount Pleasant,494031.8396,5456741.4998
Theft from Vehicle,2017,8,29,1,0,10XX E BROADWAY AVE,Mount Pleasant,494074.1104,5456636.8066
Theft from Vehicle,2017,2,17,9,0,10XX E CORDOVA ST,Strathcona,494009.0018,5458796.2277
Theft from Vehicle,2017,4,3,8,24,10XX E CORDOVA ST,Strathcona,494009.0018,5458796.2277
Theft from Vehicle,2017,8,27,18,0,10XX E CORDOVA ST,Strathcona,494021.7673,5458805.0532
Theft from Vehicle,2017,2,2,19,30,10XX E CORDOVA ST,Strathcona,494023.3342,5458805.0138
Theft from Vehicle,2017,7,4,20,0,10XX E CORDOVA ST,Strathcona,494023.3342,5458805.0138
Theft from Vehicle,2017,10,2,19,30,10XX E CORDOVA ST,Strathcona,494024.671,5458795.8332
Theft from Vehicle,2017,11,5,9,0,10XX E KENT AVE N,Sunset,493848.7416,5450670.2985
Theft from Vehicle,2017,10,16,9,23,10XX E PENDER ST,Strathcona,493989.8742,5458590.3322
Theft from Vehicle,2017,11,14,15,0,10XX E PENDER ST,Strathcona,494067.4674,5458596.8871
Theft from Vehicle,2017,11,25,11,0,10XX EXPO BLVD,Central Business District,491511.48,5457975.6036
Theft from Vehicle,2017,2,17,19,30,10XX EXPO BLVD,Central Business District,491546.0895,5458011.0024
Theft from Vehicle,2017,6,24,18,0,10XX EXPO BLVD,Central Business District,491546.0895,5458011.0024
Theft from Vehicle,2017,3,14,19,0,10XX EXPO BLVD,Central Business District,491559.0207,5458009.6431
Theft from Vehicle,2017,3,24,0,30,10XX EXPO BLVD,Central Business District,491559.0207,5458009.6431
Theft from Vehicle,2017,4,16,21,0,10XX GILFORD ST,West End,489807.3809,5459742.1956
Theft from Vehicle,2017,7,22,15,45,10XX GRANVILLE ST,Central Business District,490956.7215,5458417.1499
Theft from Vehicle,2017,10,6,21,40,10XX GRANVILLE ST,Central Business District,490996.085,5458444.3174
Theft from Vehicle,2017,2,21,0,0,10XX GRANVILLE ST,Central Business District,491050.796,5458500.2531
Theft from Vehicle,2017,7,29,17,6,10XX GRANVILLE ST,Central Business District,491050.796,5458500.2531
Theft from Vehicle,2017,8,19,18,0,10XX GRANVILLE ST,Central Business District,491050.796,5458500.2531
Theft from Vehicle,2017,10,14,1,30,10XX GRANVILLE ST,Central Business District,491050.796,5458500.2531
Theft from Vehicle,2017,11,8,22,56,10XX GRANVILLE ST,Central Business District,491050.796,5458500.2531
Theft from Vehicle,2017,8,19,22,0,10XX HAMILTON ST,Central Business District,491217.8364,5458154.8767
Theft from Vehicle,2017,7,4,8,0,10XX HAMILTON ST,Central Business District,491307.0517,5458245.6877
Theft from Vehicle,2017,6,14,22,30,10XX HARO ST,West End,490899.0253,5458974.0656
Theft from Vehicle,2017,8,29,15,13,10XX HARO ST,West End,490899.0253,5458974.0656
Theft from Vehicle,2017,2,12,21,0,10XX HARO ST,West End,490902.6232,5458957.6112
Theft from Vehicle,2017,4,7,22,0,10XX HARO ST,West End,490907.1712,5458965.9806
Theft from Vehicle,2017,6,15,21,0,10XX HARO ST,West End,490907.1712,5458965.9806
Theft from Vehicle,2017,7,25,15,0,10XX HARO ST,West End,490907.1712,5458965.9806
Theft from Vehicle,2017,7,12,2,35,10XX HARO ST,West End,490922.4519,5458937.9307
Theft from Vehicle,2017,11,16,17,30,10XX HARO ST,West End,490922.4519,5458937.9307
Theft from Vehicle,2017,1,1,4,0,10XX HARWOOD ST,West End,490371.2944,5458414.9856
Theft from Vehicle,2017,4,4,0,0,10XX HARWOOD ST,West End,490409.5994,5458362.936
Theft from Vehicle,2017,4,20,21,0,10XX HARWOOD ST,West End,490411.2998,5458361.2055
Theft from Vehicle,2017,11,21,21,0,10XX HAZELTON ST,Hastings-Sunrise,497260.5154,5458044.5358
Theft from Vehicle,2017,3,15,0,0,10XX HOMER ST,Central Business District,491198.5704,5458233.8344
Theft from Vehicle,2017,4,7,7,2,10XX HOMER ST,Central Business District,491198.8052,5458234.0738
Theft from Vehicle,2017,1,10,6,0,10XX HOMER ST,Central Business District,491264.7157,5458288.1813
Theft from Vehicle,2017,2,17,20,0,10XX HOMER ST,Central Business District,491264.7157,5458288.1813
Theft from Vehicle,2017,7,7,16,30,10XX HORNBY ST,Central Business District,490819.8206,5458551.2746
Theft from Vehicle,2017,8,29,17,0,10XX HORNBY ST,Central Business District,490819.8206,5458551.2746
Theft from Vehicle,2017,1,14,16,30,10XX HORNBY ST,Central Business District,490821.3009,5458552.7891
Theft from Vehicle,2017,1,14,7,0,10XX HORNBY ST,Central Business District,490833.289,5458565.0539
Theft from Vehicle,2017,1,16,3,34,10XX HORNBY ST,Central Business District,490833.289,5458565.0539
Theft from Vehicle,2017,1,16,14,35,10XX HORNBY ST,Central Business District,490833.289,5458565.0539
Theft from Vehicle,2017,3,23,17,0,10XX HORNBY ST,Central Business District,490833.289,5458565.0539
Theft from Vehicle,2017,6,11,13,18,10XX HORNBY ST,Central Business District,490903.0712,5458649.5283
Theft from Vehicle,2017,1,11,19,55,10XX HORNBY ST,Central Business District,490907.2702,5458640.7425
Theft from Vehicle,2017,3,18,0,0,10XX HORNBY ST,Central Business District,490909.6103,5458643.1367
Theft from Vehicle,2017,12,3,8,38,10XX HORNBY ST,Central Business District,490909.6103,5458643.1367
Theft from Vehicle,2017,8,11,16,0,10XX HOWE ST,Central Business District,490889.5958,5458482.8579
Theft from Vehicle,2017,8,11,19,0,10XX HOWE ST,Central Business District,490889.5958,5458482.8579
Theft from Vehicle,2017,9,28,10,45,10XX HOWE ST,Central Business District,490911.7414,5458505.4916
Theft from Vehicle,2017,1,22,2,48,10XX HOWE ST,Central Business District,490922.8609,5458516.8562
Theft from Vehicle,2017,10,22,5,50,10XX HOWE ST,Central Business District,490922.922,5458529.9935
Theft from Vehicle,2017,1,7,20,0,10XX HOWE ST,Central Business District,490933.4626,5458527.6914
Theft from Vehicle,2017,2,24,23,0,10XX HOWE ST,Central Business District,490967.1054,5458562.0758
Theft from Vehicle,2017,8,3,1,45,10XX HOWE ST,Central Business District,490967.1054,5458562.0758
Theft from Vehicle,2017,2,28,20,33,10XX HOWE ST,Central Business District,490978.1781,5458573.3927
Theft from Vehicle,2017,7,9,20,0,10XX HOWE ST,Central Business District,490978.1781,5458573.3927
Theft from Vehicle,2017,8,3,3,0,10XX HOWE ST,Central Business District,490978.1781,5458573.3927
Theft from Vehicle,2017,8,9,0,0,10XX HOWE ST,Central Business District,490978.1781,5458573.3927
Theft from Vehicle,2017,8,13,22,15,10XX HOWE ST,Central Business District,490978.1781,5458573.3927
Theft from Vehicle,2017,8,20,16,15,10XX HOWE ST,Central Business District,490978.1781,5458573.3927
Theft from Vehicle,2017,8,27,23,30,10XX HOWE ST,Central Business District,490978.1781,5458573.3927
Theft from Vehicle,2017,9,9,20,0,10XX HOWE ST,Central Business District,490978.1781,5458573.3927
Theft from Vehicle,2017,9,10,20,45,10XX HOWE ST,Central Business District,490978.1781,5458573.3927
Theft from Vehicle,2017,9,29,22,0,10XX HOWE ST,Central Business District,490978.1781,5458573.3927
Theft from Vehicle,2017,9,30,23,0,10XX HOWE ST,Central Business District,490978.1781,5458573.3927
Theft from Vehicle,2017,10,2,12,35,10XX HOWE ST,Central Business District,490978.1781,5458573.3927
Theft from Vehicle,2017,12,14,2,9,10XX HOWE ST,Central Business District,490978.1781,5458573.3927
Theft from Vehicle,2017,1,30,18,0,10XX IRONWORK PASS,Fairview,490688.4877,5457250.6353
Theft from Vehicle,2017,12,9,20,30,10XX JERVIS ST,West End,490345.7755,5459071.016
Theft from Vehicle,2017,7,12,22,0,10XX JERVIS ST,West End,490412.2089,5459133.6754
Theft from Vehicle,2017,8,5,18,10,10XX JERVIS ST,West End,490412.2089,5459133.6754
Theft from Vehicle,2017,4,23,20,9,10XX JERVIS ST,West End,490422.5148,5459131.0185
Theft from Vehicle,2017,9,10,16,0,10XX KEEFER ST,Strathcona,494049.0229,5458484.1046
Theft from Vehicle,2017,10,10,18,30,10XX KINGSWAY AVE,Kensington-Cedar Cottage,493906.3057,5455674.0126
Theft from Vehicle,2017,1,24,16,0,10XX KINGSWAY AVE,Kensington-Cedar Cottage,493973.5265,5455626.2586
Theft from Vehicle,2017,10,3,19,0,10XX KINGSWAY AVE,Kensington-Cedar Cottage,494027.1517,5455598.9223
Theft from Vehicle,2017,10,24,18,30,10XX KINGSWAY AVE,Kensington-Cedar Cottage,494044.1927,5455586.6549
Theft from Vehicle,2017,12,12,19,0,10XX KINGSWAY AVE,Kensington-Cedar Cottage,494044.1927,5455586.6549
Theft from Vehicle,2017,8,6,10,30,10XX LAGOON DR,Stanley Park,489610.0696,5460042.6582
Theft from Vehicle,2017,10,30,21,14,10XX MAIN ST,Strathcona,492743.646,5458105.3536
Theft from Vehicle,2017,8,15,23,0,10XX MAIN ST,Strathcona,492744.1467,5458124.6243
Theft from Vehicle,2017,1,12,15,50,10XX MAINLAND ST,Central Business District,491271.001,5458143.3482
Theft from Vehicle,2017,12,17,19,45,10XX MAINLAND ST,Central Business District,491285.4695,5458158.3534
Theft from Vehicle,2017,5,1,22,20,10XX MAINLAND ST,Central Business District,491324.5391,5458185.7001
Theft from Vehicle,2017,5,14,3,0,10XX MAINLAND ST,Central Business District,491346.1971,5458208.1626
Theft from Vehicle,2017,6,14,19,30,10XX MAINLAND ST,Central Business District,491346.1971,5458208.1626
Theft from Vehicle,2017,10,11,13,10,10XX MAINLAND ST,Central Business District,491346.1971,5458208.1626
Theft from Vehicle,2017,11,2,5,10,10XX MAINLAND ST,Central Business District,491346.1971,5458208.1626
Theft from Vehicle,2017,10,10,20,0,10XX MARINASIDE CRES,Central Business District,491399.9852,5457863.3141
Theft from Vehicle,2017,10,18,6,0,10XX MARINASIDE CRES,Central Business District,491399.9852,5457863.3141
Theft from Vehicle,2017,1,18,9,59,10XX MARINASIDE CRES,Central Business District,491443.7948,5457868.8672
Theft from Vehicle,2017,1,18,9,50,10XX MARINASIDE CRES,Central Business District,491444.9933,5457868.5222
Theft from Vehicle,2017,12,20,12,0,10XX MARINASIDE CRES,Central Business District,491476.2703,5457858.1817
Theft from Vehicle,2017,10,21,21,55,10XX MARINASIDE CRES,Central Business District,491500.0551,5457846.8137
Theft from Vehicle,2017,10,8,11,30,10XX MARINASIDE CRES,Central Business District,491545.474,5457835.8202
Theft from Vehicle,2017,7,7,21,0,10XX MARINASIDE CRES,Central Business District,491645.5116,5457866.4683
Theft from Vehicle,2017,9,5,16,30,10XX MARINASIDE CRES,Central Business District,491645.5116,5457866.4683
Theft from Vehicle,2017,10,2,18,0,10XX MARINASIDE CRES,Central Business District,491645.5116,5457866.4683
Theft from Vehicle,2017,10,10,22,0,10XX MARINASIDE CRES,Central Business District,491645.5116,5457866.4683
Theft from Vehicle,2017,11,19,1,0,10XX MARINASIDE CRES,Central Business District,491645.5116,5457866.4683
Theft from Vehicle,2017,12,15,1,30,10XX MARINASIDE CRES,Central Business District,491645.5116,5457866.4683
Theft from Vehicle,2017,2,19,2,0,10XX MCLEAN DR,Grandview-Woodland,494580.3497,5458107.2232
Theft from Vehicle,2017,12,22,15,0,10XX MCLEAN DR,Grandview-Woodland,494589.6672,5458116.8594
Theft from Vehicle,2017,9,14,15,56,10XX MELVILLE ST,Central Business District,491265.6466,5459162.307
Theft from Vehicle,2017,3,28,16,30,10XX NANAIMO ST,Hastings-Sunrise,495889.7089,5458100.3947
Theft from Vehicle,2017,3,28,18,30,10XX NELSON ST,West End,490744.49,5458804.6047
Theft from Vehicle,2017,3,11,18,0,10XX NELSON ST,West End,490770.5173,5458791.7349
Theft from Vehicle,2017,4,4,23,1,10XX NELSON ST,West End,490794.8878,5458754.7884
Theft from Vehicle,2017,4,11,9,30,10XX NELSON ST,West End,490794.8878,5458754.7884
Theft from Vehicle,2017,5,16,10,0,10XX NELSON ST,West End,490794.8878,5458754.7884
Theft from Vehicle,2017,5,29,9,30,10XX NELSON ST,West End,490794.8878,5458754.7884
Theft from Vehicle,2017,6,1,18,0,10XX NELSON ST,West End,490794.8878,5458754.7884
Theft from Vehicle,2017,6,17,22,30,10XX NELSON ST,West End,490794.8878,5458754.7884
Theft from Vehicle,2017,5,17,23,46,10XX NELSON ST,West End,490794.8878,5458754.7884
Theft from Vehicle,2017,8,4,15,32,10XX NELSON ST,West End,490794.8878,5458754.7884
Theft from Vehicle,2017,8,4,18,51,10XX NELSON ST,West End,490794.8878,5458754.7884
Theft from Vehicle,2017,8,14,0,0,10XX NELSON ST,West End,490794.8878,5458754.7884
Theft from Vehicle,2017,10,11,20,0,10XX NELSON ST,West End,490794.8878,5458754.7884
Theft from Vehicle,2017,10,15,1,0,10XX NELSON ST,West End,490794.8878,5458754.7884
Theft from Vehicle,2017,10,20,10,0,10XX NELSON ST,West End,490794.8878,5458754.7884
Theft from Vehicle,2017,11,27,16,30,10XX NELSON ST,West End,490794.8878,5458754.7884
Theft from Vehicle,2017,2,14,3,35,10XX NELSON ST,West End,490825.6864,5458724.345
Theft from Vehicle,2017,3,30,6,45,10XX NELSON ST,West End,490825.6864,5458724.345
Theft from Vehicle,2017,4,4,10,0,10XX NELSON ST,West End,490825.6864,5458724.345
Theft from Vehicle,2017,9,1,0,0,10XX NICOLA ST,West End,490147.5473,5459228.0484
Theft from Vehicle,2017,1,7,18,30,10XX NICOLA ST,West End,490234.7951,5459315.1433
Theft from Vehicle,2017,5,2,20,0,10XX NICOLA ST,West End,490234.7951,5459315.1433
Theft from Vehicle,2017,11,6,22,0,10XX NOOTKA ST,Hastings-Sunrise,496992.4469,5458063.6336
Theft from Vehicle,2017,6,6,12,0,10XX ODLUM DR,Grandview-Woodland,494476.1755,5458111.7001
Theft from Vehicle,2017,6,21,23,30,10XX ODLUM DR,Grandview-Woodland,494476.1755,5458111.7001
Theft from Vehicle,2017,10,8,23,0,10XX PACIFIC BLVD,Central Business District,491600.8476,5457927.7939
Theft from Vehicle,2017,10,11,12,45,10XX PACIFIC BLVD,Central Business District,491600.8476,5457927.7939
Theft from Vehicle,2017,10,17,18,0,10XX PACIFIC BLVD,Central Business District,491600.8476,5457927.7939
Theft from Vehicle,2017,11,15,15,0,10XX PACIFIC BLVD,Central Business District,491600.8476,5457927.7939
Theft from Vehicle,2017,11,21,20,0,10XX PACIFIC BLVD,Central Business District,491600.8476,5457927.7939
Theft from Vehicle,2017,12,24,21,0,10XX PACIFIC BLVD,Central Business District,491600.8476,5457927.7939
Theft from Vehicle,2017,5,12,17,33,10XX PACIFIC BLVD,Central Business District,491623.9659,5457934.102
Theft from Vehicle,2017,7,7,6,30,10XX PACIFIC BLVD,Central Business District,491623.9659,5457934.102
Theft from Vehicle,2017,10,20,16,0,10XX PACIFIC BLVD,Central Business District,491623.9659,5457934.102
Theft from Vehicle,2017,11,21,0,0,10XX PACIFIC BLVD,Central Business District,491623.9659,5457934.102
Theft from Vehicle,2017,12,24,6,0,10XX PACIFIC BLVD,Central Business District,491623.9659,5457934.102
Theft from Vehicle,2017,6,7,22,15,10XX PACIFIC ST,West End,490246.1686,5458368.0315
Theft from Vehicle,2017,9,26,0,52,10XX PACIFIC ST,West End,490246.1686,5458368.0315
Theft from Vehicle,2017,1,30,15,0,10XX PACIFIC ST,West End,490285.016,5458342.4257
Theft from Vehicle,2017,8,9,18,0,10XX PACIFIC ST,West End,490299.7837,5458314.9294
Theft from Vehicle,2017,10,5,15,0,10XX PACIFIC ST,West End,490345.11,5458269.9901
Theft from Vehicle,2017,4,14,18,0,10XX PACIFIC ST,West End,490352.2816,5458275.7563
Theft from Vehicle,2017,9,15,12,0,10XX PACIFIC ST,West End,490352.2816,5458275.7563
Theft from Vehicle,2017,11,8,14,0,10XX PACIFIC ST,West End,490352.2816,5458275.7563
Theft from Vehicle,2017,11,8,20,0,10XX PACIFIC ST,West End,490352.2816,5458275.7563
Theft from Vehicle,2017,12,6,0,0,10XX PACIFIC ST,West End,490352.2816,5458275.7563
Theft from Vehicle,2017,5,25,23,12,10XX PACIFIC ST,West End,490359.7772,5458255.4473
Theft from Vehicle,2017,7,5,23,0,10XX PACIFIC ST,West End,490359.7772,5458255.4473
Theft from Vehicle,2017,10,7,18,0,10XX PACIFIC ST,West End,490359.7772,5458255.4473
Theft from Vehicle,2017,2,9,0,0,10XX PARKER ST,Strathcona,494080.0022,5458126.7591
Theft from Vehicle,2017,11,16,11,0,10XX QUEBEC ST,Central Business District,492582.3125,5458115.9399
Theft from Vehicle,2017,1,5,20,0,10XX RICHARDS ST,Central Business District,491127.0236,5458305.7226
Theft from Vehicle,2017,2,17,0,26,10XX RICHARDS ST,Central Business District,491146.701,5458325.4241
Theft from Vehicle,2017,4,19,21,0,10XX RICHARDS ST,Central Business District,491181.9337,5458347.7606
Theft from Vehicle,2017,4,21,22,0,10XX RICHARDS ST,Central Business District,491192.9963,5458358.8369
Theft from Vehicle,2017,6,7,22,10,10XX RICHARDS ST,Central Business District,491192.9963,5458358.8369
Theft from Vehicle,2017,6,17,23,0,10XX RICHARDS ST,Central Business District,491192.9963,5458358.8369
Theft from Vehicle,2017,10,20,23,0,10XX RICHARDS ST,Central Business District,491192.9963,5458358.8369
Theft from Vehicle,2017,11,1,21,30,10XX RICHARDS ST,Central Business District,491192.9963,5458358.8369
Theft from Vehicle,2017,11,2,2,22,10XX RICHARDS ST,Central Business District,491192.9963,5458358.8369
Theft from Vehicle,2017,6,16,21,0,10XX RICHELIEU AVE,Shaughnessy,490623.1257,5455932.5168
Theft from Vehicle,2017,4,14,0,0,10XX RICHELIEU AVE,Shaughnessy,490725.2056,5455924.3562
Theft from Vehicle,2017,3,17,15,30,10XX ROBSON ST,West End,490921.6632,5459093.9531
Theft from Vehicle,2017,7,7,19,15,10XX ROBSON ST,West End,490935.9014,5459079.8829
Theft from Vehicle,2017,11,8,14,30,10XX ROBSON ST,West End,490964.3777,5459051.7426
Theft from Vehicle,2017,6,9,11,0,10XX ROBSON ST,West End,491004.2446,5459012.3461
Theft from Vehicle,2017,8,26,20,30,10XX ROBSON ST,West End,491004.2446,5459012.3461
Theft from Vehicle,2017,2,9,12,0,10XX ROBSON ST,West End,491033.453,5458996.3379
Theft from Vehicle,2017,3,31,18,50,10XX ROBSON ST,West End,491033.453,5458996.3379
Theft from Vehicle,2017,4,28,18,0,10XX ROBSON ST,West End,491033.453,5458996.3379
Theft from Vehicle,2017,7,23,12,0,10XX ROBSON ST,West End,491033.453,5458996.3379
Theft from Vehicle,2017,11,3,18,0,10XX ROBSON ST,West End,491061.1973,5458956.0654
Theft from Vehicle,2017,10,16,19,0,10XX SALSBURY DR,Grandview-Woodland,495089.9692,5458110.798
Theft from Vehicle,2017,9,16,1,0,10XX SCANTLINGS AVE,Fairview,490690.4512,5457177.0362
Theft from Vehicle,2017,3,26,17,0,10XX SE MARINE DR,Sunset,493875.6666,5450918.9295
Theft from Vehicle,2017,4,19,0,0,10XX SE MARINE DR,Sunset,493875.6666,5450918.9295
Theft from Vehicle,2017,6,19,13,0,10XX SE MARINE DR,Sunset,493875.6666,5450918.9295
Theft from Vehicle,2017,7,1,10,40,10XX SE MARINE DR,Sunset,493875.6666,5450918.9295
Theft from Vehicle,2017,1,10,8,0,10XX SEYMOUR ST,Central Business District,491044.9783,5458358.9775
Theft from Vehicle,2017,2,1,20,10,10XX SEYMOUR ST,Central Business District,491044.9783,5458358.9775
Theft from Vehicle,2017,3,10,22,38,10XX SEYMOUR ST,Central Business District,491044.9783,5458358.9775
Theft from Vehicle,2017,3,17,13,30,10XX SEYMOUR ST,Central Business District,491044.9783,5458358.9775
Theft from Vehicle,2017,3,17,23,0,10XX SEYMOUR ST,Central Business District,491044.9783,5458358.9775
Theft from Vehicle,2017,3,27,19,53,10XX SEYMOUR ST,Central Business District,491044.9783,5458358.9775
Theft from Vehicle,2017,3,28,18,57,10XX SEYMOUR ST,Central Business District,491044.9783,5458358.9775
Theft from Vehicle,2017,4,5,11,0,10XX SEYMOUR ST,Central Business District,491044.9783,5458358.9775
Theft from Vehicle,2017,4,5,17,47,10XX SEYMOUR ST,Central Business District,491044.9783,5458358.9775
Theft from Vehicle,2017,4,7,20,45,10XX SEYMOUR ST,Central Business District,491044.9783,5458358.9775
Theft from Vehicle,2017,4,16,18,10,10XX SEYMOUR ST,Central Business District,491044.9783,5458358.9775
Theft from Vehicle,2017,4,19,6,30,10XX SEYMOUR ST,Central Business District,491044.9783,5458358.9775
Theft from Vehicle,2017,4,23,20,13,10XX SEYMOUR ST,Central Business District,491044.9783,5458358.9775
Theft from Vehicle,2017,4,29,10,30,10XX SEYMOUR ST,Central Business District,491044.9783,5458358.9775
Theft from Vehicle,2017,5,3,19,42,10XX SEYMOUR ST,Central Business District,491044.9783,5458358.9775
Theft from Vehicle,2017,5,7,17,0,10XX SEYMOUR ST,Central Business District,491044.9783,5458358.9775
Theft from Vehicle,2017,5,10,14,45,10XX SEYMOUR ST,Central Business District,491044.9783,5458358.9775
Theft from Vehicle,2017,5,13,22,27,10XX SEYMOUR ST,Central Business District,491044.9783,5458358.9775
Theft from Vehicle,2017,5,30,23,40,10XX SEYMOUR ST,Central Business District,491044.9783,5458358.9775
Theft from Vehicle,2017,6,8,10,30,10XX SEYMOUR ST,Central Business District,491044.9783,5458358.9775
Theft from Vehicle,2017,6,22,17,0,10XX SEYMOUR ST,Central Business District,491044.9783,5458358.9775
Theft from Vehicle,2017,6,25,20,16,10XX SEYMOUR ST,Central Business District,491044.9783,5458358.9775
Theft from Vehicle,2017,6,26,14,0,10XX SEYMOUR ST,Central Business District,491044.9783,5458358.9775
Theft from Vehicle,2017,6,28,8,0,10XX SEYMOUR ST,Central Business District,491044.9783,5458358.9775
Theft from Vehicle,2017,7,11,8,30,10XX SEYMOUR ST,Central Business District,491044.9783,5458358.9775
Theft from Vehicle,2017,7,14,20,18,10XX SEYMOUR ST,Central Business District,491044.9783,5458358.9775
Theft from Vehicle,2017,8,4,20,0,10XX SEYMOUR ST,Central Business District,491044.9783,5458358.9775
Theft from Vehicle,2017,8,8,15,28,10XX SEYMOUR ST,Central Business District,491044.9783,5458358.9775
Theft from Vehicle,2017,8,25,18,30,10XX SEYMOUR ST,Central Business District,491044.9783,5458358.9775
Theft from Vehicle,2017,8,28,23,48,10XX SEYMOUR ST,Central Business District,491044.9783,5458358.9775
Theft from Vehicle,2017,8,31,19,0,10XX SEYMOUR ST,Central Business District,491044.9783,5458358.9775
Theft from Vehicle,2017,9,1,11,30,10XX SEYMOUR ST,Central Business District,491044.9783,5458358.9775
Theft from Vehicle,2017,9,8,14,0,10XX SEYMOUR ST,Central Business District,491044.9783,5458358.9775
Theft from Vehicle,2017,9,13,13,20,10XX SEYMOUR ST,Central Business District,491044.9783,5458358.9775
Theft from Vehicle,2017,9,15,20,0,10XX SEYMOUR ST,Central Business District,491044.9783,5458358.9775
Theft from Vehicle,2017,9,17,11,0,10XX SEYMOUR ST,Central Business District,491044.9783,5458358.9775
Theft from Vehicle,2017,9,17,15,30,10XX SEYMOUR ST,Central Business District,491044.9783,5458358.9775
Theft from Vehicle,2017,9,18,12,0,10XX SEYMOUR ST,Central Business District,491044.9783,5458358.9775
Theft from Vehicle,2017,9,20,17,30,10XX SEYMOUR ST,Central Business District,491044.9783,5458358.9775
Theft from Vehicle,2017,9,23,15,30,10XX SEYMOUR ST,Central Business District,491044.9783,5458358.9775
Theft from Vehicle,2017,9,23,21,0,10XX SEYMOUR ST,Central Business District,491044.9783,5458358.9775
Theft from Vehicle,2017,10,4,8,30,10XX SEYMOUR ST,Central Business District,491044.9783,5458358.9775
Theft from Vehicle,2017,10,7,18,0,10XX SEYMOUR ST,Central Business District,491044.9783,5458358.9775
Theft from Vehicle,2017,10,16,6,0,10XX SEYMOUR ST,Central Business District,491044.9783,5458358.9775
Theft from Vehicle,2017,10,21,16,6,10XX SEYMOUR ST,Central Business District,491044.9783,5458358.9775
Theft from Vehicle,2017,10,29,11,8,10XX SEYMOUR ST,Central Business District,491044.9783,5458358.9775
Theft from Vehicle,2017,11,7,15,30,10XX SEYMOUR ST,Central Business District,491044.9783,5458358.9775
Theft from Vehicle,2017,11,7,18,14,10XX SEYMOUR ST,Central Business District,491044.9783,5458358.9775
Theft from Vehicle,2017,11,12,9,59,10XX SEYMOUR ST,Central Business District,491044.9783,5458358.9775
Theft from Vehicle,2017,11,16,10,15,10XX SEYMOUR ST,Central Business District,491044.9783,5458358.9775
Theft from Vehicle,2017,11,26,16,55,10XX SEYMOUR ST,Central Business District,491044.9783,5458358.9775
Theft from Vehicle,2017,12,9,14,0,10XX SEYMOUR ST,Central Business District,491044.9783,5458358.9775
Theft from Vehicle,2017,1,14,12,30,10XX SEYMOUR ST,Central Business District,491045.7887,5458359.801
Theft from Vehicle,2017,5,6,1,0,10XX SEYMOUR ST,Central Business District,491056.1782,5458370.3648
Theft from Vehicle,2017,6,14,16,30,10XX SEYMOUR ST,Central Business District,491058.4181,5458372.6422
Theft from Vehicle,2017,6,9,9,30,10XX SEYMOUR ST,Central Business District,491069.618,5458384.0295
Theft from Vehicle,2017,8,15,15,55,10XX SEYMOUR ST,Central Business District,491069.618,5458384.0295
Theft from Vehicle,2017,9,17,0,0,10XX SEYMOUR ST,Central Business District,491069.618,5458384.0295
Theft from Vehicle,2017,10,7,10,28,10XX SEYMOUR ST,Central Business District,491069.618,5458384.0295
Theft from Vehicle,2017,12,13,6,47,10XX SEYMOUR ST,Central Business District,491069.618,5458384.0295
Theft from Vehicle,2017,12,14,22,0,10XX SEYMOUR ST,Central Business District,491078.5778,5458393.1393
Theft from Vehicle,2017,1,18,11,30,10XX SEYMOUR ST,Central Business District,491080.8178,5458395.4167
Theft from Vehicle,2017,4,29,18,15,10XX SEYMOUR ST,Central Business District,491118.8972,5458434.1334
Theft from Vehicle,2017,12,14,23,13,10XX SEYMOUR ST,Central Business District,491118.8972,5458434.1334
Theft from Vehicle,2017,3,25,22,30,10XX SEYMOUR ST,Central Business District,491125.4165,5458427.7214
Theft from Vehicle,2017,6,30,12,30,10XX SEYMOUR ST,Central Business District,491125.4165,5458427.7214
Theft from Vehicle,2017,10,2,7,20,10XX SEYMOUR ST,Central Business District,491125.4165,5458427.7214
Theft from Vehicle,2017,5,31,7,24,10XX SMITHE ST,West End,490944.0228,5458838.2722
Theft from Vehicle,2017,8,3,14,17,10XX STATION ST,Strathcona,492837.9336,5458068.253
Theft from Vehicle,2017,3,24,11,0,10XX STATION ST,Strathcona,492837.9476,5458069.2669
Theft from Vehicle,2017,5,12,22,0,10XX STATION ST,Strathcona,492837.9476,5458069.2669
Theft from Vehicle,2017,7,22,11,30,10XX STATION ST,Strathcona,492837.9476,5458069.2669
Theft from Vehicle,2017,11,12,19,0,10XX SW MARINE DR,Marpole,490456.6943,5450204.966
Theft from Vehicle,2017,10,27,0,0,10XX SW MARINE DR,Marpole,490456.8022,5450205.0179
Theft from Vehicle,2017,12,9,0,0,10XX SW MARINE DR,Marpole,490456.8022,5450205.0179
Theft from Vehicle,2017,1,8,18,0,10XX SW MARINE DR,Marpole,490456.8022,5450205.0179
Theft from Vehicle,2017,3,14,9,0,10XX SW MARINE DR,Marpole,490456.8022,5450205.0179
Theft from Vehicle,2017,5,16,0,36,10XX SW MARINE DR,Marpole,490456.8022,5450205.0179
Theft from Vehicle,2017,5,30,9,30,10XX THURLOW ST,West End,490689.3869,5458863.1159
Theft from Vehicle,2017,6,3,3,57,10XX THURLOW ST,West End,490689.3869,5458863.1159
Theft from Vehicle,2017,11,30,4,0,10XX THURLOW ST,West End,490689.3869,5458863.1159
Theft from Vehicle,2017,4,22,18,0,10XX VENABLES ST,Strathcona,494021.5159,5458237.8858
Theft from Vehicle,2017,7,5,17,30,10XX VENABLES ST,Strathcona,494021.5159,5458237.8858
Theft from Vehicle,2017,1,6,16,0,10XX W 10TH AVE,Fairview,490779.8948,5456633.9537
Theft from Vehicle,2017,3,10,18,0,10XX W 10TH AVE,Fairview,490779.8948,5456633.9537
Theft from Vehicle,2017,9,8,20,0,10XX W 10TH AVE,Fairview,490779.8948,5456633.9537
Theft from Vehicle,2017,10,24,19,30,10XX W 11TH AVE,Fairview,490721.1968,5456543.0942
Theft from Vehicle,2017,9,30,11,30,10XX W 12TH AVE,Fairview,490682.4099,5456444.2684
Theft from Vehicle,2017,8,4,22,0,10XX W 12TH AVE,Fairview,490708.7439,5456424.2009
Theft from Vehicle,2017,5,23,20,0,10XX W 13TH AVE,Fairview,490683.3999,5456333.6169
Theft from Vehicle,2017,9,4,18,0,10XX W 13TH AVE,Fairview,490733.3926,5456332.3359
Theft from Vehicle,2017,4,6,22,0,10XX W 13TH AVE,Fairview,490746.4897,5456322.8533
Theft from Vehicle,2017,7,2,0,0,10XX W 29TH AVE,Shaughnessy,490596.1848,5454749.5904
Theft from Vehicle,2017,4,22,21,0,10XX W 29TH AVE,Shaughnessy,490662.1664,5454749.3867
Theft from Vehicle,2017,10,1,13,0,10XX W 32ND AVE,Shaughnessy,490617.4008,5454418.0672
Theft from Vehicle,2017,2,26,13,7,10XX W 37TH AVE,Shaughnessy,490683.993,5453878.0269
Theft from Vehicle,2017,9,26,12,0,10XX W 45TH AVE,Oakridge,490630.5959,5453053.4362
Theft from Vehicle,2017,8,5,22,0,10XX W 47TH AVE,Oakridge,490660.0209,5452850.3367
Theft from Vehicle,2017,10,3,20,30,10XX W 58TH AVE,Marpole,490594.1035,5451715.0871
Theft from Vehicle,2017,10,21,3,0,10XX W 64TH AVE,Marpole,490511.5827,5451136.3242
Theft from Vehicle,2017,3,11,0,0,10XX W 7TH AVE,Fairview,490670.5701,5456938.9639
Theft from Vehicle,2017,10,7,15,0,10XX W 7TH AVE,Fairview,490672.055,5456938.9266
Theft from Vehicle,2017,9,15,19,30,10XX W 7TH AVE,Fairview,490720.4233,5456937.7153
Theft from Vehicle,2017,12,23,20,0,10XX W 7TH AVE,Fairview,490720.4233,5456937.7153
Theft from Vehicle,2017,1,26,22,0,10XX W 7TH AVE,Fairview,490786.8942,5456936.0505
Theft from Vehicle,2017,11,14,1,0,10XX W 7TH AVE,Fairview,490786.8942,5456936.0505
Theft from Vehicle,2017,4,20,22,0,10XX W 8TH AVE,Fairview,490652.4991,5456855.9469
Theft from Vehicle,2017,6,17,10,0,10XX W BROADWAY AVE,Fairview,490692.7628,5456752.8194
Theft from Vehicle,2017,4,5,15,30,10XX W BROADWAY AVE,Fairview,490699.1831,5456743.5081
Theft from Vehicle,2017,8,17,18,30,10XX W BROADWAY AVE,Fairview,490699.1831,5456743.5081
Theft from Vehicle,2017,9,25,15,0,10XX W BROADWAY AVE,Fairview,490699.1831,5456743.5081
Theft from Vehicle,2017,7,14,17,0,10XX W BROADWAY AVE,Fairview,490732.4544,5456742.6565
Theft from Vehicle,2017,8,5,22,0,10XX W BROADWAY AVE,Fairview,490732.4544,5456742.6565
Theft from Vehicle,2017,4,5,21,30,10XX W CORDOVA ST,Central Business District,491545.8618,5459437.9982
Theft from Vehicle,2017,7,7,15,0,10XX W CORDOVA ST,Central Business District,491545.8618,5459437.9982
Theft from Vehicle,2017,9,14,22,28,10XX W CORDOVA ST,Central Business District,491545.8618,5459437.9982
Theft from Vehicle,2017,11,7,17,9,10XX W CORDOVA ST,Central Business District,491545.8618,5459437.9982
Theft from Vehicle,2017,3,7,18,14,10XX W GEORGIA ST,Central Business District,491087.1035,5459191.5547
Theft from Vehicle,2017,6,5,16,55,10XX W GEORGIA ST,Central Business District,491087.1035,5459191.5547
Theft from Vehicle,2017,6,20,21,57,10XX W GEORGIA ST,Central Business District,491087.1035,5459191.5547
Theft from Vehicle,2017,7,7,15,0,10XX W GEORGIA ST,Central Business District,491087.1035,5459191.5547
Theft from Vehicle,2017,7,31,6,0,10XX W GEORGIA ST,Central Business District,491087.1035,5459191.5547
Theft from Vehicle,2017,9,7,18,6,10XX W GEORGIA ST,Central Business District,491087.1035,5459191.5547
Theft from Vehicle,2017,9,19,10,0,10XX W GEORGIA ST,Central Business District,491087.1035,5459191.5547
Theft from Vehicle,2017,11,1,8,30,10XX W GEORGIA ST,Central Business District,491087.1035,5459191.5547
Theft from Vehicle,2017,11,21,6,30,10XX W GEORGIA ST,Central Business District,491087.1035,5459191.5547
Theft from Vehicle,2017,1,10,12,0,10XX W GEORGIA ST,Central Business District,491115.4503,5459163.4771
Theft from Vehicle,2017,3,1,15,30,10XX W GEORGIA ST,Central Business District,491115.4503,5459163.4771
Theft from Vehicle,2017,3,9,7,0,10XX W GEORGIA ST,Central Business District,491115.4503,5459163.4771
Theft from Vehicle,2017,3,11,11,0,10XX W GEORGIA ST,Central Business District,491115.4503,5459163.4771
Theft from Vehicle,2017,3,18,13,0,10XX W GEORGIA ST,Central Business District,491115.4503,5459163.4771
Theft from Vehicle,2017,3,27,7,0,10XX W GEORGIA ST,Central Business District,491115.4503,5459163.4771
Theft from Vehicle,2017,4,5,16,45,10XX W GEORGIA ST,Central Business District,491115.4503,5459163.4771
Theft from Vehicle,2017,4,19,14,45,10XX W GEORGIA ST,Central Business District,491115.4503,5459163.4771
Theft from Vehicle,2017,5,5,13,46,10XX W GEORGIA ST,Central Business District,491115.4503,5459163.4771
Theft from Vehicle,2017,5,29,9,30,10XX W GEORGIA ST,Central Business District,491115.4503,5459163.4771
Theft from Vehicle,2017,5,31,10,25,10XX W GEORGIA ST,Central Business District,491115.4503,5459163.4771
Theft from Vehicle,2017,6,13,6,7,10XX W GEORGIA ST,Central Business District,491115.4503,5459163.4771
Theft from Vehicle,2017,9,16,22,30,10XX W GEORGIA ST,Central Business District,491115.4503,5459163.4771
Theft from Vehicle,2017,9,29,22,19,10XX W GEORGIA ST,Central Business District,491115.4503,5459163.4771
Theft from Vehicle,2017,10,7,18,0,10XX W GEORGIA ST,Central Business District,491115.4503,5459163.4771
Theft from Vehicle,2017,11,2,8,45,10XX W GEORGIA ST,Central Business District,491115.4503,5459163.4771
Theft from Vehicle,2017,11,10,15,0,10XX W GEORGIA ST,Central Business District,491115.4503,5459163.4771
Theft from Vehicle,2017,11,7,7,50,10XX W GEORGIA ST,West End,491128.8583,5459137.3262
Theft from Vehicle,2017,10,8,13,3,10XX W GEORGIA ST,West End,491143.0317,5459123.2874
Theft from Vehicle,2017,8,12,12,14,10XX W GEORGIA ST,West End,491185.5521,5459081.171
Theft from Vehicle,2017,4,2,20,0,10XX W HASTINGS ST,Central Business District,491359.0894,5459440.1619
Theft from Vehicle,2017,9,19,8,45,10XX W HASTINGS ST,Central Business District,491385.9008,5459438.5889
Theft from Vehicle,2017,6,10,4,31,10XX W HASTINGS ST,Central Business District,491486.6889,5459385.307
Theft from Vehicle,2017,12,28,20,0,10XX W KING EDWARD AVE,Shaughnessy,490618.1034,5455157.2801
Theft from Vehicle,2017,4,20,10,0,10XX W PENDER ST,Central Business District,491254.7979,5459421.7899
Theft from Vehicle,2017,5,4,8,20,10XX W PENDER ST,Central Business District,491254.7979,5459421.7899
Theft from Vehicle,2017,3,20,9,0,10XX W PENDER ST,Central Business District,491258.4981,5459410.0689
Theft from Vehicle,2017,6,9,6,30,10XX W PENDER ST,Central Business District,491258.4981,5459410.0689
Theft from Vehicle,2017,3,17,8,15,10XX W PENDER ST,Central Business District,491280.9356,5459399.8859
Theft from Vehicle,2017,6,2,8,0,10XX W PENDER ST,Central Business District,491295.894,5459393.0972
Theft from Vehicle,2017,7,7,9,16,10XX W PENDER ST,Central Business District,491295.894,5459393.0972
Theft from Vehicle,2017,7,12,19,0,10XX W PENDER ST,Central Business District,491295.894,5459393.0972
Theft from Vehicle,2017,7,21,7,0,10XX W PENDER ST,Central Business District,491295.894,5459393.0972
Theft from Vehicle,2017,8,5,21,0,10XX W PENDER ST,Central Business District,491295.894,5459393.0972
Theft from Vehicle,2017,8,10,8,0,10XX W PENDER ST,Central Business District,491295.894,5459393.0972
Theft from Vehicle,2017,8,14,7,15,10XX W PENDER ST,Central Business District,491295.894,5459393.0972
Theft from Vehicle,2017,9,5,7,45,10XX W PENDER ST,Central Business District,491295.894,5459393.0972
Theft from Vehicle,2017,9,22,9,30,10XX W PENDER ST,Central Business District,491295.894,5459393.0972
Theft from Vehicle,2017,11,10,13,31,10XX W PENDER ST,Central Business District,491295.894,5459393.0972
Theft from Vehicle,2017,12,5,5,50,10XX W PENDER ST,Central Business District,491295.894,5459393.0972
Theft from Vehicle,2017,12,5,19,14,10XX W PENDER ST,Central Business District,491295.894,5459393.0972
Theft from Vehicle,2017,12,7,23,0,10XX W PENDER ST,Central Business District,491295.894,5459393.0972
Theft from Vehicle,2017,12,15,8,30,10XX W PENDER ST,Central Business District,491295.894,5459393.0972
Theft from Vehicle,2017,1,25,8,0,10XX W PENDER ST,Central Business District,491295.894,5459393.0972
Theft from Vehicle,2017,2,8,9,30,10XX W PENDER ST,Central Business District,491295.894,5459393.0972
Theft from Vehicle,2017,5,16,8,30,10XX W PENDER ST,Central Business District,491295.894,5459393.0972
Theft from Vehicle,2017,6,2,7,45,10XX W PENDER ST,Central Business District,491295.894,5459393.0972
Theft from Vehicle,2017,7,19,11,30,10XX W PENDER ST,Central Business District,491295.894,5459393.0972
Theft from Vehicle,2017,1,31,21,0,10XX W PENDER ST,Central Business District,491422.0657,5459316.4087
Theft from Vehicle,2017,2,28,22,38,10XX W PENDER ST,Central Business District,491422.0657,5459316.4087
Theft from Vehicle,2017,5,19,8,49,10XX W PENDER ST,Central Business District,491422.0657,5459316.4087
Theft from Vehicle,2017,9,28,7,45,10XX W PENDER ST,Central Business District,491422.0657,5459316.4087
Theft from Vehicle,2017,3,4,7,7,10XX W WATERFRONT RD,Central Business District,491405.5255,5459578.4798
Theft from Vehicle,2017,6,22,21,19,10XX W WATERFRONT RD,Central Business District,491405.5255,5459578.4798
Theft from Vehicle,2017,7,19,23,42,10XX W WATERFRONT RD,Central Business District,491405.5255,5459578.4798
Theft from Vehicle,2017,11,7,17,30,10XX W WATERFRONT RD,Central Business District,491405.5255,5459578.4798
Theft from Vehicle,2017,1,7,13,0,10XX W WATERFRONT RD,Central Business District,491405.5255,5459578.4798
Theft from Vehicle,2017,2,15,8,30,10XX W WATERFRONT RD,Central Business District,491405.5255,5459578.4798
Theft from Vehicle,2017,2,22,5,15,10XX W WATERFRONT RD,Central Business District,491405.5255,5459578.4798
Theft from Vehicle,2017,3,24,16,30,10XX W WATERFRONT RD,Central Business District,491405.5255,5459578.4798
Theft from Vehicle,2017,4,6,11,40,10XX W WATERFRONT RD,Central Business District,491405.5255,5459578.4798
Theft from Vehicle,2017,4,19,22,52,10XX W WATERFRONT RD,Central Business District,491405.5255,5459578.4798
Theft from Vehicle,2017,6,15,0,0,10XX W WATERFRONT RD,Central Business District,491405.5255,5459578.4798
Theft from Vehicle,2017,1,8,12,24,10XX W WATERFRONT RD,Central Business District,491440.0383,5459565.7683
Theft from Vehicle,2017,3,17,0,32,10XX WOLFE AVE,Shaughnessy,490723.928,5455542.1677
Theft from Vehicle,2017,12,30,23,0,10XX WOLFE AVE,Shaughnessy,490723.928,5455542.1677
Theft from Vehicle,2017,4,14,20,30,11XX ALBERNI ST,West End,490915.4251,5459264.0572
Theft from Vehicle,2017,10,8,1,37,11XX ALBERNI ST,West End,490952.4325,5459228.2107
Theft from Vehicle,2017,10,12,18,38,11XX ALBERNI ST,West End,490952.6266,5459240.7531
Theft from Vehicle,2017,12,26,6,13,11XX ALBERNI ST,West End,490986.55,5459207.8939
Theft from Vehicle,2017,2,3,22,27,11XX ALBERNI ST,West End,490995.6077,5459186.3898
Theft from Vehicle,2017,12,22,19,0,11XX BALFOUR AVE,Shaughnessy,490409.5598,5455462.9162
Theft from Vehicle,2017,11,27,18,30,11XX BARCLAY ST,West End,490709.674,5459013.9101
Theft from Vehicle,2017,3,28,23,0,11XX BARCLAY ST,West End,490718.7008,5459004.7962
Theft from Vehicle,2017,11,20,16,0,11XX BARCLAY ST,West End,490718.7008,5459004.7962
Theft from Vehicle,2017,7,14,19,30,11XX BARCLAY ST,West End,490727.7276,5458995.6824
Theft from Vehicle,2017,6,14,19,30,11XX BARCLAY ST,West End,490751.7991,5458971.3788
Theft from Vehicle,2017,10,28,16,0,11XX BARCLAY ST,West End,490751.7991,5458971.3788
Theft from Vehicle,2017,6,24,3,0,11XX BARCLAY ST,West End,490760.347,5458949.7543
Theft from Vehicle,2017,4,7,9,0,11XX BEACH AVE,West End,490085.9345,5458429.7442
Theft from Vehicle,2017,7,25,22,0,11XX BEACH AVE,West End,490085.9345,5458429.7442
Theft from Vehicle,2017,9,24,0,0,11XX BEACH AVE,West End,490085.9345,5458429.7442
Theft from Vehicle,2017,11,3,14,39,11XX BEACH AVE,West End,490086.1869,5458429.3605
Theft from Vehicle,2017,2,12,18,0,11XX BEACH AVE,West End,490138.1417,5458350.3199
Theft from Vehicle,2017,3,27,4,30,11XX BEACH AVE,West End,490138.1417,5458350.3199
Theft from Vehicle,2017,6,5,20,0,11XX BEACH AVE,West End,490138.1417,5458350.3199
Theft from Vehicle,2017,6,30,18,0,11XX BEACH AVE,West End,490138.1417,5458350.3199
Theft from Vehicle,2017,8,26,19,0,11XX BEACH AVE,West End,490138.1417,5458350.3199
Theft from Vehicle,2017,4,16,21,0,11XX BEACH AVE,West End,490142.3659,5458327.2463
Theft from Vehicle,2017,5,13,8,0,11XX BROUGHTON ST,West End,490122.5859,5459046.0713
Theft from Vehicle,2017,5,15,10,15,11XX BROUGHTON ST,West End,490122.5859,5459046.0713
Theft from Vehicle,2017,5,24,23,30,11XX BROUGHTON ST,West End,490122.5859,5459046.0713
Theft from Vehicle,2017,7,5,11,35,11XX BROUGHTON ST,West End,490122.6897,5459046.1746
Theft from Vehicle,2017,10,18,22,0,11XX BROUGHTON ST,West End,490150.6701,5459061.0892
Theft from Vehicle,2017,6,26,22,0,11XX BROUGHTON ST,West End,490214.9387,5459125.5647
Theft from Vehicle,2017,4,2,0,15,11XX BURNABY ST,West End,490296.5923,5458630.1312
Theft from Vehicle,2017,4,7,16,30,11XX BURNABY ST,West End,490296.5923,5458630.1312
Theft from Vehicle,2017,1,13,22,0,11XX BURNABY ST,West End,490296.8166,5458642.7087
Theft from Vehicle,2017,12,28,12,37,11XX BURNABY ST,West End,490296.8166,5458642.7087
Theft from Vehicle,2017,3,29,22,30,11XX BURNABY ST,West End,490333.8536,5458606.4461
Theft from Vehicle,2017,1,15,19,0,11XX BURNABY ST,West End,490349.8498,5458577.9878
Theft from Vehicle,2017,8,3,15,30,11XX BURNABY ST,West End,490352.1478,5458575.7373
Theft from Vehicle,2017,8,15,20,0,11XX BURNABY ST,West End,490352.1478,5458575.7373
Theft from Vehicle,2017,9,10,19,0,11XX BURNABY ST,West End,490352.1478,5458575.7373
Theft from Vehicle,2017,9,16,19,30,11XX BURNABY ST,West End,490352.1478,5458575.7373
Theft from Vehicle,2017,9,28,12,0,11XX BURNABY ST,West End,490352.1478,5458575.7373
Theft from Vehicle,2017,12,29,22,30,11XX BURNABY ST,West End,490352.1478,5458575.7373
Theft from Vehicle,2017,1,19,23,0,11XX BURNABY ST,West End,490352.1478,5458575.7373
Theft from Vehicle,2017,3,17,16,0,11XX BURNABY ST,West End,490352.1478,5458575.7373
Theft from Vehicle,2017,4,9,17,0,11XX BURNABY ST,West End,490373.7527,5458554.584
Theft from Vehicle,2017,6,9,9,0,11XX BURNABY ST,West End,490373.7527,5458554.584
Theft from Vehicle,2017,8,7,7,9,11XX BURNABY ST,West End,490373.7527,5458554.584
Theft from Vehicle,2017,10,12,21,30,11XX BURNABY ST,West End,490373.7527,5458554.584
Theft from Vehicle,2017,7,6,21,0,11XX BURRARD ST,Central Business District,490645.2059,5458523.4655
Theft from Vehicle,2017,5,17,17,30,11XX BURRARD ST,Central Business District,490652.9912,5458531.3632
Theft from Vehicle,2017,7,21,14,0,11XX BURRARD ST,Central Business District,490652.9912,5458531.3632
Theft from Vehicle,2017,3,1,15,13,11XX BURRARD ST,Central Business District,490670.5103,5458549.1351
Theft from Vehicle,2017,4,20,16,0,11XX BURRARD ST,Central Business District,490670.5103,5458549.1351
Theft from Vehicle,2017,12,23,18,0,11XX BURRARD ST,Central Business District,490718.6878,5458598.0078
Theft from Vehicle,2017,10,26,15,0,11XX BUTE ST,West End,490410.0817,5458894.2387
Theft from Vehicle,2017,10,25,18,0,11XX CARDERO ST,West End,490018.3105,5459267.6443
Theft from Vehicle,2017,3,30,15,0,11XX CHARLES ST,Strathcona,494271.8104,5457830.1733
Theft from Vehicle,2017,8,2,16,30,11XX CHESTNUT ST,Kitsilano,489371.2179,5458168.0532
Theft from Vehicle,2017,5,16,16,0,11XX COMOX ST,West End,490602.9819,5458791.7198
Theft from Vehicle,2017,9,4,10,0,11XX COMOX ST,West End,490602.9819,5458791.7198
Theft from Vehicle,2017,9,9,22,0,11XX COMOX ST,West End,490602.9819,5458791.7198
Theft from Vehicle,2017,10,1,19,0,11XX COMOX ST,West End,490602.9819,5458791.7198
Theft from Vehicle,2017,6,3,4,0,11XX CONNAUGHT DR,Shaughnessy,490401.0544,5454585.825
Theft from Vehicle,2017,1,16,17,0,11XX CONNAUGHT DR,Shaughnessy,490402.9437,5454585.0429
Theft from Vehicle,2017,2,2,21,0,11XX DAVIE ST,West End,490359.3808,5458726.4785
Theft from Vehicle,2017,3,10,20,20,11XX DAVIE ST,West End,490359.3808,5458726.4785
Theft from Vehicle,2017,3,13,17,0,11XX DAVIE ST,West End,490359.3808,5458726.4785
Theft from Vehicle,2017,5,17,18,0,11XX DAVIE ST,West End,490359.3808,5458726.4785
Theft from Vehicle,2017,5,17,21,0,11XX DAVIE ST,West End,490359.3808,5458726.4785
Theft from Vehicle,2017,8,26,15,0,11XX DAVIE ST,West End,490359.3808,5458726.4785
Theft from Vehicle,2017,8,26,17,0,11XX DAVIE ST,West End,490359.3808,5458726.4785
Theft from Vehicle,2017,8,26,18,0,11XX DAVIE ST,West End,490359.3808,5458726.4785
Theft from Vehicle,2017,9,18,6,30,11XX DAVIE ST,West End,490359.3808,5458726.4785
Theft from Vehicle,2017,10,10,18,0,11XX DAVIE ST,West End,490359.3808,5458726.4785
Theft from Vehicle,2017,10,20,19,30,11XX DAVIE ST,West End,490359.3808,5458726.4785
Theft from Vehicle,2017,10,26,19,0,11XX DAVIE ST,West End,490359.3808,5458726.4785
Theft from Vehicle,2017,10,27,13,30,11XX DAVIE ST,West End,490359.3808,5458726.4785
Theft from Vehicle,2017,10,28,12,47,11XX DAVIE ST,West End,490359.3808,5458726.4785
Theft from Vehicle,2017,10,29,1,0,11XX DAVIE ST,West End,490359.3808,5458726.4785
Theft from Vehicle,2017,11,2,13,0,11XX DAVIE ST,West End,490359.3808,5458726.4785
Theft from Vehicle,2017,11,2,14,44,11XX DAVIE ST,West End,490359.3808,5458726.4785
Theft from Vehicle,2017,11,3,13,30,11XX DAVIE ST,West End,490359.3808,5458726.4785
Theft from Vehicle,2017,12,2,21,30,11XX DAVIE ST,West End,490359.3808,5458726.4785
Theft from Vehicle,2017,12,10,9,10,11XX DAVIE ST,West End,490359.3808,5458726.4785
Theft from Vehicle,2017,12,12,15,0,11XX DAVIE ST,West End,490359.3808,5458726.4785
Theft from Vehicle,2017,6,30,0,0,11XX DAVIE ST,West End,490412.9893,5458671.7853
Theft from Vehicle,2017,6,23,18,30,11XX DAVIE ST,West End,490419.5195,5458678.186
Theft from Vehicle,2017,11,12,18,30,11XX DAVIE ST,West End,490448.7283,5458635.3231
Theft from Vehicle,2017,10,11,2,45,11XX DAVIE ST,West End,490452.2803,5458644.7623
Theft from Vehicle,2017,3,29,22,34,11XX DENMAN ST,West End,489764.876,5459472.3674
Theft from Vehicle,2017,10,30,15,0,11XX DEVONSHIRE CRES,Shaughnessy,490428.206,5454689.1056
Theft from Vehicle,2017,10,30,18,0,11XX DEVONSHIRE CRES,Shaughnessy,490474.1383,5454659.0923
Theft from Vehicle,2017,10,30,17,0,11XX DEVONSHIRE CRES,Shaughnessy,490522.3578,5454643.9873
Theft from Vehicle,2017,2,21,23,30,11XX E 10TH AVE,Mount Pleasant,494081.0515,5456518.4694
Theft from Vehicle,2017,5,19,23,30,11XX E 10TH AVE,Mount Pleasant,494081.0515,5456518.4694
Theft from Vehicle,2017,2,12,21,30,11XX E 13TH AVE,Mount Pleasant,494081.2718,5456220.7462
Theft from Vehicle,2017,10,28,20,30,11XX E 13TH AVE,Mount Pleasant,494081.2718,5456220.7462
Theft from Vehicle,2017,7,15,14,30,11XX E 13TH AVE,Mount Pleasant,494086.9062,5456220.6775
Theft from Vehicle,2017,2,12,21,30,11XX E 14TH AVE,Mount Pleasant,494079.9537,5456118.3834
Theft from Vehicle,2017,6,22,22,30,11XX E 15TH AVE,Mount Pleasant,494107.6759,5456014.0722
Theft from Vehicle,2017,4,15,12,30,11XX E 16TH AVE,Kensington-Cedar Cottage,494098.5994,5455945.963
Theft from Vehicle,2017,5,26,22,0,11XX E 26TH AVE,Kensington-Cedar Cottage,494093.6201,5454991.6991
Theft from Vehicle,2017,11,24,19,0,11XX E 27TH AVE,Kensington-Cedar Cottage,494052.7194,5454868.3859
Theft from Vehicle,2017,5,13,17,30,11XX E 43RD AVE,Sunset,494060.1436,5453128.9946
Theft from Vehicle,2017,11,18,18,30,11XX E 49TH AVE,Sunset,493944.2315,5452509.3645
Theft from Vehicle,2017,4,26,18,0,11XX E 53RD AVE,Sunset,494064.135,5452117.5053
Theft from Vehicle,2017,7,11,21,0,11XX E 57TH AVE,Sunset,493973.0867,5451719.4362
Theft from Vehicle,2017,12,13,15,0,11XX E 61ST AVE,Sunset,493950.4419,5451318.8529
Theft from Vehicle,2017,6,7,7,30,11XX E 6TH AVE,Strathcona,494160.7593,5456947.157
Theft from Vehicle,2017,5,2,9,30,11XX E BROADWAY AVE,Mount Pleasant,494156.7966,5456635.6571
Theft from Vehicle,2017,8,25,17,0,11XX E GEORGIA ST,Strathcona,494178.2178,5458383.6277
Theft from Vehicle,2017,4,13,8,0,11XX E HASTINGS ST,Strathcona,494091.5371,5458689.0586
Theft from Vehicle,2017,10,5,13,0,11XX E HASTINGS ST,Strathcona,494091.5371,5458689.0586
Theft from Vehicle,2017,1,16,8,45,11XX E HASTINGS ST,Strathcona,494140.0196,5458690.1153
Theft from Vehicle,2017,8,22,12,30,11XX E HASTINGS ST,Strathcona,494140.0196,5458690.1153
Theft from Vehicle,2017,8,26,13,0,11XX E HASTINGS ST,Strathcona,494140.0196,5458690.1153
Theft from Vehicle,2017,9,23,11,0,11XX E HASTINGS ST,Strathcona,494140.0196,5458690.1153
Theft from Vehicle,2017,10,13,20,0,11XX E HASTINGS ST,Strathcona,494140.0196,5458690.1153
Theft from Vehicle,2017,10,31,22,0,11XX E HASTINGS ST,Strathcona,494140.0196,5458690.1153
Theft from Vehicle,2017,2,7,6,0,11XX E PENDER ST,Strathcona,494090.1083,5458587.137
Theft from Vehicle,2017,8,5,19,0,11XX E PENDER ST,Strathcona,494090.1083,5458587.137
Theft from Vehicle,2017,11,21,7,30,11XX E PENDER ST,Strathcona,494143.6174,5458594.8813
Theft from Vehicle,2017,6,18,22,0,11XX E PENDER ST,Strathcona,494167.053,5458585.1198
Theft from Vehicle,2017,6,4,22,30,11XX E PENDER ST,Strathcona,494181.8501,5458584.7319
Theft from Vehicle,2017,12,24,14,0,11XX E PENDER ST,Strathcona,494181.8501,5458584.7319
Theft from Vehicle,2017,11,21,0,1,11XX EXPO BLVD,Central Business District,491447.2043,5457968.9508
Theft from Vehicle,2017,12,8,11,57,11XX FRANKLIN ST,Strathcona,494093.6787,5458838.6732
Theft from Vehicle,2017,2,20,19,0,11XX FRANKLIN ST,Strathcona,494096.6985,5458838.6188
Theft from Vehicle,2017,7,18,21,55,11XX FRANKLIN ST,Strathcona,494111.7977,5458838.3471
Theft from Vehicle,2017,10,4,5,0,11XX FRANKLIN ST,Strathcona,494111.7977,5458838.3471
Theft from Vehicle,2017,8,15,10,0,11XX GILFORD ST,West End,489647.8884,5459582.8633
Theft from Vehicle,2017,8,15,15,0,11XX GILFORD ST,West End,489647.8884,5459582.8633
Theft from Vehicle,2017,8,15,20,0,11XX GILFORD ST,West End,489647.8884,5459582.8633
Theft from Vehicle,2017,8,22,2,30,11XX GILFORD ST,West End,489647.8884,5459582.8633
Theft from Vehicle,2017,11,20,18,30,11XX GILFORD ST,West End,489647.8884,5459582.8633
Theft from Vehicle,2017,9,8,2,30,11XX GILFORD ST,West End,489692.8629,5459628.5277
Theft from Vehicle,2017,6,5,11,6,11XX GRANVILLE ST,Central Business District,490852.4071,5458298.9215
Theft from Vehicle,2017,9,6,4,0,11XX GRANVILLE ST,Central Business District,490852.4071,5458298.9215
Theft from Vehicle,2017,10,16,19,4,11XX GRANVILLE ST,Central Business District,490852.4071,5458298.9215
Theft from Vehicle,2017,9,10,0,10,11XX GRANVILLE ST,Central Business District,490857.0083,5458316.5131
Theft from Vehicle,2017,9,20,22,10,11XX GRANVILLE ST,Central Business District,490868.0924,5458327.656
Theft from Vehicle,2017,10,7,18,0,11XX GRANVILLE ST,Central Business District,490868.0924,5458327.656
Theft from Vehicle,2017,12,26,0,30,11XX GRANVILLE ST,Central Business District,490870.3092,5458329.8846
Theft from Vehicle,2017,7,2,0,10,11XX GRANVILLE ST,Central Business District,490879.1765,5458338.7989
Theft from Vehicle,2017,5,29,15,30,11XX GRANVILLE ST,Central Business District,490881.3933,5458341.0275
Theft from Vehicle,2017,4,16,3,30,11XX GRANVILLE ST,Central Business District,490912.4289,5458372.2277
Theft from Vehicle,2017,3,1,0,52,11XX GRANVILLE ST,Central Business District,490936.6463,5458383.6077
Theft from Vehicle,2017,3,31,13,20,11XX GRANVILLE ST,Central Business District,490936.6463,5458383.6077
Theft from Vehicle,2017,6,16,19,30,11XX GRANVILLE ST,Central Business District,490936.6463,5458383.6077
Theft from Vehicle,2017,10,1,11,40,11XX GRANVILLE ST,Central Business District,490936.6463,5458383.6077
Theft from Vehicle,2017,10,8,1,44,11XX GRANVILLE ST,Central Business District,490936.6463,5458383.6077
Theft from Vehicle,2017,10,8,1,52,11XX GRANVILLE ST,Central Business District,490936.6463,5458383.6077
Theft from Vehicle,2017,10,8,8,51,11XX GRANVILLE ST,Central Business District,490936.6463,5458383.6077
Theft from Vehicle,2017,9,9,10,15,11XX HAMILTON ST,Central Business District,491193.5174,5458130.1656
Theft from Vehicle,2017,10,18,0,1,11XX HAMILTON ST,Central Business District,491193.5174,5458130.1656
Theft from Vehicle,2017,11,7,3,0,11XX HAMILTON ST,Central Business District,491193.5174,5458130.1656
Theft from Vehicle,2017,12,23,6,5,11XX HAMILTON ST,Central Business District,491193.5174,5458130.1656
Theft from Vehicle,2017,1,8,13,0,11XX HARO ST,West End,490733.3329,5459142.496
Theft from Vehicle,2017,1,12,19,0,11XX HARO ST,West End,490745.984,5459116.4138
Theft from Vehicle,2017,4,3,20,30,11XX HARO ST,West End,490745.984,5459116.4138
Theft from Vehicle,2017,10,28,16,0,11XX HARO ST,West End,490761.4375,5459113.6586
Theft from Vehicle,2017,9,4,7,0,11XX HARO ST,West End,490797.0573,5459077.1097
Theft from Vehicle,2017,9,17,0,0,11XX HARO ST,West End,490797.0573,5459077.1097
Theft from Vehicle,2017,3,2,6,0,11XX HARO ST,West End,490835.0336,5459025.0416
Theft from Vehicle,2017,4,9,16,15,11XX HARO ST,West End,490835.0336,5459025.0416
Theft from Vehicle,2017,6,17,17,0,11XX HARO ST,West End,490835.0336,5459025.0416
Theft from Vehicle,2017,3,17,17,25,11XX HARWOOD ST,West End,490219.7126,5458566.6651
Theft from Vehicle,2017,10,21,23,0,11XX HARWOOD ST,West End,490219.7126,5458566.6651
Theft from Vehicle,2017,1,7,18,0,11XX HARWOOD ST,West End,490220.0342,5458566.3475
Theft from Vehicle,2017,4,1,23,0,11XX HARWOOD ST,West End,490259.9148,5458514.1177
Theft from Vehicle,2017,4,17,19,0,11XX HARWOOD ST,West End,490259.9148,5458514.1177
Theft from Vehicle,2017,1,16,0,0,11XX HARWOOD ST,West End,490261.6512,5458512.4033
Theft from Vehicle,2017,3,11,1,0,11XX HARWOOD ST,West End,490261.6512,5458512.4033
Theft from Vehicle,2017,8,4,11,30,11XX HARWOOD ST,West End,490261.6512,5458512.4033
Theft from Vehicle,2017,1,14,9,7,11XX HARWOOD ST,West End,490294.9011,5458479.5716
Theft from Vehicle,2017,3,18,0,0,11XX HARWOOD ST,West End,490294.9011,5458479.5716
Theft from Vehicle,2017,4,2,3,30,11XX HARWOOD ST,West End,490294.9011,5458479.5716
Theft from Vehicle,2017,4,19,15,0,11XX HARWOOD ST,West End,490294.9011,5458479.5716
Theft from Vehicle,2017,6,6,5,3,11XX HARWOOD ST,West End,490294.9011,5458479.5716
Theft from Vehicle,2017,9,14,19,0,11XX HARWOOD ST,West End,490294.9011,5458479.5716
Theft from Vehicle,2017,10,22,18,0,11XX HARWOOD ST,West End,490294.9011,5458479.5716
Theft from Vehicle,2017,10,20,20,15,11XX HARWOOD ST,West End,490301.3258,5458486.0782
Theft from Vehicle,2017,6,1,14,55,11XX HOMER ST,Central Business District,491082.7147,5458117.3293
Theft from Vehicle,2017,5,27,17,0,11XX HOMER ST,Central Business District,491107.0497,5458128.6378
Theft from Vehicle,2017,11,17,19,0,11XX HOMER ST,Central Business District,491107.3085,5458141.7926
Theft from Vehicle,2017,8,2,14,0,11XX HORNBY ST,Central Business District,490762.516,5458492.1905
Theft from Vehicle,2017,2,14,6,45,11XX HORNBY ST,Central Business District,490762.516,5458492.1905
Theft from Vehicle,2017,4,20,22,28,11XX HORNBY ST,Central Business District,490766.7331,5458509.7331
Theft from Vehicle,2017,10,20,8,45,11XX HORNBY ST,Central Business District,490771.1547,5458501.1459
Theft from Vehicle,2017,4,30,1,54,11XX HORNBY ST,Central Business District,490792.7512,5458523.5346
Theft from Vehicle,2017,4,8,23,55,11XX HOWE ST,Central Business District,490823.3469,5458428.5529
Theft from Vehicle,2017,3,14,14,0,11XX HOWE ST,Central Business District,490829.9275,5458435.2189
Theft from Vehicle,2017,1,3,17,0,11XX HOWE ST,Central Business District,490849.9689,5458442.5047
Theft from Vehicle,2017,1,3,22,0,11XX HOWE ST,Central Business District,490849.9689,5458442.5047
Theft from Vehicle,2017,3,1,19,0,11XX HOWE ST,Central Business District,490851.7894,5458444.3488
Theft from Vehicle,2017,3,2,20,0,11XX HOWE ST,Central Business District,490851.7894,5458444.3488
Theft from Vehicle,2017,3,11,6,45,11XX HOWE ST,Central Business District,490851.7894,5458444.3488
Theft from Vehicle,2017,4,4,17,0,11XX HOWE ST,Central Business District,490851.7894,5458444.3488
Theft from Vehicle,2017,4,4,20,0,11XX HOWE ST,Central Business District,490851.7894,5458444.3488
Theft from Vehicle,2017,4,14,20,0,11XX HOWE ST,Central Business District,490851.7894,5458444.3488
Theft from Vehicle,2017,5,12,20,0,11XX HOWE ST,Central Business District,490851.7894,5458444.3488
Theft from Vehicle,2017,5,22,3,0,11XX HOWE ST,Central Business District,490851.7894,5458444.3488
Theft from Vehicle,2017,5,28,20,47,11XX HOWE ST,Central Business District,490851.7894,5458444.3488
Theft from Vehicle,2017,5,31,7,24,11XX HOWE ST,Central Business District,490851.7894,5458444.3488
Theft from Vehicle,2017,6,22,22,0,11XX HOWE ST,Central Business District,490851.7894,5458444.3488
Theft from Vehicle,2017,7,11,17,0,11XX HOWE ST,Central Business District,490851.7894,5458444.3488
Theft from Vehicle,2017,7,17,0,0,11XX HOWE ST,Central Business District,490851.7894,5458444.3488
Theft from Vehicle,2017,8,11,23,0,11XX HOWE ST,Central Business District,490851.7894,5458444.3488
Theft from Vehicle,2017,8,15,12,30,11XX HOWE ST,Central Business District,490851.7894,5458444.3488
Theft from Vehicle,2017,9,5,12,0,11XX HOWE ST,Central Business District,490851.7894,5458444.3488
Theft from Vehicle,2017,9,17,3,0,11XX HOWE ST,Central Business District,490851.7894,5458444.3488
Theft from Vehicle,2017,9,18,3,0,11XX HOWE ST,Central Business District,490851.7894,5458444.3488
Theft from Vehicle,2017,9,24,14,30,11XX HOWE ST,Central Business District,490851.7894,5458444.3488
Theft from Vehicle,2017,11,19,18,0,11XX HOWE ST,Central Business District,490851.7894,5458444.3488
Theft from Vehicle,2017,7,18,21,32,11XX HOWE ST,Central Business District,490862.757,5458455.4587
Theft from Vehicle,2017,8,31,6,0,11XX HOWE ST,Central Business District,490862.757,5458455.4587
Theft from Vehicle,2017,5,17,11,30,11XX JERVIS ST,West End,490237.3427,5458949.2599
Theft from Vehicle,2017,9,1,20,0,11XX JERVIS ST,West End,490237.3427,5458949.2599
Theft from Vehicle,2017,10,8,3,0,11XX JERVIS ST,West End,490237.3427,5458949.2599
Theft from Vehicle,2017,10,21,9,0,11XX JERVIS ST,West End,490277.846,5459003.1441
Theft from Vehicle,2017,1,7,8,6,11XX JERVIS ST,West End,490304.9975,5459016.2664
Theft from Vehicle,2017,2,21,0,0,11XX JERVIS ST,West End,490304.9975,5459016.2664
Theft from Vehicle,2017,5,31,21,30,11XX JERVIS ST,West End,490304.9975,5459016.2664
Theft from Vehicle,2017,7,16,18,0,11XX JERVIS ST,West End,490304.9975,5459016.2664
Theft from Vehicle,2017,7,18,0,0,11XX JERVIS ST,West End,490304.9975,5459016.2664
Theft from Vehicle,2017,7,4,23,0,11XX KAMLOOPS ST,Hastings-Sunrise,496026.7842,5458024.7795
Theft from Vehicle,2017,2,20,16,15,11XX KEEFER ST,Strathcona,494088.8245,5458483.9605
Theft from Vehicle,2017,3,4,17,0,11XX KEEFER ST,Strathcona,494094.7289,5458493.0931
Theft from Vehicle,2017,5,22,15,0,11XX KINGSWAY AVE,Kensington-Cedar Cottage,494171.0484,5455484.9903
Theft from Vehicle,2017,4,30,12,0,11XX LAURIER AVE,Shaughnessy,490542.1453,5455328.2961
Theft from Vehicle,2017,3,5,0,0,11XX LE ROI ST,Hastings-Sunrise,497075.5037,5457963.9616
Theft from Vehicle,2017,7,4,10,22,11XX MAIN ST,Central Business District,492720.2567,5457977.1068
Theft from Vehicle,2017,4,16,8,30,11XX MAIN ST,Strathcona,492741.4839,5458022.235
Theft from Vehicle,2017,3,4,21,52,11XX MAINLAND ST,Central Business District,491142.8658,5458001.6305
Theft from Vehicle,2017,7,7,23,32,11XX MAINLAND ST,Central Business District,491142.8658,5458001.6305
Theft from Vehicle,2017,8,20,21,0,11XX MAINLAND ST,Central Business District,491142.8658,5458001.6305
Theft from Vehicle,2017,9,16,21,0,11XX MAINLAND ST,Central Business District,491142.8658,5458001.6305
Theft from Vehicle,2017,10,20,12,0,11XX MAINLAND ST,Central Business District,491142.8658,5458001.6305
Theft from Vehicle,2017,12,15,15,20,11XX MAINLAND ST,Central Business District,491142.8658,5458001.6305
Theft from Vehicle,2017,4,19,1,34,11XX MAINLAND ST,Central Business District,491143.1965,5458014.8301
Theft from Vehicle,2017,12,16,16,0,11XX MAINLAND ST,Central Business District,491165.7514,5458037.1762
Theft from Vehicle,2017,1,27,20,45,11XX MAINLAND ST,Central Business District,491215.3721,5458086.3376
Theft from Vehicle,2017,1,12,4,30,11XX MAINLAND ST,Central Business District,491233.0852,5458091.0149
Theft from Vehicle,2017,1,26,19,10,11XX MAINLAND ST,Central Business District,491233.0852,5458091.0149
Theft from Vehicle,2017,1,30,21,0,11XX MAINLAND ST,Central Business District,491233.0852,5458091.0149
Theft from Vehicle,2017,11,1,2,0,11XX MAINLAND ST,Central Business District,491233.0852,5458091.0149
Theft from Vehicle,2017,9,4,17,0,11XX MAPLE ST,Kitsilano,489077.5841,5458094.1683
Theft from Vehicle,2017,2,17,22,0,11XX MARINASIDE CRES,Central Business District,491361.783,5457854.9422
Theft from Vehicle,2017,11,5,9,6,11XX MARINASIDE CRES,Central Business District,491361.783,5457854.9422
Theft from Vehicle,2017,10,11,11,45,11XX MAXINE LANE,West End,490341.009,5458525.4095
Theft from Vehicle,2017,12,7,15,0,11XX MCLEAN DR,Grandview-Woodland,494587.8857,5458014.8314
Theft from Vehicle,2017,6,7,6,30,11XX MELVILLE ST,Central Business District,491074.8006,5459354.5396
Theft from Vehicle,2017,1,19,12,0,11XX MELVILLE ST,Central Business District,491078.0856,5459364.0845
Theft from Vehicle,2017,2,14,17,30,11XX MELVILLE ST,Central Business District,491078.0856,5459364.0845
Theft from Vehicle,2017,3,5,13,10,11XX MELVILLE ST,Central Business District,491078.0856,5459364.0845
Theft from Vehicle,2017,3,7,8,0,11XX MELVILLE ST,Central Business District,491078.0856,5459364.0845
Theft from Vehicle,2017,3,15,10,30,11XX MELVILLE ST,Central Business District,491078.0856,5459364.0845
Theft from Vehicle,2017,3,27,7,0,11XX MELVILLE ST,Central Business District,491078.0856,5459364.0845
Theft from Vehicle,2017,4,2,9,12,11XX MELVILLE ST,Central Business District,491078.0856,5459364.0845
Theft from Vehicle,2017,4,5,11,30,11XX MELVILLE ST,Central Business District,491078.0856,5459364.0845
Theft from Vehicle,2017,4,7,8,30,11XX MELVILLE ST,Central Business District,491078.0856,5459364.0845
Theft from Vehicle,2017,4,19,18,0,11XX MELVILLE ST,Central Business District,491078.0856,5459364.0845
Theft from Vehicle,2017,6,10,11,0,11XX MELVILLE ST,Central Business District,491078.0856,5459364.0845
Theft from Vehicle,2017,8,30,23,0,11XX MELVILLE ST,Central Business District,491078.0856,5459364.0845
Theft from Vehicle,2017,10,12,18,30,11XX MELVILLE ST,Central Business District,491078.0856,5459364.0845
Theft from Vehicle,2017,12,8,13,0,11XX MELVILLE ST,Central Business District,491078.0856,5459364.0845
Theft from Vehicle,2017,12,11,16,0,11XX MELVILLE ST,Central Business District,491078.0856,5459364.0845
Theft from Vehicle,2017,1,20,8,50,11XX MELVILLE ST,Central Business District,491117.6931,5459313.0404
Theft from Vehicle,2017,7,10,1,50,11XX MELVILLE ST,Central Business District,491117.6931,5459313.0404
Theft from Vehicle,2017,3,4,17,30,11XX MELVILLE ST,Central Business District,491120.8969,5459309.9409
Theft from Vehicle,2017,6,8,6,30,11XX MELVILLE ST,Central Business District,491120.8969,5459309.9409
Theft from Vehicle,2017,6,26,8,30,11XX MELVILLE ST,Central Business District,491120.8969,5459309.9409
Theft from Vehicle,2017,6,26,11,0,11XX MELVILLE ST,Central Business District,491120.8969,5459309.9409
Theft from Vehicle,2017,7,5,22,0,11XX MELVILLE ST,Central Business District,491120.8969,5459309.9409
Theft from Vehicle,2017,10,16,17,55,11XX MELVILLE ST,Central Business District,491120.8969,5459309.9409
Theft from Vehicle,2017,8,8,21,0,11XX NELSON ST,West End,490602.4947,5458958.641
Theft from Vehicle,2017,11,13,19,0,11XX NELSON ST,West End,490617.0178,5458944.1501
Theft from Vehicle,2017,4,24,0,0,11XX NELSON ST,West End,490679.4169,5458868.9709
Theft from Vehicle,2017,5,4,17,0,11XX NICOLA ST,West End,490033.7535,5459111.8313
Theft from Vehicle,2017,9,18,17,0,11XX NICOLA ST,West End,490033.7535,5459111.8313
Theft from Vehicle,2017,10,2,20,0,11XX NICOLA ST,West End,490124.9377,5459203.9064
Theft from Vehicle,2017,2,11,0,0,11XX ODLUM DR,Grandview-Woodland,494483.8703,5458009.2145
Theft from Vehicle,2017,3,27,17,0,11XX ODLUM DR,Grandview-Woodland,494483.8703,5458009.2145
Theft from Vehicle,2017,7,4,1,0,11XX ODLUM DR,Grandview-Woodland,494483.8703,5458009.2145
Theft from Vehicle,2017,11,18,0,40,11XX ODLUM DR,Grandview-Woodland,494484.0267,5458018.8903
Theft from Vehicle,2017,12,5,22,0,11XX ODLUM DR,Grandview-Woodland,494484.0267,5458018.8903
Theft from Vehicle,2017,9,15,12,0,11XX PACIFIC BLVD,Central Business District,491348.3111,5457969.3454
Theft from Vehicle,2017,1,14,14,0,11XX PACIFIC ST,West End,490203.9115,5458423.0313
Theft from Vehicle,2017,5,27,23,0,11XX PACIFIC ST,West End,490205.8962,5458408.09
Theft from Vehicle,2017,6,6,13,30,11XX PACIFIC ST,West End,490214.8651,5458399.0943
Theft from Vehicle,2017,2,16,19,51,11XX PACIFIC ST,West End,490221.3405,5458405.5505
Theft from Vehicle,2017,7,8,9,2,11XX PACIFIC ST,West End,490221.3405,5458405.5505
Theft from Vehicle,2017,7,3,21,0,11XX PENDRELL ST,West End,490433.9041,5458820.1524
Theft from Vehicle,2017,3,1,20,0,11XX PENDRELL ST,West End,490439.0527,5458802.0507
Theft from Vehicle,2017,9,16,11,50,11XX PENDRELL ST,West End,490439.0527,5458802.0507
Theft from Vehicle,2017,11,4,15,0,11XX PENDRELL ST,West End,490439.0527,5458802.0507
Theft from Vehicle,2017,10,8,6,30,11XX PENDRELL ST,West End,490492.0061,5458761.9428
Theft from Vehicle,2017,9,19,0,30,11XX PENDRELL ST,West End,490494.9112,5458759.0323
Theft from Vehicle,2017,5,21,20,30,11XX PENDRELL ST,West End,490526.2057,5458714.7362
Theft from Vehicle,2017,8,6,14,0,11XX PENDRELL ST,West End,490526.2057,5458714.7362
Theft from Vehicle,2017,8,27,6,0,11XX PENDRELL ST,West End,490526.2057,5458714.7362
Theft from Vehicle,2017,4,19,17,30,11XX PIPELINE RD,Stanley Park,490045.1041,5461465.1679
Theft from Vehicle,2017,5,5,12,20,11XX QUEBEC ST,Central Business District,492593.492,5457992.6244
Theft from Vehicle,2017,11,23,13,16,11XX QUEBEC ST,Central Business District,492598.3517,5458016.1542
Theft from Vehicle,2017,1,15,18,0,11XX QUEBEC ST,Central Business District,492602.6019,5457936.7615
Theft from Vehicle,2017,8,11,11,0,11XX QUEBEC ST,Central Business District,492602.8585,5457935.1718
Theft from Vehicle,2017,3,6,21,20,11XX QUEBEC ST,Central Business District,492602.8585,5457935.1718
Theft from Vehicle,2017,10,27,18,15,11XX QUEBEC ST,Central Business District,492609.2795,5457958.9958
Theft from Vehicle,2017,10,22,13,0,11XX RICHARDS ST,Central Business District,490962.0541,5458140.1297
Theft from Vehicle,2017,10,2,15,0,11XX RICHARDS ST,Central Business District,490979.6695,5458144.8689
Theft from Vehicle,2017,10,4,16,0,11XX RICHARDS ST,Central Business District,490979.6695,5458144.8689
Theft from Vehicle,2017,10,31,21,15,11XX RICHARDS ST,Central Business District,490979.6695,5458144.8689
Theft from Vehicle,2017,10,4,14,0,11XX RICHARDS ST,Central Business District,490981.517,5458146.7256
Theft from Vehicle,2017,2,18,7,0,11XX RICHARDS ST,Central Business District,491077.6462,5458243.3316
Theft from Vehicle,2017,10,18,22,0,11XX RICHELIEU AVE,Shaughnessy,490581.4671,5455959.0387
Theft from Vehicle,2017,1,5,13,27,11XX ROBSON ST,West End,490774.4861,5459240.9038
Theft from Vehicle,2017,4,29,16,55,11XX ROBSON ST,West End,490774.4861,5459240.9038
Theft from Vehicle,2017,5,16,19,30,11XX ROBSON ST,West End,490774.4861,5459240.9038
Theft from Vehicle,2017,12,26,15,30,11XX ROBSON ST,West End,490774.4861,5459240.9038
Theft from Vehicle,2017,4,2,19,52,11XX ROBSON ST,West End,490780.948,5459247.3735
Theft from Vehicle,2017,4,29,19,30,11XX ROBSON ST,West End,490780.948,5459247.3735
Theft from Vehicle,2017,5,21,19,45,11XX ROBSON ST,West End,490780.948,5459247.3735
Theft from Vehicle,2017,6,22,22,0,11XX ROBSON ST,West End,490780.948,5459247.3735
Theft from Vehicle,2017,7,17,16,30,11XX ROBSON ST,West End,490780.948,5459247.3735
Theft from Vehicle,2017,11,16,15,0,11XX ROBSON ST,West End,490780.948,5459247.3735
Theft from Vehicle,2017,2,3,17,10,11XX ROBSON ST,West End,490792.7021,5459235.6337
Theft from Vehicle,2017,7,2,19,0,11XX ROBSON ST,West End,490792.7021,5459235.6337
Theft from Vehicle,2017,10,21,19,0,11XX ROBSON ST,West End,490792.7021,5459235.6337
Theft from Vehicle,2017,4,7,12,0,11XX ROBSON ST,West End,490859.7037,5459155.79
Theft from Vehicle,2017,4,17,18,0,11XX ROBSON ST,West End,490872.0426,5459156.3898
Theft from Vehicle,2017,7,3,17,0,11XX ROBSON ST,West End,490872.0426,5459156.3898
Theft from Vehicle,2017,7,8,0,16,11XX ROBSON ST,West End,490872.0426,5459156.3898
Theft from Vehicle,2017,8,16,16,0,11XX ROBSON ST,West End,490872.0426,5459156.3898
Theft from Vehicle,2017,9,8,16,10,11XX ROBSON ST,West End,490872.0426,5459156.3898
Theft from Vehicle,2017,12,5,7,45,11XX ROBSON ST,West End,490872.0426,5459156.3898
Theft from Vehicle,2017,2,5,18,0,11XX ROBSON ST,West End,490874.9811,5459153.4548
Theft from Vehicle,2017,1,14,12,22,11XX ROBSON ST,West End,490912.5973,5459102.9607
Theft from Vehicle,2017,6,19,18,50,11XX ROBSON ST,West End,490912.5973,5459102.9607
Theft from Vehicle,2017,7,29,10,0,11XX ROBSON ST,West End,490912.5973,5459102.9607
Theft from Vehicle,2017,8,18,7,45,11XX ROBSON ST,West End,490912.5973,5459102.9607
Theft from Vehicle,2017,12,25,19,0,11XX ROBSON ST,West End,490912.5973,5459102.9607
Theft from Vehicle,2017,9,7,23,30,11XX SEMLIN DR,Grandview-Woodland,495383.0812,5457957.0542
Theft from Vehicle,2017,10,12,16,15,11XX SEYMOUR ST,Central Business District,491002.2259,5458315.5813
Theft from Vehicle,2017,1,26,6,0,11XX SEYMOUR ST,Central Business District,491008.6781,5458309.102
Theft from Vehicle,2017,9,23,19,0,11XX SEYMOUR ST,Central Business District,491008.6781,5458309.102
Theft from Vehicle,2017,12,17,17,30,11XX SEYMOUR ST,Central Business District,491008.6781,5458309.102
Theft from Vehicle,2017,4,22,14,20,11XX STATION ST,Strathcona,492835.0141,5457933.8959
Theft from Vehicle,2017,8,26,11,25,11XX STATION ST,Strathcona,492837.2067,5458016.8403
Theft from Vehicle,2017,8,27,7,40,11XX STEWART ST,Strathcona,494186.6105,5458944.9007
Theft from Vehicle,2017,8,7,23,0,11XX THE CASTINGS ST,Fairview,490461.7889,5457133.6613
Theft from Vehicle,2017,4,1,16,18,11XX THE CASTINGS ST,Fairview,490488.4641,5457086.6184
Theft from Vehicle,2017,10,3,21,53,11XX THE CASTINGS ST,Fairview,490488.4641,5457086.6184
Theft from Vehicle,2017,6,15,12,30,11XX THURLOW ST,West End,490560.3776,5458746.251
Theft from Vehicle,2017,1,8,1,15,11XX THURLOW ST,West End,490574.3107,5458747.2468
Theft from Vehicle,2017,6,1,2,30,11XX THURLOW ST,West End,490574.3107,5458747.2468
Theft from Vehicle,2017,11,30,8,6,11XX THURLOW ST,West End,490574.3107,5458747.2468
Theft from Vehicle,2017,7,22,18,0,11XX UNION ST,Strathcona,494088.9511,5458294.5494
Theft from Vehicle,2017,11,4,1,30,11XX UNION ST,Strathcona,494150.2113,5458292.8806
Theft from Vehicle,2017,2,17,0,0,11XX UNION ST,Strathcona,494176.4657,5458292.1655
Theft from Vehicle,2017,12,9,23,0,11XX UNION ST,Strathcona,494193.9686,5458291.6887
Theft from Vehicle,2017,10,3,22,10,11XX VENABLES ST,Strathcona,494120.0457,5458235.9675
Theft from Vehicle,2017,6,21,21,0,11XX VICTORIA DR,Grandview-Woodland,495228.8537,5458010.0796
Theft from Vehicle,2017,4,19,17,0,11XX W 11TH AVE,Fairview,490547.4095,5456537.8332
Theft from Vehicle,2017,12,9,12,0,11XX W 11TH AVE,Fairview,490547.4095,5456537.8332
Theft from Vehicle,2017,4,16,2,17,11XX W 11TH AVE,Fairview,490590.9019,5456536.8963
Theft from Vehicle,2017,4,14,17,0,11XX W 11TH AVE,Fairview,490593.9425,5456536.8306
Theft from Vehicle,2017,10,24,19,0,11XX W 13TH AVE,Fairview,490492.5463,5456338.4573
Theft from Vehicle,2017,10,27,21,0,11XX W 13TH AVE,Fairview,490492.5463,5456338.4573
Theft from Vehicle,2017,10,28,0,0,11XX W 13TH AVE,Fairview,490492.5463,5456338.4573
Theft from Vehicle,2017,11,30,19,45,11XX W 13TH AVE,Fairview,490492.5463,5456338.4573
Theft from Vehicle,2017,11,30,21,0,11XX W 13TH AVE,Fairview,490492.5463,5456338.4573
Theft from Vehicle,2017,11,30,22,30,11XX W 13TH AVE,Fairview,490492.5463,5456338.4573
Theft from Vehicle,2017,7,23,23,30,11XX W 13TH AVE,Fairview,490599.4,5456326.62
Theft from Vehicle,2017,9,3,3,30,11XX W 13TH AVE,Fairview,490599.4,5456326.62
Theft from Vehicle,2017,11,13,17,30,11XX W 32ND AVE,Shaughnessy,490327.2499,5454486.3873
Theft from Vehicle,2017,8,4,20,0,11XX W 32ND AVE,Shaughnessy,490522.0752,5454425.5541
Theft from Vehicle,2017,8,26,1,48,11XX W 37TH AVE,Shaughnessy,490486.1225,5453888.3009
Theft from Vehicle,2017,9,12,21,30,11XX W 40TH AVE,Shaughnessy,490454.9954,5453592.8871
Theft from Vehicle,2017,9,15,16,11,11XX W 48TH AVE,Oakridge,490336.8484,5452774.7153
Theft from Vehicle,2017,12,6,0,0,11XX W 49TH AVE,Oakridge,490476.5153,5452663.294
Theft from Vehicle,2017,11,26,8,9,11XX W 50TH AVE,Oakridge,490353.9259,5452554.8747
Theft from Vehicle,2017,12,15,22,0,11XX W 54TH AVE,Oakridge,490301.954,5452095.3193
Theft from Vehicle,2017,9,28,17,0,11XX W 59TH AVE,Marpole,490427.7003,5451604.0075
Theft from Vehicle,2017,10,25,18,0,11XX W 64TH AVE,Marpole,490424.9483,5451137.7407
Theft from Vehicle,2017,9,15,16,0,11XX W 67TH AVE,Marpole,490404.9276,5450889.5574
Theft from Vehicle,2017,5,20,0,0,11XX W 6TH AVE,Fairview,490508.7951,5457037.5295
Theft from Vehicle,2017,6,6,5,32,11XX W 6TH AVE,Fairview,490508.7951,5457037.5295
Theft from Vehicle,2017,8,13,13,16,11XX W 70TH AVE,Marpole,490317.0397,5450639.2575
Theft from Vehicle,2017,3,17,12,0,11XX W 7TH AVE,Fairview,490613.7322,5456940.3917
Theft from Vehicle,2017,2,12,9,0,11XX W 8TH AVE,Fairview,490458.1269,5456860.9731
Theft from Vehicle,2017,2,13,8,46,11XX W 8TH AVE,Fairview,490458.1269,5456860.9731
Theft from Vehicle,2017,12,30,23,0,11XX W 8TH AVE,Fairview,490458.1269,5456860.9731
Theft from Vehicle,2017,10,8,13,0,11XX W BROADWAY AVE,Fairview,490483.8104,5456758.4594
Theft from Vehicle,2017,8,31,8,0,11XX W BROADWAY AVE,Fairview,490486.856,5456749.2271
Theft from Vehicle,2017,7,29,19,0,11XX W BROADWAY AVE,Fairview,490592.7119,5456755.4286
Theft from Vehicle,2017,1,8,19,30,11XX W BROADWAY AVE,Fairview,490605.5174,5456745.9251
Theft from Vehicle,2017,4,3,23,0,11XX W BROADWAY AVE,Fairview,490608.9578,5456745.8289
Theft from Vehicle,2017,9,27,17,15,11XX W BROADWAY AVE,Fairview,490608.9578,5456745.8289
Theft from Vehicle,2017,9,15,22,30,11XX W CORDOVA ST,Central Business District,491269.7012,5459539.0835
Theft from Vehicle,2017,7,7,18,0,11XX W CORDOVA ST,Central Business District,491308.0389,5459543.2345
Theft from Vehicle,2017,2,8,0,0,11XX W CORDOVA ST,Central Business District,491330.0109,5459512.9302
Theft from Vehicle,2017,2,15,21,43,11XX W CORDOVA ST,Central Business District,491330.0109,5459512.9302
Theft from Vehicle,2017,3,29,17,30,11XX W CORDOVA ST,Central Business District,491330.0109,5459512.9302
Theft from Vehicle,2017,4,21,22,30,11XX W CORDOVA ST,Central Business District,491330.0109,5459512.9302
Theft from Vehicle,2017,9,8,14,0,11XX W CORDOVA ST,Central Business District,491330.0109,5459512.9302
Theft from Vehicle,2017,12,2,9,0,11XX W GEORGIA ST,Central Business District,490915.2728,5459361.0787
Theft from Vehicle,2017,2,19,21,18,11XX W GEORGIA ST,Central Business District,490985.6886,5459291.6878
Theft from Vehicle,2017,12,24,17,35,11XX W GEORGIA ST,West End,490994.5781,5459270.0898
Theft from Vehicle,2017,1,29,10,2,11XX W GEORGIA ST,West End,490994.5781,5459270.0898
Theft from Vehicle,2017,2,22,23,22,11XX W GEORGIA ST,West End,490994.5781,5459270.0898
Theft from Vehicle,2017,5,17,20,10,11XX W GEORGIA ST,West End,490994.5781,5459270.0898
Theft from Vehicle,2017,1,12,19,0,11XX W GEORGIA ST,Central Business District,491028.5504,5459249.4499
Theft from Vehicle,2017,1,12,20,55,11XX W GEORGIA ST,Central Business District,491028.5504,5459249.4499
Theft from Vehicle,2017,1,15,16,59,11XX W GEORGIA ST,Central Business District,491028.5504,5459249.4499
Theft from Vehicle,2017,4,20,15,0,11XX W GEORGIA ST,Central Business District,491028.5504,5459249.4499
Theft from Vehicle,2017,8,6,5,5,11XX W GEORGIA ST,Central Business District,491028.5504,5459249.4499
Theft from Vehicle,2017,9,17,20,38,11XX W GEORGIA ST,Central Business District,491028.5504,5459249.4499
Theft from Vehicle,2017,4,17,0,0,11XX W GEORGIA ST,West End,491037.4399,5459227.8519
Theft from Vehicle,2017,6,6,18,0,11XX W GEORGIA ST,West End,491037.4399,5459227.8519
Theft from Vehicle,2017,6,11,12,0,11XX W GEORGIA ST,West End,491037.4399,5459227.8519
Theft from Vehicle,2017,9,14,23,55,11XX W GEORGIA ST,West End,491037.4399,5459227.8519
Theft from Vehicle,2017,2,18,22,0,11XX W HASTINGS ST,Central Business District,491115.8189,5459544.4939
Theft from Vehicle,2017,9,23,0,30,11XX W HASTINGS ST,Central Business District,491115.8189,5459544.4939
Theft from Vehicle,2017,5,9,13,26,11XX W HASTINGS ST,Central Business District,491127.8585,5459549.2833
Theft from Vehicle,2017,8,12,22,30,11XX W HASTINGS ST,Central Business District,491127.8585,5459549.2833
Theft from Vehicle,2017,1,24,2,14,11XX W HASTINGS ST,Central Business District,491220.6789,5459509.5121
Theft from Vehicle,2017,2,26,19,30,11XX W HASTINGS ST,Central Business District,491220.6789,5459509.5121
Theft from Vehicle,2017,5,14,12,0,11XX W HASTINGS ST,Central Business District,491220.6789,5459509.5121
Theft from Vehicle,2017,7,7,13,49,11XX W HASTINGS ST,Central Business District,491220.6789,5459509.5121
Theft from Vehicle,2017,12,25,22,30,11XX W HASTINGS ST,Central Business District,491220.6789,5459509.5121
Theft from Vehicle,2017,1,10,15,30,11XX W HASTINGS ST,Central Business District,491223.6295,5459498.3008
Theft from Vehicle,2017,6,20,18,58,11XX W HASTINGS ST,Central Business District,491225.5157,5459497.4916
Theft from Vehicle,2017,11,29,7,50,11XX W HASTINGS ST,Central Business District,491225.5157,5459497.4916
Theft from Vehicle,2017,12,3,13,0,11XX W HASTINGS ST,Central Business District,491225.5157,5459497.4916
Theft from Vehicle,2017,12,25,11,30,11XX W HASTINGS ST,Central Business District,491225.5157,5459497.4916
Theft from Vehicle,2017,1,1,19,30,11XX W HASTINGS ST,Central Business District,491225.5158,5459497.4916
Theft from Vehicle,2017,1,6,16,0,11XX W HASTINGS ST,Central Business District,491225.5158,5459497.4916
Theft from Vehicle,2017,1,10,22,30,11XX W HASTINGS ST,Central Business District,491225.5158,5459497.4916
Theft from Vehicle,2017,5,13,15,0,11XX W HASTINGS ST,Central Business District,491225.5158,5459497.4916
Theft from Vehicle,2017,5,27,20,30,11XX W HASTINGS ST,Central Business District,491225.5158,5459497.4916
Theft from Vehicle,2017,5,28,23,3,11XX W HASTINGS ST,Central Business District,491225.5158,5459497.4916
Theft from Vehicle,2017,9,12,14,0,11XX W HASTINGS ST,Central Business District,491267.0891,5459489.6265
Theft from Vehicle,2017,12,29,18,31,11XX W HASTINGS ST,Central Business District,491267.0891,5459489.6265
Theft from Vehicle,2017,4,10,8,53,11XX W HASTINGS ST,Central Business District,491284.5833,5459472.1826
Theft from Vehicle,2017,8,15,5,0,11XX W HASTINGS ST,Central Business District,491284.5833,5459472.1826
Theft from Vehicle,2017,10,22,21,30,11XX W HASTINGS ST,Central Business District,491284.5833,5459472.1826
Theft from Vehicle,2017,1,6,19,0,11XX W PENDER ST,Central Business District,491052.646,5459503.6274
Theft from Vehicle,2017,9,6,0,0,11XX W PENDER ST,Central Business District,491052.646,5459503.6274
Theft from Vehicle,2017,12,2,0,0,11XX W PENDER ST,Central Business District,491052.646,5459503.6274
Theft from Vehicle,2017,1,7,22,30,11XX W PENDER ST,Central Business District,491056.0568,5459502.0768
Theft from Vehicle,2017,12,16,20,54,11XX W PENDER ST,Central Business District,491069.0898,5459496.1527
Theft from Vehicle,2017,9,4,9,0,11XX W PENDER ST,Central Business District,491151.3089,5459458.7793
Theft from Vehicle,2017,10,19,21,0,11XX W PENDER ST,Central Business District,491151.3089,5459458.7793
Theft from Vehicle,2017,12,31,17,0,11XX W PENDER ST,Central Business District,491151.3089,5459458.7793
Theft from Vehicle,2017,4,21,14,30,11XX W PENDER ST,Central Business District,491171.8637,5459449.436
Theft from Vehicle,2017,5,12,6,45,11XX W PENDER ST,Central Business District,491208.8622,5459432.618
Theft from Vehicle,2017,4,1,22,8,11XX W PENDER ST,Central Business District,491233.528,5459421.406
Theft from Vehicle,2017,7,23,0,0,11XX W PENDER ST,Central Business District,491233.528,5459421.406
Theft from Vehicle,2017,8,5,4,44,11XX WINDERMERE ST,Hastings-Sunrise,497360.3811,5457996.3066
Theft from Vehicle,2017,1,16,20,0,12XX ALBERNI ST,West End,490836.2954,5459340.7102
Theft from Vehicle,2017,1,16,21,0,12XX ALBERNI ST,West End,490836.2954,5459340.7102
Theft from Vehicle,2017,2,1,7,33,12XX ALBERNI ST,West End,490836.2954,5459340.7102
Theft from Vehicle,2017,4,1,18,58,12XX ALBERNI ST,West End,490836.2954,5459340.7102
Theft from Vehicle,2017,5,10,12,0,12XX ALBERNI ST,West End,490836.2954,5459340.7102
Theft from Vehicle,2017,7,11,13,0,12XX ALBERNI ST,West End,490836.2954,5459340.7102
Theft from Vehicle,2017,12,20,23,30,12XX ALBERNI ST,West End,490836.2954,5459340.7102
Theft from Vehicle,2017,12,14,23,0,12XX ARBUTUS ST,Kitsilano,488960.7679,5458078.8474
Theft from Vehicle,2017,6,13,0,0,12XX BALFOUR AVE,Shaughnessy,490324.6726,5455466.645
Theft from Vehicle,2017,3,6,22,0,12XX BARCLAY ST,West End,490525.7265,5459183.5513
Theft from Vehicle,2017,3,4,7,0,12XX BARCLAY ST,West End,490568.5327,5459141.9334
Theft from Vehicle,2017,7,4,7,8,12XX BARCLAY ST,West End,490568.5327,5459141.9334
Theft from Vehicle,2017,11,21,19,0,12XX BARCLAY ST,West End,490568.5327,5459141.9334
Theft from Vehicle,2017,9,18,18,0,12XX BARCLAY ST,West End,490579.1874,5459144.3278
Theft from Vehicle,2017,9,13,17,25,12XX BARCLAY ST,West End,490604.9179,5459106.5582
Theft from Vehicle,2017,9,14,8,0,12XX BARCLAY ST,West End,490604.9179,5459106.5582
Theft from Vehicle,2017,10,5,21,0,12XX BARCLAY ST,West End,490604.9179,5459106.5582
Theft from Vehicle,2017,5,30,1,0,12XX BEACH AVE,West End,490019.6852,5458513.9038
Theft from Vehicle,2017,11,26,8,30,12XX BIDWELL ST,West End,489724.3832,5459200.669
Theft from Vehicle,2017,5,26,8,0,12XX BIDWELL ST,West End,489725.5878,5459214.9751
Theft from Vehicle,2017,8,23,0,0,12XX BIDWELL ST,West End,489725.5878,5459214.9751
Theft from Vehicle,2017,2,25,7,45,12XX BIDWELL ST,West End,489771.3802,5459261.7673
Theft from Vehicle,2017,3,31,14,30,12XX BIDWELL ST,West End,489771.3802,5459261.7673
Theft from Vehicle,2017,4,20,1,40,12XX BIDWELL ST,West End,489771.3802,5459261.7673
Theft from Vehicle,2017,5,6,12,50,12XX BIDWELL ST,West End,489771.3802,5459261.7673
Theft from Vehicle,2017,6,4,10,0,12XX BIDWELL ST,West End,489771.3802,5459261.7673
Theft from Vehicle,2017,6,23,18,1,12XX BIDWELL ST,West End,489771.3802,5459261.7673
Theft from Vehicle,2017,8,5,1,40,12XX BIDWELL ST,West End,489771.3802,5459261.7673
Theft from Vehicle,2017,8,30,0,30,12XX BIDWELL ST,West End,489771.3802,5459261.7673
Theft from Vehicle,2017,9,2,16,0,12XX BIDWELL ST,West End,489771.3802,5459261.7673
Theft from Vehicle,2017,9,15,17,51,12XX BIDWELL ST,West End,489771.3802,5459261.7673
Theft from Vehicle,2017,10,3,18,50,12XX BIDWELL ST,West End,489771.3802,5459261.7673
Theft from Vehicle,2017,10,29,9,12,12XX BIDWELL ST,West End,489771.3802,5459261.7673
Theft from Vehicle,2017,12,15,23,0,12XX BIDWELL ST,West End,489771.3802,5459261.7673
Theft from Vehicle,2017,10,3,19,0,12XX BIDWELL ST,West End,489791.0707,5459268.8144
Theft from Vehicle,2017,3,21,13,45,12XX BIDWELL ST,West End,489803.8562,5459281.8787
Theft from Vehicle,2017,9,10,17,0,12XX BIDWELL ST,West End,489803.8562,5459281.8787
Theft from Vehicle,2017,10,6,16,19,12XX BIDWELL ST,West End,489803.8562,5459281.8787
Theft from Vehicle,2017,7,6,13,25,12XX BROUGHTON ST,West End,490020.0695,5458929.4765
Theft from Vehicle,2017,10,21,0,0,12XX BROUGHTON ST,West End,490020.0695,5458929.4765
Theft from Vehicle,2017,4,30,18,0,12XX BROUGHTON ST,West End,490080.7712,5459004.4359
Theft from Vehicle,2017,10,24,11,0,12XX BROUGHTON ST,West End,490080.7712,5459004.4359
Theft from Vehicle,2017,9,4,2,0,12XX BROUGHTON ST,West End,490089.2799,5459000.0527
Theft from Vehicle,2017,1,31,17,30,12XX BURNABY ST,West End,490151.5668,5458788.482
Theft from Vehicle,2017,4,21,21,0,12XX BURNABY ST,West End,490151.5668,5458788.482
Theft from Vehicle,2017,10,25,0,0,12XX BURNABY ST,West End,490151.5668,5458788.482
Theft from Vehicle,2017,9,19,13,39,12XX BURNABY ST,West End,490181.7841,5458744.299
Theft from Vehicle,2017,10,29,23,0,12XX BURNABY ST,West End,490181.7841,5458744.299
Theft from Vehicle,2017,11,1,23,0,12XX BURNABY ST,West End,490181.7841,5458744.299
Theft from Vehicle,2017,2,16,23,30,12XX BURNABY ST,West End,490214.2302,5458710.9393
Theft from Vehicle,2017,10,22,14,0,12XX BURRARD ST,Central Business District,490563.4424,5458441.6061
Theft from Vehicle,2017,10,22,17,0,12XX BURRARD ST,Central Business District,490563.4424,5458441.6061
Theft from Vehicle,2017,9,27,19,30,12XX BUTE ST,West End,490303.4324,5458787.6992
Theft from Vehicle,2017,10,6,17,0,12XX BUTE ST,West End,490303.4324,5458787.6992
Theft from Vehicle,2017,11,12,0,0,12XX CARDERO ST,West End,489834.0526,5459082.0794
Theft from Vehicle,2017,4,20,18,30,12XX CARDERO ST,West End,489880.1255,5459144.4264
Theft from Vehicle,2017,12,10,19,0,12XX CARDERO ST,West End,489880.1255,5459144.4264
Theft from Vehicle,2017,12,27,23,0,12XX CARDERO ST,West End,489880.1255,5459144.4264
Theft from Vehicle,2017,11,17,7,0,12XX CARDERO ST,West End,489881.6102,5459133.0484
Theft from Vehicle,2017,2,15,22,0,12XX CARDERO ST,West End,489898.5604,5459149.7632
Theft from Vehicle,2017,8,4,3,57,12XX CARDERO ST,West End,489917.3939,5459168.3353
Theft from Vehicle,2017,8,7,0,45,12XX CARDERO ST,West End,489917.3939,5459168.3353
Theft from Vehicle,2017,11,14,23,30,12XX CARDERO ST,West End,489917.3939,5459168.3353
Theft from Vehicle,2017,2,18,17,5,12XX CARTWRIGHT ST,Fairview,490385.7695,5457423.6814
Theft from Vehicle,2017,2,13,17,20,12XX CARTWRIGHT ST,Fairview,490406.8674,5457420.7065
Theft from Vehicle,2017,1,9,16,0,12XX CARTWRIGHT ST,Fairview,490406.8682,5457420.7068
Theft from Vehicle,2017,9,26,15,0,12XX CHESTNUT ST,Kitsilano,489366.8328,5458001.4489
Theft from Vehicle,2017,7,11,21,0,12XX CHESTNUT ST,Kitsilano,489368.8732,5458069.6308
Theft from Vehicle,2017,7,17,15,20,12XX COMOX ST,West End,490371.5085,5459021.8029
Theft from Vehicle,2017,11,8,5,0,12XX COMOX ST,West End,490371.5883,5459022.4501
Theft from Vehicle,2017,7,16,16,0,12XX COMOX ST,West End,490375.7811,5459030.4224
Theft from Vehicle,2017,1,1,6,0,12XX COMOX ST,West End,490394.9762,5458998.7633
Theft from Vehicle,2017,4,6,12,0,12XX COMOX ST,West End,490394.9762,5458998.7633
Theft from Vehicle,2017,4,7,17,0,12XX COMOX ST,West End,490416.3105,5458977.8181
Theft from Vehicle,2017,10,17,9,0,12XX COMOX ST,West End,490426.9776,5458967.3456
Theft from Vehicle,2017,8,5,19,0,12XX COMOX ST,West End,490439.7839,5458967.5871
Theft from Vehicle,2017,12,6,21,0,12XX COMOX ST,West End,490439.7839,5458967.5871
Theft from Vehicle,2017,8,20,1,0,12XX CONNAUGHT DR,Shaughnessy,490200.3061,5454671.5001
Theft from Vehicle,2017,2,4,13,0,12XX DAVIE ST,West End,490229.3351,5458869.5824
Theft from Vehicle,2017,4,16,19,30,12XX DAVIE ST,West End,490262.0031,5458837.3971
Theft from Vehicle,2017,8,5,9,0,12XX DAVIE ST,West End,490294.7871,5458792.261
Theft from Vehicle,2017,9,18,19,0,12XX DAVIE ST,West End,490294.7871,5458792.261
Theft from Vehicle,2017,6,12,19,0,12XX DEVONSHIRE CRES,Shaughnessy,490350.3621,5454742.9595
Theft from Vehicle,2017,5,11,23,0,12XX E 11TH AVE,Mount Pleasant,494215.4434,5456417.6349
Theft from Vehicle,2017,12,3,21,0,12XX E 11TH AVE,Mount Pleasant,494271.7678,5456425.807
Theft from Vehicle,2017,6,1,20,30,12XX E 11TH AVE,Mount Pleasant,494296.0867,5456416.2666
Theft from Vehicle,2017,8,16,22,0,12XX E 13TH AVE,Mount Pleasant,494215.0211,5456219.1171
Theft from Vehicle,2017,12,12,21,0,12XX E 15TH AVE,Mount Pleasant,494212.8577,5456007.4893
Theft from Vehicle,2017,4,30,19,0,12XX E 16TH AVE,Kensington-Cedar Cottage,494312.4367,5455941.2286
Theft from Vehicle,2017,8,9,3,0,12XX E 17TH AVE,Kensington-Cedar Cottage,494236.9289,5455841.0359
Theft from Vehicle,2017,4,30,21,15,12XX E 17TH AVE,Kensington-Cedar Cottage,494245.2285,5455850.0468
Theft from Vehicle,2017,4,30,21,0,12XX E 17TH AVE,Kensington-Cedar Cottage,494253.3801,5455849.9148
Theft from Vehicle,2017,7,22,21,0,12XX E 17TH AVE,Kensington-Cedar Cottage,494272.2524,5455840.464
Theft from Vehicle,2017,5,21,22,30,12XX E 19TH AVE,Kensington-Cedar Cottage,494191.9466,5455641.5499
Theft from Vehicle,2017,6,4,20,0,12XX E 19TH AVE,Kensington-Cedar Cottage,494191.9466,5455641.5499
Theft from Vehicle,2017,6,5,0,0,12XX E 19TH AVE,Kensington-Cedar Cottage,494240.8712,5455649.3849
Theft from Vehicle,2017,12,15,21,30,12XX E 19TH AVE,Kensington-Cedar Cottage,494300.1231,5455638.6482
Theft from Vehicle,2017,10,13,9,29,12XX E 26TH AVE,Kensington-Cedar Cottage,494173.1986,5454972.5549
Theft from Vehicle,2017,8,30,0,1,12XX E 26TH AVE,Kensington-Cedar Cottage,494247.0675,5454980.5699
Theft from Vehicle,2017,12,18,21,0,12XX E 63RD AVE,Sunset,494115.4932,5451128.0577
Theft from Vehicle,2017,4,28,22,30,12XX E 64TH AVE,Sunset,494134.6738,5451018.3962
Theft from Vehicle,2017,11,28,20,30,12XX E 7TH AVE,Mount Pleasant,494225.2755,5456830.4405
Theft from Vehicle,2017,9,25,6,56,12XX E 8TH AVE,Mount Pleasant,494265.2432,5456729.0512
Theft from Vehicle,2017,3,9,18,10,12XX E BROADWAY AVE,Mount Pleasant,494294.5657,5456624.5969
Theft from Vehicle,2017,8,18,3,30,12XX E GEORGIA ST,Strathcona,494240.7203,5458423.9383
Theft from Vehicle,2017,10,2,13,47,12XX E GEORGIA ST,Strathcona,494240.7203,5458423.9383
Theft from Vehicle,2017,10,15,7,54,12XX E GEORGIA ST,Strathcona,494240.7203,5458423.9383
Theft from Vehicle,2017,11,23,16,0,12XX E GEORGIA ST,Strathcona,494240.7203,5458423.9383
Theft from Vehicle,2017,12,17,16,55,12XX E GEORGIA ST,Strathcona,494347.7324,5458430.5219
Theft from Vehicle,2017,4,20,15,5,12XX E HASTINGS ST,Strathcona,494248.74,5458707.3588
Theft from Vehicle,2017,10,17,8,0,12XX E HASTINGS ST,Strathcona,494248.74,5458707.3588
Theft from Vehicle,2017,7,14,2,3,12XX E PENDER ST,Strathcona,494244.9318,5458625.7003
Theft from Vehicle,2017,12,14,18,15,12XX E PENDER ST,Strathcona,494244.9318,5458625.7003
Theft from Vehicle,2017,2,6,17,45,12XX E PENDER ST,Strathcona,494273.1762,5458624.7519
Theft from Vehicle,2017,6,30,12,0,12XX E PENDER ST,Strathcona,494273.1762,5458624.7519
Theft from Vehicle,2017,11,23,0,0,12XX E PENDER ST,Strathcona,494324.3228,5458632.1836
Theft from Vehicle,2017,11,10,22,0,12XX FRANKLIN ST,Strathcona,494276.5982,5458844.2703
Theft from Vehicle,2017,11,11,0,1,12XX FRANKLIN ST,Strathcona,494276.5982,5458844.2703
Theft from Vehicle,2017,4,11,8,45,12XX GRANVILLE ST,Central Business District,490735.5593,5458179.6551
Theft from Vehicle,2017,10,28,16,30,12XX GRANVILLE ST,Central Business District,490735.5593,5458179.6551
Theft from Vehicle,2017,11,29,15,0,12XX GRANVILLE ST,Central Business District,490755.3121,5458199.9119
Theft from Vehicle,2017,3,29,15,27,12XX GRANVILLE ST,Central Business District,490786.0763,5458244.5586
Theft from Vehicle,2017,1,5,21,30,12XX GRANVILLE ST,Central Business District,490792.6606,5458251.3108
Theft from Vehicle,2017,3,21,21,10,12XX GRANVILLE ST,Central Business District,490792.6606,5458251.3108
Theft from Vehicle,2017,4,9,20,54,12XX GRANVILLE ST,Central Business District,490792.6606,5458251.3108
Theft from Vehicle,2017,5,2,11,22,12XX GRANVILLE ST,Central Business District,490792.6606,5458251.3108
Theft from Vehicle,2017,5,10,19,17,12XX GRANVILLE ST,Central Business District,490792.6606,5458251.3108
Theft from Vehicle,2017,6,8,8,30,12XX GRANVILLE ST,Central Business District,490792.6606,5458251.3108
Theft from Vehicle,2017,6,21,12,37,12XX GRANVILLE ST,Central Business District,490792.6606,5458251.3108
Theft from Vehicle,2017,9,27,21,0,12XX GRANVILLE ST,Central Business District,490792.6606,5458251.3108
Theft from Vehicle,2017,11,15,1,32,12XX GRANVILLE ST,Central Business District,490801.4397,5458260.3138
Theft from Vehicle,2017,5,30,12,30,12XX GRANVILLE ST,Central Business District,490803.6344,5458262.5646
Theft from Vehicle,2017,10,8,20,0,12XX GRANVILLE ST,Central Business District,490803.6344,5458262.5646
Theft from Vehicle,2017,8,26,6,37,12XX GRANVILLE ST,Central Business District,490806.2587,5458252.1585
Theft from Vehicle,2017,2,5,16,50,12XX GRANVILLE ST,Central Business District,490821.1549,5458267.4345
Theft from Vehicle,2017,3,25,3,45,12XX GRANVILLE ST,Central Business District,490821.1549,5458267.4345
Theft from Vehicle,2017,5,27,16,21,12XX GRANVILLE ST,Central Business District,490821.1549,5458267.4345
Theft from Vehicle,2017,6,12,16,0,12XX GRANVILLE ST,Central Business District,490821.1549,5458267.4345
Theft from Vehicle,2017,10,8,1,20,12XX GRANVILLE ST,Central Business District,490821.1549,5458267.4345
Theft from Vehicle,2017,11,1,0,0,12XX HAMILTON ST,Central Business District,491050.2061,5457986.313
Theft from Vehicle,2017,9,4,6,0,12XX HAMILTON ST,Central Business District,491052.4542,5457988.5537
Theft from Vehicle,2017,11,1,21,0,12XX HAMILTON ST,Central Business District,491077.1827,5458013.2018
Theft from Vehicle,2017,11,2,22,30,12XX HAMILTON ST,Central Business District,491077.1827,5458013.2018
Theft from Vehicle,2017,1,9,4,0,12XX HARO ST,West End,490607.8107,5459266.5348
Theft from Vehicle,2017,9,10,20,0,12XX HARO ST,West End,490607.8107,5459266.5348
Theft from Vehicle,2017,1,9,4,0,12XX HARO ST,West End,490610.5416,5459264.9136
Theft from Vehicle,2017,6,20,13,0,12XX HARO ST,West End,490649.1332,5459213.7511
Theft from Vehicle,2017,12,22,20,0,12XX HARO ST,West End,490653.3295,5459222.418
Theft from Vehicle,2017,4,18,18,30,12XX HARO ST,West End,490681.6466,5459182.2391
Theft from Vehicle,2017,12,5,18,0,12XX HARWOOD ST,West End,490074.0254,5458697.9548
Theft from Vehicle,2017,12,6,2,0,12XX HARWOOD ST,West End,490074.0254,5458697.9548
Theft from Vehicle,2017,7,12,7,2,12XX HARWOOD ST,West End,490136.5287,5458635.976
Theft from Vehicle,2017,7,24,22,0,12XX HARWOOD ST,West End,490136.5287,5458635.976
Theft from Vehicle,2017,6,26,9,0,12XX HARWOOD ST,West End,490138.684,5458633.8388
Theft from Vehicle,2017,6,2,22,0,12XX HARWOOD ST,West End,490145.1225,5458640.3318
Theft from Vehicle,2017,5,21,6,45,12XX HOMER ST,Central Business District,490949.2527,5457983.8275
Theft from Vehicle,2017,9,3,15,0,12XX HOMER ST,Central Business District,491004.4732,5458039.2664
Theft from Vehicle,2017,9,6,9,0,12XX HOMER ST,Central Business District,491004.4732,5458039.2664
Theft from Vehicle,2017,9,17,14,0,12XX HOMER ST,Central Business District,491015.3693,5458037.2485
Theft from Vehicle,2017,6,20,18,0,12XX HOMER ST,Central Business District,491033.0399,5458054.9889
Theft from Vehicle,2017,11,5,18,0,12XX HOMER ST,Central Business District,491033.0399,5458054.9889
Theft from Vehicle,2017,2,6,10,8,12XX HORNBY ST,Central Business District,490642.3094,5458368.7708
Theft from Vehicle,2017,3,12,10,0,12XX HORNBY ST,Central Business District,490642.3094,5458368.7708
Theft from Vehicle,2017,6,6,21,0,12XX HORNBY ST,Central Business District,490642.3094,5458368.7708
Theft from Vehicle,2017,8,13,16,0,12XX HORNBY ST,Central Business District,490642.3094,5458368.7708
Theft from Vehicle,2017,11,4,0,8,12XX HORNBY ST,Central Business District,490642.3094,5458368.7708
Theft from Vehicle,2017,11,15,18,30,12XX HORNBY ST,Central Business District,490642.3094,5458368.7708
Theft from Vehicle,2017,4,11,12,0,12XX HORNBY ST,Central Business District,490680.0351,5458406.7857
Theft from Vehicle,2017,6,2,20,0,12XX HORNBY ST,Central Business District,490680.0351,5458406.7857
Theft from Vehicle,2017,8,15,10,53,12XX HORNBY ST,Central Business District,490680.0351,5458406.7857
Theft from Vehicle,2017,4,3,16,14,12XX HOWE ST,Central Business District,490732.7599,5458323.9894
Theft from Vehicle,2017,8,20,23,30,12XX HOWE ST,Central Business District,490734.9863,5458326.2196
Theft from Vehicle,2017,9,29,23,50,12XX HOWE ST,Central Business District,490734.9863,5458326.2196
Theft from Vehicle,2017,10,21,16,0,12XX HOWE ST,Central Business District,490734.9863,5458326.2196
Theft from Vehicle,2017,8,15,17,11,12XX HOWE ST,Central Business District,490737.4206,5458341.6008
Theft from Vehicle,2017,2,13,0,0,12XX HOWE ST,Central Business District,490748.3447,5458339.6009
Theft from Vehicle,2017,8,20,23,0,12XX HOWE ST,Central Business District,490748.3447,5458339.6009
Theft from Vehicle,2017,11,4,1,51,12XX HOWE ST,Central Business District,490748.3447,5458339.6009
Theft from Vehicle,2017,9,27,20,0,12XX JERVIS ST,West End,490189.8752,5458899.5816
Theft from Vehicle,2017,2,18,15,30,12XX JOHNSTON ST,Fairview,490404.0434,5457435.6444
Theft from Vehicle,2017,7,27,12,0,12XX JOHNSTON ST,Fairview,490404.0434,5457435.6444
Theft from Vehicle,2017,8,10,20,0,12XX JOHNSTON ST,Fairview,490404.0434,5457435.6444
Theft from Vehicle,2017,10,5,16,0,12XX JOHNSTON ST,Fairview,490404.0434,5457435.6444
Theft from Vehicle,2017,7,17,21,0,12XX KINGSWAY AVE,Kensington-Cedar Cottage,494247.7224,5455429.1486
Theft from Vehicle,2017,11,3,19,15,12XX KINGSWAY AVE,Kensington-Cedar Cottage,494247.7224,5455429.1486
Theft from Vehicle,2017,6,18,10,30,12XX LAMEYS MILL RD,Fairview,490394.1061,5457112.0234
Theft from Vehicle,2017,7,7,1,0,12XX LAMEYS MILL RD,Fairview,490394.1061,5457112.0234
Theft from Vehicle,2017,1,8,17,0,12XX MAIN ST,Central Business District,492717.8494,5457907.8665
Theft from Vehicle,2017,1,2,12,0,12XX MARINASIDE CRES,Central Business District,491185.5107,5457708.0303
Theft from Vehicle,2017,9,10,21,0,12XX MARINASIDE CRES,Central Business District,491185.5107,5457708.0303
Theft from Vehicle,2017,10,2,19,0,12XX MARINASIDE CRES,Central Business District,491274.8753,5457790.2926
Theft from Vehicle,2017,11,12,13,46,12XX MARINASIDE CRES,Central Business District,491274.8753,5457790.2926
Theft from Vehicle,2017,4,17,11,0,12XX MCLEAN DR,Grandview-Woodland,494587.4787,5457916.534
Theft from Vehicle,2017,1,22,23,0,12XX MELVILLE ST,Central Business District,490919.4805,5459504.9758
Theft from Vehicle,2017,2,23,15,0,12XX MELVILLE ST,Central Business District,490957.1836,5459481.1102
Theft from Vehicle,2017,7,28,21,0,12XX MELVILLE ST,Central Business District,490957.1836,5459481.1102
Theft from Vehicle,2017,8,12,17,0,12XX MELVILLE ST,Central Business District,490957.1836,5459481.1102
Theft from Vehicle,2017,8,28,23,15,12XX MELVILLE ST,Central Business District,490957.1836,5459481.1102
Theft from Vehicle,2017,9,19,12,0,12XX MELVILLE ST,Central Business District,490957.1836,5459481.1102
Theft from Vehicle,2017,3,26,23,0,12XX MELVILLE ST,Central Business District,490962.0038,5459463.6838
Theft from Vehicle,2017,7,15,8,0,12XX MELVILLE ST,Central Business District,490962.0038,5459463.6838
Theft from Vehicle,2017,10,24,23,0,12XX MELVILLE ST,Central Business District,490962.0038,5459463.6838
Theft from Vehicle,2017,3,27,8,30,12XX MELVILLE ST,Central Business District,490963.8978,5459474.5904
Theft from Vehicle,2017,4,12,21,0,12XX NELSON ST,West End,490460.8529,5459087.8851
Theft from Vehicle,2017,3,15,22,0,12XX NELSON ST,West End,490524.6904,5459023.3982
Theft from Vehicle,2017,12,14,19,0,12XX NELSON ST,West End,490524.6904,5459023.3982
Theft from Vehicle,2017,11,7,16,0,12XX NICOLA ST,West End,489875.7383,5458967.8629
Theft from Vehicle,2017,5,12,16,0,12XX NICOLA ST,West End,489875.7383,5458967.8629
Theft from Vehicle,2017,11,17,6,0,12XX NICOLA ST,West End,489884.766,5458963.926
Theft from Vehicle,2017,3,8,17,0,12XX NICOLA ST,West End,489903.7508,5458982.6689
Theft from Vehicle,2017,9,22,0,0,12XX NICOLA ST,West End,489967.3619,5459046.0893
Theft from Vehicle,2017,11,1,17,0,12XX NOOTKA ST,Hastings-Sunrise,496982.4812,5457868.8013
Theft from Vehicle,2017,11,8,12,0,12XX PACIFIC BLVD,Central Business District,491027.5453,5457882.8416
Theft from Vehicle,2017,2,24,16,30,12XX PACIFIC ST,West End,489987.3712,5458641.2618
Theft from Vehicle,2017,3,13,12,0,12XX PACIFIC ST,West End,489987.3712,5458641.2618
Theft from Vehicle,2017,4,4,17,0,12XX PACIFIC ST,West End,489987.3712,5458641.2618
Theft from Vehicle,2017,11,10,20,0,12XX PACIFIC ST,West End,490060.3197,5458554.1441
Theft from Vehicle,2017,1,28,12,0,12XX PENDRELL ST,West End,490316.1094,5458934.4966
Theft from Vehicle,2017,4,14,13,0,12XX PENDRELL ST,West End,490316.1094,5458934.4966
Theft from Vehicle,2017,9,8,20,30,12XX PENDRELL ST,West End,490316.1094,5458934.4966
Theft from Vehicle,2017,3,11,15,0,12XX PENDRELL ST,West End,490369.6748,5458871.6773
Theft from Vehicle,2017,9,11,21,30,12XX PENDRELL ST,West End,490369.6748,5458871.6773
Theft from Vehicle,2017,4,23,9,0,12XX QUEBEC ST,Central Business District,492587.335,5457885.2953
Theft from Vehicle,2017,2,1,7,56,12XX QUEBEC ST,Central Business District,492605.6796,5457923.8647
Theft from Vehicle,2017,10,1,22,43,12XX QUEBEC ST,Central Business District,492605.6796,5457923.8647
Theft from Vehicle,2017,11,21,7,47,12XX QUEBEC ST,Central Business District,492605.6796,5457923.8647
Theft from Vehicle,2017,7,7,8,0,12XX RICHARDS ST,Central Business District,490873.7648,5458036.119
Theft from Vehicle,2017,6,8,13,0,12XX RICHARDS ST,Central Business District,490961.6574,5458126.6805
Theft from Vehicle,2017,10,18,4,35,12XX RICHARDS ST,Central Business District,490961.6574,5458126.6805
Theft from Vehicle,2017,10,3,20,0,12XX ROBSON ST,West End,490683.6155,5459331.6849
Theft from Vehicle,2017,7,28,21,51,12XX ROBSON ST,West End,490707.6689,5459320.5799
Theft from Vehicle,2017,7,17,20,0,12XX ROBSON ST,West End,490720.9957,5459294.3405
Theft from Vehicle,2017,1,16,22,45,12XX ROBSON ST,West End,490740.6514,5459287.6289
Theft from Vehicle,2017,1,20,8,30,12XX ROBSON ST,West End,490740.6514,5459287.6289
Theft from Vehicle,2017,1,21,17,0,12XX ROBSON ST,West End,490740.6514,5459287.6289
Theft from Vehicle,2017,1,22,18,0,12XX ROBSON ST,West End,490740.6514,5459287.6289
Theft from Vehicle,2017,9,4,7,0,12XX ROBSON ST,West End,490740.6514,5459287.6289
Theft from Vehicle,2017,9,7,22,0,12XX ROBSON ST,West End,490740.6514,5459287.6289
Theft from Vehicle,2017,10,8,0,0,12XX ROBSON ST,West End,490740.6514,5459287.6289
Theft from Vehicle,2017,10,8,3,0,12XX ROBSON ST,West End,490740.6514,5459287.6289
Theft from Vehicle,2017,10,8,6,11,12XX ROBSON ST,West End,490740.6514,5459287.6289
Theft from Vehicle,2017,10,8,9,23,12XX ROBSON ST,West End,490740.6514,5459287.6289
Theft from Vehicle,2017,10,21,17,0,12XX ROBSON ST,West End,490740.6514,5459287.6289
Theft from Vehicle,2017,11,12,15,0,12XX ROBSON ST,West End,490740.6514,5459287.6289
Theft from Vehicle,2017,12,7,15,20,12XX ROBSON ST,West End,490740.6514,5459287.6289
Theft from Vehicle,2017,4,5,6,0,12XX ROBSON ST,West End,490760.5747,5459254.7993
Theft from Vehicle,2017,5,22,23,45,12XX ROBSON ST,West End,490760.5747,5459254.7993
Theft from Vehicle,2017,9,14,18,28,12XX ROBSON ST,West End,490760.5747,5459254.7993
Theft from Vehicle,2017,7,20,3,15,12XX ROSSLAND ST,Hastings-Sunrise,496690.7667,5457936.1224
Theft from Vehicle,2017,10,4,1,30,12XX SEYMOUR ST,Central Business District,490893.8986,5458194.753
Theft from Vehicle,2017,10,13,19,30,12XX SEYMOUR ST,Central Business District,490893.8986,5458194.753
Theft from Vehicle,2017,10,21,5,0,12XX SW MARINE DR,Marpole,490259.9768,5450086.5255
Theft from Vehicle,2017,11,21,6,50,12XX THORNTON ST,Strathcona,493311.8647,5458060.484
Theft from Vehicle,2017,6,4,22,0,12XX THURLOW ST,West End,490446.2646,5458629.3043
Theft from Vehicle,2017,7,12,0,0,12XX THURLOW ST,West End,490458.8708,5458629.4431
Theft from Vehicle,2017,10,5,20,10,12XX THURLOW ST,West End,490458.8708,5458629.4431
Theft from Vehicle,2017,11,28,18,30,12XX THURLOW ST,West End,490458.8708,5458629.4431
Theft from Vehicle,2017,11,21,0,0,12XX VENABLES ST,Strathcona,494285.6296,5458223.3232
Theft from Vehicle,2017,6,10,21,30,12XX VERNON DR,Strathcona,494281.2194,5457843.7782
Theft from Vehicle,2017,8,20,9,30,12XX VICTORIA DR,Grandview-Woodland,495226.7971,5457869.1725
Theft from Vehicle,2017,6,5,18,16,12XX W 10TH AVE,Fairview,490273.4433,5456647.4439
Theft from Vehicle,2017,8,18,16,0,12XX W 10TH AVE,Fairview,490368.0499,5456645.1692
Theft from Vehicle,2017,4,14,23,0,12XX W 10TH AVE,Fairview,490378.0566,5456654.0752
Theft from Vehicle,2017,8,23,1,56,12XX W 10TH AVE,Fairview,490394.3681,5456653.683
Theft from Vehicle,2017,7,30,22,0,12XX W 10TH AVE,Fairview,490407.1975,5456644.2279
Theft from Vehicle,2017,1,6,19,0,12XX W 10TH AVE,Fairview,490433.2958,5456643.6004
Theft from Vehicle,2017,12,31,16,30,12XX W 10TH AVE,Fairview,490433.2958,5456643.6004
Theft from Vehicle,2017,8,19,15,0,12XX W 12TH AVE,Fairview,490339.9252,5456450.4645
Theft from Vehicle,2017,10,24,0,0,12XX W 12TH AVE,Fairview,490372.6792,5456449.616
Theft from Vehicle,2017,12,22,14,0,12XX W 12TH AVE,Fairview,490389.0562,5456449.1917
Theft from Vehicle,2017,8,5,10,0,12XX W 13TH AVE,Fairview,490316.8461,5456333.888
Theft from Vehicle,2017,10,3,22,0,12XX W 13TH AVE,Fairview,490392.2681,5456331.8867
Theft from Vehicle,2017,6,5,12,0,12XX W 14TH AVE,Fairview,490337.1005,5456231.746
Theft from Vehicle,2017,10,24,22,0,12XX W 14TH AVE,Fairview,490383.3586,5456239.6655
Theft from Vehicle,2017,11,21,0,20,12XX W 14TH AVE,Fairview,490422.5578,5456229.4777
Theft from Vehicle,2017,10,24,17,0,12XX W 15TH AVE,Fairview,490371.4951,5456138.2446
Theft from Vehicle,2017,10,25,0,4,12XX W 15TH AVE,Fairview,490371.4951,5456138.2446
Theft from Vehicle,2017,4,17,20,0,12XX W 15TH AVE,Fairview,490371.4951,5456138.2446
Theft from Vehicle,2017,8,19,4,0,12XX W 26TH AVE,Shaughnessy,490341.0012,5455055.3115
Theft from Vehicle,2017,7,20,22,0,12XX W 27TH AVE,Shaughnessy,490359.7164,5454959.4431
Theft from Vehicle,2017,4,9,19,0,12XX W 27TH AVE,Shaughnessy,490381.343,5454958.2427
Theft from Vehicle,2017,3,24,9,0,12XX W 32ND AVE,Shaughnessy,490181.0948,5454557.1113
Theft from Vehicle,2017,5,28,17,0,12XX W 33RD AVE,Shaughnessy,490220.3716,5454327.7676
Theft from Vehicle,2017,1,29,1,30,12XX W 33RD AVE,Shaughnessy,490287.9255,5454332.8891
Theft from Vehicle,2017,6,2,15,13,12XX W 33RD AVE,Shaughnessy,490297.0296,5454323.1846
Theft from Vehicle,2017,5,22,0,0,12XX W 40TH AVE,Shaughnessy,490249.9689,5453603.2207
Theft from Vehicle,2017,7,26,18,0,12XX W 45TH AVE,Oakridge,490329.9649,5453070.26
Theft from Vehicle,2017,6,1,19,0,12XX W 46TH AVE,Oakridge,490297.1921,5452968.495
Theft from Vehicle,2017,6,4,0,0,12XX W 50TH AVE,Oakridge,490265.0939,5452556.896
Theft from Vehicle,2017,1,14,2,0,12XX W 59TH AVE,Marpole,490310.7559,5451616.775
Theft from Vehicle,2017,5,13,11,0,12XX W 70TH AVE,Marpole,490215.7965,5450641.7266
Theft from Vehicle,2017,5,27,8,0,12XX W 70TH AVE,Marpole,490231.2895,5450650.4889
Theft from Vehicle,2017,10,25,17,0,12XX W 70TH AVE,Marpole,490238.9225,5450650.2995
Theft from Vehicle,2017,7,27,21,30,12XX W 71ST AVE,Marpole,490239.5449,5450477.3793
Theft from Vehicle,2017,7,17,12,0,12XX W 73RD AVE,Marpole,490276.1627,5450168.3771
Theft from Vehicle,2017,7,28,7,10,12XX W 73RD AVE,Marpole,490276.1627,5450168.3771
Theft from Vehicle,2017,12,10,11,0,12XX W 7TH AVE,Fairview,490420.4267,5456954.5342
Theft from Vehicle,2017,9,29,20,0,12XX W 8TH AVE,Fairview,490381.3033,5456853.3113
Theft from Vehicle,2017,3,31,18,0,12XX W 8TH AVE,Fairview,490388.1054,5456862.3343
Theft from Vehicle,2017,6,2,21,0,12XX W 8TH AVE,Fairview,490441.0403,5456852.2353
Theft from Vehicle,2017,2,9,21,30,12XX W BROADWAY AVE,Fairview,490292.5085,5456754.1746
Theft from Vehicle,2017,7,20,19,0,12XX W BROADWAY AVE,Fairview,490341.7582,5456752.9558
Theft from Vehicle,2017,8,1,12,56,12XX W BROADWAY AVE,Fairview,490341.7582,5456752.9558
Theft from Vehicle,2017,9,13,3,0,12XX W BROADWAY AVE,Fairview,490341.7582,5456752.9558
Theft from Vehicle,2017,4,25,20,0,12XX W BROADWAY AVE,Fairview,490364.9676,5456761.5283
Theft from Vehicle,2017,6,9,21,0,12XX W BROADWAY AVE,Fairview,490414.2173,5456760.3095
Theft from Vehicle,2017,7,23,12,0,12XX W CORDOVA ST,Central Business District,490999.681,5459695.0485
Theft from Vehicle,2017,1,9,15,30,12XX W CORDOVA ST,Central Business District,490999.681,5459695.0485
Theft from Vehicle,2017,6,13,7,0,12XX W CORDOVA ST,Central Business District,490999.681,5459695.0485
Theft from Vehicle,2017,5,16,10,0,12XX W CORDOVA ST,Central Business District,491018.8526,5459690.4582
Theft from Vehicle,2017,3,11,19,45,12XX W CORDOVA ST,Central Business District,491113.6115,5459615.3056
Theft from Vehicle,2017,8,9,0,0,12XX W CORDOVA ST,Central Business District,491117.0604,5459613.3644
Theft from Vehicle,2017,12,15,22,30,12XX W CORDOVA ST,Central Business District,491117.0604,5459613.3644
Theft from Vehicle,2017,2,24,10,0,12XX W GEORGIA ST,Central Business District,490799.7241,5459475.7194
Theft from Vehicle,2017,2,11,17,0,12XX W GEORGIA ST,Central Business District,490844.865,5459430.8445
Theft from Vehicle,2017,11,13,0,0,12XX W GEORGIA ST,Central Business District,490844.865,5459430.8445
Theft from Vehicle,2017,1,15,18,45,12XX W GEORGIA ST,West End,490879.2601,5459383.7585
Theft from Vehicle,2017,1,20,22,0,12XX W GEORGIA ST,West End,490879.2601,5459383.7585
Theft from Vehicle,2017,10,24,17,30,12XX W GEORGIA ST,West End,490879.2601,5459383.7585
Theft from Vehicle,2017,1,20,10,15,12XX W HASTINGS ST,Central Business District,491061.5289,5459578.1999
Theft from Vehicle,2017,8,20,3,20,12XX W KING EDWARD AVE,Shaughnessy,490328.7368,5455161.433
Theft from Vehicle,2017,8,5,23,45,12XX W PENDER ST,Central Business District,491008.6687,5459523.8342
Theft from Vehicle,2017,10,15,21,0,12XX W PENDER ST,Central Business District,491020.8545,5459518.1395
Theft from Vehicle,2017,6,20,10,30,12XX W PENDER ST,Central Business District,491024.7259,5459526.4236
Theft from Vehicle,2017,5,15,12,0,12XX WAVERLEY AVE,Sunset,494137.9743,5452696.7171
Theft from Vehicle,2017,12,4,11,0,12XX WOODLAND DR,Grandview-Woodland,494655.7669,5457904.2188
Theft from Vehicle,2017,3,30,19,0,130O E 19TH AVE,Riley Park,492561.9506,5455661.636
Theft from Vehicle,2017,9,19,6,35,13XX ADANAC ST,Grandview-Woodland,494388.1583,5458321.7562
Theft from Vehicle,2017,9,24,12,6,13XX ADANAC ST,Grandview-Woodland,494388.1583,5458321.7562
Theft from Vehicle,2017,12,29,12,15,13XX ADANAC ST,Grandview-Woodland,494388.1583,5458321.7562
Theft from Vehicle,2017,10,6,18,0,13XX ADANAC ST,Grandview-Woodland,494424.7409,5458330.3387
Theft from Vehicle,2017,2,10,0,0,13XX ADANAC ST,Grandview-Woodland,494458.8985,5458320.6683
Theft from Vehicle,2017,4,16,19,45,13XX ADANAC ST,Grandview-Woodland,494467.6137,5458329.6793
Theft from Vehicle,2017,5,13,20,0,13XX ALBERNI ST,West End,490687.3704,5459484.5465
Theft from Vehicle,2017,5,3,9,33,13XX ALBERNI ST,West End,490724.2171,5459449.4054
Theft from Vehicle,2017,10,6,22,30,13XX ALBERNI ST,West End,490724.2171,5459449.4054
Theft from Vehicle,2017,1,23,20,0,13XX ARBUTUS ST,Kitsilano,488900.5851,5457975.5879
Theft from Vehicle,2017,6,1,17,0,13XX ARBUTUS ST,Kitsilano,488900.5851,5457975.5879
Theft from Vehicle,2017,6,19,23,0,13XX ARBUTUS ST,Kitsilano,488900.5851,5457975.5879
Theft from Vehicle,2017,8,28,19,30,13XX ARBUTUS ST,Kitsilano,488900.5851,5457975.5879
Theft from Vehicle,2017,8,15,4,0,13XX ARBUTUS ST,Kitsilano,488908.5068,5457931.3578
Theft from Vehicle,2017,6,15,20,0,13XX BARCLAY ST,West End,490452.1419,5459267.9202
Theft from Vehicle,2017,10,7,17,0,13XX BARCLAY ST,West End,490493.695,5459214.6979
Theft from Vehicle,2017,5,28,20,0,13XX BEACH AVE,West End,489931.2291,5458648.7471
Theft from Vehicle,2017,8,25,16,0,13XX BOUNDARY RD,Hastings-Sunrise,498274.1854,5457714.654
Theft from Vehicle,2017,10,1,0,0,13XX BOUNDARY RD,Hastings-Sunrise,498274.4741,5457794.4547
Theft from Vehicle,2017,6,23,20,0,13XX BROUGHTON ST,West End,489932.2252,5458835.7419
Theft from Vehicle,2017,5,20,16,0,13XX BROUGHTON ST,West End,489967.7394,5458888.3867
Theft from Vehicle,2017,5,20,20,0,13XX BROUGHTON ST,West End,489967.7394,5458888.3867
Theft from Vehicle,2017,6,25,5,15,13XX BURNABY ST,West End,490044.1838,5458881.9508
Theft from Vehicle,2017,9,8,18,0,13XX BURNABY ST,West End,490063.4386,5458863.366
Theft from Vehicle,2017,10,7,10,0,13XX BURNABY ST,West End,490063.4386,5458863.366
Theft from Vehicle,2017,10,19,22,0,13XX BURNABY ST,West End,490063.4386,5458863.366
Theft from Vehicle,2017,11,10,0,0,13XX BURNABY ST,West End,490063.4386,5458863.366
Theft from Vehicle,2017,11,17,16,0,13XX BURNABY ST,West End,490063.4386,5458863.366
Theft from Vehicle,2017,5,12,3,45,13XX BURNABY ST,West End,490092.3208,5458835.4889
Theft from Vehicle,2017,7,12,9,17,13XX BURNABY ST,West End,490092.3208,5458835.4889
Theft from Vehicle,2017,8,28,8,6,13XX BURNABY ST,West End,490092.3208,5458835.4889
Theft from Vehicle,2017,4,6,22,0,13XX BURNABY ST,West End,490101.9482,5458826.1965
Theft from Vehicle,2017,8,12,18,0,13XX BURNABY ST,West End,490101.9482,5458826.1965
Theft from Vehicle,2017,9,5,20,0,13XX BURNABY ST,West End,490101.9482,5458826.1965
Theft from Vehicle,2017,11,9,1,41,13XX BURNABY ST,West End,490101.9482,5458826.1965
Theft from Vehicle,2017,8,6,13,0,13XX BURRARD ST,Central Business District,490465.2887,5458344.3634
Theft from Vehicle,2017,8,31,18,0,13XX BURRARD ST,Central Business District,490465.2887,5458344.3634
Theft from Vehicle,2017,9,3,3,30,13XX BURRARD ST,Central Business District,490465.2887,5458344.3634
Theft from Vehicle,2017,10,6,22,30,13XX BURRARD ST,Central Business District,490489.3235,5458368.3508
Theft from Vehicle,2017,11,6,23,30,13XX BURRARD ST,Central Business District,490489.3235,5458368.3508
Theft from Vehicle,2017,4,18,5,16,13XX BUTE ST,West End,490161.8499,5458657.1232
Theft from Vehicle,2017,3,22,21,0,13XX BUTE ST,West End,490223.0721,5458706.347
Theft from Vehicle,2017,6,14,23,0,13XX BUTE ST,West End,490223.0721,5458706.347
Theft from Vehicle,2017,9,4,18,45,13XX BUTE ST,West End,490223.0721,5458706.347
Theft from Vehicle,2017,4,28,23,0,13XX CARDERO ST,West End,489751.2329,5458995.7419
Theft from Vehicle,2017,8,13,23,30,13XX CARDERO ST,West End,489751.2329,5458995.7419
Theft from Vehicle,2017,4,18,7,45,13XX CARTWRIGHT ST,Fairview,490271.568,5457451.4066
Theft from Vehicle,2017,5,17,19,0,13XX CARTWRIGHT ST,Fairview,490271.568,5457451.4066
Theft from Vehicle,2017,9,26,23,22,13XX CARTWRIGHT ST,Fairview,490294.4083,5457445.8615
Theft from Vehicle,2017,10,6,17,0,13XX CHESTNUT ST,Kitsilano,489353.6758,5457913.1642
Theft from Vehicle,2017,11,14,16,35,13XX COMMERCIAL DR,Grandview-Woodland,494942.9871,5457809.7631
Theft from Vehicle,2017,7,12,17,0,13XX COMOX ST,West End,490329.4844,5459063.1104
Theft from Vehicle,2017,9,25,16,37,13XX COMOX ST,West End,490329.4844,5459063.1104
Theft from Vehicle,2017,2,18,18,0,13XX CONTINENTAL ST,Central Business District,490657.2874,5458202.7539
Theft from Vehicle,2017,3,7,21,0,13XX CONTINENTAL ST,Central Business District,490657.2874,5458202.7539
Theft from Vehicle,2017,10,1,0,0,13XX COTTON DR,Grandview-Woodland,494793.2486,5457773.8285
Theft from Vehicle,2017,6,21,0,0,13XX COTTON DR,Grandview-Woodland,494802.6206,5457765.2543
Theft from Vehicle,2017,6,17,21,30,13XX DAVIE ST,West End,490113.9979,5458971.1986
Theft from Vehicle,2017,8,17,12,0,13XX DAVIE ST,West End,490113.9979,5458971.1986
Theft from Vehicle,2017,10,7,11,0,13XX DAVIE ST,West End,490113.9979,5458971.1986
Theft from Vehicle,2017,6,18,9,38,13XX DAVIE ST,West End,490114.8612,5458970.3382
Theft from Vehicle,2017,10,1,22,0,13XX DAVIE ST,West End,490145.5722,5458952.6357
Theft from Vehicle,2017,5,14,16,0,13XX DAVIE ST,West End,490162.3032,5458923.0468
Theft from Vehicle,2017,4,30,2,24,13XX DAVIE ST,West End,490181.6254,5458903.786
Theft from Vehicle,2017,7,27,8,0,13XX DAVIE ST,West End,490181.6254,5458903.786
Theft from Vehicle,2017,1,12,19,0,13XX E 13TH AVE,Kensington-Cedar Cottage,494426.7236,5456216.6522
Theft from Vehicle,2017,2,12,18,30,13XX E 14TH AVE,Kensington-Cedar Cottage,494405.4962,5456114.8359
Theft from Vehicle,2017,7,29,18,0,13XX E 14TH AVE,Kensington-Cedar Cottage,494405.4962,5456114.8359
Theft from Vehicle,2017,4,29,13,0,13XX E 15TH AVE,Mount Pleasant,494433.3849,5455982.9625
Theft from Vehicle,2017,2,4,21,0,13XX E 18TH AVE,Kensington-Cedar Cottage,494422.4726,5455745.9445
Theft from Vehicle,2017,7,6,0,0,13XX E 19TH AVE,Kensington-Cedar Cottage,494332.9133,5455637.7721
Theft from Vehicle,2017,4,30,19,0,13XX E 19TH AVE,Kensington-Cedar Cottage,494335.848,5455646.8428
Theft from Vehicle,2017,10,28,16,30,13XX E 1ST AVE,Grandview-Woodland,494446.8945,5457438.5984
Theft from Vehicle,2017,1,9,17,30,13XX E 23RD AVE,Kensington-Cedar Cottage,494322.7753,5455237.7989
Theft from Vehicle,2017,5,11,17,0,13XX E 27TH AVE,Kensington-Cedar Cottage,494310.5042,5454852.9274
Theft from Vehicle,2017,11,24,23,6,13XX E 27TH AVE,Kensington-Cedar Cottage,494310.5042,5454852.9274
Theft from Vehicle,2017,11,6,19,0,13XX E 28TH AVE,Kensington-Cedar Cottage,494386.6838,5454745.5921
Theft from Vehicle,2017,11,29,16,0,13XX E 36TH AVE,Kensington-Cedar Cottage,494342.9815,5453878.5983
Theft from Vehicle,2017,11,6,6,0,13XX E 3RD AVE,Grandview-Woodland,494372.0983,5457230.3641
Theft from Vehicle,2017,5,25,9,0,13XX E 3RD AVE,Grandview-Woodland,494399.945,5457230.161
Theft from Vehicle,2017,4,20,18,0,13XX E 45TH AVE,Sunset,494190.0016,5452924.9209
Theft from Vehicle,2017,2,6,19,30,13XX E 47TH AVE,Sunset,494179.7457,5452771.6184
Theft from Vehicle,2017,4,24,23,53,13XX E 47TH AVE,Sunset,494188.9134,5452777.5054
Theft from Vehicle,2017,9,1,0,0,13XX E 4TH AVE,Grandview-Woodland,494372.5933,5457127.5413
Theft from Vehicle,2017,6,1,6,33,13XX E 51ST AVE,Sunset,494167.5853,5452292.0795
Theft from Vehicle,2017,11,14,18,0,13XX E 55TH AVE,Sunset,494280.39,5451873.9604
Theft from Vehicle,2017,7,3,10,0,13XX E 57TH AVE,Sunset,494292.2337,5451703.9885
Theft from Vehicle,2017,5,31,20,16,13XX E 59TH AVE,Sunset,494323.1933,5451510.522
Theft from Vehicle,2017,4,20,22,30,13XX E 64TH AVE,Sunset,494231.832,5451028.0795
Theft from Vehicle,2017,10,14,18,0,13XX E 64TH AVE,Sunset,494260.0642,5451028.5565
Theft from Vehicle,2017,10,16,11,43,13XX E 64TH AVE,Sunset,494285.6277,5451019.8431
Theft from Vehicle,2017,1,13,0,0,13XX E 6TH AVE,Grandview-Woodland,494387.5364,5456928.4031
Theft from Vehicle,2017,3,16,18,0,13XX E 6TH AVE,Grandview-Woodland,494467.256,5456902.0381
Theft from Vehicle,2017,5,24,0,0,13XX E 7TH AVE,Grandview-Woodland,494431.7081,5456827.0517
Theft from Vehicle,2017,5,31,0,0,13XX E 8TH AVE,Grandview-Woodland,494401.9637,5456727.4443
Theft from Vehicle,2017,11,4,20,30,13XX E BROADWAY AVE,Kensington-Cedar Cottage,494366.7517,5456623.5998
Theft from Vehicle,2017,8,29,2,0,13XX E BROADWAY AVE,Grandview-Woodland,494409.22,5456632.1765
Theft from Vehicle,2017,3,16,9,0,13XX E GEORGIA ST,Grandview-Woodland,494417.5551,5458420.139
Theft from Vehicle,2017,10,8,21,3,13XX E HASTINGS ST,Grandview-Woodland,494398.9565,5458730.438
Theft from Vehicle,2017,9,22,12,0,13XX E HASTINGS ST,Grandview-Woodland,494409.2559,5458730.2482
Theft from Vehicle,2017,3,3,19,30,13XX E HASTINGS ST,Grandview-Woodland,494419.2444,5458739.2092
Theft from Vehicle,2017,5,16,9,26,13XX E PENDER ST,Grandview-Woodland,494394.4566,5458620.7865
Theft from Vehicle,2017,11,12,13,0,13XX FRANCES ST,Grandview-Woodland,494388.073,5458522.0066
Theft from Vehicle,2017,4,30,1,45,13XX FRANCES ST,Grandview-Woodland,494448.3416,5458520.7454
Theft from Vehicle,2017,10,7,8,0,13XX GRANT ST,Grandview-Woodland,494463.0608,5457634.7633
Theft from Vehicle,2017,12,23,17,30,13XX GRAVELEY ST,Grandview-Woodland,494464.283,5457539.9964
Theft from Vehicle,2017,12,16,20,34,13XX HARO ST,West End,490541.2037,5459331.6014
Theft from Vehicle,2017,9,25,9,21,13XX HARO ST,West End,490564.9472,5459295.493
Theft from Vehicle,2017,6,18,2,0,13XX HARWOOD ST,West End,489967.0785,5458817.7422
Theft from Vehicle,2017,12,8,21,0,13XX HARWOOD ST,West End,489997.3093,5458787.3884
Theft from Vehicle,2017,5,3,0,0,13XX HARWOOD ST,West End,489998.3881,5458773.3473
Theft from Vehicle,2017,5,28,15,0,13XX HARWOOD ST,West End,489998.3881,5458773.3473
Theft from Vehicle,2017,5,29,21,0,13XX HARWOOD ST,West End,489998.3881,5458773.3473
Theft from Vehicle,2017,12,1,19,0,13XX HARWOOD ST,West End,490026.7295,5458744.8907
Theft from Vehicle,2017,12,11,13,16,13XX HARWOOD ST,West End,490026.7295,5458744.8907
Theft from Vehicle,2017,4,25,6,11,13XX HARWOOD ST,West End,490027.5401,5458757.0347
Theft from Vehicle,2017,5,7,0,0,13XX HOMER ST,Central Business District,490884.6307,5457917.275
Theft from Vehicle,2017,7,11,1,0,13XX HOMER ST,Central Business District,490884.6307,5457917.275
Theft from Vehicle,2017,8,16,20,0,13XX HOMER ST,Central Business District,490884.6307,5457917.275
Theft from Vehicle,2017,8,13,10,30,13XX HOMER ST,Central Business District,490891.9138,5457924.9907
Theft from Vehicle,2017,8,15,0,0,13XX HOMER ST,Central Business District,490891.9138,5457924.9907
Theft from Vehicle,2017,8,16,15,45,13XX HOMER ST,Central Business District,490891.9138,5457924.9907
Theft from Vehicle,2017,8,17,21,28,13XX HOMER ST,Central Business District,490891.9138,5457924.9907
Theft from Vehicle,2017,1,11,9,10,13XX HOMER ST,Central Business District,490916.6939,5457937.9216
Theft from Vehicle,2017,1,22,7,44,13XX HOMER ST,Central Business District,490916.6939,5457937.9216
Theft from Vehicle,2017,12,29,10,47,13XX HOMER ST,Central Business District,490918.5919,5457939.9323
Theft from Vehicle,2017,9,19,8,20,13XX HORNBY ST,Central Business District,490529.4457,5458255.819
Theft from Vehicle,2017,3,31,2,49,13XX HORNBY ST,Central Business District,490564.1722,5458290.1094
Theft from Vehicle,2017,6,6,23,30,13XX HORNBY ST,Central Business District,490564.1722,5458290.1094
Theft from Vehicle,2017,2,3,17,0,13XX HOWE ST,Central Business District,490531.019,5458135.3664
Theft from Vehicle,2017,2,4,8,30,13XX HOWE ST,Central Business District,490531.019,5458135.3664
Theft from Vehicle,2017,2,15,1,0,13XX HOWE ST,Central Business District,490531.019,5458135.3664
Theft from Vehicle,2017,2,17,11,22,13XX HOWE ST,Central Business District,490531.019,5458135.3664
Theft from Vehicle,2017,3,13,22,0,13XX HOWE ST,Central Business District,490531.019,5458135.3664
Theft from Vehicle,2017,4,4,19,31,13XX HOWE ST,Central Business District,490531.019,5458135.3664
Theft from Vehicle,2017,9,8,20,0,13XX HOWE ST,Central Business District,490531.019,5458135.3664
Theft from Vehicle,2017,1,3,6,55,13XX HOWE ST,Central Business District,490531.4652,5458135.8101
Theft from Vehicle,2017,6,25,8,0,13XX HOWE ST,Central Business District,490620.0536,5458224.0241
Theft from Vehicle,2017,8,7,18,0,13XX HOWE ST,Central Business District,490633.9854,5458225.0452
Theft from Vehicle,2017,10,8,22,0,13XX HOWE ST,Central Business District,490633.9854,5458225.0452
Theft from Vehicle,2017,10,10,22,0,13XX HOWE ST,Central Business District,490633.9854,5458225.0452
Theft from Vehicle,2017,9,18,18,0,13XX JERVIS ST,West End,490041.9713,5458762.2657
Theft from Vehicle,2017,5,2,19,0,13XX JERVIS ST,West End,490041.9713,5458762.2657
Theft from Vehicle,2017,4,30,10,5,13XX JERVIS ST,West End,490061.8881,5458784.7599
Theft from Vehicle,2017,9,27,13,15,13XX JOHNSTON ST,Fairview,490267.9623,5457593.5986
Theft from Vehicle,2017,5,4,19,0,13XX JOHNSTON ST,Fairview,490329.4784,5457522.1946
Theft from Vehicle,2017,7,28,11,0,13XX JOHNSTON ST,Fairview,490352.3767,5457481.6062
Theft from Vehicle,2017,5,6,16,23,13XX KINGSWAY AVE,Kensington-Cedar Cottage,494389.0647,5455317.7806
Theft from Vehicle,2017,11,5,19,15,13XX LABURNUM ST,Kitsilano,488984.6575,5457899.9607
Theft from Vehicle,2017,1,28,20,0,13XX LABURNUM ST,Kitsilano,488995.9053,5457977.0926
Theft from Vehicle,2017,7,6,6,19,13XX LAKEWOOD DR,Grandview-Woodland,495506.1669,5457797.0636
Theft from Vehicle,2017,9,19,18,0,13XX LAKEWOOD DR,Grandview-Woodland,495506.1669,5457797.0636
Theft from Vehicle,2017,8,2,20,30,13XX LILLOOET ST,Hastings-Sunrise,497174.0038,5457831.4308
Theft from Vehicle,2017,5,16,13,51,13XX MCLEAN DR,Grandview-Woodland,494577.6402,5457740.9768
Theft from Vehicle,2017,11,19,10,30,13XX MCLEAN DR,Grandview-Woodland,494577.6402,5457740.9768
Theft from Vehicle,2017,11,11,0,1,13XX MCLEAN DR,Grandview-Woodland,494586.925,5457813.5591
Theft from Vehicle,2017,12,7,14,9,13XX MCLEAN DR,Grandview-Woodland,494586.925,5457813.5591
Theft from Vehicle,2017,12,2,18,0,13XX NAPIER ST,Grandview-Woodland,494378.8938,5458018.6597
Theft from Vehicle,2017,3,22,17,0,13XX NELSON ST,West End,490328.9741,5459218.9396
Theft from Vehicle,2017,3,22,22,0,13XX NELSON ST,West End,490328.9741,5459218.9396
Theft from Vehicle,2017,3,24,11,27,13XX NELSON ST,West End,490377.3461,5459171.2642
Theft from Vehicle,2017,9,13,21,30,13XX NELSON ST,West End,490377.9602,5459183.4978
Theft from Vehicle,2017,4,6,19,42,13XX NICOLA ST,West End,489847.1576,5458926.8379
Theft from Vehicle,2017,11,22,20,30,13XX NICOLA ST,West End,489847.1576,5458926.8379
Theft from Vehicle,2017,4,25,17,0,13XX NOOTKA ST,Hastings-Sunrise,496990.9123,5457832.0899
Theft from Vehicle,2017,6,14,15,0,13XX PACIFIC BLVD,Central Business District,491005.9986,5457850.7891
Theft from Vehicle,2017,9,1,17,30,13XX PENDRELL ST,West End,490212.3448,5459040.0615
Theft from Vehicle,2017,11,10,23,0,13XX PENDRELL ST,West End,490212.3448,5459040.0615
Theft from Vehicle,2017,12,20,19,0,13XX PENDRELL ST,West End,490212.3448,5459040.0615
Theft from Vehicle,2017,12,27,16,0,13XX PENDRELL ST,West End,490212.3448,5459040.0615
Theft from Vehicle,2017,7,8,20,0,13XX PENDRELL ST,West End,490213.4086,5459026.0355
Theft from Vehicle,2017,3,4,17,30,13XX PENDRELL ST,West End,490228.494,5459010.8889
Theft from Vehicle,2017,4,11,15,45,13XX PENDRELL ST,West End,490228.494,5459010.8889
Theft from Vehicle,2017,12,5,19,0,13XX PENDRELL ST,West End,490228.494,5459010.8889
Theft from Vehicle,2017,2,13,17,0,13XX PENDRELL ST,West End,490256.7791,5458982.4889
Theft from Vehicle,2017,9,18,20,30,13XX PENDRELL ST,West End,490256.7791,5458982.4889
Theft from Vehicle,2017,8,20,15,0,13XX RENFREW ST,Hastings-Sunrise,496791.9431,5457768.9064
Theft from Vehicle,2017,9,1,18,0,13XX RICHARDS ST,Central Business District,490818.5242,5457993.5133
Theft from Vehicle,2017,7,8,21,0,13XX ROBSON ST,West End,490646.3226,5459368.9371
Theft from Vehicle,2017,9,9,21,4,13XX ROBSON ST,West End,490646.3226,5459368.9371
Theft from Vehicle,2017,9,2,7,34,13XX ROLSTON ST,Central Business District,490745.6479,5458115.1518
Theft from Vehicle,2017,4,1,20,0,13XX SALSBURY DR,Grandview-Woodland,495085.48,5457808.3084
Theft from Vehicle,2017,11,12,0,1,13XX SALSBURY DR,Grandview-Woodland,495085.48,5457808.3084
Theft from Vehicle,2017,10,31,16,0,13XX SE MARINE DR,Sunset,494137.4344,5450915.9375
Theft from Vehicle,2017,10,5,12,0,13XX SHOREPINE WALK,Fairview,490265.9573,5457222.5894
Theft from Vehicle,2017,10,28,19,0,13XX STATION ST,Strathcona,492872.3265,5457742.0563
Theft from Vehicle,2017,7,17,7,0,13XX THE CRESCENT CRES,Shaughnessy,490160.1127,5455816.9467
Theft from Vehicle,2017,11,13,21,0,13XX THURLOW ST,West End,490331.6585,5458501.2985
Theft from Vehicle,2017,1,9,13,0,13XX THURLOW ST,West End,490331.6585,5458501.2985
Theft from Vehicle,2017,7,19,22,0,13XX THURLOW ST,West End,490383.6718,5458548.6698
Theft from Vehicle,2017,9,25,16,30,13XX THURLOW ST,West End,490383.6718,5458548.6698
Theft from Vehicle,2017,10,5,20,0,13XX THURLOW ST,West End,490383.6718,5458548.6698
Theft from Vehicle,2017,11,29,21,30,13XX THURLOW ST,West End,490383.6718,5458548.6698
Theft from Vehicle,2017,1,9,9,30,13XX VENABLES ST,Grandview-Woodland,494382.9811,5458220.8189
Theft from Vehicle,2017,12,30,5,15,13XX VERNON DR,Strathcona,494280.9911,5457819.942
Theft from Vehicle,2017,12,2,0,30,13XX W 10TH AVE,Fairview,490183.3575,5456658.7955
Theft from Vehicle,2017,8,14,21,0,13XX W 10TH AVE,Fairview,490263.1272,5456647.6944
Theft from Vehicle,2017,9,27,22,0,13XX W 11TH AVE,Fairview,490183.6303,5456545.7559
Theft from Vehicle,2017,4,13,2,0,13XX W 12TH AVE,Fairview,490190.8459,5456445.1157
Theft from Vehicle,2017,6,15,15,0,13XX W 12TH AVE,Fairview,490190.8459,5456445.1157
Theft from Vehicle,2017,4,23,20,0,13XX W 13TH AVE,Fairview,490161.2894,5456337.9175
Theft from Vehicle,2017,4,10,5,45,13XX W 14TH AVE,Fairview,490162.1182,5456245.4948
Theft from Vehicle,2017,5,17,4,20,13XX W 14TH AVE,Fairview,490168.4955,5456236.1813
Theft from Vehicle,2017,11,12,23,0,13XX W 14TH AVE,Fairview,490211.7366,5456244.2003
Theft from Vehicle,2017,6,16,16,30,13XX W 14TH AVE,Fairview,490251.1928,5456234.0238
Theft from Vehicle,2017,11,24,16,30,13XX W 14TH AVE,Fairview,490251.1928,5456234.0238
Theft from Vehicle,2017,12,1,16,38,13XX W 14TH AVE,Fairview,490251.1928,5456234.0238
Theft from Vehicle,2017,10,16,12,0,13XX W 15TH AVE,Fairview,490177.3236,5456141.3095
Theft from Vehicle,2017,10,18,16,0,13XX W 15TH AVE,Fairview,490177.3236,5456141.3095
Theft from Vehicle,2017,11,1,14,0,13XX W 15TH AVE,Fairview,490177.3236,5456141.3095
Theft from Vehicle,2017,6,30,1,30,13XX W 26TH AVE,Shaughnessy,490087.2317,5455061.7668
Theft from Vehicle,2017,7,2,5,47,13XX W 26TH AVE,Shaughnessy,490087.2317,5455061.7668
Theft from Vehicle,2017,8,15,0,0,13XX W 26TH AVE,Shaughnessy,490151.2483,5455060.1676
Theft from Vehicle,2017,8,19,17,30,13XX W 26TH AVE,Shaughnessy,490208.8632,5455058.7283
Theft from Vehicle,2017,6,21,9,30,13XX W 41ST AVE,Shaughnessy,490124.6144,5453505.0094
Theft from Vehicle,2017,9,8,1,0,13XX W 41ST AVE,Shaughnessy,490124.6144,5453505.0094
Theft from Vehicle,2017,9,12,16,0,13XX W 46TH AVE,Oakridge,490165.7513,5452975.327
Theft from Vehicle,2017,5,27,18,30,13XX W 49TH AVE,Oakridge,490105.5993,5452675.5673
Theft from Vehicle,2017,9,21,22,30,13XX W 4TH AVE,Fairview,490161.1892,5457123.3452
Theft from Vehicle,2017,11,26,23,0,13XX W 4TH AVE,Fairview,490174.9423,5457110.3964
Theft from Vehicle,2017,11,28,19,0,13XX W 4TH AVE,Fairview,490174.9423,5457110.3964
Theft from Vehicle,2017,9,12,22,30,13XX W 54TH AVE,Oakridge,490144.9271,5452099.1088
Theft from Vehicle,2017,12,18,6,22,13XX W 59TH AVE,Marpole,490233.1547,5451611.0565
Theft from Vehicle,2017,2,11,19,0,13XX W 64TH AVE,Marpole,490178.9685,5451155.0575
Theft from Vehicle,2017,4,16,1,0,13XX W 67TH AVE,Marpole,490194.6794,5450894.1994
Theft from Vehicle,2017,10,27,16,0,13XX W 70TH AVE,Marpole,490045.114,5450646.7831
Theft from Vehicle,2017,7,17,21,0,13XX W 71ST AVE,Marpole,490015.7005,5450482.7191
Theft from Vehicle,2017,2,28,16,30,13XX W 7TH AVE,Fairview,490129.5934,5456961.6633
Theft from Vehicle,2017,4,2,18,0,13XX W 7TH AVE,Fairview,490163.1748,5456960.8762
Theft from Vehicle,2017,6,30,0,0,13XX W 7TH AVE,Fairview,490189.8256,5456951.105
Theft from Vehicle,2017,6,30,17,0,13XX W 7TH AVE,Fairview,490206.6163,5456950.7115
Theft from Vehicle,2017,6,30,12,0,13XX W 7TH AVE,Fairview,490230.1233,5456950.1606
Theft from Vehicle,2017,2,19,11,0,13XX W 8TH AVE,Fairview,490184.8609,5456866.8234
Theft from Vehicle,2017,6,8,23,0,13XX W 8TH AVE,Fairview,490184.8609,5456866.8234
Theft from Vehicle,2017,6,8,21,30,13XX W 8TH AVE,Fairview,490191.5301,5456866.6409
Theft from Vehicle,2017,6,8,16,0,13XX W 8TH AVE,Fairview,490221.5414,5456865.8196
Theft from Vehicle,2017,3,3,16,30,13XX W 8TH AVE,Fairview,490267.9756,5456855.4015
Theft from Vehicle,2017,10,7,23,8,13XX W BROADWAY AVE,Fairview,490103.7917,5456759.3636
Theft from Vehicle,2017,10,3,7,15,13XX W BROADWAY AVE,Fairview,490120.3205,5456758.9033
Theft from Vehicle,2017,1,18,11,45,13XX W BROADWAY AVE,Fairview,490213.1361,5456765.4658
Theft from Vehicle,2017,5,8,17,41,13XX W GEORGIA ST,Central Business District,490743.9602,5459530.9152
Theft from Vehicle,2017,8,9,18,0,13XX W GEORGIA ST,Central Business District,490743.9602,5459530.9152
Theft from Vehicle,2017,8,11,0,0,13XX W GEORGIA ST,Central Business District,490743.9602,5459530.9152
Theft from Vehicle,2017,11,27,18,30,13XX W GEORGIA ST,Central Business District,490743.9602,5459530.9152
Theft from Vehicle,2017,4,5,17,53,13XX W GEORGIA ST,Central Business District,490745.8416,5459529.0585
Theft from Vehicle,2017,5,18,0,0,13XX W GEORGIA ST,Central Business District,490745.8416,5459529.0585
Theft from Vehicle,2017,10,9,19,30,13XX W HASTINGS ST,Central Business District,490911.9668,5459637.6131
Theft from Vehicle,2017,3,22,19,0,13XX WALNUT ST,Kitsilano,489173.3238,5457972.1944
Theft from Vehicle,2017,7,1,12,0,14XX ALBERNI ST,West End,490587.626,5459581.6652
Theft from Vehicle,2017,11,8,22,0,14XX ALBERNI ST,West End,490623.521,5459545.5748
Theft from Vehicle,2017,9,8,14,0,14XX ANDERSON ST,Fairview,490173.2281,5457687.2668
Theft from Vehicle,2017,7,20,19,0,14XX ANDERSON ST,Fairview,490173.4443,5457688.6179
Theft from Vehicle,2017,7,22,12,30,14XX ANDERSON ST,Fairview,490173.4443,5457688.6179
Theft from Vehicle,2017,9,17,7,10,14XX ANDERSON ST,Fairview,490173.4443,5457688.6179
Theft from Vehicle,2017,6,6,20,30,14XX ANGUS DR,Shaughnessy,489987.9236,5455803.2266
Theft from Vehicle,2017,7,18,0,0,14XX ARBUTUS ST,Kitsilano,488904.6188,5457791.0517
Theft from Vehicle,2017,10,4,21,0,14XX ARBUTUS ST,Kitsilano,488906.94,5457874.8167
Theft from Vehicle,2017,10,7,1,31,14XX BARCLAY ST,West End,490387.9271,5459317.8876
Theft from Vehicle,2017,4,1,14,0,14XX BEACH AVE,West End,489847.0809,5458766.8996
Theft from Vehicle,2017,6,19,22,0,14XX BEACH AVE,West End,489847.0809,5458766.8996
Theft from Vehicle,2017,8,14,22,0,14XX BEACH AVE,West End,489847.0809,5458766.8996
Theft from Vehicle,2017,3,14,16,0,14XX BURNABY ST,West End,489961.2773,5458963.2842
Theft from Vehicle,2017,1,8,22,0,14XX BURNABY ST,West End,489974.3058,5458950.3142
Theft from Vehicle,2017,11,30,21,0,14XX BURNABY ST,West End,489974.3058,5458950.3142
Theft from Vehicle,2017,12,12,18,0,14XX BURNABY ST,West End,489974.3058,5458950.3142
Theft from Vehicle,2017,11,28,23,49,14XX BURNABY ST,West End,490001.9914,5458922.753
Theft from Vehicle,2017,3,27,12,51,14XX BURRARD ST,Central Business District,490309.1668,5458181.3853
Theft from Vehicle,2017,8,18,9,55,14XX BURRARD ST,Central Business District,490329.2658,5458223.0653
Theft from Vehicle,2017,10,10,16,5,14XX BURRARD ST,Central Business District,490337.7016,5458209.9872
Theft from Vehicle,2017,7,26,15,30,14XX CARTWRIGHT ST,Fairview,490145.4683,5457517.8402
Theft from Vehicle,2017,11,21,18,30,14XX CHARLES ST,Grandview-Woodland,494529.5522,5457821.4181
Theft from Vehicle,2017,3,3,16,0,14XX CHESTNUT ST,Kitsilano,489359.9171,5457819.9543
Theft from Vehicle,2017,3,29,22,0,14XX CHESTNUT ST,Kitsilano,489359.9171,5457819.9543
Theft from Vehicle,2017,7,11,20,30,14XX CHESTNUT ST,Kitsilano,489359.9171,5457819.9543
Theft from Vehicle,2017,8,14,19,0,14XX CHESTNUT ST,Kitsilano,489359.9171,5457819.9543
Theft from Vehicle,2017,9,25,17,30,14XX CHESTNUT ST,Kitsilano,489359.9171,5457819.9543
Theft from Vehicle,2017,7,6,9,3,14XX CLARK DR,Strathcona,494370.0728,5457696.213
Theft from Vehicle,2017,3,7,17,0,14XX CLARK DR,Grandview-Woodland,494378.7928,5457654.854
Theft from Vehicle,2017,6,9,22,0,14XX COMMERCIAL DR,Grandview-Woodland,494931.7662,5457700.5039
Theft from Vehicle,2017,9,14,20,0,14XX COMMERCIAL DR,Grandview-Woodland,494941.0428,5457708.5221
Theft from Vehicle,2017,11,29,0,0,14XX COMOX ST,West End,490214.9194,5459176.5307
Theft from Vehicle,2017,10,27,22,0,14XX COTTON DR,Grandview-Woodland,494801.447,5457709.7948
Theft from Vehicle,2017,4,27,11,40,14XX CREEKSIDE DR,Fairview,489755.7268,5457809.1998
Theft from Vehicle,2017,5,4,0,0,14XX CREEKSIDE DR,Fairview,489755.7268,5457809.1998
Theft from Vehicle,2017,4,27,15,45,14XX CREEKSIDE DR,Fairview,489755.7268,5457809.1998
Theft from Vehicle,2017,6,15,21,30,14XX CREEKSIDE DR,Fairview,489755.7268,5457809.1998
Theft from Vehicle,2017,1,13,9,0,14XX DOGWOOD AVE,Oakridge,489818.1163,5452317.2048
Theft from Vehicle,2017,6,4,21,0,14XX DOGWOOD AVE,Oakridge,489818.1163,5452317.2048
Theft from Vehicle,2017,4,7,20,0,14XX DOGWOOD AVE,Oakridge,489838.3268,5452307.4834
Theft from Vehicle,2017,9,19,1,5,14XX DOGWOOD AVE,Oakridge,489874.2159,5452315.6121
Theft from Vehicle,2017,11,6,22,0,14XX E 10TH AVE,Kensington-Cedar Cottage,494502.8817,5456513.6135
Theft from Vehicle,2017,3,20,18,0,14XX E 15TH AVE,Kensington-Cedar Cottage,494497.353,5455987.4882
Theft from Vehicle,2017,5,1,19,0,14XX E 17TH AVE,Kensington-Cedar Cottage,494491.1041,5455846.1577
Theft from Vehicle,2017,12,7,6,57,14XX E 1ST AVE,Grandview-Woodland,494517.4107,5457428.5717
Theft from Vehicle,2017,5,21,20,0,14XX E 20TH AVE,Kensington-Cedar Cottage,494546.561,5455542.1606
Theft from Vehicle,2017,4,2,17,0,14XX E 20TH AVE,Kensington-Cedar Cottage,494599.2085,5455540.7666
Theft from Vehicle,2017,3,16,17,30,14XX E 20TH AVE,Kensington-Cedar Cottage,494648.0953,5455539.4721
Theft from Vehicle,2017,6,2,15,30,14XX E 21ST AVE,Kensington-Cedar Cottage,494470.7823,5455434.6021
Theft from Vehicle,2017,8,11,13,0,14XX E 21ST AVE,Kensington-Cedar Cottage,494474.369,5455434.5232
Theft from Vehicle,2017,9,14,19,0,14XX E 29TH AVE,Kensington-Cedar Cottage,494470.4282,5454648.5816
Theft from Vehicle,2017,2,11,13,0,14XX E 2ND AVE,Grandview-Woodland,494542.7171,5457337.8258
Theft from Vehicle,2017,4,13,19,0,14XX E 3RD AVE,Grandview-Woodland,494514.4424,5457229.2955
Theft from Vehicle,2017,10,12,12,0,14XX E 3RD AVE,Grandview-Woodland,494586.8566,5457237.4005
Theft from Vehicle,2017,9,6,12,51,14XX E 41ST AVE,Victoria-Fraserview,494445.7388,5453315.2681
Theft from Vehicle,2017,6,29,23,0,14XX E 47TH AVE,Victoria-Fraserview,494556.2678,5452706.7656
Theft from Vehicle,2017,12,10,1,0,14XX E 4TH AVE,Grandview-Woodland,494512.7584,5457124.8536
Theft from Vehicle,2017,3,20,6,35,14XX E 54TH AVE,Victoria-Fraserview,494422.8813,5451966.2016
Theft from Vehicle,2017,12,14,1,0,14XX E 54TH AVE,Victoria-Fraserview,494501.1042,5451955.702
Theft from Vehicle,2017,12,1,21,0,14XX E 54TH AVE,Victoria-Fraserview,494520.1798,5451964.5121
Theft from Vehicle,2017,1,14,17,0,14XX E 57TH AVE,Victoria-Fraserview,494394.9161,5451703.2603
Theft from Vehicle,2017,3,26,21,30,14XX E 58TH AVE,Victoria-Fraserview,494426.6787,5451605.8741
Theft from Vehicle,2017,8,9,0,0,14XX E 61ST AVE,Victoria-Fraserview,494449.6511,5451321.7945
Theft from Vehicle,2017,10,19,23,0,14XX E 63RD AVE,Victoria-Fraserview,494385.3237,5451119.4479
Theft from Vehicle,2017,11,20,23,0,14XX E 7TH AVE,Grandview-Woodland,494506.8046,5456825.5281
Theft from Vehicle,2017,9,10,0,30,14XX E HASTINGS ST,Grandview-Woodland,494501.9506,5458728.5402
Theft from Vehicle,2017,5,3,23,0,14XX E HASTINGS ST,Grandview-Woodland,494501.9506,5458728.5402
Theft from Vehicle,2017,3,13,19,25,14XX E HASTINGS ST,Grandview-Woodland,494563.7471,5458727.4016
Theft from Vehicle,2017,8,13,11,30,14XX E HASTINGS ST,Grandview-Woodland,494563.7471,5458727.4016
Theft from Vehicle,2017,3,22,14,30,14XX E HASTINGS ST,Grandview-Woodland,494592.7539,5458736.0127
Theft from Vehicle,2017,4,27,0,30,14XX E HASTINGS ST,Grandview-Woodland,494592.7539,5458736.0127
Theft from Vehicle,2017,5,6,23,30,14XX E HASTINGS ST,Grandview-Woodland,494592.7539,5458736.0127
Theft from Vehicle,2017,9,18,22,0,14XX E HASTINGS ST,Grandview-Woodland,494592.7539,5458736.0127
Theft from Vehicle,2017,6,2,17,0,14XX E KING EDWARD AVE,Kensington-Cedar Cottage,494471.7815,5455080.4523
Theft from Vehicle,2017,9,10,4,40,14XX E KING EDWARD AVE,Kensington-Cedar Cottage,494471.7815,5455080.4523
Theft from Vehicle,2017,3,15,23,0,14XX E KING EDWARD AVE,Kensington-Cedar Cottage,494474.8013,5455089.566
Theft from Vehicle,2017,7,11,9,42,14XX E PENDER ST,Grandview-Woodland,494499.4921,5458618.9449
Theft from Vehicle,2017,3,18,14,0,14XX E PENDER ST,Grandview-Woodland,494499.4921,5458618.9449
Theft from Vehicle,2017,5,3,22,30,14XX E PENDER ST,Grandview-Woodland,494499.4921,5458618.9449
Theft from Vehicle,2017,9,3,22,30,14XX E PENDER ST,Grandview-Woodland,494547.9688,5458627.2403
Theft from Vehicle,2017,9,22,18,0,14XX E PENDER ST,Grandview-Woodland,494558.312,5458617.9135
Theft from Vehicle,2017,7,15,17,0,14XX FOUNTAIN WAY,Fairview,490068.8057,5457326.7615
Theft from Vehicle,2017,3,4,12,3,14XX FRANCES ST,Grandview-Woodland,494579.5709,5458527.1449
Theft from Vehicle,2017,8,27,21,0,14XX GRANT ST,Grandview-Woodland,494518.1789,5457633.6947
Theft from Vehicle,2017,11,6,6,33,14XX GRANVILLE ST,Central Business District,490581.8338,5458028.1159
Theft from Vehicle,2017,1,8,0,0,14XX GRAVELEY ST,Grandview-Woodland,494567.6397,5457529.3193
Theft from Vehicle,2017,12,8,0,0,14XX GRAVELEY ST,Grandview-Woodland,494567.6397,5457529.3193
Theft from Vehicle,2017,12,8,23,0,14XX GRAVELEY ST,Grandview-Woodland,494567.6397,5457529.3193
Theft from Vehicle,2017,12,25,23,30,14XX GRAVELEY ST,Grandview-Woodland,494568.3888,5457529.3081
Theft from Vehicle,2017,3,14,17,30,14XX HARO ST,West End,490412.6393,5459457.3897
Theft from Vehicle,2017,4,9,20,0,14XX HARO ST,West End,490412.6393,5459457.3897
Theft from Vehicle,2017,4,5,6,26,14XX HARO ST,West End,490467.1105,5459391.4779
Theft from Vehicle,2017,9,16,15,2,14XX HARO ST,West End,490467.1105,5459391.4779
Theft from Vehicle,2017,12,9,16,0,14XX HARWOOD ST,West End,489881.6969,5458901.4873
Theft from Vehicle,2017,12,9,18,0,14XX HARWOOD ST,West End,489881.6969,5458901.4873
Theft from Vehicle,2017,12,10,0,1,14XX HARWOOD ST,West End,489881.6969,5458901.4873
Theft from Vehicle,2017,11,15,23,0,14XX HARWOOD ST,West End,489904.3811,5458879.0137
Theft from Vehicle,2017,3,5,11,41,14XX HARWOOD ST,West End,489910.908,5458859.6757
Theft from Vehicle,2017,7,19,18,0,14XX HARWOOD ST,West End,489926.9028,5458848.2013
Theft from Vehicle,2017,9,5,21,0,14XX HARWOOD ST,West End,489926.9028,5458848.2013
Theft from Vehicle,2017,8,25,19,0,14XX HOMER ST,Central Business District,490846.5412,5457810.8393
Theft from Vehicle,2017,3,29,0,30,14XX HORNBY ST,Central Business District,490391.3158,5458130.8131
Theft from Vehicle,2017,8,11,12,0,14XX HORNBY ST,Central Business District,490444.1425,5458171.4983
Theft from Vehicle,2017,11,10,6,45,14XX HORNBY ST,Central Business District,490444.1425,5458171.4983
Theft from Vehicle,2017,6,12,9,0,14XX HOWE ST,Central Business District,490452.6511,5458056.5607
Theft from Vehicle,2017,6,12,20,0,14XX HOWE ST,Central Business District,490452.6511,5458056.5607
Theft from Vehicle,2017,11,4,22,0,14XX KAMLOOPS ST,Hastings-Sunrise,496026.5296,5457665.4465
Theft from Vehicle,2017,7,7,0,1,14XX KINGSWAY AVE,Kensington-Cedar Cottage,494575.4108,5455195.6658
Theft from Vehicle,2017,7,25,22,40,14XX KINGSWAY AVE,Kensington-Cedar Cottage,494615.152,5455169.2764
Theft from Vehicle,2017,3,31,17,30,14XX LABURNUM ST,Kitsilano,488993.0008,5457870.4326
Theft from Vehicle,2017,11,4,16,0,14XX LAKEWOOD DR,Grandview-Woodland,495505.4351,5457700.3544
Theft from Vehicle,2017,7,15,22,30,14XX LAMEYS MILL RD,Fairview,490140.3256,5457206.5089
Theft from Vehicle,2017,6,21,17,0,14XX MAPLE ST,Kitsilano,489071.4266,5457870.4969
Theft from Vehicle,2017,1,26,22,0,14XX MAPLE ST,Kitsilano,489079.5285,5457838.8605
Theft from Vehicle,2017,6,24,12,30,14XX MARPOLE AVE,Shaughnessy,490078.3446,5456133.6713
Theft from Vehicle,2017,12,13,16,30,14XX MCRAE AVE,Shaughnessy,490041.2881,5456040.2775
Theft from Vehicle,2017,8,11,15,0,14XX NANTON AVE,Shaughnessy,490001.0816,5454970.1845
Theft from Vehicle,2017,7,30,5,30,14XX NANTON AVE,Shaughnessy,490011.2968,5454969.8518
Theft from Vehicle,2017,7,20,16,30,14XX ODLUM DR,Grandview-Woodland,494479.5132,5457710.4723
Theft from Vehicle,2017,8,6,16,0,14XX PENDRELL ST,West End,490116.0866,5459123.8241
Theft from Vehicle,2017,5,7,21,0,14XX PENDRELL ST,West End,490130.5077,5459122.2898
Theft from Vehicle,2017,5,8,7,33,14XX PENDRELL ST,West End,490130.5077,5459122.2898
Theft from Vehicle,2017,9,2,8,0,14XX PENDRELL ST,West End,490130.5077,5459122.2898
Theft from Vehicle,2017,12,11,8,34,14XX PENDRELL ST,West End,490158.9472,5459080.7219
Theft from Vehicle,2017,1,9,8,30,14XX QUEBEC ST,Mount Pleasant,492586.2532,5457734.6766
Theft from Vehicle,2017,1,14,14,0,14XX QUEBEC ST,Mount Pleasant,492586.2532,5457734.6766
Theft from Vehicle,2017,1,15,14,0,14XX QUEBEC ST,Mount Pleasant,492586.2532,5457734.6766
Theft from Vehicle,2017,1,13,13,30,14XX QUEBEC ST,Central Business District,492586.5863,5457740.9297
Theft from Vehicle,2017,1,29,15,15,14XX QUEBEC ST,Central Business District,492586.5863,5457740.9297
Theft from Vehicle,2017,2,2,10,0,14XX QUEBEC ST,Central Business District,492586.5863,5457740.9297
Theft from Vehicle,2017,2,4,15,0,14XX QUEBEC ST,Central Business District,492586.5863,5457740.9297
Theft from Vehicle,2017,2,5,12,30,14XX QUEBEC ST,Central Business District,492586.5863,5457740.9297
Theft from Vehicle,2017,2,5,12,45,14XX QUEBEC ST,Central Business District,492586.5863,5457740.9297
Theft from Vehicle,2017,2,16,14,47,14XX QUEBEC ST,Central Business District,492586.5863,5457740.9297
Theft from Vehicle,2017,2,18,10,45,14XX QUEBEC ST,Central Business District,492586.5863,5457740.9297
Theft from Vehicle,2017,3,8,13,45,14XX QUEBEC ST,Central Business District,492586.5863,5457740.9297
Theft from Vehicle,2017,3,18,15,30,14XX QUEBEC ST,Central Business District,492586.5863,5457740.9297
Theft from Vehicle,2017,3,27,15,6,14XX QUEBEC ST,Central Business District,492586.5863,5457740.9297
Theft from Vehicle,2017,4,14,17,37,14XX QUEBEC ST,Central Business District,492586.5863,5457740.9297
Theft from Vehicle,2017,4,16,10,30,14XX QUEBEC ST,Central Business District,492586.5863,5457740.9297
Theft from Vehicle,2017,4,21,9,45,14XX QUEBEC ST,Central Business District,492586.5863,5457740.9297
Theft from Vehicle,2017,4,23,10,0,14XX QUEBEC ST,Central Business District,492586.5863,5457740.9297
Theft from Vehicle,2017,4,23,13,0,14XX QUEBEC ST,Central Business District,492586.5863,5457740.9297
Theft from Vehicle,2017,4,25,0,0,14XX QUEBEC ST,Central Business District,492586.5863,5457740.9297
Theft from Vehicle,2017,5,3,12,30,14XX QUEBEC ST,Central Business District,492586.5863,5457740.9297
Theft from Vehicle,2017,5,12,14,25,14XX QUEBEC ST,Central Business District,492586.5863,5457740.9297
Theft from Vehicle,2017,5,13,12,53,14XX QUEBEC ST,Central Business District,492586.5863,5457740.9297
Theft from Vehicle,2017,6,5,11,0,14XX QUEBEC ST,Central Business District,492586.5863,5457740.9297
Theft from Vehicle,2017,6,8,10,30,14XX QUEBEC ST,Central Business District,492586.5863,5457740.9297
Theft from Vehicle,2017,6,26,12,0,14XX QUEBEC ST,Central Business District,492586.5863,5457740.9297
Theft from Vehicle,2017,7,17,14,36,14XX QUEBEC ST,Central Business District,492586.5863,5457740.9297
Theft from Vehicle,2017,8,16,16,30,14XX QUEBEC ST,Central Business District,492586.5863,5457740.9297
Theft from Vehicle,2017,8,20,13,0,14XX QUEBEC ST,Central Business District,492586.5863,5457740.9297
Theft from Vehicle,2017,8,20,15,0,14XX QUEBEC ST,Central Business District,492586.5863,5457740.9297
Theft from Vehicle,2017,8,30,10,15,14XX QUEBEC ST,Central Business District,492586.5863,5457740.9297
Theft from Vehicle,2017,9,1,15,7,14XX QUEBEC ST,Central Business District,492586.5863,5457740.9297
Theft from Vehicle,2017,9,26,10,0,14XX QUEBEC ST,Central Business District,492586.5863,5457740.9297
Theft from Vehicle,2017,9,27,7,0,14XX QUEBEC ST,Central Business District,492586.5863,5457740.9297
Theft from Vehicle,2017,9,29,11,30,14XX QUEBEC ST,Central Business District,492586.5863,5457740.9297
Theft from Vehicle,2017,10,12,12,0,14XX QUEBEC ST,Central Business District,492586.5863,5457740.9297
Theft from Vehicle,2017,10,17,14,0,14XX QUEBEC ST,Central Business District,492586.5863,5457740.9297
Theft from Vehicle,2017,10,18,11,0,14XX QUEBEC ST,Central Business District,492586.5863,5457740.9297
Theft from Vehicle,2017,10,27,19,0,14XX QUEBEC ST,Central Business District,492586.5863,5457740.9297
Theft from Vehicle,2017,11,4,10,15,14XX QUEBEC ST,Central Business District,492586.5863,5457740.9297
Theft from Vehicle,2017,11,5,11,4,14XX QUEBEC ST,Central Business District,492586.5863,5457740.9297
Theft from Vehicle,2017,11,15,10,30,14XX QUEBEC ST,Central Business District,492586.5863,5457740.9297
Theft from Vehicle,2017,11,30,13,53,14XX QUEBEC ST,Central Business District,492586.5863,5457740.9297
Theft from Vehicle,2017,12,3,13,0,14XX QUEBEC ST,Central Business District,492586.5863,5457740.9297
Theft from Vehicle,2017,12,5,10,27,14XX QUEBEC ST,Central Business District,492586.5863,5457740.9297
Theft from Vehicle,2017,12,7,14,46,14XX QUEBEC ST,Central Business District,492586.5863,5457740.9297
Theft from Vehicle,2017,12,12,15,30,14XX QUEBEC ST,Central Business District,492586.5863,5457740.9297
Theft from Vehicle,2017,12,13,20,30,14XX QUEBEC ST,Central Business District,492586.5863,5457740.9297
Theft from Vehicle,2017,12,29,12,0,14XX QUEBEC ST,Central Business District,492586.5863,5457740.9297
Theft from Vehicle,2017,12,31,10,37,14XX QUEBEC ST,Central Business District,492586.5863,5457740.9297
Theft from Vehicle,2017,1,14,18,0,14XX QUEBEC ST,Central Business District,492588.0646,5457795.3523
Theft from Vehicle,2017,3,31,18,30,14XX QUEBEC ST,Mount Pleasant,492612.2716,5457798.0918
Theft from Vehicle,2017,5,24,8,0,14XX QUEBEC ST,Mount Pleasant,492612.2716,5457798.0918
Theft from Vehicle,2017,10,29,11,0,14XX QUEBEC ST,Mount Pleasant,492612.2716,5457798.0918
Theft from Vehicle,2017,11,14,13,38,14XX QUEBEC ST,Mount Pleasant,492612.2716,5457798.0918
Theft from Vehicle,2017,2,14,8,0,14XX RICHARDS ST,Central Business District,490703.8911,5457866.9404
Theft from Vehicle,2017,7,24,16,0,14XX RICHARDS ST,Central Business District,490703.8911,5457866.9404
Theft from Vehicle,2017,9,5,12,23,14XX RICHARDS ST,Central Business District,490703.8911,5457866.9404
Theft from Vehicle,2017,3,12,3,0,14XX ROBSON ST,West End,490526.3701,5459500.8394
Theft from Vehicle,2017,7,20,0,0,14XX ROBSON ST,West End,490526.3701,5459500.8394
Theft from Vehicle,2017,9,2,16,30,14XX ROBSON ST,West End,490526.3701,5459500.8394
Theft from Vehicle,2017,1,1,15,0,14XX ROBSON ST,West End,490542.7452,5459472.1427
Theft from Vehicle,2017,1,28,14,0,14XX ROBSON ST,West End,490544.4444,5459470.4886
Theft from Vehicle,2017,2,9,22,0,14XX ROBSON ST,West End,490544.4444,5459470.4886
Theft from Vehicle,2017,2,13,12,0,14XX ROBSON ST,West End,490544.4444,5459470.4886
Theft from Vehicle,2017,2,15,17,30,14XX ROBSON ST,West End,490544.4444,5459470.4886
Theft from Vehicle,2017,3,23,11,30,14XX ROBSON ST,West End,490544.4444,5459470.4886
Theft from Vehicle,2017,4,8,21,0,14XX ROBSON ST,West End,490544.4444,5459470.4886
Theft from Vehicle,2017,4,8,22,0,14XX ROBSON ST,West End,490544.4444,5459470.4886
Theft from Vehicle,2017,4,9,10,0,14XX ROBSON ST,West End,490544.4444,5459470.4886
Theft from Vehicle,2017,5,11,13,15,14XX ROBSON ST,West End,490544.4444,5459470.4886
Theft from Vehicle,2017,5,11,18,15,14XX ROBSON ST,West End,490544.4444,5459470.4886
Theft from Vehicle,2017,5,14,0,1,14XX ROBSON ST,West End,490544.4444,5459470.4886
Theft from Vehicle,2017,6,3,1,0,14XX ROBSON ST,West End,490544.4444,5459470.4886
Theft from Vehicle,2017,6,23,21,51,14XX ROBSON ST,West End,490544.4444,5459470.4886
Theft from Vehicle,2017,7,9,19,15,14XX ROBSON ST,West End,490544.4444,5459470.4886
Theft from Vehicle,2017,8,2,0,0,14XX ROBSON ST,West End,490544.4444,5459470.4886
Theft from Vehicle,2017,9,12,0,0,14XX ROBSON ST,West End,490544.4444,5459470.4886
Theft from Vehicle,2017,9,27,0,0,14XX ROBSON ST,West End,490544.4444,5459470.4886
Theft from Vehicle,2017,10,22,16,0,14XX ROBSON ST,West End,490544.4444,5459470.4886
Theft from Vehicle,2017,11,11,14,30,14XX ROBSON ST,West End,490544.4444,5459470.4886
Theft from Vehicle,2017,8,6,22,30,14XX RUPERT ST,Hastings-Sunrise,497557.0418,5457721.6576
Theft from Vehicle,2017,3,28,23,0,14XX SEMLIN DR,Grandview-Woodland,495356.6082,5457663.2844
Theft from Vehicle,2017,7,3,17,0,14XX SW MARINE DR,Marpole,489843.7577,5450212.4283
Theft from Vehicle,2017,12,30,19,30,14XX SW MARINE DR,Marpole,489878.4678,5450190.9794
Theft from Vehicle,2017,3,15,12,0,14XX THORNTON ST,Strathcona,493244.6876,5457778.5558
Theft from Vehicle,2017,10,20,19,0,14XX VICTORIA DR,Grandview-Woodland,495224.5352,5457704.8729
Theft from Vehicle,2017,6,28,1,0,14XX W 11TH AVE,Fairview,490014.5559,5456559.7736
Theft from Vehicle,2017,5,23,10,0,14XX W 11TH AVE,Fairview,490024.3073,5456550.2658
Theft from Vehicle,2017,12,11,17,0,14XX W 11TH AVE,Fairview,490054.5667,5456549.156
Theft from Vehicle,2017,4,26,0,0,14XX W 11TH AVE,Fairview,490088.1884,5456547.9229
Theft from Vehicle,2017,5,7,20,0,14XX W 12TH AVE,Fairview,490015.5896,5456449.8815
Theft from Vehicle,2017,1,9,12,0,14XX W 13TH AVE,Fairview,490082.6798,5456339.9062
Theft from Vehicle,2017,12,6,22,0,14XX W 14TH AVE,Fairview,490003.1118,5456250.1446
Theft from Vehicle,2017,11,1,0,0,14XX W 14TH AVE,Fairview,490059.0179,5456239.1915
Theft from Vehicle,2017,12,12,16,0,14XX W 14TH AVE,Fairview,490059.0179,5456239.1915
Theft from Vehicle,2017,9,2,17,0,14XX W 14TH AVE,Fairview,490080.0933,5456238.5113
Theft from Vehicle,2017,9,26,20,30,14XX W 14TH AVE,Fairview,490080.0933,5456238.5113
Theft from Vehicle,2017,2,5,13,0,14XX W 26TH AVE,Shaughnessy,489891.4102,5455066.5818
Theft from Vehicle,2017,8,2,4,54,14XX W 32ND AVE,Shaughnessy,489872.8823,5454564.5793
Theft from Vehicle,2017,7,31,5,40,14XX W 32ND AVE,Shaughnessy,489876.3747,5454555.7356
Theft from Vehicle,2017,8,20,0,1,14XX W 32ND AVE,Shaughnessy,489882.5818,5454560.4916
Theft from Vehicle,2017,1,17,22,0,14XX W 32ND AVE,Shaughnessy,489976.7775,5454600.6108
Theft from Vehicle,2017,8,17,22,0,14XX W 32ND AVE,Shaughnessy,489991.6631,5454602.3628
Theft from Vehicle,2017,5,16,21,54,14XX W 37TH AVE,Shaughnessy,489971.4196,5453917.2307
Theft from Vehicle,2017,5,29,0,0,14XX W 37TH AVE,Shaughnessy,490017.6714,5453916.1883
Theft from Vehicle,2017,5,15,17,57,14XX W 38TH AVE,Shaughnessy,490014.6411,5453811.5737
Theft from Vehicle,2017,7,31,4,30,14XX W 40TH AVE,Shaughnessy,490009.9841,5453615.4986
Theft from Vehicle,2017,5,26,13,0,14XX W 43RD AVE,Oakridge,489861.9243,5453310.9164
Theft from Vehicle,2017,7,17,20,0,14XX W 46TH AVE,Oakridge,489980.4825,5452995.9131
Theft from Vehicle,2017,6,9,14,0,14XX W 49TH AVE,Oakridge,489989.2925,5452682.1939
Theft from Vehicle,2017,8,11,0,0,14XX W 52ND AVE,Oakridge,489855.0936,5452379.052
Theft from Vehicle,2017,7,30,11,59,14XX W 55TH AVE,Oakridge,489940.044,5452012.1534
Theft from Vehicle,2017,8,2,15,23,14XX W 57TH AVE,Marpole,489951.9621,5451842.0019
Theft from Vehicle,2017,8,29,17,0,14XX W 70TH AVE,Marpole,489858.748,5450658.7345
Theft from Vehicle,2017,9,11,19,0,14XX W 70TH AVE,Marpole,489878.5938,5450649.6351
Theft from Vehicle,2017,8,22,16,30,14XX W 71ST AVE,Marpole,489865.2689,5450486.5365
Theft from Vehicle,2017,11,22,11,0,14XX W 72ND AVE,Marpole,489964.2241,5450333.2012
Theft from Vehicle,2017,6,16,14,0,14XX W 73RD AVE,Marpole,489863.1789,5450308.4588
Theft from Vehicle,2017,12,9,15,0,14XX W 7TH AVE,Fairview,489994.8757,5456965.2115
Theft from Vehicle,2017,3,2,9,15,14XX W 7TH AVE,Fairview,490066.543,5456963.2675
Theft from Vehicle,2017,7,15,19,0,14XX W 7TH AVE,Fairview,490097.0096,5456953.2937
Theft from Vehicle,2017,8,9,5,0,14XX W 7TH AVE,Fairview,490097.0096,5456953.2937
Theft from Vehicle,2017,1,27,18,0,14XX W 8TH AVE,Fairview,490095.5745,5456860.1146
Theft from Vehicle,2017,6,22,15,30,14XX W BROADWAY AVE,Fairview,489973.7058,5456762.018
Theft from Vehicle,2017,1,12,0,0,14XX W BROADWAY AVE,Fairview,490070.5756,5456760.0711
Theft from Vehicle,2017,3,9,15,30,14XX W BROADWAY AVE,Fairview,490094.793,5456759.5844
Theft from Vehicle,2017,5,28,16,0,14XX W BROADWAY AVE,Fairview,490094.793,5456759.5844
Theft from Vehicle,2017,6,8,10,0,14XX W BROADWAY AVE,Fairview,490094.9768,5456768.7266
Theft from Vehicle,2017,1,16,14,0,14XX W GEORGIA ST,West End,490628.8949,5459632.8253
Theft from Vehicle,2017,1,17,16,31,14XX W GEORGIA ST,West End,490628.8949,5459632.8253
Theft from Vehicle,2017,3,12,21,0,14XX W GEORGIA ST,West End,490628.8949,5459632.8253
Theft from Vehicle,2017,7,5,20,0,14XX W GEORGIA ST,West End,490628.8949,5459632.8253
Theft from Vehicle,2017,8,5,15,0,14XX W GEORGIA ST,West End,490628.8949,5459632.8253
Theft from Vehicle,2017,8,28,18,0,14XX W GEORGIA ST,West End,490628.8949,5459632.8253
Theft from Vehicle,2017,9,7,0,0,14XX W GEORGIA ST,West End,490628.8949,5459632.8253
Theft from Vehicle,2017,9,7,10,51,14XX W GEORGIA ST,West End,490628.8949,5459632.8253
Theft from Vehicle,2017,11,27,21,0,14XX W GEORGIA ST,West End,490628.8949,5459632.8253
Theft from Vehicle,2017,12,26,0,0,14XX W GEORGIA ST,West End,490656.7781,5459604.5385
Theft from Vehicle,2017,4,9,21,0,14XX W GEORGIA ST,West End,490669.8996,5459591.2271
Theft from Vehicle,2017,9,12,21,0,14XX W GEORGIA ST,West End,490669.8996,5459591.2271
Theft from Vehicle,2017,11,14,22,30,14XX W HASTINGS ST,Central Business District,490687.5167,5459738.8116
Theft from Vehicle,2017,1,1,22,0,14XX W HASTINGS ST,Central Business District,490774.5939,5459698.6332
Theft from Vehicle,2017,1,18,16,0,14XX WALNUT ST,Kitsilano,489160.1524,5457824.1361
Theft from Vehicle,2017,5,19,17,0,14XX WALNUT ST,Kitsilano,489170.4869,5457867.8154
Theft from Vehicle,2017,4,30,7,45,14XX WESTERN ST,Strathcona,492777.8541,5457765.9218
Theft from Vehicle,2017,3,8,19,0,14XX WILLIAM ST,Grandview-Woodland,494540.2306,5457923.7314
Theft from Vehicle,2017,7,9,15,0,14XX WILLIAM ST,Grandview-Woodland,494540.2306,5457923.7314
Theft from Vehicle,2017,12,10,15,30,14XX WILLIAM ST,Grandview-Woodland,494540.2306,5457923.7314
Theft from Vehicle,2017,1,21,15,0,14XX WILLIAM ST,Grandview-Woodland,494649.1099,5457912.6228
Theft from Vehicle,2017,2,27,19,0,15XX ADANAC ST,Grandview-Woodland,494639.3325,5458317.1795
Theft from Vehicle,2017,2,27,21,30,15XX ADANAC ST,Grandview-Woodland,494639.3325,5458317.1795
Theft from Vehicle,2017,4,5,21,43,15XX ALBERNI ST,West End,490538.4174,5459631.1283
Theft from Vehicle,2017,6,16,22,0,15XX ALBERNI ST,West End,490538.4174,5459631.1283
Theft from Vehicle,2017,9,8,18,0,15XX ALBERNI ST,West End,490538.4174,5459631.1283
Theft from Vehicle,2017,6,11,17,0,15XX ALMA ST,West Point Grey,486496.6132,5457757.9668
Theft from Vehicle,2017,1,20,0,40,15XX ATLAS LANE,Kerrisdale,489714.0071,5452000.1845
Theft from Vehicle,2017,7,17,18,0,15XX ATLAS LANE,Kerrisdale,489731.49,5452008.9342
Theft from Vehicle,2017,10,12,17,0,15XX BARCLAY ST,West End,490266.5416,5459439.2911
Theft from Vehicle,2017,1,13,23,50,15XX BARCLAY ST,West End,490274.5529,5459444.2423
Theft from Vehicle,2017,4,5,18,0,15XX BARCLAY ST,West End,490289.0379,5459430.0399
Theft from Vehicle,2017,4,4,11,57,15XX BARCLAY ST,West End,490306.7779,5459399.8401
Theft from Vehicle,2017,7,14,4,19,15XX BARCLAY ST,West End,490306.7779,5459399.8401
Theft from Vehicle,2017,8,6,17,0,15XX BARCLAY ST,West End,490306.7779,5459399.8401
Theft from Vehicle,2017,8,26,18,0,15XX BARCLAY ST,West End,490306.7779,5459399.8401
Theft from Vehicle,2017,11,16,15,15,15XX BEACH AVE,West End,489711.5714,5458917.3673
Theft from Vehicle,2017,11,20,17,47,15XX BEACH AVE,West End,489711.5714,5458917.3673
Theft from Vehicle,2017,8,18,20,0,15XX BURNABY ST,West End,489871.0843,5459065.4555
Theft from Vehicle,2017,7,18,18,0,15XX BURNABY ST,West End,489917.0979,5459007.241
Theft from Vehicle,2017,2,27,10,0,15XX BURRARD ST,Fairview,489446.3981,5457739.3579
Theft from Vehicle,2017,3,28,1,54,15XX CHARLES ST,Grandview-Woodland,494679.6171,5457817.3756
Theft from Vehicle,2017,4,11,7,30,15XX CHARLES ST,Grandview-Woodland,494707.2318,5457817.92
Theft from Vehicle,2017,11,3,0,0,15XX CHARLES ST,Grandview-Woodland,494729.8256,5457818.3655
Theft from Vehicle,2017,11,5,0,0,15XX CHARLES ST,Grandview-Woodland,494729.8256,5457818.3655
Theft from Vehicle,2017,12,9,4,0,15XX CLARK DR,Grandview-Woodland,494377.7998,5457566.9673
Theft from Vehicle,2017,9,13,22,33,15XX COMMERCIAL DR,Grandview-Woodland,494929.2108,5457554.2763
Theft from Vehicle,2017,3,1,22,30,15XX COMMERCIAL DR,Grandview-Woodland,494929.9038,5457591.5161
Theft from Vehicle,2017,9,11,0,0,15XX COMOX ST,West End,490126.6083,5459264.578
Theft from Vehicle,2017,2,8,17,0,15XX DAVIE ST,West End,489982.605,5459099.4387
Theft from Vehicle,2017,12,16,16,0,15XX DAVIE ST,West End,489982.605,5459099.4387
Theft from Vehicle,2017,8,6,14,34,15XX DAVIE ST,West End,489995.856,5459086.2755
Theft from Vehicle,2017,10,17,14,0,15XX DISCOVERY ST,West Point Grey,485257.02,5457877.2966
Theft from Vehicle,2017,9,27,15,30,15XX E 11TH AVE,Kensington-Cedar Cottage,494765.0046,5456410.3022
Theft from Vehicle,2017,3,17,1,0,15XX E 12TH AVE,Kensington-Cedar Cottage,494646.3077,5456313.5849
Theft from Vehicle,2017,1,6,17,0,15XX E 12TH AVE,Kensington-Cedar Cottage,494749.9493,5456312.7497
Theft from Vehicle,2017,9,1,17,0,15XX E 13TH AVE,Kensington-Cedar Cottage,494648.1216,5456212.2863
Theft from Vehicle,2017,5,17,23,0,15XX E 15TH AVE,Kensington-Cedar Cottage,494708.9674,5455970.0793
Theft from Vehicle,2017,3,17,21,0,15XX E 19TH AVE,Kensington-Cedar Cottage,494732.2746,5455637.8444
Theft from Vehicle,2017,4,15,0,35,15XX E 20TH AVE,Kensington-Cedar Cottage,494657.8814,5455530.0658
Theft from Vehicle,2017,3,28,13,0,15XX E 26TH AVE,Kensington-Cedar Cottage,494661.7289,5455006.3706
Theft from Vehicle,2017,4,4,17,0,15XX E 2ND AVE,Grandview-Woodland,494712.1544,5457327.2784
Theft from Vehicle,2017,8,19,0,0,15XX E 34TH AVE,Kensington-Cedar Cottage,494640.0187,5454070.1901
Theft from Vehicle,2017,7,25,19,0,15XX E 35TH AVE,Kensington-Cedar Cottage,494618.2247,5453968.0664
Theft from Vehicle,2017,6,10,12,0,15XX E 35TH AVE,Kensington-Cedar Cottage,494639.3246,5453967.0987
Theft from Vehicle,2017,10,5,16,30,15XX E 36TH AVE,Kensington-Cedar Cottage,494681.9744,5453882.7588
Theft from Vehicle,2017,1,25,8,0,15XX E 3RD AVE,Grandview-Woodland,494702.8694,5457226.6092
Theft from Vehicle,2017,12,7,23,0,15XX E 3RD AVE,Grandview-Woodland,494702.8694,5457226.6092
Theft from Vehicle,2017,12,2,13,30,15XX E 3RD AVE,Grandview-Woodland,494716.7236,5457226.4153
Theft from Vehicle,2017,12,13,6,11,15XX E 4TH AVE,Grandview-Woodland,494655.4608,5457123.6056
Theft from Vehicle,2017,9,28,7,45,15XX E 4TH AVE,Grandview-Woodland,494700.9635,5457123.233
Theft from Vehicle,2017,9,27,22,0,15XX E 4TH AVE,Grandview-Woodland,494708.9934,5457123.1672
Theft from Vehicle,2017,11,19,20,0,15XX E 4TH AVE,Grandview-Woodland,494708.9934,5457123.1672
Theft from Vehicle,2017,4,8,16,10,15XX E 51ST AVE,Victoria-Fraserview,494568.2335,5452282.9131
Theft from Vehicle,2017,4,5,19,0,15XX E 55TH AVE,Victoria-Fraserview,494556.7627,5451861.9572
Theft from Vehicle,2017,8,13,20,30,15XX E 57TH AVE,Victoria-Fraserview,494505.1108,5451702.3008
Theft from Vehicle,2017,9,18,18,30,15XX E 5TH AVE,Grandview-Woodland,494729.0596,5457025.5314
Theft from Vehicle,2017,3,17,18,30,15XX E 6TH AVE,Grandview-Woodland,494652.9545,5456927.0543
Theft from Vehicle,2017,2,11,23,0,15XX E 6TH AVE,Grandview-Woodland,494779.1448,5456933.7795
Theft from Vehicle,2017,8,18,0,0,15XX E 6TH AVE,Grandview-Woodland,494779.1448,5456933.7795
Theft from Vehicle,2017,10,12,19,0,15XX E 6TH AVE,Grandview-Woodland,494779.1448,5456933.7795
Theft from Vehicle,2017,12,12,18,0,15XX E 6TH AVE,Grandview-Woodland,494779.1448,5456933.7795
Theft from Vehicle,2017,2,4,5,55,15XX E 8TH AVE,Grandview-Woodland,494699.3635,5456731.2422
Theft from Vehicle,2017,10,18,9,47,15XX E BROADWAY AVE,Kensington-Cedar Cottage,494663.3343,5456619.4335
Theft from Vehicle,2017,7,20,23,0,15XX E BROADWAY AVE,Grandview-Woodland,494692.7278,5456628.1716
Theft from Vehicle,2017,9,13,18,30,15XX E BROADWAY AVE,Kensington-Cedar Cottage,494740.4926,5456618.3656
Theft from Vehicle,2017,4,18,19,0,15XX E HASTINGS ST,Grandview-Woodland,494612.6344,5458726.4981
Theft from Vehicle,2017,11,21,22,25,15XX E HASTINGS ST,Grandview-Woodland,494618.8597,5458726.3782
Theft from Vehicle,2017,6,19,21,30,15XX E HASTINGS ST,Grandview-Woodland,494627.3361,5458735.3606
Theft from Vehicle,2017,1,10,21,45,15XX E HASTINGS ST,Grandview-Woodland,494702.2158,5458724.7723
Theft from Vehicle,2017,8,18,21,20,15XX E KING EDWARD AVE,Kensington-Cedar Cottage,494712.9713,5455078.216
Theft from Vehicle,2017,8,20,8,20,15XX E KING EDWARD AVE,Kensington-Cedar Cottage,494712.9713,5455078.216
Theft from Vehicle,2017,10,25,16,0,15XX E KING EDWARD AVE,Kensington-Cedar Cottage,494712.9713,5455078.216
Theft from Vehicle,2017,10,31,20,0,15XX E KING EDWARD AVE,Kensington-Cedar Cottage,494712.9713,5455078.216
Theft from Vehicle,2017,1,5,23,30,15XX E PENDER ST,Grandview-Woodland,494612.2483,5458616.9669
Theft from Vehicle,2017,3,24,21,0,15XX E PENDER ST,Grandview-Woodland,494659.097,5458616.1318
Theft from Vehicle,2017,9,20,21,30,15XX FRANCES ST,Grandview-Woodland,494612.1656,5458517.3125
Theft from Vehicle,2017,4,26,15,0,15XX FRANKLIN ST,Grandview-Woodland,494614.4685,5458828.5607
Theft from Vehicle,2017,9,29,21,30,15XX FRANKLIN ST,Grandview-Woodland,494673.4971,5458836.488
Theft from Vehicle,2017,6,27,7,30,15XX GRANT ST,Grandview-Woodland,494661.9486,5457629.7252
Theft from Vehicle,2017,7,4,0,0,15XX GRANT ST,Grandview-Woodland,494714.7287,5457629.0223
Theft from Vehicle,2017,11,3,21,0,15XX GRANT ST,Grandview-Woodland,494714.7287,5457629.0223
Theft from Vehicle,2017,7,19,5,50,15XX GRANVILLE ST,Central Business District,490486.3571,5457931.8569
Theft from Vehicle,2017,7,31,10,41,15XX GRANVILLE ST,Central Business District,490486.3571,5457931.8569
Theft from Vehicle,2017,6,22,19,30,15XX GRAVELEY ST,Grandview-Woodland,494659.9637,5457527.9525
Theft from Vehicle,2017,11,8,0,30,15XX GRAVELEY ST,Grandview-Woodland,494731.7642,5457535.9727
Theft from Vehicle,2017,11,9,19,0,15XX GRAVELEY ST,Grandview-Woodland,494731.7642,5457535.9727
Theft from Vehicle,2017,6,24,16,0,15XX HARO ST,West End,490319.2247,5459538.9028
Theft from Vehicle,2017,6,26,20,0,15XX HARO ST,West End,490319.2247,5459538.9028
Theft from Vehicle,2017,3,14,21,0,15XX HARO ST,West End,490381.4337,5459475.1777
Theft from Vehicle,2017,4,18,19,37,15XX HARO ST,West End,490381.4337,5459475.1777
Theft from Vehicle,2017,6,2,19,0,15XX HARO ST,West End,490387.9769,5459481.5652
Theft from Vehicle,2017,4,7,21,27,15XX HARWOOD ST,West End,489799.3068,5458969.8522
Theft from Vehicle,2017,11,27,21,0,15XX HARWOOD ST,West End,489802.5012,5458979.5298
Theft from Vehicle,2017,8,5,18,0,15XX HARWOOD ST,West End,489812.1514,5458957.244
Theft from Vehicle,2017,11,11,10,0,15XX HENSHAW LANE,West End,490143.8102,5459326.1207
Theft from Vehicle,2017,7,18,4,27,15XX HENSHAW LANE,West End,490196.0009,5459288.3738
Theft from Vehicle,2017,7,11,10,0,15XX HOWE ST,Central Business District,490406.8631,5458010.152
Theft from Vehicle,2017,6,11,19,0,15XX HOWE ST,Central Business District,490413.3335,5458003.6908
Theft from Vehicle,2017,6,11,20,0,15XX HOWE ST,Central Business District,490413.3335,5458003.6908
Theft from Vehicle,2017,6,11,21,0,15XX HOWE ST,Central Business District,490413.3335,5458003.6908
Theft from Vehicle,2017,8,23,3,30,15XX ISLAND PARK WALK,Fairview,490004.7375,5457480.7404
Theft from Vehicle,2017,2,8,18,0,15XX JOHNSTON ST,Fairview,490176.597,5457688.1769
Theft from Vehicle,2017,1,11,17,0,15XX KAMLOOPS ST,Hastings-Sunrise,496026.6172,5457585.1095
Theft from Vehicle,2017,4,2,17,0,15XX KINGSWAY AVE,Kensington-Cedar Cottage,494785.6113,5455042.6079
Theft from Vehicle,2017,6,7,3,24,15XX LARCH ST,Kitsilano,488212.7083,5457781.6649
Theft from Vehicle,2017,8,16,7,0,15XX MAIN ST,Mount Pleasant,492697.1529,5457656.0542
Theft from Vehicle,2017,10,22,18,30,15XX MAIN ST,Mount Pleasant,492697.1529,5457656.0542
Theft from Vehicle,2017,6,30,6,0,15XX MARINER WALK,Fairview,489834.8867,5457525.7556
Theft from Vehicle,2017,6,30,18,0,15XX MARINER WALK,Fairview,489834.8867,5457525.7556
Theft from Vehicle,2017,11,30,22,0,15XX MARINER WALK,Fairview,489839.3458,5457533.7387
Theft from Vehicle,2017,6,28,0,0,15XX MARINER WALK,Fairview,489848.9056,5457517.9251
Theft from Vehicle,2017,4,11,21,21,15XX MARINER WALK,Fairview,489855.7575,5457511.3968
Theft from Vehicle,2017,6,24,3,37,15XX MARINER WALK,Fairview,489873.1409,5457446.2616
Theft from Vehicle,2017,8,3,19,30,15XX NELSON ST,West End,490178.6485,5459366.7333
Theft from Vehicle,2017,11,15,21,0,15XX NELSON ST,West End,490181.8708,5459376.4201
Theft from Vehicle,2017,9,15,12,30,15XX PENDRELL ST,West End,490076.0898,5459164.04
Theft from Vehicle,2017,5,2,11,35,15XX POWELL ST,Grandview-Woodland,494618.6947,5458941.9254
Theft from Vehicle,2017,10,2,21,59,15XX POWELL ST,Grandview-Woodland,494635.2109,5458946.1424
Theft from Vehicle,2017,6,4,9,39,15XX QUEBEC ST,Mount Pleasant,492610.4515,5457742.6134
Theft from Vehicle,2017,8,14,12,0,15XX QUEBEC ST,Mount Pleasant,492610.4515,5457742.6134
Theft from Vehicle,2017,8,18,7,0,15XX QUEBEC ST,Mount Pleasant,492610.4515,5457742.6134
Theft from Vehicle,2017,8,23,17,0,15XX QUEBEC ST,Mount Pleasant,492610.4515,5457742.6134
Theft from Vehicle,2017,10,17,3,8,15XX QUEBEC ST,Mount Pleasant,492610.4515,5457742.6134
Theft from Vehicle,2017,12,15,13,36,15XX QUEBEC ST,Mount Pleasant,492610.4515,5457742.6134
Theft from Vehicle,2017,11,23,19,30,15XX RAND AVE,Marpole,489561.7178,5450379.2846
Theft from Vehicle,2017,11,8,0,0,15XX RAND AVE,Marpole,489660.3545,5450255.1676
Theft from Vehicle,2017,3,31,19,0,15XX ROBSON ST,West End,490405.9821,5459619.4368
Theft from Vehicle,2017,11,4,19,45,15XX ROBSON ST,West End,490414.0793,5459611.3708
Theft from Vehicle,2017,3,22,12,15,15XX ROBSON ST,West End,490422.1766,5459603.3047
Theft from Vehicle,2017,1,19,14,0,15XX ROBSON ST,West End,490446.4684,5459579.1065
Theft from Vehicle,2017,4,6,18,35,15XX ROBSON ST,West End,490446.4684,5459579.1065
Theft from Vehicle,2017,1,23,10,40,15XX STANLEY PARK DR,Stanley Park,491317.3338,5460639.1857
Theft from Vehicle,2017,2,3,12,50,15XX STANLEY PARK DR,Stanley Park,491317.3338,5460639.1857
Theft from Vehicle,2017,3,30,16,0,15XX STANLEY PARK DR,Stanley Park,491317.3338,5460639.1857
Theft from Vehicle,2017,4,28,13,23,15XX STANLEY PARK DR,Stanley Park,491317.3338,5460639.1857
Theft from Vehicle,2017,6,3,18,0,15XX STANLEY PARK DR,Stanley Park,491317.3338,5460639.1857
Theft from Vehicle,2017,6,13,16,45,15XX STANLEY PARK DR,Stanley Park,491317.3338,5460639.1857
Theft from Vehicle,2017,10,10,13,30,15XX STANLEY PARK DR,Stanley Park,491317.3338,5460639.1857
Theft from Vehicle,2017,10,2,8,30,15XX VENABLES ST,Grandview-Woodland,494676.0205,5458224.332
Theft from Vehicle,2017,2,7,0,0,15XX W 10TH AVE,Fairview,489754.3657,5456661.6359
Theft from Vehicle,2017,7,25,21,50,15XX W 10TH AVE,Fairview,489783.4137,5456670.0437
Theft from Vehicle,2017,12,4,0,30,15XX W 10TH AVE,Fairview,489783.4137,5456670.0437
Theft from Vehicle,2017,2,13,18,0,15XX W 10TH AVE,Fairview,489918.1647,5456657.4674
Theft from Vehicle,2017,10,6,17,0,15XX W 10TH AVE,Fairview,489918.1647,5456657.4674
Theft from Vehicle,2017,12,15,10,30,15XX W 10TH AVE,Fairview,489918.1647,5456657.4674
Theft from Vehicle,2017,3,16,21,0,15XX W 11TH AVE,Fairview,489762.1306,5456566.2691
Theft from Vehicle,2017,12,29,0,0,15XX W 11TH AVE,Fairview,489786.9537,5456565.7993
Theft from Vehicle,2017,7,19,21,0,15XX W 11TH AVE,Fairview,489822.4152,5456565.1281
Theft from Vehicle,2017,8,8,0,0,15XX W 11TH AVE,Fairview,489915.7843,5456554.2151
Theft from Vehicle,2017,11,12,15,0,15XX W 11TH AVE,Fairview,489915.7843,5456554.2151
Theft from Vehicle,2017,4,9,17,0,15XX W 13TH AVE,Fairview,489787.0217,5456346.6085
Theft from Vehicle,2017,10,1,23,0,15XX W 13TH AVE,Fairview,489843.2548,5456354.321
Theft from Vehicle,2017,7,15,6,17,15XX W 15TH AVE,Fairview,489775.0172,5456145.0687
Theft from Vehicle,2017,6,28,21,0,15XX W 15TH AVE,Fairview,489810.2585,5456144.5982
Theft from Vehicle,2017,1,24,21,0,15XX W 15TH AVE,Fairview,489903.0099,5456143.3605
Theft from Vehicle,2017,5,25,17,30,15XX W 15TH AVE,Fairview,489903.0099,5456143.3605
Theft from Vehicle,2017,10,3,19,0,15XX W 15TH AVE,Fairview,489903.0099,5456143.3605
Theft from Vehicle,2017,10,22,0,0,15XX W 1ST AVE,Fairview,489747.3419,5457601.2815
Theft from Vehicle,2017,4,12,16,0,15XX W 1ST AVE,Fairview,489747.3419,5457601.2815
Theft from Vehicle,2017,2,17,16,0,15XX W 1ST AVE,Fairview,489801.6901,5457630.1368
Theft from Vehicle,2017,6,29,21,0,15XX W 28TH AVE,Shaughnessy,489869.0096,5454861.4977
Theft from Vehicle,2017,8,21,6,30,15XX W 28TH AVE,Shaughnessy,489869.0096,5454861.4977
Theft from Vehicle,2017,11,2,15,40,15XX W 2ND AVE,Fairview,489830.8411,5457441.9111
Theft from Vehicle,2017,1,21,13,0,15XX W 34TH AVE,Shaughnessy,489742.9103,5454241.1282
Theft from Vehicle,2017,5,2,15,0,15XX W 35TH AVE,Shaughnessy,489809.8354,5454147.409
Theft from Vehicle,2017,4,25,13,30,15XX W 35TH AVE,Shaughnessy,489848.7816,5454137.1268
Theft from Vehicle,2017,12,13,3,35,15XX W 36TH AVE,Shaughnessy,489806.6232,5454030.0872
Theft from Vehicle,2017,11,29,20,0,15XX W 3RD AVE,Fairview,489821.9212,5457343.2746
Theft from Vehicle,2017,12,16,23,30,15XX W 40TH AVE,Shaughnessy,489836.4159,5453625.5695
Theft from Vehicle,2017,1,20,10,4,15XX W 57TH AVE,Kerrisdale,489756.3909,5451853.9471
Theft from Vehicle,2017,8,14,16,0,15XX W 59TH AVE,Marpole,489597.5615,5451670.9178
Theft from Vehicle,2017,7,9,17,0,15XX W 59TH AVE,Marpole,489707.2382,5451659.0566
Theft from Vehicle,2017,5,7,17,0,15XX W 59TH AVE,Marpole,489785.2691,5451626.4031
Theft from Vehicle,2017,3,5,22,0,15XX W 5TH AVE,Fairview,489812.2179,5457141.2868
Theft from Vehicle,2017,4,12,21,0,15XX W 60TH AVE,Marpole,489623.2293,5451566.7977
Theft from Vehicle,2017,10,15,1,0,15XX W 60TH AVE,Marpole,489655.2828,5451575.1933
Theft from Vehicle,2017,2,2,0,15,15XX W 62ND AVE,Marpole,489724.8468,5451356.404
Theft from Vehicle,2017,3,22,18,0,15XX W 62ND AVE,Marpole,489780.5259,5451355.296
Theft from Vehicle,2017,11,3,21,0,15XX W 65TH AVE,Marpole,489768.6611,5451065.9479
Theft from Vehicle,2017,10,22,16,0,15XX W 66TH AVE,Marpole,489700.8121,5450960.2742
Theft from Vehicle,2017,1,1,5,0,15XX W 66TH AVE,Marpole,489756.2502,5450967.9588
Theft from Vehicle,2017,12,22,9,0,15XX W 68TH AVE,Marpole,489685.5513,5450874.522
Theft from Vehicle,2017,12,9,22,30,15XX W 68TH AVE,Marpole,489768.0007,5450863.1052
Theft from Vehicle,2017,10,11,12,13,15XX W 6TH AVE,Fairview,489819.632,5457063.3984
Theft from Vehicle,2017,10,11,16,0,15XX W 6TH AVE,Fairview,489819.632,5457063.3984
Theft from Vehicle,2017,10,13,17,0,15XX W 6TH AVE,Fairview,489822.8274,5457063.3134
Theft from Vehicle,2017,11,28,16,0,15XX W 6TH AVE,Fairview,489877.1484,5457061.8683
Theft from Vehicle,2017,4,26,7,0,15XX W 71ST AVE,Marpole,489554.7984,5450494.5355
Theft from Vehicle,2017,10,15,21,0,15XX W 71ST AVE,Marpole,489554.7984,5450494.5355
Theft from Vehicle,2017,12,12,18,0,15XX W 7TH AVE,Fairview,489918.4648,5456958.1305
Theft from Vehicle,2017,7,28,21,0,15XX W 8TH AVE,Fairview,489785.5072,5456868.2558
Theft from Vehicle,2017,8,30,21,0,15XX W 8TH AVE,Fairview,489785.5072,5456868.2558
Theft from Vehicle,2017,8,22,18,0,15XX W 8TH AVE,Fairview,489867.1518,5456866.0952
Theft from Vehicle,2017,8,22,23,0,15XX W 8TH AVE,Fairview,489867.1518,5456866.0952
Theft from Vehicle,2017,6,17,17,0,15XX W 8TH AVE,Fairview,489916.1386,5456864.7989
Theft from Vehicle,2017,8,12,7,15,15XX W 8TH AVE,Fairview,489916.1386,5456864.7989
Theft from Vehicle,2017,11,14,16,45,15XX W 8TH AVE,Fairview,489916.1386,5456864.7989
Theft from Vehicle,2017,12,18,9,6,15XX W 8TH AVE,Fairview,489916.1386,5456864.7989
Theft from Vehicle,2017,11,29,7,15,15XX W BROADWAY AVE,Fairview,489913.4796,5456772.3596
Theft from Vehicle,2017,11,29,17,0,15XX W BROADWAY AVE,Fairview,489913.4796,5456772.3596
Theft from Vehicle,2017,1,10,15,0,15XX W GEORGIA ST,West End,490582.626,5459679.7687
Theft from Vehicle,2017,1,20,10,48,15XX W GEORGIA ST,West End,490584.3614,5459678.0064
Theft from Vehicle,2017,4,28,2,44,15XX WESTERN ST,Strathcona,492774.95,5457679.0143
Theft from Vehicle,2017,9,9,11,30,1633W W 8TH AVE,Fairview,489680.1464,5456881.0376
Theft from Vehicle,2017,10,4,23,0,16XX ADANAC ST,Grandview-Woodland,494713.6567,5458314.4571
Theft from Vehicle,2017,11,19,20,0,16XX ADANAC ST,Grandview-Woodland,494713.6567,5458314.4571
Theft from Vehicle,2017,12,28,0,0,16XX ADANAC ST,Grandview-Woodland,494713.6567,5458314.4571
Theft from Vehicle,2017,5,24,21,30,16XX ADANAC ST,Grandview-Woodland,494802.3183,5458312.313
Theft from Vehicle,2017,12,4,22,0,16XX ADANAC ST,Grandview-Woodland,494802.3183,5458312.313
Theft from Vehicle,2017,2,20,19,0,16XX ADANAC ST,Grandview-Woodland,494843.7037,5458320.4589
Theft from Vehicle,2017,4,2,17,0,16XX ALBERNI ST,West End,490358.3777,5459810.3743
Theft from Vehicle,2017,7,23,12,0,16XX ALBERNI ST,West End,490358.3777,5459810.3743
Theft from Vehicle,2017,5,10,11,0,16XX ALBERNI ST,West End,490395.6751,5459773.3939
Theft from Vehicle,2017,1,4,10,0,16XX ALBERNI ST,West End,490395.7219,5459773.3479
Theft from Vehicle,2017,2,17,20,0,16XX ALBERNI ST,West End,490406.645,5459762.5174
Theft from Vehicle,2017,10,19,23,0,16XX ALBERNI ST,West End,490406.645,5459762.5174
Theft from Vehicle,2017,2,6,19,15,16XX ALBERNI ST,West End,490432.9726,5459736.4135
Theft from Vehicle,2017,7,21,1,0,16XX ALMA ST,Kitsilano,486503.8615,5457690.4022
Theft from Vehicle,2017,2,2,0,0,16XX ARBUTUS ST,Kitsilano,488890.3735,5457602.7492
Theft from Vehicle,2017,7,18,7,30,16XX BALSAM ST,Kitsilano,488376.0066,5457672.395
Theft from Vehicle,2017,9,8,20,30,16XX BALSAM ST,Kitsilano,488383.3997,5457601.8161
Theft from Vehicle,2017,7,31,22,20,16XX BARCLAY ST,West End,490154.7378,5459549.8277
Theft from Vehicle,2017,3,13,14,52,16XX BARCLAY ST,West End,490167.8962,5459549.645
Theft from Vehicle,2017,7,1,18,0,16XX BARCLAY ST,West End,490167.8962,5459549.645
Theft from Vehicle,2017,6,25,12,0,16XX BARCLAY ST,West End,490199.4971,5459505.3624
Theft from Vehicle,2017,9,2,7,59,16XX BAYSHORE DR,Central Business District,490464.2781,5459911.2483
Theft from Vehicle,2017,4,8,17,0,16XX BAYSHORE DR,Central Business District,490546.528,5459904.389
Theft from Vehicle,2017,12,18,17,45,16XX BAYSHORE DR,Central Business District,490546.528,5459904.389
Theft from Vehicle,2017,10,18,19,0,16XX BAYSHORE DR,Central Business District,490555.3558,5459895.7424
Theft from Vehicle,2017,10,28,23,0,16XX BAYSHORE DR,Central Business District,490555.6472,5459895.4575
Theft from Vehicle,2017,6,2,8,30,16XX BAYSHORE DR,Central Business District,490578.445,5459873.1286
Theft from Vehicle,2017,4,25,15,0,16XX BAYSHORE DR,Central Business District,490592.1237,5459859.7313
Theft from Vehicle,2017,6,6,0,0,16XX BAYSHORE DR,Central Business District,490592.1237,5459859.7313
Theft from Vehicle,2017,8,19,19,19,16XX BAYSHORE DR,Central Business District,490592.1237,5459859.7313
Theft from Vehicle,2017,9,24,16,0,16XX BAYSHORE DR,Central Business District,490592.1237,5459859.7313
Theft from Vehicle,2017,1,21,9,0,16XX BAYSHORE DR,Central Business District,490598.522,5459866.264
Theft from Vehicle,2017,5,14,16,0,16XX BAYSHORE DR,Central Business District,490598.522,5459866.264
Theft from Vehicle,2017,6,19,23,0,16XX BAYSHORE DR,Central Business District,490598.522,5459866.264
Theft from Vehicle,2017,9,21,17,30,16XX BAYSHORE DR,Central Business District,490598.522,5459866.264
Theft from Vehicle,2017,9,25,12,0,16XX BAYSHORE DR,Central Business District,490598.522,5459866.264
Theft from Vehicle,2017,11,25,18,0,16XX BAYSHORE DR,Central Business District,490598.522,5459866.264
Theft from Vehicle,2017,3,2,14,0,16XX BEACH AVE,West End,489681.3949,5458937.0073
Theft from Vehicle,2017,6,19,18,30,16XX BEACH AVE,West End,489681.3949,5458937.0073
Theft from Vehicle,2017,8,15,18,0,16XX BURNABY ST,West End,489770.7784,5459163.6721
Theft from Vehicle,2017,5,31,14,0,16XX BURNABY ST,West End,489775.4593,5459146.3243
Theft from Vehicle,2017,11,8,21,0,16XX BURNABY ST,West End,489775.4593,5459146.3243
Theft from Vehicle,2017,12,1,9,56,16XX BURNABY ST,West End,489775.4593,5459146.3243
Theft from Vehicle,2017,12,9,17,30,16XX BURNABY ST,West End,489775.4593,5459146.3243
Theft from Vehicle,2017,5,6,0,30,16XX BURNABY ST,West End,489797.5958,5459124.7153
Theft from Vehicle,2017,8,22,18,0,16XX CEDAR CRES,Shaughnessy,489694.5933,5456005.6906
Theft from Vehicle,2017,2,6,16,0,16XX CEDAR CRES,Shaughnessy,489714.7538,5456007.0868
Theft from Vehicle,2017,7,18,17,37,16XX COLLINGWOOD ST,Kitsilano,486784.4373,5457671.3782
Theft from Vehicle,2017,2,2,5,52,16XX COMMERCIAL DR,Grandview-Woodland,494927.9168,5457487.0523
Theft from Vehicle,2017,10,21,19,0,16XX COMMERCIAL DR,Grandview-Woodland,494928.6811,5457525.9813
Theft from Vehicle,2017,11,15,18,0,16XX COMMERCIAL DR,Grandview-Woodland,494928.6811,5457525.9813
Theft from Vehicle,2017,12,5,19,0,16XX COMMERCIAL DR,Grandview-Woodland,494937.8234,5457525.8018
Theft from Vehicle,2017,12,12,22,30,16XX COMOX ST,West End,489988.9238,5459413.8749
Theft from Vehicle,2017,8,1,19,0,16XX COMOX ST,West End,490061.7117,5459342.203
Theft from Vehicle,2017,11,12,0,0,16XX COTTON DR,Grandview-Woodland,494788.9616,5457464.6325
Theft from Vehicle,2017,6,15,22,30,16XX CYPRESS ST,Kitsilano,489248.0706,5457588.1522
Theft from Vehicle,2017,10,10,8,30,16XX CYPRESS ST,Kitsilano,489249.9146,5457654.8163
Theft from Vehicle,2017,10,29,3,0,16XX DAVIE ST,West End,489810.5663,5459270.8304
Theft from Vehicle,2017,11,22,18,15,16XX DAVIE ST,West End,489854.175,5459227.2991
Theft from Vehicle,2017,2,7,13,30,16XX DAVIE ST,West End,489871.5372,5459222.8878
Theft from Vehicle,2017,5,27,15,45,16XX DAVIE ST,West End,489871.5372,5459222.8878
Theft from Vehicle,2017,5,29,19,0,16XX DAVIE ST,West End,489871.5372,5459222.8878
Theft from Vehicle,2017,9,4,8,50,16XX DAVIE ST,West End,489871.5372,5459222.8878
Theft from Vehicle,2017,1,31,22,0,16XX DAVIE ST,West End,489908.6858,5459172.8849
Theft from Vehicle,2017,8,23,20,0,16XX DUNBAR ST,Kitsilano,486655.7444,5457726.6288
Theft from Vehicle,2017,12,18,18,30,16XX DUNBAR ST,Kitsilano,486655.7444,5457726.6288
Theft from Vehicle,2017,4,5,7,0,16XX DURANLEAU ST,Fairview,490103.9537,5457640.4461
Theft from Vehicle,2017,12,2,19,0,16XX E 10TH AVE,Kensington-Cedar Cottage,494791.5509,5456522.0249
Theft from Vehicle,2017,7,16,21,0,16XX E 10TH AVE,Kensington-Cedar Cottage,494810.1603,5456512.8373
Theft from Vehicle,2017,3,7,23,0,16XX E 10TH AVE,Kensington-Cedar Cottage,494818.1663,5456521.9626
Theft from Vehicle,2017,4,2,17,0,16XX E 10TH AVE,Kensington-Cedar Cottage,494858.0681,5456512.7253
Theft from Vehicle,2017,12,3,17,30,16XX E 11TH AVE,Kensington-Cedar Cottage,494783.2465,5456409.9079
Theft from Vehicle,2017,5,17,18,0,16XX E 13TH AVE,Kensington-Cedar Cottage,494843.5308,5456211.8388
Theft from Vehicle,2017,2,17,18,0,16XX E 13TH AVE,Kensington-Cedar Cottage,494902.3079,5456220.6126
Theft from Vehicle,2017,4,7,21,0,16XX E 18TH AVE,Kensington-Cedar Cottage,494838.3011,5455730.5501
Theft from Vehicle,2017,1,17,18,0,16XX E 20TH AVE,Kensington-Cedar Cottage,494763.9601,5455527.2131
Theft from Vehicle,2017,11,3,21,0,16XX E 21ST AVE,Kensington-Cedar Cottage,494765.7412,5455427.8498
Theft from Vehicle,2017,11,3,21,0,16XX E 21ST AVE,Kensington-Cedar Cottage,494834.8398,5455435.3943
Theft from Vehicle,2017,9,7,21,0,16XX E 36TH AVE,Kensington-Cedar Cottage,494787.9549,5453877.8909
Theft from Vehicle,2017,12,29,11,0,16XX E 3RD AVE,Grandview-Woodland,494851.6711,5457233.6809
Theft from Vehicle,2017,4,7,12,0,16XX E 49TH AVE,Victoria-Fraserview,494675.8557,5452494.913
Theft from Vehicle,2017,9,7,20,15,16XX E 49TH AVE,Victoria-Fraserview,494762.2271,5452500.41
Theft from Vehicle,2017,7,7,18,0,16XX E 55TH AVE,Victoria-Fraserview,494740.7266,5451906.4412
Theft from Vehicle,2017,10,12,8,14,16XX E 58TH AVE,Victoria-Fraserview,494717.7307,5451600.8667
Theft from Vehicle,2017,10,6,17,0,16XX E 58TH AVE,Victoria-Fraserview,494744.8675,5451605.9232
Theft from Vehicle,2017,7,17,22,0,16XX E 59TH AVE,Victoria-Fraserview,494614.4563,5451502.2055
Theft from Vehicle,2017,3,11,19,0,16XX E 5TH AVE,Grandview-Woodland,494809.1256,5457033.6522
Theft from Vehicle,2017,12,31,18,0,16XX E 5TH AVE,Grandview-Woodland,494892.1637,5457032.5902
Theft from Vehicle,2017,7,25,6,50,16XX E 60TH AVE,Victoria-Fraserview,494717.5048,5451411.5803
Theft from Vehicle,2017,10,6,19,0,16XX E 6TH AVE,Grandview-Woodland,494787.0129,5456924.4829
Theft from Vehicle,2017,5,8,1,15,16XX E 6TH AVE,Grandview-Woodland,494832.7681,5456932.7509
Theft from Vehicle,2017,11,6,0,0,16XX E 6TH AVE,Grandview-Woodland,494832.7681,5456932.7509
Theft from Vehicle,2017,6,17,19,0,16XX E BROADWAY AVE,Kensington-Cedar Cottage,494783.0627,5456617.7764
Theft from Vehicle,2017,10,12,21,0,16XX E BROADWAY AVE,Kensington-Cedar Cottage,494783.0627,5456617.7764
Theft from Vehicle,2017,10,29,23,0,16XX E GEORGIA ST,Grandview-Woodland,494716.3532,5458414.5236
Theft from Vehicle,2017,8,16,20,0,16XX E GEORGIA ST,Grandview-Woodland,494725.8753,5458423.511
Theft from Vehicle,2017,3,9,21,59,16XX E GEORGIA ST,Grandview-Woodland,494775.8508,5458422.6823
Theft from Vehicle,2017,5,9,0,0,16XX E GEORGIA ST,Grandview-Woodland,494775.8508,5458422.6823
Theft from Vehicle,2017,10,8,15,0,16XX E GEORGIA ST,Grandview-Woodland,494819.5794,5458421.9572
Theft from Vehicle,2017,11,16,19,0,16XX E GEORGIA ST,Grandview-Woodland,494819.5794,5458421.9572
Theft from Vehicle,2017,4,4,8,45,16XX E HASTINGS ST,Grandview-Woodland,494738.2158,5458732.978
Theft from Vehicle,2017,10,8,18,55,16XX E PENDER ST,Grandview-Woodland,494720.1112,5458615.0444
Theft from Vehicle,2017,11,11,19,30,16XX E PENDER ST,Grandview-Woodland,494720.1112,5458615.0444
Theft from Vehicle,2017,10,5,16,23,16XX FRANCES ST,Grandview-Woodland,494718.3634,5458514.9556
Theft from Vehicle,2017,11,3,3,11,16XX FRANCES ST,Grandview-Woodland,494811.955,5458522.1538
Theft from Vehicle,2017,6,25,19,0,16XX FRANCES ST,Grandview-Woodland,494824.2182,5458512.7526
Theft from Vehicle,2017,4,25,17,0,16XX FRANKLIN ST,Grandview-Woodland,494722.0014,5458826.3535
Theft from Vehicle,2017,9,23,20,0,16XX FRANKLIN ST,Grandview-Woodland,494835.4726,5458824.3043
Theft from Vehicle,2017,7,6,22,30,16XX GARDEN DR,Grandview-Woodland,495786.4766,5457515.3151
Theft from Vehicle,2017,5,3,21,37,16XX GRANVILLE ST,Central Business District,490419.584,5457877.1578
Theft from Vehicle,2017,5,24,22,0,16XX GRANVILLE ST,Central Business District,490419.584,5457877.1578
Theft from Vehicle,2017,6,18,20,0,16XX GRANVILLE ST,Central Business District,490419.584,5457877.1578
Theft from Vehicle,2017,7,23,20,0,16XX GRANVILLE ST,Central Business District,490419.584,5457877.1578
Theft from Vehicle,2017,8,18,11,0,16XX GRANVILLE ST,Central Business District,490419.584,5457877.1578
Theft from Vehicle,2017,9,2,13,0,16XX GRANVILLE ST,Central Business District,490419.584,5457877.1578
Theft from Vehicle,2017,9,5,19,30,16XX GRANVILLE ST,Central Business District,490419.584,5457877.1578
Theft from Vehicle,2017,11,7,23,0,16XX GRANVILLE ST,Central Business District,490419.584,5457877.1578
Theft from Vehicle,2017,1,2,18,0,16XX GRANVILLE ST,Central Business District,490427.8293,5457872.5618
Theft from Vehicle,2017,11,8,2,0,16XX GRANVILLE ST,Central Business District,490427.8293,5457872.5618
Theft from Vehicle,2017,11,30,16,0,16XX GRANVILLE ST,Central Business District,490427.8293,5457872.5618
Theft from Vehicle,2017,9,11,22,0,16XX HARO ST,West End,490226.588,5459648.0617
Theft from Vehicle,2017,11,16,20,30,16XX HARO ST,West End,490297.6455,5459565.5249
Theft from Vehicle,2017,12,10,9,0,16XX HARWOOD ST,West End,489706.0039,5459074.7076
Theft from Vehicle,2017,1,16,15,30,16XX HENSHAW LANE,West End,490111.0383,5459372.7628
Theft from Vehicle,2017,5,24,18,0,16XX HORNBY ST,Central Business District,490313.0008,5458038.5502
Theft from Vehicle,2017,5,12,14,0,16XX JOHNSTON ST,Fairview,490123.891,5457767.4784
Theft from Vehicle,2017,5,20,11,30,16XX JOHNSTON ST,Fairview,490123.891,5457767.4784
Theft from Vehicle,2017,8,26,12,0,16XX JOHNSTON ST,Fairview,490123.8911,5457767.4783
Theft from Vehicle,2017,9,6,13,30,16XX JOHNSTON ST,Fairview,490123.8911,5457767.4783
Theft from Vehicle,2017,10,7,10,0,16XX JOHNSTON ST,Fairview,490123.8911,5457767.4783
Theft from Vehicle,2017,3,17,12,45,16XX KITCHENER ST,Grandview-Woodland,494799.8255,5457707.6763
Theft from Vehicle,2017,7,14,20,30,16XX MAIN ST,Strathcona,492686.5331,5457509.0201
Theft from Vehicle,2017,10,25,2,26,16XX MANITOBA ST,Mount Pleasant,492247.5433,5457645.9637
Theft from Vehicle,2017,5,13,6,0,16XX MAPLE ST,Kitsilano,489071.698,5457659.6813
Theft from Vehicle,2017,2,4,21,19,16XX MATTHEWS AVE,Shaughnessy,489735.0499,5455573.8178
Theft from Vehicle,2017,11,29,23,0,16XX MCLEAN DR,Grandview-Woodland,494519.281,5457533.1148
Theft from Vehicle,2017,12,26,21,30,16XX MCLEAN DR,Grandview-Woodland,494519.281,5457533.1148
Theft from Vehicle,2017,4,9,8,50,16XX NAPIER ST,Grandview-Woodland,494923.2387,5458018.9232
Theft from Vehicle,2017,5,1,14,0,16XX NAPIER ST,Grandview-Woodland,494923.2387,5458018.9232
Theft from Vehicle,2017,8,12,15,0,16XX NAPIER ST,Grandview-Woodland,494923.2387,5458018.9232
Theft from Vehicle,2017,8,14,23,0,16XX NAPIER ST,Grandview-Woodland,494923.2387,5458018.9232
Theft from Vehicle,2017,9,4,13,30,16XX NAPIER ST,Grandview-Woodland,494923.2387,5458018.9232
Theft from Vehicle,2017,9,27,13,0,16XX NAPIER ST,Grandview-Woodland,494923.2387,5458018.9232
Theft from Vehicle,2017,10,26,6,38,16XX NAPIER ST,Grandview-Woodland,494923.2387,5458018.9232
Theft from Vehicle,2017,12,27,18,0,16XX NELSON ST,West End,490093.6394,5459451.909
Theft from Vehicle,2017,7,8,11,0,16XX NELSON ST,West End,490142.0665,5459403.1109
Theft from Vehicle,2017,4,18,20,0,16XX ONTARIO ST,Mount Pleasant,492396.0801,5457641.7304
Theft from Vehicle,2017,12,6,22,0,16XX ONTARIO ST,Mount Pleasant,492396.0801,5457641.7304
Theft from Vehicle,2017,4,8,15,0,16XX PANDORA ST,Grandview-Woodland,494725.2871,5458925.3765
Theft from Vehicle,2017,6,25,17,39,16XX PANDORA ST,Grandview-Woodland,494725.2871,5458925.3765
Theft from Vehicle,2017,9,24,21,30,16XX PANDORA ST,Grandview-Woodland,494750.3553,5458925.0678
Theft from Vehicle,2017,1,31,21,0,16XX PENDRELL ST,West End,489915.7313,5459322.8049
Theft from Vehicle,2017,5,11,19,0,16XX PENDRELL ST,West End,489915.7313,5459322.8049
Theft from Vehicle,2017,10,22,0,0,16XX PENDRELL ST,West End,489915.7313,5459322.8049
Theft from Vehicle,2017,12,27,21,0,16XX PENDRELL ST,West End,489915.7313,5459322.8049
Theft from Vehicle,2017,12,7,18,45,16XX PENDRELL ST,West End,489971.0623,5459268.8167
Theft from Vehicle,2017,11,3,6,0,16XX QUEBEC ST,Mount Pleasant,492527.0659,5457535.7775
Theft from Vehicle,2017,2,22,20,24,16XX QUEBEC ST,Mount Pleasant,492588.7135,5457658.0048
Theft from Vehicle,2017,4,28,17,45,16XX QUEBEC ST,Mount Pleasant,492588.7135,5457658.0048
Theft from Vehicle,2017,12,29,13,55,16XX QUEBEC ST,Mount Pleasant,492598.9218,5457687.2291
Theft from Vehicle,2017,5,9,4,0,16XX ROBSON ST,West End,490374.0616,5459638.3729
Theft from Vehicle,2017,12,8,8,17,16XX ROBSON ST,West End,490374.0616,5459638.3729
Theft from Vehicle,2017,5,22,19,0,16XX SE MARINE DR,Victoria-Fraserview,494618.6469,5450912.2538
Theft from Vehicle,2017,8,18,22,25,16XX SE MARINE DR,Victoria-Fraserview,494618.6469,5450912.2538
Theft from Vehicle,2017,8,30,8,52,16XX SE MARINE DR,Victoria-Fraserview,494712.4074,5450909.4457
Theft from Vehicle,2017,9,20,12,0,16XX SE MARINE DR,Victoria-Fraserview,494746.2653,5450908.4317
Theft from Vehicle,2017,4,17,14,30,16XX SLOCAN ST,Hastings-Sunrise,496408.859,5457518.1957
Theft from Vehicle,2017,6,22,17,0,16XX STATION ST,Strathcona,492870.8168,5457588.3881
Theft from Vehicle,2017,11,29,19,0,16XX TRAFALGAR ST,Kitsilano,488042.364,5457632.8897
Theft from Vehicle,2017,5,16,19,0,16XX VENABLES ST,Grandview-Woodland,494731.8371,5458222.674
Theft from Vehicle,2017,8,23,0,54,16XX VENABLES ST,Grandview-Woodland,494807.4428,5458212.0031
Theft from Vehicle,2017,3,12,7,10,16XX VENABLES ST,Grandview-Woodland,494893.2547,5458210.3064
Theft from Vehicle,2017,8,6,16,0,16XX VERNON DR,Strathcona,494275.778,5457537.7424
Theft from Vehicle,2017,4,10,16,0,16XX W 10TH AVE,Fairview,489573.9088,5456675.4169
Theft from Vehicle,2017,5,18,16,0,16XX W 10TH AVE,Fairview,489573.9088,5456675.4169
Theft from Vehicle,2017,7,20,17,0,16XX W 10TH AVE,Fairview,489687.5148,5456663.3496
Theft from Vehicle,2017,7,1,12,0,16XX W 10TH AVE,Fairview,489720.9975,5456662.4889
Theft from Vehicle,2017,7,1,21,0,16XX W 10TH AVE,Fairview,489720.9975,5456662.4889
Theft from Vehicle,2017,11,16,5,34,16XX W 10TH AVE,Fairview,489731.0423,5456662.2307
Theft from Vehicle,2017,12,30,15,30,16XX W 11TH AVE,Fairview,489590.758,5456569.5127
Theft from Vehicle,2017,3,25,15,30,16XX W 11TH AVE,Fairview,489603.6981,5456560.1221
Theft from Vehicle,2017,1,4,0,0,16XX W 11TH AVE,Fairview,489662.7073,5456559.0053
Theft from Vehicle,2017,12,20,17,30,16XX W 11TH AVE,Fairview,489728.273,5456557.7643
Theft from Vehicle,2017,12,4,19,0,16XX W 12TH AVE,Fairview,489585.2867,5456462.1456
Theft from Vehicle,2017,11,2,2,20,16XX W 12TH AVE,Fairview,489662.7569,5456459.9576
Theft from Vehicle,2017,9,18,18,0,16XX W 1ST AVE,Fairview,489594.2314,5457545.9467
Theft from Vehicle,2017,6,15,21,0,16XX W 1ST AVE,Fairview,489645.2767,5457543.7899
Theft from Vehicle,2017,7,20,21,0,16XX W 1ST AVE,Fairview,489678.0915,5457542.4034
Theft from Vehicle,2017,9,26,17,0,16XX W 3RD AVE,Fairview,489620.8831,5457358.188
Theft from Vehicle,2017,5,18,8,30,16XX W 41ST AVE,Kerrisdale,489674.9338,5453514.8471
Theft from Vehicle,2017,10,5,15,49,16XX W 4TH AVE,Fairview,489628.9101,5457257.9114
Theft from Vehicle,2017,7,16,15,0,16XX W 58TH AVE,Marpole,489504.3323,5451758.0312
Theft from Vehicle,2017,12,13,19,0,16XX W 5TH AVE,Fairview,489704.1255,5457164.1195
Theft from Vehicle,2017,8,6,15,0,16XX W 61ST AVE,Marpole,489544.135,5451469.5576
Theft from Vehicle,2017,9,12,16,0,16XX W 63RD AVE,Marpole,489517.745,5451258.4674
Theft from Vehicle,2017,5,31,22,0,16XX W 64TH AVE,Marpole,489360.7098,5451176.6217
Theft from Vehicle,2017,8,19,19,0,16XX W 66TH AVE,Marpole,489530.1011,5450964.7795
Theft from Vehicle,2017,11,12,22,6,16XX W 68TH AVE,Marpole,489527.5359,5450868.9243
Theft from Vehicle,2017,7,15,17,0,16XX W 75TH AVE,Marpole,489304.2327,5450393.8622
Theft from Vehicle,2017,3,16,12,0,16XX W 7TH AVE,Fairview,489654.8148,5456964.8832
Theft from Vehicle,2017,9,18,20,0,16XX W 7TH AVE,Fairview,489654.8148,5456964.8832
Theft from Vehicle,2017,8,15,11,30,16XX W 7TH AVE,Fairview,489735.3308,5456972.0079
Theft from Vehicle,2017,2,4,14,30,16XX W BROADWAY AVE,Fairview,489620.8398,5456770.0702
Theft from Vehicle,2017,12,5,16,15,16XX W BROADWAY AVE,Fairview,489734.126,5456766.3836
Theft from Vehicle,2017,8,19,21,0,16XX W BROADWAY AVE,Fairview,489734.4234,5456775.5228
Theft from Vehicle,2017,3,20,17,30,16XX W GEORGIA ST,West End,490479.9746,5459784.5677
Theft from Vehicle,2017,4,23,22,0,16XX W GEORGIA ST,West End,490479.9746,5459784.5677
Theft from Vehicle,2017,11,19,21,45,16XX W GEORGIA ST,Central Business District,490492.911,5459784.2897
Theft from Vehicle,2017,11,30,20,0,16XX W KING EDWARD AVE,Shaughnessy,489695.4069,5455182.0668
Theft from Vehicle,2017,9,29,2,0,17XX ALBERNI ST,West End,490318.2146,5459863.148
Theft from Vehicle,2017,5,13,8,25,17XX ALBERNI ST,West End,490336.1222,5459832.4501
Theft from Vehicle,2017,8,21,9,30,17XX ALBERNI ST,West End,490336.1222,5459832.4501
Theft from Vehicle,2017,9,11,4,0,17XX ALBERNI ST,West End,490336.1222,5459832.4501
Theft from Vehicle,2017,7,31,0,11,17XX ARBUTUS ST,Kitsilano,488898.588,5457567.7329
Theft from Vehicle,2017,7,1,22,0,17XX BALSAM ST,Kitsilano,488382.8963,5457581.6816
Theft from Vehicle,2017,7,23,20,0,17XX BALSAM ST,Kitsilano,488382.8963,5457581.6816
Theft from Vehicle,2017,1,9,20,0,17XX BARCLAY ST,West End,490029.675,5459673.6069
Theft from Vehicle,2017,5,8,17,30,17XX BAYSHORE DR,Central Business District,490415.8518,5459959.0376
Theft from Vehicle,2017,8,11,21,30,17XX BEACH AVE,West End,489615.8598,5459101.3916
Theft from Vehicle,2017,8,19,7,45,17XX BURRARD ST,Fairview,489419.4988,5457524.5822
Theft from Vehicle,2017,10,5,18,0,17XX CASSIAR ST,Hastings-Sunrise,497750.0879,5457389.6851
Theft from Vehicle,2017,10,20,17,31,17XX CHARLES ST,Grandview-Woodland,495000.1367,5457815.207
Theft from Vehicle,2017,10,25,5,30,17XX CHARLES ST,Grandview-Woodland,495016.7819,5457805.9059
Theft from Vehicle,2017,4,23,17,0,17XX COLUMBIA ST,Mount Pleasant,492045.7034,5457494.3988
Theft from Vehicle,2017,4,29,8,51,17XX COLUMBIA ST,Mount Pleasant,492045.7034,5457494.3988
Theft from Vehicle,2017,7,31,19,0,17XX COLUMBIA ST,Mount Pleasant,492045.8483,5457503.1063
Theft from Vehicle,2017,6,1,18,0,17XX COMMERCIAL DR,Grandview-Woodland,494926.7604,5457396.1895
Theft from Vehicle,2017,1,12,19,0,17XX COMOX ST,West End,489887.565,5459515.9385
Theft from Vehicle,2017,2,7,13,0,17XX COMOX ST,West End,489887.565,5459515.9385
Theft from Vehicle,2017,2,23,22,0,17XX COMOX ST,West End,489887.565,5459515.9385
Theft from Vehicle,2017,3,2,9,0,17XX COMOX ST,West End,489887.565,5459515.9385
Theft from Vehicle,2017,3,9,21,0,17XX COMOX ST,West End,489887.565,5459515.9385
Theft from Vehicle,2017,3,28,19,0,17XX COMOX ST,West End,489887.565,5459515.9385
Theft from Vehicle,2017,3,28,20,0,17XX COMOX ST,West End,489887.565,5459515.9385
Theft from Vehicle,2017,4,2,8,30,17XX COMOX ST,West End,489887.565,5459515.9385
Theft from Vehicle,2017,4,18,23,0,17XX COMOX ST,West End,489887.565,5459515.9385
Theft from Vehicle,2017,5,10,20,0,17XX COMOX ST,West End,489887.565,5459515.9385
Theft from Vehicle,2017,6,16,20,0,17XX COMOX ST,West End,489887.565,5459515.9385
Theft from Vehicle,2017,7,8,22,0,17XX COMOX ST,West End,489887.565,5459515.9385
Theft from Vehicle,2017,8,27,23,0,17XX COMOX ST,West End,489887.565,5459515.9385
Theft from Vehicle,2017,11,9,0,0,17XX COMOX ST,West End,489887.565,5459515.9385
Theft from Vehicle,2017,11,11,1,0,17XX COMOX ST,West End,489887.565,5459515.9385
Theft from Vehicle,2017,11,12,8,30,17XX COMOX ST,West End,489887.565,5459515.9385
Theft from Vehicle,2017,11,30,5,0,17XX COMOX ST,West End,489887.565,5459515.9385
Theft from Vehicle,2017,10,23,18,0,17XX COMOX ST,West End,489920.4967,5459482.4708
Theft from Vehicle,2017,4,28,13,0,17XX COMOX ST,West End,489922.6922,5459480.2397
Theft from Vehicle,2017,6,19,8,15,17XX COMOX ST,West End,489927.0831,5459475.7773
Theft from Vehicle,2017,1,4,21,0,17XX COOK ST,Mount Pleasant,491945.958,5457449.4934
Theft from Vehicle,2017,12,10,16,39,17XX COOK ST,Mount Pleasant,491945.958,5457449.4934
Theft from Vehicle,2017,11,8,15,0,17XX COTTON DR,Grandview-Woodland,494797.6698,5457424.0353
Theft from Vehicle,2017,5,18,9,14,17XX COTTON DR,Grandview-Woodland,494797.7147,5457427.8203
Theft from Vehicle,2017,11,9,0,0,17XX COTTON DR,Grandview-Woodland,494797.7147,5457427.8203
Theft from Vehicle,2017,3,6,21,0,17XX DAVIE ST,West End,489717.8553,5459363.1112
Theft from Vehicle,2017,2,21,19,30,17XX DAVIE ST,West End,489740.2257,5459340.8544
Theft from Vehicle,2017,8,16,14,0,17XX DAVIE ST,West End,489740.2257,5459340.8544
Theft from Vehicle,2017,10,8,9,30,17XX DAVIE ST,West End,489740.2257,5459340.8544
Theft from Vehicle,2017,10,9,4,0,17XX DAVIE ST,West End,489740.2257,5459340.8544
Theft from Vehicle,2017,11,30,18,0,17XX DAVIE ST,West End,489742.2009,5459351.788
Theft from Vehicle,2017,2,26,3,50,17XX DAVIE ST,West End,489742.2009,5459351.788
Theft from Vehicle,2017,3,17,19,0,17XX DAVIE ST,West End,489742.2009,5459351.788
Theft from Vehicle,2017,7,16,23,0,17XX DAVIE ST,West End,489798.1994,5459283.1747
Theft from Vehicle,2017,10,31,8,45,17XX E 10TH AVE,Kensington-Cedar Cottage,494995.9177,5456512.048
Theft from Vehicle,2017,3,29,14,0,17XX E 10TH AVE,Kensington-Cedar Cottage,494995.9177,5456512.048
Theft from Vehicle,2017,4,26,20,0,17XX E 12TH AVE,Kensington-Cedar Cottage,494972.195,5456319.4841
Theft from Vehicle,2017,1,6,16,0,17XX E 13TH AVE,Kensington-Cedar Cottage,495008.3294,5456218.987
Theft from Vehicle,2017,3,11,5,50,17XX E 14TH AVE,Kensington-Cedar Cottage,494923.1292,5456107.4825
Theft from Vehicle,2017,12,13,9,0,17XX E 1ST AVE,Grandview-Woodland,495010.2906,5457420.9197
Theft from Vehicle,2017,9,15,21,30,17XX E 28TH AVE,Kensington-Cedar Cottage,494972.674,5454695.046
Theft from Vehicle,2017,3,13,18,0,17XX E 2ND AVE,Grandview-Woodland,495017.491,5457323.3043
Theft from Vehicle,2017,3,13,21,0,17XX E 2ND AVE,Grandview-Woodland,495017.491,5457323.3043
Theft from Vehicle,2017,3,1,17,0,17XX E 33RD AVE,Kensington-Cedar Cottage,494895.642,5454156.4209
Theft from Vehicle,2017,5,2,17,0,17XX E 33RD AVE,Kensington-Cedar Cottage,494895.642,5454156.4209
Theft from Vehicle,2017,12,16,4,30,17XX E 33RD AVE,Kensington-Cedar Cottage,494895.642,5454156.4209
Theft from Vehicle,2017,4,10,16,34,17XX E 34TH AVE,Kensington-Cedar Cottage,494943.9987,5454063.2075
Theft from Vehicle,2017,5,6,18,45,17XX E 35TH AVE,Kensington-Cedar Cottage,494814.4928,5453959.1553
Theft from Vehicle,2017,7,14,11,16,17XX E 36TH AVE,Kensington-Cedar Cottage,494811.8361,5453867.725
Theft from Vehicle,2017,7,10,6,28,17XX E 36TH AVE,Kensington-Cedar Cottage,494869.8054,5453875.0226
Theft from Vehicle,2017,9,2,0,15,17XX E 47TH AVE,Victoria-Fraserview,494824.2135,5452773.5494
Theft from Vehicle,2017,4,18,21,0,17XX E 61ST AVE,Victoria-Fraserview,494755.714,5451307.7249
Theft from Vehicle,2017,5,20,20,0,17XX E 62ND AVE,Victoria-Fraserview,494869.1903,5451212.162
Theft from Vehicle,2017,3,9,18,0,17XX E 7TH AVE,Grandview-Woodland,494926.2323,5456820.6161
Theft from Vehicle,2017,10,22,11,28,17XX E 7TH AVE,Grandview-Woodland,494926.2323,5456820.6161
Theft from Vehicle,2017,8,30,18,0,17XX E 7TH AVE,Grandview-Woodland,494998.2339,5456829.1762
Theft from Vehicle,2017,9,7,0,38,17XX E BROADWAY AVE,Kensington-Cedar Cottage,495037.9953,5456613.9613
Theft from Vehicle,2017,10,31,18,0,17XX E BROADWAY AVE,Kensington-Cedar Cottage,495037.9953,5456613.9613
Theft from Vehicle,2017,9,20,18,0,17XX E GEORGIA ST,Grandview-Woodland,494878.9184,5458411.8285
Theft from Vehicle,2017,10,12,22,40,17XX E GEORGIA ST,Grandview-Woodland,494878.9184,5458411.8285
Theft from Vehicle,2017,12,30,12,0,17XX E GEORGIA ST,Grandview-Woodland,494878.9184,5458411.8285
Theft from Vehicle,2017,10,5,18,0,17XX E GEORGIA ST,Grandview-Woodland,494920.5183,5458420.2884
Theft from Vehicle,2017,3,13,10,1,17XX E GEORGIA ST,Grandview-Woodland,494952.9349,5458410.6091
Theft from Vehicle,2017,7,28,6,2,17XX E GEORGIA ST,Grandview-Woodland,494982.5415,5458410.1214
Theft from Vehicle,2017,8,10,23,0,17XX E GEORGIA ST,Grandview-Woodland,494982.6922,5458419.2641
Theft from Vehicle,2017,10,5,20,30,17XX E GEORGIA ST,Grandview-Woodland,494982.6922,5458419.2641
Theft from Vehicle,2017,10,22,23,0,17XX E GEORGIA ST,Grandview-Woodland,495006.2268,5458409.7312
Theft from Vehicle,2017,1,27,9,0,17XX E HASTINGS ST,Grandview-Woodland,494884.4371,5458719.3681
Theft from Vehicle,2017,2,18,7,42,17XX E HASTINGS ST,Grandview-Woodland,494884.4371,5458719.3681
Theft from Vehicle,2017,2,28,16,15,17XX E HASTINGS ST,Grandview-Woodland,494884.4371,5458719.3681
Theft from Vehicle,2017,4,25,22,20,17XX E HASTINGS ST,Grandview-Woodland,494884.4371,5458719.3681
Theft from Vehicle,2017,9,18,10,40,17XX E HASTINGS ST,Grandview-Woodland,494884.4371,5458719.3681
Theft from Vehicle,2017,2,8,10,0,17XX E HASTINGS ST,Grandview-Woodland,494949.2349,5458728.0909
Theft from Vehicle,2017,4,19,11,30,17XX E KENT AVE N,Victoria-Fraserview,494811.2968,5450681.3051
Theft from Vehicle,2017,7,25,3,16,17XX E PENDER ST,Grandview-Woodland,494882.1772,5458612.1638
Theft from Vehicle,2017,7,16,20,49,17XX E PENDER ST,Grandview-Woodland,494917.7907,5458620.7034
Theft from Vehicle,2017,4,28,23,10,17XX E PENDER ST,Grandview-Woodland,494953.0932,5458610.9577
Theft from Vehicle,2017,8,12,12,0,17XX E PENDER ST,Grandview-Woodland,494953.0932,5458610.9577
Theft from Vehicle,2017,10,20,20,0,17XX E PENDER ST,Grandview-Woodland,494953.0932,5458610.9577
Theft from Vehicle,2017,7,11,16,0,17XX FIR ST,Fairview,489747.1626,5457519.0128
Theft from Vehicle,2017,9,21,5,0,17XX FRANCES ST,Grandview-Woodland,494880.4095,5458511.5762
Theft from Vehicle,2017,6,11,18,0,17XX FRANCES ST,Grandview-Woodland,494993.0889,5458518.2081
Theft from Vehicle,2017,1,20,7,30,17XX FRANKLIN ST,Grandview-Woodland,494885.9709,5458823.398
Theft from Vehicle,2017,3,20,0,22,17XX FRANKLIN ST,Grandview-Woodland,494959.3156,5458822.1629
Theft from Vehicle,2017,12,6,14,0,17XX GRANT ST,Grandview-Woodland,494963.2408,5457612.2906
Theft from Vehicle,2017,5,20,9,3,17XX HARO ST,West End,490128.0317,5459742.0955
Theft from Vehicle,2017,9,24,18,0,17XX HARO ST,West End,490128.0317,5459742.0955
Theft from Vehicle,2017,3,24,20,0,17XX HARO ST,West End,490181.8311,5459676.9774
Theft from Vehicle,2017,4,20,15,0,17XX ISLAND AVE,Victoria-Fraserview,494917.1888,5450765.6072
Theft from Vehicle,2017,9,18,17,52,17XX KITCHENER ST,Grandview-Woodland,494938.0844,5457706.5679
Theft from Vehicle,2017,9,22,15,10,17XX KITCHENER ST,Grandview-Woodland,494938.0844,5457706.5679
Theft from Vehicle,2017,9,15,16,0,17XX KITCHENER ST,Grandview-Woodland,495028.4635,5457715.047
Theft from Vehicle,2017,10,7,21,0,17XX LARCH ST,Kitsilano,488206.9814,5457566.7978
Theft from Vehicle,2017,11,20,0,1,17XX LORNE ST,Mount Pleasant,492812.3827,5457384.5041
Theft from Vehicle,2017,1,6,4,17,17XX MANITOBA ST,Mount Pleasant,492238.4309,5457413.6786
Theft from Vehicle,2017,4,10,0,0,17XX MANITOBA ST,Mount Pleasant,492238.4309,5457413.6786
Theft from Vehicle,2017,5,18,9,0,17XX MANITOBA ST,Mount Pleasant,492238.4309,5457413.6786
Theft from Vehicle,2017,6,1,14,0,17XX MANITOBA ST,Mount Pleasant,492238.4309,5457413.6786
Theft from Vehicle,2017,8,5,22,0,17XX MANITOBA ST,Mount Pleasant,492246.9515,5457495.0917
Theft from Vehicle,2017,3,29,19,0,17XX MCSPADDEN AVE,Grandview-Woodland,494933.3603,5457072.5976
Theft from Vehicle,2017,1,2,15,10,17XX NANAIMO ST,Hastings-Sunrise,495886.2507,5457387.5354
Theft from Vehicle,2017,5,28,19,0,17XX NAPIER ST,Grandview-Woodland,494942.7114,5458009.5917
Theft from Vehicle,2017,9,28,19,0,17XX NAPIER ST,Grandview-Woodland,494965.2087,5458018.5241
Theft from Vehicle,2017,10,20,23,0,17XX NELSON ST,West End,489956.188,5459604.5435
Theft from Vehicle,2017,4,2,12,0,17XX NELSON ST,West End,489994.1024,5459565.7863
Theft from Vehicle,2017,5,18,19,30,17XX NELSON ST,West End,489994.1024,5459565.7863
Theft from Vehicle,2017,7,14,18,30,17XX NELSON ST,West End,489994.1024,5459565.7863
Theft from Vehicle,2017,5,25,21,45,17XX PANDORA ST,Grandview-Woodland,494888.2628,5458923.3623
Theft from Vehicle,2017,8,4,18,0,17XX PARKER ST,Grandview-Woodland,494943.6956,5458109.3867
Theft from Vehicle,2017,10,20,22,30,17XX PARKER ST,Grandview-Woodland,494978.8751,5458118.1462
Theft from Vehicle,2017,2,1,21,0,17XX PENDRELL ST,West End,489824.3722,5459410.4504
Theft from Vehicle,2017,9,4,0,10,17XX PENDRELL ST,West End,489824.3722,5459410.4504
Theft from Vehicle,2017,12,5,10,35,17XX PENDRELL ST,West End,489850.44,5459397.7613
Theft from Vehicle,2017,7,31,19,7,17XX POWELL ST,Grandview-Woodland,494887.2702,5459020.3352
Theft from Vehicle,2017,12,5,15,0,17XX POWELL ST,Grandview-Woodland,494889.5933,5459011.4912
Theft from Vehicle,2017,11,14,12,0,17XX POWELL ST,Grandview-Woodland,494934.1204,5459032.6415
Theft from Vehicle,2017,2,5,16,30,17XX QUEBEC ST,Mount Pleasant,492523.5658,5457414.1166
Theft from Vehicle,2017,6,6,15,0,17XX ROBSON ST,West End,490184.7452,5459826.5657
Theft from Vehicle,2017,6,24,20,15,17XX ROBSON ST,West End,490184.7452,5459826.5657
Theft from Vehicle,2017,11,16,21,30,17XX ROBSON ST,West End,490258.1152,5459755.2472
Theft from Vehicle,2017,12,21,15,20,17XX ROBSON ST,West End,490258.1152,5459755.2472
Theft from Vehicle,2017,10,15,16,0,17XX ROBSON ST,West End,490264.4887,5459761.804
Theft from Vehicle,2017,9,1,22,0,17XX STEPHENS ST,Kitsilano,487907.8681,5457588.0396
Theft from Vehicle,2017,6,15,19,0,17XX TEMPLETON DR,Grandview-Woodland,495643.6843,5457416.9278
Theft from Vehicle,2017,8,13,0,0,17XX TRAFALGAR ST,Kitsilano,488040.8683,5457593.7135
Theft from Vehicle,2017,9,21,23,45,17XX TRAFALGAR ST,Kitsilano,488040.8683,5457593.7135
Theft from Vehicle,2017,7,12,0,0,17XX TRUTCH ST,Kitsilano,487223.9448,5457527.1892
Theft from Vehicle,2017,10,15,17,30,17XX VENABLES ST,Grandview-Woodland,494911.0276,5458218.9712
Theft from Vehicle,2017,11,23,16,0,17XX VENABLES ST,Grandview-Woodland,494948.1589,5458208.8285
Theft from Vehicle,2017,7,10,14,33,17XX VENABLES ST,Grandview-Woodland,495000.6292,5458217.0578
Theft from Vehicle,2017,8,25,21,0,17XX VENABLES ST,Grandview-Woodland,495025.6687,5458207.4748
Theft from Vehicle,2017,6,4,10,30,17XX VENABLES ST,Grandview-Woodland,495046.251,5458207.699
Theft from Vehicle,2017,1,12,18,0,17XX W 10TH AVE,Fairview,489410.2907,5456670.3081
Theft from Vehicle,2017,11,29,19,20,17XX W 10TH AVE,Fairview,489491.8316,5456677.4491
Theft from Vehicle,2017,1,11,20,0,17XX W 11TH AVE,Fairview,489408.0326,5456567.4368
Theft from Vehicle,2017,11,13,19,0,17XX W 11TH AVE,Fairview,489534.3988,5456571.2421
Theft from Vehicle,2017,4,30,8,0,17XX W 11TH AVE,Fairview,489534.3988,5456571.2421
Theft from Vehicle,2017,2,6,0,25,17XX W 12TH AVE,Fairview,489438.5767,5456467.6549
Theft from Vehicle,2017,2,6,18,45,17XX W 12TH AVE,Fairview,489438.5767,5456467.6549
Theft from Vehicle,2017,5,28,20,30,17XX W 13TH AVE,Fairview,489405.5848,5456357.7606
Theft from Vehicle,2017,10,29,20,10,17XX W 13TH AVE,Fairview,489551.7718,5456353.0043
Theft from Vehicle,2017,12,22,19,0,17XX W 13TH AVE,Fairview,489551.7718,5456353.0043
Theft from Vehicle,2017,6,28,17,0,17XX W 14TH AVE,Fairview,489548.4855,5456252.3598
Theft from Vehicle,2017,10,15,2,0,17XX W 14TH AVE,Fairview,489548.4855,5456252.3598
Theft from Vehicle,2017,6,29,1,0,17XX W 15TH AVE,Fairview,489545.4361,5456149.2474
Theft from Vehicle,2017,12,27,20,0,17XX W 15TH AVE,Fairview,489545.4361,5456149.2474
Theft from Vehicle,2017,6,17,0,30,17XX W 29TH AVE,Shaughnessy,489436.535,5454756.3499
Theft from Vehicle,2017,8,12,21,0,17XX W 29TH AVE,Shaughnessy,489436.535,5454756.3499
Theft from Vehicle,2017,2,5,15,14,17XX W 29TH AVE,Shaughnessy,489519.1998,5454754.5187
Theft from Vehicle,2017,11,12,23,0,17XX W 37TH AVE,Shaughnessy,489493.725,5453932.4941
Theft from Vehicle,2017,12,8,12,0,17XX W 40TH AVE,Shaughnessy,489272.5662,5453677.6723
Theft from Vehicle,2017,12,8,17,0,17XX W 43RD AVE,Kerrisdale,489457.4527,5453312.5314
Theft from Vehicle,2017,1,6,9,0,17XX W 4TH AVE,Fairview,489570.4373,5457250.418
Theft from Vehicle,2017,6,28,22,0,17XX W 59TH AVE,Marpole,489254.182,5451676.0676
Theft from Vehicle,2017,8,6,22,0,17XX W 61ST AVE,Marpole,489386.0304,5451474.1632
Theft from Vehicle,2017,10,27,21,0,17XX W 68TH AVE,Marpole,489233.1598,5450879.4252
Theft from Vehicle,2017,7,7,8,45,17XX W 6TH AVE,Fairview,489568.7415,5457061.1724
Theft from Vehicle,2017,6,24,18,0,17XX W 7TH AVE,Fairview,489483.2503,5456969.2363
Theft from Vehicle,2017,7,1,0,30,17XX W 8TH AVE,Fairview,489453.4865,5456878.5527
Theft from Vehicle,2017,12,29,15,45,17XX W BROADWAY AVE,Fairview,489400.3634,5456776.4404
Theft from Vehicle,2017,8,20,16,32,17XX W BROADWAY AVE,Fairview,489416.7099,5456775.988
Theft from Vehicle,2017,11,5,11,5,17XX W BROADWAY AVE,Fairview,489416.7099,5456775.988
Theft from Vehicle,2017,12,31,9,16,17XX W BROADWAY AVE,Fairview,489416.7099,5456775.988
Theft from Vehicle,2017,1,10,10,0,17XX WATERLOO ST,Kitsilano,486929.0183,5457588.3073
Theft from Vehicle,2017,3,17,19,0,17XX WATERLOO ST,Kitsilano,486939.3351,5457620.6094
Theft from Vehicle,2017,3,21,4,30,17XX WILLIAM ST,Grandview-Woodland,494941.6098,5457908.1865
Theft from Vehicle,2017,5,17,23,20,18XX ADANAC ST,Grandview-Woodland,495034.5218,5458307.8383
Theft from Vehicle,2017,7,2,18,0,18XX ADANAC ST,Grandview-Woodland,495034.5218,5458307.8383
Theft from Vehicle,2017,4,14,0,0,18XX ADANAC ST,Grandview-Woodland,495053.8062,5458316.6881
Theft from Vehicle,2017,3,24,21,30,18XX ADANAC ST,Grandview-Woodland,495130.2435,5458306.3724
Theft from Vehicle,2017,5,17,21,0,18XX ALBERNI ST,West End,490124.5799,5460040.3636
Theft from Vehicle,2017,7,13,14,0,18XX ALBERNI ST,West End,490159.3731,5460019.3509
Theft from Vehicle,2017,5,20,16,0,18XX ALBERNI ST,West End,490205.4854,5459961.8783
Theft from Vehicle,2017,5,5,15,45,18XX BARCLAY ST,West End,489962.5945,5459739.6986
Theft from Vehicle,2017,5,5,20,0,18XX BARCLAY ST,West End,489962.5945,5459739.6986
Theft from Vehicle,2017,5,5,23,30,18XX BARCLAY ST,West End,489962.5945,5459739.6986
Theft from Vehicle,2017,3,1,22,0,18XX BARCLAY ST,West End,489975.6047,5459739.7337
Theft from Vehicle,2017,8,23,14,30,18XX BARCLAY ST,West End,489991.1994,5459711.5889
Theft from Vehicle,2017,10,8,12,0,18XX BARCLAY ST,West End,489991.1994,5459711.5889
Theft from Vehicle,2017,5,2,23,15,18XX BAYSWATER ST,Kitsilano,487562.8923,5457506.7381
Theft from Vehicle,2017,12,15,11,41,18XX BEACH AVE,West End,489643.7613,5459363.4446
Theft from Vehicle,2017,1,13,17,0,18XX BLANCA ST,West Point Grey,484368.3637,5457618.0707
Theft from Vehicle,2017,6,30,20,0,18XX CHARLES ST,Grandview-Woodland,495085.0855,5457805.2503
Theft from Vehicle,2017,10,19,22,0,18XX CHARLES ST,Grandview-Woodland,495085.0855,5457805.2503
Theft from Vehicle,2017,8,5,12,0,18XX COMOX ST,West End,489766.8439,5459637.2389
Theft from Vehicle,2017,2,24,17,0,18XX COMOX ST,West End,489769.1269,5459622.0378
Theft from Vehicle,2017,12,12,16,0,18XX COMOX ST,West End,489780.0567,5459611.1248
Theft from Vehicle,2017,6,21,18,30,18XX COMOX ST,West End,489793.0754,5459611.0478
Theft from Vehicle,2017,10,3,18,35,18XX COMOX ST,West End,489834.7058,5459556.56
Theft from Vehicle,2017,9,21,23,0,18XX CORNWALL AVE,Kitsilano,489261.789,5457761.0502
Theft from Vehicle,2017,3,22,10,0,18XX CORNWALL AVE,Kitsilano,489306.8295,5457750.668
Theft from Vehicle,2017,6,16,16,15,18XX CORNWALL AVE,Kitsilano,489306.8295,5457750.668
Theft from Vehicle,2017,6,27,19,24,18XX CORNWALL AVE,Kitsilano,489306.8295,5457750.668
Theft from Vehicle,2017,6,28,7,55,18XX CORNWALL AVE,Kitsilano,489306.8295,5457750.668
Theft from Vehicle,2017,10,22,15,20,18XX CORNWALL AVE,Kitsilano,489306.8295,5457750.668
Theft from Vehicle,2017,3,24,18,30,18XX CREELMAN AVE,Kitsilano,489324.2829,5457979.3871
Theft from Vehicle,2017,5,5,10,21,18XX DRUMMOND DR,West Point Grey,483937.1486,5457626.7283
Theft from Vehicle,2017,8,4,2,0,18XX E 10TH AVE,Kensington-Cedar Cottage,495063.0454,5456511.5778
Theft from Vehicle,2017,2,23,16,0,18XX E 12TH AVE,Kensington-Cedar Cottage,495082.4004,5456308.1957
Theft from Vehicle,2017,10,1,12,0,18XX E 13TH AVE,Kensington-Cedar Cottage,495092.489,5456208.5017
Theft from Vehicle,2017,10,3,23,30,18XX E 13TH AVE,Kensington-Cedar Cottage,495114.2494,5456208.1552
Theft from Vehicle,2017,9,14,13,30,18XX E 14TH AVE,Kensington-Cedar Cottage,495139.5767,5456113.6698
Theft from Vehicle,2017,11,4,6,0,18XX E 16TH AVE,Kensington-Cedar Cottage,495063.4909,5455944.1354
Theft from Vehicle,2017,12,19,21,0,18XX E 16TH AVE,Kensington-Cedar Cottage,495063.4909,5455944.1354
Theft from Vehicle,2017,1,15,23,10,18XX E 35TH AVE,Kensington-Cedar Cottage,495014.0257,5453953.065
Theft from Vehicle,2017,12,10,22,0,18XX E 35TH AVE,Kensington-Cedar Cottage,495042.8223,5453961.7169
Theft from Vehicle,2017,2,6,3,54,18XX E 38TH AVE,Kensington-Cedar Cottage,495074.7369,5453615.5612
Theft from Vehicle,2017,7,9,19,30,18XX E 38TH AVE,Kensington-Cedar Cottage,495101.0137,5453605.8737
Theft from Vehicle,2017,3,18,8,0,18XX E 39TH AVE,Kensington-Cedar Cottage,495053.9317,5453523.9271
Theft from Vehicle,2017,3,28,14,0,18XX E 51ST AVE,Victoria-Fraserview,495026.6371,5452304.2959
Theft from Vehicle,2017,6,30,17,0,18XX E 6TH AVE,Grandview-Woodland,495069.4804,5456919.9454
Theft from Vehicle,2017,8,17,21,0,18XX E 6TH AVE,Grandview-Woodland,495145.3323,5456928.1012
Theft from Vehicle,2017,3,4,8,0,18XX E 8TH AVE,Grandview-Woodland,495147.2894,5456727.2392
Theft from Vehicle,2017,4,17,12,0,18XX E GEORGIA ST,Grandview-Woodland,495034.5431,5458409.185
Theft from Vehicle,2017,5,17,19,0,18XX E GEORGIA ST,Grandview-Woodland,495034.5431,5458409.185
Theft from Vehicle,2017,6,22,19,0,18XX E GEORGIA ST,Grandview-Woodland,495034.5431,5458409.185
Theft from Vehicle,2017,11,15,9,5,18XX E GEORGIA ST,Grandview-Woodland,495034.5431,5458409.185
Theft from Vehicle,2017,12,13,0,0,18XX E GEORGIA ST,Grandview-Woodland,495034.5431,5458409.185
Theft from Vehicle,2017,4,25,23,0,18XX E GEORGIA ST,Grandview-Woodland,495053.6736,5458408.614
Theft from Vehicle,2017,1,3,8,12,18XX E GEORGIA ST,Grandview-Woodland,495079.1008,5458417.0029
Theft from Vehicle,2017,2,5,23,0,18XX E GEORGIA ST,Grandview-Woodland,495092.2076,5458416.6119
Theft from Vehicle,2017,3,12,21,0,18XX E GEORGIA ST,Grandview-Woodland,495130.1959,5458406.3299
Theft from Vehicle,2017,10,13,0,0,18XX E GEORGIA ST,Grandview-Woodland,495138.121,5458415.2414
Theft from Vehicle,2017,3,5,20,0,18XX E GEORGIA ST,Grandview-Woodland,495141.6743,5458405.9873
Theft from Vehicle,2017,10,19,15,0,18XX E GEORGIA ST,Grandview-Woodland,495180.2082,5458413.9852
Theft from Vehicle,2017,11,5,19,0,18XX E GEORGIA ST,Grandview-Woodland,495180.2082,5458413.9852
Theft from Vehicle,2017,5,10,8,30,18XX E HASTINGS ST,Grandview-Woodland,495039.1078,5458718.2997
Theft from Vehicle,2017,2,15,22,24,18XX E HASTINGS ST,Grandview-Woodland,495077.01,5458717.6521
Theft from Vehicle,2017,8,11,23,0,18XX E HASTINGS ST,Grandview-Woodland,495077.01,5458717.6521
Theft from Vehicle,2017,10,15,19,40,18XX E HASTINGS ST,Grandview-Woodland,495077.01,5458717.6521
Theft from Vehicle,2017,6,9,18,0,18XX E HASTINGS ST,Grandview-Woodland,495217.4042,5458724.3988
Theft from Vehicle,2017,2,16,12,0,18XX E KENT AVE N,Victoria-Fraserview,494932.3062,5450628.7228
Theft from Vehicle,2017,7,20,20,0,18XX E PENDER ST,Grandview-Woodland,495037.5532,5458609.5533
Theft from Vehicle,2017,9,7,12,0,18XX E PENDER ST,Grandview-Woodland,495037.5532,5458609.5533
Theft from Vehicle,2017,10,26,19,0,18XX E PENDER ST,Grandview-Woodland,495037.5532,5458609.5533
Theft from Vehicle,2017,4,21,23,45,18XX E PENDER ST,Grandview-Woodland,495117.3665,5458608.6271
Theft from Vehicle,2017,4,24,23,30,18XX FRANCES ST,Grandview-Woodland,495036.039,5458508.113
Theft from Vehicle,2017,9,10,20,0,18XX FRANCES ST,Grandview-Woodland,495036.039,5458508.113
Theft from Vehicle,2017,10,16,20,0,18XX FRANCES ST,Grandview-Woodland,495036.039,5458508.113
Theft from Vehicle,2017,11,9,7,55,18XX FRANCES ST,Grandview-Woodland,495036.039,5458508.113
Theft from Vehicle,2017,9,13,17,0,18XX FRANCES ST,Grandview-Woodland,495051.4711,5458516.9396
Theft from Vehicle,2017,5,7,21,0,18XX FRANCES ST,Grandview-Woodland,495089.3891,5458507.0089
Theft from Vehicle,2017,10,21,2,15,18XX FRANCES ST,Grandview-Woodland,495097.1998,5458515.9932
Theft from Vehicle,2017,2,7,17,30,18XX FRANCES ST,Grandview-Woodland,495157.9822,5458505.5893
Theft from Vehicle,2017,3,12,0,0,18XX FRANCES ST,Grandview-Woodland,495157.9822,5458505.5893
Theft from Vehicle,2017,1,29,6,30,18XX FRANCES ST,Grandview-Woodland,495165.7928,5458514.5736
Theft from Vehicle,2017,9,5,22,0,18XX FRANCES ST,Grandview-Woodland,495165.7928,5458514.5736
Theft from Vehicle,2017,5,28,22,0,18XX FRANKLIN ST,Grandview-Woodland,495097.2208,5458828.9097
Theft from Vehicle,2017,9,12,9,0,18XX FRANKLIN ST,Grandview-Woodland,495097.2208,5458828.9097
Theft from Vehicle,2017,5,3,20,0,18XX FRANKLIN ST,Grandview-Woodland,495100.8439,5458819.6988
Theft from Vehicle,2017,12,9,17,34,18XX FRANKLIN ST,Grandview-Woodland,495142.5139,5458818.9464
Theft from Vehicle,2017,4,5,13,30,18XX HARO ST,West End,489995.7142,5459872.7603
Theft from Vehicle,2017,4,5,9,0,18XX HARO ST,West End,490005.3631,5459850.2296
Theft from Vehicle,2017,12,7,19,0,18XX HARO ST,West End,490007.7927,5459860.7191
Theft from Vehicle,2017,3,6,6,57,18XX HARO ST,West End,490041.8729,5459826.7445
Theft from Vehicle,2017,11,6,19,30,18XX HARO ST,West End,490048.0545,5459820.5818
Theft from Vehicle,2017,9,10,0,0,18XX HARO ST,West End,490049.6511,5459806.0785
Theft from Vehicle,2017,6,2,0,0,18XX HARO ST,West End,490049.6511,5459806.0785
Theft from Vehicle,2017,7,19,9,53,18XX HARO ST,West End,490065.7558,5459790.0235
Theft from Vehicle,2017,9,8,23,0,18XX HARO ST,West End,490065.7558,5459790.0235
Theft from Vehicle,2017,4,6,0,0,18XX ISLAND AVE,Victoria-Fraserview,494940.2914,5450745.7376
Theft from Vehicle,2017,11,26,11,30,18XX KINGSWAY AVE,Kensington-Cedar Cottage,495148.0585,5454782.6531
Theft from Vehicle,2017,3,3,23,0,18XX KITCHENER ST,Grandview-Woodland,495106.7906,5457713.917
Theft from Vehicle,2017,9,27,0,0,18XX MAST TOWER RD,Fairview,490078.6949,5457644.1495
Theft from Vehicle,2017,12,8,1,0,18XX MCLEAN DR,Grandview-Woodland,494506.6662,5457299.0619
Theft from Vehicle,2017,12,4,15,0,18XX MCNICOLL AVE,Kitsilano,489363.3386,5458164.3711
Theft from Vehicle,2017,9,4,22,0,18XX MORTON AVE,West End,489678.7215,5459482.815
Theft from Vehicle,2017,6,29,15,0,18XX NANAIMO ST,Hastings-Sunrise,495885.1594,5457312.5639
Theft from Vehicle,2017,10,1,14,32,18XX NAPIER ST,Grandview-Woodland,495088.0909,5458008.2321
Theft from Vehicle,2017,5,28,6,0,18XX NAPIER ST,Grandview-Woodland,495117.7848,5458017.1551
Theft from Vehicle,2017,8,6,10,44,18XX NELSON ST,West End,489847.4753,5459699.2825
Theft from Vehicle,2017,10,15,20,0,18XX NELSON ST,West End,489913.5041,5459634.9378
Theft from Vehicle,2017,7,19,18,0,18XX OGDEN AVE,Kitsilano,489292.7182,5458232.3744
Theft from Vehicle,2017,4,26,18,30,18XX PARKER ST,Grandview-Woodland,495089.5763,5458107.7915
Theft from Vehicle,2017,7,19,7,0,18XX PENDRELL ST,West End,489756.3341,5459477.1101
Theft from Vehicle,2017,3,21,0,0,18XX POWELL ST,Grandview-Woodland,495043.9359,5459052.4966
Theft from Vehicle,2017,10,31,18,0,18XX POWELL ST,Grandview-Woodland,495106.0247,5459083.155
Theft from Vehicle,2017,7,8,0,0,18XX QUILCHENA CRES,Arbutus Ridge,489230.8392,5454290.4103
Theft from Vehicle,2017,4,4,15,30,18XX RENFREW ST,Hastings-Sunrise,496785.7084,5457264.3718
Theft from Vehicle,2017,3,29,19,0,18XX ROBSON ST,West End,490068.8085,5459953.0435
Theft from Vehicle,2017,11,19,15,0,18XX ROBSON ST,West End,490068.8085,5459953.0435
Theft from Vehicle,2017,1,15,16,0,18XX ROBSON ST,West End,490077.5105,5459931.6458
Theft from Vehicle,2017,1,15,19,0,18XX ROBSON ST,West End,490078.0157,5459931.1482
Theft from Vehicle,2017,10,15,14,9,18XX ROBSON ST,West End,490122.8611,5459887.0019
Theft from Vehicle,2017,4,6,22,0,18XX ROBSON ST,West End,490142.2971,5459867.8689
Theft from Vehicle,2017,6,6,9,36,18XX ROBSON ST,West End,490142.2971,5459867.8689
Theft from Vehicle,2017,4,14,18,30,18XX SCOTIA ST,Mount Pleasant,492918.1987,5457291.5563
Theft from Vehicle,2017,8,7,21,8,18XX SCOTIA ST,Mount Pleasant,492918.1987,5457291.5563
Theft from Vehicle,2017,10,14,17,0,18XX SE MARINE DR,Victoria-Fraserview,494931.9873,5450881.4839
Theft from Vehicle,2017,11,29,23,0,18XX SEMLIN DR,Grandview-Woodland,495360.4915,5457321.7593
Theft from Vehicle,2017,10,24,18,30,18XX SKEENA ST,Hastings-Sunrise,497933.9627,5457207.9262
Theft from Vehicle,2017,1,22,19,0,18XX SPYGLASS PL,Fairview,491610.0218,5457429.3488
Theft from Vehicle,2017,11,18,20,0,18XX STAINSBURY AVE,Kensington-Cedar Cottage,495047.2255,5455512.9794
Theft from Vehicle,2017,12,3,17,0,18XX STAINSBURY AVE,Kensington-Cedar Cottage,495047.2255,5455512.9794
Theft from Vehicle,2017,10,2,20,0,18XX STEPHENS ST,Kitsilano,487896.8405,5457461.7477
Theft from Vehicle,2017,12,15,18,0,18XX STEPHENS ST,Kitsilano,487906.7272,5457493.9008
Theft from Vehicle,2017,11,17,20,0,18XX SW MARINE DR,Kerrisdale,489134.7579,5450812.3522
Theft from Vehicle,2017,7,12,12,22,18XX TRAFALGAR ST,Kitsilano,488029.2845,5457463.7632
Theft from Vehicle,2017,9,25,23,0,18XX TRUTCH ST,Kitsilano,487223.383,5457514.6979
Theft from Vehicle,2017,2,17,17,0,18XX VENABLES ST,Grandview-Woodland,495091.1383,5458208.191
Theft from Vehicle,2017,1,1,17,0,18XX VENABLES ST,Grandview-Woodland,495131.3978,5458207.9826
Theft from Vehicle,2017,11,8,18,0,18XX VENABLES ST,Grandview-Woodland,495215.3936,5458216.6918
Theft from Vehicle,2017,8,16,18,0,18XX VINE ST,Kitsilano,488550.9845,5457478.7031
Theft from Vehicle,2017,12,5,17,47,18XX W 10TH AVE,Kitsilano,489224.1989,5456684.3088
Theft from Vehicle,2017,5,8,0,0,18XX W 10TH AVE,Kitsilano,489350.3858,5456671.8498
Theft from Vehicle,2017,6,22,16,0,18XX W 10TH AVE,Kitsilano,489353.713,5456671.7625
Theft from Vehicle,2017,7,17,12,0,18XX W 10TH AVE,Kitsilano,489386.9832,5456670.89
Theft from Vehicle,2017,11,21,18,30,18XX W 10TH AVE,Kitsilano,489386.9832,5456670.89
Theft from Vehicle,2017,7,18,22,0,18XX W 13TH AVE,Kitsilano,489239.0474,5456370.5685
Theft from Vehicle,2017,7,18,21,30,18XX W 13TH AVE,Kitsilano,489255.6864,5456370.229
Theft from Vehicle,2017,1,11,19,30,18XX W 13TH AVE,Kitsilano,489298.7612,5456360.2043
Theft from Vehicle,2017,9,9,10,0,18XX W 13TH AVE,Kitsilano,489338.8812,5456368.5317
Theft from Vehicle,2017,5,3,1,0,18XX W 14TH AVE,Kitsilano,489252.3808,5456272.7601
Theft from Vehicle,2017,12,11,20,0,18XX W 15TH AVE,Kitsilano,489230.0769,5456156.2809
Theft from Vehicle,2017,9,16,8,0,18XX W 15TH AVE,Kitsilano,489276.8432,5456164.5503
Theft from Vehicle,2017,3,8,18,0,18XX W 16TH AVE,Shaughnessy,489329.0255,5456052.9091
Theft from Vehicle,2017,3,20,18,0,18XX W 16TH AVE,Shaughnessy,489329.0255,5456052.9091
Theft from Vehicle,2017,10,28,21,0,18XX W 17TH AVE,Shaughnessy,489306.6016,5455947.5682
Theft from Vehicle,2017,3,26,12,0,18XX W 1ST AVE,Kitsilano,489404.9394,5457560.2349
Theft from Vehicle,2017,6,1,19,0,18XX W 35TH AVE,Shaughnessy,489212.41,5454149.6466
Theft from Vehicle,2017,6,1,19,0,18XX W 35TH AVE,Shaughnessy,489251.073,5454139.6209
Theft from Vehicle,2017,11,13,0,0,18XX W 37TH AVE,Shaughnessy,489280.9417,5453945.4308
Theft from Vehicle,2017,4,28,20,0,18XX W 39TH AVE,Shaughnessy,489170.0045,5453743.3301
Theft from Vehicle,2017,9,17,12,0,18XX W 39TH AVE,Shaughnessy,489253.5359,5453731.6801
Theft from Vehicle,2017,12,13,18,0,18XX W 3RD AVE,Kitsilano,489402.9735,5457354.7444
Theft from Vehicle,2017,12,11,18,0,18XX W 4TH AVE,Kitsilano,489262.7983,5457268.1217
Theft from Vehicle,2017,11,2,19,0,18XX W 4TH AVE,Kitsilano,489353.8752,5457256.4575
Theft from Vehicle,2017,10,10,23,0,18XX W 57TH AVE,Kerrisdale,489117.8488,5451860.4177
Theft from Vehicle,2017,3,5,4,0,18XX W 5TH AVE,Kitsilano,489276.0734,5457173.6433
Theft from Vehicle,2017,9,11,1,49,18XX W 5TH AVE,Kitsilano,489276.0734,5457173.6433
Theft from Vehicle,2017,12,4,17,0,18XX W 5TH AVE,Kitsilano,489276.0734,5457173.6433
Theft from Vehicle,2017,12,11,9,0,18XX W 5TH AVE,Kitsilano,489276.0734,5457173.6433
Theft from Vehicle,2017,4,28,6,17,18XX W 6TH AVE,Kitsilano,489271.1785,5457069.1627
Theft from Vehicle,2017,5,7,19,0,18XX W 6TH AVE,Kitsilano,489397.4693,5457066.0079
Theft from Vehicle,2017,12,9,19,30,18XX W 7TH AVE,Kitsilano,489358.9345,5456981.9068
Theft from Vehicle,2017,12,26,17,0,18XX W 7TH AVE,Kitsilano,489394.097,5456971.5624
Theft from Vehicle,2017,3,22,22,20,18XX W 8TH AVE,Kitsilano,489311.5159,5456882.5198
Theft from Vehicle,2017,3,23,20,0,18XX W 8TH AVE,Kitsilano,489311.5159,5456882.5198
Theft from Vehicle,2017,8,28,19,0,18XX WHYTE AVE,Kitsilano,489336.4193,5458076.5482
Theft from Vehicle,2017,6,6,17,15,18XX WHYTE AVE,Kitsilano,489360.9814,5458066.7045
Theft from Vehicle,2017,11,11,18,30,18XX WILLIAM ST,Grandview-Woodland,495086.5577,5457906.0842
Theft from Vehicle,2017,10,22,19,0,18XX WILLIAM ST,Grandview-Woodland,495168.7676,5457913.2046
Theft from Vehicle,2017,11,16,17,30,19XX ADANAC ST,Grandview-Woodland,495261.5386,5458304.3465
Theft from Vehicle,2017,8,26,15,18,19XX ALBERNI ST,West End,490050.7765,5460114.4678
Theft from Vehicle,2017,11,19,0,0,19XX ALBERNI ST,West End,490050.7765,5460114.4678
Theft from Vehicle,2017,1,31,23,0,19XX ALBERNI ST,West End,490107.216,5460057.3337
Theft from Vehicle,2017,11,15,17,0,19XX ALBERNI ST,West End,490107.216,5460057.3337
Theft from Vehicle,2017,5,28,14,13,19XX ALBERTA ST,Mount Pleasant,491948.9626,5457299.432
Theft from Vehicle,2017,1,10,0,0,19XX ARBUTUS ST,Kitsilano,488893.137,5457372.198
Theft from Vehicle,2017,8,30,23,0,19XX BALSAM ST,Kitsilano,488367.3188,5457313.0302
Theft from Vehicle,2017,6,21,17,0,19XX BALSAM ST,Kitsilano,488377.3286,5457359.614
Theft from Vehicle,2017,11,20,22,45,19XX BARCLAY ST,West End,489821.4256,5459879.3153
Theft from Vehicle,2017,7,3,10,0,19XX BARCLAY ST,West End,489837.4531,5459876.2392
Theft from Vehicle,2017,9,3,0,58,19XX BARCLAY ST,West End,489869.4304,5459831.4101
Theft from Vehicle,2017,5,8,16,0,19XX BARCLAY ST,West End,489871.1812,5459829.6626
Theft from Vehicle,2017,8,2,8,0,19XX BARCLAY ST,West End,489876.9222,5459823.9334
Theft from Vehicle,2017,7,11,19,0,19XX BAYSWATER ST,Kitsilano,487551.7833,5457401.2439
Theft from Vehicle,2017,11,23,12,0,19XX BEACH AVE,West End,489562.4115,5459600.2842
Theft from Vehicle,2017,1,12,22,0,19XX CEDAR CRES,Shaughnessy,489157.1076,5455691.8771
Theft from Vehicle,2017,5,20,21,30,19XX CHARLES ST,Grandview-Woodland,495287.4297,5457802.5553
Theft from Vehicle,2017,10,29,16,0,19XX CHARLES ST,Grandview-Woodland,495324.395,5457811.1759
Theft from Vehicle,2017,1,5,19,0,19XX CHARLES ST,Grandview-Woodland,495339.9708,5457801.6932
Theft from Vehicle,2017,1,15,12,0,19XX CHARLES ST,Grandview-Woodland,495342.6831,5457801.7716
Theft from Vehicle,2017,4,19,12,0,19XX COMMERCIAL DR,Grandview-Woodland,494925.3998,5457162.8361
Theft from Vehicle,2017,3,14,17,0,19XX COMOX ST,West End,489682.206,5459720.7507
Theft from Vehicle,2017,8,29,0,0,19XX COMOX ST,West End,489698.5306,5459691.9975
Theft from Vehicle,2017,8,29,18,0,19XX COMOX ST,West End,489698.5306,5459691.9975
Theft from Vehicle,2017,7,3,21,0,19XX COMOX ST,West End,489721.2485,5459669.7819
Theft from Vehicle,2017,10,24,16,30,19XX CORNWALL AVE,Kitsilano,489204.8251,5457762.5437
Theft from Vehicle,2017,3,30,20,30,19XX CREELMAN AVE,Kitsilano,489167.7385,5457983.5214
Theft from Vehicle,2017,1,30,21,0,19XX CREELMAN AVE,Kitsilano,489170.3194,5457983.4491
Theft from Vehicle,2017,4,12,0,30,19XX CREELMAN AVE,Kitsilano,489248.3062,5457972.8532
Theft from Vehicle,2017,7,7,18,4,19XX CREELMAN AVE,Kitsilano,489248.3062,5457972.8532
Theft from Vehicle,2017,7,27,0,0,19XX CREELMAN AVE,Kitsilano,489248.3062,5457972.8532
Theft from Vehicle,2017,12,6,23,50,19XX CREELMAN AVE,Kitsilano,489248.3062,5457972.8532
Theft from Vehicle,2017,1,4,17,0,19XX CREELMAN AVE,Kitsilano,489249.5187,5457972.0634
Theft from Vehicle,2017,11,17,0,0,19XX CYPRESS ST,Kitsilano,489231.843,5457330.4867
Theft from Vehicle,2017,2,22,16,30,19XX DUNBAR ST,Kitsilano,486636.4555,5457341.5546
Theft from Vehicle,2017,2,22,17,0,19XX DUNBAR ST,Kitsilano,486636.4555,5457341.5546
Theft from Vehicle,2017,2,22,23,0,19XX DUNBAR ST,Kitsilano,486636.4555,5457341.5546
Theft from Vehicle,2017,2,23,19,0,19XX DUNBAR ST,Kitsilano,486636.4555,5457341.5546
Theft from Vehicle,2017,10,9,15,0,19XX E 11TH AVE,Kensington-Cedar Cottage,495245.6868,5456404.4993
Theft from Vehicle,2017,3,6,19,0,19XX E 12TH AVE,Kensington-Cedar Cottage,495230.3741,5456314.6738
Theft from Vehicle,2017,7,2,0,18,19XX E 12TH AVE,Kensington-Cedar Cottage,495318.7992,5456304.4506
Theft from Vehicle,2017,11,3,21,0,19XX E 14TH AVE,Kensington-Cedar Cottage,495199.6315,5456103.7048
Theft from Vehicle,2017,5,17,16,0,19XX E 19TH AVE,Kensington-Cedar Cottage,495231.3838,5455688.2167
Theft from Vehicle,2017,2,17,6,31,19XX E 22ND AVE,Kensington-Cedar Cottage,495208.8492,5455285.3789
Theft from Vehicle,2017,2,24,16,0,19XX E 2ND AVE,Grandview-Woodland,495245.6463,5457320.2483
Theft from Vehicle,2017,8,9,17,21,19XX E 34TH AVE,Kensington-Cedar Cottage,495126.4568,5454049.8183
Theft from Vehicle,2017,11,9,12,45,19XX E 35TH AVE,Kensington-Cedar Cottage,495124.1793,5453951.1774
Theft from Vehicle,2017,7,13,17,0,19XX E 35TH AVE,Kensington-Cedar Cottage,495130.7885,5453951.0642
Theft from Vehicle,2017,9,5,19,0,19XX E 38TH AVE,Kensington-Cedar Cottage,495118.6572,5453605.5101
Theft from Vehicle,2017,3,2,10,0,19XX E 41ST AVE,Victoria-Fraserview,495130.3174,5453304.0657
Theft from Vehicle,2017,4,10,0,30,19XX E 41ST AVE,Victoria-Fraserview,495130.3174,5453304.0657
Theft from Vehicle,2017,9,8,18,0,19XX E 41ST AVE,Victoria-Fraserview,495130.3174,5453304.0657
Theft from Vehicle,2017,7,9,17,30,19XX E 41ST AVE,Kensington-Cedar Cottage,495150.8409,5453325.0344
Theft from Vehicle,2017,12,2,11,44,19XX E 49TH AVE,Victoria-Fraserview,495199.3758,5452484.9549
Theft from Vehicle,2017,11,21,21,0,19XX E 52ND AVE,Victoria-Fraserview,495161.275,5452202.2112
Theft from Vehicle,2017,9,17,23,0,19XX E 53RD AVE,Victoria-Fraserview,495166.6046,5452118.3344
Theft from Vehicle,2017,8,21,18,0,19XX E 6TH AVE,Grandview-Woodland,495293.9997,5456925.6683
Theft from Vehicle,2017,11,9,13,39,19XX E 8TH AVE,Grandview-Woodland,495210.4832,5456717.1933
Theft from Vehicle,2017,12,28,22,0,19XX E GEORGIA ST,Grandview-Woodland,495260.8997,5458395.0058
Theft from Vehicle,2017,7,10,15,0,19XX E KENT AVE N,Victoria-Fraserview,495166.4447,5450524.3285
Theft from Vehicle,2017,9,7,20,0,19XX E PENDER ST,Grandview-Woodland,495233.9788,5458607.3092
Theft from Vehicle,2017,9,10,20,0,19XX FERNDALE ST,Grandview-Woodland,495233.3068,5458543.8374
Theft from Vehicle,2017,9,10,22,0,19XX FERNDALE ST,Grandview-Woodland,495233.3068,5458543.8374
Theft from Vehicle,2017,11,2,12,0,19XX FERNDALE ST,Grandview-Woodland,495233.3068,5458543.8374
Theft from Vehicle,2017,3,14,9,1,19XX FERNDALE ST,Grandview-Woodland,495301.135,5458552.5075
Theft from Vehicle,2017,10,15,18,0,19XX FERNDALE ST,Grandview-Woodland,495306.5561,5458552.4696
Theft from Vehicle,2017,11,9,0,0,19XX FERNDALE ST,Grandview-Woodland,495341.7296,5458543.0795
Theft from Vehicle,2017,9,12,5,8,19XX FERNDALE ST,Grandview-Woodland,495344.4402,5458543.0605
Theft from Vehicle,2017,2,14,8,10,19XX FOLEY ST,Strathcona,493703.1331,5457164.0795
Theft from Vehicle,2017,6,14,21,45,19XX FRANKLIN ST,Grandview-Woodland,495236.0207,5458817.3001
Theft from Vehicle,2017,7,17,4,0,19XX FRANKLIN ST,Grandview-Woodland,495236.0207,5458817.3001
Theft from Vehicle,2017,10,30,17,30,19XX GARDEN DR,Grandview-Woodland,495771.962,5457184.4802
Theft from Vehicle,2017,5,24,15,30,19XX GLEN DR,Strathcona,494074.734,5457338.0132
Theft from Vehicle,2017,3,19,22,0,19XX GRAVELEY ST,Grandview-Woodland,495261.7054,5457529.3894
Theft from Vehicle,2017,2,25,12,0,19XX HARO ST,West End,489868.607,5459986.5608
Theft from Vehicle,2017,12,24,2,0,19XX HARO ST,West End,489891.466,5459976.6845
Theft from Vehicle,2017,12,16,22,30,19XX HARO ST,West End,489903.4639,5459951.8125
Theft from Vehicle,2017,12,16,16,0,19XX HARO ST,West End,489908.3963,5459946.8956
Theft from Vehicle,2017,4,9,19,0,19XX HARO ST,West End,489911.97,5459956.2443
Theft from Vehicle,2017,5,10,21,0,19XX HARO ST,West End,489911.97,5459956.2443
Theft from Vehicle,2017,10,14,2,35,19XX HARO ST,West End,489911.97,5459956.2443
Theft from Vehicle,2017,10,30,9,47,19XX HARO ST,West End,489911.97,5459956.2443
Theft from Vehicle,2017,8,7,21,0,19XX HARO ST,West End,489952.9782,5459915.3639
Theft from Vehicle,2017,8,18,15,0,19XX HARO ST,West End,489954.7241,5459900.712
Theft from Vehicle,2017,11,17,17,0,19XX HARO ST,West End,489965.1013,5459890.3669
Theft from Vehicle,2017,6,2,16,0,19XX KINGSWAY AVE,Kensington-Cedar Cottage,495197.7911,5454746.7177
Theft from Vehicle,2017,2,10,20,30,19XX LAKEWOOD DR,Grandview-Woodland,495498.9082,5457218.8518
Theft from Vehicle,2017,1,20,10,23,19XX MAIN ST,Mount Pleasant,492666.0353,5457237.7506
Theft from Vehicle,2017,12,17,2,0,19XX MANITOBA ST,Mount Pleasant,492237.4068,5457247.9312
Theft from Vehicle,2017,2,19,13,17,19XX MANITOBA ST,Mount Pleasant,492248.4535,5457290.786
Theft from Vehicle,2017,11,30,21,0,19XX MAPLE ST,Kitsilano,489064.1785,5457279.9601
Theft from Vehicle,2017,6,28,22,0,19XX MCNICOLL AVE,Kitsilano,489249.7696,5458168.7072
Theft from Vehicle,2017,6,22,18,30,19XX NANAIMO ST,Hastings-Sunrise,495886.55,5457131.1004
Theft from Vehicle,2017,7,9,0,0,19XX NAPIER ST,Grandview-Woodland,495304.6912,5458012.8904
Theft from Vehicle,2017,7,29,0,0,19XX NELSON ST,West End,489776.9819,5459781.3178
Theft from Vehicle,2017,4,7,7,43,19XX NELSON ST,West End,489799.1975,5459746.3833
Theft from Vehicle,2017,10,10,22,0,19XX OGDEN AVE,Kitsilano,489250.5919,5458247.8339
Theft from Vehicle,2017,10,17,3,20,19XX OGDEN AVE,Kitsilano,489254.7893,5458237.2888
Theft from Vehicle,2017,4,28,16,30,19XX ONTARIO ST,Mount Pleasant,492388.7156,5457285.8657
Theft from Vehicle,2017,5,6,20,0,19XX ONTARIO ST,Mount Pleasant,492388.7156,5457285.8657
Theft from Vehicle,2017,5,15,15,30,19XX ONTARIO ST,Mount Pleasant,492388.7156,5457285.8657
Theft from Vehicle,2017,12,11,19,30,19XX PARKER ST,Grandview-Woodland,495262.276,5458115.1876
Theft from Vehicle,2017,9,10,9,15,19XX POWELL ST,Grandview-Woodland,495239.7766,5459117.7083
Theft from Vehicle,2017,12,5,17,47,19XX POWELL ST,Grandview-Woodland,495306.7811,5459127.324
Theft from Vehicle,2017,10,14,21,0,19XX PRESTWICK DR,Victoria-Fraserview,495157.1345,5451494.9742
Theft from Vehicle,2017,6,23,17,45,19XX QUEBEC ST,Mount Pleasant,492529.3652,5457279.1074
Theft from Vehicle,2017,6,23,19,31,19XX QUEBEC ST,Mount Pleasant,492529.3652,5457279.1074
Theft from Vehicle,2017,8,6,7,4,19XX QUEBEC ST,Mount Pleasant,492529.3652,5457279.1074
Theft from Vehicle,2017,10,28,16,0,19XX QUEBEC ST,Mount Pleasant,492529.3652,5457279.1074
Theft from Vehicle,2017,8,16,16,0,19XX RENFREW ST,Hastings-Sunrise,496784.3759,5457201.6166
Theft from Vehicle,2017,8,19,13,0,19XX ROBSON ST,West End,489974.307,5460038.3732
Theft from Vehicle,2017,12,29,18,18,19XX ROBSON ST,West End,490017.051,5459992.5598
Theft from Vehicle,2017,1,7,11,35,19XX ROBSON ST,West End,490030.06,5459978.6166
Theft from Vehicle,2017,6,7,15,51,19XX ROBSON ST,West End,490030.06,5459978.6166
Theft from Vehicle,2017,8,15,19,30,19XX ROBSON ST,West End,490030.06,5459978.6166
Theft from Vehicle,2017,2,14,16,0,19XX ROBSON ST,West End,490033.0291,5459988.8383
Theft from Vehicle,2017,7,27,11,18,19XX ROBSON ST,West End,490033.0291,5459988.8383
Theft from Vehicle,2017,10,19,19,0,19XX SCOTIA ST,Mount Pleasant,492854.9715,5457216.1849
Theft from Vehicle,2017,7,27,4,35,19XX SCOTIA ST,Mount Pleasant,492858.237,5457220.0633
Theft from Vehicle,2017,10,27,21,30,19XX SCOTIA ST,Mount Pleasant,492858.237,5457220.0633
Theft from Vehicle,2017,7,12,18,0,19XX SLOCAN ST,Hastings-Sunrise,496395.382,5457153.4412
Theft from Vehicle,2017,10,30,11,30,19XX SW MARINE DR,Kerrisdale,489032.7097,5450950.4255
Theft from Vehicle,2017,9,10,16,30,19XX TEMPLETON DR,Grandview-Woodland,495630.589,5457170.4101
Theft from Vehicle,2017,11,4,18,0,19XX TEMPLETON DR,Grandview-Woodland,495639.7124,5457166.2753
Theft from Vehicle,2017,3,25,0,0,19XX TRIUMPH ST,Grandview-Woodland,495237.905,5459017.1075
Theft from Vehicle,2017,12,21,14,30,19XX TRUTCH ST,Kitsilano,487219.0229,5457318.467
Theft from Vehicle,2017,8,29,21,30,19XX TURNER ST,Grandview-Woodland,495232.4238,5458486.6121
Theft from Vehicle,2017,12,25,21,0,19XX UPLAND DR,Victoria-Fraserview,495089.4532,5451695.1098
Theft from Vehicle,2017,3,24,22,30,19XX VENABLES ST,Grandview-Woodland,495231.0367,5458207.3987
Theft from Vehicle,2017,10,23,9,22,19XX VENABLES ST,Grandview-Woodland,495231.0367,5458207.3987
Theft from Vehicle,2017,7,3,21,0,19XX W 11TH AVE,Kitsilano,489210.9151,5456573.0018
Theft from Vehicle,2017,11,10,16,0,19XX W 11TH AVE,Kitsilano,489210.9151,5456573.0018
Theft from Vehicle,2017,7,19,21,30,19XX W 12TH AVE,Kitsilano,489115.1188,5456485.4886
Theft from Vehicle,2017,5,8,21,30,19XX W 12TH AVE,Kitsilano,489148.168,5456475.5331
Theft from Vehicle,2017,12,4,15,0,19XX W 13TH AVE,Kitsilano,489178.4732,5456363.082
Theft from Vehicle,2017,9,10,13,0,19XX W 14TH AVE,Kitsilano,489142.529,5456275.1973
Theft from Vehicle,2017,9,10,17,0,19XX W 14TH AVE,Kitsilano,489201.6381,5456265.1004
Theft from Vehicle,2017,11,15,19,15,19XX W 15TH AVE,Kitsilano,489136.3239,5456159.0214
Theft from Vehicle,2017,10,13,18,0,19XX W 1ST AVE,Kitsilano,489100.7228,5457559.182
Theft from Vehicle,2017,10,10,19,30,19XX W 1ST AVE,Kitsilano,489148.7569,5457567.025
Theft from Vehicle,2017,1,21,10,0,19XX W 1ST AVE,Kitsilano,489182.6414,5457556.9574
Theft from Vehicle,2017,1,22,10,0,19XX W 1ST AVE,Kitsilano,489182.6414,5457556.9574
Theft from Vehicle,2017,9,18,20,30,19XX W 2ND AVE,Kitsilano,489234.7429,5457457.8428
Theft from Vehicle,2017,11,1,22,0,19XX W 35TH AVE,Shaughnessy,489044.6151,5454154.1088
Theft from Vehicle,2017,6,1,12,0,19XX W 35TH AVE,Shaughnessy,489044.6151,5454154.1088
Theft from Vehicle,2017,6,5,21,30,19XX W 35TH AVE,Shaughnessy,489070.724,5454153.3839
Theft from Vehicle,2017,12,27,9,58,19XX W 3RD AVE,Kitsilano,489104.4086,5457373.207
Theft from Vehicle,2017,9,15,17,0,19XX W 3RD AVE,Kitsilano,489181.5044,5457362.1619
Theft from Vehicle,2017,8,9,0,0,19XX W 3RD AVE,Kitsilano,489231.931,5457360.9203
Theft from Vehicle,2017,7,13,22,0,19XX W 43RD AVE,Kerrisdale,489006.7469,5453323.8645
Theft from Vehicle,2017,8,17,22,0,19XX W 43RD AVE,Kerrisdale,489050.0408,5453322.6875
Theft from Vehicle,2017,3,1,0,0,19XX W 43RD AVE,Kerrisdale,489053.9767,5453322.5804
Theft from Vehicle,2017,8,23,22,0,19XX W 43RD AVE,Kerrisdale,489113.2623,5453330.116
Theft from Vehicle,2017,4,11,23,0,19XX W 44TH AVE,Kerrisdale,488988.7532,5453236.5121
Theft from Vehicle,2017,11,12,11,0,19XX W 49TH AVE,Kerrisdale,489108.6605,5452716.5695
Theft from Vehicle,2017,2,2,12,26,19XX W 4TH AVE,Kitsilano,489183.9606,5457261.0312
Theft from Vehicle,2017,12,27,8,30,19XX W 4TH AVE,Kitsilano,489192.5693,5457269.9607
Theft from Vehicle,2017,3,7,6,15,19XX W 4TH AVE,Kitsilano,489222.8596,5457269.1964
Theft from Vehicle,2017,7,20,12,0,19XX W 4TH AVE,Kitsilano,489222.8596,5457269.1964
Theft from Vehicle,2017,11,6,12,0,19XX W 5TH AVE,Kitsilano,489101.475,5457167.5094
Theft from Vehicle,2017,9,9,18,0,19XX W 5TH AVE,Kitsilano,489170.5847,5457175.9835
Theft from Vehicle,2017,5,6,15,0,19XX W 60TH AVE,Kerrisdale,488964.8324,5451605.9501
Theft from Vehicle,2017,9,28,19,0,19XX W 61ST AVE,Kerrisdale,488959.8393,5451485.0381
Theft from Vehicle,2017,3,7,7,0,19XX W 61ST AVE,Kerrisdale,488981.4722,5451484.6574
Theft from Vehicle,2017,4,11,21,0,19XX W 62ND AVE,Kerrisdale,488944.1479,5451385.0755
Theft from Vehicle,2017,1,24,22,0,19XX W 6TH AVE,Kitsilano,489073.7828,5457074.0284
Theft from Vehicle,2017,7,13,21,30,19XX W 6TH AVE,Kitsilano,489073.7828,5457074.0284
Theft from Vehicle,2017,7,14,15,23,19XX W 6TH AVE,Kitsilano,489076.6986,5457073.9568
Theft from Vehicle,2017,6,18,14,30,19XX W 6TH AVE,Kitsilano,489164.0319,5457071.8119
Theft from Vehicle,2017,11,12,13,0,19XX W 6TH AVE,Kitsilano,489207.4852,5457070.7446
Theft from Vehicle,2017,5,9,20,0,19XX W 6TH AVE,Kitsilano,489224.198,5457070.3342
Theft from Vehicle,2017,7,24,16,0,19XX W 7TH AVE,Kitsilano,489119.6133,5456979.2043
Theft from Vehicle,2017,8,29,22,0,19XX W 7TH AVE,Kitsilano,489142.7177,5456987.9148
Theft from Vehicle,2017,11,5,17,30,19XX W 8TH AVE,Kitsilano,489136.3383,5456887.0651
Theft from Vehicle,2017,4,14,21,0,19XX W 8TH AVE,Kitsilano,489216.6836,5456885.331
Theft from Vehicle,2017,11,11,22,0,19XX WILLIAM ST,Grandview-Woodland,495221.4878,5457895.7125
Theft from Vehicle,2017,12,14,21,30,19XX WILLIAM ST,Grandview-Woodland,495221.4878,5457895.7125
Theft from Vehicle,2017,4,18,12,0,19XX WOODLAND DR,Grandview-Woodland,494653.2481,5457141.919
Theft from Vehicle,2017,9,22,19,30,19XX WYLIE ST,Mount Pleasant,491718.5323,5457263.894
Theft from Vehicle,2017,5,4,22,0,19XX YORK AVE,Kitsilano,489116.8324,5457655.344
Theft from Vehicle,2017,2,28,21,0,19XX YORK AVE,Kitsilano,489239.9145,5457651.9996
Theft from Vehicle,2017,5,7,21,0,19XX YORK AVE,Kitsilano,489239.9145,5457651.9996
Theft from Vehicle,2017,7,15,8,0,19XX YORK AVE,Kitsilano,489239.9145,5457651.9996
Theft from Vehicle,2017,3,7,17,0,1X E 11TH AVE,Mount Pleasant,492379.1418,5456489.079
Theft from Vehicle,2017,7,1,23,0,1X E 46TH AVE,Sunset,492321.9253,5452864.4502
Theft from Vehicle,2017,5,28,18,0,1X LAKEWOOD DR,Grandview-Woodland,495523.1133,5459101.4506
Theft from Vehicle,2017,1,25,18,30,1X VICTORIA DR,Grandview-Woodland,495231.0311,5459110.8224
Theft from Vehicle,2017,1,30,21,0,1X W 11TH AVE,Mount Pleasant,492344.0679,5456490.1397
Theft from Vehicle,2017,7,13,20,30,1X W 11TH AVE,Mount Pleasant,492344.0679,5456490.1397
Theft from Vehicle,2017,9,11,0,0,1X W 11TH AVE,Mount Pleasant,492344.0679,5456490.1397
Theft from Vehicle,2017,5,2,22,0,1X W 12TH AVE,Mount Pleasant,492332.0015,5456398.2339
Theft from Vehicle,2017,7,5,0,0,1X W 18TH AVE,Riley Park,492334.0661,5455767.5283
Theft from Vehicle,2017,10,16,18,0,1X W 38TH AVE,Riley Park,492281.7612,5453740.3115
Theft from Vehicle,2017,7,8,13,0,1X W 40TH AVE,Riley Park,492286.7254,5453547.9025
Theft from Vehicle,2017,11,17,17,0,1X W 8TH AVE,Mount Pleasant,492348.0635,5456788.6855
Theft from Vehicle,2017,7,6,0,40,1X W CORDOVA ST,Central Business District,492387.9842,5458871.6596
Theft from Vehicle,2017,1,16,18,0,1X W CORDOVA ST,Central Business District,492387.9842,5458871.6596
Theft from Vehicle,2017,12,20,7,0,1X W HASTINGS ST,Central Business District,492371.224,5458758.8603
Theft from Vehicle,2017,11,25,21,45,1X W HASTINGS ST,Central Business District,492375.3042,5458757.7072
Theft from Vehicle,2017,10,22,0,0,1X W WOODSTOCK AVE,Riley Park,492281.1814,5453446.33
Theft from Vehicle,2017,2,8,22,34,1XX ABBOTT ST,Central Business District,492274.3109,5459062.2004
Theft from Vehicle,2017,7,24,21,0,1XX ABBOTT ST,Central Business District,492274.3109,5459062.2004
Theft from Vehicle,2017,8,23,22,0,1XX ABBOTT ST,Central Business District,492274.3109,5459062.2004
Theft from Vehicle,2017,8,25,22,0,1XX ABBOTT ST,Central Business District,492274.3109,5459062.2004
Theft from Vehicle,2017,9,13,19,0,1XX ABBOTT ST,Central Business District,492274.3109,5459062.2004
Theft from Vehicle,2017,11,8,20,0,1XX ABBOTT ST,Central Business District,492274.3109,5459062.2004
Theft from Vehicle,2017,11,12,9,0,1XX ABBOTT ST,Central Business District,492274.3109,5459062.2004
Theft from Vehicle,2017,1,25,11,30,1XX ALEXANDER ST,Central Business District,492575.463,5459006.0235
Theft from Vehicle,2017,4,9,21,0,1XX ALEXANDER ST,Central Business District,492575.463,5459006.0235
Theft from Vehicle,2017,5,11,23,30,1XX ALEXANDER ST,Central Business District,492575.463,5459006.0235
Theft from Vehicle,2017,6,11,11,30,1XX ALEXANDER ST,Central Business District,492575.463,5459006.0235
Theft from Vehicle,2017,9,28,5,48,1XX ALEXANDER ST,Central Business District,492575.463,5459006.0235
Theft from Vehicle,2017,9,29,19,10,1XX ALEXANDER ST,Central Business District,492575.463,5459006.0235
Theft from Vehicle,2017,10,13,20,30,1XX ALEXANDER ST,Central Business District,492575.463,5459006.0235
Theft from Vehicle,2017,11,29,18,40,1XX ALEXANDER ST,Central Business District,492575.463,5459006.0235
Theft from Vehicle,2017,2,28,15,0,1XX ALEXANDER ST,Central Business District,492718.8768,5459037.8631
Theft from Vehicle,2017,9,30,23,30,1XX ALEXANDER ST,Central Business District,492754.6258,5459048.1551
Theft from Vehicle,2017,12,3,23,30,1XX ATHLETES WAY,Mount Pleasant,492202.3369,5457644.6069
Theft from Vehicle,2017,8,14,10,6,1XX ATHLETES WAY,Mount Pleasant,492236.8455,5457643.6113
Theft from Vehicle,2017,12,25,16,7,1XX ATHLETES WAY,Mount Pleasant,492236.8455,5457643.6113
Theft from Vehicle,2017,10,5,17,0,1XX BOATHOUSE MEWS,Central Business District,491463.8701,5457860.4707
Theft from Vehicle,2017,5,5,18,45,1XX CAMBIE ST,Central Business District,492100.6555,5459102.4598
Theft from Vehicle,2017,7,28,0,0,1XX CAMBIE ST,Central Business District,492100.6555,5459102.4598
Theft from Vehicle,2017,11,1,21,0,1XX CAMBIE ST,Central Business District,492100.6555,5459102.4598
Theft from Vehicle,2017,11,5,18,30,1XX CAMBIE ST,Central Business District,492100.6555,5459102.4598
Theft from Vehicle,2017,6,10,15,30,1XX CARRALL ST,Central Business District,492421.5428,5459007.9266
Theft from Vehicle,2017,1,21,19,30,1XX COLUMBIA ST,Central Business District,492574.7124,5459008.5986
Theft from Vehicle,2017,3,17,7,35,1XX COLUMBIA ST,Central Business District,492574.7124,5459008.5986
Theft from Vehicle,2017,5,4,19,16,1XX COLUMBIA ST,Central Business District,492574.7124,5459008.5986
Theft from Vehicle,2017,9,20,20,15,1XX COLUMBIA ST,Central Business District,492574.7124,5459008.5986
Theft from Vehicle,2017,11,4,5,5,1XX COLUMBIA ST,Central Business District,492574.7124,5459008.5986
Theft from Vehicle,2017,10,22,12,0,1XX DAVIE ST,Central Business District,491196.5352,5457914.7151
Theft from Vehicle,2017,2,7,11,0,1XX DAVIE ST,Central Business District,491207.4821,5457903.3934
Theft from Vehicle,2017,3,10,13,30,1XX DAVIE ST,Central Business District,491207.4821,5457903.3934
Theft from Vehicle,2017,6,25,11,0,1XX DAVIE ST,Central Business District,491228.3977,5457854.7353
Theft from Vehicle,2017,3,11,9,45,1XX DAVIE ST,Central Business District,491263.0873,5457816.8748
Theft from Vehicle,2017,4,19,4,45,1XX DAVIE ST,Central Business District,491263.0873,5457816.8748
Theft from Vehicle,2017,9,14,21,30,1XX DAVIE ST,Central Business District,491263.0873,5457816.8748
Theft from Vehicle,2017,8,15,15,30,1XX DRAKE ST,Central Business District,491014.4742,5457858.2908
Theft from Vehicle,2017,10,19,0,0,1XX DRAKE ST,Central Business District,491070.0193,5457805.0676
Theft from Vehicle,2017,12,16,8,0,1XX DRAKE ST,Central Business District,491113.2128,5457748.973
Theft from Vehicle,2017,6,13,10,50,1XX DRAKE ST,Central Business District,491163.0378,5457698.7256
Theft from Vehicle,2017,8,18,0,0,1XX DRAKE ST,Central Business District,491163.0378,5457698.7256
Theft from Vehicle,2017,7,28,6,0,1XX DUNSMUIR ST,Central Business District,491958.3275,5458579.253
Theft from Vehicle,2017,11,4,12,0,1XX DUNSMUIR ST,Central Business District,491958.3275,5458579.253
Theft from Vehicle,2017,12,11,19,30,1XX DUNSMUIR ST,Central Business District,491958.3275,5458579.253
Theft from Vehicle,2017,8,12,17,0,1XX DUNSMUIR ST,Central Business District,491997.8588,5458514.9581
Theft from Vehicle,2017,5,6,10,39,1XX E 10TH AVE,Mount Pleasant,492585.6976,5456584.627
Theft from Vehicle,2017,3,29,22,0,1XX E 11TH AVE,Mount Pleasant,492506.5613,5456486.8247
Theft from Vehicle,2017,8,9,20,0,1XX E 11TH AVE,Mount Pleasant,492506.5613,5456486.8247
Theft from Vehicle,2017,12,17,10,7,1XX E 11TH AVE,Mount Pleasant,492506.5613,5456486.8247
Theft from Vehicle,2017,6,23,8,0,1XX E 11TH AVE,Mount Pleasant,492525.4043,5456495.5529
Theft from Vehicle,2017,8,5,15,0,1XX E 12TH AVE,Mount Pleasant,492592.6294,5456392.0273
Theft from Vehicle,2017,2,14,17,30,1XX E 13TH AVE,Mount Pleasant,492499.1658,5456285.7648
Theft from Vehicle,2017,12,3,22,0,1XX E 13TH AVE,Mount Pleasant,492499.1658,5456285.7648
Theft from Vehicle,2017,12,4,5,0,1XX E 14TH AVE,Mount Pleasant,492494.9615,5456184.8682
Theft from Vehicle,2017,9,15,0,0,1XX E 15TH AVE,Mount Pleasant,492536.1938,5456084.8355
Theft from Vehicle,2017,7,5,8,30,1XX E 15TH AVE,Mount Pleasant,492600.0794,5456092.6033
Theft from Vehicle,2017,10,19,7,0,1XX E 16TH AVE,Riley Park,492489.9264,5455982.6767
Theft from Vehicle,2017,9,25,17,0,1XX E 16TH AVE,Riley Park,492560.8806,5455981.0836
Theft from Vehicle,2017,12,3,0,0,1XX E 17TH AVE,Riley Park,492626.6577,5455889.1398
Theft from Vehicle,2017,7,14,18,40,1XX E 18TH AVE,Riley Park,492523.4874,5455762.5731
Theft from Vehicle,2017,5,19,17,0,1XX E 18TH AVE,Riley Park,492596.6753,5455762.7548
Theft from Vehicle,2017,5,28,0,0,1XX E 18TH AVE,Riley Park,492596.6753,5455762.7548
Theft from Vehicle,2017,6,9,9,30,1XX E 19TH AVE,Riley Park,492520.2194,5455662.081
Theft from Vehicle,2017,11,11,23,0,1XX E 19TH AVE,Riley Park,492520.2194,5455662.081
Theft from Vehicle,2017,3,10,10,46,1XX E 1ST AVE,Mount Pleasant,492552.1856,5457497.6931
Theft from Vehicle,2017,6,16,13,47,1XX E 1ST AVE,Mount Pleasant,492552.1856,5457497.6931
Theft from Vehicle,2017,1,7,13,49,1XX E 1ST AVE,Mount Pleasant,492554.3653,5457497.6392
Theft from Vehicle,2017,4,29,17,30,1XX E 1ST AVE,Mount Pleasant,492617.891,5457496.1088
Theft from Vehicle,2017,8,30,18,30,1XX E 1ST AVE,Mount Pleasant,492538.8241,5457488.8686
Theft from Vehicle,2017,11,8,20,30,1XX E 1ST AVE,Mount Pleasant,492538.8241,5457488.8686
Theft from Vehicle,2017,11,14,10,0,1XX E 1ST AVE,Mount Pleasant,492538.8241,5457488.8686
Theft from Vehicle,2017,10,2,10,46,1XX E 1ST AVE,Mount Pleasant,492654.4656,5457486.0802
Theft from Vehicle,2017,3,4,20,0,1XX E 20TH AVE,Riley Park,492539.7386,5455561.0132
Theft from Vehicle,2017,3,12,0,34,1XX E 20TH AVE,Riley Park,492539.7386,5455561.0132
Theft from Vehicle,2017,12,18,0,0,1XX E 21ST AVE,Riley Park,492527.0392,5455451.1967
Theft from Vehicle,2017,8,14,8,15,1XX E 27TH AVE,Riley Park,492487.7645,5454945.0556
Theft from Vehicle,2017,10,3,16,0,1XX E 28TH AVE,Riley Park,492438.4074,5454806.7187
Theft from Vehicle,2017,1,20,22,0,1XX E 29TH AVE,Riley Park,492438.493,5454637.9168
Theft from Vehicle,2017,1,27,17,30,1XX E 2ND AVE,Mount Pleasant,492530.0708,5457378.0581
Theft from Vehicle,2017,7,3,17,0,1XX E 32ND AVE,Riley Park,492595.3384,5454358.8053
Theft from Vehicle,2017,10,1,2,30,1XX E 33RD AVE,Riley Park,492592.4191,5454193.0752
Theft from Vehicle,2017,5,11,19,15,1XX E 3RD AVE,Mount Pleasant,492527.4018,5457276.0622
Theft from Vehicle,2017,7,5,7,30,1XX E 3RD AVE,Mount Pleasant,492527.4018,5457276.0622
Theft from Vehicle,2017,10,23,3,58,1XX E 3RD AVE,Mount Pleasant,492527.4018,5457276.0622
Theft from Vehicle,2017,11,15,12,0,1XX E 3RD AVE,Mount Pleasant,492527.4018,5457276.0622
Theft from Vehicle,2017,11,24,4,0,1XX E 3RD AVE,Mount Pleasant,492527.4018,5457276.0622
Theft from Vehicle,2017,5,13,22,30,1XX E 3RD AVE,Mount Pleasant,492543.7904,5457275.8936
Theft from Vehicle,2017,7,25,17,0,1XX E 3RD AVE,Mount Pleasant,492543.7904,5457275.8936
Theft from Vehicle,2017,1,19,17,0,1XX E 40TH AVE,Riley Park,492465.0317,5453531.408
Theft from Vehicle,2017,12,15,21,0,1XX E 42ND AVE,Sunset,492558.4709,5453223.8442
Theft from Vehicle,2017,4,24,17,0,1XX E 45TH AVE,Sunset,492454.995,5452960.077
Theft from Vehicle,2017,1,5,13,0,1XX E 45TH AVE,Sunset,492546.5645,5452957.5353
Theft from Vehicle,2017,6,12,14,10,1XX E 48TH AVE,Sunset,492445.8229,5452657.6001
Theft from Vehicle,2017,8,11,16,30,1XX E 48TH AVE,Sunset,492484.0337,5452665.7009
Theft from Vehicle,2017,11,21,18,30,1XX E 4TH AVE,Mount Pleasant,492524.6468,5457176.3932
Theft from Vehicle,2017,9,14,22,50,1XX E 51ST AVE,Sunset,492553.7826,5452339.7409
Theft from Vehicle,2017,5,25,22,0,1XX E 52ND AVE,Sunset,492436.3821,5452236.7545
Theft from Vehicle,2017,11,29,19,0,1XX E 53RD AVE,Sunset,492434.3923,5452134.2041
Theft from Vehicle,2017,8,13,23,0,1XX E 53RD AVE,Sunset,492456.6957,5452142.6621
Theft from Vehicle,2017,10,11,22,30,1XX E 54TH AVE,Sunset,492454.7995,5452044.3552
Theft from Vehicle,2017,10,12,19,0,1XX E 56TH AVE,Sunset,492535.2833,5451837.2992
Theft from Vehicle,2017,4,8,23,0,1XX E 57TH AVE,Sunset,492533.7353,5451753.7618
Theft from Vehicle,2017,9,27,23,0,1XX E 58TH AVE,Sunset,492544.7234,5451648.5656
Theft from Vehicle,2017,9,26,3,0,1XX E 5TH AVE,Mount Pleasant,492522.0099,5457078.3606
Theft from Vehicle,2017,10,4,22,0,1XX E 5TH AVE,Mount Pleasant,492522.0099,5457078.3606
Theft from Vehicle,2017,12,31,0,30,1XX E 5TH AVE,Mount Pleasant,492522.0099,5457078.3606
Theft from Vehicle,2017,11,22,20,0,1XX E 61ST AVE,Sunset,492413.5218,5451370.8133
Theft from Vehicle,2017,7,1,0,0,1XX E 62ND AVE,Sunset,492407.9101,5451265.7272
Theft from Vehicle,2017,4,6,18,0,1XX E 63RD AVE,Sunset,492403.796,5451167.2037
Theft from Vehicle,2017,12,9,3,0,1XX E 63RD AVE,Sunset,492403.796,5451167.2037
Theft from Vehicle,2017,11,13,19,30,1XX E 63RD AVE,Sunset,492441.0816,5451175.4319
Theft from Vehicle,2017,4,25,16,0,1XX E 69TH AVE,Sunset,492387.7656,5450733.3915
Theft from Vehicle,2017,2,4,18,30,1XX E 6TH AVE,Mount Pleasant,492519.125,5456974.7412
Theft from Vehicle,2017,9,26,8,15,1XX E 6TH AVE,Mount Pleasant,492585.4891,5456972.8696
Theft from Vehicle,2017,11,9,8,15,1XX E 7TH AVE,Mount Pleasant,492516.377,5456875.1912
Theft from Vehicle,2017,12,11,3,37,1XX E 7TH AVE,Mount Pleasant,492516.377,5456875.1912
Theft from Vehicle,2017,6,23,17,0,1XX E 7TH AVE,Mount Pleasant,492516.7105,5456884.3291
Theft from Vehicle,2017,12,28,1,0,1XX E 7TH AVE,Mount Pleasant,492561.2022,5456873.5576
Theft from Vehicle,2017,10,12,12,30,1XX E 7TH AVE,Mount Pleasant,492562.6768,5456882.6517
Theft from Vehicle,2017,2,10,23,0,1XX E 8TH AVE,Mount Pleasant,492513.6927,5456774.7838
Theft from Vehicle,2017,10,9,10,34,1XX E 8TH AVE,Mount Pleasant,492558.944,5456782.6367
Theft from Vehicle,2017,6,6,15,30,1XX E 8TH AVE,Mount Pleasant,492565.0861,5456782.4607
Theft from Vehicle,2017,12,28,9,30,1XX E BROADWAY AVE,Mount Pleasant,492547.998,5456697.2546
Theft from Vehicle,2017,2,24,22,46,1XX E CORDOVA ST,Central Business District,492569.3686,5458843.9296
Theft from Vehicle,2017,6,9,19,27,1XX E CORDOVA ST,Central Business District,492569.3686,5458843.9296
Theft from Vehicle,2017,9,7,20,0,1XX E CORDOVA ST,Central Business District,492569.3686,5458843.9296
Theft from Vehicle,2017,12,3,0,44,1XX E CORDOVA ST,Central Business District,492569.3686,5458843.9296
Theft from Vehicle,2017,1,13,6,0,1XX E CORDOVA ST,Central Business District,492580.5494,5458852.6887
Theft from Vehicle,2017,3,9,6,0,1XX E CORDOVA ST,Central Business District,492580.5494,5458852.6887
Theft from Vehicle,2017,3,20,18,40,1XX E CORDOVA ST,Central Business District,492580.5494,5458852.6887
Theft from Vehicle,2017,3,30,10,30,1XX E CORDOVA ST,Central Business District,492580.5494,5458852.6887
Theft from Vehicle,2017,3,30,21,52,1XX E CORDOVA ST,Central Business District,492580.5494,5458852.6887
Theft from Vehicle,2017,7,2,15,13,1XX E CORDOVA ST,Central Business District,492580.5494,5458852.6887
Theft from Vehicle,2017,7,6,11,0,1XX E CORDOVA ST,Central Business District,492580.5494,5458852.6887
Theft from Vehicle,2017,8,6,13,0,1XX E CORDOVA ST,Central Business District,492580.5494,5458852.6887
Theft from Vehicle,2017,9,7,18,14,1XX E CORDOVA ST,Central Business District,492580.5494,5458852.6887
Theft from Vehicle,2017,9,10,17,40,1XX E CORDOVA ST,Central Business District,492580.5494,5458852.6887
Theft from Vehicle,2017,9,14,14,24,1XX E CORDOVA ST,Central Business District,492580.5494,5458852.6887
Theft from Vehicle,2017,10,1,13,0,1XX E CORDOVA ST,Central Business District,492580.5494,5458852.6887
Theft from Vehicle,2017,10,1,20,45,1XX E CORDOVA ST,Central Business District,492580.5494,5458852.6887
Theft from Vehicle,2017,4,6,4,30,1XX E GEORGIA ST,Central Business District,492708.6744,5458434.4423
Theft from Vehicle,2017,12,22,1,0,1XX E GEORGIA ST,Central Business District,492708.7485,5458434.4395
Theft from Vehicle,2017,12,11,18,0,1XX E GEORGIA ST,Central Business District,492742.3504,5458433.1357
Theft from Vehicle,2017,2,27,10,0,1XX E HASTINGS ST,Central Business District,492566.4957,5458738.913
Theft from Vehicle,2017,3,25,9,40,1XX E HASTINGS ST,Central Business District,492566.4957,5458738.913
Theft from Vehicle,2017,4,13,2,0,1XX E HASTINGS ST,Central Business District,492566.4957,5458738.913
Theft from Vehicle,2017,6,13,22,45,1XX E HASTINGS ST,Central Business District,492566.4957,5458738.913
Theft from Vehicle,2017,12,29,18,39,1XX E HASTINGS ST,Central Business District,492566.4957,5458738.913
Theft from Vehicle,2017,3,13,11,0,1XX E HASTINGS ST,Central Business District,492632.8183,5458745.8534
Theft from Vehicle,2017,4,14,14,30,1XX E HASTINGS ST,Central Business District,492708.1305,5458743.3452
Theft from Vehicle,2017,1,18,23,30,1XX E KING EDWARD AVE,Riley Park,492550.816,5455113.893
Theft from Vehicle,2017,5,7,10,38,1XX E PENDER ST,Central Business District,492565.8345,5458632.4699
Theft from Vehicle,2017,5,13,23,17,1XX E PENDER ST,Central Business District,492565.8345,5458632.4699
Theft from Vehicle,2017,6,3,3,17,1XX E PENDER ST,Central Business District,492565.8345,5458632.4699
Theft from Vehicle,2017,6,12,22,49,1XX E PENDER ST,Central Business District,492565.8345,5458632.4699
Theft from Vehicle,2017,8,1,9,30,1XX E PENDER ST,Central Business District,492565.8345,5458632.4699
Theft from Vehicle,2017,8,9,22,10,1XX E PENDER ST,Central Business District,492565.8345,5458632.4699
Theft from Vehicle,2017,10,15,0,30,1XX E PENDER ST,Central Business District,492565.8345,5458632.4699
Theft from Vehicle,2017,10,21,1,30,1XX E PENDER ST,Central Business District,492565.8345,5458632.4699
Theft from Vehicle,2017,11,30,15,30,1XX E PENDER ST,Central Business District,492565.8345,5458632.4699
Theft from Vehicle,2017,12,18,17,45,1XX E PENDER ST,Central Business District,492565.8345,5458632.4699
Theft from Vehicle,2017,10,6,10,57,1XX E PENDER ST,Central Business District,492605.7921,5458630.9272
Theft from Vehicle,2017,11,9,8,15,1XX E PENDER ST,Central Business District,492609.4246,5458630.787
Theft from Vehicle,2017,4,20,22,30,1XX E PENDER ST,Central Business District,492649.7349,5458638.3815
Theft from Vehicle,2017,7,3,2,0,1XX E PENDER ST,Central Business District,492649.7349,5458638.3815
Theft from Vehicle,2017,4,2,12,50,1XX E WATERFRONT RD,Central Business District,492595.4533,5459081.3277
Theft from Vehicle,2017,4,4,6,30,1XX GORE AVE,Strathcona,492889.4977,5459038.4719
Theft from Vehicle,2017,4,9,18,0,1XX GORE AVE,Strathcona,492889.4977,5459038.4719
Theft from Vehicle,2017,7,3,8,7,1XX HEATLEY AVE,Strathcona,493504.0949,5459020.5279
Theft from Vehicle,2017,11,7,8,0,1XX JACKSON AVE,Strathcona,493208.3849,5458986.6793
Theft from Vehicle,2017,6,20,15,0,1XX JACKSON AVE,Strathcona,493218.2006,5459008.5793
Theft from Vehicle,2017,6,1,23,0,1XX JACKSON AVE,Strathcona,493218.8152,5459028.7416
Theft from Vehicle,2017,2,25,22,0,1XX KEEFER PL,Central Business District,492116.1663,5458564.2081
Theft from Vehicle,2017,2,26,17,19,1XX KEEFER PL,Central Business District,492116.1663,5458564.2081
Theft from Vehicle,2017,12,6,17,53,1XX KEEFER PL,Central Business District,492116.1663,5458564.2081
Theft from Vehicle,2017,2,18,18,30,1XX KEEFER PL,Central Business District,492118.2,5458573.1231
Theft from Vehicle,2017,4,30,11,12,1XX KEEFER PL,Central Business District,492118.2,5458573.1231
Theft from Vehicle,2017,8,13,14,0,1XX KEEFER PL,Central Business District,492118.2,5458573.1231
Theft from Vehicle,2017,12,15,19,17,1XX KEEFER PL,Central Business District,492118.2,5458573.1231
Theft from Vehicle,2017,2,21,18,0,1XX KEEFER PL,Central Business District,492121.8011,5458572.3016
Theft from Vehicle,2017,9,21,19,30,1XX KEEFER PL,Central Business District,492121.8011,5458572.3016
Theft from Vehicle,2017,2,16,6,0,1XX KEEFER PL,Central Business District,492123.0015,5458572.0278
Theft from Vehicle,2017,3,30,21,31,1XX KEEFER PL,Central Business District,492123.0015,5458572.0278
Theft from Vehicle,2017,6,10,11,0,1XX KEEFER PL,Central Business District,492123.0015,5458572.0278
Theft from Vehicle,2017,7,12,16,44,1XX KEEFER PL,Central Business District,492123.0015,5458572.0278
Theft from Vehicle,2017,9,28,17,0,1XX KEEFER PL,Central Business District,492123.0015,5458572.0278
Theft from Vehicle,2017,11,9,8,55,1XX KEEFER PL,Central Business District,492123.0015,5458572.0278
Theft from Vehicle,2017,11,17,15,19,1XX KEEFER PL,Central Business District,492123.0015,5458572.0278
Theft from Vehicle,2017,12,11,17,20,1XX KEEFER PL,Central Business District,492123.0015,5458572.0278
Theft from Vehicle,2017,12,25,8,50,1XX KEEFER PL,Central Business District,492123.0015,5458572.0278
Theft from Vehicle,2017,8,12,22,46,1XX KEEFER PL,Central Business District,492124.2018,5458571.754
Theft from Vehicle,2017,7,4,9,30,1XX KEEFER PL,Central Business District,492158.1792,5458554.6241
Theft from Vehicle,2017,10,16,15,0,1XX KEEFER PL,Central Business District,492168.6155,5458561.6223
Theft from Vehicle,2017,8,26,18,0,1XX KEEFER PL,Central Business District,492168.9825,5458552.1597
Theft from Vehicle,2017,9,5,8,50,1XX KEEFER PL,Central Business District,492168.9825,5458552.1597
Theft from Vehicle,2017,11,11,22,0,1XX KEEFER PL,Central Business District,492168.9825,5458552.1597
Theft from Vehicle,2017,3,14,11,34,1XX KEEFER ST,Central Business District,492573.2407,5458504.7326
Theft from Vehicle,2017,3,24,21,10,1XX KEEFER ST,Central Business District,492573.2407,5458504.7326
Theft from Vehicle,2017,5,11,8,41,1XX KEEFER ST,Central Business District,492573.2407,5458504.7326
Theft from Vehicle,2017,5,18,22,59,1XX KEEFER ST,Central Business District,492573.2407,5458504.7326
Theft from Vehicle,2017,6,8,17,15,1XX KEEFER ST,Central Business District,492573.2407,5458504.7326
Theft from Vehicle,2017,6,30,11,58,1XX KEEFER ST,Central Business District,492573.2407,5458504.7326
Theft from Vehicle,2017,8,16,17,0,1XX KEEFER ST,Central Business District,492573.2407,5458504.7326
Theft from Vehicle,2017,9,27,22,0,1XX KEEFER ST,Central Business District,492573.2407,5458504.7326
Theft from Vehicle,2017,10,27,22,30,1XX KEEFER ST,Central Business District,492573.2407,5458504.7326
Theft from Vehicle,2017,12,9,14,0,1XX KEEFER ST,Central Business District,492573.2407,5458504.7326
Theft from Vehicle,2017,4,23,19,0,1XX KEEFER ST,Central Business District,492586.671,5458509.1452
Theft from Vehicle,2017,2,11,14,59,1XX KEEFER ST,Central Business District,492593.3862,5458511.3515
Theft from Vehicle,2017,6,8,13,50,1XX KEEFER ST,Central Business District,492617.3926,5458528.8639
Theft from Vehicle,2017,1,28,12,15,1XX KEEFER ST,Central Business District,492640.0449,5458524.7327
Theft from Vehicle,2017,3,19,17,55,1XX KEEFER ST,Central Business District,492640.0449,5458524.7327
Theft from Vehicle,2017,3,26,16,30,1XX KEEFER ST,Central Business District,492640.0449,5458524.7327
Theft from Vehicle,2017,9,6,9,0,1XX KEEFER ST,Central Business District,492640.0449,5458524.7327
Theft from Vehicle,2017,9,26,21,0,1XX KEEFER ST,Central Business District,492674.4423,5458527.8307
Theft from Vehicle,2017,11,7,14,0,1XX KEEFER ST,Central Business District,492678.2535,5458536.8548
Theft from Vehicle,2017,9,11,10,0,1XX KEEFER ST,Central Business District,492706.9926,5458535.9134
Theft from Vehicle,2017,1,7,0,0,1XX KEEFER ST,Central Business District,492710.4372,5458526.6515
Theft from Vehicle,2017,2,9,16,15,1XX KEEFER ST,Central Business District,492710.4372,5458526.6515
Theft from Vehicle,2017,4,7,7,45,1XX KEEFER ST,Central Business District,492710.4372,5458526.6515
Theft from Vehicle,2017,5,28,18,0,1XX KEEFER ST,Central Business District,492710.4372,5458526.6515
Theft from Vehicle,2017,6,23,9,0,1XX KEEFER ST,Central Business District,492710.4372,5458526.6515
Theft from Vehicle,2017,6,27,4,33,1XX KEEFER ST,Central Business District,492710.4372,5458526.6515
Theft from Vehicle,2017,8,19,0,20,1XX KEEFER ST,Central Business District,492710.4372,5458526.6515
Theft from Vehicle,2017,9,1,13,0,1XX KEEFER ST,Central Business District,492710.4372,5458526.6515
Theft from Vehicle,2017,9,2,4,49,1XX KEEFER ST,Central Business District,492710.4372,5458526.6515
Theft from Vehicle,2017,9,8,12,22,1XX KEEFER ST,Central Business District,492710.4372,5458526.6515
Theft from Vehicle,2017,9,26,9,10,1XX KEEFER ST,Central Business District,492710.4372,5458526.6515
Theft from Vehicle,2017,10,5,14,45,1XX KEEFER ST,Central Business District,492710.4372,5458526.6515
Theft from Vehicle,2017,10,6,10,15,1XX KEEFER ST,Central Business District,492710.4372,5458526.6515
Theft from Vehicle,2017,10,8,15,50,1XX KEEFER ST,Central Business District,492710.4372,5458526.6515
Theft from Vehicle,2017,10,16,21,15,1XX KEEFER ST,Central Business District,492710.4372,5458526.6515
Theft from Vehicle,2017,10,20,12,50,1XX KEEFER ST,Central Business District,492710.4372,5458526.6515
Theft from Vehicle,2017,11,2,22,50,1XX KEEFER ST,Central Business District,492710.4372,5458526.6515
Theft from Vehicle,2017,12,5,18,40,1XX KEEFER ST,Central Business District,492710.4372,5458526.6515
Theft from Vehicle,2017,12,11,19,0,1XX KEEFER ST,Central Business District,492710.4372,5458526.6515
Theft from Vehicle,2017,12,14,9,45,1XX KEEFER ST,Central Business District,492710.4372,5458526.6515
Theft from Vehicle,2017,12,15,0,34,1XX KEEFER ST,Central Business District,492710.4372,5458526.6515
Theft from Vehicle,2017,12,31,10,30,1XX KEEFER ST,Central Business District,492710.4372,5458526.6515
Theft from Vehicle,2017,1,4,23,0,1XX KEEFER ST,Central Business District,492725.4136,5458526.1607
Theft from Vehicle,2017,1,5,16,16,1XX KEEFER ST,Central Business District,492725.4136,5458526.1607
Theft from Vehicle,2017,1,6,20,0,1XX KEEFER ST,Central Business District,492725.4136,5458526.1607
Theft from Vehicle,2017,1,12,21,0,1XX KEEFER ST,Central Business District,492725.4136,5458526.1607
Theft from Vehicle,2017,1,12,21,30,1XX KEEFER ST,Central Business District,492725.4136,5458526.1607
Theft from Vehicle,2017,1,12,23,59,1XX KEEFER ST,Central Business District,492725.4136,5458526.1607
Theft from Vehicle,2017,1,22,23,45,1XX KEEFER ST,Central Business District,492725.4136,5458526.1607
Theft from Vehicle,2017,10,13,0,0,1XX KEEFER ST,Central Business District,492725.4136,5458526.1607
Theft from Vehicle,2017,1,5,3,8,1XX KEEFER ST,Central Business District,492725.7131,5458535.2998
Theft from Vehicle,2017,3,28,1,30,1XX LAKEWOOD DR,Grandview-Woodland,495520.5422,5458983.293
Theft from Vehicle,2017,6,29,2,8,1XX MAIN ST,Central Business District,492754.7645,5458944.1858
Theft from Vehicle,2017,5,18,6,50,1XX MAIN ST,Central Business District,492755.7978,5458964.3916
Theft from Vehicle,2017,3,28,18,30,1XX MAIN ST,Strathcona,492768.8288,5459040.1468
Theft from Vehicle,2017,9,18,14,54,1XX MAIN ST,Strathcona,492768.9288,5459042.1015
Theft from Vehicle,2017,11,5,0,0,1XX MAIN ST,Strathcona,492768.9288,5459042.1015
Theft from Vehicle,2017,11,6,19,33,1XX MAIN ST,Strathcona,492768.9288,5459042.1015
Theft from Vehicle,2017,12,12,10,0,1XX MAIN ST,Strathcona,492768.9288,5459042.1015
Theft from Vehicle,2017,3,24,18,0,1XX MILROSS AVE,Central Business District,492579.9049,5458147.5223
Theft from Vehicle,2017,4,3,16,0,1XX MILROSS AVE,Central Business District,492579.9049,5458147.5223
Theft from Vehicle,2017,6,12,5,24,1XX MILROSS AVE,Central Business District,492579.9049,5458147.5223
Theft from Vehicle,2017,10,15,15,0,1XX MILROSS AVE,Central Business District,492579.9049,5458147.5223
Theft from Vehicle,2017,10,30,16,30,1XX MILROSS AVE,Central Business District,492579.9049,5458147.5223
Theft from Vehicle,2017,1,9,21,0,1XX MILROSS AVE,Central Business District,492609.4324,5458146.5401
Theft from Vehicle,2017,1,9,18,0,1XX MILROSS AVE,Central Business District,492611.254,5458146.4798
Theft from Vehicle,2017,1,9,21,5,1XX MILROSS AVE,Central Business District,492611.254,5458146.4798
Theft from Vehicle,2017,1,9,22,0,1XX MILROSS AVE,Central Business District,492611.254,5458146.4798
Theft from Vehicle,2017,3,28,0,0,1XX MILROSS AVE,Central Business District,492615.6419,5458155.4826
Theft from Vehicle,2017,12,1,0,0,1XX N KASLO ST,Hastings-Sunrise,496599.2367,5459241.5177
Theft from Vehicle,2017,2,9,14,0,1XX N KOOTENAY ST,Hastings-Sunrise,498135.1732,5459215.8401
Theft from Vehicle,2017,8,6,11,30,1XX N RENFREW ST,Hastings-Sunrise,496800.3896,5459315.7364
Theft from Vehicle,2017,4,16,0,30,1XX N RENFREW ST,Hastings-Sunrise,496800.8536,5459216.9907
Theft from Vehicle,2017,3,26,3,25,1XX N SKEENA ST,Hastings-Sunrise,497945.4163,5459215.129
Theft from Vehicle,2017,3,26,3,30,1XX N SKEENA ST,Hastings-Sunrise,497945.5618,5459266.0782
Theft from Vehicle,2017,11,13,17,0,1XX N VICTORIA DR,Grandview-Woodland,495240.0402,5459209.0359
Theft from Vehicle,2017,4,15,8,0,1XX NATIONAL AVE,Central Business District,492588.0833,5458017.0992
Theft from Vehicle,2017,8,2,3,10,1XX NATIONAL AVE,Central Business District,492588.0833,5458017.0992
Theft from Vehicle,2017,1,19,13,30,1XX NATIONAL AVE,Central Business District,492700.3042,5458033.8358
Theft from Vehicle,2017,2,17,17,0,1XX NELSON ST,Central Business District,491473.9877,5458088.9219
Theft from Vehicle,2017,12,3,23,0,1XX ONTARIO PL,Sunset,492453.1753,5453310.8449
Theft from Vehicle,2017,8,8,1,15,1XX ONTARIO PL,Sunset,492594.1275,5453314.898
Theft from Vehicle,2017,5,13,16,0,1XX PEVERIL AVE,Riley Park,492121.3183,5454898.9699
Theft from Vehicle,2017,5,13,19,0,1XX PEVERIL AVE,Riley Park,492141.2986,5454872.5041
Theft from Vehicle,2017,12,8,14,15,1XX PIPELINE RD,Stanley Park,490111.5659,5460522.3075
Theft from Vehicle,2017,1,3,18,47,1XX POWELL ST,Central Business District,492572.4365,5458943.4572
Theft from Vehicle,2017,1,13,8,15,1XX POWELL ST,Central Business District,492572.4365,5458943.4572
Theft from Vehicle,2017,1,13,15,41,1XX POWELL ST,Central Business District,492572.4365,5458943.4572
Theft from Vehicle,2017,1,21,20,0,1XX POWELL ST,Central Business District,492572.4365,5458943.4572
Theft from Vehicle,2017,1,29,0,0,1XX POWELL ST,Central Business District,492572.4365,5458943.4572
Theft from Vehicle,2017,3,2,9,30,1XX POWELL ST,Central Business District,492572.4365,5458943.4572
Theft from Vehicle,2017,3,26,21,17,1XX POWELL ST,Central Business District,492572.4365,5458943.4572
Theft from Vehicle,2017,5,19,22,0,1XX POWELL ST,Central Business District,492572.4365,5458943.4572
Theft from Vehicle,2017,6,16,13,0,1XX POWELL ST,Central Business District,492572.4365,5458943.4572
Theft from Vehicle,2017,7,16,21,40,1XX POWELL ST,Central Business District,492572.4365,5458943.4572
Theft from Vehicle,2017,8,7,0,0,1XX POWELL ST,Central Business District,492572.4365,5458943.4572
Theft from Vehicle,2017,8,14,22,0,1XX POWELL ST,Central Business District,492572.4365,5458943.4572
Theft from Vehicle,2017,8,16,23,30,1XX POWELL ST,Central Business District,492572.4365,5458943.4572
Theft from Vehicle,2017,8,27,1,0,1XX POWELL ST,Central Business District,492572.4365,5458943.4572
Theft from Vehicle,2017,10,21,1,0,1XX POWELL ST,Central Business District,492572.4365,5458943.4572
Theft from Vehicle,2017,10,23,8,46,1XX POWELL ST,Central Business District,492572.4365,5458943.4572
Theft from Vehicle,2017,12,3,12,17,1XX POWELL ST,Central Business District,492572.4365,5458943.4572
Theft from Vehicle,2017,12,6,11,31,1XX POWELL ST,Central Business District,492572.4365,5458943.4572
Theft from Vehicle,2017,2,15,12,15,1XX POWELL ST,Central Business District,492577.88,5458943.2953
Theft from Vehicle,2017,7,4,0,0,1XX POWELL ST,Central Business District,492616.427,5458942.1477
Theft from Vehicle,2017,9,14,16,0,1XX POWELL ST,Central Business District,492616.427,5458942.1477
Theft from Vehicle,2017,1,8,0,30,1XX POWELL ST,Central Business District,492634.2173,5458950.7661
Theft from Vehicle,2017,8,6,20,0,1XX POWELL ST,Central Business District,492638.4222,5458941.493
Theft from Vehicle,2017,11,6,20,30,1XX POWELL ST,Central Business District,492664.0833,5458940.7291
Theft from Vehicle,2017,10,20,20,0,1XX POWELL ST,Central Business District,492697.0762,5458939.747
Theft from Vehicle,2017,5,15,0,0,1XX PRINCESS AVE,Strathcona,493360.0366,5459023.6149
Theft from Vehicle,2017,7,1,21,0,1XX PRINCESS AVE,Strathcona,493360.0366,5459023.6149
Theft from Vehicle,2017,3,25,21,0,1XX PRIOR ST,Central Business District,492573.1858,5458227.7258
Theft from Vehicle,2017,5,18,16,0,1XX PRIOR ST,Central Business District,492573.1858,5458227.7258
Theft from Vehicle,2017,11,7,19,30,1XX PRIOR ST,Central Business District,492573.1858,5458227.7258
Theft from Vehicle,2017,6,3,10,34,1XX PRIOR ST,Central Business District,492598.2379,5458225.2646
Theft from Vehicle,2017,4,2,15,8,1XX REGIMENT SQ,Central Business District,491971.2156,5458448.7679
Theft from Vehicle,2017,9,21,21,0,1XX REGIMENT SQ,Central Business District,491971.2156,5458448.7678
Theft from Vehicle,2017,12,8,15,30,1XX ROBSON ST,Central Business District,491658.3575,5458377.3128
Theft from Vehicle,2017,2,17,17,45,1XX ROBSON ST,Central Business District,491699.5459,5458325.4057
Theft from Vehicle,2017,1,14,21,0,1XX ROBSON ST,Central Business District,491703.6878,5458334.0905
Theft from Vehicle,2017,10,14,12,30,1XX ROBSON ST,Central Business District,491705.8559,5458332.0236
Theft from Vehicle,2017,1,13,22,0,1XX ROBSON ST,Central Business District,491706.5496,5458318.7277
Theft from Vehicle,2017,4,22,22,0,1XX ROBSON ST,Central Business District,491706.5496,5458318.7277
Theft from Vehicle,2017,8,20,18,7,1XX ROBSON ST,Central Business District,491706.5496,5458318.7277
Theft from Vehicle,2017,9,5,19,0,1XX ROUNDHOUSE MEWS,Central Business District,491092.419,5457867.4662
Theft from Vehicle,2017,11,4,5,30,1XX ROUNDHOUSE MEWS,Central Business District,491092.419,5457867.4662
Theft from Vehicle,2017,6,18,6,11,1XX SALSBURY DR,Grandview-Woodland,495041.0471,5459053.3249
Theft from Vehicle,2017,10,4,12,0,1XX SEMLIN DR,Grandview-Woodland,495381.9583,5459019.3541
Theft from Vehicle,2017,4,21,15,56,1XX TEMPLETON DR,Grandview-Woodland,495661.9163,5459018.1244
Theft from Vehicle,2017,4,28,16,45,1XX TERMINAL AVE,Mount Pleasant,492611.3209,5457797.3076
Theft from Vehicle,2017,9,23,23,0,1XX UNION ST,Central Business District,492577.4829,5458321.5166
Theft from Vehicle,2017,10,7,14,30,1XX VICTORIA DR,Grandview-Woodland,495238.15,5459018.16
Theft from Vehicle,2017,12,23,16,0,1XX VICTORIA DR,Grandview-Woodland,495238.1692,5459020.104
Theft from Vehicle,2017,9,3,20,0,1XX W 10TH AVE,Mount Pleasant,492083.3629,5456607.4599
Theft from Vehicle,2017,9,30,20,44,1XX W 10TH AVE,Mount Pleasant,492083.3629,5456607.4599
Theft from Vehicle,2017,11,5,23,30,1XX W 10TH AVE,Mount Pleasant,492163.5018,5456596.0554
Theft from Vehicle,2017,5,15,0,0,1XX W 10TH AVE,Mount Pleasant,492174.7223,5456604.8871
Theft from Vehicle,2017,12,25,11,0,1XX W 10TH AVE,Mount Pleasant,492174.7223,5456604.8871
Theft from Vehicle,2017,9,2,19,17,1XX W 10TH AVE,Mount Pleasant,492197.0135,5456595.1116
Theft from Vehicle,2017,9,1,16,0,1XX W 10TH AVE,Mount Pleasant,492200.0456,5456595.0263
Theft from Vehicle,2017,9,12,20,0,1XX W 11TH AVE,Mount Pleasant,492110.5803,5456497.1329
Theft from Vehicle,2017,12,27,0,0,1XX W 11TH AVE,Mount Pleasant,492114.111,5456497.0819
Theft from Vehicle,2017,2,12,20,0,1XX W 11TH AVE,Mount Pleasant,492209.4402,5456495.7026
Theft from Vehicle,2017,11,28,8,15,1XX W 11TH AVE,Mount Pleasant,492209.4402,5456495.7026
Theft from Vehicle,2017,12,3,11,50,1XX W 12TH AVE,Mount Pleasant,492059.1249,5456397.6939
Theft from Vehicle,2017,8,7,10,30,1XX W 12TH AVE,Mount Pleasant,492170.5305,5456405.1567
Theft from Vehicle,2017,12,26,20,0,1XX W 13TH AVE,Mount Pleasant,492099.8912,5456304.1583
Theft from Vehicle,2017,12,4,20,0,1XX W 13TH AVE,Mount Pleasant,492169.4873,5456302.3364
Theft from Vehicle,2017,3,28,19,0,1XX W 13TH AVE,Mount Pleasant,492209.5405,5456292.1407
Theft from Vehicle,2017,6,14,0,0,1XX W 14TH AVE,Mount Pleasant,492035.1873,5456206.476
Theft from Vehicle,2017,7,30,0,0,1XX W 14TH AVE,Mount Pleasant,492035.1873,5456206.476
Theft from Vehicle,2017,2,15,21,0,1XX W 14TH AVE,Mount Pleasant,492188.3882,5456203.3216
Theft from Vehicle,2017,8,29,17,0,1XX W 14TH AVE,Mount Pleasant,492206.4381,5456193.804
Theft from Vehicle,2017,4,8,22,0,1XX W 15TH AVE,Mount Pleasant,492117.0596,5456104.4185
Theft from Vehicle,2017,9,6,17,0,1XX W 16TH AVE,Riley Park,492099.0785,5455996.4583
Theft from Vehicle,2017,1,20,17,0,1XX W 16TH AVE,Riley Park,492099.0785,5455996.4583
Theft from Vehicle,2017,3,25,16,0,1XX W 16TH AVE,Riley Park,492099.0785,5455996.4583
Theft from Vehicle,2017,5,18,18,0,1XX W 16TH AVE,Riley Park,492099.0785,5455996.4583
Theft from Vehicle,2017,4,9,23,0,1XX W 16TH AVE,Mount Pleasant,492193.5144,5456001.8115
Theft from Vehicle,2017,6,27,23,0,1XX W 16TH AVE,Riley Park,492200.383,5455992.3838
Theft from Vehicle,2017,8,23,0,0,1XX W 16TH AVE,Riley Park,492200.383,5455992.3838
Theft from Vehicle,2017,12,11,23,30,1XX W 16TH AVE,Riley Park,492200.383,5455992.3838
Theft from Vehicle,2017,5,14,20,0,1XX W 17TH AVE,Riley Park,492088.4902,5455885.4832
Theft from Vehicle,2017,3,30,21,0,1XX W 17TH AVE,Riley Park,492146.4028,5455883.7348
Theft from Vehicle,2017,9,27,19,0,1XX W 17TH AVE,Riley Park,492150.2983,5455892.7654
Theft from Vehicle,2017,4,18,22,0,1XX W 17TH AVE,Riley Park,492197.0764,5455882.205
Theft from Vehicle,2017,7,21,21,0,1XX W 17TH AVE,Riley Park,492197.0764,5455882.205
Theft from Vehicle,2017,5,26,21,30,1XX W 18TH AVE,Riley Park,492186.4728,5455781.6857
Theft from Vehicle,2017,12,11,17,40,1XX W 18TH AVE,Riley Park,492193.4251,5455772.3162
Theft from Vehicle,2017,8,17,9,0,1XX W 19TH AVE,Riley Park,492190.8406,5455671.2779
Theft from Vehicle,2017,9,7,18,0,1XX W 19TH AVE,Riley Park,492190.8406,5455671.2779
Theft from Vehicle,2017,1,3,21,0,1XX W 1ST AVE,Mount Pleasant,492082.2394,5457519.5451
Theft from Vehicle,2017,7,18,0,5,1XX W 1ST AVE,Mount Pleasant,492082.2394,5457519.5451
Theft from Vehicle,2017,1,5,21,30,1XX W 1ST AVE,Mount Pleasant,492084.7888,5457519.4679
Theft from Vehicle,2017,4,20,18,30,1XX W 1ST AVE,Mount Pleasant,492162.8631,5457495.0953
Theft from Vehicle,2017,1,2,0,0,1XX W 1ST AVE,Mount Pleasant,492220.7215,5457492.7297
Theft from Vehicle,2017,5,22,10,39,1XX W 1ST AVE,Mount Pleasant,492236.1504,5457492.0988
Theft from Vehicle,2017,5,7,0,0,1XX W 20TH AVE,Riley Park,492104.0915,5455562.3173
Theft from Vehicle,2017,6,6,18,0,1XX W 20TH AVE,Riley Park,492115.0244,5455561.981
Theft from Vehicle,2017,12,3,0,0,1XX W 21ST AVE,Riley Park,492185.5678,5455461.6919
Theft from Vehicle,2017,12,7,19,0,1XX W 21ST AVE,Riley Park,492185.5678,5455461.6919
Theft from Vehicle,2017,4,12,19,0,1XX W 22ND AVE,Riley Park,492132.6985,5455362.0328
Theft from Vehicle,2017,7,12,16,30,1XX W 22ND AVE,Riley Park,492132.6985,5455362.0328
Theft from Vehicle,2017,10,20,18,0,1XX W 22ND AVE,Riley Park,492183.0433,5455361.0021
Theft from Vehicle,2017,6,6,19,0,1XX W 23RD AVE,Riley Park,492178.1914,5455244.5074
Theft from Vehicle,2017,7,22,1,45,1XX W 23RD AVE,Riley Park,492178.1914,5455244.5074
Theft from Vehicle,2017,10,1,19,0,1XX W 2ND AVE,Mount Pleasant,492146.6058,5457393.8757
Theft from Vehicle,2017,11,18,19,0,1XX W 2ND AVE,Mount Pleasant,492193.7123,5457392.801
Theft from Vehicle,2017,7,8,10,44,1XX W 2ND AVE,Mount Pleasant,492236.8933,5457391.8159
Theft from Vehicle,2017,10,7,23,30,1XX W 39TH AVE,Riley Park,492134.2775,5453647.2653
Theft from Vehicle,2017,11,21,18,30,1XX W 3RD AVE,Mount Pleasant,492056.6108,5457292.9174
Theft from Vehicle,2017,11,16,16,0,1XX W 3RD AVE,Mount Pleasant,492237.6798,5457288.157
Theft from Vehicle,2017,3,11,16,0,1XX W 41ST AVE,Riley Park,491989.9605,5453403.3283
Theft from Vehicle,2017,4,21,21,0,1XX W 42ND AVE,Oakridge,491990.5703,5453284.7192
Theft from Vehicle,2017,3,29,17,0,1XX W 44TH AVE,Oakridge,492114.8234,5453076.706
Theft from Vehicle,2017,6,28,22,0,1XX W 44TH AVE,Oakridge,492114.8234,5453076.706
Theft from Vehicle,2017,9,5,20,0,1XX W 45TH AVE,Oakridge,492004.3362,5452988.7991
Theft from Vehicle,2017,2,8,16,0,1XX W 45TH AVE,Oakridge,492113.7674,5452973.8596
Theft from Vehicle,2017,10,20,12,0,1XX W 46TH AVE,Oakridge,491954.8856,5452885.0884
Theft from Vehicle,2017,9,23,22,0,1XX W 46TH AVE,Oakridge,492107.5351,5452871.2423
Theft from Vehicle,2017,8,26,15,0,1XX W 48TH AVE,Oakridge,491943.265,5452675.3762
Theft from Vehicle,2017,12,12,18,0,1XX W 48TH AVE,Oakridge,492105.5061,5452670.4328
Theft from Vehicle,2017,7,16,21,0,1XX W 4TH AVE,Mount Pleasant,492078.8037,5457197.0408
Theft from Vehicle,2017,2,17,13,30,1XX W 4TH AVE,Mount Pleasant,492117.4596,5457196.1133
Theft from Vehicle,2017,12,2,3,35,1XX W 4TH AVE,Mount Pleasant,492140.6531,5457195.5568
Theft from Vehicle,2017,2,1,20,50,1XX W 4TH AVE,Mount Pleasant,492233.2079,5457184.1895
Theft from Vehicle,2017,8,4,15,30,1XX W 5TH AVE,Mount Pleasant,492232.0785,5457086.4177
Theft from Vehicle,2017,9,8,23,0,1XX W 6TH AVE,Mount Pleasant,492042.4071,5456997.2449
Theft from Vehicle,2017,7,31,0,0,1XX W 6TH AVE,Mount Pleasant,492155.5581,5456985.261
Theft from Vehicle,2017,11,10,14,0,1XX W 6TH AVE,Mount Pleasant,492204.6895,5456984.0291
Theft from Vehicle,2017,1,24,18,0,1XX W 7TH AVE,Mount Pleasant,492075.6244,5456896.9249
Theft from Vehicle,2017,7,29,0,15,1XX W 7TH AVE,Mount Pleasant,492075.6244,5456896.9249
Theft from Vehicle,2017,11,11,12,49,1XX W 7TH AVE,Mount Pleasant,492224.8578,5456883.0584
Theft from Vehicle,2017,11,27,1,44,1XX W 7TH AVE,Mount Pleasant,492224.8578,5456883.0584
Theft from Vehicle,2017,6,23,16,30,1XX W 8TH AVE,Mount Pleasant,492193.7722,5456783.9246
Theft from Vehicle,2017,8,16,17,0,1XX W 8TH AVE,Mount Pleasant,492193.7722,5456783.9246
Theft from Vehicle,2017,4,8,0,0,1XX W 8TH AVE,Mount Pleasant,492223.6493,5456783.0578
Theft from Vehicle,2017,11,12,22,0,1XX W 8TH AVE,Mount Pleasant,492223.6493,5456783.0578
Theft from Vehicle,2017,4,19,19,30,1XX W BROADWAY AVE,Mount Pleasant,492165.7798,5456701.8709
Theft from Vehicle,2017,10,7,15,0,1XX W BROADWAY AVE,Mount Pleasant,492221.3094,5456699.5169
Theft from Vehicle,2017,7,22,11,37,1XX W CORDOVA ST,Central Business District,492174.6777,5458924.5697
Theft from Vehicle,2017,2,20,22,0,1XX W CORDOVA ST,Central Business District,492174.6777,5458924.5697
Theft from Vehicle,2017,5,11,10,32,1XX W CORDOVA ST,Central Business District,492185.6625,5458931.117
Theft from Vehicle,2017,8,13,7,7,1XX W CORDOVA ST,Central Business District,492185.6625,5458931.117
Theft from Vehicle,2017,10,8,7,25,1XX W CORDOVA ST,Central Business District,492185.6625,5458931.117
Theft from Vehicle,2017,11,12,22,0,1XX W CORDOVA ST,Central Business District,492185.6625,5458931.117
Theft from Vehicle,2017,1,31,0,0,1XX W CORDOVA ST,Central Business District,492195.4167,5458919.0707
Theft from Vehicle,2017,11,6,17,30,1XX W CORDOVA ST,Central Business District,492200.6015,5458917.696
Theft from Vehicle,2017,6,25,19,0,1XX W CORDOVA ST,Central Business District,492202.3298,5458917.2378
Theft from Vehicle,2017,9,9,12,0,1XX W CORDOVA ST,Central Business District,492202.3298,5458917.2378
Theft from Vehicle,2017,12,14,12,0,1XX W CORDOVA ST,Central Business District,492202.3298,5458917.2378
Theft from Vehicle,2017,3,1,15,30,1XX W CORDOVA ST,Central Business District,492209.2428,5458915.4049
Theft from Vehicle,2017,10,3,0,1,1XX W CORDOVA ST,Central Business District,492222.8846,5458911.7877
Theft from Vehicle,2017,1,12,20,0,1XX W CORDOVA ST,Central Business District,492226.5253,5458910.8227
Theft from Vehicle,2017,1,16,10,30,1XX W CORDOVA ST,Central Business District,492226.5253,5458910.8227
Theft from Vehicle,2017,1,19,17,0,1XX W CORDOVA ST,Central Business District,492226.5253,5458910.8227
Theft from Vehicle,2017,1,27,23,50,1XX W CORDOVA ST,Central Business District,492226.5253,5458910.8227
Theft from Vehicle,2017,2,11,4,28,1XX W CORDOVA ST,Central Business District,492226.5253,5458910.8227
Theft from Vehicle,2017,2,14,5,49,1XX W CORDOVA ST,Central Business District,492226.5253,5458910.8227
Theft from Vehicle,2017,2,17,10,16,1XX W CORDOVA ST,Central Business District,492226.5253,5458910.8227
Theft from Vehicle,2017,2,20,2,47,1XX W CORDOVA ST,Central Business District,492226.5253,5458910.8227
Theft from Vehicle,2017,3,20,1,15,1XX W CORDOVA ST,Central Business District,492226.5253,5458910.8227
Theft from Vehicle,2017,4,12,21,0,1XX W CORDOVA ST,Central Business District,492226.5253,5458910.8227
Theft from Vehicle,2017,5,9,6,45,1XX W CORDOVA ST,Central Business District,492226.5253,5458910.8227
Theft from Vehicle,2017,5,14,22,0,1XX W CORDOVA ST,Central Business District,492226.5253,5458910.8227
Theft from Vehicle,2017,6,4,14,8,1XX W CORDOVA ST,Central Business District,492226.5253,5458910.8227
Theft from Vehicle,2017,8,14,20,52,1XX W CORDOVA ST,Central Business District,492226.5253,5458910.8227
Theft from Vehicle,2017,9,5,20,45,1XX W CORDOVA ST,Central Business District,492226.5253,5458910.8227
Theft from Vehicle,2017,9,14,5,7,1XX W CORDOVA ST,Central Business District,492226.5253,5458910.8227
Theft from Vehicle,2017,10,15,21,0,1XX W CORDOVA ST,Central Business District,492226.5253,5458910.8227
Theft from Vehicle,2017,11,5,22,0,1XX W CORDOVA ST,Central Business District,492226.5253,5458910.8227
Theft from Vehicle,2017,11,19,16,0,1XX W CORDOVA ST,Central Business District,492226.5253,5458910.8227
Theft from Vehicle,2017,11,21,13,50,1XX W CORDOVA ST,Central Business District,492226.5253,5458910.8227
Theft from Vehicle,2017,12,5,11,57,1XX W CORDOVA ST,Central Business District,492226.5253,5458910.8227
Theft from Vehicle,2017,12,13,13,50,1XX W CORDOVA ST,Central Business District,492226.5253,5458910.8227
Theft from Vehicle,2017,12,24,5,27,1XX W CORDOVA ST,Central Business District,492226.5253,5458910.8227
Theft from Vehicle,2017,1,9,7,45,1XX W GEORGIA ST,Central Business District,491773.9448,5458495.4985
Theft from Vehicle,2017,11,17,11,54,1XX W GEORGIA ST,Central Business District,491779.577,5458490.3417
Theft from Vehicle,2017,1,11,18,0,1XX W GEORGIA ST,Central Business District,491795.0971,5458476.1282
Theft from Vehicle,2017,1,22,6,29,1XX W GEORGIA ST,Central Business District,491795.0971,5458476.1282
Theft from Vehicle,2017,1,28,15,0,1XX W GEORGIA ST,Central Business District,491795.0971,5458476.1282
Theft from Vehicle,2017,2,3,8,20,1XX W GEORGIA ST,Central Business District,491795.0971,5458476.1282
Theft from Vehicle,2017,2,3,22,0,1XX W GEORGIA ST,Central Business District,491795.0971,5458476.1282
Theft from Vehicle,2017,2,13,12,20,1XX W GEORGIA ST,Central Business District,491795.0971,5458476.1282
Theft from Vehicle,2017,2,14,17,0,1XX W GEORGIA ST,Central Business District,491795.0971,5458476.1282
Theft from Vehicle,2017,2,21,18,0,1XX W GEORGIA ST,Central Business District,491795.0971,5458476.1282
Theft from Vehicle,2017,2,23,21,30,1XX W GEORGIA ST,Central Business District,491795.0971,5458476.1282
Theft from Vehicle,2017,3,2,23,24,1XX W GEORGIA ST,Central Business District,491795.0971,5458476.1282
Theft from Vehicle,2017,3,8,12,0,1XX W GEORGIA ST,Central Business District,491795.0971,5458476.1282
Theft from Vehicle,2017,3,10,18,0,1XX W GEORGIA ST,Central Business District,491795.0971,5458476.1282
Theft from Vehicle,2017,3,11,8,25,1XX W GEORGIA ST,Central Business District,491795.0971,5458476.1282
Theft from Vehicle,2017,3,12,19,30,1XX W GEORGIA ST,Central Business District,491795.0971,5458476.1282
Theft from Vehicle,2017,3,14,15,0,1XX W GEORGIA ST,Central Business District,491795.0971,5458476.1282
Theft from Vehicle,2017,3,14,23,48,1XX W GEORGIA ST,Central Business District,491795.0971,5458476.1282
Theft from Vehicle,2017,3,19,20,0,1XX W GEORGIA ST,Central Business District,491795.0971,5458476.1282
Theft from Vehicle,2017,3,20,11,0,1XX W GEORGIA ST,Central Business District,491795.0971,5458476.1282
Theft from Vehicle,2017,3,20,13,32,1XX W GEORGIA ST,Central Business District,491795.0971,5458476.1282
Theft from Vehicle,2017,3,24,15,0,1XX W GEORGIA ST,Central Business District,491795.0971,5458476.1282
Theft from Vehicle,2017,3,24,16,15,1XX W GEORGIA ST,Central Business District,491795.0971,5458476.1282
Theft from Vehicle,2017,3,24,23,30,1XX W GEORGIA ST,Central Business District,491795.0971,5458476.1282
Theft from Vehicle,2017,3,28,12,0,1XX W GEORGIA ST,Central Business District,491795.0971,5458476.1282
Theft from Vehicle,2017,3,29,8,0,1XX W GEORGIA ST,Central Business District,491795.0971,5458476.1282
Theft from Vehicle,2017,3,30,18,0,1XX W GEORGIA ST,Central Business District,491795.0971,5458476.1282
Theft from Vehicle,2017,3,30,21,0,1XX W GEORGIA ST,Central Business District,491795.0971,5458476.1282
Theft from Vehicle,2017,3,31,6,7,1XX W GEORGIA ST,Central Business District,491795.0971,5458476.1282
Theft from Vehicle,2017,3,31,15,15,1XX W GEORGIA ST,Central Business District,491795.0971,5458476.1282
Theft from Vehicle,2017,3,31,16,0,1XX W GEORGIA ST,Central Business District,491795.0971,5458476.1282
Theft from Vehicle,2017,4,1,13,55,1XX W GEORGIA ST,Central Business District,491795.0971,5458476.1282
Theft from Vehicle,2017,4,3,8,24,1XX W GEORGIA ST,Central Business District,491795.0971,5458476.1282
Theft from Vehicle,2017,4,4,14,0,1XX W GEORGIA ST,Central Business District,491795.0971,5458476.1282
Theft from Vehicle,2017,4,5,9,30,1XX W GEORGIA ST,Central Business District,491795.0971,5458476.1282
Theft from Vehicle,2017,4,6,18,0,1XX W GEORGIA ST,Central Business District,491795.0971,5458476.1282
Theft from Vehicle,2017,4,8,17,30,1XX W GEORGIA ST,Central Business District,491795.0971,5458476.1282
Theft from Vehicle,2017,4,8,22,0,1XX W GEORGIA ST,Central Business District,491795.0971,5458476.1282
Theft from Vehicle,2017,4,14,16,0,1XX W GEORGIA ST,Central Business District,491795.0971,5458476.1282
Theft from Vehicle,2017,4,14,21,0,1XX W GEORGIA ST,Central Business District,491795.0971,5458476.1282
Theft from Vehicle,2017,4,15,2,30,1XX W GEORGIA ST,Central Business District,491795.0971,5458476.1282
Theft from Vehicle,2017,4,24,14,38,1XX W GEORGIA ST,Central Business District,491795.0971,5458476.1282
Theft from Vehicle,2017,5,6,0,0,1XX W GEORGIA ST,Central Business District,491795.0971,5458476.1282
Theft from Vehicle,2017,5,6,17,0,1XX W GEORGIA ST,Central Business District,491795.0971,5458476.1282
Theft from Vehicle,2017,5,6,23,30,1XX W GEORGIA ST,Central Business District,491795.0971,5458476.1282
Theft from Vehicle,2017,5,8,10,2,1XX W GEORGIA ST,Central Business District,491795.0971,5458476.1282
Theft from Vehicle,2017,5,9,7,25,1XX W GEORGIA ST,Central Business District,491795.0971,5458476.1282
Theft from Vehicle,2017,5,9,13,15,1XX W GEORGIA ST,Central Business District,491795.0971,5458476.1282
Theft from Vehicle,2017,5,12,19,0,1XX W GEORGIA ST,Central Business District,491795.0971,5458476.1282
Theft from Vehicle,2017,5,14,22,30,1XX W GEORGIA ST,Central Business District,491795.0971,5458476.1282
Theft from Vehicle,2017,5,16,14,30,1XX W GEORGIA ST,Central Business District,491795.0971,5458476.1282
Theft from Vehicle,2017,5,17,10,54,1XX W GEORGIA ST,Central Business District,491795.0971,5458476.1282
Theft from Vehicle,2017,5,30,17,37,1XX W GEORGIA ST,Central Business District,491795.0971,5458476.1282
Theft from Vehicle,2017,6,1,17,45,1XX W GEORGIA ST,Central Business District,491795.0971,5458476.1282
Theft from Vehicle,2017,6,16,11,57,1XX W GEORGIA ST,Central Business District,491795.0971,5458476.1282
Theft from Vehicle,2017,6,22,18,0,1XX W GEORGIA ST,Central Business District,491795.0971,5458476.1282
Theft from Vehicle,2017,7,10,13,0,1XX W GEORGIA ST,Central Business District,491795.0971,5458476.1282
Theft from Vehicle,2017,7,30,20,20,1XX W GEORGIA ST,Central Business District,491795.0971,5458476.1282
Theft from Vehicle,2017,8,14,8,17,1XX W GEORGIA ST,Central Business District,491795.0971,5458476.1282
Theft from Vehicle,2017,8,19,7,43,1XX W GEORGIA ST,Central Business District,491795.0971,5458476.1282
Theft from Vehicle,2017,8,26,13,0,1XX W GEORGIA ST,Central Business District,491795.0971,5458476.1282
Theft from Vehicle,2017,9,2,15,0,1XX W GEORGIA ST,Central Business District,491795.0971,5458476.1282
Theft from Vehicle,2017,9,3,14,0,1XX W GEORGIA ST,Central Business District,491795.0971,5458476.1282
Theft from Vehicle,2017,9,4,1,2,1XX W GEORGIA ST,Central Business District,491795.0971,5458476.1282
Theft from Vehicle,2017,9,5,17,0,1XX W GEORGIA ST,Central Business District,491795.0971,5458476.1282
Theft from Vehicle,2017,9,10,11,30,1XX W GEORGIA ST,Central Business District,491795.0971,5458476.1282
Theft from Vehicle,2017,9,12,20,0,1XX W GEORGIA ST,Central Business District,491795.0971,5458476.1282
Theft from Vehicle,2017,9,13,21,0,1XX W GEORGIA ST,Central Business District,491795.0971,5458476.1282
Theft from Vehicle,2017,9,15,23,0,1XX W GEORGIA ST,Central Business District,491795.0971,5458476.1282
Theft from Vehicle,2017,9,18,10,5,1XX W GEORGIA ST,Central Business District,491795.0971,5458476.1282
Theft from Vehicle,2017,9,27,7,20,1XX W GEORGIA ST,Central Business District,491795.0971,5458476.1282
Theft from Vehicle,2017,10,3,20,0,1XX W GEORGIA ST,Central Business District,491795.0971,5458476.1282
Theft from Vehicle,2017,10,5,18,30,1XX W GEORGIA ST,Central Business District,491795.0971,5458476.1282
Theft from Vehicle,2017,10,6,15,0,1XX W GEORGIA ST,Central Business District,491795.0971,5458476.1282
Theft from Vehicle,2017,10,12,23,0,1XX W GEORGIA ST,Central Business District,491795.0971,5458476.1282
Theft from Vehicle,2017,10,13,17,0,1XX W GEORGIA ST,Central Business District,491795.0971,5458476.1282
Theft from Vehicle,2017,10,15,16,30,1XX W GEORGIA ST,Central Business District,491795.0971,5458476.1282
Theft from Vehicle,2017,11,6,15,0,1XX W GEORGIA ST,Central Business District,491795.0971,5458476.1282
Theft from Vehicle,2017,11,12,10,30,1XX W GEORGIA ST,Central Business District,491795.0971,5458476.1282
Theft from Vehicle,2017,11,24,18,0,1XX W GEORGIA ST,Central Business District,491795.0971,5458476.1282
Theft from Vehicle,2017,11,29,14,30,1XX W GEORGIA ST,Central Business District,491795.0971,5458476.1282
Theft from Vehicle,2017,12,1,23,0,1XX W GEORGIA ST,Central Business District,491795.0971,5458476.1282
Theft from Vehicle,2017,12,6,21,0,1XX W GEORGIA ST,Central Business District,491795.0971,5458476.1282
Theft from Vehicle,2017,12,10,19,0,1XX W GEORGIA ST,Central Business District,491795.0971,5458476.1282
Theft from Vehicle,2017,12,18,17,30,1XX W GEORGIA ST,Central Business District,491795.0971,5458476.1282
Theft from Vehicle,2017,12,19,15,30,1XX W GEORGIA ST,Central Business District,491795.0971,5458476.1282
Theft from Vehicle,2017,12,19,19,30,1XX W GEORGIA ST,Central Business District,491795.0971,5458476.1282
Theft from Vehicle,2017,12,27,19,0,1XX W GEORGIA ST,Central Business District,491795.0971,5458476.1282
Theft from Vehicle,2017,1,30,8,14,1XX W GEORGIA ST,Central Business District,491801.2728,5458482.8716
Theft from Vehicle,2017,1,9,12,40,1XX W GEORGIA ST,Central Business District,491886.3351,5458401.3758
Theft from Vehicle,2017,2,6,4,20,1XX W GEORGIA ST,Central Business District,491892.3455,5458408.2861
Theft from Vehicle,2017,2,21,22,0,1XX W GEORGIA ST,Central Business District,491892.3455,5458408.2861
Theft from Vehicle,2017,3,8,12,45,1XX W GEORGIA ST,Central Business District,491892.3455,5458408.2861
Theft from Vehicle,2017,3,14,20,0,1XX W GEORGIA ST,Central Business District,491892.3455,5458408.2861
Theft from Vehicle,2017,5,8,9,47,1XX W GEORGIA ST,Central Business District,491892.3455,5458408.2861
Theft from Vehicle,2017,5,17,13,18,1XX W GEORGIA ST,Central Business District,491892.3455,5458408.2861
Theft from Vehicle,2017,6,16,17,30,1XX W GEORGIA ST,Central Business District,491892.3455,5458408.2861
Theft from Vehicle,2017,8,15,18,0,1XX W GEORGIA ST,Central Business District,491892.3455,5458408.2861
Theft from Vehicle,2017,10,1,17,0,1XX W GEORGIA ST,Central Business District,491892.3455,5458408.2861
Theft from Vehicle,2017,11,5,19,50,1XX W GEORGIA ST,Central Business District,491892.3455,5458408.2861
Theft from Vehicle,2017,5,25,18,30,1XX W HASTINGS ST,Central Business District,492086.6642,5458841.3733
Theft from Vehicle,2017,11,13,17,30,1XX W HASTINGS ST,Central Business District,492090.1185,5458840.3347
Theft from Vehicle,2017,10,30,10,0,1XX W HASTINGS ST,Central Business District,492093.5729,5458839.2961
Theft from Vehicle,2017,4,11,23,30,1XX W HASTINGS ST,Central Business District,492148.8419,5458822.678
Theft from Vehicle,2017,3,3,22,0,1XX W HASTINGS ST,Central Business District,492197.2022,5458808.1371
Theft from Vehicle,2017,3,5,7,6,1XX W HASTINGS ST,Central Business District,492197.2022,5458808.1371
Theft from Vehicle,2017,3,16,9,45,1XX W HASTINGS ST,Central Business District,492197.2022,5458808.1371
Theft from Vehicle,2017,5,23,13,49,1XX W HASTINGS ST,Central Business District,492197.2022,5458808.1371
Theft from Vehicle,2017,8,20,22,0,1XX W HASTINGS ST,Central Business District,492197.2022,5458808.1371
Theft from Vehicle,2017,9,21,17,0,1XX W HASTINGS ST,Central Business District,492197.2022,5458808.1371
Theft from Vehicle,2017,1,31,23,50,1XX W KING EDWARD AVE,Riley Park,492068.4262,5455123.951
Theft from Vehicle,2017,1,31,19,0,1XX W KING EDWARD AVE,Riley Park,492108.4302,5455122.7549
Theft from Vehicle,2017,4,9,11,38,1XX W PENDER ST,Central Business District,492074.1894,5458729.9836
Theft from Vehicle,2017,5,12,18,0,1XX W PENDER ST,Central Business District,492074.1894,5458729.9836
Theft from Vehicle,2017,5,20,21,48,1XX W PENDER ST,Central Business District,492074.1894,5458729.9836
Theft from Vehicle,2017,7,9,5,59,1XX W PENDER ST,Central Business District,492074.1894,5458729.9836
Theft from Vehicle,2017,8,2,20,15,1XX W PENDER ST,Central Business District,492074.1894,5458729.9836
Theft from Vehicle,2017,8,17,7,14,1XX W PENDER ST,Central Business District,492074.1894,5458729.9836
Theft from Vehicle,2017,8,17,15,50,1XX W PENDER ST,Central Business District,492074.1894,5458729.9836
Theft from Vehicle,2017,8,19,4,23,1XX W PENDER ST,Central Business District,492074.1894,5458729.9836
Theft from Vehicle,2017,8,19,15,0,1XX W PENDER ST,Central Business District,492074.1894,5458729.9836
Theft from Vehicle,2017,8,19,17,58,1XX W PENDER ST,Central Business District,492074.1894,5458729.9836
Theft from Vehicle,2017,9,1,5,4,1XX W PENDER ST,Central Business District,492074.1894,5458729.9836
Theft from Vehicle,2017,9,7,19,0,1XX W PENDER ST,Central Business District,492074.1894,5458729.9836
Theft from Vehicle,2017,9,14,0,23,1XX W PENDER ST,Central Business District,492074.1894,5458729.9836
Theft from Vehicle,2017,9,15,22,0,1XX W PENDER ST,Central Business District,492074.1894,5458729.9836
Theft from Vehicle,2017,9,23,4,58,1XX W PENDER ST,Central Business District,492074.1894,5458729.9836
Theft from Vehicle,2017,9,23,7,19,1XX W PENDER ST,Central Business District,492074.1894,5458729.9836
Theft from Vehicle,2017,9,23,7,33,1XX W PENDER ST,Central Business District,492074.1894,5458729.9836
Theft from Vehicle,2017,10,5,2,6,1XX W PENDER ST,Central Business District,492074.1894,5458729.9836
Theft from Vehicle,2017,10,6,6,10,1XX W PENDER ST,Central Business District,492074.1894,5458729.9836
Theft from Vehicle,2017,10,9,12,0,1XX W PENDER ST,Central Business District,492074.1894,5458729.9836
Theft from Vehicle,2017,10,13,18,0,1XX W PENDER ST,Central Business District,492074.1894,5458729.9836
Theft from Vehicle,2017,10,14,12,0,1XX W PENDER ST,Central Business District,492074.1894,5458729.9836
Theft from Vehicle,2017,11,4,13,15,1XX W PENDER ST,Central Business District,492074.1894,5458729.9836
Theft from Vehicle,2017,11,7,8,58,1XX W PENDER ST,Central Business District,492074.1894,5458729.9836
Theft from Vehicle,2017,11,14,17,55,1XX W PENDER ST,Central Business District,492074.1894,5458729.9836
Theft from Vehicle,2017,11,15,1,19,1XX W PENDER ST,Central Business District,492074.1894,5458729.9836
Theft from Vehicle,2017,12,10,0,43,1XX W PENDER ST,Central Business District,492074.1894,5458729.9836
Theft from Vehicle,2017,12,15,20,15,1XX W PENDER ST,Central Business District,492074.1894,5458729.9836
Theft from Vehicle,2017,12,31,14,30,1XX W PENDER ST,Central Business District,492074.1894,5458729.9836
Theft from Vehicle,2017,1,8,21,51,1XX W PENDER ST,Central Business District,492074.1894,5458729.9836
Theft from Vehicle,2017,1,12,2,34,1XX W PENDER ST,Central Business District,492074.1894,5458729.9836
Theft from Vehicle,2017,1,13,18,0,1XX W PENDER ST,Central Business District,492074.1894,5458729.9836
Theft from Vehicle,2017,1,22,12,30,1XX W PENDER ST,Central Business District,492074.1894,5458729.9836
Theft from Vehicle,2017,2,4,15,0,1XX W PENDER ST,Central Business District,492074.1894,5458729.9836
Theft from Vehicle,2017,2,20,9,0,1XX W PENDER ST,Central Business District,492074.1894,5458729.9836
Theft from Vehicle,2017,3,15,15,0,1XX W PENDER ST,Central Business District,492074.1894,5458729.9836
Theft from Vehicle,2017,5,20,18,0,1XX W PENDER ST,Central Business District,492074.1894,5458729.9836
Theft from Vehicle,2017,5,20,21,22,1XX W PENDER ST,Central Business District,492074.1894,5458729.9836
Theft from Vehicle,2017,5,21,18,45,1XX W PENDER ST,Central Business District,492074.1894,5458729.9836
Theft from Vehicle,2017,5,22,11,0,1XX W PENDER ST,Central Business District,492074.1894,5458729.9836
Theft from Vehicle,2017,5,26,19,0,1XX W PENDER ST,Central Business District,492074.1894,5458729.9836
Theft from Vehicle,2017,6,1,6,44,1XX W PENDER ST,Central Business District,492074.1894,5458729.9836
Theft from Vehicle,2017,6,11,20,0,1XX W PENDER ST,Central Business District,492074.1894,5458729.9836
Theft from Vehicle,2017,6,22,18,0,1XX W PENDER ST,Central Business District,492074.1894,5458729.9836
Theft from Vehicle,2017,9,12,20,0,1XX W PENDER ST,Central Business District,492112.5032,5458719.2341
Theft from Vehicle,2017,3,11,16,25,1XX W PENDER ST,Central Business District,492106.1901,5458730.4891
Theft from Vehicle,2017,3,6,9,30,1XX W PENDER ST,Central Business District,492172.3273,5458702.9613
Theft from Vehicle,2017,5,15,7,30,1XX W PENDER ST,Central Business District,492172.3273,5458702.9613
Theft from Vehicle,2017,7,1,3,15,1XX W PENDER ST,Central Business District,492172.3273,5458702.9613
Theft from Vehicle,2017,8,5,1,0,1XX W PENDER ST,Central Business District,492172.3273,5458702.9613
Theft from Vehicle,2017,4,12,0,0,1XX WALTER HARDWICK AVE,Mount Pleasant,492194.3346,5457576.7743
Theft from Vehicle,2017,11,18,1,42,1XX WATER ST,Central Business District,492202.9847,5459031.7221
Theft from Vehicle,2017,1,1,13,30,1XX WATER ST,Central Business District,492203.2678,5459031.6462
Theft from Vehicle,2017,1,6,21,31,1XX WATER ST,Central Business District,492204.6478,5459031.2779
Theft from Vehicle,2017,6,18,7,0,1XX WATER ST,Central Business District,492204.6478,5459031.2779
Theft from Vehicle,2017,8,12,20,12,1XX WATER ST,Central Business District,492204.6478,5459031.2779
Theft from Vehicle,2017,9,11,8,30,1XX WATER ST,Central Business District,492204.6478,5459031.2779
Theft from Vehicle,2017,9,30,12,22,1XX WATER ST,Central Business District,492204.6478,5459031.2779
Theft from Vehicle,2017,10,5,15,23,1XX WATER ST,Central Business District,492204.6478,5459031.2779
Theft from Vehicle,2017,10,10,16,50,1XX WATER ST,Central Business District,492204.6478,5459031.2779
Theft from Vehicle,2017,10,11,9,0,1XX WATER ST,Central Business District,492204.6478,5459031.2779
Theft from Vehicle,2017,10,12,4,2,1XX WATER ST,Central Business District,492204.6478,5459031.2779
Theft from Vehicle,2017,10,12,18,0,1XX WATER ST,Central Business District,492204.6478,5459031.2779
Theft from Vehicle,2017,10,12,19,29,1XX WATER ST,Central Business District,492204.6478,5459031.2779
Theft from Vehicle,2017,10,19,8,0,1XX WATER ST,Central Business District,492204.6478,5459031.2779
Theft from Vehicle,2017,10,24,8,51,1XX WATER ST,Central Business District,492204.6478,5459031.2779
Theft from Vehicle,2017,10,24,10,1,1XX WATER ST,Central Business District,492204.6478,5459031.2779
Theft from Vehicle,2017,10,27,21,53,1XX WATER ST,Central Business District,492204.6478,5459031.2779
Theft from Vehicle,2017,11,2,20,59,1XX WATER ST,Central Business District,492204.6478,5459031.2779
Theft from Vehicle,2017,11,2,21,18,1XX WATER ST,Central Business District,492204.6478,5459031.2779
Theft from Vehicle,2017,11,4,21,21,1XX WATER ST,Central Business District,492204.6478,5459031.2779
Theft from Vehicle,2017,11,5,12,0,1XX WATER ST,Central Business District,492204.6478,5459031.2779
Theft from Vehicle,2017,11,8,1,57,1XX WATER ST,Central Business District,492204.6478,5459031.2779
Theft from Vehicle,2017,11,19,2,57,1XX WATER ST,Central Business District,492204.6478,5459031.2779
Theft from Vehicle,2017,11,22,9,0,1XX WATER ST,Central Business District,492204.6478,5459031.2779
Theft from Vehicle,2017,11,22,11,0,1XX WATER ST,Central Business District,492204.6478,5459031.2779
Theft from Vehicle,2017,11,24,20,20,1XX WATER ST,Central Business District,492204.6478,5459031.2779
Theft from Vehicle,2017,11,30,6,24,1XX WATER ST,Central Business District,492204.6478,5459031.2779
Theft from Vehicle,2017,12,12,19,24,1XX WATER ST,Central Business District,492204.6478,5459031.2779
Theft from Vehicle,2017,12,13,8,30,1XX WATER ST,Central Business District,492204.6478,5459031.2779
Theft from Vehicle,2017,1,6,13,0,1XX WATER ST,Central Business District,492204.6478,5459031.2779
Theft from Vehicle,2017,1,9,13,50,1XX WATER ST,Central Business District,492204.6478,5459031.2779
Theft from Vehicle,2017,1,15,19,20,1XX WATER ST,Central Business District,492204.6478,5459031.2779
Theft from Vehicle,2017,1,22,15,45,1XX WATER ST,Central Business District,492204.6478,5459031.2779
Theft from Vehicle,2017,1,23,17,30,1XX WATER ST,Central Business District,492204.6478,5459031.2779
Theft from Vehicle,2017,2,14,7,0,1XX WATER ST,Central Business District,492204.6478,5459031.2779
Theft from Vehicle,2017,3,14,18,0,1XX WATER ST,Central Business District,492204.6478,5459031.2779
Theft from Vehicle,2017,3,14,18,30,1XX WATER ST,Central Business District,492204.6478,5459031.2779
Theft from Vehicle,2017,3,18,1,5,1XX WATER ST,Central Business District,492204.6478,5459031.2779
Theft from Vehicle,2017,3,19,12,0,1XX WATER ST,Central Business District,492204.6478,5459031.2779
Theft from Vehicle,2017,3,23,0,15,1XX WATER ST,Central Business District,492204.6478,5459031.2779
Theft from Vehicle,2017,4,4,18,0,1XX WATER ST,Central Business District,492204.6478,5459031.2779
Theft from Vehicle,2017,4,12,18,30,1XX WATER ST,Central Business District,492204.6478,5459031.2779
Theft from Vehicle,2017,4,19,17,0,1XX WATER ST,Central Business District,492204.6478,5459031.2779
Theft from Vehicle,2017,4,24,8,30,1XX WATER ST,Central Business District,492204.6478,5459031.2779
Theft from Vehicle,2017,5,3,10,0,1XX WATER ST,Central Business District,492204.6478,5459031.2779
Theft from Vehicle,2017,6,5,4,53,1XX WATER ST,Central Business District,492204.6478,5459031.2779
Theft from Vehicle,2017,6,8,4,0,1XX WATER ST,Central Business District,492204.6478,5459031.2779
Theft from Vehicle,2017,1,15,3,24,1XX WATER ST,Central Business District,492211.2292,5459029.5201
Theft from Vehicle,2017,1,15,3,56,1XX WATER ST,Central Business District,492211.2292,5459029.5201
Theft from Vehicle,2017,2,10,12,54,1XX WATER ST,Central Business District,492212.9631,5459029.0573
Theft from Vehicle,2017,7,12,23,24,1XX WATER ST,Central Business District,492212.9631,5459029.0573
Theft from Vehicle,2017,4,20,22,43,1XX WATER ST,Central Business District,492212.9631,5459029.0573
Theft from Vehicle,2017,8,13,18,35,1XX WATER ST,Central Business District,492212.9631,5459029.0573
Theft from Vehicle,2017,10,9,6,0,1XX WATER ST,Central Business District,492212.9631,5459029.0573
Theft from Vehicle,2017,11,1,23,52,1XX WATER ST,Central Business District,492212.9631,5459029.0573
Theft from Vehicle,2017,4,6,17,4,1XX WATER ST,Central Business District,492215.3223,5459037.8917
Theft from Vehicle,2017,4,10,15,41,1XX WATER ST,Central Business District,492215.3223,5459037.8917
Theft from Vehicle,2017,5,11,8,30,1XX WATER ST,Central Business District,492236.2458,5459022.8396
Theft from Vehicle,2017,12,11,18,10,1XX WATER ST,Central Business District,492246.2241,5459020.1749
Theft from Vehicle,2017,4,13,18,13,1XX WATER ST,Central Business District,492248.5834,5459029.0093
Theft from Vehicle,2017,9,12,0,21,1XX WATER ST,Central Business District,492249.5502,5459019.2866
Theft from Vehicle,2017,4,29,14,30,1XX WATER ST,Central Business District,492254.5394,5459017.9543
Theft from Vehicle,2017,4,29,19,18,1XX WATER ST,Central Business District,492254.5394,5459017.9543
Theft from Vehicle,2017,7,10,15,40,1XX WATER ST,Central Business District,492254.5394,5459017.9543
Theft from Vehicle,2017,9,19,8,36,1XX WATER ST,Central Business District,492254.5394,5459017.9543
Theft from Vehicle,2017,9,20,1,0,1XX WATER ST,Central Business District,492254.5394,5459017.9543
Theft from Vehicle,2017,9,30,20,0,1XX WATER ST,Central Business District,492254.5394,5459017.9543
Theft from Vehicle,2017,11,6,17,30,1XX WATER ST,Central Business District,492254.5394,5459017.9543
Theft from Vehicle,2017,11,13,20,19,1XX WATER ST,Central Business District,492254.5394,5459017.9543
Theft from Vehicle,2017,11,23,9,35,1XX WATER ST,Central Business District,492254.5394,5459017.9543
Theft from Vehicle,2017,8,29,8,48,20XX ALBERTA ST,Mount Pleasant,491945.2429,5457194.4699
Theft from Vehicle,2017,6,19,21,30,20XX BARCLAY ST,West End,489739.8963,5459964.7754
Theft from Vehicle,2017,11,28,23,30,20XX BARCLAY ST,West End,489739.8963,5459964.7754
Theft from Vehicle,2017,8,14,23,0,20XX BARCLAY ST,West End,489742.9421,5459975.0184
Theft from Vehicle,2017,8,15,2,20,20XX BARCLAY ST,West End,489742.9421,5459975.0184
Theft from Vehicle,2017,4,14,12,0,20XX BARCLAY ST,West End,489749.1965,5459954.5457
Theft from Vehicle,2017,7,17,23,0,20XX BARCLAY ST,West End,489749.1965,5459954.5457
Theft from Vehicle,2017,2,22,17,0,20XX BARCLAY ST,West End,489752.2423,5459964.7887
Theft from Vehicle,2017,5,16,17,9,20XX BARCLAY ST,West End,489775.1583,5459925.9898
Theft from Vehicle,2017,1,27,20,0,20XX BARCLAY ST,West End,489777.0972,5459923.8564
Theft from Vehicle,2017,2,16,19,0,20XX BARCLAY ST,West End,489777.0972,5459923.8564
Theft from Vehicle,2017,4,13,14,0,20XX BARCLAY ST,West End,489777.0972,5459923.8564
Theft from Vehicle,2017,12,29,14,0,20XX BARCLAY ST,West End,489777.0972,5459923.8564
Theft from Vehicle,2017,1,1,17,0,20XX BAYSWATER ST,Kitsilano,487558.9346,5457300.0707
Theft from Vehicle,2017,5,22,21,0,20XX BEACH AVE,West End,489357.4157,5459781.7886
Theft from Vehicle,2017,10,30,21,30,20XX BEACH AVE,West End,489461.0121,5459701.7633
Theft from Vehicle,2017,3,20,12,0,20XX BEACH AVE,West End,489501.5754,5459648.3569
Theft from Vehicle,2017,8,18,16,30,20XX BEACH AVE,West End,489501.5754,5459648.3569
Theft from Vehicle,2017,12,18,20,30,20XX BEACH AVE,West End,489508.0351,5459654.8288
Theft from Vehicle,2017,10,21,18,0,20XX BOUNDARY RD,Hastings-Sunrise,498272.0237,5457064.1115
Theft from Vehicle,2017,2,12,23,0,20XX BRUNSWICK ST,Mount Pleasant,493005.0585,5457124.3197
Theft from Vehicle,2017,6,11,16,0,20XX BURRARD ST,Kitsilano,489400.119,5457245.2336
Theft from Vehicle,2017,7,12,23,13,20XX BURRARD ST,Fairview,489409.1293,5457219.9917
Theft from Vehicle,2017,1,7,21,0,20XX CHARLES ST,Grandview-Woodland,495403.3284,5457810.0564
Theft from Vehicle,2017,5,18,22,30,20XX CHARLES ST,Grandview-Woodland,495437.4032,5457800.4282
Theft from Vehicle,2017,3,31,18,0,20XX CLARK DR,Strathcona,494363.6601,5457083.6583
Theft from Vehicle,2017,5,20,15,25,20XX CLARK DR,Strathcona,494363.6763,5457086.8626
Theft from Vehicle,2017,12,1,18,0,20XX COLUMBIA ST,Mount Pleasant,492042.4221,5457192.0588
Theft from Vehicle,2017,4,27,18,0,20XX COMMERCIAL DR,Grandview-Woodland,494923.3805,5457038.8497
Theft from Vehicle,2017,2,12,1,0,20XX COMOX ST,West End,489548.838,5459841.7501
Theft from Vehicle,2017,11,23,17,30,20XX COMOX ST,West End,489573.5184,5459816.5303
Theft from Vehicle,2017,1,14,13,0,20XX COMOX ST,West End,489603.0888,5459799.3875
Theft from Vehicle,2017,9,13,20,0,20XX COMOX ST,West End,489606.4257,5459782.904
Theft from Vehicle,2017,10,18,18,0,20XX COMOX ST,West End,489606.4257,5459782.904
Theft from Vehicle,2017,5,15,12,50,20XX COMOX ST,West End,489622.8793,5459766.0909
Theft from Vehicle,2017,7,10,22,0,20XX COMOX ST,West End,489622.8793,5459766.0909
Theft from Vehicle,2017,3,25,0,30,20XX CORNWALL AVE,Kitsilano,488949.9815,5457759.8766
Theft from Vehicle,2017,2,13,1,7,20XX CREELMAN AVE,Kitsilano,488910.2309,5457981.5567
Theft from Vehicle,2017,3,29,21,30,20XX CREELMAN AVE,Kitsilano,489078.2334,5457976.8588
Theft from Vehicle,2017,6,20,8,3,20XX CREELMAN AVE,Kitsilano,489078.2334,5457976.8588
Theft from Vehicle,2017,7,6,23,0,20XX CREELMAN AVE,Kitsilano,489078.2334,5457976.8588
Theft from Vehicle,2017,7,17,18,0,20XX CREELMAN AVE,Kitsilano,489078.2334,5457976.8588
Theft from Vehicle,2017,7,23,19,0,20XX CREELMAN AVE,Kitsilano,489078.2334,5457976.8588
Theft from Vehicle,2017,7,28,17,0,20XX E 10TH AVE,Kensington-Cedar Cottage,495368.9923,5456502.9796
Theft from Vehicle,2017,7,15,9,46,20XX E 12TH AVE,Kensington-Cedar Cottage,495414.609,5456313.0893
Theft from Vehicle,2017,12,12,9,0,20XX E 12TH AVE,Kensington-Cedar Cottage,495446.997,5456312.9841
Theft from Vehicle,2017,6,25,21,0,20XX E 13TH AVE,Kensington-Cedar Cottage,495343.9744,5456204.4989
Theft from Vehicle,2017,12,1,15,0,20XX E 13TH AVE,Kensington-Cedar Cottage,495447.6043,5456211.9842
Theft from Vehicle,2017,12,1,14,0,20XX E 13TH AVE,Kensington-Cedar Cottage,495449.2681,5456211.9577
Theft from Vehicle,2017,9,15,7,45,20XX E 19TH AVE,Kensington-Cedar Cottage,495462.2383,5455589.5243
Theft from Vehicle,2017,10,13,0,30,20XX E 1ST AVE,Grandview-Woodland,495394.1735,5457419.3564
Theft from Vehicle,2017,12,12,23,0,20XX E 20TH AVE,Kensington-Cedar Cottage,495380.6667,5455513.6797
Theft from Vehicle,2017,3,12,12,0,20XX E 22ND AVE,Kensington-Cedar Cottage,495268.7361,5455274.7991
Theft from Vehicle,2017,12,23,18,0,20XX E 22ND AVE,Kensington-Cedar Cottage,495268.7361,5455274.7991
Theft from Vehicle,2017,11,10,21,21,20XX E 25TH AVE,Kensington-Cedar Cottage,495265.431,5455078.7557
Theft from Vehicle,2017,9,13,23,30,20XX E 27TH AVE,Kensington-Cedar Cottage,495379.5526,5454892.557
Theft from Vehicle,2017,7,15,17,15,20XX E 2ND AVE,Grandview-Woodland,495360.1197,5457318.7095
Theft from Vehicle,2017,2,6,18,30,20XX E 37TH AVE,Kensington-Cedar Cottage,495270.1242,5453790.3553
Theft from Vehicle,2017,6,12,16,30,20XX E 39TH AVE,Kensington-Cedar Cottage,495326.935,5453567.7371
Theft from Vehicle,2017,2,6,0,0,20XX E 3RD AVE,Grandview-Woodland,495388.0369,5457217.2304
Theft from Vehicle,2017,7,17,0,0,20XX E 44TH AVE,Victoria-Fraserview,495354.1687,5453060.3651
Theft from Vehicle,2017,7,17,18,30,20XX E 44TH AVE,Victoria-Fraserview,495354.1687,5453060.3651
Theft from Vehicle,2017,12,19,17,0,20XX E 46TH AVE,Victoria-Fraserview,495355.0397,5452868.9507
Theft from Vehicle,2017,11,3,22,0,20XX E 4TH AVE,Grandview-Woodland,495356.8586,5457116.9717
Theft from Vehicle,2017,12,2,22,0,20XX E 5TH AVE,Grandview-Woodland,495426.4736,5457016.0297
Theft from Vehicle,2017,8,20,21,0,20XX E 7TH AVE,Grandview-Woodland,495353.697,5456817.3019
Theft from Vehicle,2017,3,23,20,12,20XX E HASTINGS ST,Grandview-Woodland,495449.5038,5458720.7064
Theft from Vehicle,2017,7,25,0,0,20XX E PENDER ST,Grandview-Woodland,495382.5706,5458615.9802
Theft from Vehicle,2017,2,2,21,0,20XX E PENDER ST,Grandview-Woodland,495406.9367,5458615.916
Theft from Vehicle,2017,1,25,18,0,20XX E PENDER ST,Grandview-Woodland,495415.0588,5458615.8946
Theft from Vehicle,2017,3,13,0,0,20XX FERNDALE ST,Grandview-Woodland,495395.9349,5458542.8418
Theft from Vehicle,2017,8,26,17,0,20XX FERNDALE ST,Grandview-Woodland,495427.9882,5458542.7948
Theft from Vehicle,2017,7,9,14,30,20XX FERNDALE ST,Grandview-Woodland,495449.3705,5458551.9075
Theft from Vehicle,2017,3,2,12,30,20XX FRANKLIN ST,Grandview-Woodland,495375.9597,5458816.1416
Theft from Vehicle,2017,4,7,18,0,20XX FRANKLIN ST,Grandview-Woodland,495375.9597,5458816.1416
Theft from Vehicle,2017,8,27,4,37,20XX FRANKLIN ST,Grandview-Woodland,495375.9597,5458816.1416
Theft from Vehicle,2017,7,19,0,0,20XX FRANKLIN ST,Grandview-Woodland,495433.2273,5458815.3239
Theft from Vehicle,2017,4,9,0,0,20XX FRANKLIN ST,Grandview-Woodland,495452.3165,5458815.0513
Theft from Vehicle,2017,9,21,22,30,20XX FRASERVIEW DR,Victoria-Fraserview,495257.0299,5451011.6008
Theft from Vehicle,2017,3,15,16,0,20XX GRAVELEY ST,Grandview-Woodland,495379.4682,5457518.3908
Theft from Vehicle,2017,8,17,23,0,20XX HARO ST,West End,489840.8672,5460013.8271
Theft from Vehicle,2017,1,24,14,18,20XX KINGSWAY AVE,Kensington-Cedar Cottage,495281.809,5454697.7236
Theft from Vehicle,2017,5,15,1,0,20XX KINGSWAY AVE,Kensington-Cedar Cottage,495334.8648,5454660.7167
Theft from Vehicle,2017,12,17,9,34,20XX KINGSWAY AVE,Kensington-Cedar Cottage,495334.8648,5454660.7167
Theft from Vehicle,2017,10,29,22,30,20XX KITCHENER ST,Grandview-Woodland,495429.8836,5457699.0474
Theft from Vehicle,2017,9,5,12,0,20XX MACDONALD ST,Kitsilano,487761.5036,5457277.1742
Theft from Vehicle,2017,6,27,23,0,20XX MAPLE ST,Kitsilano,489063.8352,5457267.2687
Theft from Vehicle,2017,12,7,19,32,20XX NANTON AVE,Arbutus Ridge,489074.9567,5454996.4447
Theft from Vehicle,2017,2,9,9,0,20XX NELSON ST,West End,489591.6325,5459960.2173
Theft from Vehicle,2017,5,16,21,0,20XX NELSON ST,West End,489625.97,5459918.964
Theft from Vehicle,2017,11,16,5,45,20XX NELSON ST,West End,489640.3904,5459904.5304
Theft from Vehicle,2017,10,22,16,0,20XX NELSON ST,West End,489641.091,5459916.7666
Theft from Vehicle,2017,12,24,21,0,20XX NELSON ST,West End,489698.0723,5459846.7959
Theft from Vehicle,2017,2,19,11,32,20XX ONTARIO ST,Mount Pleasant,492386.1677,5457183.0629
Theft from Vehicle,2017,7,5,20,0,20XX ONTARIO ST,Mount Pleasant,492386.1677,5457183.0629
Theft from Vehicle,2017,10,13,15,39,20XX ONTARIO ST,Mount Pleasant,492386.1677,5457183.0629
Theft from Vehicle,2017,11,26,21,0,20XX PANDORA ST,Grandview-Woodland,495379.2342,5458918.4586
Theft from Vehicle,2017,10,11,15,30,20XX PARKER ST,Grandview-Woodland,495371.1557,5458105.1096
Theft from Vehicle,2017,6,5,19,0,20XX PENDRELL ST,West End,489504.8382,5459743.0867
Theft from Vehicle,2017,6,7,22,30,20XX PENDRELL ST,West End,489504.8382,5459743.0867
Theft from Vehicle,2017,6,14,19,0,20XX PENDRELL ST,West End,489504.8382,5459743.0867
Theft from Vehicle,2017,8,3,23,0,20XX PENDRELL ST,West End,489504.8382,5459743.0867
Theft from Vehicle,2017,8,6,4,30,20XX PENDRELL ST,West End,489504.8382,5459743.0867
Theft from Vehicle,2017,8,18,6,0,20XX PENDRELL ST,West End,489504.8382,5459743.0867
Theft from Vehicle,2017,8,26,2,0,20XX PENDRELL ST,West End,489504.8382,5459743.0867
Theft from Vehicle,2017,10,9,3,0,20XX PENDRELL ST,West End,489504.8382,5459743.0867
Theft from Vehicle,2017,12,6,21,0,20XX PENDRELL ST,West End,489549.6095,5459698.7326
Theft from Vehicle,2017,5,16,17,0,20XX QUALICUM DR,Victoria-Fraserview,495282.6472,5451202.0697
Theft from Vehicle,2017,9,19,11,0,20XX QUALICUM DR,Victoria-Fraserview,495283.2093,5451176.8075
Theft from Vehicle,2017,3,10,17,30,20XX QUEBEC ST,Mount Pleasant,492526.6608,5457179.5866
Theft from Vehicle,2017,6,20,0,0,20XX SCOTIA ST,Mount Pleasant,492818.2004,5457171.0778
Theft from Vehicle,2017,10,23,23,0,20XX SCOTIA ST,Mount Pleasant,492818.2004,5457171.0778
Theft from Vehicle,2017,11,3,20,30,20XX TRAFALGAR ST,Kitsilano,488034.5251,5457296.4529
Theft from Vehicle,2017,11,14,17,30,20XX TRIMBLE ST,West Point Grey,485025.5206,5457368.3387
Theft from Vehicle,2017,9,17,9,32,20XX TRIUMPH ST,Grandview-Woodland,495381.5674,5459016.4177
Theft from Vehicle,2017,9,28,10,0,20XX TRIUMPH ST,Grandview-Woodland,495424.2821,5459025.3489
Theft from Vehicle,2017,11,29,14,0,20XX TRIUMPH ST,Grandview-Woodland,495424.2821,5459025.3489
Theft from Vehicle,2017,1,22,17,0,20XX TRIUMPH ST,Grandview-Woodland,495450.9502,5459025.2159
Theft from Vehicle,2017,8,12,23,0,20XX TURNER ST,Grandview-Woodland,495380.9636,5458483.8151
Theft from Vehicle,2017,6,19,20,0,20XX TURNER ST,Grandview-Woodland,495441.7652,5458492.2019
Theft from Vehicle,2017,11,22,7,30,20XX TURNER ST,Grandview-Woodland,495464.4091,5458482.7749
Theft from Vehicle,2017,2,3,16,30,20XX VENABLES ST,Grandview-Woodland,495381.072,5458204.4045
Theft from Vehicle,2017,10,17,17,0,20XX VENABLES ST,Grandview-Woodland,495410.5374,5458213.3996
Theft from Vehicle,2017,7,8,21,0,20XX VICTORIA DR,Grandview-Woodland,495215.6384,5457085.0476
Theft from Vehicle,2017,12,31,19,30,20XX W 10TH AVE,Kitsilano,488985.9436,5456690.3917
Theft from Vehicle,2017,6,1,23,0,20XX W 12TH AVE,Kitsilano,488998.6901,5456478.0585
Theft from Vehicle,2017,12,12,2,30,20XX W 14TH AVE,Kitsilano,488952.273,5456278.5044
Theft from Vehicle,2017,9,10,20,30,20XX W 15TH AVE,Kitsilano,488918.6434,5456165.9399
Theft from Vehicle,2017,3,3,13,15,20XX W 15TH AVE,Kitsilano,489026.0813,5456162.6563
Theft from Vehicle,2017,4,1,22,0,20XX W 15TH AVE,Kitsilano,489026.0813,5456162.6563
Theft from Vehicle,2017,7,13,21,0,20XX W 16TH AVE,Kitsilano,488961.2384,5456071.2511
Theft from Vehicle,2017,3,21,1,0,20XX W 16TH AVE,Kitsilano,488983.2615,5456070.7109
Theft from Vehicle,2017,2,28,22,0,20XX W 1ST AVE,Kitsilano,488912.1571,5457564.3
Theft from Vehicle,2017,2,19,21,30,20XX W 1ST AVE,Kitsilano,489059.5437,5457560.2994
Theft from Vehicle,2017,2,28,19,0,20XX W 1ST AVE,Kitsilano,489059.5437,5457560.2994
Theft from Vehicle,2017,11,1,1,0,20XX W 2ND AVE,Kitsilano,488916.1082,5457466.1144
Theft from Vehicle,2017,5,30,20,0,20XX W 2ND AVE,Kitsilano,489057.1151,5457462.4571
Theft from Vehicle,2017,6,18,2,0,20XX W 2ND AVE,Kitsilano,489057.1151,5457462.4571
Theft from Vehicle,2017,7,10,17,0,20XX W 33RD AVE,Arbutus Ridge,488849.8951,5454386.6146
Theft from Vehicle,2017,7,24,18,0,20XX W 33RD AVE,Arbutus Ridge,488849.8951,5454386.6146
Theft from Vehicle,2017,10,22,9,0,20XX W 35TH AVE,Shaughnessy,488803.3393,5454157.9334
Theft from Vehicle,2017,4,7,2,0,20XX W 35TH AVE,Shaughnessy,488870.0849,5454157.4215
Theft from Vehicle,2017,7,19,22,0,20XX W 35TH AVE,Shaughnessy,488940.4684,5454147.7374
Theft from Vehicle,2017,5,22,9,49,20XX W 3RD AVE,Kitsilano,489056.7466,5457365.2298
Theft from Vehicle,2017,9,2,17,0,20XX W 41ST AVE,Kerrisdale,488922.9377,5453534.7947
Theft from Vehicle,2017,10,12,1,15,20XX W 41ST AVE,Kerrisdale,488922.9377,5453534.7947
Theft from Vehicle,2017,1,17,15,30,20XX W 42ND AVE,Kerrisdale,488732.6729,5453440.3558
Theft from Vehicle,2017,4,13,17,45,20XX W 42ND AVE,Kerrisdale,488732.6729,5453440.3558
Theft from Vehicle,2017,8,13,0,0,20XX W 42ND AVE,Kerrisdale,488785.4163,5453429.5881
Theft from Vehicle,2017,8,14,21,0,20XX W 42ND AVE,Kerrisdale,488785.4163,5453429.5881
Theft from Vehicle,2017,8,16,0,0,20XX W 42ND AVE,Kerrisdale,488835.7128,5453428.044
Theft from Vehicle,2017,8,12,20,0,20XX W 45TH AVE,Kerrisdale,488915.3142,5453121.4203
Theft from Vehicle,2017,3,13,2,0,20XX W 46TH AVE,Kerrisdale,488866.3017,5453020.2547
Theft from Vehicle,2017,2,20,4,30,20XX W 4TH AVE,Kitsilano,489017.6072,5457274.342
Theft from Vehicle,2017,8,8,8,30,20XX W 4TH AVE,Kitsilano,489024.0382,5457265.0381
Theft from Vehicle,2017,8,27,18,0,20XX W 57TH AVE,Kerrisdale,488798.1226,5451870.2072
Theft from Vehicle,2017,4,28,19,0,20XX W 5TH AVE,Kitsilano,488911.4124,5457180.4058
Theft from Vehicle,2017,3,30,17,0,20XX W 5TH AVE,Kitsilano,489051.6068,5457168.0619
Theft from Vehicle,2017,3,27,16,30,20XX W 6TH AVE,Kitsilano,488889.3181,5457078.4537
Theft from Vehicle,2017,4,28,11,28,20XX W 7TH AVE,Kitsilano,488993.7414,5456991.6941
Theft from Vehicle,2017,11,20,6,0,20XX W 7TH AVE,Kitsilano,488993.7414,5456991.6941
Theft from Vehicle,2017,10,17,0,0,20XX W 7TH AVE,Kitsilano,489010.4667,5456991.1018
Theft from Vehicle,2017,7,8,23,0,20XX W 8TH AVE,Kitsilano,488933.768,5456893.2482
Theft from Vehicle,2017,4,6,17,30,20XX W 8TH AVE,Kitsilano,489008.1871,5456890.4834
Theft from Vehicle,2017,1,11,23,30,20XX W 8TH AVE,Kitsilano,489040.5433,5456889.2813
Theft from Vehicle,2017,11,26,19,30,20XX W BROADWAY AVE,Kitsilano,488910.2916,5456789.8815
Theft from Vehicle,2017,4,22,0,0,20XX WALL ST,Grandview-Woodland,495374.3239,5459125.8932
Theft from Vehicle,2017,5,8,18,10,20XX WALL ST,Grandview-Woodland,495374.3239,5459125.8932
Theft from Vehicle,2017,6,30,23,26,20XX WALL ST,Grandview-Woodland,495374.3239,5459125.8932
Theft from Vehicle,2017,5,23,19,0,20XX WALL ST,Grandview-Woodland,495504.9524,5459265.4061
Theft from Vehicle,2017,12,23,0,0,20XX WILLIAM ST,Grandview-Woodland,495378.6295,5457887.1523
Theft from Vehicle,2017,12,11,20,0,20XX WILLIAM ST,Grandview-Woodland,495387.9004,5457896.2011
Theft from Vehicle,2017,12,5,7,30,20XX WOODLAND DR,Grandview-Woodland,494642.9355,5457055.1452
Theft from Vehicle,2017,11,10,0,0,20XX WOODLAND DR,Grandview-Woodland,494643.1883,5457073.8925
Theft from Vehicle,2017,4,19,16,15,20XX YORK AVE,Kitsilano,488973.8334,5457668.2607
Theft from Vehicle,2017,6,16,17,0,20XX YORK AVE,Kitsilano,489003.0405,5457658.3563
Theft from Vehicle,2017,2,1,15,0,20XX YORK AVE,Kitsilano,489014.6653,5457658.0549
Theft from Vehicle,2017,9,15,21,0,20XX YORK AVE,Kitsilano,489061.9289,5457656.8294
Theft from Vehicle,2017,12,7,17,30,21XX ADANAC ST,Grandview-Woodland,495513.0921,5458301.3254
Theft from Vehicle,2017,11,23,18,0,21XX ALBERTA ST,Mount Pleasant,491942.3608,5457069.4203
Theft from Vehicle,2017,4,1,16,30,21XX ALBERTA ST,Mount Pleasant,491942.9487,5457097.4906
Theft from Vehicle,2017,8,21,12,0,21XX ALBERTA ST,Mount Pleasant,491942.9487,5457097.4906
Theft from Vehicle,2017,11,7,23,0,21XX BIRCH ST,Fairview,490291.8,5457115.7148
Theft from Vehicle,2017,5,6,18,0,21XX BRUNSWICK ST,Mount Pleasant,492954.2745,5457018.4301
Theft from Vehicle,2017,5,6,22,30,21XX BRUNSWICK ST,Mount Pleasant,492954.2745,5457018.4301
Theft from Vehicle,2017,9,1,13,0,21XX BRUNSWICK ST,Mount Pleasant,492954.2745,5457018.4301
Theft from Vehicle,2017,9,2,11,0,21XX CAMBIE ST,Mount Pleasant,491665.358,5457107.8851
Theft from Vehicle,2017,7,13,0,1,21XX COLLINGWOOD ST,Kitsilano,486772.2071,5457170.0029
Theft from Vehicle,2017,12,7,21,30,21XX COLUMBIA ST,Mount Pleasant,492032.5046,5457074.7949
Theft from Vehicle,2017,5,17,16,46,21XX COMMERCIAL DR,Grandview-Woodland,494922.2394,5456966.5441
Theft from Vehicle,2017,9,16,17,30,21XX CORNWALL AVE,Kitsilano,488794.5086,5457763.7605
Theft from Vehicle,2017,2,19,0,30,21XX E 13TH AVE,Kensington-Cedar Cottage,495551.3543,5456201.136
Theft from Vehicle,2017,10,7,11,0,21XX E 19TH AVE,Kensington-Cedar Cottage,495502.1574,5455582.5058
Theft from Vehicle,2017,9,19,10,25,21XX E 1ST AVE,Grandview-Woodland,495500.9998,5457416.5543
Theft from Vehicle,2017,4,5,10,3,21XX E 1ST AVE,Grandview-Woodland,495588.5482,5457423.9609
Theft from Vehicle,2017,6,4,19,0,21XX E 27TH AVE,Kensington-Cedar Cottage,495454.3751,5454882.5228
Theft from Vehicle,2017,11,1,0,0,21XX E 2ND AVE,Grandview-Woodland,495514.8463,5457316.531
Theft from Vehicle,2017,3,29,19,0,21XX E 30TH AVE,Kensington-Cedar Cottage,495334.1227,5454537.0149
Theft from Vehicle,2017,5,26,18,0,21XX E 33RD AVE,Kensington-Cedar Cottage,495468.8787,5454109.6124
Theft from Vehicle,2017,6,10,12,29,21XX E 37TH AVE,Kensington-Cedar Cottage,495357.5455,5453790.8618
Theft from Vehicle,2017,3,28,17,0,21XX E 3RD AVE,Grandview-Woodland,495512.041,5457215.5672
Theft from Vehicle,2017,12,17,5,33,21XX E 3RD AVE,Grandview-Woodland,495612.2775,5457223.5886
Theft from Vehicle,2017,3,14,18,0,21XX E 44TH AVE,Victoria-Fraserview,495356.6081,5453060.3044
Theft from Vehicle,2017,3,14,20,0,21XX E 44TH AVE,Victoria-Fraserview,495356.6081,5453060.3044
Theft from Vehicle,2017,7,9,2,30,21XX E 44TH AVE,Victoria-Fraserview,495356.6081,5453060.3044
Theft from Vehicle,2017,9,11,16,30,21XX E 46TH AVE,Victoria-Fraserview,495403.3179,5452858.9326
Theft from Vehicle,2017,6,13,17,0,21XX E 48TH AVE,Victoria-Fraserview,495448.636,5452605.8492
Theft from Vehicle,2017,5,15,0,0,21XX E 49TH AVE,Victoria-Fraserview,495336.6416,5452481.5852
Theft from Vehicle,2017,1,18,20,30,21XX E 4TH AVE,Grandview-Woodland,495496.7885,5457109.2359
Theft from Vehicle,2017,11,13,16,0,21XX E 4TH AVE,Grandview-Woodland,495496.7885,5457109.2359
Theft from Vehicle,2017,11,21,4,48,21XX E 5TH AVE,Grandview-Woodland,495497.9638,5457015.2391
Theft from Vehicle,2017,8,21,21,0,21XX E 6TH AVE,Grandview-Woodland,495495.1004,5456913.4469
Theft from Vehicle,2017,9,21,19,0,21XX E 6TH AVE,Grandview-Woodland,495495.1004,5456913.4469
Theft from Vehicle,2017,11,16,20,0,21XX E 6TH AVE,Grandview-Woodland,495495.1004,5456913.4469
Theft from Vehicle,2017,11,25,3,21,21XX E 6TH AVE,Grandview-Woodland,495524.5984,5456922.398
Theft from Vehicle,2017,5,4,22,0,21XX E 7TH AVE,Grandview-Woodland,495569.9112,5456826.0592
Theft from Vehicle,2017,6,23,7,25,21XX E HASTINGS ST,Grandview-Woodland,495571.3336,5458719.7613
Theft from Vehicle,2017,12,7,8,40,21XX E HASTINGS ST,Grandview-Woodland,495571.3336,5458719.7613
Theft from Vehicle,2017,2,1,0,0,21XX E PENDER ST,Grandview-Woodland,495515.543,5458606.4827
Theft from Vehicle,2017,12,16,15,0,21XX E PENDER ST,Grandview-Woodland,495542.5774,5458606.3928
Theft from Vehicle,2017,5,8,19,0,21XX E PENDER ST,Grandview-Woodland,495561.5015,5458606.3298
Theft from Vehicle,2017,7,25,2,36,21XX E PENDER ST,Grandview-Woodland,495561.5319,5458615.4738
Theft from Vehicle,2017,5,14,17,0,21XX E PENDER ST,Grandview-Woodland,495583.129,5458606.2579
Theft from Vehicle,2017,1,13,19,0,21XX FRANKLIN ST,Grandview-Woodland,495551.649,5458813.5176
Theft from Vehicle,2017,5,22,4,0,21XX FRASERVIEW DR,Victoria-Fraserview,495316.9559,5450992.0185
Theft from Vehicle,2017,12,26,20,0,21XX FRASERVIEW DR,Victoria-Fraserview,495316.9559,5450992.0185
Theft from Vehicle,2017,3,19,16,0,21XX GRAVELEY ST,Grandview-Woodland,495502.4014,5457516.4591
Theft from Vehicle,2017,10,21,23,0,21XX GRAVELEY ST,Grandview-Woodland,495532.3077,5457525.1416
Theft from Vehicle,2017,10,31,0,0,21XX GRAVELEY ST,Grandview-Woodland,495532.3077,5457525.1416
Theft from Vehicle,2017,12,29,19,0,21XX GRAVELEY ST,Grandview-Woodland,495540.284,5457515.8731
Theft from Vehicle,2017,1,31,21,0,21XX GRAVELEY ST,Grandview-Woodland,495551.2491,5457524.8486
Theft from Vehicle,2017,7,31,20,0,21XX KINGSWAY AVE,Kensington-Cedar Cottage,495450.4926,5454565.4194
Theft from Vehicle,2017,12,6,17,30,21XX MACDONALD ST,Kitsilano,487749.7655,5457201.6062
Theft from Vehicle,2017,11,19,0,0,21XX NAPIER ST,Grandview-Woodland,495509.1987,5458002.2259
Theft from Vehicle,2017,7,14,23,0,21XX NAPIER ST,Grandview-Woodland,495584.6321,5458002.2951
Theft from Vehicle,2017,4,20,16,30,21XX NEWPORT AVE,Victoria-Fraserview,495364.0135,5451387.5646
Theft from Vehicle,2017,10,24,19,30,21XX NEWPORT AVE,Victoria-Fraserview,495377.4523,5451387.4127
Theft from Vehicle,2017,7,10,0,0,21XX OXFORD ST,Grandview-Woodland,495608.3672,5459224.4243
Theft from Vehicle,2017,4,26,15,21,21XX PANDORA ST,Grandview-Woodland,495523.789,5458917.223
Theft from Vehicle,2017,11,18,3,0,21XX PARKER ST,Grandview-Woodland,495526.6206,5458098.3567
Theft from Vehicle,2017,7,14,16,48,21XX PINE ST,Fairview,489581.2084,5457157.7368
Theft from Vehicle,2017,8,11,20,0,21XX PRINCE EDWARD ST,Mount Pleasant,493045.5119,5457053.4612
Theft from Vehicle,2017,11,26,8,0,21XX QUALICUM DR,Victoria-Fraserview,495393.1387,5451068.1531
Theft from Vehicle,2017,7,7,23,0,21XX QUALICUM DR,Victoria-Fraserview,495476.9718,5451064.1514
Theft from Vehicle,2017,12,30,20,0,21XX SCOTIA ST,Mount Pleasant,492815.4072,5457070.0001
Theft from Vehicle,2017,12,31,12,30,21XX SCOTIA ST,Mount Pleasant,492815.4072,5457070.0001
Theft from Vehicle,2017,6,15,2,0,21XX SE MARINE DR,Victoria-Fraserview,495314.0859,5450692.2653
Theft from Vehicle,2017,11,21,21,0,21XX SE MARINE DR,Victoria-Fraserview,495463.1734,5450616.7057
Theft from Vehicle,2017,12,8,17,0,21XX SEMLIN DR,Grandview-Woodland,495355.1643,5456999.6633
Theft from Vehicle,2017,7,1,19,0,21XX SOUTHSIDE DR,Victoria-Fraserview,495355.9158,5450619.404
Theft from Vehicle,2017,6,4,23,37,21XX STANLEY PARK DR,Stanley Park,491426.3308,5460819.0698
Theft from Vehicle,2017,3,18,14,45,21XX STANLEY PARK DR,Stanley Park,491433.2538,5460813.096
Theft from Vehicle,2017,3,25,14,30,21XX STANLEY PARK DR,Stanley Park,491433.2538,5460813.096
Theft from Vehicle,2017,6,3,13,0,21XX STANLEY PARK DR,Stanley Park,491433.2538,5460813.096
Theft from Vehicle,2017,11,1,16,30,21XX STANLEY PARK DR,Stanley Park,491433.2538,5460813.096
Theft from Vehicle,2017,12,31,16,10,21XX STANLEY PARK DR,Stanley Park,491433.2538,5460813.096
Theft from Vehicle,2017,12,11,15,30,21XX STEPHENS ST,Kitsilano,487899.9539,5457198.9055
Theft from Vehicle,2017,5,11,23,38,21XX SW MARINE DR,Kerrisdale,488613.7224,5451605.6943
Theft from Vehicle,2017,3,8,0,0,21XX TEMPLETON DR,Grandview-Woodland,495636.7151,5456986.3943
Theft from Vehicle,2017,12,17,2,0,21XX TRAFALGAR ST,Kitsilano,488033.3158,5457197.0428
Theft from Vehicle,2017,6,5,0,0,21XX TRIUMPH ST,Grandview-Woodland,495520.6406,5459015.7254
Theft from Vehicle,2017,8,7,10,0,21XX TRIUMPH ST,Grandview-Woodland,495520.6406,5459015.7254
Theft from Vehicle,2017,5,14,9,0,21XX TRIUMPH ST,Grandview-Woodland,495553.0812,5459015.5714
Theft from Vehicle,2017,5,13,4,0,21XX TRIUMPH ST,Grandview-Woodland,495593.3878,5459024.5241
Theft from Vehicle,2017,8,21,18,0,21XX TRIUMPH ST,Grandview-Woodland,495593.6754,5459024.5228
Theft from Vehicle,2017,10,20,0,0,21XX TURNER ST,Grandview-Woodland,495600.4021,5458490.9692
Theft from Vehicle,2017,7,29,23,30,21XX UPLAND DR,Victoria-Fraserview,495298.9287,5451700.8534
Theft from Vehicle,2017,3,25,23,30,21XX VENABLES ST,Grandview-Woodland,495512.4545,5458203.728
Theft from Vehicle,2017,6,27,22,30,21XX VENABLES ST,Grandview-Woodland,495512.4545,5458203.728
Theft from Vehicle,2017,4,4,17,0,21XX VENABLES ST,Grandview-Woodland,495533.9509,5458212.7008
Theft from Vehicle,2017,6,2,7,45,21XX VENABLES ST,Grandview-Woodland,495544.5898,5458203.4717
Theft from Vehicle,2017,3,21,19,0,21XX VENABLES ST,Grandview-Woodland,495576.7979,5458212.3591
Theft from Vehicle,2017,12,27,23,0,21XX W 10TH AVE,Kitsilano,488868.1756,5456684.2043
Theft from Vehicle,2017,4,26,0,0,21XX W 11TH AVE,Kitsilano,488842.1962,5456591.9414
Theft from Vehicle,2017,9,6,20,23,21XX W 11TH AVE,Kitsilano,488842.1962,5456591.9414
Theft from Vehicle,2017,10,17,17,0,21XX W 13TH AVE,Kitsilano,488729.2976,5456376.1087
Theft from Vehicle,2017,2,6,21,0,21XX W 13TH AVE,Kitsilano,488855.178,5456371.7997
Theft from Vehicle,2017,4,8,20,0,21XX W 14TH AVE,Kitsilano,488830.6377,5456272.2986
Theft from Vehicle,2017,11,18,0,0,21XX W 14TH AVE,Kitsilano,488840.4977,5456271.8926
Theft from Vehicle,2017,8,17,20,0,21XX W 15TH AVE,Kitsilano,488819.0889,5456177.6908
Theft from Vehicle,2017,1,2,17,0,21XX W 15TH AVE,Kitsilano,488825.6861,5456168.4116
Theft from Vehicle,2017,5,1,2,42,21XX W 15TH AVE,Kitsilano,488825.6861,5456168.4116
Theft from Vehicle,2017,2,10,20,0,21XX W 18TH AVE,Arbutus Ridge,488705.4198,5455957.7566
Theft from Vehicle,2017,3,31,22,18,21XX W 19TH AVE,Arbutus Ridge,488809.8231,5455844.478
Theft from Vehicle,2017,5,7,20,0,21XX W 1ST AVE,Kitsilano,488772.7773,5457568.0277
Theft from Vehicle,2017,5,14,12,0,21XX W 1ST AVE,Kitsilano,488772.7773,5457568.0277
Theft from Vehicle,2017,5,13,19,31,21XX W 1ST AVE,Kitsilano,488839.0499,5457566.2592
Theft from Vehicle,2017,5,13,7,21,21XX W 1ST AVE,Kitsilano,488888.7543,5457564.9328
Theft from Vehicle,2017,9,6,18,0,21XX W 20TH AVE,Arbutus Ridge,488816.6618,5455753.822
Theft from Vehicle,2017,12,26,20,0,21XX W 20TH AVE,Arbutus Ridge,488864.8427,5455743.5096
Theft from Vehicle,2017,3,6,12,0,21XX W 21ST AVE,Arbutus Ridge,488705.2405,5455646.4357
Theft from Vehicle,2017,5,15,7,48,21XX W 22ND AVE,Arbutus Ridge,488804.9246,5455553.023
Theft from Vehicle,2017,7,3,19,30,21XX W 22ND AVE,Arbutus Ridge,488861.7745,5455542.5469
Theft from Vehicle,2017,8,4,21,0,21XX W 22ND AVE,Arbutus Ridge,488861.9882,5455551.6884
Theft from Vehicle,2017,6,27,16,30,21XX W 2ND AVE,Kitsilano,488770.519,5457479.0615
Theft from Vehicle,2017,7,6,8,20,21XX W 35TH AVE,Arbutus Ridge,488694.5327,5454171.3338
Theft from Vehicle,2017,12,9,23,0,21XX W 39TH AVE,Arbutus Ridge,488470.8541,5453751.6546
Theft from Vehicle,2017,5,14,17,0,21XX W 39TH AVE,Arbutus Ridge,488485.3115,5453751.3038
Theft from Vehicle,2017,8,13,17,30,21XX W 3RD AVE,Kitsilano,488761.2849,5457381.4086
Theft from Vehicle,2017,1,11,17,0,21XX W 3RD AVE,Kitsilano,488767.6768,5457372.1104
Theft from Vehicle,2017,4,6,23,0,21XX W 3RD AVE,Kitsilano,488883.3314,5457369.3667
Theft from Vehicle,2017,1,26,16,0,21XX W 40TH AVE,Arbutus Ridge,488549.4564,5453661.3915
Theft from Vehicle,2017,1,18,16,15,21XX W 41ST AVE,Kerrisdale,488668.7014,5453541.1213
Theft from Vehicle,2017,11,16,21,40,21XX W 41ST AVE,Kerrisdale,488671.9002,5453541.0358
Theft from Vehicle,2017,12,10,18,0,21XX W 42ND AVE,Kerrisdale,488569.1227,5453443.008
Theft from Vehicle,2017,11,13,10,29,21XX W 42ND AVE,Kerrisdale,488656.3638,5453439.3535
Theft from Vehicle,2017,11,19,15,0,21XX W 43RD AVE,Kerrisdale,488569.1901,5453335.3517
Theft from Vehicle,2017,11,15,18,0,21XX W 44TH AVE,Kerrisdale,488549.2816,5453247.5336
Theft from Vehicle,2017,11,15,18,45,21XX W 44TH AVE,Kerrisdale,488549.2816,5453247.5336
Theft from Vehicle,2017,11,16,8,30,21XX W 44TH AVE,Kerrisdale,488549.2816,5453247.5336
Theft from Vehicle,2017,5,16,0,50,21XX W 45TH AVE,Kerrisdale,488662.2267,5453127.5004
Theft from Vehicle,2017,2,25,18,0,21XX W 46TH AVE,Kerrisdale,488637.799,5453018.7611
Theft from Vehicle,2017,2,25,22,0,21XX W 46TH AVE,Kerrisdale,488637.799,5453018.7611
Theft from Vehicle,2017,8,18,22,0,21XX W 46TH AVE,Kerrisdale,488658.2073,5453018.2039
Theft from Vehicle,2017,2,28,22,19,21XX W 4TH AVE,Kitsilano,488794.891,5457279.8255
Theft from Vehicle,2017,11,14,7,30,21XX W 4TH AVE,Kitsilano,488880.5766,5457268.5468
Theft from Vehicle,2017,8,2,21,54,21XX W 51ST AVE,Kerrisdale,488616.8316,5452475.8084
Theft from Vehicle,2017,4,9,15,30,21XX W 51ST AVE,Kerrisdale,488639.4737,5452484.544
Theft from Vehicle,2017,8,18,21,0,21XX W 53RD AVE,Kerrisdale,488727.0896,5452235.4064
Theft from Vehicle,2017,2,3,21,0,21XX W 5TH AVE,Kitsilano,488811.2258,5457173.9437
Theft from Vehicle,2017,3,13,17,0,21XX W 5TH AVE,Kitsilano,488873.9289,5457172.1622
Theft from Vehicle,2017,7,4,19,0,21XX W 6TH AVE,Kitsilano,488849.1714,5457079.4086
Theft from Vehicle,2017,3,1,12,0,21XX W 7TH AVE,Kitsilano,488724.4362,5456990.5562
Theft from Vehicle,2017,2,20,18,30,21XX W 7TH AVE,Kitsilano,488866.3369,5456996.089
Theft from Vehicle,2017,7,3,0,0,21XX W 7TH AVE,Kitsilano,488872.6933,5456986.7802
Theft from Vehicle,2017,10,28,23,30,21XX W 8TH AVE,Kitsilano,488725.565,5456898.9698
Theft from Vehicle,2017,5,7,14,54,21XX W 8TH AVE,Kitsilano,488831.9187,5456896.433
Theft from Vehicle,2017,4,21,22,30,21XX WALL ST,Grandview-Woodland,495526.9283,5459307.5664
Theft from Vehicle,2017,7,1,0,0,21XX WALL ST,Grandview-Woodland,495526.9283,5459307.5664
Theft from Vehicle,2017,8,14,22,30,21XX WATERSIDE AVE,Victoria-Fraserview,495347.4035,5450555.117
Theft from Vehicle,2017,6,11,17,30,21XX WAVERLEY AVE,Victoria-Fraserview,495343.5303,5452706.8658
Theft from Vehicle,2017,4,12,18,0,21XX WILLIAM ST,Grandview-Woodland,495507.81,5457899.7831
Theft from Vehicle,2017,10,31,20,30,21XX WILLIAM ST,Grandview-Woodland,495604.9336,5457907.712
Theft from Vehicle,2017,1,27,15,38,21XX WOODLAND DR,Grandview-Woodland,494651.7332,5457029.5771
Theft from Vehicle,2017,8,15,17,30,21XX YEW ST,Kitsilano,488705.3929,5457162.3935
Theft from Vehicle,2017,4,6,18,30,21XX YORK AVE,Kitsilano,488818.6682,5457672.3881
Theft from Vehicle,2017,8,18,21,30,21XX YORK AVE,Kitsilano,488841.6139,5457662.6151
Theft from Vehicle,2017,6,19,22,30,21XX YORK AVE,Kitsilano,488891.3175,5457661.26
Theft from Vehicle,2017,7,23,20,0,21XX YORK AVE,Kitsilano,488891.3175,5457661.26
Theft from Vehicle,2017,9,9,17,53,21XX YORK AVE,Kitsilano,488891.3175,5457661.26
Theft from Vehicle,2017,10,5,19,0,22XX ALBERTA ST,Mount Pleasant,491939.9794,5456971.1177
Theft from Vehicle,2017,8,11,19,0,22XX ALBERTA ST,Mount Pleasant,491940.7617,5456994.0498
Theft from Vehicle,2017,11,21,16,0,22XX BALACLAVA ST,Kitsilano,487343.6269,5457105.8341
Theft from Vehicle,2017,11,17,17,0,22XX BALACLAVA ST,Kitsilano,487353.1058,5457118.381
Theft from Vehicle,2017,11,30,19,0,22XX BAYSWATER ST,Kitsilano,487551.7374,5457051.433
Theft from Vehicle,2017,3,5,19,30,22XX BIRCH ST,Fairview,490282.6889,5457043.9055
Theft from Vehicle,2017,12,9,21,45,22XX BONACCORD DR,Victoria-Fraserview,495495.7984,5450860.3858
Theft from Vehicle,2017,3,23,18,30,22XX BONNYVALE AVE,Victoria-Fraserview,495483.2429,5451588.9764
Theft from Vehicle,2017,4,27,17,0,22XX BONNYVALE AVE,Victoria-Fraserview,495541.9982,5451588.3669
Theft from Vehicle,2017,1,6,3,49,22XX BRUNSWICK ST,Mount Pleasant,492950.9943,5456912.511
Theft from Vehicle,2017,10,12,19,0,22XX CAMBIE ST,Mount Pleasant,491656.6642,5456918.9056
Theft from Vehicle,2017,5,18,20,0,22XX CAMBRIDGE ST,Grandview-Woodland,495693.5087,5459315.5276
Theft from Vehicle,2017,5,8,21,0,22XX CAMBRIDGE ST,Grandview-Woodland,495736.9627,5459323.9371
Theft from Vehicle,2017,12,1,0,30,22XX CAROLINA ST,Mount Pleasant,493383.4014,5456945.6665
Theft from Vehicle,2017,9,30,12,30,22XX CHARLES ST,Grandview-Woodland,495690.3413,5457805.2257
Theft from Vehicle,2017,1,13,16,34,22XX COLUMBIA ST,Mount Pleasant,492040.9485,5456991.3403
Theft from Vehicle,2017,4,7,19,30,22XX COMMERCIAL DR,Grandview-Woodland,494930.0076,5456874.7607
Theft from Vehicle,2017,4,11,21,13,22XX COMMERCIAL DR,Grandview-Woodland,494930.0076,5456874.7607
Theft from Vehicle,2017,10,29,4,6,22XX COMMERCIAL DR,Grandview-Woodland,494930.0076,5456874.7607
Theft from Vehicle,2017,9,5,21,0,22XX DUNDAS ST,Grandview-Woodland,495680.9933,5459123.0641
Theft from Vehicle,2017,7,9,12,0,22XX DUNDAS ST,Grandview-Woodland,495737.8653,5459122.3884
Theft from Vehicle,2017,1,15,17,0,22XX E 1ST AVE,Grandview-Woodland,495648.6835,5457413.6981
Theft from Vehicle,2017,11,3,17,30,22XX E 2ND AVE,Grandview-Woodland,495660.4381,5457323.698
Theft from Vehicle,2017,10,5,21,0,22XX E 39TH AVE,Kensington-Cedar Cottage,495582.7079,5453574.3968
Theft from Vehicle,2017,7,9,23,0,22XX E 39TH AVE,Kensington-Cedar Cottage,495642.7542,5453564.4736
Theft from Vehicle,2017,11,12,0,0,22XX E 3RD AVE,Grandview-Woodland,495685.7884,5457213.5046
Theft from Vehicle,2017,6,13,21,5,22XX E 3RD AVE,Grandview-Woodland,495767.3136,5457212.4041
Theft from Vehicle,2017,8,14,3,0,22XX E 40TH AVE,Kensington-Cedar Cottage,495660.6421,5453453.4392
Theft from Vehicle,2017,11,8,2,35,22XX E 42ND AVE,Victoria-Fraserview,495519.897,5453249.0814
Theft from Vehicle,2017,2,16,0,0,22XX E 43RD AVE,Victoria-Fraserview,495488.4771,5453154.5689
Theft from Vehicle,2017,9,1,21,0,22XX E 43RD AVE,Victoria-Fraserview,495622.7663,5453151.9177
Theft from Vehicle,2017,9,23,14,0,22XX E 45TH AVE,Victoria-Fraserview,495485.9291,5452958.5172
Theft from Vehicle,2017,11,30,20,30,22XX E 45TH AVE,Victoria-Fraserview,495485.9291,5452958.5172
Theft from Vehicle,2017,11,21,12,0,22XX E 46TH AVE,Victoria-Fraserview,495536.5373,5452856.5246
Theft from Vehicle,2017,11,7,17,0,22XX E 46TH AVE,Victoria-Fraserview,495636.6171,5452863.8612
Theft from Vehicle,2017,4,1,14,0,22XX E 47TH AVE,Victoria-Fraserview,495470.2457,5452758.8168
Theft from Vehicle,2017,4,27,20,0,22XX E 48TH AVE,Victoria-Fraserview,495469.5579,5452605.546
Theft from Vehicle,2017,11,4,13,30,22XX E 4TH AVE,Grandview-Woodland,495639.1366,5457107.1
Theft from Vehicle,2017,11,1,10,0,22XX E 51ST AVE,Victoria-Fraserview,495450.8032,5452254.3637
Theft from Vehicle,2017,11,30,17,0,22XX E 51ST AVE,Victoria-Fraserview,495450.8032,5452254.3637
Theft from Vehicle,2017,10,31,1,0,22XX E 51ST AVE,Victoria-Fraserview,495520.8323,5452252.882
Theft from Vehicle,2017,2,7,5,3,22XX E 5TH AVE,Grandview-Woodland,495637.1067,5457013.4604
Theft from Vehicle,2017,2,9,4,23,22XX E 5TH AVE,Grandview-Woodland,495637.1067,5457013.4604
Theft from Vehicle,2017,1,27,7,0,22XX E 5TH AVE,Grandview-Woodland,495664.1908,5457013.1961
Theft from Vehicle,2017,11,27,14,0,22XX E 61ST AVE,Victoria-Fraserview,495486.0086,5451304.9511
Theft from Vehicle,2017,1,21,21,0,22XX E 61ST AVE,Victoria-Fraserview,495497.8698,5451304.8065
Theft from Vehicle,2017,6,8,20,30,22XX E 61ST AVE,Victoria-Fraserview,495513.5734,5451295.4705
Theft from Vehicle,2017,8,16,22,0,22XX E 6TH AVE,Grandview-Woodland,495716.4267,5456911.6388
Theft from Vehicle,2017,1,18,19,0,22XX E 7TH AVE,Grandview-Woodland,495666.4129,5456817.5149
Theft from Vehicle,2017,9,19,21,0,22XX E 7TH AVE,Grandview-Woodland,495706.5414,5456826.9085
Theft from Vehicle,2017,11,18,18,0,22XX E 7TH AVE,Grandview-Woodland,495706.5414,5456826.9085
Theft from Vehicle,2017,6,28,22,0,22XX E HASTINGS ST,Grandview-Woodland,495743.5436,5458719.2934
Theft from Vehicle,2017,8,26,0,38,22XX E PENDER ST,Grandview-Woodland,495656.4592,5458606.0203
Theft from Vehicle,2017,12,24,19,0,22XX E PENDER ST,Grandview-Woodland,495756.1568,5458614.984
Theft from Vehicle,2017,5,23,19,0,22XX EDDINGTON DR,Arbutus Ridge,488485.573,5454829.6284
Theft from Vehicle,2017,1,5,18,0,22XX EDDINGTON DR,Arbutus Ridge,488563.6312,5454895.2323
Theft from Vehicle,2017,7,21,22,30,22XX ETON ST,Grandview-Woodland,495665.7882,5459416.2756
Theft from Vehicle,2017,7,1,12,0,22XX ETON ST,Grandview-Woodland,495680.8843,5459416.3958
Theft from Vehicle,2017,3,2,8,10,22XX ETON ST,Grandview-Woodland,495721.0678,5459425.86
Theft from Vehicle,2017,7,3,23,0,22XX ETON ST,Grandview-Woodland,495746.228,5459426.0603
Theft from Vehicle,2017,9,20,16,0,22XX FERNDALE ST,Grandview-Woodland,495671.9989,5458550.5641
Theft from Vehicle,2017,2,19,0,30,22XX FERNDALE ST,Grandview-Woodland,495728.2745,5458540.7573
Theft from Vehicle,2017,11,14,15,0,22XX FRANKLIN ST,Grandview-Woodland,495695.835,5458810.9456
Theft from Vehicle,2017,6,16,9,54,22XX GALT ST,Kensington-Cedar Cottage,495560.5246,5454612.6066
Theft from Vehicle,2017,5,7,18,0,22XX GALT ST,Kensington-Cedar Cottage,495690.4267,5454518.1585
Theft from Vehicle,2017,9,24,20,0,22XX GRANT ST,Grandview-Woodland,495645.0502,5457603.0453
Theft from Vehicle,2017,8,20,15,0,22XX GRAVELEY ST,Grandview-Woodland,495643.5036,5457514.2784
Theft from Vehicle,2017,8,22,11,43,22XX GRAVELEY ST,Grandview-Woodland,495651.713,5457514.155
Theft from Vehicle,2017,2,12,11,0,22XX HEATHER ST,Fairview,491279.5132,5456963.9628
Theft from Vehicle,2017,8,9,2,0,22XX HEMLOCK ST,Fairview,490105.7603,5457049.0361
Theft from Vehicle,2017,3,31,20,10,22XX KINGSWAY AVE,Kensington-Cedar Cottage,495504.2814,5454526.1176
Theft from Vehicle,2017,12,14,21,0,22XX KINGSWAY AVE,Kensington-Cedar Cottage,495536.1574,5454515.0143
Theft from Vehicle,2017,9,11,19,30,22XX KINGSWAY AVE,Kensington-Cedar Cottage,495610.7532,5454462.9321
Theft from Vehicle,2017,9,12,0,0,22XX KINGSWAY AVE,Kensington-Cedar Cottage,495610.7532,5454462.9321
Theft from Vehicle,2017,1,12,23,30,22XX KINGSWAY AVE,Kensington-Cedar Cottage,495610.7532,5454462.9321
Theft from Vehicle,2017,8,18,12,0,22XX MANITOBA ST,Mount Pleasant,492228.2768,5456966.5412
Theft from Vehicle,2017,10,12,0,0,22XX MARSTRAND AVE,Kitsilano,488691.7462,5456637.0642
Theft from Vehicle,2017,10,3,16,0,22XX MCBAIN AVE,Arbutus Ridge,488517.5669,5455280.7604
Theft from Vehicle,2017,12,5,22,0,22XX MCGILL ST,Grandview-Woodland,495727.7367,5459516.4765
Theft from Vehicle,2017,3,7,11,26,22XX MCLEAN DR,Grandview-Woodland,494507.6529,5456884.9693
Theft from Vehicle,2017,1,26,3,0,22XX NAPIER ST,Grandview-Woodland,495649.3412,5458002.269
Theft from Vehicle,2017,1,23,17,30,22XX NEWPORT AVE,Victoria-Fraserview,495584.501,5451384.9875
Theft from Vehicle,2017,7,1,22,0,22XX OXFORD ST,Grandview-Woodland,495661.9545,5459215.0108
Theft from Vehicle,2017,7,3,20,0,22XX OXFORD ST,Grandview-Woodland,495661.9545,5459215.0108
Theft from Vehicle,2017,10,24,12,0,22XX OXFORD ST,Grandview-Woodland,495678.3566,5459214.9034
Theft from Vehicle,2017,6,8,20,0,22XX OXFORD ST,Grandview-Woodland,495763.1608,5459223.4921
Theft from Vehicle,2017,3,31,17,0,22XX PARKER ST,Grandview-Woodland,495650.7202,5458096.4205
Theft from Vehicle,2017,9,13,0,0,22XX PORTSIDE CRT,Victoria-Fraserview,495439.6712,5450538.9817
Theft from Vehicle,2017,10,10,20,0,22XX PORTSIDE CRT,Victoria-Fraserview,495493.369,5450454.0567
Theft from Vehicle,2017,1,19,0,0,22XX PRINCE ALBERT ST,Mount Pleasant,493665.0538,5456907.0515
Theft from Vehicle,2017,9,21,18,0,22XX QUALICUM DR,Victoria-Fraserview,495509.8032,5451063.7312
Theft from Vehicle,2017,4,6,1,0,22XX QUALICUM DR,Victoria-Fraserview,495557.5579,5451063.12
Theft from Vehicle,2017,7,12,13,0,22XX QUEBEC ST,Mount Pleasant,492521.1381,5456977.84
Theft from Vehicle,2017,7,12,22,30,22XX QUEBEC ST,Mount Pleasant,492521.1381,5456977.84
Theft from Vehicle,2017,10,19,23,0,22XX QUEBEC ST,Mount Pleasant,492521.1381,5456977.84
Theft from Vehicle,2017,12,12,12,47,22XX QUEBEC ST,Mount Pleasant,492521.1381,5456977.84
Theft from Vehicle,2017,6,13,22,0,22XX RENFREW ST,Hastings-Sunrise,496770.9745,5456802.6181
Theft from Vehicle,2017,7,3,4,54,22XX SCARBORO AVE,Victoria-Fraserview,495517.0147,5451174.3692
Theft from Vehicle,2017,11,22,9,18,22XX SOUTHSIDE DR,Victoria-Fraserview,495476.1339,5450561.0127
Theft from Vehicle,2017,10,7,15,40,22XX SPRUCE ST,Fairview,490625.0966,5457014.3747
Theft from Vehicle,2017,12,11,20,30,22XX STEPHENS ST,Kitsilano,487897.9882,5457104.4052
Theft from Vehicle,2017,12,1,21,0,22XX SW MARINE DR,Kerrisdale,488450.1837,5451904.3537
Theft from Vehicle,2017,10,10,22,0,22XX TOLMIE ST,West Point Grey,484579.099,5457123.2212
Theft from Vehicle,2017,3,1,1,30,22XX TRAFALGAR ST,Kitsilano,488030.978,5457101.3055
Theft from Vehicle,2017,2,23,15,30,22XX TRINITY ST,Grandview-Woodland,495766.1011,5459616.4791
Theft from Vehicle,2017,6,9,0,30,22XX TRIUMPH ST,Grandview-Woodland,495694.4455,5459023.8996
Theft from Vehicle,2017,11,22,18,30,22XX TRIUMPH ST,Grandview-Woodland,495699.8294,5459014.7086
Theft from Vehicle,2017,6,28,17,0,22XX TRIUMPH ST,Grandview-Woodland,495746.3447,5459023.4501
Theft from Vehicle,2017,4,18,18,0,22XX TRUTCH ST,Kitsilano,487201.9453,5457075.7009
Theft from Vehicle,2017,5,15,16,30,22XX TRUTCH ST,Kitsilano,487201.9453,5457075.7009
Theft from Vehicle,2017,9,4,22,30,22XX TURNER ST,Grandview-Woodland,495658.006,5458481.5731
Theft from Vehicle,2017,2,8,0,30,22XX TURNER ST,Grandview-Woodland,495674.1311,5458490.6411
Theft from Vehicle,2017,9,21,0,0,22XX TURNER ST,Grandview-Woodland,495714.6227,5458490.4496
Theft from Vehicle,2017,6,24,21,0,22XX TURNER ST,Grandview-Woodland,495755.1143,5458490.2581
Theft from Vehicle,2017,9,24,19,0,22XX VENABLES ST,Grandview-Woodland,495652.0202,5458202.5416
Theft from Vehicle,2017,9,15,12,0,22XX VENABLES ST,Grandview-Woodland,495679.3569,5458210.9942
Theft from Vehicle,2017,9,15,22,0,22XX W 10TH AVE,Kitsilano,488670.5516,5456698.4364
Theft from Vehicle,2017,4,24,16,0,22XX W 12TH AVE,Kitsilano,488576.8371,5456487.8401
Theft from Vehicle,2017,6,21,23,0,22XX W 13TH AVE,Kitsilano,488534.1204,5456392.5386
Theft from Vehicle,2017,8,2,19,30,22XX W 13TH AVE,Kitsilano,488608.1864,5456380.5641
Theft from Vehicle,2017,7,1,20,0,22XX W 15TH AVE,Kitsilano,488541.1832,5456186.4856
Theft from Vehicle,2017,10,5,18,0,22XX W 16TH AVE,Arbutus Ridge,488681.049,5456070.1312
Theft from Vehicle,2017,10,18,21,0,22XX W 16TH AVE,Arbutus Ridge,488681.049,5456070.1312
Theft from Vehicle,2017,10,5,16,0,22XX W 19TH AVE,Arbutus Ridge,488518.6906,5455860.6517
Theft from Vehicle,2017,1,16,18,30,22XX W 1ST AVE,Kitsilano,488652.6153,5457580.4162
Theft from Vehicle,2017,1,14,16,0,22XX W 1ST AVE,Kitsilano,488653.3902,5457580.3953
Theft from Vehicle,2017,5,4,10,55,22XX W 1ST AVE,Kitsilano,488716.0264,5457569.5447
Theft from Vehicle,2017,8,16,12,0,22XX W 1ST AVE,Kitsilano,488716.0264,5457569.5447
Theft from Vehicle,2017,11,20,16,0,22XX W 20TH AVE,Arbutus Ridge,488608.5241,5455749.7164
Theft from Vehicle,2017,3,25,17,0,22XX W 21ST AVE,Arbutus Ridge,488665.1461,5455647.4591
Theft from Vehicle,2017,9,30,18,30,22XX W 22ND AVE,Arbutus Ridge,488662.5356,5455547.214
Theft from Vehicle,2017,6,7,22,30,22XX W 23RD AVE,Arbutus Ridge,488643.2252,5455446.6888
Theft from Vehicle,2017,8,2,0,0,22XX W 2ND AVE,Kitsilano,488588.1249,5457483.7414
Theft from Vehicle,2017,4,1,19,0,22XX W 2ND AVE,Kitsilano,488680.5152,5457472.2411
Theft from Vehicle,2017,5,5,22,0,22XX W 33RD AVE,Arbutus Ridge,488481.3826,5454386.33
Theft from Vehicle,2017,2,17,20,0,22XX W 33RD AVE,Arbutus Ridge,488481.5959,5454395.4715
Theft from Vehicle,2017,7,10,18,0,22XX W 35TH AVE,Arbutus Ridge,488515.1933,5454175.169
Theft from Vehicle,2017,2,10,22,0,22XX W 37TH AVE,Arbutus Ridge,488423.8027,5453960.774
Theft from Vehicle,2017,3,19,22,0,22XX W 37TH AVE,Arbutus Ridge,488423.8027,5453960.774
Theft from Vehicle,2017,6,14,11,30,22XX W 37TH AVE,Arbutus Ridge,488447.1962,5453960.0595
Theft from Vehicle,2017,5,11,17,0,22XX W 3RD AVE,Kitsilano,488585.7341,5457385.7287
Theft from Vehicle,2017,11,1,17,0,22XX W 3RD AVE,Kitsilano,488711.0745,5457373.4593
Theft from Vehicle,2017,2,11,19,30,22XX W 40TH AVE,Arbutus Ridge,488420.1851,5453663.2893
Theft from Vehicle,2017,11,18,20,15,22XX W 41ST AVE,Kerrisdale,488387.9107,5453548.481
Theft from Vehicle,2017,5,12,15,0,22XX W 4TH AVE,Kitsilano,488570.1851,5457285.329
Theft from Vehicle,2017,9,18,16,0,22XX W 4TH AVE,Kitsilano,488570.1851,5457285.329
Theft from Vehicle,2017,4,19,12,37,22XX W 4TH AVE,Kitsilano,488692.094,5457282.3699
Theft from Vehicle,2017,9,4,19,30,22XX W 5TH AVE,Kitsilano,488632.7123,5457188.5179
Theft from Vehicle,2017,3,7,17,0,22XX W 5TH AVE,Kitsilano,488652.1958,5457178.7262
Theft from Vehicle,2017,10,4,14,21,22XX W 5TH AVE,Kitsilano,488688.7696,5457186.6688
Theft from Vehicle,2017,4,8,23,0,22XX W 7TH AVE,Kitsilano,488631.0801,5456992.6794
Theft from Vehicle,2017,5,17,20,0,22XX W 8TH AVE,Kitsilano,488596.0818,5456901.0454
Theft from Vehicle,2017,11,13,21,0,22XX W 8TH AVE,Kitsilano,488599.3895,5456900.9976
Theft from Vehicle,2017,2,15,20,0,22XX W 8TH AVE,Kitsilano,488609.4447,5456909.9974
Theft from Vehicle,2017,2,5,14,0,22XX W 8TH AVE,Kitsilano,488655.6201,5456900.1853
Theft from Vehicle,2017,2,7,15,0,22XX W 8TH AVE,Kitsilano,488655.6201,5456900.1853
Theft from Vehicle,2017,6,6,19,0,22XX W 8TH AVE,Kitsilano,488655.6201,5456900.1853
Theft from Vehicle,2017,4,6,16,0,22XX W 8TH AVE,Kitsilano,488659.0599,5456909.2806
Theft from Vehicle,2017,3,26,3,0,22XX W BROADWAY AVE,Kitsilano,488584.7798,5456798.8767
Theft from Vehicle,2017,2,11,2,0,22XX WILLIAM ST,Grandview-Woodland,495648.3191,5457898.0231
Theft from Vehicle,2017,7,27,18,0,22XX WILLIAM ST,Grandview-Woodland,495749.1315,5457905.8804
Theft from Vehicle,2017,5,23,10,48,22XX YORK AVE,Kitsilano,488718.5904,5457665.9603
Theft from Vehicle,2017,3,27,2,39,23XX ALBERTA ST,Mount Pleasant,491928.203,5456893.6249
Theft from Vehicle,2017,8,19,16,0,23XX ALDER ST,Fairview,490453.2566,5456947.7582
Theft from Vehicle,2017,4,20,21,0,23XX BALSAM ST,Kitsilano,488367.9081,5457001.123
Theft from Vehicle,2017,6,8,20,30,23XX BIRCH ST,Fairview,490270.0948,5456911.342
Theft from Vehicle,2017,6,8,19,0,23XX BIRCH ST,Fairview,490270.1929,5456915.0758
Theft from Vehicle,2017,5,18,22,0,23XX BONACCORD DR,Victoria-Fraserview,495731.6905,5450878.1693
Theft from Vehicle,2017,6,5,17,0,23XX BONACCORD DR,Victoria-Fraserview,495731.6905,5450878.1693
Theft from Vehicle,2017,12,30,23,30,23XX BONACCORD DR,Victoria-Fraserview,495784.4434,5450898.6455
Theft from Vehicle,2017,11,5,12,0,23XX BONNYVALE AVE,Victoria-Fraserview,495685.6576,5451586.9637
Theft from Vehicle,2017,2,1,0,0,23XX BOUNDARY RD,Renfrew-Collingwood,498269.6754,5456845.1444
Theft from Vehicle,2017,12,9,17,0,23XX BOUNDARY RD,Renfrew-Collingwood,498269.8952,5456862.2794
Theft from Vehicle,2017,8,4,11,24,23XX BRUNSWICK ST,Mount Pleasant,492948.1065,5456782.9374
Theft from Vehicle,2017,1,23,18,30,23XX BURQUITLAM DR,Victoria-Fraserview,495697.7195,5450760.5654
Theft from Vehicle,2017,4,22,9,0,23XX CAMBIE ST,Fairview,491638.488,5456915.412
Theft from Vehicle,2017,8,10,12,0,23XX CAMBIE ST,Mount Pleasant,491656.5425,5456910.8391
Theft from Vehicle,2017,9,15,21,0,23XX CAROLINA ST,Mount Pleasant,493371.609,5456819.3665
Theft from Vehicle,2017,8,11,18,0,23XX CHARLES ST,Grandview-Woodland,495792.9266,5457796.7336
Theft from Vehicle,2017,10,25,23,0,23XX CLARK DR,Grandview-Woodland,494366.6776,5456822.1841
Theft from Vehicle,2017,9,30,12,0,23XX CLARK DR,Grandview-Woodland,494366.9108,5456829.8818
Theft from Vehicle,2017,8,16,14,30,23XX COLUMBIA ST,Mount Pleasant,492031.0119,5456854.5044
Theft from Vehicle,2017,11,19,13,0,23XX COMMERCIAL DR,Grandview-Woodland,494928.8516,5456795.1318
Theft from Vehicle,2017,3,29,19,30,23XX CORNWALL AVE,Kitsilano,488437.2362,5457772.9123
Theft from Vehicle,2017,10,28,4,53,23XX CYPRESS ST,Kitsilano,489231.6385,5456976.331
Theft from Vehicle,2017,4,5,18,0,23XX DUNDAS ST,Grandview-Woodland,495834.469,5459111.9572
Theft from Vehicle,2017,6,8,23,0,23XX E 12TH AVE,Kensington-Cedar Cottage,495766.1209,5456297.4763
Theft from Vehicle,2017,7,4,18,0,23XX E 12TH AVE,Kensington-Cedar Cottage,495772.7942,5456297.3266
Theft from Vehicle,2017,5,21,18,0,23XX E 15TH AVE,Kensington-Cedar Cottage,495760.9975,5455998.0536
Theft from Vehicle,2017,9,18,23,30,23XX E 28TH AVE,Kensington-Cedar Cottage,495791.3705,5454777.1627
Theft from Vehicle,2017,9,1,22,0,23XX E 28TH AVE,Kensington-Cedar Cottage,495832.5177,5454777.0312
Theft from Vehicle,2017,12,5,21,0,23XX E 30TH AVE,Renfrew-Collingwood,495839.9682,5454155.1011
Theft from Vehicle,2017,12,8,3,0,23XX E 33RD AVE,Renfrew-Collingwood,495733.6819,5454118.957
Theft from Vehicle,2017,4,19,0,0,23XX E 33RD AVE,Renfrew-Collingwood,495815.2318,5454118.1511
Theft from Vehicle,2017,3,11,15,0,23XX E 33RD AVE,Renfrew-Collingwood,495827.3132,5454118.0317
Theft from Vehicle,2017,11,20,0,0,23XX E 38TH AVE,Renfrew-Collingwood,495765.8429,5453675.1781
Theft from Vehicle,2017,5,31,17,45,23XX E 39TH AVE,Renfrew-Collingwood,495726.6405,5453563.46
Theft from Vehicle,2017,7,1,17,0,23XX E 40TH AVE,Renfrew-Collingwood,495753.1971,5453461.3536
Theft from Vehicle,2017,2,1,23,0,23XX E 45TH AVE,Victoria-Fraserview,495701.2023,5452955.4275
Theft from Vehicle,2017,6,2,17,0,23XX E 45TH AVE,Victoria-Fraserview,495701.2023,5452955.4275
Theft from Vehicle,2017,10,21,19,0,23XX E 48TH AVE,Victoria-Fraserview,495695.2235,5452552.4612
Theft from Vehicle,2017,9,1,21,30,23XX E 53RD AVE,Victoria-Fraserview,495701.8382,5452075.4035
Theft from Vehicle,2017,1,26,22,30,23XX E 54TH AVE,Victoria-Fraserview,495766.6145,5451940.8263
Theft from Vehicle,2017,6,12,17,0,23XX E 8TH AVE,Grandview-Woodland,495771.1163,5456709.1754
Theft from Vehicle,2017,12,1,20,0,23XX E GEORGIA ST,Grandview-Woodland,495868.9992,5458398.9945
Theft from Vehicle,2017,7,2,21,0,23XX E GEORGIA ST,Grandview-Woodland,495875.3301,5458398.9794
Theft from Vehicle,2017,10,11,20,0,23XX FERNDALE ST,Grandview-Woodland,495794.9837,5458539.9694
Theft from Vehicle,2017,12,10,1,55,23XX FRASERVIEW DR,Victoria-Fraserview,495696.1927,5450980.0902
Theft from Vehicle,2017,12,16,13,12,23XX GARDEN DR,Grandview-Woodland,495775.6982,5456812.6036
Theft from Vehicle,2017,11,4,19,0,23XX GRANDVIEW HWY N,Kensington-Cedar Cottage,495763.2367,5456256.4714
Theft from Vehicle,2017,12,2,17,0,23XX GRANT ST,Grandview-Woodland,495835.9245,5457610.3978
Theft from Vehicle,2017,6,30,22,0,23XX HARRISON DR,Victoria-Fraserview,495620.0926,5450639.5185
Theft from Vehicle,2017,9,21,23,0,23XX HARRISON DR,Victoria-Fraserview,495647.2446,5450626.1362
Theft from Vehicle,2017,5,10,16,0,23XX HERMON DR,Hastings-Sunrise,497782.966,5456707.2414
Theft from Vehicle,2017,4,21,15,30,23XX LAKEWOOD DR,Grandview-Woodland,495493.6826,5456819.396
Theft from Vehicle,2017,1,14,18,0,23XX MAPLE ST,Kitsilano,489056.4172,5456956.56
Theft from Vehicle,2017,4,2,20,0,23XX MCBAIN AVE,Arbutus Ridge,488377.2762,5455090.1995
Theft from Vehicle,2017,12,5,0,0,23XX MCBAIN AVE,Arbutus Ridge,488377.2762,5455090.1995
Theft from Vehicle,2017,10,14,9,0,23XX NAPIER ST,Grandview-Woodland,495820.8235,5458007.3995
Theft from Vehicle,2017,7,28,23,0,23XX NAPIER ST,Grandview-Woodland,495831.0786,5458007.0452
Theft from Vehicle,2017,7,16,18,0,23XX OAK ST,Fairview,490787.5326,5456935.6154
Theft from Vehicle,2017,7,18,20,0,23XX OLIVER CRES,Arbutus Ridge,488492.2791,5455408.3027
Theft from Vehicle,2017,12,17,5,39,23XX ONTARIO ST,Mount Pleasant,492378.3878,5456882.7845
Theft from Vehicle,2017,11,24,21,0,23XX OXFORD ST,Grandview-Woodland,495830.2328,5459222.8217
Theft from Vehicle,2017,6,7,18,0,23XX PANDORA ST,Grandview-Woodland,495799.6175,5458913.2127
Theft from Vehicle,2017,6,28,3,46,23XX PARKER ST,Grandview-Woodland,495792.0727,5458099.027
Theft from Vehicle,2017,9,15,22,30,23XX ST GEORGE ST,Mount Pleasant,493241.0351,5456847.2962
Theft from Vehicle,2017,11,12,21,0,23XX ST GEORGE ST,Mount Pleasant,493241.0351,5456847.2962
Theft from Vehicle,2017,12,28,21,0,23XX ST GEORGE ST,Mount Pleasant,493241.0351,5456847.2962
Theft from Vehicle,2017,1,15,0,0,23XX STEPHENS ST,Kitsilano,487895.2706,5456981.8602
Theft from Vehicle,2017,9,16,22,30,23XX TRINITY ST,Grandview-Woodland,495849.0607,5459624.5358
Theft from Vehicle,2017,9,15,21,0,23XX TRINITY ST,Grandview-Woodland,495849.1677,5459624.5313
Theft from Vehicle,2017,9,16,17,0,23XX TRINITY ST,Grandview-Woodland,495849.1677,5459624.5313
Theft from Vehicle,2017,7,21,18,30,23XX TURNER ST,Grandview-Woodland,495794.54,5458480.9312
Theft from Vehicle,2017,1,20,0,0,23XX TURNER ST,Grandview-Woodland,495796.4393,5458480.9246
Theft from Vehicle,2017,10,31,21,30,23XX VENABLES ST,Grandview-Woodland,495857.6539,5458198.2639
Theft from Vehicle,2017,5,30,4,0,23XX VINE ST,Kitsilano,488527.6451,5456957.5104
Theft from Vehicle,2017,7,1,20,30,23XX W 10TH AVE,Kitsilano,488374.0073,5456698.2587
Theft from Vehicle,2017,8,17,20,0,23XX W 13TH AVE,Kitsilano,488357.1239,5456396.707
Theft from Vehicle,2017,10,5,20,0,23XX W 14TH AVE,Kitsilano,488387.8889,5456296.3976
Theft from Vehicle,2017,10,7,0,30,23XX W 14TH AVE,Kitsilano,488511.5976,5456285.2114
Theft from Vehicle,2017,12,1,23,30,23XX W 15TH AVE,Kitsilano,488507.4426,5456178.6302
Theft from Vehicle,2017,12,11,23,0,23XX W 16TH AVE,Arbutus Ridge,488504.124,5456070.3965
Theft from Vehicle,2017,11,23,20,30,23XX W 18TH AVE,Arbutus Ridge,488395.257,5455964.5901
Theft from Vehicle,2017,2,7,22,30,23XX W 18TH AVE,Arbutus Ridge,488500.9272,5455953.1167
Theft from Vehicle,2017,1,28,23,0,23XX W 1ST AVE,Kitsilano,488461.8235,5457576.4474
Theft from Vehicle,2017,12,26,20,30,23XX W 1ST AVE,Kitsilano,488504.5748,5457584.437
Theft from Vehicle,2017,6,25,4,30,23XX W 20TH AVE,Arbutus Ridge,488475.8864,5455752.9106
Theft from Vehicle,2017,4,2,22,30,23XX W 20TH AVE,Arbutus Ridge,488495.748,5455752.4491
Theft from Vehicle,2017,6,6,0,0,23XX W 22ND AVE,Arbutus Ridge,488490.6495,5455551.1793
Theft from Vehicle,2017,7,12,18,30,23XX W 2ND AVE,Kitsilano,488505.4166,5457485.8908
Theft from Vehicle,2017,12,25,20,45,23XX W 2ND AVE,Kitsilano,488505.4166,5457485.8908
Theft from Vehicle,2017,4,29,12,0,23XX W 37TH AVE,Arbutus Ridge,488365.0075,5453962.5671
Theft from Vehicle,2017,7,22,21,0,23XX W 3RD AVE,Kitsilano,488538.8706,5457377.7424
Theft from Vehicle,2017,9,15,16,0,23XX W 3RD AVE,Kitsilano,488538.8706,5457377.7424
Theft from Vehicle,2017,12,13,9,0,23XX W 3RD AVE,Kitsilano,488538.8706,5457377.7424
Theft from Vehicle,2017,12,5,13,0,23XX W 40TH AVE,Arbutus Ridge,488380.1559,5453654.7749
Theft from Vehicle,2017,3,28,22,0,23XX W 41ST AVE,Kerrisdale,488353.6343,5453549.4416
Theft from Vehicle,2017,2,13,18,30,23XX W 4TH AVE,Kitsilano,488392.7027,5457283.3582
Theft from Vehicle,2017,10,6,15,30,23XX W 4TH AVE,Kitsilano,488514.0599,5457287.2293
Theft from Vehicle,2017,9,6,13,14,23XX W 5TH AVE,Kitsilano,488533.0872,5457182.6433
Theft from Vehicle,2017,9,28,23,0,23XX W 6TH AVE,Kitsilano,488531.2093,5457088.5218
Theft from Vehicle,2017,10,21,23,0,23XX W 6TH AVE,Kitsilano,488531.2093,5457088.5218
Theft from Vehicle,2017,8,7,22,30,23XX W 7TH AVE,Kitsilano,488378.1355,5456999.1112
Theft from Vehicle,2017,2,28,12,0,23XX W 7TH AVE,Kitsilano,488404.1382,5456998.3946
Theft from Vehicle,2017,4,27,12,0,23XX W 8TH AVE,Kitsilano,488526.2156,5456902.0839
Theft from Vehicle,2017,7,4,22,0,23XX W 8TH AVE,Kitsilano,488526.2156,5456902.0839
Theft from Vehicle,2017,12,1,20,30,23XX W BROADWAY AVE,Kitsilano,488414.2602,5456803.6094
Theft from Vehicle,2017,7,27,15,0,23XX W BROADWAY AVE,Kitsilano,488509.1552,5456810.1182
Theft from Vehicle,2017,9,8,3,40,23XX W BROADWAY AVE,Kitsilano,488525.4491,5456800.5175
Theft from Vehicle,2017,4,24,22,0,23XX W KING EDWARD AVE,Arbutus Ridge,488466.7247,5455284.9462
Theft from Vehicle,2017,5,4,10,0,23XX W KING EDWARD AVE,Arbutus Ridge,488466.7247,5455284.9462
Theft from Vehicle,2017,12,3,3,0,23XX WILLIAM ST,Grandview-Woodland,495787.4019,5457896.248
Theft from Vehicle,2017,12,4,15,0,23XX WOODLAND DR,Grandview-Woodland,494648.8236,5456825.7955
Theft from Vehicle,2017,1,19,16,0,23XX YORK AVE,Kitsilano,488486.9175,5457672.7609
Theft from Vehicle,2017,5,25,20,0,23XX YORK AVE,Kitsilano,488545.6708,5457670.4455
Theft from Vehicle,2017,12,28,18,30,24XX ADANAC ST,Hastings-Sunrise,495887.5773,5458298.4942
Theft from Vehicle,2017,3,25,18,0,24XX ALBERTA ST,Mount Pleasant,491934.4459,5456794.5988
Theft from Vehicle,2017,12,19,20,5,24XX ASH ST,Fairview,491456.7352,5456787.5577
Theft from Vehicle,2017,4,4,9,9,24XX ASH ST,Fairview,491458.4035,5456827.0603
Theft from Vehicle,2017,7,13,0,1,24XX BALSAM ST,Kitsilano,488364.9954,5456908.4492
Theft from Vehicle,2017,7,2,0,0,24XX BLENHEIM ST,Kitsilano,487059.8694,5456869.8151
Theft from Vehicle,2017,1,19,20,0,24XX CAROLINA ST,Mount Pleasant,493371.6683,5456664.5605
Theft from Vehicle,2017,3,30,8,18,24XX CAROLINA ST,Mount Pleasant,493371.6683,5456664.5605
Theft from Vehicle,2017,2,3,9,20,24XX CAROLINA ST,Mount Pleasant,493380.3751,5456736.1916
Theft from Vehicle,2017,10,21,19,55,24XX CAROLINA ST,Mount Pleasant,493380.3751,5456736.1916
Theft from Vehicle,2017,5,4,21,0,24XX CORNWALL AVE,Kitsilano,488220.0422,5457778.3899
Theft from Vehicle,2017,2,19,21,0,24XX COURTENAY ST,West Point Grey,485368.1811,5456884.6849
Theft from Vehicle,2017,3,6,23,0,24XX CYPRESS ST,Kitsilano,489229.7575,5456882.471
Theft from Vehicle,2017,11,4,19,0,24XX E 10TH AVE,Renfrew-Collingwood,495928.7366,5456478.1362
Theft from Vehicle,2017,2,21,0,0,24XX E 11TH AVE,Renfrew-Collingwood,495881.3491,5456367.508
Theft from Vehicle,2017,3,30,16,30,24XX E 18TH AVE,Renfrew-Collingwood,495943.4993,5455694.8591
Theft from Vehicle,2017,5,30,15,0,24XX E 18TH AVE,Renfrew-Collingwood,495964.3726,5455703.8801
Theft from Vehicle,2017,9,3,0,0,24XX E 18TH AVE,Renfrew-Collingwood,495964.3726,5455703.8801
Theft from Vehicle,2017,11,3,20,0,24XX E 18TH AVE,Renfrew-Collingwood,495964.3726,5455703.8801
Theft from Vehicle,2017,7,23,16,0,24XX E 19TH AVE,Renfrew-Collingwood,495997.8772,5455610.1412
Theft from Vehicle,2017,4,19,21,30,24XX E 19TH AVE,Renfrew-Collingwood,496028.2252,5455601.3751
Theft from Vehicle,2017,12,22,19,0,24XX E 1ST AVE,Hastings-Sunrise,495953.7323,5457430.7363
Theft from Vehicle,2017,2,9,23,55,24XX E 20TH AVE,Renfrew-Collingwood,495882.9524,5455505.9374
Theft from Vehicle,2017,1,8,16,0,24XX E 20TH AVE,Renfrew-Collingwood,495999.6317,5455515.6556
Theft from Vehicle,2017,5,31,22,0,24XX E 27TH AVE,Renfrew-Collingwood,495972.2667,5454829.8382
Theft from Vehicle,2017,10,12,22,0,24XX E 28TH AVE,Renfrew-Collingwood,495955.4179,5454744.8612
Theft from Vehicle,2017,9,30,22,10,24XX E 2ND AVE,Hastings-Sunrise,495880.8449,5457309.2372
Theft from Vehicle,2017,11,3,17,0,24XX E 2ND AVE,Hastings-Sunrise,495951.4582,5457309.7403
Theft from Vehicle,2017,10,29,13,0,24XX E 2ND AVE,Hastings-Sunrise,495992.8129,5457299.934
Theft from Vehicle,2017,5,6,18,30,24XX E 3RD AVE,Hastings-Sunrise,495959.019,5457208.5573
Theft from Vehicle,2017,6,7,19,0,24XX E 3RD AVE,Hastings-Sunrise,496014.819,5457197.8988
Theft from Vehicle,2017,4,18,18,0,24XX E 40TH AVE,Renfrew-Collingwood,495923.2483,5453459.7057
Theft from Vehicle,2017,4,18,18,30,24XX E 40TH AVE,Renfrew-Collingwood,495923.2483,5453459.7057
Theft from Vehicle,2017,2,4,3,33,24XX E 45TH AVE,Victoria-Fraserview,495825.7707,5452953.6243
Theft from Vehicle,2017,7,13,20,0,24XX E 45TH AVE,Victoria-Fraserview,495825.7707,5452953.6243
Theft from Vehicle,2017,5,6,22,0,24XX E 46TH AVE,Victoria-Fraserview,495907.8325,5452860.1916
Theft from Vehicle,2017,7,7,19,30,24XX E 49TH AVE,Victoria-Fraserview,495825.6102,5452458.8997
Theft from Vehicle,2017,7,25,14,0,24XX E 4TH AVE,Hastings-Sunrise,495883.4716,5457104.1928
Theft from Vehicle,2017,1,10,17,0,24XX E 51ST AVE,Victoria-Fraserview,495826.9298,5452199.8296
Theft from Vehicle,2017,3,29,16,0,24XX E 53RD AVE,Victoria-Fraserview,495779.4741,5452065.8576
Theft from Vehicle,2017,4,4,11,15,24XX E 8TH AVE,Hastings-Sunrise,495885.5112,5456685.9973
Theft from Vehicle,2017,9,1,17,0,24XX E BROADWAY AVE,Renfrew-Collingwood,495883.1489,5456593.0853
Theft from Vehicle,2017,5,24,21,30,24XX E BROADWAY AVE,Renfrew-Collingwood,495906.8317,5456587.8774
Theft from Vehicle,2017,5,24,23,0,24XX E BROADWAY AVE,Renfrew-Collingwood,495906.8317,5456587.8774
Theft from Vehicle,2017,5,25,13,45,24XX E BROADWAY AVE,Renfrew-Collingwood,495919.9889,5456584.9841
Theft from Vehicle,2017,7,8,12,0,24XX E BROADWAY AVE,Renfrew-Collingwood,495976.3129,5456581.0267
Theft from Vehicle,2017,3,23,6,0,24XX E BROADWAY AVE,Renfrew-Collingwood,495976.3129,5456581.0267
Theft from Vehicle,2017,4,23,7,0,24XX E BROADWAY AVE,Renfrew-Collingwood,495976.3129,5456581.0267
Theft from Vehicle,2017,5,24,22,0,24XX E BROADWAY AVE,Renfrew-Collingwood,495976.3129,5456581.0267
Theft from Vehicle,2017,5,27,23,59,24XX E BROADWAY AVE,Renfrew-Collingwood,495976.3129,5456581.0267
Theft from Vehicle,2017,10,5,1,22,24XX FRASER ST,Mount Pleasant,493521.932,5456741.654
Theft from Vehicle,2017,2,11,14,0,24XX GRANVILLE ST,Fairview,489916.2222,5456846.8256
Theft from Vehicle,2017,11,12,7,0,24XX GRANVILLE ST,Fairview,489925.8596,5456866.0715
Theft from Vehicle,2017,6,5,17,0,24XX KASLO ST,Hastings-Sunrise,496574.6418,5456672.0017
Theft from Vehicle,2017,7,17,23,0,24XX KINGSWAY AVE,Renfrew-Collingwood,495911.9677,5454240.7102
Theft from Vehicle,2017,9,12,19,0,24XX KINGSWAY AVE,Renfrew-Collingwood,495911.9677,5454240.7102
Theft from Vehicle,2017,1,24,22,0,24XX KINGSWAY AVE,Renfrew-Collingwood,495937.1183,5454234.3717
Theft from Vehicle,2017,12,2,12,0,24XX KINGSWAY AVE,Renfrew-Collingwood,496001.002,5454189.9905
Theft from Vehicle,2017,2,27,3,0,24XX MAPLE ST,Kitsilano,489053.75,5456863.5383
Theft from Vehicle,2017,11,11,21,0,24XX MAPLE ST,Kitsilano,489053.75,5456863.5383
Theft from Vehicle,2017,1,1,14,30,24XX MCGILL ST,Hastings-Sunrise,495981.0508,5459559.5487
Theft from Vehicle,2017,3,7,19,0,24XX NAPIER ST,Hastings-Sunrise,495886.4351,5458022.348
Theft from Vehicle,2017,6,18,7,29,24XX NOOTKA ST,Hastings-Sunrise,496981.3289,5456684.1528
Theft from Vehicle,2017,4,12,10,0,24XX ONTARIO ST,Mount Pleasant,492374.6029,5456741.8149
Theft from Vehicle,2017,12,2,16,0,24XX ONTARIO ST,Mount Pleasant,492374.6029,5456741.8149
Theft from Vehicle,2017,10,24,10,45,24XX ONTARIO ST,Mount Pleasant,492375.7253,5456781.9967
Theft from Vehicle,2017,8,20,18,0,24XX PENTICTON ST,Hastings-Sunrise,496206.1372,5456687.987
Theft from Vehicle,2017,10,11,22,0,24XX POINT GREY RD,Kitsilano,488365.4145,5457867.4291
Theft from Vehicle,2017,5,18,19,0,24XX QUEBEC ST,Mount Pleasant,492506.0046,5456757.8573
Theft from Vehicle,2017,11,8,17,0,24XX RENFREW ST,Hastings-Sunrise,496770.2429,5456674.7787
Theft from Vehicle,2017,6,13,22,0,24XX RENFREW ST,Hastings-Sunrise,496779.3049,5456683.2769
Theft from Vehicle,2017,10,1,16,0,24XX SE MARINE DR,Killarney,495894.5872,5450475.5815
Theft from Vehicle,2017,6,19,21,0,24XX SLOCAN ST,Hastings-Sunrise,496397.7322,5456687.5114
Theft from Vehicle,2017,3,2,16,30,24XX ST CATHERINES ST,Mount Pleasant,493803.9613,5456738.2488
Theft from Vehicle,2017,12,5,23,0,24XX ST LAWRENCE ST,Renfrew-Collingwood,495873.084,5454515.5871
Theft from Vehicle,2017,12,7,1,30,24XX ST LAWRENCE ST,Renfrew-Collingwood,495873.084,5454515.5871
Theft from Vehicle,2017,2,9,0,0,24XX STEPHENS ST,Kitsilano,487892.0959,5456833.4895
Theft from Vehicle,2017,5,29,0,1,24XX TRINITY ST,Hastings-Sunrise,495951.259,5459659.0915
Theft from Vehicle,2017,8,18,16,0,24XX TURNER ST,Hastings-Sunrise,495888.2905,5458480.6055
Theft from Vehicle,2017,5,15,22,0,24XX TURNER ST,Hastings-Sunrise,495984.1089,5458489.2595
Theft from Vehicle,2017,1,15,15,0,24XX TURNER ST,Hastings-Sunrise,496006.1931,5458489.1467
Theft from Vehicle,2017,12,5,22,0,24XX TURNER ST,Hastings-Sunrise,496009.4739,5458489.1298
Theft from Vehicle,2017,12,15,15,0,24XX W 10TH AVE,Kitsilano,488224.3567,5456711.1865
Theft from Vehicle,2017,12,11,12,0,24XX W 13TH AVE,Kitsilano,488230.3279,5456399.3769
Theft from Vehicle,2017,6,23,20,0,24XX W 14TH AVE,Kitsilano,488294.1221,5456297.9612
Theft from Vehicle,2017,7,16,0,0,24XX W 14TH AVE,Kitsilano,488337.1377,5456288.0914
Theft from Vehicle,2017,12,20,18,30,24XX W 14TH AVE,Kitsilano,488337.1377,5456288.0914
Theft from Vehicle,2017,7,3,17,0,24XX W 15TH AVE,Kitsilano,488334.3405,5456181.5512
Theft from Vehicle,2017,9,20,8,45,24XX W 15TH AVE,Kitsilano,488334.3405,5456181.5512
Theft from Vehicle,2017,2,3,19,2,24XX W 18TH AVE,Arbutus Ridge,488186.3002,5455961.498
Theft from Vehicle,2017,6,5,19,30,24XX W 18TH AVE,Arbutus Ridge,488298.6769,5455957.9152
Theft from Vehicle,2017,12,2,19,0,24XX W 19TH AVE,Arbutus Ridge,488290.3584,5455857.4689
Theft from Vehicle,2017,11,12,21,0,24XX W 20TH AVE,Arbutus Ridge,488323.2871,5455756.4779
Theft from Vehicle,2017,2,17,9,17,24XX W 21ST AVE,Arbutus Ridge,488246.1823,5455667.494
Theft from Vehicle,2017,7,31,16,0,24XX W 21ST AVE,Arbutus Ridge,488246.1823,5455667.494
Theft from Vehicle,2017,6,25,0,1,24XX W 21ST AVE,Arbutus Ridge,488280.5459,5455666.6097
Theft from Vehicle,2017,2,21,13,0,24XX W 22ND AVE,Arbutus Ridge,488179.523,5455558.2911
Theft from Vehicle,2017,5,7,14,0,24XX W 23RD AVE,Arbutus Ridge,488203.7461,5455466.4529
Theft from Vehicle,2017,3,11,21,0,24XX W 2ND AVE,Kitsilano,488279.8009,5457491.797
Theft from Vehicle,2017,4,22,23,30,24XX W 2ND AVE,Kitsilano,488279.8009,5457491.797
Theft from Vehicle,2017,10,7,22,0,24XX W 2ND AVE,Kitsilano,488370.3312,5457480.3206
Theft from Vehicle,2017,8,26,22,0,24XX W 34TH AVE,Arbutus Ridge,488272.2354,5454296.3691
Theft from Vehicle,2017,4,1,17,0,24XX W 3RD AVE,Kitsilano,488233.2476,5457385.0932
Theft from Vehicle,2017,4,2,12,0,24XX W 3RD AVE,Kitsilano,488233.2476,5457385.0932
Theft from Vehicle,2017,5,14,0,0,24XX W 3RD AVE,Kitsilano,488367.8735,5457381.7787
Theft from Vehicle,2017,10,7,22,0,24XX W 4TH AVE,Kitsilano,488342.7323,5457294.1402
Theft from Vehicle,2017,3,13,20,0,24XX W 4TH AVE,Kitsilano,488366.0672,5457284.4188
Theft from Vehicle,2017,5,27,0,30,24XX W 5TH AVE,Kitsilano,488255.5426,5457199.4096
Theft from Vehicle,2017,12,30,18,0,24XX W 6TH AVE,Kitsilano,488360.2308,5457091.3938
Theft from Vehicle,2017,7,5,17,0,24XX W 7TH AVE,Kitsilano,488358.0774,5456999.6248
Theft from Vehicle,2017,3,25,20,30,24XX W 8TH AVE,Kitsilano,488201.3866,5456911.411
Theft from Vehicle,2017,5,30,5,0,24XX W 8TH AVE,Kitsilano,488315.3156,5456916.2674
Theft from Vehicle,2017,4,19,19,30,24XX W 8TH AVE,Kitsilano,488332.0193,5456915.6378
Theft from Vehicle,2017,12,5,5,0,24XX W BROADWAY AVE,Kitsilano,488269.2184,5456807.8084
Theft from Vehicle,2017,4,2,22,0,24XX W BROADWAY AVE,Kitsilano,488312.9842,5456815.6581
Theft from Vehicle,2017,11,15,14,16,24XX WALL ST,Hastings-Sunrise,496009.0609,5459817.5581
Theft from Vehicle,2017,8,16,23,0,24XX WILLIAM ST,Hastings-Sunrise,495940.3133,5457938.3992
Theft from Vehicle,2017,7,16,20,30,24XX YORK AVE,Kitsilano,488314.9076,5457679.1666
Theft from Vehicle,2017,4,20,20,0,24XX YORK AVE,Kitsilano,488375.3973,5457677.126
Theft from Vehicle,2017,10,9,20,0,25XX ADANAC ST,Hastings-Sunrise,496174.8842,5458298.4788
Theft from Vehicle,2017,11,6,7,54,25XX ALBERTA ST,Mount Pleasant,491931.3171,5456695.0784
Theft from Vehicle,2017,12,16,20,30,25XX ALBERTA ST,Mount Pleasant,491931.9399,5456711.6356
Theft from Vehicle,2017,1,21,18,0,25XX BALACLAVA ST,Kitsilano,487345.6926,5456836.4477
Theft from Vehicle,2017,5,5,14,0,25XX BROCK ST,Renfrew-Collingwood,496079.8635,5454554.9277
Theft from Vehicle,2017,7,10,22,0,25XX CAMBRIDGE ST,Hastings-Sunrise,496037.0589,5459328.277
Theft from Vehicle,2017,4,11,16,0,25XX CAMBRIDGE ST,Hastings-Sunrise,496099.0982,5459328.3203
Theft from Vehicle,2017,5,22,11,14,25XX CAROLINA ST,Mount Pleasant,493380.4594,5456638.4615
Theft from Vehicle,2017,2,16,18,0,25XX CHARLES ST,Hastings-Sunrise,496023.4241,5457832.0652
Theft from Vehicle,2017,12,3,19,0,25XX CHARLES ST,Hastings-Sunrise,496043.0898,5457841.1945
Theft from Vehicle,2017,8,3,3,30,25XX CHARLES ST,Hastings-Sunrise,496206.253,5457841.0696
Theft from Vehicle,2017,5,3,0,0,25XX COURTENAY ST,West Point Grey,485445.219,5456794.3728
Theft from Vehicle,2017,11,1,23,0,25XX CYPRESS ST,Kitsilano,489226.3768,5456784.0958
Theft from Vehicle,2017,12,3,20,0,25XX DUNDAS ST,Hastings-Sunrise,496036.1453,5459110.2235
Theft from Vehicle,2017,7,29,23,30,25XX DUNDAS ST,Hastings-Sunrise,496119.9226,5459119.7007
Theft from Vehicle,2017,2,17,20,0,25XX DUNDAS ST,Hastings-Sunrise,496207.3803,5459120.0485
Theft from Vehicle,2017,2,6,5,15,25XX E 11TH AVE,Renfrew-Collingwood,496042.6265,5456375.0463
Theft from Vehicle,2017,3,4,12,18,25XX E 12TH AVE,Renfrew-Collingwood,496085.9518,5456270.3753
Theft from Vehicle,2017,3,8,23,0,25XX E 15TH AVE,Renfrew-Collingwood,496066.8849,5455988.2726
Theft from Vehicle,2017,2,18,23,0,25XX E 17TH AVE,Renfrew-Collingwood,496168.3535,5455744.172
Theft from Vehicle,2017,2,19,2,0,25XX E 17TH AVE,Renfrew-Collingwood,496168.3535,5455744.172
Theft from Vehicle,2017,3,27,20,0,25XX E 1ST AVE,Hastings-Sunrise,496140.3759,5457430.9922
Theft from Vehicle,2017,3,23,18,45,25XX E 24TH AVE,Renfrew-Collingwood,496031.5521,5455113.1298
Theft from Vehicle,2017,12,13,4,6,25XX E 25TH AVE,Renfrew-Collingwood,496030.7608,5455018.4991
Theft from Vehicle,2017,8,6,9,0,25XX E 28TH AVE,Renfrew-Collingwood,496120.672,5454737.8414
Theft from Vehicle,2017,4,20,18,0,25XX E 29TH AVE,Renfrew-Collingwood,496055.4798,5454646.7467
Theft from Vehicle,2017,10,29,21,30,25XX E 2ND AVE,Hastings-Sunrise,496026.0044,5457299.4825
Theft from Vehicle,2017,9,23,23,0,25XX E 34TH AVE,Renfrew-Collingwood,495965.4854,5454009.7273
Theft from Vehicle,2017,3,13,15,0,25XX E 3RD AVE,Hastings-Sunrise,496159.1466,5457207.2248
Theft from Vehicle,2017,7,1,22,0,25XX E 41ST AVE,Renfrew-Collingwood,495989.5363,5453342.5811
Theft from Vehicle,2017,7,2,0,0,25XX E 41ST AVE,Renfrew-Collingwood,496085.9076,5453340.9887
Theft from Vehicle,2017,1,29,21,0,25XX E 45TH AVE,Victoria-Fraserview,495912.2766,5452952.5681
Theft from Vehicle,2017,5,22,1,0,25XX E 45TH AVE,Victoria-Fraserview,495947.3507,5452952.2791
Theft from Vehicle,2017,2,14,0,1,25XX E 45TH AVE,Victoria-Fraserview,496038.7187,5452960.3359
Theft from Vehicle,2017,11,4,19,0,25XX E 4TH AVE,Hastings-Sunrise,496100.7377,5457098.4626
Theft from Vehicle,2017,12,5,22,0,25XX E 5TH AVE,Hastings-Sunrise,496025.3944,5456992.1488
Theft from Vehicle,2017,9,26,17,0,25XX E 7TH AVE,Hastings-Sunrise,496024.8443,5456786.596
Theft from Vehicle,2017,12,3,6,4,25XX E 7TH AVE,Hastings-Sunrise,496158.6138,5456786.2497
Theft from Vehicle,2017,12,2,23,0,25XX E 7TH AVE,Hastings-Sunrise,496165.6543,5456786.2315
Theft from Vehicle,2017,7,8,20,0,25XX E 8TH AVE,Hastings-Sunrise,496024.6383,5456685.7403
Theft from Vehicle,2017,6,7,0,1,25XX E BROADWAY AVE,Renfrew-Collingwood,496023.3982,5456580.5603
Theft from Vehicle,2017,4,30,20,0,25XX E GEORGIA ST,Hastings-Sunrise,496034.1173,5458389.47
Theft from Vehicle,2017,2,19,18,0,25XX E GEORGIA ST,Hastings-Sunrise,496103.1516,5458389.316
Theft from Vehicle,2017,10,6,19,14,25XX E HASTINGS ST,Hastings-Sunrise,496035.9454,5458709.3367
Theft from Vehicle,2017,10,11,20,35,25XX E HASTINGS ST,Hastings-Sunrise,496035.9454,5458709.3367
Theft from Vehicle,2017,7,27,0,0,25XX E HASTINGS ST,Hastings-Sunrise,496068.6816,5458709.2446
Theft from Vehicle,2017,9,18,17,0,25XX E HASTINGS ST,Hastings-Sunrise,496137.7913,5458709.0501
Theft from Vehicle,2017,5,18,8,30,25XX E HASTINGS ST,Hastings-Sunrise,496145.066,5458709.0296
Theft from Vehicle,2017,10,25,17,0,25XX E HASTINGS ST,Hastings-Sunrise,496163.2527,5458708.9784
Theft from Vehicle,2017,10,5,17,0,25XX E PENDER ST,Hastings-Sunrise,496035.254,5458605.4289
Theft from Vehicle,2017,7,1,0,0,25XX E PENDER ST,Hastings-Sunrise,496064.3522,5458605.3624
Theft from Vehicle,2017,12,6,13,0,25XX ETON ST,Hastings-Sunrise,496103.0092,5459438.9631
Theft from Vehicle,2017,5,1,17,30,25XX ETON ST,Hastings-Sunrise,496194.5905,5459439.3996
Theft from Vehicle,2017,5,7,19,0,25XX FRANKLIN ST,Hastings-Sunrise,496039.7678,5458818.7115
Theft from Vehicle,2017,7,24,23,0,25XX GRAVELEY ST,Hastings-Sunrise,496022.6874,5457515.3526
Theft from Vehicle,2017,10,31,18,0,25XX GUELPH ST,Mount Pleasant,493096.0332,5456642.0565
Theft from Vehicle,2017,11,13,9,1,25XX GUELPH ST,Mount Pleasant,493096.0332,5456642.0565
Theft from Vehicle,2017,3,20,22,45,25XX KINGSWAY AVE,Renfrew-Collingwood,496015.1476,5454169.0293
Theft from Vehicle,2017,7,23,23,45,25XX KINGSWAY AVE,Renfrew-Collingwood,496015.1476,5454169.0293
Theft from Vehicle,2017,10,18,18,15,25XX KINGSWAY AVE,Renfrew-Collingwood,496015.1476,5454169.0293
Theft from Vehicle,2017,12,15,1,30,25XX KINGSWAY AVE,Renfrew-Collingwood,496015.1476,5454169.0293
Theft from Vehicle,2017,12,21,19,30,25XX KINGSWAY AVE,Renfrew-Collingwood,496015.1476,5454169.0293
Theft from Vehicle,2017,4,22,23,0,25XX KINGSWAY AVE,Renfrew-Collingwood,496072.3182,5454127.3813
Theft from Vehicle,2017,4,26,0,0,25XX KINGSWAY AVE,Renfrew-Collingwood,496072.3182,5454127.3813
Theft from Vehicle,2017,7,22,21,0,25XX KINGSWAY AVE,Renfrew-Collingwood,496072.3182,5454127.3813
Theft from Vehicle,2017,10,23,1,50,25XX KINGSWAY AVE,Renfrew-Collingwood,496072.3182,5454127.3813
Theft from Vehicle,2017,10,9,19,0,25XX KINGSWAY AVE,Renfrew-Collingwood,496074.2061,5454137.2166
Theft from Vehicle,2017,6,24,23,45,25XX KINGSWAY AVE,Renfrew-Collingwood,496123.1044,5454091.9047
Theft from Vehicle,2017,2,21,14,0,25XX KINGSWAY AVE,Renfrew-Collingwood,496133.9872,5454084.3025
Theft from Vehicle,2017,6,4,19,0,25XX KINGSWAY AVE,Renfrew-Collingwood,496133.9872,5454084.3025
Theft from Vehicle,2017,12,29,20,0,25XX KINGSWAY AVE,Renfrew-Collingwood,496166.6354,5454061.4961
Theft from Vehicle,2017,5,27,16,15,25XX KINGSWAY AVE,Renfrew-Collingwood,496174.7227,5454055.758
Theft from Vehicle,2017,12,2,14,0,25XX KITCHENER ST,Hastings-Sunrise,496022.5539,5457723.8481
Theft from Vehicle,2017,12,25,0,0,25XX KITCHENER ST,Hastings-Sunrise,496022.5539,5457723.8481
Theft from Vehicle,2017,1,20,1,0,25XX KITCHENER ST,Hastings-Sunrise,496116.9176,5457732.5562
Theft from Vehicle,2017,2,5,1,0,25XX KITCHENER ST,Hastings-Sunrise,496116.9176,5457732.5562
Theft from Vehicle,2017,10,8,1,0,25XX KITCHENER ST,Hastings-Sunrise,496116.9176,5457732.5562
Theft from Vehicle,2017,10,24,6,20,25XX LAKEWOOD DR,Kensington-Cedar Cottage,495491.3791,5456610.8855
Theft from Vehicle,2017,12,17,17,0,25XX LARCH ST,Kitsilano,488187.619,5456792.083
Theft from Vehicle,2017,8,7,16,10,25XX LAUREL ST,Fairview,490969.9425,5456739.5013
Theft from Vehicle,2017,7,1,7,0,25XX MAIN ST,Mount Pleasant,492643.638,5456686.8003
Theft from Vehicle,2017,2,15,21,1,25XX MANITOBA ST,Mount Pleasant,492231.7684,5456700.5555
Theft from Vehicle,2017,6,20,17,0,25XX MANITOBA ST,Mount Pleasant,492231.7684,5456700.5555
Theft from Vehicle,2017,3,8,20,0,25XX MAPLE ST,Kitsilano,489050.9756,5456759.7241
Theft from Vehicle,2017,3,9,15,21,25XX MAPLE ST,Kitsilano,489050.9756,5456759.7241
Theft from Vehicle,2017,3,21,18,30,25XX NAPIER ST,Hastings-Sunrise,496202.372,5458030.0331
Theft from Vehicle,2017,2,25,9,30,25XX OAK ST,Fairview,490792.2145,5456744.0401
Theft from Vehicle,2017,11,20,19,0,25XX OAK ST,Fairview,490792.2145,5456744.0401
Theft from Vehicle,2017,11,14,6,0,25XX ONTARIO ST,Mount Pleasant,492372.4168,5456656.0198
Theft from Vehicle,2017,2,10,15,0,25XX ONTARIO ST,Mount Pleasant,492363.8886,5456682.7375
Theft from Vehicle,2017,8,16,15,45,25XX ONTARIO ST,Mount Pleasant,492363.8886,5456682.7375
Theft from Vehicle,2017,2,15,13,37,25XX OXFORD ST,Hastings-Sunrise,496036.6354,5459212.2178
Theft from Vehicle,2017,4,28,0,0,25XX PANDORA ST,Hastings-Sunrise,496201.3482,5458920.9669
Theft from Vehicle,2017,5,7,7,45,25XX PANDORA ST,Hastings-Sunrise,496201.3482,5458920.9669
Theft from Vehicle,2017,11,29,20,30,25XX PARKER ST,Hastings-Sunrise,496028.5656,5458112.8469
Theft from Vehicle,2017,5,14,16,40,25XX PENTICTON ST,Renfrew-Collingwood,496147.917,5456580.5946
Theft from Vehicle,2017,11,4,11,0,25XX PENTICTON ST,Renfrew-Collingwood,496147.917,5456580.5946
Theft from Vehicle,2017,11,4,21,0,25XX PINE ST,Fairview,489570.3054,5456774.6043
Theft from Vehicle,2017,11,5,0,0,25XX PINE ST,Fairview,489570.3054,5456774.6043
Theft from Vehicle,2017,11,21,16,30,25XX PRINCE EDWARD ST,Mount Pleasant,493018.2549,5456629.2947
Theft from Vehicle,2017,10,18,22,30,25XX RUPERT ST,Renfrew-Collingwood,497534.5039,5456557.4398
Theft from Vehicle,2017,8,18,6,0,25XX SASAMAT ST,West Point Grey,484793.2651,5456902.555
Theft from Vehicle,2017,3,2,22,0,25XX SPRUCE ST,Fairview,490618.7742,5456748.4822
Theft from Vehicle,2017,5,18,13,0,25XX ST CATHERINES ST,Mount Pleasant,493800.5495,5456581.6603
Theft from Vehicle,2017,1,15,11,19,25XX TRINITY ST,Hastings-Sunrise,496037.597,5459658.8963
Theft from Vehicle,2017,4,14,15,0,25XX TRINITY ST,Hastings-Sunrise,496110.0778,5459658.7771
Theft from Vehicle,2017,1,12,18,0,25XX TRINITY ST,Hastings-Sunrise,496146.3332,5459667.8615
Theft from Vehicle,2017,8,20,16,0,25XX TRIUMPH ST,Hastings-Sunrise,496036.0198,5459013.3452
Theft from Vehicle,2017,4,22,18,0,25XX TRIUMPH ST,Hastings-Sunrise,496039.7138,5459022.4725
Theft from Vehicle,2017,10,27,15,0,25XX TRIUMPH ST,Hastings-Sunrise,496156.5892,5459021.9402
Theft from Vehicle,2017,8,16,20,0,25XX TRIUMPH ST,Hastings-Sunrise,496193.0712,5459012.6299
Theft from Vehicle,2017,8,22,4,35,25XX TURNER ST,Hastings-Sunrise,496034.6488,5458479.8791
Theft from Vehicle,2017,2,24,19,30,25XX VENABLES ST,Hastings-Sunrise,496029.263,5458205.2259
Theft from Vehicle,2017,8,17,22,0,25XX VENABLES ST,Hastings-Sunrise,496029.263,5458205.2259
Theft from Vehicle,2017,9,17,13,59,25XX VENABLES ST,Hastings-Sunrise,496029.263,5458205.2259
Theft from Vehicle,2017,3,26,2,0,25XX VENABLES ST,Hastings-Sunrise,496047.8622,5458214.3505
Theft from Vehicle,2017,10,12,20,0,25XX VICTORIA DR,Kensington-Cedar Cottage,495208.6867,5456616.1333
Theft from Vehicle,2017,4,29,9,44,25XX VINE ST,Kitsilano,488534.0219,5456745.0124
Theft from Vehicle,2017,11,1,21,0,25XX W 12TH AVE,Kitsilano,488169.9565,5456499.3037
Theft from Vehicle,2017,2,28,14,50,25XX W 13TH AVE,Kitsilano,488113.5697,5456402.8926
Theft from Vehicle,2017,11,12,21,0,25XX W 13TH AVE,Kitsilano,488113.5697,5456402.8926
Theft from Vehicle,2017,5,12,18,0,25XX W 14TH AVE,Kitsilano,488017.1794,5456304.3676
Theft from Vehicle,2017,9,28,4,10,25XX W 15TH AVE,Kitsilano,488161.338,5456184.5526
Theft from Vehicle,2017,2,6,18,30,25XX W 16TH AVE,Kitsilano,488120.503,5456094.8003
Theft from Vehicle,2017,6,6,0,0,25XX W 18TH AVE,Arbutus Ridge,488152.2953,5455962.5881
Theft from Vehicle,2017,12,30,12,0,25XX W 19TH AVE,Arbutus Ridge,488138.3494,5455863.0767
Theft from Vehicle,2017,9,6,13,0,25XX W 1ST AVE,Kitsilano,488197.733,5457583.5576
Theft from Vehicle,2017,10,1,20,0,25XX W 1ST AVE,Kitsilano,488197.733,5457583.5576
Theft from Vehicle,2017,8,6,22,0,25XX W 20TH AVE,Arbutus Ridge,488130.2093,5455761.6123
Theft from Vehicle,2017,2,1,20,0,25XX W 20TH AVE,Arbutus Ridge,488155.7843,5455761.0613
Theft from Vehicle,2017,8,15,18,0,25XX W 20TH AVE,Arbutus Ridge,488155.7843,5455761.0613
Theft from Vehicle,2017,8,21,23,59,25XX W 21ST AVE,Arbutus Ridge,488172.1541,5455660.2609
Theft from Vehicle,2017,7,3,22,0,25XX W 2ND AVE,Kitsilano,488195.3779,5457484.8238
Theft from Vehicle,2017,5,25,13,0,25XX W 31ST AVE,Arbutus Ridge,488124.5038,5454616.6224
Theft from Vehicle,2017,4,8,18,0,25XX W 37TH AVE,Arbutus Ridge,488061.394,5453980.8411
Theft from Vehicle,2017,4,29,10,26,25XX W 3RD AVE,Kitsilano,488075.1413,5457398.0896
Theft from Vehicle,2017,4,14,1,0,25XX W 3RD AVE,Kitsilano,488119.4912,5457387.8665
Theft from Vehicle,2017,11,13,17,0,25XX W 3RD AVE,Kitsilano,488179.9815,5457386.3984
Theft from Vehicle,2017,6,17,22,30,25XX W 3RD AVE,Kitsilano,488192.7163,5457386.0894
Theft from Vehicle,2017,7,7,20,0,25XX W 4TH AVE,Kitsilano,488117.6283,5457290.8852
Theft from Vehicle,2017,3,20,18,0,25XX W 5TH AVE,Kitsilano,488112.8121,5457192.8286
Theft from Vehicle,2017,3,18,14,0,25XX W 8TH AVE,Kitsilano,488181.3056,5456912.0597
Theft from Vehicle,2017,3,20,21,0,25XX W 8TH AVE,Kitsilano,488181.3056,5456912.0597
Theft from Vehicle,2017,9,21,19,0,25XX W BROADWAY AVE,Kitsilano,488079.6095,5456823.8399
Theft from Vehicle,2017,10,18,20,25,25XX W BROADWAY AVE,Kitsilano,488110.716,5456822.542
Theft from Vehicle,2017,8,20,17,0,25XX WALL ST,Hastings-Sunrise,496036.4175,5459816.6989
Theft from Vehicle,2017,1,23,15,0,25XX WATERLOO ST,Kitsilano,486911.8295,5456825.3589
Theft from Vehicle,2017,1,24,17,30,25XX WATERLOO ST,Kitsilano,486911.8295,5456825.3589
Theft from Vehicle,2017,10,23,23,0,25XX WATERLOO ST,Kitsilano,486920.1546,5456764.7979
Theft from Vehicle,2017,5,17,23,0,25XX WATERLOO ST,Kitsilano,486921.05,5456830.9517
Theft from Vehicle,2017,7,9,23,0,25XX WATERLOO ST,Kitsilano,486921.05,5456830.9517
Theft from Vehicle,2017,5,3,8,0,25XX WAVERLEY AVE,Victoria-Fraserview,495948.2518,5452669.8165
Theft from Vehicle,2017,10,19,16,0,25XX WILLIAM ST,Hastings-Sunrise,496029.7026,5457928.2262
Theft from Vehicle,2017,12,28,22,0,25XX WILLIAM ST,Hastings-Sunrise,496029.7026,5457928.2262
Theft from Vehicle,2017,12,3,20,0,25XX WILLIAM ST,Hastings-Sunrise,496082.9763,5457937.3574
Theft from Vehicle,2017,10,9,18,30,25XX WILLIAM ST,Hastings-Sunrise,496177.1993,5457928.1905
Theft from Vehicle,2017,8,17,7,0,25XX WILLOW ST,Fairview,491131.833,5456706.665
Theft from Vehicle,2017,10,8,18,0,25XX WOODLAND DR,Kensington-Cedar Cottage,494646.2407,5456622.5654
Theft from Vehicle,2017,6,15,22,0,26XX ADANAC ST,Hastings-Sunrise,496222.3662,5458298.491
Theft from Vehicle,2017,3,3,18,0,26XX ADANAC ST,Hastings-Sunrise,496310.9437,5458298.6869
Theft from Vehicle,2017,10,12,16,0,26XX ALBERTA ST,Mount Pleasant,491918.3644,5456582.3655
Theft from Vehicle,2017,11,17,20,30,26XX ALBERTA ST,Mount Pleasant,491927.4697,5456580.3474
Theft from Vehicle,2017,3,9,13,53,26XX ALDER ST,Fairview,490443.0401,5456646.4042
Theft from Vehicle,2017,5,5,1,52,26XX BLANCA ST,West Point Grey,484344.329,5456808.863
Theft from Vehicle,2017,5,18,22,0,26XX CAMBRIDGE ST,Hastings-Sunrise,496227.3205,5459328.3654
Theft from Vehicle,2017,7,18,21,30,26XX CAMBRIDGE ST,Hastings-Sunrise,496327.0211,5459336.8089
Theft from Vehicle,2017,11,29,20,0,26XX CAROLINA ST,Mount Pleasant,493367.3222,5456494.3056
Theft from Vehicle,2017,2,4,20,0,26XX CAROLINA ST,Mount Pleasant,493376.72,5456526.3573
Theft from Vehicle,2017,4,25,19,0,26XX CHARLES ST,Hastings-Sunrise,496220.2342,5457831.8968
Theft from Vehicle,2017,2,13,17,0,26XX CHARLES ST,Hastings-Sunrise,496360.332,5457831.3489
Theft from Vehicle,2017,4,11,2,54,26XX CRANBERRY DR,Kitsilano,488808.6361,5456631.0063
Theft from Vehicle,2017,11,5,11,0,26XX CRANBERRY DR,Kitsilano,488824.9485,5456611.3512
Theft from Vehicle,2017,10,7,16,0,26XX CROWN ST,West Point Grey,485894.6588,5456706.4265
Theft from Vehicle,2017,7,9,21,0,26XX CYPRESS ST,Kitsilano,489223.4067,5456678.2027
Theft from Vehicle,2017,8,5,17,0,26XX CYPRESS ST,Kitsilano,489223.4067,5456678.2027
Theft from Vehicle,2017,11,26,12,0,26XX DUNDAS ST,Hastings-Sunrise,496259.4166,5459110.8018
Theft from Vehicle,2017,1,12,10,0,26XX E 18TH AVE,Renfrew-Collingwood,496213.3535,5455693.6568
Theft from Vehicle,2017,1,25,17,30,26XX E 18TH AVE,Renfrew-Collingwood,496234.046,5455702.6404
Theft from Vehicle,2017,1,13,9,30,26XX E 18TH AVE,Renfrew-Collingwood,496285.5945,5455693.0949
Theft from Vehicle,2017,9,13,19,30,26XX E 19TH AVE,Renfrew-Collingwood,496207.8849,5455602.1338
Theft from Vehicle,2017,7,4,12,0,26XX E 19TH AVE,Renfrew-Collingwood,496218.7207,5455611.322
Theft from Vehicle,2017,6,1,23,36,26XX E 19TH AVE,Renfrew-Collingwood,496225.9693,5455611.3515
Theft from Vehicle,2017,6,20,19,0,26XX E 22ND AVE,Renfrew-Collingwood,496204.4171,5455313.1279
Theft from Vehicle,2017,1,17,23,0,26XX E 22ND AVE,Renfrew-Collingwood,496208.2275,5455313.0806
Theft from Vehicle,2017,1,17,15,0,26XX E 22ND AVE,Renfrew-Collingwood,496244.7273,5455330.0992
Theft from Vehicle,2017,11,7,18,30,26XX E 22ND AVE,Renfrew-Collingwood,496252.0353,5455330.058
Theft from Vehicle,2017,11,18,17,0,26XX E 22ND AVE,Renfrew-Collingwood,496328.6754,5455311.5794
Theft from Vehicle,2017,6,3,2,0,26XX E 23RD AVE,Renfrew-Collingwood,496215.1899,5455212.6594
Theft from Vehicle,2017,1,5,19,0,26XX E 26TH AVE,Renfrew-Collingwood,496350.6126,5454969.3718
Theft from Vehicle,2017,12,9,22,0,26XX E 27TH AVE,Renfrew-Collingwood,496245.7158,5454837.9765
Theft from Vehicle,2017,1,20,18,0,26XX E 28TH AVE,Renfrew-Collingwood,496214.4545,5454739.0671
Theft from Vehicle,2017,6,6,20,0,26XX E 28TH AVE,Renfrew-Collingwood,496214.4545,5454739.0671
Theft from Vehicle,2017,7,2,1,0,26XX E 40TH AVE,Renfrew-Collingwood,496189.821,5453458.2141
Theft from Vehicle,2017,12,27,11,0,26XX E 46TH AVE,Victoria-Fraserview,496027.1309,5452849.6562
Theft from Vehicle,2017,9,8,23,0,26XX E 46TH AVE,Victoria-Fraserview,496164.2944,5452849.2219
Theft from Vehicle,2017,5,22,2,30,26XX E 47TH AVE,Victoria-Fraserview,496097.2072,5452758.9196
Theft from Vehicle,2017,3,26,15,0,26XX E 49TH AVE,Victoria-Fraserview,496020.2394,5452443.5562
Theft from Vehicle,2017,3,28,9,0,26XX E 49TH AVE,Victoria-Fraserview,496031.2613,5452452.5822
Theft from Vehicle,2017,5,23,19,41,26XX E 49TH AVE,Victoria-Fraserview,496129.5734,5452451.525
Theft from Vehicle,2017,12,26,0,30,26XX E 49TH AVE,Victoria-Fraserview,496190.1353,5452450.8735
Theft from Vehicle,2017,3,13,15,0,26XX E 4TH AVE,Hastings-Sunrise,496212.5236,5457098.0932
Theft from Vehicle,2017,7,19,16,0,26XX E 53RD AVE,Victoria-Fraserview,496115.6338,5452035.0673
Theft from Vehicle,2017,6,5,16,0,26XX E 56TH AVE,Victoria-Fraserview,496114.0704,5451802.683
Theft from Vehicle,2017,7,11,2,0,26XX E 57TH AVE,Victoria-Fraserview,496107.1343,5451686.3468
Theft from Vehicle,2017,8,21,14,4,26XX E 5TH AVE,Hastings-Sunrise,496393.2845,5456990.526
Theft from Vehicle,2017,2,8,16,0,26XX E 6TH AVE,Hastings-Sunrise,496295.7064,5456894.8791
Theft from Vehicle,2017,11,15,12,30,26XX E 7TH AVE,Hastings-Sunrise,496249.8682,5456786.0473
Theft from Vehicle,2017,10,27,7,0,26XX E 7TH AVE,Hastings-Sunrise,496279.8102,5456785.9913
Theft from Vehicle,2017,12,4,1,45,26XX E 8TH AVE,Hastings-Sunrise,496247.7392,5456684.7455
Theft from Vehicle,2017,3,5,18,0,26XX E BROADWAY AVE,Hastings-Sunrise,496265.6289,5456588.3196
Theft from Vehicle,2017,3,13,20,0,26XX E GEORGIA ST,Hastings-Sunrise,496219.5669,5458389.0511
Theft from Vehicle,2017,2,14,22,0,26XX E GEORGIA ST,Hastings-Sunrise,496357.6524,5458388.3396
Theft from Vehicle,2017,9,14,19,20,26XX E HASTINGS ST,Hastings-Sunrise,496229.3023,5458708.7931
Theft from Vehicle,2017,3,10,16,0,26XX E HASTINGS ST,Hastings-Sunrise,496262.4339,5458708.7017
Theft from Vehicle,2017,10,2,17,0,26XX E HASTINGS ST,Hastings-Sunrise,496291.8842,5458708.6205
Theft from Vehicle,2017,7,19,17,30,26XX E HASTINGS ST,Hastings-Sunrise,496313.9971,5458717.7036
Theft from Vehicle,2017,5,30,22,0,26XX ETON ST,Hastings-Sunrise,496257.4863,5459439.1942
Theft from Vehicle,2017,10,15,19,0,26XX ETON ST,Hastings-Sunrise,496327.5219,5459438.5234
Theft from Vehicle,2017,12,15,13,0,26XX FIR ST,Fairview,489739.8525,5456626.5633
Theft from Vehicle,2017,4,19,20,0,26XX FRANKLIN ST,Hastings-Sunrise,496226.1697,5458809.2355
Theft from Vehicle,2017,7,16,8,0,26XX FRANKLIN ST,Hastings-Sunrise,496270.3277,5458809.206
Theft from Vehicle,2017,2,15,19,0,26XX FRASER ST,Mount Pleasant,493517.9323,5456530.3734
Theft from Vehicle,2017,10,21,5,0,26XX GLEN DR,Mount Pleasant,494080.7743,5456476.4301
Theft from Vehicle,2017,5,14,9,0,26XX GLEN DR,Mount Pleasant,494080.8293,5456480.3563
Theft from Vehicle,2017,11,27,20,0,26XX GLEN DR,Mount Pleasant,494081.407,5456521.581
Theft from Vehicle,2017,5,3,12,0,26XX GRANT ST,Hastings-Sunrise,496347.5243,5457628.1948
Theft from Vehicle,2017,4,3,14,41,26XX GRANVILLE ST,Fairview,489924.6112,5456658.7855
Theft from Vehicle,2017,10,19,14,32,26XX GRANVILLE ST,Fairview,489924.6112,5456658.7855
Theft from Vehicle,2017,11,11,11,0,26XX GRANVILLE ST,Fairview,489924.6112,5456658.7855
Theft from Vehicle,2017,3,24,19,0,26XX KASLO ST,Renfrew-Collingwood,496572.464,5456452.8707
Theft from Vehicle,2017,5,21,15,0,26XX KASLO ST,Renfrew-Collingwood,496572.464,5456452.8707
Theft from Vehicle,2017,8,25,15,45,26XX KASLO ST,Renfrew-Collingwood,496572.4696,5456457.316
Theft from Vehicle,2017,3,14,17,30,26XX KASLO ST,Renfrew-Collingwood,496572.523,5456478.7159
Theft from Vehicle,2017,4,18,20,30,26XX KASLO ST,Renfrew-Collingwood,496581.6786,5456482.5532
Theft from Vehicle,2017,2,18,3,37,26XX KINGSWAY AVE,Renfrew-Collingwood,496220.8915,5454022.6659
Theft from Vehicle,2017,2,18,22,15,26XX KINGSWAY AVE,Renfrew-Collingwood,496270.2011,5453998.6042
Theft from Vehicle,2017,6,9,12,38,26XX KINGSWAY AVE,Renfrew-Collingwood,496274.2654,5453995.6939
Theft from Vehicle,2017,5,14,1,0,26XX KINGSWAY AVE,Renfrew-Collingwood,496316.9415,5453965.1358
Theft from Vehicle,2017,12,14,23,30,26XX KINGSWAY AVE,Renfrew-Collingwood,496316.9415,5453965.1358
Theft from Vehicle,2017,9,23,21,0,26XX KITCHENER ST,Hastings-Sunrise,496220.2285,5457722.9638
Theft from Vehicle,2017,3,21,19,30,26XX LONG LIFE PL,Fairview,491543.3854,5456600.1204
Theft from Vehicle,2017,11,20,22,23,26XX MAIN ST,Mount Pleasant,492644.9733,5456539.6733
Theft from Vehicle,2017,3,9,13,0,26XX MAIN ST,Mount Pleasant,492656.1643,5456585.2152
Theft from Vehicle,2017,1,30,18,0,26XX MANITOBA ST,Mount Pleasant,492226.9312,5456556.1916
Theft from Vehicle,2017,12,22,17,0,26XX MCBAIN AVE,Arbutus Ridge,488183.0114,5454969.7915
Theft from Vehicle,2017,12,3,21,0,26XX MORNINGSTAR CRES,Killarney,496058.688,5450428.0645
Theft from Vehicle,2017,1,8,0,0,26XX NANAIMO ST,Kensington-Cedar Cottage,495877.5029,5456445.2167
Theft from Vehicle,2017,12,27,0,0,26XX NAPIER ST,Hastings-Sunrise,496401.9093,5458020.5123
Theft from Vehicle,2017,8,13,23,57,26XX NOOTKA ST,Renfrew-Collingwood,497084.7155,5456406.9974
Theft from Vehicle,2017,3,10,22,0,26XX OAK ST,Fairview,490780.5521,5456632.957
Theft from Vehicle,2017,2,25,22,0,26XX OLIVER CRES,Arbutus Ridge,488055.7595,5455162.1856
Theft from Vehicle,2017,7,23,19,0,26XX ONTARIO ST,Mount Pleasant,492370.5026,5456573.4835
Theft from Vehicle,2017,10,5,17,30,26XX ONTARIO ST,Mount Pleasant,492370.5026,5456573.4835
Theft from Vehicle,2017,5,28,21,0,26XX ONTARIO ST,Mount Pleasant,492370.5885,5456577.1571
Theft from Vehicle,2017,9,19,22,0,26XX OXFORD ST,Hastings-Sunrise,496226.6929,5459212.0342
Theft from Vehicle,2017,2,14,21,0,26XX OXFORD ST,Hastings-Sunrise,496296.8777,5459220.6486
Theft from Vehicle,2017,12,17,22,0,26XX OXFORD ST,Hastings-Sunrise,496357.7382,5459211.0448
Theft from Vehicle,2017,2,20,23,30,26XX PARKER ST,Hastings-Sunrise,496222.2528,5458113.1133
Theft from Vehicle,2017,7,19,9,0,26XX PARKER ST,Hastings-Sunrise,496274.0351,5458113.0159
Theft from Vehicle,2017,10,22,1,0,26XX POINT GREY RD,Kitsilano,487925.1835,5457737.6419
Theft from Vehicle,2017,10,16,9,30,26XX PRINCE ALBERT ST,Mount Pleasant,493651.3482,5456495.6926
Theft from Vehicle,2017,9,7,17,0,26XX PRINCE EDWARD ST,Mount Pleasant,493001.2499,5456497.1722
Theft from Vehicle,2017,11,14,16,30,26XX QUEBEC ST,Mount Pleasant,492499.6618,5456542.2943
Theft from Vehicle,2017,6,14,1,0,26XX RENFREW ST,Renfrew-Collingwood,496769.2357,5456404.342
Theft from Vehicle,2017,10,6,18,30,26XX SE MARINE DR,Killarney,496123.9578,5450497.775
Theft from Vehicle,2017,6,1,0,0,26XX ST GEORGE ST,Mount Pleasant,493236.78,5456533.6396
Theft from Vehicle,2017,6,28,8,18,26XX SW MARINE DR,Kerrisdale,487979.4212,5452462.8704
Theft from Vehicle,2017,1,21,13,45,26XX TRINITY ST,Hastings-Sunrise,496226.663,5459658.5823
Theft from Vehicle,2017,1,12,17,0,26XX TRINITY ST,Hastings-Sunrise,496276.9117,5459667.6181
Theft from Vehicle,2017,12,28,21,0,26XX TRINITY ST,Hastings-Sunrise,496338.3718,5459658.3415
Theft from Vehicle,2017,1,24,12,0,26XX TRINITY ST,Hastings-Sunrise,496349.5426,5459658.3174
Theft from Vehicle,2017,11,20,17,0,26XX TRIUMPH ST,Hastings-Sunrise,496226.461,5459012.4758
Theft from Vehicle,2017,7,21,17,0,26XX TRIUMPH ST,Hastings-Sunrise,496252.2687,5459012.3495
Theft from Vehicle,2017,8,21,19,30,26XX TRIUMPH ST,Hastings-Sunrise,496329.7366,5459021.1144
Theft from Vehicle,2017,7,8,22,0,26XX TURNER ST,Hastings-Sunrise,496286.8811,5458488.7348
Theft from Vehicle,2017,11,15,18,30,26XX TURNER ST,Hastings-Sunrise,496383.1933,5458479.5041
Theft from Vehicle,2017,11,26,20,30,26XX TURNER ST,Hastings-Sunrise,496394.5516,5458479.4937
Theft from Vehicle,2017,12,21,12,0,26XX VENABLES ST,Hastings-Sunrise,496238.277,5458207.5616
Theft from Vehicle,2017,8,10,15,0,26XX VENABLES ST,Hastings-Sunrise,496348.7691,5458206.2873
Theft from Vehicle,2017,10,8,22,0,26XX VENABLES ST,Hastings-Sunrise,496363.5877,5458206.0622
Theft from Vehicle,2017,11,19,15,0,26XX VENABLES ST,Hastings-Sunrise,496363.5877,5458206.0622
Theft from Vehicle,2017,11,19,19,0,26XX VENABLES ST,Hastings-Sunrise,496363.5877,5458206.0622
Theft from Vehicle,2017,3,6,0,0,26XX VENABLES ST,Hastings-Sunrise,496382.111,5458205.7809
Theft from Vehicle,2017,10,6,23,59,26XX VICTORIA DR,Kensington-Cedar Cottage,495198.3648,5456476.9613
Theft from Vehicle,2017,12,19,22,0,26XX VINE ST,Kitsilano,488532.9407,5456695.651
Theft from Vehicle,2017,1,17,18,0,26XX W 10TH AVE,Kitsilano,487991.8501,5456719.832
Theft from Vehicle,2017,12,4,23,0,26XX W 10TH AVE,Kitsilano,488010.3301,5456713.0015
Theft from Vehicle,2017,11,24,23,0,26XX W 10TH AVE,Kitsilano,488014.226,5456710.5628
Theft from Vehicle,2017,2,9,23,30,26XX W 12TH AVE,Kitsilano,488006.6874,5456500.431
Theft from Vehicle,2017,12,15,10,15,26XX W 13TH AVE,Kitsilano,487921.6277,5456417.358
Theft from Vehicle,2017,11,12,21,0,26XX W 13TH AVE,Kitsilano,488004.3773,5456415.0212
Theft from Vehicle,2017,5,30,0,0,26XX W 15TH AVE,Kitsilano,487934.4626,5456215.4026
Theft from Vehicle,2017,10,15,22,0,26XX W 15TH AVE,Kitsilano,487956.9379,5456214.9887
Theft from Vehicle,2017,3,24,18,30,26XX W 15TH AVE,Kitsilano,487999.6411,5456214.2025
Theft from Vehicle,2017,7,30,21,30,26XX W 1ST AVE,Kitsilano,487917.4845,5457594.0228
Theft from Vehicle,2017,4,15,12,0,26XX W 1ST AVE,Kitsilano,488022.2614,5457600.3119
Theft from Vehicle,2017,5,26,0,1,26XX W 1ST AVE,Kitsilano,488032.2099,5457590.8931
Theft from Vehicle,2017,11,20,22,30,26XX W 1ST AVE,Kitsilano,488032.2099,5457590.8931
Theft from Vehicle,2017,2,16,20,30,26XX W 21ST AVE,Arbutus Ridge,488078.4631,5455662.6973
Theft from Vehicle,2017,4,17,20,0,26XX W 22ND AVE,Arbutus Ridge,487992.2411,5455571.731
Theft from Vehicle,2017,7,17,8,0,26XX W 2ND AVE,Kitsilano,487921.3336,5457491.9189
Theft from Vehicle,2017,12,5,8,0,26XX W 2ND AVE,Kitsilano,488030.633,5457489.1124
Theft from Vehicle,2017,4,15,17,30,26XX W 34TH AVE,Arbutus Ridge,487975.0978,5454301.5639
Theft from Vehicle,2017,6,17,0,0,26XX W 3RD AVE,Kitsilano,487956.927,5457391.7991
Theft from Vehicle,2017,6,25,18,30,26XX W 43RD AVE,Kerrisdale,487939.5313,5453361.7582
Theft from Vehicle,2017,6,25,23,0,26XX W 43RD AVE,Kerrisdale,487939.5313,5453361.7582
Theft from Vehicle,2017,12,13,23,0,26XX W 49TH AVE,Kerrisdale,487956.0776,5452742.1799
Theft from Vehicle,2017,9,10,17,0,26XX W 7TH AVE,Kitsilano,487951.1261,5457009.1394
Theft from Vehicle,2017,9,11,14,0,26XX W 7TH AVE,Kitsilano,487966.4225,5457018.1692
Theft from Vehicle,2017,12,1,19,0,26XX W 7TH AVE,Kitsilano,487968.9605,5457018.1502
Theft from Vehicle,2017,3,20,20,45,26XX W 7TH AVE,Kitsilano,488019.6519,5457008.6264
Theft from Vehicle,2017,3,1,21,0,26XX W BROADWAY AVE,Kitsilano,487917.0579,5456818.1086
Theft from Vehicle,2017,3,4,12,0,26XX WALLACE ST,West Point Grey,486109.9066,5456748.5381
Theft from Vehicle,2017,10,6,14,0,26XX WALLACE ST,West Point Grey,486109.9066,5456748.5381
Theft from Vehicle,2017,2,12,21,0,26XX WALLACE ST,West Point Grey,486119.7399,5456773.0072
Theft from Vehicle,2017,6,15,10,0,26XX WARD ST,Renfrew-Collingwood,496371.6146,5454136.0987
Theft from Vehicle,2017,2,17,21,0,26XX WAVERLEY AVE,Victoria-Fraserview,496139.6746,5452659.471
Theft from Vehicle,2017,5,17,21,0,26XX WAVERLEY AVE,Victoria-Fraserview,496200.4918,5452658.4748
Theft from Vehicle,2017,5,31,0,33,26XX WILLIAM ST,Hastings-Sunrise,496221.8957,5457928.1839
Theft from Vehicle,2017,1,16,0,0,26XX WILLIAM ST,Hastings-Sunrise,496387.0587,5457937.4089
Theft from Vehicle,2017,2,1,15,0,26XX WOODLAND DR,Kensington-Cedar Cottage,494644.2044,5456439.3986
Theft from Vehicle,2017,11,4,19,0,26XX WOODLAND DR,Kensington-Cedar Cottage,494644.2044,5456439.3986
Theft from Vehicle,2017,11,20,17,0,27XX BIRCH ST,Fairview,490269.9084,5456546.8778
Theft from Vehicle,2017,8,2,2,0,27XX CAROLINA ST,Mount Pleasant,493377.0653,5456411.0675
Theft from Vehicle,2017,12,29,18,0,27XX CAROLINA ST,Mount Pleasant,493377.0951,5456409.1073
Theft from Vehicle,2017,3,17,21,15,27XX CHANDLERY PL,Killarney,496273.3037,5450460.2095
Theft from Vehicle,2017,5,10,8,12,27XX CHARLES ST,Hastings-Sunrise,496412.1926,5457831.1492
Theft from Vehicle,2017,4,6,16,0,27XX COLUMBIA ST,Mount Pleasant,492035.0204,5456481.7016
Theft from Vehicle,2017,3,28,19,0,27XX COLUMBIA ST,Mount Pleasant,492035.5114,5456501.1872
Theft from Vehicle,2017,5,30,15,15,27XX COMMERCIAL DR,Kensington-Cedar Cottage,494923.8224,5456410.0464
Theft from Vehicle,2017,9,10,19,30,27XX COOPERATIVE WAY,Renfrew-Collingwood,496422.9313,5456077.0951
Theft from Vehicle,2017,9,10,17,0,27XX COOPERATIVE WAY,Renfrew-Collingwood,496428.0985,5456077.0841
Theft from Vehicle,2017,2,15,20,30,27XX CRANBERRY DR,Kitsilano,488823.0562,5456555.2841
Theft from Vehicle,2017,2,16,7,6,27XX CRANBERRY DR,Kitsilano,488823.0562,5456555.2841
Theft from Vehicle,2017,11,21,23,30,27XX DUKE ST,Renfrew-Collingwood,496431.0259,5453993.3381
Theft from Vehicle,2017,11,13,22,0,27XX DUKE ST,Renfrew-Collingwood,496439.0922,5453988.2597
Theft from Vehicle,2017,9,12,22,30,27XX DUNDAS ST,Hastings-Sunrise,496502.8997,5459119.3492
Theft from Vehicle,2017,6,5,12,30,27XX E 12TH AVE,Renfrew-Collingwood,496399.99,5456217.427
Theft from Vehicle,2017,4,26,19,45,27XX E 12TH AVE,Renfrew-Collingwood,496446.0819,5456225.1456
Theft from Vehicle,2017,1,6,20,0,27XX E 15TH AVE,Renfrew-Collingwood,496548.1431,5455957.3001
Theft from Vehicle,2017,6,15,16,0,27XX E 16TH AVE,Renfrew-Collingwood,496401.273,5455849.9644
Theft from Vehicle,2017,5,16,18,20,27XX E 16TH AVE,Renfrew-Collingwood,496530.2249,5455857.8346
Theft from Vehicle,2017,8,19,21,0,27XX E 24TH AVE,Renfrew-Collingwood,496388.9195,5455111.2233
Theft from Vehicle,2017,2,21,2,15,27XX E 26TH AVE,Renfrew-Collingwood,496388.4438,5454923.1569
Theft from Vehicle,2017,6,18,12,0,27XX E 28TH AVE,Renfrew-Collingwood,496480.9436,5454735.8985
Theft from Vehicle,2017,12,6,18,0,27XX E 29TH AVE,Renfrew-Collingwood,496388.0561,5454646.2695
Theft from Vehicle,2017,10,11,20,0,27XX E 29TH AVE,Renfrew-Collingwood,496503.7952,5454654.2623
Theft from Vehicle,2017,8,22,19,0,27XX E 2ND AVE,Hastings-Sunrise,496480.3165,5457307.794
Theft from Vehicle,2017,8,13,21,0,27XX E 2ND AVE,Hastings-Sunrise,496550.3024,5457307.7026
Theft from Vehicle,2017,7,20,19,15,27XX E 38TH AVE,Renfrew-Collingwood,496321.8373,5453670.0304
Theft from Vehicle,2017,1,30,1,33,27XX E 3RD AVE,Hastings-Sunrise,496405.7675,5457199.7799
Theft from Vehicle,2017,8,13,0,0,27XX E 3RD AVE,Hastings-Sunrise,496440.8087,5457209.0677
Theft from Vehicle,2017,2,8,23,30,27XX E 43RD AVE,Victoria-Fraserview,496243.0407,5453147.7409
Theft from Vehicle,2017,8,5,21,0,27XX E 44TH AVE,Victoria-Fraserview,496248.2954,5453053.7596
Theft from Vehicle,2017,8,31,9,30,27XX E 51ST AVE,Victoria-Fraserview,496180.2377,5452213.538
Theft from Vehicle,2017,10,22,4,30,27XX E 52ND AVE,Victoria-Fraserview,496283.763,5452118.906
Theft from Vehicle,2017,7,12,0,0,27XX E 56TH AVE,Victoria-Fraserview,496199.063,5451792.8792
Theft from Vehicle,2017,1,2,12,0,27XX E 57TH AVE,Victoria-Fraserview,496271.089,5451701.5213
Theft from Vehicle,2017,9,24,18,0,27XX E 57TH AVE,Victoria-Fraserview,496275.1597,5451692.5207
Theft from Vehicle,2017,1,31,20,0,27XX E 5TH AVE,Hastings-Sunrise,496572.8341,5456998.7522
Theft from Vehicle,2017,3,30,10,31,27XX E 6TH AVE,Hastings-Sunrise,496403.9088,5456885.1589
Theft from Vehicle,2017,12,2,19,0,27XX E 6TH AVE,Hastings-Sunrise,496403.9088,5456885.1589
Theft from Vehicle,2017,12,16,0,0,27XX E 6TH AVE,Hastings-Sunrise,496512.4165,5456893.685
Theft from Vehicle,2017,8,22,20,30,27XX E 7TH AVE,Hastings-Sunrise,496403.4156,5456785.7573
Theft from Vehicle,2017,10,29,21,0,27XX E 7TH AVE,Hastings-Sunrise,496403.4156,5456785.7573
Theft from Vehicle,2017,2,6,16,30,27XX E 8TH AVE,Hastings-Sunrise,496398.7299,5456684.3783
Theft from Vehicle,2017,1,8,10,40,27XX E BROADWAY AVE,Renfrew-Collingwood,496397.7564,5456579.1005
Theft from Vehicle,2017,12,16,17,0,27XX E BROADWAY AVE,Renfrew-Collingwood,496397.7564,5456579.1005
Theft from Vehicle,2017,6,23,16,30,27XX E BROADWAY AVE,Renfrew-Collingwood,496539.8619,5456578.6004
Theft from Vehicle,2017,8,6,7,15,27XX E GEORGIA ST,Hastings-Sunrise,496424.3712,5458397.1996
Theft from Vehicle,2017,7,3,8,25,27XX E HASTINGS ST,Hastings-Sunrise,496499.7971,5458717.137
Theft from Vehicle,2017,8,10,16,0,27XX E HASTINGS ST,Hastings-Sunrise,496499.7971,5458717.137
Theft from Vehicle,2017,12,6,22,0,27XX E HASTINGS ST,Hastings-Sunrise,496499.7971,5458717.137
Theft from Vehicle,2017,11,11,12,30,27XX E HASTINGS ST,Hastings-Sunrise,496510.9709,5458707.9552
Theft from Vehicle,2017,2,17,6,56,27XX E HASTINGS ST,Hastings-Sunrise,496563.2591,5458707.7787
Theft from Vehicle,2017,7,16,19,4,27XX E HASTINGS ST,Hastings-Sunrise,496570.7597,5458716.8974
Theft from Vehicle,2017,10,20,21,0,27XX E KENT AVE S,Killarney,496295.6506,5450347.022
Theft from Vehicle,2017,12,26,0,0,27XX E PENDER ST,Hastings-Sunrise,496432.354,5458613.183
Theft from Vehicle,2017,10,9,23,0,27XX FIR ST,Fairview,489736.0027,5456489.1563
Theft from Vehicle,2017,9,24,20,0,27XX GRANT ST,Hastings-Sunrise,496410.9597,5457618.9096
Theft from Vehicle,2017,7,13,0,0,27XX GUELPH ST,Mount Pleasant,493085.0513,5456429.7224
Theft from Vehicle,2017,6,29,13,0,27XX GUELPH ST,Mount Pleasant,493094.2461,5456435.3441
Theft from Vehicle,2017,9,20,20,30,27XX HORLEY ST,Renfrew-Collingwood,496466.5417,5454180.1603
Theft from Vehicle,2017,6,2,17,0,27XX HORLEY ST,Renfrew-Collingwood,496483.6568,5454169.6229
Theft from Vehicle,2017,10,7,8,0,27XX HORLEY ST,Renfrew-Collingwood,496500.7719,5454159.0855
Theft from Vehicle,2017,11,21,18,0,27XX HORLEY ST,Renfrew-Collingwood,496591.1544,5454114.1772
Theft from Vehicle,2017,3,3,18,59,27XX KINGSWAY AVE,Renfrew-Collingwood,496337.9587,5453938.8475
Theft from Vehicle,2017,9,11,22,36,27XX KINGSWAY AVE,Renfrew-Collingwood,496337.9587,5453938.8475
Theft from Vehicle,2017,10,9,18,0,27XX KINGSWAY AVE,Renfrew-Collingwood,496337.9587,5453938.8475
Theft from Vehicle,2017,11,4,14,0,27XX KINGSWAY AVE,Renfrew-Collingwood,496337.9587,5453938.8475
Theft from Vehicle,2017,12,2,16,26,27XX KINGSWAY AVE,Renfrew-Collingwood,496337.9587,5453938.8475
Theft from Vehicle,2017,4,29,19,30,27XX KINGSWAY AVE,Renfrew-Collingwood,496343.271,5453946.2901
Theft from Vehicle,2017,2,20,21,0,27XX KINGSWAY AVE,Renfrew-Collingwood,496355.7283,5453926.1643
Theft from Vehicle,2017,3,13,0,0,27XX KINGSWAY AVE,Renfrew-Collingwood,496373.3312,5453924.8344
Theft from Vehicle,2017,6,27,19,0,27XX KINGSWAY AVE,Renfrew-Collingwood,496409.0371,5453888.1147
Theft from Vehicle,2017,8,1,7,56,27XX KINGSWAY AVE,Renfrew-Collingwood,496412.591,5453885.578
Theft from Vehicle,2017,8,11,19,30,27XX KINGSWAY AVE,Renfrew-Collingwood,496412.591,5453885.578
Theft from Vehicle,2017,8,15,18,30,27XX KINGSWAY AVE,Renfrew-Collingwood,496412.591,5453885.578
Theft from Vehicle,2017,3,6,19,0,27XX KINGSWAY AVE,Renfrew-Collingwood,496430.3606,5453872.8948
Theft from Vehicle,2017,4,2,18,50,27XX KINGSWAY AVE,Renfrew-Collingwood,496430.3606,5453872.8948
Theft from Vehicle,2017,5,20,19,0,27XX KINGSWAY AVE,Renfrew-Collingwood,496430.3606,5453872.8948
Theft from Vehicle,2017,2,16,18,30,27XX KINGSWAY AVE,Renfrew-Collingwood,496486.0336,5453846.6811
Theft from Vehicle,2017,2,3,2,5,27XX KITCHENER ST,Hastings-Sunrise,496481.9698,5457722.9726
Theft from Vehicle,2017,2,19,19,0,27XX KITSILANO DVRS,Kitsilano,487892.3019,5456520.1937
Theft from Vehicle,2017,12,5,12,6,27XX LAKEWOOD DR,Kensington-Cedar Cottage,495489.1072,5456432.7228
Theft from Vehicle,2017,9,25,11,0,27XX MAIN ST,Mount Pleasant,492658.2742,5456484.8775
Theft from Vehicle,2017,10,30,19,0,27XX MCGILL ST,Hastings-Sunrise,496488.7957,5459557.3886
Theft from Vehicle,2017,7,17,21,30,27XX MCGILL ST,Hastings-Sunrise,496547.1775,5459548.3782
Theft from Vehicle,2017,3,20,17,0,27XX NAPIER ST,Hastings-Sunrise,496416.7643,5458029.5433
Theft from Vehicle,2017,2,1,0,59,27XX ONTARIO ST,Mount Pleasant,492365.9792,5456492.3026
Theft from Vehicle,2017,5,30,7,0,27XX ONTARIO ST,Mount Pleasant,492365.9792,5456492.3026
Theft from Vehicle,2017,11,22,22,0,27XX OXFORD ST,Hastings-Sunrise,496594.3205,5459209.7918
Theft from Vehicle,2017,8,4,18,0,27XX PANDORA ST,Hastings-Sunrise,496425.5151,5458910.6827
Theft from Vehicle,2017,11,21,19,30,27XX PANDORA ST,Hastings-Sunrise,496562.6064,5458919.2032
Theft from Vehicle,2017,8,30,20,30,27XX PRINCE EDWARD ST,Mount Pleasant,492997.7464,5456431.6644
Theft from Vehicle,2017,9,5,6,30,27XX PRINCE EDWARD ST,Mount Pleasant,493003.4849,5456372.6454
Theft from Vehicle,2017,12,14,1,45,27XX RENFREW ST,Renfrew-Collingwood,496777.467,5456365.5863
Theft from Vehicle,2017,9,18,13,45,27XX RUPERT ST,Renfrew-Collingwood,497553.1828,5456327.8331
Theft from Vehicle,2017,5,26,21,0,27XX SOPHIA ST,Mount Pleasant,492852.4017,5456413.2708
Theft from Vehicle,2017,12,5,19,0,27XX SOPHIA ST,Mount Pleasant,492852.4017,5456413.2708
Theft from Vehicle,2017,12,7,18,0,27XX SOPHIA ST,Mount Pleasant,492854.0633,5456482.4387
Theft from Vehicle,2017,1,28,15,30,27XX STANLEY PARK DR,Stanley Park,491023.0901,5460869.0432
Theft from Vehicle,2017,11,9,9,40,27XX STANLEY PARK DR,Stanley Park,491023.0901,5460869.0432
Theft from Vehicle,2017,2,14,20,15,27XX TRIUMPH ST,Hastings-Sunrise,496528.9293,5459020.149
Theft from Vehicle,2017,4,9,22,0,27XX W 10TH AVE,Kitsilano,487897.1901,5456723.623
Theft from Vehicle,2017,5,13,12,31,27XX W 13TH AVE,Kitsilano,487834.3068,5456419.4289
Theft from Vehicle,2017,6,11,22,0,27XX W 14TH AVE,Kitsilano,487887.0911,5456318.1296
Theft from Vehicle,2017,10,30,1,0,27XX W 15TH AVE,Kitsilano,487881.9673,5456216.4016
Theft from Vehicle,2017,11,30,19,30,27XX W 15TH AVE,Kitsilano,487881.9673,5456216.4016
Theft from Vehicle,2017,7,16,21,0,27XX W 16TH AVE,Arbutus Ridge,487899.0764,5456096.2748
Theft from Vehicle,2017,6,5,19,0,27XX W 17TH AVE,Arbutus Ridge,487807.8534,5456043.0259
Theft from Vehicle,2017,6,5,23,0,27XX W 17TH AVE,Arbutus Ridge,487916.3033,5456040.7196
Theft from Vehicle,2017,12,31,19,0,27XX W 23RD AVE,Arbutus Ridge,487967.5909,5455463.0675
Theft from Vehicle,2017,3,18,23,0,27XX W 29TH AVE,Arbutus Ridge,487804.9264,5454833.1643
Theft from Vehicle,2017,6,18,0,1,27XX W 2ND AVE,Kitsilano,487812.2275,5457494.8021
Theft from Vehicle,2017,8,30,20,0,27XX W 2ND AVE,Kitsilano,487897.9159,5457492.524
Theft from Vehicle,2017,10,21,18,0,27XX W 32ND AVE,Arbutus Ridge,487822.0429,5454505.3091
Theft from Vehicle,2017,10,21,15,0,27XX W 34TH AVE,Arbutus Ridge,487938.8933,5454293.0556
Theft from Vehicle,2017,2,5,1,0,27XX W 35TH AVE,Arbutus Ridge,487926.3598,5454196.5461
Theft from Vehicle,2017,10,21,10,17,27XX W 37TH AVE,Arbutus Ridge,487822.2195,5453979.4225
Theft from Vehicle,2017,9,8,6,31,27XX W 41ST AVE,Kerrisdale,487850.1192,5453558.9145
Theft from Vehicle,2017,5,29,19,0,27XX W 42ND AVE,Kerrisdale,487929.2359,5453449.6389
Theft from Vehicle,2017,11,4,12,0,27XX W 50TH AVE,Kerrisdale,487791.2119,5452661.1946
Theft from Vehicle,2017,9,7,16,0,27XX W 7TH AVE,Kitsilano,487886.9614,5457009.7035
Theft from Vehicle,2017,12,28,21,30,27XX W 8TH AVE,Kitsilano,487885.1091,5456918.066
Theft from Vehicle,2017,12,28,23,20,27XX W BROADWAY AVE,Kitsilano,487846.3908,5456828.7646
Theft from Vehicle,2017,5,3,2,50,27XX WALL ST,Hastings-Sunrise,496480.4749,5459914.0543
Theft from Vehicle,2017,9,12,22,0,27XX WATSON ST,Mount Pleasant,492700.047,5456485.6459
Theft from Vehicle,2017,6,7,14,0,27XX WILLIAM ST,Hastings-Sunrise,496412.9985,5457928.2498
Theft from Vehicle,2017,12,8,19,0,27XX WILLIAM ST,Hastings-Sunrise,496412.9985,5457928.2498
Theft from Vehicle,2017,11,14,0,0,27XX WOODLAND DR,Kensington-Cedar Cottage,494634.6998,5456409.1213
Theft from Vehicle,2017,3,10,17,30,27XX YEW ST,Kitsilano,488700.4976,5456592.1452
Theft from Vehicle,2017,6,11,22,0,28XX ADANAC ST,Hastings-Sunrise,496630.0307,5458305.1956
Theft from Vehicle,2017,4,19,5,58,28XX ALAMEIN AVE,Arbutus Ridge,487781.9054,5455263.7504
Theft from Vehicle,2017,7,24,0,9,28XX ALDER ST,Fairview,490437.8854,5456441.5871
Theft from Vehicle,2017,7,21,21,30,28XX ALMA ST,Kitsilano,486477.7721,5456558.8619
Theft from Vehicle,2017,8,1,20,0,28XX BENTALL ST,Renfrew-Collingwood,497676.2134,5456227.9222
Theft from Vehicle,2017,10,30,9,0,28XX BENTALL ST,Renfrew-Collingwood,497676.2134,5456227.9222
Theft from Vehicle,2017,1,31,18,27,28XX BENTALL ST,Renfrew-Collingwood,497676.2134,5456227.9222
Theft from Vehicle,2017,8,5,2,30,28XX BIRCH ST,Fairview,490266.5122,5456425.0898
Theft from Vehicle,2017,12,30,22,0,28XX BIRCH ST,Fairview,490266.5122,5456425.0898
Theft from Vehicle,2017,12,11,16,31,28XX CAMBIE ST,Mount Pleasant,491636.2048,5456319.3779
Theft from Vehicle,2017,9,22,18,0,28XX CAROLINA ST,Mount Pleasant,493376.884,5456333.8204
Theft from Vehicle,2017,9,1,12,0,28XX CHEYENNE AVE,Renfrew-Collingwood,496523.4883,5454261.4012
Theft from Vehicle,2017,12,18,17,30,28XX CHEYENNE AVE,Renfrew-Collingwood,496578.5843,5454227.3325
Theft from Vehicle,2017,11,14,0,0,28XX CHEYENNE AVE,Renfrew-Collingwood,496638.2673,5454190.427
Theft from Vehicle,2017,3,28,23,30,28XX COLUMBIA ST,Mount Pleasant,492020.9004,5456316.5366
Theft from Vehicle,2017,7,19,8,0,28XX COMMERCIAL DR,Kensington-Cedar Cottage,494921.5217,5456230.349
Theft from Vehicle,2017,12,13,19,30,28XX COMMERCIAL DR,Kensington-Cedar Cottage,494922.2929,5456305.2379
Theft from Vehicle,2017,6,17,18,45,28XX E 10TH AVE,Renfrew-Collingwood,496581.3224,5456458.7456
Theft from Vehicle,2017,6,28,20,0,28XX E 14TH AVE,Renfrew-Collingwood,496619.7877,5456048.1578
Theft from Vehicle,2017,6,13,12,0,28XX E 14TH AVE,Renfrew-Collingwood,496630.9215,5456057.2226
Theft from Vehicle,2017,8,26,0,0,28XX E 14TH AVE,Renfrew-Collingwood,496630.9215,5456057.2226
Theft from Vehicle,2017,8,14,16,30,28XX E 14TH AVE,Renfrew-Collingwood,496756.0132,5456047.1814
Theft from Vehicle,2017,4,29,18,0,28XX E 15TH AVE,Renfrew-Collingwood,496747.8689,5455946.3615
Theft from Vehicle,2017,5,7,12,0,28XX E 1ST AVE,Hastings-Sunrise,496590.7519,5457399.7562
Theft from Vehicle,2017,5,25,13,15,28XX E 1ST AVE,Hastings-Sunrise,496590.7519,5457399.7562
Theft from Vehicle,2017,6,11,13,30,28XX E 1ST AVE,Hastings-Sunrise,496590.7519,5457399.7562
Theft from Vehicle,2017,8,20,13,0,28XX E 1ST AVE,Hastings-Sunrise,496590.7519,5457399.7562
Theft from Vehicle,2017,8,28,20,0,28XX E 1ST AVE,Hastings-Sunrise,496590.7519,5457399.7562
Theft from Vehicle,2017,9,13,12,0,28XX E 1ST AVE,Hastings-Sunrise,496590.7519,5457399.7562
Theft from Vehicle,2017,9,16,21,0,28XX E 1ST AVE,Hastings-Sunrise,496590.7519,5457399.7562
Theft from Vehicle,2017,10,12,20,45,28XX E 1ST AVE,Hastings-Sunrise,496590.7519,5457399.7562
Theft from Vehicle,2017,12,13,19,45,28XX E 1ST AVE,Hastings-Sunrise,496590.7519,5457399.7562
Theft from Vehicle,2017,1,11,7,0,28XX E 1ST AVE,Hastings-Sunrise,496594.7144,5457399.7182
Theft from Vehicle,2017,7,24,3,30,28XX E 20TH AVE,Renfrew-Collingwood,496692.2216,5455514.6683
Theft from Vehicle,2017,12,10,0,0,28XX E 22ND AVE,Renfrew-Collingwood,496733.2853,5455309.2073
Theft from Vehicle,2017,10,20,15,0,28XX E 22ND AVE,Renfrew-Collingwood,496767.6074,5455328.0628
Theft from Vehicle,2017,8,19,19,0,28XX E 23RD AVE,Renfrew-Collingwood,496665.9957,5455209.4562
Theft from Vehicle,2017,5,4,7,0,28XX E 24TH AVE,Renfrew-Collingwood,496574.4965,5455111.5364
Theft from Vehicle,2017,10,23,16,30,28XX E 25TH AVE,Renfrew-Collingwood,496630.4832,5455021.151
Theft from Vehicle,2017,10,29,18,0,28XX E 45TH AVE,Killarney,496647.533,5452951.0152
Theft from Vehicle,2017,10,29,20,0,28XX E 45TH AVE,Killarney,496647.533,5452951.0152
Theft from Vehicle,2017,4,10,23,0,28XX E 46TH AVE,Killarney,496511.2915,5452855.4607
Theft from Vehicle,2017,9,12,18,0,28XX E 48TH AVE,Killarney,496529.678,5452564.8311
Theft from Vehicle,2017,1,25,10,0,28XX E 49TH AVE,Killarney,496470.1908,5452438.6098
Theft from Vehicle,2017,1,27,15,29,28XX E 49TH AVE,Killarney,496470.1908,5452438.6098
Theft from Vehicle,2017,4,16,8,30,28XX E 54TH AVE,Killarney,496503.9834,5451932.2809
Theft from Vehicle,2017,6,12,23,0,28XX E 54TH AVE,Killarney,496503.9834,5451932.2809
Theft from Vehicle,2017,2,24,22,0,28XX E 54TH AVE,Killarney,496639.0311,5451931.1031
Theft from Vehicle,2017,4,16,9,20,28XX E 54TH AVE,Killarney,496680.8538,5451930.7567
Theft from Vehicle,2017,3,3,22,0,28XX E 8TH AVE,Hastings-Sunrise,496583.8401,5456682.9991
Theft from Vehicle,2017,4,25,2,0,28XX E GEORGIA ST,Hastings-Sunrise,496692.1289,5458387.836
Theft from Vehicle,2017,12,10,19,0,28XX E HASTINGS ST,Hastings-Sunrise,496663.4687,5458707.6353
Theft from Vehicle,2017,3,30,18,30,28XX E HASTINGS ST,Hastings-Sunrise,496777.0097,5458716.784
Theft from Vehicle,2017,6,19,23,0,28XX E HASTINGS ST,Hastings-Sunrise,496777.0097,5458716.784
Theft from Vehicle,2017,9,4,18,0,28XX E HASTINGS ST,Hastings-Sunrise,496777.0097,5458716.784
Theft from Vehicle,2017,10,21,21,30,28XX E HASTINGS ST,Hastings-Sunrise,496777.0097,5458716.784
Theft from Vehicle,2017,11,9,20,0,28XX E HASTINGS ST,Hastings-Sunrise,496777.0097,5458716.784
Theft from Vehicle,2017,1,24,12,30,28XX E HASTINGS ST,Hastings-Sunrise,496777.0101,5458707.64
Theft from Vehicle,2017,6,24,5,30,28XX E KENT AVE N,Killarney,496492.3533,5450410.6166
Theft from Vehicle,2017,11,25,14,0,28XX E PENDER ST,Hastings-Sunrise,496719.5364,5458611.6747
Theft from Vehicle,2017,3,8,8,0,28XX E PENDER ST,Hastings-Sunrise,496737.7228,5458611.5769
Theft from Vehicle,2017,5,10,17,0,28XX E PENDER ST,Hastings-Sunrise,496737.7228,5458611.5769
Theft from Vehicle,2017,10,11,17,0,28XX ETON ST,Hastings-Sunrise,496710.3378,5459435.6872
Theft from Vehicle,2017,9,16,13,0,28XX EUCLID AVE,Renfrew-Collingwood,496615.7459,5454312.683
Theft from Vehicle,2017,5,12,0,0,28XX FRANKLIN ST,Hastings-Sunrise,496610.4513,5458808.3669
Theft from Vehicle,2017,7,16,0,0,28XX FRASER ST,Mount Pleasant,493505.9856,5456316.3587
Theft from Vehicle,2017,7,20,21,0,28XX FRASER ST,Mount Pleasant,493505.9856,5456316.3587
Theft from Vehicle,2017,6,17,19,30,28XX GRANDVIEW HWY,Renfrew-Collingwood,496584.679,5456154.7415
Theft from Vehicle,2017,11,16,17,30,28XX GRANDVIEW HWY,Renfrew-Collingwood,496603.3932,5456163.927
Theft from Vehicle,2017,1,31,16,30,28XX GRANDVIEW HWY,Renfrew-Collingwood,496640.8825,5456154.866
Theft from Vehicle,2017,6,18,19,30,28XX GRANDVIEW HWY,Renfrew-Collingwood,496736.3056,5456164.2212
Theft from Vehicle,2017,10,30,11,54,28XX GRANDVIEW HWY,Renfrew-Collingwood,496736.3056,5456164.2212
Theft from Vehicle,2017,12,28,8,42,28XX GRANDVIEW HWY,Renfrew-Collingwood,496736.3056,5456164.2212
Theft from Vehicle,2017,12,1,20,0,28XX GRANDVIEW HWY,Renfrew-Collingwood,496758.4849,5456164.2701
Theft from Vehicle,2017,12,3,18,0,28XX GRANVILLE ST,Fairview,489902.734,5456410.3814
Theft from Vehicle,2017,7,20,16,0,28XX GUELPH ST,Mount Pleasant,493093.3688,5456337.6453
Theft from Vehicle,2017,9,6,0,0,28XX HORLEY ST,Renfrew-Collingwood,496614.1806,5454089.3656
Theft from Vehicle,2017,8,12,19,0,28XX HORLEY ST,Renfrew-Collingwood,496621.5513,5454084.8627
Theft from Vehicle,2017,11,24,21,30,28XX KINGSWAY AVE,Renfrew-Collingwood,496545.3705,5453798.0328
Theft from Vehicle,2017,2,28,14,0,28XX KITCHENER ST,Hastings-Sunrise,496593.8559,5457722.8459
Theft from Vehicle,2017,5,13,0,0,28XX MACKENZIE ST,Kitsilano,487617.1918,5456526.9941
Theft from Vehicle,2017,12,15,1,0,28XX MACKENZIE ST,Kitsilano,487617.1918,5456526.9941
Theft from Vehicle,2017,11,12,13,15,28XX MAIN ST,Mount Pleasant,492640.0105,5456351.5467
Theft from Vehicle,2017,5,19,10,30,28XX MAIN ST,Mount Pleasant,492640.1389,5456357.1531
Theft from Vehicle,2017,7,18,21,0,28XX MCGILL ST,Hastings-Sunrise,496609.9882,5459557.5337
Theft from Vehicle,2017,4,2,22,30,28XX MCGILL ST,Hastings-Sunrise,496693.1603,5459542.2977
Theft from Vehicle,2017,6,12,21,0,28XX PENTICTON ST,Renfrew-Collingwood,496147.9226,5456263.7063
Theft from Vehicle,2017,6,2,20,0,28XX ROSEMONT DR,Killarney,496532.7491,5451656.2534
Theft from Vehicle,2017,1,11,8,30,28XX RUPERT ST,Renfrew-Collingwood,497551.6785,5456216.0526
Theft from Vehicle,2017,7,11,14,0,28XX SOPHIA ST,Mount Pleasant,492851.6827,5456383.4331
Theft from Vehicle,2017,12,15,18,0,28XX ST CATHERINES ST,Mount Pleasant,493794.5994,5456276.5282
Theft from Vehicle,2017,6,29,0,0,28XX SW MARINE DR,Kerrisdale,487695.9345,5452609.3004
Theft from Vehicle,2017,2,20,6,46,28XX TRAFALGAR ST,Kitsilano,488015.3223,5456503.0319
Theft from Vehicle,2017,5,20,3,20,28XX TRIMBLE ST,West Point Grey,484994.4112,5456523.0055
Theft from Vehicle,2017,8,30,21,30,28XX TRIMBLE ST,West Point Grey,485003.3965,5456516.8462
Theft from Vehicle,2017,12,14,0,0,28XX TRINITY ST,Hastings-Sunrise,496610.9175,5459658.001
Theft from Vehicle,2017,1,3,0,0,28XX TRINITY ST,Hastings-Sunrise,496714.0036,5459657.8257
Theft from Vehicle,2017,9,29,16,0,28XX TRIUMPH ST,Hastings-Sunrise,496654.8491,5459010.3853
Theft from Vehicle,2017,8,21,18,0,28XX TURNER ST,Hastings-Sunrise,496716.8679,5458479.2129
Theft from Vehicle,2017,1,6,8,0,28XX TURNER ST,Hastings-Sunrise,496780.2675,5458479.2009
Theft from Vehicle,2017,2,18,17,0,28XX VICTORIA DR,Kensington-Cedar Cottage,495205.9147,5456307.4274
Theft from Vehicle,2017,7,9,9,10,28XX W 13TH AVE,Kitsilano,487747.8949,5456430.461
Theft from Vehicle,2017,6,30,17,0,28XX W 14TH AVE,Kitsilano,487620.3805,5456335.4471
Theft from Vehicle,2017,6,30,18,0,28XX W 14TH AVE,Kitsilano,487648.8715,5456334.4725
Theft from Vehicle,2017,10,11,23,30,28XX W 14TH AVE,Kitsilano,487748.2773,5456321.9228
Theft from Vehicle,2017,11,23,0,0,28XX W 16TH AVE,Kitsilano,487653.7546,5456129.8745
Theft from Vehicle,2017,11,1,17,0,28XX W 16TH AVE,Arbutus Ridge,487691.4708,5456101.9372
Theft from Vehicle,2017,2,19,20,0,28XX W 16TH AVE,Arbutus Ridge,487793.6103,5456099.3092
Theft from Vehicle,2017,6,13,21,0,28XX W 17TH AVE,Arbutus Ridge,487793.2052,5456043.3381
Theft from Vehicle,2017,2,20,16,0,28XX W 19TH AVE,Arbutus Ridge,487699.2601,5455869.765
Theft from Vehicle,2017,9,23,23,0,28XX W 19TH AVE,Arbutus Ridge,487755.6988,5455869.2763
Theft from Vehicle,2017,12,31,15,0,28XX W 19TH AVE,Arbutus Ridge,487787.1381,5455869.0042
Theft from Vehicle,2017,12,6,12,0,28XX W 1ST AVE,Kitsilano,487763.0193,5457595.1108
Theft from Vehicle,2017,8,15,18,0,28XX W 21ST AVE,Arbutus Ridge,487785.211,5455670.0416
Theft from Vehicle,2017,1,29,21,0,28XX W 31ST AVE,Arbutus Ridge,487639.7644,5454622.2026
Theft from Vehicle,2017,5,14,2,30,28XX W 38TH AVE,Arbutus Ridge,487734.074,5453873.9816
Theft from Vehicle,2017,12,16,2,27,28XX W 3RD AVE,Kitsilano,487753.712,5457396.6605
Theft from Vehicle,2017,5,15,20,0,28XX W 43RD AVE,Kerrisdale,487640.4122,5453350.5109
Theft from Vehicle,2017,6,15,19,30,28XX W 43RD AVE,Kerrisdale,487640.4122,5453350.5109
Theft from Vehicle,2017,8,10,18,0,28XX W 43RD AVE,Kerrisdale,487735.1896,5453349.8433
Theft from Vehicle,2017,8,24,0,0,28XX W 5TH AVE,Kitsilano,487600.1724,5457200.8968
Theft from Vehicle,2017,2,4,22,0,28XX W 5TH AVE,Kitsilano,487748.2042,5457198.3517
Theft from Vehicle,2017,9,22,23,0,28XX W 5TH AVE,Kitsilano,487748.2042,5457198.3517
Theft from Vehicle,2017,3,19,22,0,28XX W 7TH AVE,Kitsilano,487740.325,5457013.6293
Theft from Vehicle,2017,2,19,21,0,28XX W BROADWAY AVE,Kitsilano,487630.5622,5456832.9215
Theft from Vehicle,2017,4,2,22,0,28XX WALL ST,Hastings-Sunrise,496781.2159,5459824.4945
Theft from Vehicle,2017,10,16,18,0,28XX WILLIAM ST,Hastings-Sunrise,496593.7666,5457932.951
Theft from Vehicle,2017,6,10,19,0,28XX WINDSOR ST,Mount Pleasant,493939.8515,5456327.0164
Theft from Vehicle,2017,8,4,14,0,28XX WOODLAND DR,Kensington-Cedar Cottage,494633.2383,5456295.1184
Theft from Vehicle,2017,1,11,21,0,28XX YUKON ST,Mount Pleasant,491781.2116,5456352.3793
Theft from Vehicle,2017,6,2,19,0,29XX CHARLES ST,Hastings-Sunrise,496912.3113,5457838.5479
Theft from Vehicle,2017,5,19,23,30,29XX COLUMBIA ST,Mount Pleasant,492029.4081,5456296.9375
Theft from Vehicle,2017,8,18,16,9,29XX COMMERCIAL DR,Kensington-Cedar Cottage,494921.3616,5456214.2257
Theft from Vehicle,2017,8,19,9,0,29XX COMMERCIAL DR,Kensington-Cedar Cottage,494921.3616,5456214.2257
Theft from Vehicle,2017,5,14,11,22,29XX E 15TH AVE,Renfrew-Collingwood,496782.6572,5455946.1591
Theft from Vehicle,2017,2,15,9,0,29XX E 16TH AVE,Renfrew-Collingwood,496902.4509,5455853.6438
Theft from Vehicle,2017,9,10,0,0,29XX E 1ST AVE,Hastings-Sunrise,496869.6166,5457398.0101
Theft from Vehicle,2017,11,19,20,30,29XX E 28TH AVE,Renfrew-Collingwood,496882.6382,5454734.5069
Theft from Vehicle,2017,11,13,17,30,29XX E 28TH AVE,Renfrew-Collingwood,496929.6967,5454733.7886
Theft from Vehicle,2017,7,10,0,0,29XX E 2ND AVE,Hastings-Sunrise,496783.5577,5457298.8083
Theft from Vehicle,2017,12,31,0,30,29XX E 2ND AVE,Hastings-Sunrise,496783.5577,5457298.8083
Theft from Vehicle,2017,8,31,22,0,29XX E 2ND AVE,Hastings-Sunrise,496783.6111,5457307.9522
Theft from Vehicle,2017,10,28,20,30,29XX E 3RD AVE,Hastings-Sunrise,496781.437,5457200.1522
Theft from Vehicle,2017,4,10,9,18,29XX E 4TH AVE,Hastings-Sunrise,496893.2284,5457105.3488
Theft from Vehicle,2017,2,26,22,0,29XX E 56TH AVE,Killarney,496775.4611,5451719.6172
Theft from Vehicle,2017,4,27,11,0,29XX E 5TH AVE,Hastings-Sunrise,496920.1182,5456988.1893
Theft from Vehicle,2017,9,16,16,0,29XX E 5TH AVE,Hastings-Sunrise,496920.1182,5456988.1893
Theft from Vehicle,2017,10,3,15,0,29XX E 5TH AVE,Hastings-Sunrise,496920.1182,5456988.1893
Theft from Vehicle,2017,3,19,22,0,29XX E GEORGIA ST,Hastings-Sunrise,496794.1838,5458387.6929
Theft from Vehicle,2017,10,24,18,0,29XX E GEORGIA ST,Hastings-Sunrise,496794.1838,5458387.6929
Theft from Vehicle,2017,3,14,12,0,29XX E GEORGIA ST,Hastings-Sunrise,496802.1129,5458387.6339
Theft from Vehicle,2017,5,14,22,2,29XX E HASTINGS ST,Hastings-Sunrise,496808.7101,5458716.797
Theft from Vehicle,2017,7,22,8,0,29XX E HASTINGS ST,Hastings-Sunrise,496808.7101,5458716.797
Theft from Vehicle,2017,8,6,16,0,29XX E HASTINGS ST,Hastings-Sunrise,496808.7101,5458716.797
Theft from Vehicle,2017,9,1,19,0,29XX E HASTINGS ST,Hastings-Sunrise,496808.7101,5458716.797
Theft from Vehicle,2017,5,22,19,0,29XX E PENDER ST,Hastings-Sunrise,496818.1923,5458602.0807
Theft from Vehicle,2017,11,23,17,0,29XX E PENDER ST,Hastings-Sunrise,496931.8999,5458601.8446
Theft from Vehicle,2017,8,8,22,30,29XX FIR ST,Fairview,489731.8688,5456351.0316
Theft from Vehicle,2017,7,31,20,45,29XX GRANDVIEW HWY,Renfrew-Collingwood,496826.1137,5456153.9612
Theft from Vehicle,2017,7,1,21,0,29XX GRANDVIEW HWY,Renfrew-Collingwood,496938.5116,5456150.9178
Theft from Vehicle,2017,5,29,13,0,29XX GRANDVIEW HWY,Renfrew-Collingwood,496967.765,5456159.2731
Theft from Vehicle,2017,7,5,12,0,29XX GRANDVIEW HWY,Renfrew-Collingwood,496967.765,5456159.2731
Theft from Vehicle,2017,6,9,15,5,29XX GRANVILLE ST,Fairview,489901.302,5456257.4142
Theft from Vehicle,2017,3,12,23,0,29XX GRAVELEY ST,Hastings-Sunrise,496790.3777,5457513.1983
Theft from Vehicle,2017,12,11,5,0,29XX HEBB AVE,Renfrew-Collingwood,496780.0083,5456268.0864
Theft from Vehicle,2017,2,6,19,0,29XX HEMLOCK ST,Fairview,490091.1706,5456342.8592
Theft from Vehicle,2017,9,22,0,0,29XX HORLEY ST,Renfrew-Collingwood,496685.8872,5454045.3702
Theft from Vehicle,2017,9,25,18,0,29XX HORLEY ST,Renfrew-Collingwood,496685.8872,5454045.3702
Theft from Vehicle,2017,7,25,20,30,29XX HORLEY ST,Renfrew-Collingwood,496765.1112,5454007.4186
Theft from Vehicle,2017,3,20,0,0,29XX KINGSWAY AVE,Renfrew-Collingwood,496682.3491,5453724.4178
Theft from Vehicle,2017,10,16,21,0,29XX KINGSWAY AVE,Renfrew-Collingwood,496844.5413,5453700.3407
Theft from Vehicle,2017,1,1,0,0,29XX MCGILL ST,Hastings-Sunrise,496889.0499,5459565.6026
Theft from Vehicle,2017,12,17,10,0,29XX MCGILL ST,Hastings-Sunrise,496889.0499,5459565.6026
Theft from Vehicle,2017,2,22,20,0,29XX NANAIMO ST,Renfrew-Collingwood,495884.0607,5456068.3798
Theft from Vehicle,2017,5,31,0,0,29XX NOOTKA ST,Renfrew-Collingwood,496968.0079,5456095.9636
Theft from Vehicle,2017,7,2,1,48,29XX NOOTKA ST,Renfrew-Collingwood,496977.8449,5456151.467
Theft from Vehicle,2017,10,17,5,45,29XX OAK ST,Fairview,490781.3286,5456250.2095
Theft from Vehicle,2017,6,15,16,50,29XX PINE ST,Fairview,489561.637,5456355.7456
Theft from Vehicle,2017,7,5,18,0,29XX POINT GREY RD,Kitsilano,487496.746,5457601.9057
Theft from Vehicle,2017,11,7,22,30,29XX PRINCE EDWARD ST,Mount Pleasant,492981.5331,5456203.9061
Theft from Vehicle,2017,7,29,22,0,29XX ROSEMONT DR,Killarney,496617.6121,5451596.2045
Theft from Vehicle,2017,7,15,11,0,29XX SLOCAN ST,Renfrew-Collingwood,496397.4345,5456123.9155
Theft from Vehicle,2017,11,17,23,0,29XX SOPHIA ST,Mount Pleasant,492848.0344,5456240.4013
Theft from Vehicle,2017,7,4,19,0,29XX SOPHIA ST,Mount Pleasant,492849.099,5456282.0744
Theft from Vehicle,2017,2,9,23,45,29XX STEPHENS ST,Kitsilano,487898.9214,5456421.0408
Theft from Vehicle,2017,6,10,19,0,29XX SW MARINE DR,Kerrisdale,487420.1095,5452806.3765
Theft from Vehicle,2017,2,19,16,0,29XX TRAFALGAR ST,Kitsilano,488012.2502,5456401.3751
Theft from Vehicle,2017,10,5,15,0,29XX TRIMBLE ST,West Point Grey,485001.9061,5456455.2864
Theft from Vehicle,2017,6,29,16,0,29XX VENABLES ST,Hastings-Sunrise,496872.9298,5458191.0848
Theft from Vehicle,2017,11,27,18,0,29XX W 11TH AVE,Kitsilano,487553.4145,5456636.0823
Theft from Vehicle,2017,2,11,13,0,29XX W 11TH AVE,Kitsilano,487582.8069,5456635.3026
Theft from Vehicle,2017,12,25,18,46,29XX W 12TH AVE,Kitsilano,487608.337,5456524.265
Theft from Vehicle,2017,7,6,18,0,29XX W 13TH AVE,Kitsilano,487557.0077,5456426.6403
Theft from Vehicle,2017,11,7,23,0,29XX W 14TH AVE,Kitsilano,487517.5477,5456337.9986
Theft from Vehicle,2017,3,2,17,45,29XX W 14TH AVE,Kitsilano,487574.3165,5456327.541
Theft from Vehicle,2017,10,29,21,0,29XX W 14TH AVE,Kitsilano,487600.2164,5456326.9427
Theft from Vehicle,2017,1,11,17,0,29XX W 19TH AVE,Arbutus Ridge,487612.4698,5455870.5254
Theft from Vehicle,2017,8,6,2,30,29XX W 19TH AVE,Arbutus Ridge,487616.5067,5455870.4871
Theft from Vehicle,2017,9,10,19,0,29XX W 19TH AVE,Arbutus Ridge,487616.5067,5455870.4871
Theft from Vehicle,2017,12,18,18,30,29XX W 22ND AVE,Arbutus Ridge,487611.8837,5455569.1284
Theft from Vehicle,2017,8,14,13,14,29XX W 27TH AVE,Dunbar-Southlands,487438.2143,5455046.5392
Theft from Vehicle,2017,5,31,19,0,29XX W 35TH AVE,Dunbar-Southlands,487501.6788,5454203.1623
Theft from Vehicle,2017,8,29,22,30,29XX W 40TH AVE,Dunbar-Southlands,487506.0519,5453664.5582
Theft from Vehicle,2017,6,16,18,0,29XX W 45TH AVE,Kerrisdale,487489.7108,5453154.5696
Theft from Vehicle,2017,11,28,19,0,29XX W 5TH AVE,Kitsilano,487545.123,5457201.9684
Theft from Vehicle,2017,10,19,19,0,29XX W 6TH AVE,Kitsilano,487537.1387,5457111.5331
Theft from Vehicle,2017,8,23,22,0,29XX W KING EDWARD AVE,Dunbar-Southlands,487621.7654,5455200.8607
Theft from Vehicle,2017,7,12,21,0,29XX WALL ST,Hastings-Sunrise,496821.1016,5459815.5348
Theft from Vehicle,2017,1,12,18,0,29XX WALL ST,Hastings-Sunrise,496853.2921,5459770.049
Theft from Vehicle,2017,1,12,18,30,29XX WALL ST,Hastings-Sunrise,496878.3144,5459738.4457
Theft from Vehicle,2017,7,21,20,30,29XX WATERLOO ST,Kitsilano,486899.4817,5456399.9873
Theft from Vehicle,2017,12,11,16,19,29XX WOODLAND DR,Kensington-Cedar Cottage,494631.5853,5456199.8509
Theft from Vehicle,2017,3,15,21,30,2X ALEXANDER ST,Central Business District,492464.7382,5458982.9754
Theft from Vehicle,2017,1,29,20,46,2X ALEXANDER ST,Central Business District,492470.0318,5458984.5401
Theft from Vehicle,2017,4,13,19,0,2X E 10TH AVE,Mount Pleasant,492397.235,5456589.5927
Theft from Vehicle,2017,5,11,22,0,2X E 22ND AVE,Riley Park,492396.0089,5455356.309
Theft from Vehicle,2017,8,14,12,30,2X E 6TH AVE,Mount Pleasant,492412.9638,5456986.87
Theft from Vehicle,2017,12,15,15,0,2X E 6TH AVE,Mount Pleasant,492412.9638,5456986.87
Theft from Vehicle,2017,8,7,21,30,2X E CORDOVA ST,Central Business District,492451.4638,5458847.3249
Theft from Vehicle,2017,11,15,23,45,2X E CORDOVA ST,Central Business District,492451.4638,5458847.3249
Theft from Vehicle,2017,3,5,9,15,2X E CORDOVA ST,Central Business District,492451.4638,5458847.3249
Theft from Vehicle,2017,5,3,18,45,2X E CORDOVA ST,Central Business District,492451.4638,5458847.3249
Theft from Vehicle,2017,11,21,22,30,2X GARDEN DR,Grandview-Woodland,495794.5519,5459092.504
Theft from Vehicle,2017,2,21,18,0,2X PEVERIL AVE,Riley Park,492263.0565,5454727.1657
Theft from Vehicle,2017,1,18,20,30,2X W 12TH AVE,Mount Pleasant,492321.0814,5456398.82
Theft from Vehicle,2017,3,31,0,0,2X W 16TH AVE,Riley Park,492310.3539,5455988.0292
Theft from Vehicle,2017,1,14,12,30,2X W 18TH AVE,Riley Park,492321.9497,5455767.9419
Theft from Vehicle,2017,10,25,21,0,2X W 26TH AVE,Riley Park,492304.8292,5455008.637
Theft from Vehicle,2017,6,30,15,47,2X W 2ND AVE,Mount Pleasant,492339.5554,5457389.105
Theft from Vehicle,2017,12,2,15,0,2X W CORDOVA ST,Central Business District,492373.8899,5458875.9302
Theft from Vehicle,2017,3,20,8,20,2X W HASTINGS ST,Central Business District,492367.1438,5458760.0134
Theft from Vehicle,2017,4,15,20,0,2X W PENDER ST,Central Business District,492321.8905,5458671.3012
Theft from Vehicle,2017,4,23,12,0,2X W PENDER ST,Central Business District,492335.0932,5458658.2509
Theft from Vehicle,2017,11,20,12,15,2X W PENDER ST,Central Business District,492335.0932,5458658.2509
Theft from Vehicle,2017,5,29,23,30,2XX ABBOTT ST,Central Business District,492255.44,5458981.6972
Theft from Vehicle,2017,1,25,7,30,2XX ABBOTT ST,Central Business District,492264.9678,5459018.1693
Theft from Vehicle,2017,1,27,2,52,2XX ABBOTT ST,Central Business District,492264.9678,5459018.1693
Theft from Vehicle,2017,4,7,0,36,2XX ABBOTT ST,Central Business District,492264.9678,5459018.1693
Theft from Vehicle,2017,9,13,23,0,2XX ABBOTT ST,Central Business District,492264.9678,5459018.1693
Theft from Vehicle,2017,5,12,0,51,2XX ALEXANDER ST,Strathcona,492767.8903,5459039.1965
Theft from Vehicle,2017,10,9,0,0,2XX ALEXANDER ST,Strathcona,492767.8903,5459039.1965
Theft from Vehicle,2017,10,21,22,0,2XX ALEXANDER ST,Strathcona,492869.8189,5459044.7025
Theft from Vehicle,2017,9,21,16,0,2XX ALVIN NAROD MEWS,Central Business District,491241.9576,5458008.9342
Theft from Vehicle,2017,11,16,17,49,2XX ALVIN NAROD MEWS,Central Business District,491275.5475,5457981.351
Theft from Vehicle,2017,11,25,12,46,2XX BURRARD ST,Central Business District,491602.097,5459484.4883
Theft from Vehicle,2017,2,21,7,30,2XX BURRARD ST,Central Business District,491603.6933,5459486.0136
Theft from Vehicle,2017,3,23,7,30,2XX BURRARD ST,Central Business District,491603.6933,5459486.0136
Theft from Vehicle,2017,4,15,13,30,2XX BURRARD ST,Central Business District,491603.6933,5459486.0136
Theft from Vehicle,2017,5,8,8,30,2XX BURRARD ST,Central Business District,491603.6933,5459486.0136
Theft from Vehicle,2017,2,9,21,45,2XX CAMBIE ST,Central Business District,492089.7796,5459064.9449
Theft from Vehicle,2017,3,18,7,48,2XX CAMBIE ST,Central Business District,492089.7796,5459064.9449
Theft from Vehicle,2017,8,18,19,30,2XX CAMBIE ST,Central Business District,492089.7796,5459064.9449
Theft from Vehicle,2017,10,3,19,20,2XX CAMBIE ST,Central Business District,492089.7796,5459064.9449
Theft from Vehicle,2017,10,24,12,20,2XX CAMBIE ST,Central Business District,492089.7796,5459064.9449
Theft from Vehicle,2017,10,31,7,0,2XX CAMBIE ST,Central Business District,492089.7796,5459064.9449
Theft from Vehicle,2017,11,12,20,0,2XX CAMBIE ST,Central Business District,492089.7796,5459064.9449
Theft from Vehicle,2017,12,2,20,0,2XX CAMBIE ST,Central Business District,492089.7796,5459064.9449
Theft from Vehicle,2017,3,6,2,0,2XX CARRALL ST,Central Business District,492424.7842,5458973.5081
Theft from Vehicle,2017,11,29,16,46,2XX CARRALL ST,Central Business District,492424.7842,5458973.5081
Theft from Vehicle,2017,3,21,17,0,2XX CENTRAL ST,Strathcona,492757.9072,5457632.8168
Theft from Vehicle,2017,9,15,21,0,2XX CENTRAL ST,Strathcona,492757.9072,5457632.8168
Theft from Vehicle,2017,5,16,13,30,2XX COLUMBIA ST,Central Business District,492561.9535,5458885.7473
Theft from Vehicle,2017,1,3,21,30,2XX COLUMBIA ST,Central Business District,492573.0032,5458946.5899
Theft from Vehicle,2017,1,8,8,30,2XX COLUMBIA ST,Central Business District,492573.0032,5458946.5899
Theft from Vehicle,2017,1,14,10,15,2XX COLUMBIA ST,Central Business District,492573.0032,5458946.5899
Theft from Vehicle,2017,1,30,20,42,2XX COLUMBIA ST,Central Business District,492573.0032,5458946.5899
Theft from Vehicle,2017,2,21,12,0,2XX COLUMBIA ST,Central Business District,492573.0032,5458946.5899
Theft from Vehicle,2017,2,26,20,9,2XX COLUMBIA ST,Central Business District,492573.0032,5458946.5899
Theft from Vehicle,2017,4,22,8,59,2XX COLUMBIA ST,Central Business District,492573.0032,5458946.5899
Theft from Vehicle,2017,5,22,17,15,2XX COLUMBIA ST,Central Business District,492573.0032,5458946.5899
Theft from Vehicle,2017,6,10,17,45,2XX COLUMBIA ST,Central Business District,492573.0032,5458946.5899
Theft from Vehicle,2017,6,12,15,0,2XX COLUMBIA ST,Central Business District,492573.0032,5458946.5899
Theft from Vehicle,2017,7,1,19,0,2XX COLUMBIA ST,Central Business District,492573.0032,5458946.5899
Theft from Vehicle,2017,7,26,21,30,2XX COLUMBIA ST,Central Business District,492573.0032,5458946.5899
Theft from Vehicle,2017,8,7,7,46,2XX COLUMBIA ST,Central Business District,492573.0032,5458946.5899
Theft from Vehicle,2017,9,10,12,0,2XX COLUMBIA ST,Central Business District,492573.0032,5458946.5899
Theft from Vehicle,2017,9,28,20,0,2XX COLUMBIA ST,Central Business District,492573.0032,5458946.5899
Theft from Vehicle,2017,9,29,3,58,2XX COLUMBIA ST,Central Business District,492573.0032,5458946.5899
Theft from Vehicle,2017,10,10,21,6,2XX COLUMBIA ST,Central Business District,492573.0032,5458946.5899
Theft from Vehicle,2017,10,17,3,47,2XX COLUMBIA ST,Central Business District,492573.0032,5458946.5899
Theft from Vehicle,2017,11,11,12,30,2XX COLUMBIA ST,Central Business District,492573.0032,5458946.5899
Theft from Vehicle,2017,11,15,13,23,2XX COLUMBIA ST,Central Business District,492573.0032,5458946.5899
Theft from Vehicle,2017,11,28,19,30,2XX COLUMBIA ST,Central Business District,492573.0032,5458946.5899
Theft from Vehicle,2017,11,19,22,0,2XX COMMERCIAL DR,Grandview-Woodland,494878.6901,5458905.528
Theft from Vehicle,2017,2,20,11,9,2XX DAVIE ST,Central Business District,491126.535,5457977.488
Theft from Vehicle,2017,5,21,21,0,2XX DAVIE ST,Central Business District,491148.0351,5457944.7702
Theft from Vehicle,2017,1,13,2,0,2XX DRAKE ST,Central Business District,490994.9173,5457864.2187
Theft from Vehicle,2017,1,25,20,0,2XX DRAKE ST,Central Business District,490994.9173,5457864.2187
Theft from Vehicle,2017,10,22,13,22,2XX DUNLEVY AVE,Strathcona,493062.052,5458921.6961
Theft from Vehicle,2017,10,19,9,30,2XX DUNSMUIR ST,Central Business District,491881.103,5458641.8337
Theft from Vehicle,2017,12,26,19,50,2XX DUNSMUIR ST,Central Business District,491881.103,5458641.8337
Theft from Vehicle,2017,1,2,1,0,2XX E 11TH AVE,Mount Pleasant,492654.9572,5456483.4852
Theft from Vehicle,2017,7,30,20,24,2XX E 11TH AVE,Mount Pleasant,492729.6673,5456482.0018
Theft from Vehicle,2017,5,9,7,50,2XX E 11TH AVE,Mount Pleasant,492835.1369,5456488.8727
Theft from Vehicle,2017,9,30,0,0,2XX E 12TH AVE,Mount Pleasant,492769.4478,5456382.6233
Theft from Vehicle,2017,12,31,19,0,2XX E 13TH AVE,Mount Pleasant,492792.8104,5456280.1444
Theft from Vehicle,2017,1,4,0,0,2XX E 13TH AVE,Mount Pleasant,492798.2688,5456289.1843
Theft from Vehicle,2017,6,4,21,30,2XX E 14TH AVE,Mount Pleasant,492730.147,5456179.6562
Theft from Vehicle,2017,11,1,21,0,2XX E 14TH AVE,Mount Pleasant,492733.9669,5456179.5692
Theft from Vehicle,2017,9,18,20,0,2XX E 15TH AVE,Mount Pleasant,492814.9316,5456078.7964
Theft from Vehicle,2017,7,22,16,30,2XX E 16TH AVE,Riley Park,492680.199,5455978.5722
Theft from Vehicle,2017,8,23,22,0,2XX E 17TH AVE,Riley Park,492632.125,5455879.8874
Theft from Vehicle,2017,6,22,20,30,2XX E 17TH AVE,Riley Park,492756.4649,5455886.6238
Theft from Vehicle,2017,3,26,22,0,2XX E 18TH AVE,Riley Park,492650.4297,5455780.1744
Theft from Vehicle,2017,9,28,9,0,2XX E 18TH AVE,Riley Park,492823.1913,5455777.1304
Theft from Vehicle,2017,9,7,22,0,2XX E 19TH AVE,Riley Park,492664.9832,5455678.5002
Theft from Vehicle,2017,6,1,21,54,2XX E 1ST AVE,Mount Pleasant,492686.2493,5457484.6531
Theft from Vehicle,2017,10,30,20,30,2XX E 1ST AVE,Mount Pleasant,492686.2493,5457484.6531
Theft from Vehicle,2017,11,14,4,0,2XX E 1ST AVE,Mount Pleasant,492778.4018,5457409.1405
Theft from Vehicle,2017,4,1,17,0,2XX E 1ST AVE,Mount Pleasant,492803.0313,5457388.1772
Theft from Vehicle,2017,11,14,20,0,2XX E 1ST AVE,Strathcona,492880.2669,5457332.5253
Theft from Vehicle,2017,9,9,2,30,2XX E 20TH AVE,Riley Park,492660.6439,5455579.5229
Theft from Vehicle,2017,9,9,7,0,2XX E 20TH AVE,Riley Park,492660.6439,5455579.5229
Theft from Vehicle,2017,12,14,22,30,2XX E 20TH AVE,Riley Park,492660.6439,5455579.5229
Theft from Vehicle,2017,11,18,0,0,2XX E 20TH AVE,Riley Park,492733.3419,5455587.0299
Theft from Vehicle,2017,4,14,1,0,2XX E 24TH AVE,Riley Park,492654.215,5455176.69
Theft from Vehicle,2017,9,17,9,0,2XX E 24TH AVE,Riley Park,492654.215,5455176.69
Theft from Vehicle,2017,12,10,14,0,2XX E 24TH AVE,Riley Park,492654.215,5455176.69
Theft from Vehicle,2017,1,7,19,0,2XX E 24TH AVE,Riley Park,492780.3347,5455173.9971
Theft from Vehicle,2017,11,7,21,0,2XX E 29TH AVE,Riley Park,492627.7331,5454631.9972
Theft from Vehicle,2017,12,29,12,0,2XX E 2ND AVE,Mount Pleasant,492679.0698,5457360.5337
Theft from Vehicle,2017,11,24,16,0,2XX E 36TH AVE,Riley Park,492764.7598,5453934.6086
Theft from Vehicle,2017,2,12,20,0,2XX E 38TH AVE,Riley Park,492600.6069,5453729.5107
Theft from Vehicle,2017,9,1,18,0,2XX E 39TH AVE,Riley Park,492652.4767,5453635.0569
Theft from Vehicle,2017,3,9,19,30,2XX E 40TH AVE,Riley Park,492606.3695,5453528.5678
Theft from Vehicle,2017,4,27,23,53,2XX E 43RD AVE,Sunset,492616.4653,5453155.294
Theft from Vehicle,2017,7,29,22,0,2XX E 45TH AVE,Sunset,492610.624,5452955.7471
Theft from Vehicle,2017,9,25,4,30,2XX E 45TH AVE,Sunset,492610.624,5452955.7471
Theft from Vehicle,2017,9,10,10,0,2XX E 46TH AVE,Sunset,492723.1302,5452860.5585
Theft from Vehicle,2017,9,16,19,0,2XX E 48TH AVE,Sunset,492668.4493,5452652.567
Theft from Vehicle,2017,4,6,21,0,2XX E 49TH AVE,Sunset,492600.9225,5452540.983
Theft from Vehicle,2017,10,11,20,30,2XX E 49TH AVE,Sunset,492600.9225,5452540.983
Theft from Vehicle,2017,5,12,21,30,2XX E 50TH AVE,Sunset,492636.5492,5452445.034
Theft from Vehicle,2017,9,6,21,0,2XX E 50TH AVE,Sunset,492730.1645,5452433.1818
Theft from Vehicle,2017,10,12,15,30,2XX E 51ST AVE,Sunset,492728.7563,5452325.5136
Theft from Vehicle,2017,11,29,15,30,2XX E 51ST AVE,Sunset,492728.7563,5452325.5136
Theft from Vehicle,2017,2,27,4,30,2XX E 5TH AVE,Mount Pleasant,492673.1711,5457072.0326
Theft from Vehicle,2017,6,20,17,30,2XX E 5TH AVE,Mount Pleasant,492673.1711,5457072.0326
Theft from Vehicle,2017,10,28,12,18,2XX E 5TH AVE,Mount Pleasant,492673.1711,5457072.0326
Theft from Vehicle,2017,12,15,0,0,2XX E 5TH AVE,Mount Pleasant,492673.1711,5457072.0326
Theft from Vehicle,2017,11,13,5,15,2XX E 61ST AVE,Sunset,492711.0972,5451353.6039
Theft from Vehicle,2017,8,20,0,1,2XX E 63RD AVE,Sunset,492618.0524,5451208.9312
Theft from Vehicle,2017,2,27,0,0,2XX E 6TH AVE,Mount Pleasant,492670.2148,5456971.5223
Theft from Vehicle,2017,8,8,20,0,2XX E 6TH AVE,Mount Pleasant,492670.2148,5456971.5223
Theft from Vehicle,2017,11,18,23,30,2XX E 6TH AVE,Mount Pleasant,492670.2148,5456971.5223
Theft from Vehicle,2017,5,26,17,0,2XX E 6TH AVE,Mount Pleasant,492739.9085,5456969.2661
Theft from Vehicle,2017,7,31,18,0,2XX E 6TH AVE,Mount Pleasant,492739.9085,5456969.2661
Theft from Vehicle,2017,8,28,17,0,2XX E 6TH AVE,Mount Pleasant,492739.9085,5456969.2661
Theft from Vehicle,2017,1,5,22,0,2XX E 6TH AVE,Mount Pleasant,492791.9633,5456976.73
Theft from Vehicle,2017,3,31,21,0,2XX E 6TH AVE,Mount Pleasant,492791.9633,5456976.73
Theft from Vehicle,2017,9,1,20,0,2XX E 7TH AVE,Mount Pleasant,492666.0961,5456870.5548
Theft from Vehicle,2017,6,14,13,30,2XX E 7TH AVE,Mount Pleasant,492705.2404,5456869.455
Theft from Vehicle,2017,5,9,18,0,2XX E 7TH AVE,Mount Pleasant,492737.3296,5456877.7008
Theft from Vehicle,2017,10,10,19,0,2XX E 7TH AVE,Mount Pleasant,492737.3296,5456877.7008
Theft from Vehicle,2017,5,7,14,0,2XX E 8TH AVE,Mount Pleasant,492792.0205,5456766.8334
Theft from Vehicle,2017,12,31,22,0,2XX E 8TH AVE,Mount Pleasant,492792.0205,5456766.8334
Theft from Vehicle,2017,12,15,11,30,2XX E BROADWAY AVE,Mount Pleasant,492722.4357,5456689.4701
Theft from Vehicle,2017,4,20,9,10,2XX E CORDOVA ST,Strathcona,492755.5644,5458837.4373
Theft from Vehicle,2017,8,26,12,2,2XX E CORDOVA ST,Strathcona,492808.2006,5458835.9159
Theft from Vehicle,2017,4,9,14,0,2XX E GEORGIA ST,Strathcona,492744.755,5458423.9184
Theft from Vehicle,2017,6,11,21,30,2XX E GEORGIA ST,Strathcona,492744.755,5458423.9184
Theft from Vehicle,2017,7,30,21,10,2XX E GEORGIA ST,Strathcona,492744.755,5458423.9184
Theft from Vehicle,2017,9,13,6,52,2XX E GEORGIA ST,Strathcona,492744.755,5458423.9184
Theft from Vehicle,2017,9,29,20,30,2XX E GEORGIA ST,Strathcona,492744.755,5458423.9184
Theft from Vehicle,2017,9,30,19,30,2XX E GEORGIA ST,Strathcona,492744.755,5458423.9184
Theft from Vehicle,2017,10,19,21,57,2XX E GEORGIA ST,Strathcona,492744.755,5458423.9184
Theft from Vehicle,2017,10,22,22,0,2XX E GEORGIA ST,Strathcona,492744.755,5458423.9184
Theft from Vehicle,2017,10,23,21,0,2XX E GEORGIA ST,Strathcona,492744.755,5458423.9184
Theft from Vehicle,2017,11,29,20,0,2XX E GEORGIA ST,Strathcona,492744.755,5458423.9184
Theft from Vehicle,2017,11,30,11,30,2XX E GEORGIA ST,Strathcona,492744.755,5458423.9184
Theft from Vehicle,2017,12,3,19,41,2XX E GEORGIA ST,Strathcona,492744.755,5458423.9184
Theft from Vehicle,2017,12,12,18,30,2XX E GEORGIA ST,Strathcona,492744.755,5458423.9184
Theft from Vehicle,2017,12,20,18,0,2XX E GEORGIA ST,Strathcona,492744.755,5458423.9184
Theft from Vehicle,2017,4,22,12,40,2XX E GEORGIA ST,Strathcona,492744.9605,5458433.0601
Theft from Vehicle,2017,2,4,10,0,2XX E GEORGIA ST,Strathcona,492760.2979,5458423.5689
Theft from Vehicle,2017,1,31,20,52,2XX E GEORGIA ST,Strathcona,492764.3892,5458432.6232
Theft from Vehicle,2017,3,16,9,0,2XX E GEORGIA ST,Strathcona,492764.3892,5458432.6232
Theft from Vehicle,2017,6,3,0,0,2XX E GEORGIA ST,Strathcona,492764.3892,5458432.6232
Theft from Vehicle,2017,8,16,14,30,2XX E GEORGIA ST,Strathcona,492764.3892,5458432.6232
Theft from Vehicle,2017,9,4,13,40,2XX E GEORGIA ST,Strathcona,492764.3892,5458432.6232
Theft from Vehicle,2017,9,29,18,30,2XX E GEORGIA ST,Strathcona,492764.3892,5458432.6232
Theft from Vehicle,2017,9,29,19,30,2XX E GEORGIA ST,Strathcona,492764.3892,5458432.6232
Theft from Vehicle,2017,10,27,23,30,2XX E GEORGIA ST,Strathcona,492764.3892,5458432.6232
Theft from Vehicle,2017,11,8,10,0,2XX E GEORGIA ST,Strathcona,492764.3892,5458432.6232
Theft from Vehicle,2017,11,26,12,15,2XX E GEORGIA ST,Strathcona,492764.3892,5458432.6232
Theft from Vehicle,2017,12,2,14,58,2XX E GEORGIA ST,Strathcona,492764.3892,5458432.6232
Theft from Vehicle,2017,12,7,9,48,2XX E GEORGIA ST,Strathcona,492764.3892,5458432.6232
Theft from Vehicle,2017,12,7,20,10,2XX E GEORGIA ST,Strathcona,492764.3892,5458432.6232
Theft from Vehicle,2017,10,23,21,45,2XX E GEORGIA ST,Strathcona,492768.0694,5458423.3941
Theft from Vehicle,2017,8,24,17,0,2XX E GEORGIA ST,Strathcona,492783.8179,5458432.1863
Theft from Vehicle,2017,6,9,22,5,2XX E GEORGIA ST,Strathcona,492801.1715,5458422.6498
Theft from Vehicle,2017,5,13,22,50,2XX E GEORGIA ST,Strathcona,492820.5789,5458431.3596
Theft from Vehicle,2017,12,27,20,30,2XX E GEORGIA ST,Strathcona,492831.8944,5458421.9587
Theft from Vehicle,2017,3,25,19,30,2XX E HASTINGS ST,Strathcona,492751.4507,5458732.7678
Theft from Vehicle,2017,10,9,15,0,2XX E HASTINGS ST,Strathcona,492840.0644,5458739.6953
Theft from Vehicle,2017,8,15,17,30,2XX E HASTINGS ST,Strathcona,492855.5945,5458739.3063
Theft from Vehicle,2017,8,13,23,0,2XX E KING EDWARD AVE,Riley Park,492703.2207,5455110.1658
Theft from Vehicle,2017,5,19,12,30,2XX E PENDER ST,Strathcona,492750.3323,5458625.3598
Theft from Vehicle,2017,9,1,0,1,2XX E PENDER ST,Strathcona,492750.3323,5458625.3598
Theft from Vehicle,2017,10,15,9,30,2XX E PENDER ST,Strathcona,492750.3323,5458625.3598
Theft from Vehicle,2017,11,1,8,30,2XX E PENDER ST,Strathcona,492750.3323,5458625.3598
Theft from Vehicle,2017,11,21,8,30,2XX E PENDER ST,Strathcona,492750.3323,5458625.3598
Theft from Vehicle,2017,12,19,18,30,2XX E PENDER ST,Strathcona,492750.3323,5458625.3598
Theft from Vehicle,2017,11,11,22,0,2XX E PENDER ST,Strathcona,492757.3267,5458625.1479
Theft from Vehicle,2017,1,1,14,0,2XX E PENDER ST,Strathcona,492801.0095,5458632.9705
Theft from Vehicle,2017,8,12,22,30,2XX E PENDER ST,Strathcona,492801.0095,5458632.9705
Theft from Vehicle,2017,12,11,21,30,2XX E PENDER ST,Strathcona,492801.0095,5458632.9705
Theft from Vehicle,2017,1,1,21,30,2XX E PENDER ST,Strathcona,492805.5996,5458632.8315
Theft from Vehicle,2017,1,3,17,0,2XX E PENDER ST,Strathcona,492805.5996,5458632.8315
Theft from Vehicle,2017,1,10,16,45,2XX E PENDER ST,Strathcona,492864.3151,5458621.9016
Theft from Vehicle,2017,3,29,16,28,2XX E PENDER ST,Strathcona,492864.3151,5458621.9016
Theft from Vehicle,2017,7,19,17,23,2XX E WOODSTOCK AVE,Riley Park,492609.1312,5453423.5058
Theft from Vehicle,2017,8,1,23,0,2XX E WOODSTOCK AVE,Riley Park,492634.8257,5453431.9664
Theft from Vehicle,2017,10,23,19,30,2XX FELLOWES ST,Hastings-Sunrise,497982.8794,5459384.6354
Theft from Vehicle,2017,8,22,12,22,2XX GORE AVE,Strathcona,492898.2211,5458937.241
Theft from Vehicle,2017,12,26,16,0,2XX GRANVILLE ST,Central Business District,491800.9582,5459254.0066
Theft from Vehicle,2017,1,6,0,20,2XX GRANVILLE ST,Central Business District,491834.3586,5459287.6725
Theft from Vehicle,2017,5,15,18,0,2XX GRANVILLE ST,Central Business District,491834.3586,5459287.6725
Theft from Vehicle,2017,8,17,12,30,2XX GRANVILLE ST,Central Business District,491834.3586,5459287.6725
Theft from Vehicle,2017,3,20,9,52,2XX HEATLEY AVE,Strathcona,493498.251,5458918.4704
Theft from Vehicle,2017,5,7,19,0,2XX KAMLOOPS ST,Hastings-Sunrise,496034.9504,5458903.3686
Theft from Vehicle,2017,3,14,13,0,2XX KEEFER ST,Strathcona,492747.3889,5458525.4461
Theft from Vehicle,2017,6,18,18,30,2XX KEEFER ST,Strathcona,492747.3889,5458525.4461
Theft from Vehicle,2017,7,13,20,52,2XX KEEFER ST,Strathcona,492747.3889,5458525.4461
Theft from Vehicle,2017,6,8,21,29,2XX KEEFER ST,Strathcona,492754.9726,5458525.2227
Theft from Vehicle,2017,10,20,17,30,2XX KEEFER ST,Strathcona,492805.7824,5458523.7273
Theft from Vehicle,2017,6,9,9,30,2XX KEEFER ST,Strathcona,492812.9256,5458523.5171
Theft from Vehicle,2017,6,15,8,0,2XX KEEFER ST,Strathcona,492831.0524,5458532.1316
Theft from Vehicle,2017,8,29,8,0,2XX KEEFER ST,Strathcona,492873.6423,5458521.7303
Theft from Vehicle,2017,10,9,15,0,2XX KEEFER ST,Strathcona,492873.6423,5458521.7303
Theft from Vehicle,2017,2,21,10,0,2XX KEEFER ST,Strathcona,492873.6423,5458521.7303
Theft from Vehicle,2017,5,8,13,27,2XX KEEFER ST,Strathcona,492873.6423,5458521.7303
Theft from Vehicle,2017,4,19,0,0,2XX KINGSWAY AVE,Mount Pleasant,492830.8604,5456576.8412
Theft from Vehicle,2017,8,21,23,0,2XX KINGSWAY AVE,Mount Pleasant,492830.8604,5456576.8412
Theft from Vehicle,2017,6,18,20,0,2XX LAKEWOOD DR,Grandview-Woodland,495509.243,5458887.9891
Theft from Vehicle,2017,6,4,20,0,2XX LAKEWOOD DR,Grandview-Woodland,495517.6441,5458913.4552
Theft from Vehicle,2017,6,8,14,40,2XX MAIN ST,Central Business District,492754.3308,5458935.8423
Theft from Vehicle,2017,11,4,19,0,2XX MAIN ST,Strathcona,492762.558,5458918.0293
Theft from Vehicle,2017,1,3,1,0,2XX MAIN ST,Strathcona,492763.5584,5458937.2107
Theft from Vehicle,2017,11,11,14,23,2XX MAIN ST,Strathcona,492763.6634,5458939.2185
Theft from Vehicle,2017,4,18,16,0,2XX MCLEAN DR,Grandview-Woodland,494618.8587,5458943.6246
Theft from Vehicle,2017,7,13,12,0,2XX N GARDEN DR,Grandview-Woodland,495795.8534,5459391.6959
Theft from Vehicle,2017,7,22,12,0,2XX N GARDEN DR,Grandview-Woodland,495795.8534,5459391.6959
Theft from Vehicle,2017,3,27,0,0,2XX N NANAIMO ST,Grandview-Woodland,495884.4387,5459333.4698
Theft from Vehicle,2017,10,14,9,52,2XX N PENTICTON ST,Hastings-Sunrise,496226.1636,5459334.5405
Theft from Vehicle,2017,2,11,6,0,2XX N RENFREW ST,Hastings-Sunrise,496800.352,5459332.023
Theft from Vehicle,2017,10,11,23,0,2XX N SLOCAN ST,Hastings-Sunrise,496418.5241,5459333.2374
Theft from Vehicle,2017,5,4,21,0,2XX NELSON ST,Central Business District,491400.2448,5458156.6781
Theft from Vehicle,2017,12,8,22,0,2XX POWELL ST,Strathcona,492763.1439,5458937.7766
Theft from Vehicle,2017,12,14,12,0,2XX POWELL ST,Strathcona,492820.093,5458945.1912
Theft from Vehicle,2017,6,25,5,39,2XX POWELL ST,Strathcona,492827.5426,5458935.8162
Theft from Vehicle,2017,6,18,22,0,2XX PRINCESS AVE,Strathcona,493356.5277,5458903.1068
Theft from Vehicle,2017,4,30,15,30,2XX PRIOR ST,Strathcona,492743.6652,5458222.5311
Theft from Vehicle,2017,6,8,8,35,2XX PRIOR ST,Strathcona,492743.6652,5458222.5311
Theft from Vehicle,2017,9,24,23,30,2XX PRIOR ST,Strathcona,492743.6652,5458222.5311
Theft from Vehicle,2017,10,10,22,0,2XX PRIOR ST,Strathcona,492743.6652,5458222.5311
Theft from Vehicle,2017,10,10,22,1,2XX PRIOR ST,Strathcona,492743.6652,5458222.5311
Theft from Vehicle,2017,11,19,18,30,2XX PRIOR ST,Strathcona,492743.6652,5458222.5311
Theft from Vehicle,2017,6,30,21,30,2XX PRIOR ST,Strathcona,492821.4811,5458218.668
Theft from Vehicle,2017,12,15,22,0,2XX PRIOR ST,Strathcona,492821.4811,5458218.668
Theft from Vehicle,2017,3,28,11,0,2XX RAYMUR AVE,Strathcona,494012.0011,5458821.829
Theft from Vehicle,2017,10,8,12,0,2XX RAYMUR AVE,Strathcona,494012.0011,5458821.829
Theft from Vehicle,2017,9,30,2,0,2XX ROBSON ST,Central Business District,491615.8662,5458418.4237
Theft from Vehicle,2017,3,13,18,0,2XX ROBSON ST,Central Business District,491622.7634,5458411.6868
Theft from Vehicle,2017,2,1,17,53,2XX ROBSON ST,Central Business District,491632.9272,5458388.9769
Theft from Vehicle,2017,3,8,19,0,2XX ROBSON ST,Central Business District,491632.9272,5458388.9769
Theft from Vehicle,2017,10,3,21,30,2XX ROBSON ST,Central Business District,491632.9272,5458388.9769
Theft from Vehicle,2017,6,6,21,0,2XX SE MARINE DR,Sunset,492649.3075,5450886.6822
Theft from Vehicle,2017,2,2,19,0,2XX SEMLIN DR,Grandview-Woodland,495379.8899,5458921.1864
Theft from Vehicle,2017,10,14,15,18,2XX SW MARINE DR,Marpole,491817.4754,5450986.1005
Theft from Vehicle,2017,3,27,16,0,2XX TEMPLETON DR,Grandview-Woodland,495651.0811,5458884.9766
Theft from Vehicle,2017,6,10,14,50,2XX TERMINAL AVE,Strathcona,492953.1712,5457740.2135
Theft from Vehicle,2017,10,13,0,0,2XX UNION ST,Strathcona,492748.0568,5458325.6211
Theft from Vehicle,2017,11,16,19,7,2XX UNION ST,Strathcona,492748.0568,5458325.6211
Theft from Vehicle,2017,11,19,19,0,2XX UNION ST,Strathcona,492748.0568,5458325.6211
Theft from Vehicle,2017,12,7,21,0,2XX UNION ST,Strathcona,492748.0568,5458325.6211
Theft from Vehicle,2017,8,1,21,45,2XX UNION ST,Strathcona,492789.5897,5458333.1549
Theft from Vehicle,2017,11,2,20,0,2XX UNION ST,Strathcona,492803.5968,5458332.6097
Theft from Vehicle,2017,12,16,7,0,2XX UNION ST,Strathcona,492877.1625,5458329.7475
Theft from Vehicle,2017,1,6,17,0,2XX VICTORIA DR,Grandview-Woodland,495237.1724,5458917.9137
Theft from Vehicle,2017,6,16,17,0,2XX W 11TH AVE,Mount Pleasant,492019.5637,5456498.6984
Theft from Vehicle,2017,1,11,17,0,2XX W 11TH AVE,Mount Pleasant,492025.5028,5456498.4284
Theft from Vehicle,2017,3,16,18,0,2XX W 14TH AVE,Mount Pleasant,492019.3199,5456206.3416
Theft from Vehicle,2017,12,4,17,0,2XX W 16TH AVE,Riley Park,491995.5614,5456000.6299
Theft from Vehicle,2017,6,25,21,0,2XX W 17TH AVE,Riley Park,492007.9705,5455887.9133
Theft from Vehicle,2017,7,1,12,0,2XX W 17TH AVE,Riley Park,492007.9705,5455887.9133
Theft from Vehicle,2017,8,3,22,0,2XX W 18TH AVE,Riley Park,492004.2351,5455778.3245
Theft from Vehicle,2017,4,29,21,0,2XX W 19TH AVE,Riley Park,491918.5041,5455689.062
Theft from Vehicle,2017,11,17,21,0,2XX W 19TH AVE,Riley Park,491920.431,5455689.0012
Theft from Vehicle,2017,1,14,20,0,2XX W 19TH AVE,Riley Park,491971.1854,5455678.2516
Theft from Vehicle,2017,7,2,15,0,2XX W 1ST AVE,Mount Pleasant,492008.8677,5457518.481
Theft from Vehicle,2017,11,16,7,15,2XX W 1ST AVE,Mount Pleasant,492008.8677,5457518.481
Theft from Vehicle,2017,9,5,1,30,2XX W 23RD AVE,Riley Park,491918.8356,5455262.1254
Theft from Vehicle,2017,8,23,23,30,2XX W 23RD AVE,Riley Park,491991.1448,5455250.7192
Theft from Vehicle,2017,12,7,17,30,2XX W 23RD AVE,Riley Park,491991.1448,5455250.7192
Theft from Vehicle,2017,5,30,21,0,2XX W 45TH AVE,Oakridge,491848.8915,5452997.4529
Theft from Vehicle,2017,5,4,22,0,2XX W 63RD AVE,Marpole,491853.4386,5451189.9729
Theft from Vehicle,2017,1,13,1,0,2XX W 63RD AVE,Marpole,491881.209,5451189.2398
Theft from Vehicle,2017,4,7,23,0,2XX W 63RD AVE,Marpole,491980.1477,5451177.481
Theft from Vehicle,2017,10,12,23,0,2XX W 63RD AVE,Marpole,491988.0821,5451177.2715
Theft from Vehicle,2017,9,1,7,0,2XX W 6TH AVE,Mount Pleasant,492012.3764,5456998.0789
Theft from Vehicle,2017,6,1,17,0,2XX W 6TH AVE,Mount Pleasant,492033.2481,5456988.3378
Theft from Vehicle,2017,5,2,7,0,2XX W 70TH AVE,Marpole,491940.158,5450653.8168
Theft from Vehicle,2017,6,24,19,41,2XX W 70TH AVE,Marpole,491940.158,5450653.8168
Theft from Vehicle,2017,11,14,19,0,2XX W 70TH AVE,Marpole,491940.158,5450653.8168
Theft from Vehicle,2017,11,14,20,30,2XX W 70TH AVE,Marpole,491940.158,5450653.8168
Theft from Vehicle,2017,12,22,17,0,2XX W 7TH AVE,Mount Pleasant,491977.3608,5456890.941
Theft from Vehicle,2017,4,27,11,0,2XX W BROADWAY AVE,Mount Pleasant,492008.6996,5456717.319
Theft from Vehicle,2017,4,10,19,30,2XX W CORDOVA ST,Central Business District,492140.1128,5458933.7343
Theft from Vehicle,2017,5,31,12,0,2XX W CORDOVA ST,Central Business District,492140.1128,5458933.7343
Theft from Vehicle,2017,8,26,7,41,2XX W CORDOVA ST,Central Business District,492140.1128,5458933.7343
Theft from Vehicle,2017,2,28,17,25,2XX W HASTINGS ST,Central Business District,492023.9092,5458870.5744
Theft from Vehicle,2017,2,28,23,30,2XX W HASTINGS ST,Central Business District,492029.2172,5458878.1407
Theft from Vehicle,2017,9,8,4,0,2XX W HASTINGS ST,Central Business District,492029.2172,5458878.1407
Theft from Vehicle,2017,2,9,16,15,2XX W PENDER ST,Central Business District,491958.8371,5458790.5821
Theft from Vehicle,2017,10,10,20,40,2XX W PENDER ST,Central Business District,491958.8371,5458790.5821
Theft from Vehicle,2017,9,22,22,0,2XX W PENDER ST,Central Business District,491989.8407,5458760.7379
Theft from Vehicle,2017,8,26,17,53,2XX W WATERFRONT RD,Central Business District,492274.0631,5459171.8719
Theft from Vehicle,2017,5,19,10,46,2XX WOODLAND DR,Grandview-Woodland,494724.9658,5458928.4475
Theft from Vehicle,2017,9,29,10,0,2XX WOODLAND DR,Grandview-Woodland,494724.9658,5458928.4475
Theft from Vehicle,2017,11,23,22,0,30XX ADANAC ST,Hastings-Sunrise,497003.1817,5458304.9918
Theft from Vehicle,2017,8,14,18,0,30XX ALDER ST,Fairview,490432.3538,5456232.3897
Theft from Vehicle,2017,7,17,21,0,30XX BALACLAVA ST,Kitsilano,487332.5293,5456244.6502
Theft from Vehicle,2017,12,14,22,0,30XX BALACLAVA ST,Kitsilano,487332.7765,5456335.0758
Theft from Vehicle,2017,9,18,9,0,30XX CAMBIE ST,Fairview,491625.3636,5456169.5454
Theft from Vehicle,2017,10,30,23,0,30XX CAMBIE ST,Mount Pleasant,491635.0459,5456212.0583
Theft from Vehicle,2017,8,4,20,0,30XX CHARLES ST,Hastings-Sunrise,496989.0982,5457829.1985
Theft from Vehicle,2017,8,6,23,0,30XX COLUMBIA ST,Mount Pleasant,492028.997,5456207.2761
Theft from Vehicle,2017,9,25,16,30,30XX COMMERCIAL DR,Kensington-Cedar Cottage,494920.3802,5456072.2291
Theft from Vehicle,2017,5,20,23,0,30XX E 17TH AVE,Renfrew-Collingwood,496978.8818,5455774.9876
Theft from Vehicle,2017,5,19,0,0,30XX E 17TH AVE,Renfrew-Collingwood,497111.8223,5455773.9441
Theft from Vehicle,2017,7,8,12,0,30XX E 19TH AVE,Renfrew-Collingwood,496977.8137,5455595.2049
Theft from Vehicle,2017,8,28,12,0,30XX E 20TH AVE,Renfrew-Collingwood,496977.1686,5455504.1015
Theft from Vehicle,2017,8,5,19,0,30XX E 21ST AVE,Renfrew-Collingwood,496976.3096,5455410.0118
Theft from Vehicle,2017,6,30,10,0,30XX E 21ST AVE,Renfrew-Collingwood,496979.8603,5455419.1462
Theft from Vehicle,2017,5,28,21,0,30XX E 21ST AVE,Renfrew-Collingwood,497110.2934,5455409.6489
Theft from Vehicle,2017,3,9,18,45,30XX E 22ND AVE,Renfrew-Collingwood,496973.6291,5455312.6181
Theft from Vehicle,2017,10,20,16,0,30XX E 22ND AVE,Renfrew-Collingwood,496973.6291,5455312.6181
Theft from Vehicle,2017,3,17,13,0,30XX E 22ND AVE,Renfrew-Collingwood,497055.3002,5455321.3544
Theft from Vehicle,2017,5,17,0,0,30XX E 24TH AVE,Renfrew-Collingwood,497079.7631,5455105.63
Theft from Vehicle,2017,6,16,21,30,30XX E 24TH AVE,Renfrew-Collingwood,497100.7426,5455105.72
Theft from Vehicle,2017,6,16,15,0,30XX E 28TH AVE,Renfrew-Collingwood,497038.6569,5454741.8584
Theft from Vehicle,2017,10,3,21,0,30XX E 28TH AVE,Renfrew-Collingwood,497097.9072,5454732.3202
Theft from Vehicle,2017,12,6,23,0,30XX E 29TH AVE,Renfrew-Collingwood,496933.3173,5454637.979
Theft from Vehicle,2017,12,10,22,30,30XX E 29TH AVE,Renfrew-Collingwood,497019.0753,5454637.3332
Theft from Vehicle,2017,10,24,22,0,30XX E 29TH AVE,Renfrew-Collingwood,497020.9926,5454646.4631
Theft from Vehicle,2017,11,30,0,0,30XX E 2ND AVE,Hastings-Sunrise,497022.3193,5457297.59
Theft from Vehicle,2017,5,30,15,45,30XX E 49TH AVE,Killarney,496983.6548,5452433.1022
Theft from Vehicle,2017,12,10,20,30,30XX E 4TH AVE,Hastings-Sunrise,496992.3225,5457104.7489
Theft from Vehicle,2017,4,10,22,0,30XX E 4TH AVE,Hastings-Sunrise,497072.9345,5457104.5097
Theft from Vehicle,2017,7,25,12,22,30XX E 59TH AVE,Killarney,496762.2491,5451584.2999
Theft from Vehicle,2017,7,26,4,47,30XX E 59TH AVE,Killarney,496762.2491,5451584.2999
Theft from Vehicle,2017,8,13,4,41,30XX E 59TH AVE,Killarney,496771.0405,5451579.0808
Theft from Vehicle,2017,2,4,22,0,30XX E 5TH AVE,Hastings-Sunrise,497078.9133,5456987.2194
Theft from Vehicle,2017,7,31,22,0,30XX E 6TH AVE,Hastings-Sunrise,497001.1552,5456881.7921
Theft from Vehicle,2017,10,22,21,0,30XX E 6TH AVE,Hastings-Sunrise,497064.0069,5456890.6224
Theft from Vehicle,2017,9,4,16,30,30XX E 7TH AVE,Hastings-Sunrise,497010.7041,5456783.5908
Theft from Vehicle,2017,8,22,22,0,30XX E 7TH AVE,Hastings-Sunrise,497052.5035,5456783.3151
Theft from Vehicle,2017,9,8,12,0,30XX E BROADWAY AVE,Hastings-Sunrise,497097.5736,5456576.0307
Theft from Vehicle,2017,8,4,20,0,30XX E GEORGIA ST,Hastings-Sunrise,496990.1119,5458386.2692
Theft from Vehicle,2017,12,5,9,6,30XX E GEORGIA ST,Hastings-Sunrise,496990.1119,5458386.2692
Theft from Vehicle,2017,8,20,14,0,30XX E GEORGIA ST,Hastings-Sunrise,497066.6213,5458386.2063
Theft from Vehicle,2017,6,11,23,0,30XX E GEORGIA ST,Hastings-Sunrise,497132.2007,5458386.1523
Theft from Vehicle,2017,12,3,20,0,30XX E KENT AVE N,Killarney,496784.8536,5450446.0664
Theft from Vehicle,2017,12,3,23,0,30XX E KENT AVE N,Killarney,496784.8536,5450446.0664
Theft from Vehicle,2017,8,13,19,0,30XX E KENT AVE N,Killarney,496879.833,5450449.5893
Theft from Vehicle,2017,11,1,0,1,30XX E PENDER ST,Hastings-Sunrise,496990.9934,5458601.7117
Theft from Vehicle,2017,11,22,1,0,30XX E PENDER ST,Hastings-Sunrise,496990.9934,5458601.7117
Theft from Vehicle,2017,12,18,19,30,30XX E PENDER ST,Hastings-Sunrise,496994.7813,5458601.6966
Theft from Vehicle,2017,8,3,0,0,30XX EUCLID AVE,Renfrew-Collingwood,496940.2976,5454112.3674
Theft from Vehicle,2017,11,12,19,0,30XX EUCLID AVE,Renfrew-Collingwood,497117.3727,5454002.8814
Theft from Vehicle,2017,6,1,20,0,30XX FIR ST,Fairview,489729.1519,5456251.0933
Theft from Vehicle,2017,3,23,21,0,30XX GLEN DR,Mount Pleasant,494075.7151,5456088.7888
Theft from Vehicle,2017,2,6,11,0,30XX GRANDVIEW HWY,Renfrew-Collingwood,497049.3408,5456157.4725
Theft from Vehicle,2017,6,23,21,0,30XX GRANT ST,Hastings-Sunrise,497138.4711,5457626.3161
Theft from Vehicle,2017,3,15,11,0,30XX GRANVILLE ST,Fairview,489910.4263,5456247.0998
Theft from Vehicle,2017,11,17,17,0,30XX GRAVELEY ST,Hastings-Sunrise,497141.1579,5457511.4519
Theft from Vehicle,2017,9,21,21,40,30XX HORLEY ST,Renfrew-Collingwood,496831.4579,5453955.7593
Theft from Vehicle,2017,2,9,17,0,30XX KINGS AVE,Renfrew-Collingwood,496868.5366,5454536.0798
Theft from Vehicle,2017,7,30,7,0,30XX KINGS AVE,Renfrew-Collingwood,496868.5366,5454536.0798
Theft from Vehicle,2017,11,19,23,0,30XX KINGS AVE,Renfrew-Collingwood,496868.5366,5454536.0798
Theft from Vehicle,2017,6,2,22,0,30XX KINGS AVE,Renfrew-Collingwood,496900.4434,5454516.549
Theft from Vehicle,2017,11,19,18,30,30XX KINGS AVE,Renfrew-Collingwood,497059.9346,5454414.9441
Theft from Vehicle,2017,9,8,20,35,30XX KINGSWAY AVE,Renfrew-Collingwood,496918.018,5453680.8269
Theft from Vehicle,2017,12,23,18,0,30XX KINGSWAY AVE,Renfrew-Collingwood,496923.2553,5453689.3071
Theft from Vehicle,2017,12,29,14,0,30XX KINGSWAY AVE,Renfrew-Collingwood,496923.2553,5453689.3071
Theft from Vehicle,2017,9,16,17,0,30XX KINGSWAY AVE,Renfrew-Collingwood,496986.9447,5453670.8351
Theft from Vehicle,2017,3,12,10,14,30XX KINGSWAY AVE,Renfrew-Collingwood,497078.1448,5453664.9388
Theft from Vehicle,2017,4,21,9,49,30XX KINGSWAY AVE,Renfrew-Collingwood,497078.1448,5453664.9388
Theft from Vehicle,2017,5,6,0,0,30XX KINGSWAY AVE,Renfrew-Collingwood,497078.1448,5453664.9388
Theft from Vehicle,2017,5,14,16,0,30XX KINGSWAY AVE,Renfrew-Collingwood,497078.1448,5453664.9388
Theft from Vehicle,2017,11,13,0,0,30XX KINGSWAY AVE,Renfrew-Collingwood,497078.1448,5453664.9388
Theft from Vehicle,2017,11,13,1,41,30XX KINGSWAY AVE,Renfrew-Collingwood,497078.1448,5453664.9388
Theft from Vehicle,2017,10,2,18,30,30XX KINGSWAY AVE,Renfrew-Collingwood,497081.0336,5453655.0891
Theft from Vehicle,2017,11,8,22,0,30XX KINGSWAY AVE,Renfrew-Collingwood,497081.0336,5453655.0891
Theft from Vehicle,2017,8,22,18,0,30XX KITCHENER ST,Hastings-Sunrise,497159.7002,5457730.3321
Theft from Vehicle,2017,6,3,20,0,30XX KNIGHT ST,Mount Pleasant,494442.2404,5456065.6352
Theft from Vehicle,2017,2,3,21,0,30XX LAUREL ST,Fairview,490946.4997,5456144.7302
Theft from Vehicle,2017,11,7,22,42,30XX MAIN ST,Mount Pleasant,492645.7523,5456182.9742
Theft from Vehicle,2017,9,14,0,0,30XX NANAIMO ST,Renfrew-Collingwood,495884.2223,5456053.5662
Theft from Vehicle,2017,8,14,13,0,30XX OAK ST,Fairview,490757.4449,5456137.1427
Theft from Vehicle,2017,6,29,18,55,30XX OAK ST,Fairview,490780.0243,5456190.4598
Theft from Vehicle,2017,9,9,10,14,30XX ONTARIO ST,Mount Pleasant,492356.8446,5456185.6424
Theft from Vehicle,2017,10,4,17,0,30XX POINT GREY RD,Kitsilano,487384.855,5457604.3965
Theft from Vehicle,2017,2,20,20,45,30XX PRINCE EDWARD ST,Mount Pleasant,492987.4329,5456098.4605
Theft from Vehicle,2017,1,9,9,0,30XX PRINCE EDWARD ST,Mount Pleasant,492987.4896,5456100.734
Theft from Vehicle,2017,3,21,22,0,30XX QUEBEC ST,Mount Pleasant,492487.3249,5456165.6223
Theft from Vehicle,2017,12,9,18,30,30XX SCHOOL AVE,Renfrew-Collingwood,496879.0504,5453615.9121
Theft from Vehicle,2017,10,13,14,45,30XX SE MARINE DR,Killarney,496726.7233,5450552.6287
Theft from Vehicle,2017,5,2,12,15,30XX SLOCAN ST,Renfrew-Collingwood,496391.472,5455969.5571
Theft from Vehicle,2017,6,2,13,25,30XX SLOCAN ST,Renfrew-Collingwood,496391.472,5455969.5571
Theft from Vehicle,2017,5,10,21,0,30XX STEPHENS ST,Kitsilano,487895.8578,5456320.8627
Theft from Vehicle,2017,2,24,22,0,30XX VENABLES ST,Hastings-Sunrise,497111.0283,5458182.2398
Theft from Vehicle,2017,3,4,17,0,30XX VENABLES ST,Hastings-Sunrise,497159.0618,5458191.4653
Theft from Vehicle,2017,10,19,21,0,30XX W 13TH AVE,Kitsilano,487467.5831,5456429.109
Theft from Vehicle,2017,10,29,17,0,30XX W 13TH AVE,Kitsilano,487467.5831,5456429.109
Theft from Vehicle,2017,12,23,21,0,30XX W 13TH AVE,Kitsilano,487467.5831,5456429.109
Theft from Vehicle,2017,11,10,5,0,30XX W 14TH AVE,Kitsilano,487389.2409,5456331.1398
Theft from Vehicle,2017,2,9,17,0,30XX W 14TH AVE,Kitsilano,487411.0375,5456339.9654
Theft from Vehicle,2017,1,14,18,30,30XX W 19TH AVE,Arbutus Ridge,487409.0755,5455872.4687
Theft from Vehicle,2017,8,5,14,7,30XX W 20TH AVE,Arbutus Ridge,487398.6161,5455771.8026
Theft from Vehicle,2017,10,5,10,16,30XX W 33RD AVE,Dunbar-Southlands,487331.533,5454415.5405
Theft from Vehicle,2017,5,11,1,0,30XX W 3RD AVE,Kitsilano,487456.4433,5457404.6157
Theft from Vehicle,2017,8,2,19,0,30XX W 4TH AVE,Kitsilano,487385.7302,5457308.0643
Theft from Vehicle,2017,2,20,19,0,30XX W 4TH AVE,Kitsilano,487453.9152,5457306.9247
Theft from Vehicle,2017,6,11,15,0,30XX W 8TH AVE,Kitsilano,487466.4765,5456929.0942
Theft from Vehicle,2017,9,15,16,0,30XX W 8TH AVE,Kitsilano,487466.4765,5456929.0942
Theft from Vehicle,2017,2,26,13,0,30XX W BROADWAY AVE,Kitsilano,487477.5775,5456829.5597
Theft from Vehicle,2017,12,13,12,0,30XX WELLINGTON AVE,Renfrew-Collingwood,497041.9442,5454625.8318
Theft from Vehicle,2017,11,25,17,0,30XX WILLOW ST,Fairview,491125.9348,5456212.913
Theft from Vehicle,2017,5,20,21,30,30XX WINDERMERE ST,Renfrew-Collingwood,497345.4616,5456023.0768
Theft from Vehicle,2017,6,21,23,0,31XX ALBERTA ST,Mount Pleasant,491909.9629,5456108.4787
Theft from Vehicle,2017,10,7,18,0,31XX ALMA ST,Kitsilano,486466.5752,5456255.72
Theft from Vehicle,2017,5,8,19,30,31XX ASH ST,Fairview,491399.9472,5456033.0525
Theft from Vehicle,2017,7,8,14,0,31XX CAMBIE ST,Mount Pleasant,491633.1503,5456062.4291
Theft from Vehicle,2017,3,2,16,10,31XX CAROLINA ST,Mount Pleasant,493323.4757,5456053.9174
Theft from Vehicle,2017,5,30,20,30,31XX COLUMBIA ST,Mount Pleasant,492026.6343,5456104.6446
Theft from Vehicle,2017,5,5,20,33,31XX DIEPPE DR,Renfrew-Collingwood,497972.112,5456053.2465
Theft from Vehicle,2017,2,19,23,0,31XX DIEPPE DR,Renfrew-Collingwood,497999.2893,5456016.3152
Theft from Vehicle,2017,5,28,21,0,31XX DUNBAR ST,Kitsilano,486615.2051,5456221.6647
Theft from Vehicle,2017,10,9,10,0,31XX E 14TH AVE,Renfrew-Collingwood,497243.8172,5456054.5338
Theft from Vehicle,2017,8,28,17,30,31XX E 16TH AVE,Renfrew-Collingwood,497200.3904,5455864.0105
Theft from Vehicle,2017,8,12,18,0,31XX E 18TH AVE,Renfrew-Collingwood,497213.7366,5455698.3308
Theft from Vehicle,2017,8,18,12,0,31XX E 20TH AVE,Renfrew-Collingwood,497160.3463,5455503.4398
Theft from Vehicle,2017,12,10,17,0,31XX E 20TH AVE,Renfrew-Collingwood,497268.9933,5455503.1147
Theft from Vehicle,2017,6,13,21,0,31XX E 21ST AVE,Renfrew-Collingwood,497278.8935,5455409.1711
Theft from Vehicle,2017,6,15,16,20,31XX E 27TH AVE,Renfrew-Collingwood,497272.7956,5454827.5634
Theft from Vehicle,2017,11,23,21,45,31XX E 28TH AVE,Renfrew-Collingwood,497174.8774,5454731.7408
Theft from Vehicle,2017,11,8,9,0,31XX E 29TH AVE,Renfrew-Collingwood,497173.4023,5454644.8055
Theft from Vehicle,2017,11,18,9,0,31XX E 29TH AVE,Renfrew-Collingwood,497173.4023,5454644.8055
Theft from Vehicle,2017,7,30,12,0,31XX E 2ND AVE,Hastings-Sunrise,497170.4705,5457297.3755
Theft from Vehicle,2017,3,6,15,0,31XX E 2ND AVE,Hastings-Sunrise,497209.2085,5457306.4603
Theft from Vehicle,2017,10,28,18,0,31XX E 3RD AVE,Hastings-Sunrise,497218.5733,5457197.2621
Theft from Vehicle,2017,11,15,19,30,31XX E 3RD AVE,Hastings-Sunrise,497303.1832,5457206.0415
Theft from Vehicle,2017,11,18,19,0,31XX E 45TH AVE,Killarney,497029.5209,5452940.3173
Theft from Vehicle,2017,2,12,18,0,31XX E 45TH AVE,Killarney,497191.5553,5452948.3233
Theft from Vehicle,2017,7,8,17,0,31XX E 46TH AVE,Killarney,497136.4899,5452847.8574
Theft from Vehicle,2017,6,20,22,0,31XX E 48TH AVE,Killarney,497041.0086,5452517.274
Theft from Vehicle,2017,8,2,4,0,31XX E 48TH AVE,Killarney,497041.0086,5452517.274
Theft from Vehicle,2017,6,30,22,0,31XX E 49TH AVE,Killarney,497012.7586,5452432.7687
Theft from Vehicle,2017,9,5,21,22,31XX E 51ST AVE,Killarney,497022.7273,5452244.7198
Theft from Vehicle,2017,10,18,21,30,31XX E 51ST AVE,Killarney,497123.9319,5452242.7096
Theft from Vehicle,2017,10,7,12,36,31XX E 52ND AVE,Killarney,497031.9832,5452137.6682
Theft from Vehicle,2017,10,6,18,0,31XX E 52ND AVE,Killarney,497141.6022,5452136.5907
Theft from Vehicle,2017,6,11,15,24,31XX E 58TH AVE,Killarney,497096.5006,5451595.1652
Theft from Vehicle,2017,8,27,21,0,31XX E 58TH AVE,Killarney,497175.4081,5451598.3384
Theft from Vehicle,2017,4,2,17,0,31XX E 63RD AVE,Killarney,496995.017,5451143.5659
Theft from Vehicle,2017,10,22,20,0,31XX E 8TH AVE,Hastings-Sunrise,497202.4236,5456679.9615
Theft from Vehicle,2017,5,14,20,0,31XX E GEORGIA ST,Hastings-Sunrise,497183.3552,5458395.3041
Theft from Vehicle,2017,7,23,21,0,31XX FIR ST,Fairview,489726.3264,5456148.6168
Theft from Vehicle,2017,1,21,15,0,31XX GRANDVIEW HWY,Renfrew-Collingwood,497311.413,5456155.9402
Theft from Vehicle,2017,1,29,16,0,31XX GRANDVIEW HWY,Renfrew-Collingwood,497311.413,5456155.9402
Theft from Vehicle,2017,2,11,11,0,31XX GRANDVIEW HWY,Renfrew-Collingwood,497311.413,5456155.9402
Theft from Vehicle,2017,4,2,8,30,31XX GRANDVIEW HWY,Renfrew-Collingwood,497311.413,5456155.9402
Theft from Vehicle,2017,5,5,14,30,31XX GRANDVIEW HWY,Renfrew-Collingwood,497311.413,5456155.9402
Theft from Vehicle,2017,8,28,12,0,31XX GRANDVIEW HWY,Renfrew-Collingwood,497311.413,5456155.9402
Theft from Vehicle,2017,7,19,20,0,31XX HEATHER ST,Fairview,491263.4306,5456033.7603
Theft from Vehicle,2017,8,25,12,0,31XX IVANHOE ST,Renfrew-Collingwood,497155.312,5453553.3606
Theft from Vehicle,2017,6,16,18,45,31XX KINGS AVE,Renfrew-Collingwood,497138.9353,5454366.1507
Theft from Vehicle,2017,8,2,13,30,31XX KINGS AVE,Renfrew-Collingwood,497221.6797,5454314.4855
Theft from Vehicle,2017,8,22,23,0,31XX KINGS AVE,Renfrew-Collingwood,497252.7061,5454294.9946
Theft from Vehicle,2017,10,6,22,30,31XX KINGSWAY AVE,Renfrew-Collingwood,497121.1769,5453647.1963
Theft from Vehicle,2017,9,22,8,45,31XX KINGSWAY AVE,Renfrew-Collingwood,497133.7368,5453651.7472
Theft from Vehicle,2017,7,11,0,0,31XX LAUREL ST,Fairview,490954.2932,5456065.8664
Theft from Vehicle,2017,8,27,16,30,31XX LAUREL ST,Fairview,490954.2932,5456065.8664
Theft from Vehicle,2017,12,31,14,0,31XX MAIN ST,Mount Pleasant,492640.7764,5456082.0355
Theft from Vehicle,2017,8,18,18,30,31XX MILLER DR,Hastings-Sunrise,497139.1882,5459126.7286
Theft from Vehicle,2017,8,23,11,0,31XX PARKER ST,Hastings-Sunrise,497330.3192,5458074.4872
Theft from Vehicle,2017,2,27,18,30,31XX PIERVIEW CRES,Killarney,497158.5995,5450487.8759
Theft from Vehicle,2017,3,4,23,30,31XX PIERVIEW CRES,Killarney,497210.1677,5450438.4905
Theft from Vehicle,2017,7,12,19,0,31XX POINT GREY RD,Kitsilano,487356.9716,5457605.7093
Theft from Vehicle,2017,12,16,15,0,31XX POINT GREY RD,Kitsilano,487356.9716,5457605.7093
Theft from Vehicle,2017,12,16,21,0,31XX POINT GREY RD,Kitsilano,487356.9716,5457605.7093
Theft from Vehicle,2017,5,7,22,0,31XX QUEBEC ST,Mount Pleasant,492495.3223,5456066.4725
Theft from Vehicle,2017,5,1,23,0,31XX QUEBEC ST,Mount Pleasant,492496.2561,5456088.5714
Theft from Vehicle,2017,11,21,16,51,31XX QUEENS AVE,Renfrew-Collingwood,497058.6623,5454476.7217
Theft from Vehicle,2017,12,6,22,30,31XX QUEENS AVE,Renfrew-Collingwood,497138.8533,5454436.6398
Theft from Vehicle,2017,6,22,12,0,31XX RENFREW ST,Renfrew-Collingwood,496763.5288,5455932.2031
Theft from Vehicle,2017,10,13,22,0,31XX RIVERWALK AVE,Killarney,496932.194,5450372.4375
Theft from Vehicle,2017,10,26,0,0,31XX RIVERWALK AVE,Killarney,496932.194,5450372.4375
Theft from Vehicle,2017,4,1,1,0,31XX SCHOOL AVE,Renfrew-Collingwood,497114.0099,5453481.9057
Theft from Vehicle,2017,8,3,13,26,31XX STANLEY PARK DR,Stanley Park,490611.389,5461095.3106
Theft from Vehicle,2017,9,4,19,0,31XX STANLEY PARK DR,Stanley Park,490611.389,5461095.3106
Theft from Vehicle,2017,6,19,17,0,31XX THREE CEDARS DR,Killarney,497738.1186,5451141.981
Theft from Vehicle,2017,10,1,0,0,31XX TURNER ST,Hastings-Sunrise,497213.5385,5458486.1299
Theft from Vehicle,2017,4,1,22,30,31XX VINE ST,Kitsilano,488514.7524,5456091.457
Theft from Vehicle,2017,12,1,0,0,31XX W 10TH AVE,Kitsilano,487318.5098,5456736.9799
Theft from Vehicle,2017,11,16,0,1,31XX W 14TH AVE,Kitsilano,487198.3789,5456344.523
Theft from Vehicle,2017,5,31,23,0,31XX W 14TH AVE,Kitsilano,487323.9065,5456332.1438
Theft from Vehicle,2017,12,23,4,40,31XX W 14TH AVE,Kitsilano,487323.9065,5456332.1438
Theft from Vehicle,2017,12,23,20,0,31XX W 14TH AVE,Kitsilano,487323.9065,5456332.1438
Theft from Vehicle,2017,11,15,22,0,31XX W 15TH AVE,Kitsilano,487318.3436,5456239.9982
Theft from Vehicle,2017,6,23,21,0,31XX W 24TH AVE,Dunbar-Southlands,487226.869,5455380.2757
Theft from Vehicle,2017,10,26,21,0,31XX W 26TH AVE,Dunbar-Southlands,487312.7079,5455143.2127
Theft from Vehicle,2017,11,26,6,0,31XX W 28TH AVE,Dunbar-Southlands,487306.7252,5454942.2739
Theft from Vehicle,2017,9,13,23,0,31XX W 28TH AVE,Dunbar-Southlands,487310.4921,5454933.0946
Theft from Vehicle,2017,6,27,18,0,31XX W 42ND AVE,Kerrisdale,487301.5892,5453452.8269
Theft from Vehicle,2017,5,17,19,30,31XX W 43RD AVE,Kerrisdale,487265.9936,5453353.2709
Theft from Vehicle,2017,5,13,7,15,31XX W 4TH AVE,Kitsilano,487256.3334,5457309.9422
Theft from Vehicle,2017,4,25,18,0,31XX W 4TH AVE,Kitsilano,487269.971,5457318.8985
Theft from Vehicle,2017,3,13,16,0,31XX W 7TH AVE,Kitsilano,487287.9482,5457032.0029
Theft from Vehicle,2017,12,25,0,0,31XX W 8TH AVE,Kitsilano,487228.463,5456933.1585
Theft from Vehicle,2017,10,5,15,30,31XX W BROADWAY AVE,Kitsilano,487217.0627,5456836.6743
Theft from Vehicle,2017,7,21,18,0,31XX W BROADWAY AVE,Kitsilano,487331.789,5456842.7892
Theft from Vehicle,2017,3,23,7,0,31XX W KING EDWARD AVE,Dunbar-Southlands,487334.8319,5455279.2323
Theft from Vehicle,2017,11,9,22,0,31XX WATERLOO ST,Kitsilano,486908.5361,5456193.3953
Theft from Vehicle,2017,2,26,23,0,31XX WAVERLEY AVE,Killarney,497015.5135,5452685.0703
Theft from Vehicle,2017,9,22,18,0,31XX WAVERLEY AVE,Killarney,497015.5135,5452685.0703
Theft from Vehicle,2017,7,25,22,30,31XX YUKON ST,Mount Pleasant,491761.7796,5456040.2095
Theft from Vehicle,2017,6,5,19,0,31XX YUKON ST,Mount Pleasant,491761.8882,5456042.2372
Theft from Vehicle,2017,5,22,22,0,31XX YUKON ST,Mount Pleasant,491775.1229,5456118.589
Theft from Vehicle,2017,11,20,22,0,32XX ADANAC ST,Hastings-Sunrise,497399.5183,5458305.365
Theft from Vehicle,2017,6,1,11,25,32XX ASH ST,South Cambie,491399.1525,5456001.8877
Theft from Vehicle,2017,9,30,12,49,32XX ASH ST,South Cambie,491408.8726,5456024.9977
Theft from Vehicle,2017,6,11,0,0,32XX AUSTREY AVE,Renfrew-Collingwood,497282.9809,5454002.8442
Theft from Vehicle,2017,6,3,0,0,32XX AUSTREY AVE,Renfrew-Collingwood,497303.176,5453990.6136
Theft from Vehicle,2017,11,8,20,0,32XX AUSTREY AVE,Renfrew-Collingwood,497336.7631,5453980.9628
Theft from Vehicle,2017,6,12,14,0,32XX AUSTREY AVE,Renfrew-Collingwood,497385.8084,5453951.26
Theft from Vehicle,2017,10,12,18,0,32XX CLIVE AVE,Renfrew-Collingwood,497299.71,5454107.8868
Theft from Vehicle,2017,11,12,15,0,32XX COMMERCIAL DR,Kensington-Cedar Cottage,494949.295,5455891.0042
Theft from Vehicle,2017,12,23,13,45,32XX E 14TH AVE,Renfrew-Collingwood,497402.0803,5456050.1062
Theft from Vehicle,2017,11,26,15,0,32XX E 14TH AVE,Renfrew-Collingwood,497507.515,5456057.6366
Theft from Vehicle,2017,5,27,22,0,32XX E 16TH AVE,Renfrew-Collingwood,497344.2427,5455863.3092
Theft from Vehicle,2017,7,20,20,0,32XX E 16TH AVE,Renfrew-Collingwood,497516.1372,5455862.3946
Theft from Vehicle,2017,9,16,0,30,32XX E 16TH AVE,Renfrew-Collingwood,497527.6289,5455871.4775
Theft from Vehicle,2017,6,23,0,1,32XX E 16TH AVE,Renfrew-Collingwood,497527.6289,5455871.4775
Theft from Vehicle,2017,10,18,0,5,32XX E 17TH AVE,Renfrew-Collingwood,497343.7721,5455771.8761
Theft from Vehicle,2017,8,17,12,0,32XX E 19TH AVE,Renfrew-Collingwood,497507.5963,5455602.584
Theft from Vehicle,2017,7,16,8,0,32XX E 22ND AVE,Renfrew-Collingwood,497340.8209,5455310.9936
Theft from Vehicle,2017,7,28,21,0,32XX E 22ND AVE,Renfrew-Collingwood,497340.8209,5455310.9936
Theft from Vehicle,2017,12,24,1,0,32XX E 22ND AVE,Renfrew-Collingwood,497340.8209,5455310.9936
Theft from Vehicle,2017,1,7,14,0,32XX E 22ND AVE,Renfrew-Collingwood,497401.0465,5455311.0748
Theft from Vehicle,2017,10,26,11,59,32XX E 22ND AVE,Renfrew-Collingwood,497506.8988,5455311.2209
Theft from Vehicle,2017,11,26,17,0,32XX E 22ND AVE,Renfrew-Collingwood,497513.967,5455311.2334
Theft from Vehicle,2017,11,14,14,0,32XX E 23RD AVE,Renfrew-Collingwood,497495.1701,5455215.1623
Theft from Vehicle,2017,9,7,19,0,32XX E 23RD AVE,Renfrew-Collingwood,497529.5822,5455205.7557
Theft from Vehicle,2017,12,17,17,9,32XX E 25TH AVE,Renfrew-Collingwood,497338.7932,5455005.6654
Theft from Vehicle,2017,3,8,19,30,32XX E 26TH AVE,Renfrew-Collingwood,497338.2511,5454922.3068
Theft from Vehicle,2017,11,14,0,0,32XX E 27TH AVE,Renfrew-Collingwood,497503.2557,5454834.6824
Theft from Vehicle,2017,5,19,16,0,32XX E 28TH AVE,Renfrew-Collingwood,497340.8887,5454730.1136
Theft from Vehicle,2017,4,3,18,0,32XX E 28TH AVE,Renfrew-Collingwood,497341.0068,5454739.2569
Theft from Vehicle,2017,10,29,22,30,32XX E 29TH AVE,Renfrew-Collingwood,497309.0206,5454634.5906
Theft from Vehicle,2017,11,5,1,0,32XX E 29TH AVE,Renfrew-Collingwood,497309.0206,5454634.5906
Theft from Vehicle,2017,10,27,18,0,32XX E 29TH AVE,Renfrew-Collingwood,497468.4346,5454642.8418
Theft from Vehicle,2017,10,6,19,0,32XX E 3RD AVE,Hastings-Sunrise,497449.7136,5457205.374
Theft from Vehicle,2017,8,10,0,1,32XX E 43RD AVE,Killarney,497344.017,5453141.9163
Theft from Vehicle,2017,11,9,17,0,32XX E 44TH AVE,Killarney,497459.4804,5453048.678
Theft from Vehicle,2017,9,22,22,0,32XX E 46TH AVE,Killarney,497358.0587,5452845.768
Theft from Vehicle,2017,8,22,4,0,32XX E 51ST AVE,Killarney,497199.8822,5452231.0675
Theft from Vehicle,2017,6,8,12,30,32XX E 53RD AVE,Killarney,497162.2401,5452050.3623
Theft from Vehicle,2017,5,25,18,40,32XX E 58TH AVE,Killarney,497225.6308,5451601.6237
Theft from Vehicle,2017,5,30,1,0,32XX E 58TH AVE,Killarney,497354.6157,5451608.985
Theft from Vehicle,2017,6,21,0,0,32XX E 5TH AVE,Hastings-Sunrise,497491.4627,5456985.1921
Theft from Vehicle,2017,3,7,9,30,32XX E 62ND AVE,Killarney,497313.378,5451196.6702
Theft from Vehicle,2017,5,18,0,30,32XX E 7TH AVE,Hastings-Sunrise,497348.2741,5456781.2467
Theft from Vehicle,2017,11,13,14,48,32XX E 7TH AVE,Hastings-Sunrise,497480.0516,5456789.5391
Theft from Vehicle,2017,1,30,8,45,32XX E BROADWAY AVE,Renfrew-Collingwood,497345.9724,5456566.4068
Theft from Vehicle,2017,12,26,1,30,32XX E BROADWAY AVE,Renfrew-Collingwood,497345.9724,5456566.4068
Theft from Vehicle,2017,12,27,3,46,32XX E BROADWAY AVE,Renfrew-Collingwood,497345.9724,5456566.4068
Theft from Vehicle,2017,8,8,18,0,32XX FIR ST,Shaughnessy,489723.269,5456045.3863
Theft from Vehicle,2017,4,24,22,30,32XX FLEMING ST,Kensington-Cedar Cottage,494836.8238,5455918.0565
Theft from Vehicle,2017,11,18,23,30,32XX FRASER ST,Riley Park,493456.6319,5455932.9939
Theft from Vehicle,2017,10,11,17,0,32XX GARDEN DR,Kensington-Cedar Cottage,495763.3898,5455827.5873
Theft from Vehicle,2017,3,12,16,0,32XX GRAVELEY ST,Hastings-Sunrise,497358.0518,5457509.8889
Theft from Vehicle,2017,3,16,13,3,32XX KINGSWAY AVE,Renfrew-Collingwood,497247.3715,5453579.9543
Theft from Vehicle,2017,12,8,19,15,32XX KINGSWAY AVE,Renfrew-Collingwood,497247.3715,5453579.9543
Theft from Vehicle,2017,12,16,14,30,32XX KINGSWAY AVE,Renfrew-Collingwood,497328.1682,5453523.3066
Theft from Vehicle,2017,9,15,19,0,32XX KINGSWAY AVE,Renfrew-Collingwood,497337.6597,5453527.7066
Theft from Vehicle,2017,11,9,3,30,32XX KINGSWAY AVE,Renfrew-Collingwood,497377.0373,5453499.0336
Theft from Vehicle,2017,7,4,15,37,32XX KITCHENER ST,Hastings-Sunrise,497356.2194,5457720.7512
Theft from Vehicle,2017,3,20,1,0,32XX KITCHENER ST,Hastings-Sunrise,497460.7065,5457720.4885
Theft from Vehicle,2017,7,12,1,0,32XX MARMION AVE,Killarney,497277.3054,5453196.1832
Theft from Vehicle,2017,12,14,23,0,32XX MARMION AVE,Killarney,497277.3054,5453196.1832
Theft from Vehicle,2017,3,8,19,21,32XX MARMION AVE,Killarney,497335.6757,5453195.7355
Theft from Vehicle,2017,5,29,0,0,32XX MATAPAN CRES,Renfrew-Collingwood,497791.5858,5456007.956
Theft from Vehicle,2017,11,21,18,0,32XX MATAPAN CRES,Renfrew-Collingwood,497794.3732,5455945.4838
Theft from Vehicle,2017,2,13,23,0,32XX NAPIER ST,Hastings-Sunrise,497362.1818,5458018.902
Theft from Vehicle,2017,2,19,18,0,32XX NAPIER ST,Hastings-Sunrise,497438.3903,5458018.9691
Theft from Vehicle,2017,6,23,23,0,32XX NAPIER ST,Hastings-Sunrise,497529.8404,5458019.0495
Theft from Vehicle,2017,6,27,8,0,32XX ONTARIO ST,Riley Park,492356.5357,5455913.4422
Theft from Vehicle,2017,7,23,19,0,32XX QUEBEC ST,Riley Park,492491.9103,5455985.5886
Theft from Vehicle,2017,11,1,15,0,32XX QUEENS AVE,Renfrew-Collingwood,497440.8359,5454248.0755
Theft from Vehicle,2017,8,12,22,0,32XX QUESNEL DR,Dunbar-Southlands,486901.5802,5456081.2197
Theft from Vehicle,2017,5,21,18,0,32XX RUPERT ST,Renfrew-Collingwood,497549.639,5455864.3095
Theft from Vehicle,2017,11,10,22,0,32XX SCHOOL AVE,Killarney,497323.9536,5453327.8804
Theft from Vehicle,2017,11,3,0,0,32XX SCHOOL AVE,Killarney,497389.0524,5453287.4922
Theft from Vehicle,2017,1,3,19,0,32XX SCHOOL AVE,Killarney,497462.8251,5453242.6422
Theft from Vehicle,2017,8,13,16,0,32XX SLOCAN ST,Renfrew-Collingwood,496391.1997,5455840.3151
Theft from Vehicle,2017,10,21,17,0,32XX TUPPER ST,South Cambie,491563.3227,5455995.5456
Theft from Vehicle,2017,1,15,0,0,32XX TUPPER ST,South Cambie,491563.5083,5456022.2556
Theft from Vehicle,2017,2,15,22,30,32XX TUPPER ST,South Cambie,491563.5083,5456022.2556
Theft from Vehicle,2017,7,15,0,0,32XX TUPPER ST,South Cambie,491563.5083,5456022.2556
Theft from Vehicle,2017,4,7,22,0,32XX TURNER ST,Hastings-Sunrise,497367.895,5458476.0015
Theft from Vehicle,2017,5,26,0,30,32XX VANNESS AVE,Renfrew-Collingwood,497251.5316,5454208.9141
Theft from Vehicle,2017,10,16,8,10,32XX VANNESS AVE,Renfrew-Collingwood,497251.5316,5454208.9141
Theft from Vehicle,2017,11,7,7,4,32XX VANNESS AVE,Renfrew-Collingwood,497251.5316,5454208.9141
Theft from Vehicle,2017,11,10,19,0,32XX VANNESS AVE,Renfrew-Collingwood,497389.184,5454133.8335
Theft from Vehicle,2017,12,3,18,0,32XX VICTORIA DR,Kensington-Cedar Cottage,495186.3949,5455873.1286
Theft from Vehicle,2017,1,31,21,0,32XX VIMY CRES,Renfrew-Collingwood,498202.5513,5455895.5052
Theft from Vehicle,2017,4,19,20,30,32XX VIMY CRES,Renfrew-Collingwood,498211.4514,5455952.7062
Theft from Vehicle,2017,2,19,10,30,32XX VIMY CRES,Renfrew-Collingwood,498211.9284,5455983.5416
Theft from Vehicle,2017,12,4,12,0,32XX W 10TH AVE,Kitsilano,487115.8204,5456742.1916
Theft from Vehicle,2017,10,9,12,0,32XX W 10TH AVE,Kitsilano,487150.6679,5456750.442
Theft from Vehicle,2017,11,28,6,0,32XX W 10TH AVE,Kitsilano,487195.6951,5456740.1365
Theft from Vehicle,2017,12,4,22,0,32XX W 11TH AVE,Kitsilano,487192.6067,5456636.3218
Theft from Vehicle,2017,12,22,18,0,32XX W 14TH AVE,Kitsilano,487157.656,5456345.5789
Theft from Vehicle,2017,5,29,15,30,32XX W 14TH AVE,Kitsilano,487181.5769,5456335.8102
Theft from Vehicle,2017,6,9,14,0,32XX W 14TH AVE,Kitsilano,487184.3887,5456335.7372
Theft from Vehicle,2017,12,23,2,0,32XX W 14TH AVE,Kitsilano,487184.3887,5456335.7372
Theft from Vehicle,2017,12,19,19,30,32XX W 24TH AVE,Dunbar-Southlands,487198.2419,5455371.3606
Theft from Vehicle,2017,8,14,19,19,32XX W 26TH AVE,Dunbar-Southlands,487207.9527,5455145.2292
Theft from Vehicle,2017,7,15,18,0,32XX W 32ND AVE,Dunbar-Southlands,487018.9168,5454512.6679
Theft from Vehicle,2017,5,12,2,30,32XX W 33RD AVE,Dunbar-Southlands,487011.2488,5454408.9216
Theft from Vehicle,2017,1,10,20,30,32XX W 34TH AVE,Dunbar-Southlands,487080.579,5454309.9845
Theft from Vehicle,2017,1,22,12,0,32XX W 34TH AVE,Dunbar-Southlands,487144.3654,5454300.2383
Theft from Vehicle,2017,2,16,17,15,32XX W 35TH AVE,Dunbar-Southlands,487099.3369,5454196.4979
Theft from Vehicle,2017,8,30,23,0,32XX W 36TH AVE,Dunbar-Southlands,487199.9237,5454087.6164
Theft from Vehicle,2017,9,16,19,0,32XX W 43RD AVE,Kerrisdale,487045.4255,5453355.1444
Theft from Vehicle,2017,6,27,18,30,32XX W 48TH AVE,Kerrisdale,487070.7444,5452872.2569
Theft from Vehicle,2017,5,3,18,30,32XX W 4TH AVE,Kitsilano,487096.6208,5457323.5734
Theft from Vehicle,2017,5,3,20,0,32XX W 4TH AVE,Kitsilano,487096.6208,5457323.5734
Theft from Vehicle,2017,2,20,22,0,32XX W 4TH AVE,Kitsilano,487115.2577,5457313.8064
Theft from Vehicle,2017,9,1,12,0,32XX W 4TH AVE,Kitsilano,487209.9571,5457310.6664
Theft from Vehicle,2017,8,3,17,24,32XX W 7TH AVE,Kitsilano,487123.4297,5457036.4393
Theft from Vehicle,2017,10,19,16,0,32XX W 7TH AVE,Kitsilano,487200.948,5457024.8479
Theft from Vehicle,2017,11,26,20,30,32XX WAVERLEY AVE,Killarney,497228.5831,5452682.3073
Theft from Vehicle,2017,6,26,20,0,32XX WELLINGTON AVE,Renfrew-Collingwood,497225.1659,5454502.8309
Theft from Vehicle,2017,4,28,20,0,32XX WELLINGTON AVE,Renfrew-Collingwood,497257.4991,5454493.4159
Theft from Vehicle,2017,1,1,9,40,32XX WILLIAM ST,Hastings-Sunrise,497360.79,5457926.907
Theft from Vehicle,2017,6,26,20,0,33XX ADANAC ST,Hastings-Sunrise,497633.858,5458303.1122
Theft from Vehicle,2017,1,1,0,0,33XX BRIDGEWAY ST,Hastings-Sunrise,497566.7035,5459489.0057
Theft from Vehicle,2017,10,17,12,30,33XX CAMBIE ST,Riley Park,491627.0542,5455876.4241
Theft from Vehicle,2017,5,24,17,30,33XX CHERRY ST,Renfrew-Collingwood,497583.1521,5453560.995
Theft from Vehicle,2017,10,14,17,0,33XX CHURCH ST,Renfrew-Collingwood,497602.6245,5453458.1519
Theft from Vehicle,2017,5,28,20,12,33XX CLIVE AVE,Renfrew-Collingwood,497447.2934,5454018.9029
Theft from Vehicle,2017,11,7,8,10,33XX CLIVE AVE,Renfrew-Collingwood,497447.2934,5454018.9029
Theft from Vehicle,2017,11,28,11,30,33XX CLIVE AVE,Renfrew-Collingwood,497475.6628,5454001.704
Theft from Vehicle,2017,3,12,1,0,33XX CLIVE AVE,Renfrew-Collingwood,497491.4236,5453992.149
Theft from Vehicle,2017,11,29,23,0,33XX CLIVE AVE,Renfrew-Collingwood,497522.9451,5453973.0392
Theft from Vehicle,2017,4,22,9,24,33XX COMMERCIAL DR,Kensington-Cedar Cottage,494988.2423,5455791.3025
Theft from Vehicle,2017,9,30,0,30,33XX CYPRESS ST,Shaughnessy,489193.3498,5455858.845
Theft from Vehicle,2017,12,1,0,0,33XX DIEPPE DR,Renfrew-Collingwood,498211.9137,5455729.3001
Theft from Vehicle,2017,11,19,18,30,33XX DUMFRIES ST,Kensington-Cedar Cottage,494700.3814,5455806.4038
Theft from Vehicle,2017,2,22,20,0,33XX DUNBAR ST,Dunbar-Southlands,486524.6542,5456060.3202
Theft from Vehicle,2017,11,14,19,0,33XX E 22ND AVE,Renfrew-Collingwood,497662.7091,5455311.1761
Theft from Vehicle,2017,11,15,19,0,33XX E 22ND AVE,Renfrew-Collingwood,497662.7091,5455311.1761
Theft from Vehicle,2017,12,21,22,0,33XX E 25TH AVE,Renfrew-Collingwood,497544.2146,5455007.1147
Theft from Vehicle,2017,8,25,23,0,33XX E 25TH AVE,Renfrew-Collingwood,497642.5004,5455016.8459
Theft from Vehicle,2017,3,25,22,0,33XX E 26TH AVE,Renfrew-Collingwood,497543.2738,5454920.8968
Theft from Vehicle,2017,9,18,22,0,33XX E 27TH AVE,Renfrew-Collingwood,497554.4066,5454824.8491
Theft from Vehicle,2017,5,15,21,0,33XX E 28TH AVE,Renfrew-Collingwood,497565.8267,5454727.3937
Theft from Vehicle,2017,3,20,20,30,33XX E 28TH AVE,Renfrew-Collingwood,497609.4208,5454736.4412
Theft from Vehicle,2017,2,24,20,0,33XX E 43RD AVE,Killarney,497506.8533,5453115.6296
Theft from Vehicle,2017,2,25,6,23,33XX E 44TH AVE,Killarney,497505.533,5453036.502
Theft from Vehicle,2017,12,18,19,30,33XX E 44TH AVE,Killarney,497505.533,5453036.502
Theft from Vehicle,2017,11,2,22,30,33XX E 44TH AVE,Killarney,497586.4725,5453034.7924
Theft from Vehicle,2017,8,29,13,0,33XX E 52ND AVE,Killarney,497621.227,5452178.3895
Theft from Vehicle,2017,4,24,0,0,33XX E 5TH AVE,Hastings-Sunrise,497650.7138,5456983.4576
Theft from Vehicle,2017,2,16,11,0,33XX E 8TH AVE,Hastings-Sunrise,497552.2719,5456678.1393
Theft from Vehicle,2017,1,7,13,0,33XX E 8TH AVE,Hastings-Sunrise,497720.1188,5456677.3107
Theft from Vehicle,2017,12,25,18,10,33XX E BROADWAY AVE,Hastings-Sunrise,497679.9553,5456580.174
Theft from Vehicle,2017,6,15,12,30,33XX E BROADWAY AVE,Renfrew-Collingwood,497552.9574,5456566.3656
Theft from Vehicle,2017,6,13,23,44,33XX E GEORGIA ST,Hastings-Sunrise,497558.8191,5458385.4871
Theft from Vehicle,2017,10,7,13,0,33XX E HASTINGS ST,Hastings-Sunrise,497540.6463,5458708.7399
Theft from Vehicle,2017,8,24,13,15,33XX E PENDER ST,Hastings-Sunrise,497559.484,5458600.8398
Theft from Vehicle,2017,8,15,18,0,33XX E PENDER ST,Hastings-Sunrise,497613.4668,5458600.8572
Theft from Vehicle,2017,1,1,22,0,33XX EAST BLVD,Shaughnessy,488907.6677,5455957.0792
Theft from Vehicle,2017,10,8,23,0,33XX EUCLID AVE,Renfrew-Collingwood,497344.6311,5453862.8777
Theft from Vehicle,2017,11,3,8,0,33XX EUCLID AVE,Renfrew-Collingwood,497513.9901,5453768.4852
Theft from Vehicle,2017,9,12,15,0,33XX FLAGSTAFF PL,Killarney,497843.3036,5450944.7087
Theft from Vehicle,2017,7,15,21,38,33XX GARDEN DR,Kensington-Cedar Cottage,495753.5956,5455642.2606
Theft from Vehicle,2017,8,28,15,0,33XX GARDEN DR,Kensington-Cedar Cottage,495754.0516,5455771.966
Theft from Vehicle,2017,10,10,0,0,33XX GRANVILLE ST,Shaughnessy,489891.1936,5455895.1185
Theft from Vehicle,2017,7,7,10,0,33XX HEATHER ST,South Cambie,491260.6297,5455853.0773
Theft from Vehicle,2017,11,16,18,0,33XX KASLO ST,Renfrew-Collingwood,496581.3781,5455758.32
Theft from Vehicle,2017,6,13,0,56,33XX KINGSWAY AVE,Renfrew-Collingwood,497389.1,5453478.4196
Theft from Vehicle,2017,10,6,21,30,33XX KINGSWAY AVE,Renfrew-Collingwood,497389.1,5453478.4196
Theft from Vehicle,2017,10,26,0,14,33XX KINGSWAY AVE,Renfrew-Collingwood,497413.2849,5453470.5931
Theft from Vehicle,2017,6,29,15,7,33XX KINGSWAY AVE,Renfrew-Collingwood,497467.7486,5453414.9271
Theft from Vehicle,2017,11,7,13,18,33XX KINGSWAY AVE,Renfrew-Collingwood,497475.3129,5453420.6022
Theft from Vehicle,2017,9,17,23,0,33XX KINGSWAY AVE,Renfrew-Collingwood,497565.2253,5453350.8088
Theft from Vehicle,2017,10,21,23,0,33XX KINGSWAY AVE,Renfrew-Collingwood,497573.0602,5453333.3723
Theft from Vehicle,2017,5,5,20,0,33XX LAUREL ST,South Cambie,490946.4871,5455850.6637
Theft from Vehicle,2017,6,6,22,0,33XX LAUREL ST,South Cambie,490946.4871,5455850.6637
Theft from Vehicle,2017,5,30,15,21,33XX LAUREL ST,South Cambie,490950.3387,5455941.8401
Theft from Vehicle,2017,2,13,18,30,33XX MANITOBA ST,Riley Park,492205.0022,5455812.7596
Theft from Vehicle,2017,12,9,19,0,33XX MARQUETTE CRES,Killarney,497744.3849,5451072.6266
Theft from Vehicle,2017,1,18,19,0,33XX MARQUETTE CRES,Killarney,497762.7174,5450970.4166
Theft from Vehicle,2017,4,1,17,0,33XX MONMOUTH AVE,Renfrew-Collingwood,497512.7233,5454448.0878
Theft from Vehicle,2017,11,6,17,0,33XX MONMOUTH AVE,Renfrew-Collingwood,497559.8718,5454430.1097
Theft from Vehicle,2017,12,8,11,40,33XX MONMOUTH AVE,Renfrew-Collingwood,497560.5935,5454418.9677
Theft from Vehicle,2017,12,11,17,30,33XX MONMOUTH AVE,Renfrew-Collingwood,497579.7522,5454407.313
Theft from Vehicle,2017,3,31,17,0,33XX MONMOUTH AVE,Renfrew-Collingwood,497622.8219,5454391.8156
Theft from Vehicle,2017,3,9,0,0,33XX NANAIMO ST,Renfrew-Collingwood,495883.5336,5455808.6118
Theft from Vehicle,2017,6,7,23,0,33XX NAPIER ST,Hastings-Sunrise,497657.5802,5458028.5032
Theft from Vehicle,2017,7,29,20,0,33XX POINT GREY RD,Kitsilano,486960.2229,5457683.2094
Theft from Vehicle,2017,10,2,22,0,33XX PRICE ST,Renfrew-Collingwood,497499.0428,5454592.281
Theft from Vehicle,2017,9,28,0,1,33XX PRICE ST,Renfrew-Collingwood,497533.6415,5454581.4221
Theft from Vehicle,2017,9,29,9,48,33XX PRICE ST,Renfrew-Collingwood,497597.3893,5454541.5416
Theft from Vehicle,2017,9,16,12,30,33XX PRICE ST,Renfrew-Collingwood,497652.0377,5454496.5677
Theft from Vehicle,2017,6,12,0,51,33XX PRINCE EDWARD ST,Riley Park,492981.5759,5455873.4031
Theft from Vehicle,2017,11,29,16,0,33XX QUEENS AVE,Renfrew-Collingwood,497469.523,5454230.0675
Theft from Vehicle,2017,10,13,0,0,33XX QUEENS AVE,Renfrew-Collingwood,497532.1131,5454190.7772
Theft from Vehicle,2017,5,25,22,30,33XX QUEENS AVE,Renfrew-Collingwood,497603.3296,5454134.5232
Theft from Vehicle,2017,8,12,19,0,33XX ROSEMONT DR,Killarney,497365.898,5451438.5493
Theft from Vehicle,2017,1,14,15,0,33XX SE MARINE DR,Killarney,497352.2396,5450613.2242
Theft from Vehicle,2017,5,22,7,0,33XX SE MARINE DR,Killarney,497504.1332,5450621.9589
Theft from Vehicle,2017,5,21,18,0,33XX SLOCAN ST,Renfrew-Collingwood,496399.8671,5455772.2171
Theft from Vehicle,2017,12,4,17,30,33XX SOPHIA ST,Riley Park,492829.5187,5455869.412
Theft from Vehicle,2017,5,19,17,0,33XX SOPHIA ST,Riley Park,492838.8738,5455878.892
Theft from Vehicle,2017,3,3,2,0,33XX ST GEORGE ST,Riley Park,493178.4476,5455872.322
Theft from Vehicle,2017,10,20,12,0,33XX STANLEY PARK DR,Stanley Park,490462.8577,5461165.4427
Theft from Vehicle,2017,8,4,18,30,33XX TURNER ST,Hastings-Sunrise,497558.3726,5458474.5256
Theft from Vehicle,2017,9,1,23,0,33XX TURNER ST,Hastings-Sunrise,497558.3726,5458474.5256
Theft from Vehicle,2017,7,13,23,20,33XX VALLEY DR,Arbutus Ridge,487996.4619,5456068.7511
Theft from Vehicle,2017,7,13,16,30,33XX VALLEY DR,Arbutus Ridge,488018.8368,5456040.3768
Theft from Vehicle,2017,11,1,21,57,33XX VANNESS AVE,Renfrew-Collingwood,497527.2216,5454047.3453
Theft from Vehicle,2017,8,4,17,0,33XX VENABLES ST,Hastings-Sunrise,497628.978,5458212.1261
Theft from Vehicle,2017,4,6,16,0,33XX VICTORIA DR,Kensington-Cedar Cottage,495184.3309,5455811.9028
Theft from Vehicle,2017,1,8,21,0,33XX VICTORIA DR,Kensington-Cedar Cottage,495185.2691,5455839.7295
Theft from Vehicle,2017,5,29,21,0,33XX W 11TH AVE,Kitsilano,486999.4103,5456650.4366
Theft from Vehicle,2017,12,23,2,0,33XX W 11TH AVE,Kitsilano,487018.6932,5456640.796
Theft from Vehicle,2017,1,3,20,0,33XX W 11TH AVE,Kitsilano,487054.9388,5456639.8682
Theft from Vehicle,2017,6,26,14,0,33XX W 12TH AVE,Kitsilano,486939.1029,5456544.6552
Theft from Vehicle,2017,12,9,18,0,33XX W 13TH AVE,Kitsilano,486970.434,5456452.1214
Theft from Vehicle,2017,10,4,16,0,33XX W 13TH AVE,Kitsilano,487048.4857,5456440.472
Theft from Vehicle,2017,9,1,0,0,33XX W 14TH AVE,Kitsilano,487000.3428,5456349.8215
Theft from Vehicle,2017,5,19,19,30,33XX W 20TH AVE,Dunbar-Southlands,486910.448,5455775.4386
Theft from Vehicle,2017,11,26,20,0,33XX W 21ST AVE,Dunbar-Southlands,486892.7355,5455674.5138
Theft from Vehicle,2017,2,16,0,0,33XX W 2ND AVE,Kitsilano,487022.4162,5457526.2163
Theft from Vehicle,2017,10,2,0,0,33XX W 30TH AVE,Dunbar-Southlands,486962.9904,5454724.2002
Theft from Vehicle,2017,11,26,12,0,33XX W 32ND AVE,Dunbar-Southlands,486994.1767,5454512.8925
Theft from Vehicle,2017,4,19,16,0,33XX W 38TH AVE,Dunbar-Southlands,486964.1494,5453900.9856
Theft from Vehicle,2017,4,20,19,30,33XX W 38TH AVE,Dunbar-Southlands,486976.3682,5453891.7427
Theft from Vehicle,2017,8,27,19,30,33XX W 38TH AVE,Dunbar-Southlands,486985.0536,5453888.6086
Theft from Vehicle,2017,7,3,16,0,33XX W 3RD AVE,Kitsilano,486984.619,5457417.4099
Theft from Vehicle,2017,5,29,20,10,33XX W 43RD AVE,Dunbar-Southlands,486906.2854,5453362.2773
Theft from Vehicle,2017,7,14,21,0,33XX W 43RD AVE,Dunbar-Southlands,486983.3759,5453351.8282
Theft from Vehicle,2017,7,23,1,30,33XX W 44TH AVE,Dunbar-Southlands,486933.2618,5453273.2536
Theft from Vehicle,2017,12,9,19,0,33XX W 4TH AVE,Kitsilano,487023.9079,5457325.7293
Theft from Vehicle,2017,9,7,9,0,33XX W 5TH AVE,Kitsilano,486965.0962,5457221.3007
Theft from Vehicle,2017,6,4,17,0,33XX W 6TH AVE,Kitsilano,487016.0149,5457136.1875
Theft from Vehicle,2017,10,1,0,0,33XX W 7TH AVE,Kitsilano,486996.6819,5457040.186
Theft from Vehicle,2017,5,10,20,0,33XX W 7TH AVE,Kitsilano,487060.918,5457029.2449
Theft from Vehicle,2017,7,3,12,0,33XX W BROADWAY AVE,Kitsilano,487049.7999,5456841.3153
Theft from Vehicle,2017,10,17,14,0,33XX WELLINGTON AVE,Renfrew-Collingwood,497527.0133,5454322.9288
Theft from Vehicle,2017,9,1,0,0,33XX WILLIAM ST,Hastings-Sunrise,497685.0519,5457934.8425
Theft from Vehicle,2017,1,15,22,48,33XX YUKON ST,Riley Park,491815.7582,5455896.6182
Theft from Vehicle,2017,11,1,22,30,34XX ADANAC ST,Hastings-Sunrise,497795.5519,5458293.1727
Theft from Vehicle,2017,2,11,22,0,34XX ADANAC ST,Hastings-Sunrise,497833.8161,5458302.3017
Theft from Vehicle,2017,3,12,19,0,34XX ANZIO DR,Renfrew-Collingwood,497818.6268,5455476.5919
Theft from Vehicle,2017,4,13,23,0,34XX ARCHIMEDES ST,Renfrew-Collingwood,497711.957,5453537.8976
Theft from Vehicle,2017,11,20,16,20,34XX ASCOT PL,Renfrew-Collingwood,497630.8353,5454010.4465
Theft from Vehicle,2017,5,24,21,0,34XX ASCOT PL,Renfrew-Collingwood,497631.0991,5454010.2935
Theft from Vehicle,2017,10,7,16,10,34XX ASCOT PL,Renfrew-Collingwood,497669.7049,5454031.8248
Theft from Vehicle,2017,8,6,19,0,34XX CAMBRIDGE ST,Hastings-Sunrise,497817.4629,5459319.2848
Theft from Vehicle,2017,9,14,23,0,34XX CAMBRIDGE ST,Hastings-Sunrise,497817.4629,5459319.2848
Theft from Vehicle,2017,3,27,17,0,34XX CAMBRIDGE ST,Hastings-Sunrise,497867.4495,5459322.8431
Theft from Vehicle,2017,8,6,19,0,34XX CAMBRIDGE ST,Hastings-Sunrise,497904.0506,5459322.8833
Theft from Vehicle,2017,5,14,18,0,34XX CAMBRIDGE ST,Hastings-Sunrise,497916.251,5459322.8967
Theft from Vehicle,2017,9,9,20,0,34XX DARTMOOR PL,Killarney,497942.7514,5450817.1417
Theft from Vehicle,2017,8,2,18,0,34XX DIEPPE DR,Renfrew-Collingwood,498202.8353,5455691.4757
Theft from Vehicle,2017,2,25,0,0,34XX DIEPPE DR,Renfrew-Collingwood,498202.939,5455611.1198
Theft from Vehicle,2017,6,30,15,0,34XX DUNDAS ST,Hastings-Sunrise,497763.5327,5459111.0051
Theft from Vehicle,2017,10,31,15,0,34XX DUNDAS ST,Hastings-Sunrise,497774.1133,5459110.8403
Theft from Vehicle,2017,11,15,22,0,34XX DUNDAS ST,Hastings-Sunrise,497784.9892,5459119.8158
Theft from Vehicle,2017,2,16,20,30,34XX DUNDAS ST,Hastings-Sunrise,497817.1893,5459119.3137
Theft from Vehicle,2017,8,18,20,0,34XX E 1ST AVE,Hastings-Sunrise,497888.6269,5457397.0892
Theft from Vehicle,2017,5,25,20,0,34XX E 24TH AVE,Renfrew-Collingwood,497868.5413,5455118.2434
Theft from Vehicle,2017,7,7,23,30,34XX E 27TH AVE,Renfrew-Collingwood,497742.6677,5454831.8358
Theft from Vehicle,2017,9,20,15,0,34XX E 28TH AVE,Renfrew-Collingwood,497880.4725,5454726.6949
Theft from Vehicle,2017,11,30,14,0,34XX E 29TH AVE,Renfrew-Collingwood,497872.4835,5454639.7004
Theft from Vehicle,2017,9,13,21,0,34XX E 29TH AVE,Renfrew-Collingwood,497891.9537,5454639.3533
Theft from Vehicle,2017,10,6,20,30,34XX E 3RD AVE,Hastings-Sunrise,497750.8812,5457194.7118
Theft from Vehicle,2017,7,14,2,57,34XX E 45TH AVE,Killarney,497847.7403,5452936.436
Theft from Vehicle,2017,4,27,9,30,34XX E 49TH AVE,Killarney,497653.4095,5452424.2863
Theft from Vehicle,2017,8,25,21,0,34XX E 50TH AVE,Killarney,497701.1322,5452324.7827
Theft from Vehicle,2017,1,9,20,0,34XX E HASTINGS ST,Hastings-Sunrise,497735.6344,5458705.7576
Theft from Vehicle,2017,12,10,21,0,34XX E HASTINGS ST,Hastings-Sunrise,497775.6526,5458710.0006
Theft from Vehicle,2017,11,27,8,0,34XX E HASTINGS ST,Hastings-Sunrise,497796.9675,5458710.1121
Theft from Vehicle,2017,12,1,20,0,34XX E HASTINGS ST,Hastings-Sunrise,497796.9675,5458710.1121
Theft from Vehicle,2017,4,24,2,30,34XX E PENDER ST,Hastings-Sunrise,497758.422,5458602.6178
Theft from Vehicle,2017,4,23,20,0,34XX E PENDER ST,Hastings-Sunrise,497843.9923,5458602.3695
Theft from Vehicle,2017,11,12,0,1,34XX FOSTER AVE,Renfrew-Collingwood,497843.7787,5453467.4474
Theft from Vehicle,2017,5,2,15,0,34XX FRANKLIN ST,Hastings-Sunrise,497763.2316,5458808.7472
Theft from Vehicle,2017,5,2,20,0,34XX FRANKLIN ST,Hastings-Sunrise,497829.7844,5458808.4049
Theft from Vehicle,2017,10,14,21,0,34XX FRASER ST,Kensington-Cedar Cottage,493458.7935,5455763.5069
Theft from Vehicle,2017,6,4,17,0,34XX FRASER ST,Riley Park,493449.0081,5455678.4855
Theft from Vehicle,2017,4,2,14,0,34XX FRASER ST,Riley Park,493449.256,5455711.3613
Theft from Vehicle,2017,10,13,16,43,34XX FRASER ST,Riley Park,493449.256,5455711.3613
Theft from Vehicle,2017,5,7,10,0,34XX GLEN DR,Kensington-Cedar Cottage,494055.2207,5455748.3068
Theft from Vehicle,2017,4,6,22,0,34XX GRANDVIEW HWY,Renfrew-Collingwood,497797.5866,5456148.0105
Theft from Vehicle,2017,10,13,1,26,34XX GRANVILLE ST,Shaughnessy,489887.7033,5455788.7441
Theft from Vehicle,2017,7,12,18,30,34XX KINGSWAY AVE,Renfrew-Collingwood,497579.4862,5453328.4703
Theft from Vehicle,2017,10,2,19,30,34XX KINGSWAY AVE,Renfrew-Collingwood,497579.4862,5453328.4703
Theft from Vehicle,2017,11,23,17,0,34XX KINGSWAY AVE,Renfrew-Collingwood,497634.0761,5453286.5094
Theft from Vehicle,2017,2,23,11,32,34XX KINGSWAY AVE,Killarney,497775.3792,5453239.5558
Theft from Vehicle,2017,3,18,21,0,34XX KINGSWAY AVE,Killarney,497775.3792,5453239.5558
Theft from Vehicle,2017,6,8,21,30,34XX KINGSWAY AVE,Killarney,497775.3792,5453239.5558
Theft from Vehicle,2017,10,10,18,0,34XX KINGSWAY AVE,Killarney,497775.3792,5453239.5558
Theft from Vehicle,2017,12,16,19,0,34XX KINGSWAY AVE,Killarney,497775.3792,5453239.5558
Theft from Vehicle,2017,11,24,12,0,34XX KINGSWAY AVE,Killarney,497805.8312,5453241.9995
Theft from Vehicle,2017,3,3,13,0,34XX LOUGHEED HWY,Renfrew-Collingwood,497816.4163,5456630.6358
Theft from Vehicle,2017,3,25,14,43,34XX LOUGHEED HWY,Renfrew-Collingwood,497816.4163,5456630.6358
Theft from Vehicle,2017,4,9,12,5,34XX LOUGHEED HWY,Renfrew-Collingwood,497816.4163,5456630.6358
Theft from Vehicle,2017,9,15,11,45,34XX LOUGHEED HWY,Renfrew-Collingwood,497816.4163,5456630.6358
Theft from Vehicle,2017,10,25,18,30,34XX LOUGHEED HWY,Renfrew-Collingwood,497816.4163,5456630.6358
Theft from Vehicle,2017,12,31,13,0,34XX LOUGHEED HWY,Renfrew-Collingwood,497816.4163,5456630.6358
Theft from Vehicle,2017,10,29,0,0,34XX MONMOUTH AVE,Renfrew-Collingwood,497656.9929,5454360.3426
Theft from Vehicle,2017,10,29,0,0,34XX MONMOUTH AVE,Renfrew-Collingwood,497725.5455,5454329.8753
Theft from Vehicle,2017,7,28,23,0,34XX MONS DR,Renfrew-Collingwood,497735.5843,5455517.8603
Theft from Vehicle,2017,7,8,21,30,34XX NANAIMO ST,Renfrew-Collingwood,495886.275,5455635.0431
Theft from Vehicle,2017,8,7,4,44,34XX NAPIER ST,Hastings-Sunrise,497769.3884,5458018.0604
Theft from Vehicle,2017,11,20,18,0,34XX NAPIER ST,Hastings-Sunrise,497769.3884,5458018.0604
Theft from Vehicle,2017,7,9,21,0,34XX NORMANDY DR,Renfrew-Collingwood,497896.6603,5455542.2865
Theft from Vehicle,2017,3,31,17,32,34XX OAK ST,South Cambie,490741.8423,5455844.2837
Theft from Vehicle,2017,8,28,4,20,34XX OXFORD ST,Hastings-Sunrise,497802.9977,5459209.7881
Theft from Vehicle,2017,4,18,10,0,34XX OXFORD ST,Hastings-Sunrise,497813.5082,5459218.8626
Theft from Vehicle,2017,7,31,23,0,34XX OXFORD ST,Hastings-Sunrise,497883.1736,5459218.4002
Theft from Vehicle,2017,10,21,0,0,34XX PINE CRES,Shaughnessy,489476.0366,5455847.6723
Theft from Vehicle,2017,7,14,22,30,34XX PORTER ST,Kensington-Cedar Cottage,495121.7463,5455641.4688
Theft from Vehicle,2017,9,17,19,0,34XX PORTER ST,Kensington-Cedar Cottage,495134.6012,5455647.8263
Theft from Vehicle,2017,7,6,22,30,34XX PRICE ST,Renfrew-Collingwood,497714.9712,5454457.1921
Theft from Vehicle,2017,10,29,0,1,34XX PRICE ST,Renfrew-Collingwood,497731.4437,5454446.8155
Theft from Vehicle,2017,10,28,22,0,34XX PRICE ST,Renfrew-Collingwood,497806.569,5454410.3
Theft from Vehicle,2017,4,12,17,30,34XX PRINCE EDWARD ST,Riley Park,492967.8122,5455686.0061
Theft from Vehicle,2017,4,12,19,0,34XX PRINCE EDWARD ST,Riley Park,492969.689,5455762.539
Theft from Vehicle,2017,10,25,17,30,34XX QUEBEC ST,Riley Park,492523.9294,5455765.5674
Theft from Vehicle,2017,9,10,17,0,34XX QUESNEL DR,Dunbar-Southlands,487034.9636,5455916.7357
Theft from Vehicle,2017,1,14,12,30,34XX SE MARINE DR,Killarney,497833.9534,5450571.9636
Theft from Vehicle,2017,6,9,22,0,34XX SOPHIA ST,Riley Park,492836.594,5455775.8424
Theft from Vehicle,2017,6,28,0,0,34XX SOPHIA ST,Riley Park,492836.6888,5455779.8749
Theft from Vehicle,2017,5,16,11,18,34XX TRIUMPH ST,Hastings-Sunrise,497760.3467,5459010.2277
Theft from Vehicle,2017,4,22,4,0,34XX TURNER ST,Hastings-Sunrise,497897.8351,5458475.5425
Theft from Vehicle,2017,9,6,20,16,34XX VANNESS AVE,Renfrew-Collingwood,497732.2346,5453896.4941
Theft from Vehicle,2017,7,16,21,0,34XX W 12TH AVE,Kitsilano,486766.4129,5456550.1432
Theft from Vehicle,2017,8,20,5,23,34XX W 12TH AVE,Kitsilano,486907.0658,5456545.9063
Theft from Vehicle,2017,12,8,21,0,34XX W 13TH AVE,Kitsilano,486903.8834,5456445.092
Theft from Vehicle,2017,7,5,23,0,34XX W 1ST AVE,Kitsilano,486930.2855,5457617.8008
Theft from Vehicle,2017,11,16,18,30,34XX W 21ST AVE,Dunbar-Southlands,486883.5854,5455674.6037
Theft from Vehicle,2017,12,23,19,0,34XX W 26TH AVE,Dunbar-Southlands,486842.8343,5455157.3342
Theft from Vehicle,2017,3,15,20,30,34XX W 28TH AVE,Dunbar-Southlands,486824.1266,5454936.8141
Theft from Vehicle,2017,10,2,11,0,34XX W 28TH AVE,Dunbar-Southlands,486879.8046,5454935.4981
Theft from Vehicle,2017,10,13,21,0,34XX W 29TH AVE,Dunbar-Southlands,486878.2657,5454831.6871
Theft from Vehicle,2017,6,11,21,0,34XX W 2ND AVE,Kitsilano,486879.4702,5457519.4295
Theft from Vehicle,2017,11,9,22,45,34XX W 30TH AVE,Dunbar-Southlands,486825.7459,5454733.7778
Theft from Vehicle,2017,10,24,0,0,34XX W 30TH AVE,Dunbar-Southlands,486876.664,5454724.473
Theft from Vehicle,2017,9,3,21,0,34XX W 35TH AVE,Dunbar-Southlands,486784.8482,5454198.9763
Theft from Vehicle,2017,3,7,17,0,34XX W 37TH AVE,Dunbar-Southlands,486867.992,5453998.3567
Theft from Vehicle,2017,8,13,14,0,34XX W 3RD AVE,Kitsilano,486849.4609,5457420.9271
Theft from Vehicle,2017,9,1,23,0,34XX W 41ST AVE,Dunbar-Southlands,486856.5529,5453564.8451
Theft from Vehicle,2017,12,3,0,0,34XX W 43RD AVE,Dunbar-Southlands,486769.9705,5453364.5825
Theft from Vehicle,2017,2,25,16,0,34XX W 4TH AVE,Kitsilano,486789.1079,5457331.47
Theft from Vehicle,2017,10,5,22,0,34XX W 5TH AVE,Kitsilano,486857.5943,5457223.7738
Theft from Vehicle,2017,9,11,23,30,34XX W 6TH AVE,Kitsilano,486869.0162,5457139.4668
Theft from Vehicle,2017,4,6,1,0,34XX W 8TH AVE,Kitsilano,486800.9422,5456945.5016
Theft from Vehicle,2017,12,27,4,0,34XX W BROADWAY AVE,Kitsilano,486912.172,5456845.1767
Theft from Vehicle,2017,11,26,22,0,34XX W KING EDWARD AVE,Dunbar-Southlands,486798.3422,5455282.8615
Theft from Vehicle,2017,11,6,20,30,34XX WELLINGTON AVE,Renfrew-Collingwood,497597.552,5454266.659
Theft from Vehicle,2017,5,24,18,6,34XX WELLINGTON AVE,Renfrew-Collingwood,497766.9792,5454171.2379
Theft from Vehicle,2017,6,8,1,0,34XX WELWYN ST,Kensington-Cedar Cottage,494958.8103,5455721.3988
Theft from Vehicle,2017,3,28,13,0,34XX WILLIAM ST,Hastings-Sunrise,497817.3828,5457923.8379
Theft from Vehicle,2017,6,17,20,0,34XX WORTHINGTON DR,Renfrew-Collingwood,497964.4118,5455592.8018
Theft from Vehicle,2017,11,18,14,0,35XX ADANAC ST,Hastings-Sunrise,497943.5361,5458293.0902
Theft from Vehicle,2017,11,18,18,0,35XX ADANAC ST,Hastings-Sunrise,498034.2183,5458292.6525
Theft from Vehicle,2017,11,1,11,0,35XX BELLA VISTA ST,Kensington-Cedar Cottage,494865.7257,5455601.7964
Theft from Vehicle,2017,9,3,19,0,35XX CAMBIE ST,Riley Park,491619.0646,5455631.1075
Theft from Vehicle,2017,8,31,1,8,35XX CAMOSUN ST,Dunbar-Southlands,485702.9913,5455889.2664
Theft from Vehicle,2017,12,26,4,30,35XX CAMOSUN ST,Dunbar-Southlands,485702.9913,5455889.2664
Theft from Vehicle,2017,2,14,23,0,35XX COLLINGWOOD ST,Dunbar-Southlands,486772.353,5455880.8143
Theft from Vehicle,2017,1,27,0,0,35XX COMMERCIAL ST,Kensington-Cedar Cottage,495044.3709,5455570.6199
Theft from Vehicle,2017,3,8,0,0,35XX COMMERCIAL ST,Kensington-Cedar Cottage,495054.4498,5455618.969
Theft from Vehicle,2017,1,25,7,0,35XX CORNETT RD,Renfrew-Collingwood,497955.5285,5456497.6639
Theft from Vehicle,2017,11,14,19,0,35XX CROWLEY DR,Renfrew-Collingwood,497880.7352,5453691.7846
Theft from Vehicle,2017,7,13,0,0,35XX CROWLEY DR,Renfrew-Collingwood,497957.8399,5453638.5045
Theft from Vehicle,2017,9,3,0,0,35XX DEASE LANE,Killarney,498023.7435,5452245.5746
Theft from Vehicle,2017,1,9,0,0,35XX DEASE LANE,Killarney,498045.4289,5452231.2388
Theft from Vehicle,2017,8,26,22,30,35XX DUNDAS ST,Hastings-Sunrise,498037.4647,5459117.006
Theft from Vehicle,2017,8,16,21,0,35XX DUNDAS ST,Hastings-Sunrise,498048.3818,5459116.9632
Theft from Vehicle,2017,12,9,6,30,35XX E 11TH AVE,Renfrew-Collingwood,497935.7022,5456366.9907
Theft from Vehicle,2017,2,18,16,30,35XX E 22ND AVE,Renfrew-Collingwood,497935.5343,5455322.3066
Theft from Vehicle,2017,9,5,21,30,35XX E 24TH AVE,Renfrew-Collingwood,498052.0496,5455109.9316
Theft from Vehicle,2017,5,30,5,0,35XX E 25TH AVE,Renfrew-Collingwood,497969.4169,5455018.3829
Theft from Vehicle,2017,10,13,18,30,35XX E 26TH AVE,Renfrew-Collingwood,497987.3788,5454915.0278
Theft from Vehicle,2017,7,2,19,30,35XX E 27TH AVE,Renfrew-Collingwood,497931.0559,5454820.5806
Theft from Vehicle,2017,7,28,0,0,35XX E 27TH AVE,Renfrew-Collingwood,497990.7852,5454820.2371
Theft from Vehicle,2017,9,3,0,0,35XX E 27TH AVE,Renfrew-Collingwood,498085.3951,5454819.6928
Theft from Vehicle,2017,9,17,0,0,35XX E 28TH AVE,Renfrew-Collingwood,498032.8084,5454735.4056
Theft from Vehicle,2017,9,26,0,0,35XX E 28TH AVE,Renfrew-Collingwood,498032.8084,5454735.4056
Theft from Vehicle,2017,4,12,22,30,35XX E 29TH AVE,Renfrew-Collingwood,498069.4823,5454637.5702
Theft from Vehicle,2017,4,20,9,46,35XX E 47TH AVE,Killarney,497994.8556,5452629.2247
Theft from Vehicle,2017,9,28,15,0,35XX E 47TH AVE,Killarney,498046.3342,5452619.1674
Theft from Vehicle,2017,8,9,0,0,35XX E GEORGIA ST,Hastings-Sunrise,498010.0402,5458385.0048
Theft from Vehicle,2017,1,8,21,0,35XX E HASTINGS ST,Hastings-Sunrise,497943.3443,5458704.5281
Theft from Vehicle,2017,2,18,8,0,35XX E PENDER ST,Hastings-Sunrise,497952.3656,5458602.0583
Theft from Vehicle,2017,3,26,4,47,35XX ETON ST,Hastings-Sunrise,497991.2677,5459436.6196
Theft from Vehicle,2017,3,25,18,0,35XX ETON ST,Hastings-Sunrise,498032.8015,5459445.6176
Theft from Vehicle,2017,8,28,5,50,35XX ETON ST,Hastings-Sunrise,498046.6354,5459445.569
Theft from Vehicle,2017,10,24,0,0,35XX ETON ST,Hastings-Sunrise,498068.7374,5459436.3472
Theft from Vehicle,2017,3,18,20,0,35XX ETON ST,Hastings-Sunrise,498090.9038,5459445.4133
Theft from Vehicle,2017,8,6,21,0,35XX ETON ST,Hastings-Sunrise,498118.5715,5459445.316
Theft from Vehicle,2017,6,12,18,30,35XX EUCLID AVE,Renfrew-Collingwood,497926.3873,5453558.2331
Theft from Vehicle,2017,6,12,22,0,35XX EUCLID AVE,Renfrew-Collingwood,497926.3873,5453558.2331
Theft from Vehicle,2017,6,12,23,0,35XX EUCLID AVE,Renfrew-Collingwood,497926.3873,5453558.2331
Theft from Vehicle,2017,10,7,14,0,35XX EUCLID AVE,Renfrew-Collingwood,497926.3873,5453558.2331
Theft from Vehicle,2017,10,9,0,0,35XX EUCLID AVE,Renfrew-Collingwood,497926.3873,5453558.2331
Theft from Vehicle,2017,6,9,0,0,35XX FALAISE AVE,Renfrew-Collingwood,497996.0561,5455996.9973
Theft from Vehicle,2017,12,3,0,0,35XX FLEMING ST,Kensington-Cedar Cottage,494795.4735,5455595.5853
Theft from Vehicle,2017,2,17,12,0,35XX FLEMING ST,Kensington-Cedar Cottage,494804.701,5455632.543
Theft from Vehicle,2017,4,11,21,0,35XX FLEMING ST,Kensington-Cedar Cottage,494804.701,5455632.543
Theft from Vehicle,2017,7,18,22,0,35XX FRANKLIN ST,Hastings-Sunrise,498080.9609,5458807.0546
Theft from Vehicle,2017,8,19,16,30,35XX FRASER ST,Kensington-Cedar Cottage,493457.9842,5455662.5495
Theft from Vehicle,2017,1,2,0,0,35XX GLADSTONE ST,Kensington-Cedar Cottage,495617.851,5455304.5702
Theft from Vehicle,2017,9,30,2,0,35XX GLADSTONE ST,Kensington-Cedar Cottage,495656.4119,5455392.9207
Theft from Vehicle,2017,11,20,18,30,35XX GLADSTONE ST,Kensington-Cedar Cottage,495656.4119,5455392.9207
Theft from Vehicle,2017,5,21,6,35,35XX GRANDVIEW HWY,Renfrew-Collingwood,498073.3815,5456160.7117
Theft from Vehicle,2017,8,3,17,50,35XX GRANDVIEW HWY,Renfrew-Collingwood,498073.3815,5456160.7117
Theft from Vehicle,2017,8,15,10,0,35XX GRANDVIEW HWY,Renfrew-Collingwood,498073.3815,5456160.7117
Theft from Vehicle,2017,10,31,19,0,35XX GRANDVIEW HWY,Renfrew-Collingwood,498073.3815,5456160.7117
Theft from Vehicle,2017,3,4,7,50,35XX GRAVELEY ST,Hastings-Sunrise,498063.0424,5457512.2139
Theft from Vehicle,2017,4,1,2,30,35XX GRAVELEY ST,Hastings-Sunrise,498083.0,5457507.0
Theft from Vehicle,2017,7,19,22,0,35XX HEATHER ST,South Cambie,491258.2904,5455730.0146
Theft from Vehicle,2017,10,9,20,0,35XX HEATHER ST,South Cambie,491258.2904,5455730.0146
Theft from Vehicle,2017,3,21,8,30,35XX HULL ST,Kensington-Cedar Cottage,495365.0172,5455633.9721
Theft from Vehicle,2017,5,6,21,0,35XX KINGSWAY AVE,Killarney,497872.0875,5453247.3066
Theft from Vehicle,2017,7,24,22,44,35XX KINGSWAY AVE,Killarney,497872.0875,5453247.3066
Theft from Vehicle,2017,10,11,13,30,35XX KINGSWAY AVE,Killarney,497872.0875,5453247.3066
Theft from Vehicle,2017,9,30,20,30,35XX KINGSWAY AVE,Killarney,497878.004,5453247.7577
Theft from Vehicle,2017,10,18,22,30,35XX KINGSWAY AVE,Killarney,497878.004,5453247.7577
Theft from Vehicle,2017,10,20,20,0,35XX KINGSWAY AVE,Killarney,497878.004,5453247.7577
Theft from Vehicle,2017,11,2,17,0,35XX KINGSWAY AVE,Killarney,497878.004,5453247.7577
Theft from Vehicle,2017,12,18,19,0,35XX KINGSWAY AVE,Killarney,497878.004,5453247.7577
Theft from Vehicle,2017,7,12,19,58,35XX KINGSWAY AVE,Renfrew-Collingwood,497881.6477,5453257.206
Theft from Vehicle,2017,10,21,14,30,35XX KINGSWAY AVE,Renfrew-Collingwood,497881.6477,5453257.206
Theft from Vehicle,2017,9,26,19,30,35XX KINGSWAY AVE,Killarney,497901.6702,5453249.5619
Theft from Vehicle,2017,11,29,20,15,35XX KINGSWAY AVE,Killarney,497943.086,5453252.7194
Theft from Vehicle,2017,4,16,12,45,35XX KINGSWAY AVE,Killarney,497984.2441,5453255.304
Theft from Vehicle,2017,6,18,15,56,35XX KINGSWAY AVE,Killarney,497984.2441,5453255.304
Theft from Vehicle,2017,8,6,16,0,35XX KINGSWAY AVE,Killarney,497984.2441,5453255.304
Theft from Vehicle,2017,10,4,17,0,35XX KINGSWAY AVE,Killarney,497984.2441,5453255.304
Theft from Vehicle,2017,6,11,15,28,35XX KINGSWAY AVE,Killarney,497990.7407,5453255.6898
Theft from Vehicle,2017,7,29,17,6,35XX KINGSWAY AVE,Killarney,497990.7407,5453255.6898
Theft from Vehicle,2017,8,31,19,0,35XX KINGSWAY AVE,Killarney,497990.7407,5453255.6898
Theft from Vehicle,2017,9,21,21,0,35XX KINGSWAY AVE,Killarney,497990.7407,5453255.6898
Theft from Vehicle,2017,12,11,23,1,35XX KINGSWAY AVE,Killarney,497990.7407,5453255.6898
Theft from Vehicle,2017,5,19,12,0,35XX KINGSWAY AVE,Renfrew-Collingwood,498007.2524,5453265.8305
Theft from Vehicle,2017,7,24,18,10,35XX MAIN ST,Riley Park,492663.2029,5455650.1063
Theft from Vehicle,2017,5,13,11,0,35XX MALTA AVE,Renfrew-Collingwood,497996.0816,5455762.9802
Theft from Vehicle,2017,1,9,17,34,35XX MAYFAIR AVE,Dunbar-Southlands,486607.1115,5453810.4033
Theft from Vehicle,2017,2,26,0,0,35XX OXFORD ST,Hastings-Sunrise,497942.4248,5459208.8804
Theft from Vehicle,2017,2,26,6,10,35XX OXFORD ST,Hastings-Sunrise,497942.4248,5459208.8804
Theft from Vehicle,2017,7,31,19,0,35XX OXFORD ST,Hastings-Sunrise,497942.4248,5459208.8804
Theft from Vehicle,2017,9,4,16,0,35XX PENTICTON ST,Renfrew-Collingwood,496208.0313,5455605.3083
Theft from Vehicle,2017,2,28,20,0,35XX PETERSHAM AVE,Killarney,497978.8786,5452719.8073
Theft from Vehicle,2017,4,16,0,0,35XX PETERSHAM AVE,Killarney,498011.3209,5452719.5048
Theft from Vehicle,2017,11,30,21,0,35XX POINT GREY RD,Kitsilano,486785.0003,5457701.7485
Theft from Vehicle,2017,5,18,20,0,35XX PRICE ST,Renfrew-Collingwood,497964.5766,5454299.8625
Theft from Vehicle,2017,6,16,9,0,35XX PRICE ST,Renfrew-Collingwood,498045.8849,5454259.2717
Theft from Vehicle,2017,5,27,15,30,35XX SE MARINE DR,Killarney,498046.6164,5450564.9163
Theft from Vehicle,2017,11,3,0,0,35XX SOPHIA ST,Riley Park,492834.0699,5455668.8125
Theft from Vehicle,2017,12,23,13,30,35XX STANLEY PARK DR,Stanley Park,490397.3007,5461297.5384
Theft from Vehicle,2017,8,29,19,0,35XX TRIUMPH ST,Hastings-Sunrise,497946.5302,5459008.4301
Theft from Vehicle,2017,3,7,20,0,35XX TURNER ST,Hastings-Sunrise,497946.1175,5458475.3182
Theft from Vehicle,2017,8,28,17,0,35XX TURNER ST,Hastings-Sunrise,497946.1175,5458475.3182
Theft from Vehicle,2017,11,16,17,10,35XX TURNER ST,Hastings-Sunrise,497946.1175,5458475.3182
Theft from Vehicle,2017,4,2,17,0,35XX TURNER ST,Hastings-Sunrise,498101.8147,5458483.0585
Theft from Vehicle,2017,10,14,20,0,35XX VANNESS AVE,Renfrew-Collingwood,497912.8081,5453773.2657
Theft from Vehicle,2017,8,6,23,0,35XX VICTORIA DR,Kensington-Cedar Cottage,495189.9084,5455611.4327
Theft from Vehicle,2017,8,11,13,0,35XX VICTORIA DR,Kensington-Cedar Cottage,495189.9084,5455611.4327
Theft from Vehicle,2017,11,21,20,0,35XX VIMY CRES,Renfrew-Collingwood,498032.4529,5456093.8092
Theft from Vehicle,2017,6,8,20,45,35XX VIMY CRES,Renfrew-Collingwood,498113.9066,5456094.2664
Theft from Vehicle,2017,11,1,17,0,35XX W 10TH AVE,Kitsilano,486687.2724,5456762.2547
Theft from Vehicle,2017,11,27,20,0,35XX W 10TH AVE,Kitsilano,486703.2062,5456752.6946
Theft from Vehicle,2017,7,22,1,29,35XX W 11TH AVE,Kitsilano,486741.6677,5456647.8597
Theft from Vehicle,2017,11,22,20,0,35XX W 12TH AVE,Kitsilano,486721.0486,5456560.1116
Theft from Vehicle,2017,1,16,13,37,35XX W 12TH AVE,Kitsilano,486751.2542,5456559.6139
Theft from Vehicle,2017,11,10,16,0,35XX W 13TH AVE,Kitsilano,486728.7351,5456449.3694
Theft from Vehicle,2017,11,1,22,0,35XX W 14TH AVE,Kitsilano,486752.4092,5456347.0154
Theft from Vehicle,2017,2,2,16,0,35XX W 15TH AVE,Kitsilano,486651.0097,5456257.0185
Theft from Vehicle,2017,3,3,13,0,35XX W 15TH AVE,Kitsilano,486703.1746,5456246.4987
Theft from Vehicle,2017,10,12,17,0,35XX W 16TH AVE,Dunbar-Southlands,486763.6808,5456125.397
Theft from Vehicle,2017,11,26,18,0,35XX W 19TH AVE,Dunbar-Southlands,486651.7194,5455887.3091
Theft from Vehicle,2017,12,8,9,26,35XX W 19TH AVE,Dunbar-Southlands,486762.0554,5455877.7849
Theft from Vehicle,2017,5,12,18,30,35XX W 21ST AVE,Dunbar-Southlands,486760.0097,5455675.8126
Theft from Vehicle,2017,4,8,19,0,35XX W 22ND AVE,Dunbar-Southlands,486726.7018,5455584.6331
Theft from Vehicle,2017,2,28,23,0,35XX W 26TH AVE,Dunbar-Southlands,486765.2024,5455149.1962
Theft from Vehicle,2017,7,20,22,0,35XX W 2ND AVE,Kitsilano,486682.5723,5457523.8703
Theft from Vehicle,2017,8,21,23,30,35XX W 31ST AVE,Dunbar-Southlands,486621.6308,5454621.9368
Theft from Vehicle,2017,1,31,21,0,35XX W 32ND AVE,Dunbar-Southlands,486595.3481,5454525.7754
Theft from Vehicle,2017,8,22,0,0,35XX W 32ND AVE,Dunbar-Southlands,486595.3481,5454525.7754
Theft from Vehicle,2017,2,1,0,0,35XX W 32ND AVE,Dunbar-Southlands,486609.2482,5454525.6373
Theft from Vehicle,2017,11,9,17,0,35XX W 32ND AVE,Dunbar-Southlands,486727.1191,5454515.3214
Theft from Vehicle,2017,10,10,19,0,35XX W 34TH AVE,Dunbar-Southlands,486749.8878,5454303.8642
Theft from Vehicle,2017,7,23,14,0,35XX W 37TH AVE,Dunbar-Southlands,486745.3272,5453990.9584
Theft from Vehicle,2017,1,10,20,30,35XX W 38TH AVE,Dunbar-Southlands,486739.4541,5453893.4047
Theft from Vehicle,2017,10,8,19,30,35XX W 39TH AVE,Dunbar-Southlands,486679.2423,5453751.7377
Theft from Vehicle,2017,5,18,1,49,35XX W 41ST AVE,Dunbar-Southlands,486649.2604,5453565.7186
Theft from Vehicle,2017,2,5,18,0,35XX W 47TH AVE,Kerrisdale,486624.2143,5452970.8168
Theft from Vehicle,2017,12,17,21,0,35XX W 47TH AVE,Kerrisdale,486685.496,5452960.425
Theft from Vehicle,2017,12,16,23,0,35XX W 49TH AVE,Kerrisdale,486543.7387,5452755.4294
Theft from Vehicle,2017,9,18,18,0,35XX W 8TH AVE,Kitsilano,486767.0385,5456946.4497
Theft from Vehicle,2017,12,3,0,0,35XX W BROADWAY AVE,Kitsilano,486732.6969,5456859.3594
Theft from Vehicle,2017,4,5,20,0,35XX W BROADWAY AVE,Kitsilano,486737.8229,5456850.0682
Theft from Vehicle,2017,8,3,10,0,35XX W BROADWAY AVE,Kitsilano,486764.7332,5456849.3144
Theft from Vehicle,2017,5,14,16,0,35XX WALKER ST,Kensington-Cedar Cottage,495764.9555,5455401.5207
Theft from Vehicle,2017,10,31,11,0,35XX WELLINGTON AVE,Renfrew-Collingwood,497830.5436,5454121.0091
Theft from Vehicle,2017,11,8,23,30,35XX WELLINGTON AVE,Renfrew-Collingwood,497830.5436,5454121.0091
Theft from Vehicle,2017,8,11,15,0,35XX WELLINGTON AVE,Renfrew-Collingwood,497865.5479,5454099.3847
Theft from Vehicle,2017,6,24,11,0,35XX WELLINGTON AVE,Renfrew-Collingwood,497943.7025,5454060.7786
Theft from Vehicle,2017,1,16,21,30,35XX WELWYN ST,Kensington-Cedar Cottage,494957.2999,5455626.1841
Theft from Vehicle,2017,5,1,9,0,35XX WILLIAM ST,Hastings-Sunrise,498041.2257,5457923.7358
Theft from Vehicle,2017,7,31,19,0,35XX WILLOW ST,South Cambie,491115.8743,5455714.5108
Theft from Vehicle,2017,7,14,22,0,36XX ASH ST,South Cambie,491398.8504,5455626.5658
Theft from Vehicle,2017,10,8,23,0,36XX ASH ST,South Cambie,491398.8504,5455626.5658
Theft from Vehicle,2017,3,11,15,54,36XX CAMBRIDGE ST,Hastings-Sunrise,498135.6292,5459322.8796
Theft from Vehicle,2017,1,21,22,0,36XX CAMBRIDGE ST,Hastings-Sunrise,498187.1392,5459332.0337
Theft from Vehicle,2017,5,29,19,30,36XX CITY EDGE PL,Killarney,498105.734,5450562.4105
Theft from Vehicle,2017,7,29,22,0,36XX CITY EDGE PL,Killarney,498181.9649,5450544.1626
Theft from Vehicle,2017,8,26,2,0,36XX CORDIALE DR,Killarney,498145.6932,5450793.1575
Theft from Vehicle,2017,11,14,19,0,36XX CROWN ST,Dunbar-Southlands,485908.4978,5455754.5209
Theft from Vehicle,2017,1,9,13,0,36XX E 27TH AVE,Renfrew-Collingwood,498095.9594,5454819.632
Theft from Vehicle,2017,12,9,19,0,36XX E 27TH AVE,Renfrew-Collingwood,498096.1178,5454819.6311
Theft from Vehicle,2017,12,9,23,0,36XX E 27TH AVE,Renfrew-Collingwood,498096.1178,5454819.6311
Theft from Vehicle,2017,4,21,19,0,36XX E 28TH AVE,Renfrew-Collingwood,498096.2294,5454726.0661
Theft from Vehicle,2017,9,28,20,0,36XX E 28TH AVE,Renfrew-Collingwood,498140.0466,5454735.0752
Theft from Vehicle,2017,8,13,22,0,36XX E 29TH AVE,Renfrew-Collingwood,498207.3095,5454634.0278
Theft from Vehicle,2017,10,18,15,0,36XX E 2ND AVE,Hastings-Sunrise,498089.4291,5457295.645
Theft from Vehicle,2017,8,14,4,15,36XX E 46TH AVE,Killarney,498109.7954,5452808.9035
Theft from Vehicle,2017,11,7,19,0,36XX E 46TH AVE,Killarney,498252.896,5452817.0535
Theft from Vehicle,2017,12,18,20,0,36XX E 48TH AVE,Killarney,498109.9005,5452488.6981
Theft from Vehicle,2017,9,22,15,0,36XX E 48TH AVE,Killarney,498141.8904,5452488.2616
Theft from Vehicle,2017,8,5,19,0,36XX E 49TH AVE,Killarney,498097.3442,5452156.9574
Theft from Vehicle,2017,7,22,9,0,36XX E HASTINGS ST,Hastings-Sunrise,498134.3131,5458704.6822
Theft from Vehicle,2017,12,13,13,0,36XX E HASTINGS ST,Hastings-Sunrise,498227.9028,5458704.9449
Theft from Vehicle,2017,6,23,17,34,36XX E HASTINGS ST,Hastings-Sunrise,498257.1495,5458705.0269
Theft from Vehicle,2017,6,17,19,30,36XX E PENDER ST,Hastings-Sunrise,498133.027,5458601.6573
Theft from Vehicle,2017,3,19,17,0,36XX E PENDER ST,Hastings-Sunrise,498177.0678,5458602.3818
Theft from Vehicle,2017,10,21,18,0,36XX E PENDER ST,Hastings-Sunrise,498177.0678,5458602.3818
Theft from Vehicle,2017,8,14,23,0,36XX ETON ST,Hastings-Sunrise,498148.0949,5459445.2163
Theft from Vehicle,2017,10,27,23,0,36XX ETON ST,Hastings-Sunrise,498278.6567,5459435.6453
Theft from Vehicle,2017,3,15,18,0,36XX FOSTER AVE,Renfrew-Collingwood,498114.1196,5453479.1034
Theft from Vehicle,2017,10,5,9,0,36XX FRASER ST,Kensington-Cedar Cottage,493454.3811,5455536.0983
Theft from Vehicle,2017,1,10,8,47,36XX GLEN DR,Kensington-Cedar Cottage,494051.0983,5455522.0015
Theft from Vehicle,2017,1,4,13,0,36XX GRANDVIEW HWY,Renfrew-Collingwood,498099.9028,5456152.1476
Theft from Vehicle,2017,11,4,9,0,36XX GRANDVIEW HWY,Renfrew-Collingwood,498106.2823,5456161.4338
Theft from Vehicle,2017,11,13,5,25,36XX GRANDVIEW HWY,Renfrew-Collingwood,498261.1167,5456155.6859
Theft from Vehicle,2017,3,29,22,30,36XX INVERNESS ST,Kensington-Cedar Cottage,494191.3595,5455544.2703
Theft from Vehicle,2017,1,5,20,15,36XX KASLO ST,Renfrew-Collingwood,496579.4811,5455437.6979
Theft from Vehicle,2017,10,12,23,0,36XX KINGSWAY AVE,Killarney,498073.5449,5453260.6108
Theft from Vehicle,2017,4,23,13,30,36XX KINGSWAY AVE,Renfrew-Collingwood,498135.2076,5453273.8404
Theft from Vehicle,2017,6,5,22,0,36XX KINGSWAY AVE,Renfrew-Collingwood,498228.9781,5453280.2923
Theft from Vehicle,2017,7,10,21,35,36XX KINGSWAY AVE,Renfrew-Collingwood,498228.9781,5453280.2923
Theft from Vehicle,2017,7,16,21,20,36XX KINGSWAY AVE,Renfrew-Collingwood,498228.9781,5453280.2923
Theft from Vehicle,2017,6,22,20,30,36XX KNIGHT ST,Kensington-Cedar Cottage,494464.8322,5455538.0942
Theft from Vehicle,2017,6,22,15,0,36XX KNIGHT ST,Kensington-Cedar Cottage,494464.8391,5455526.1941
Theft from Vehicle,2017,7,17,16,0,36XX MAIN ST,Riley Park,492650.0365,5455542.5943
Theft from Vehicle,2017,9,13,20,0,36XX MANITOBA ST,Riley Park,492198.2824,5455562.4857
Theft from Vehicle,2017,11,9,15,16,36XX MONMOUTH AVE,Renfrew-Collingwood,498265.842,5454093.5518
Theft from Vehicle,2017,10,21,20,0,36XX NAPIER ST,Hastings-Sunrise,498106.0307,5458015.848
Theft from Vehicle,2017,6,18,0,1,36XX NORMANDY DR,Renfrew-Collingwood,498168.5315,5455411.3484
Theft from Vehicle,2017,10,23,21,50,36XX OAK ST,Shaughnessy,490725.9297,5455621.1577
Theft from Vehicle,2017,11,2,22,0,36XX ONTARIO ST,Riley Park,492375.0606,5455503.1216
Theft from Vehicle,2017,3,31,20,0,36XX ONTARIO ST,Riley Park,492376.9204,5455558.2597
Theft from Vehicle,2017,11,2,4,22,36XX OXFORD ST,Hastings-Sunrise,498135.2524,5459209.6797
Theft from Vehicle,2017,7,6,4,0,36XX POINT GREY RD,Kitsilano,486646.1144,5457724.1343
Theft from Vehicle,2017,12,29,8,0,36XX RAE AVE,Renfrew-Collingwood,498149.43,5453792.4766
Theft from Vehicle,2017,11,20,22,0,36XX RAE AVE,Renfrew-Collingwood,498185.5545,5453770.0451
Theft from Vehicle,2017,11,21,19,30,36XX RAE AVE,Renfrew-Collingwood,498185.5545,5453770.0451
Theft from Vehicle,2017,10,22,11,30,36XX RAE AVE,Renfrew-Collingwood,498198.4561,5453762.0338
Theft from Vehicle,2017,12,7,18,0,36XX RAE AVE,Renfrew-Collingwood,498237.1609,5453738.0
Theft from Vehicle,2017,8,12,18,0,36XX SCALES PL,Renfrew-Collingwood,498178.9636,5454178.1861
Theft from Vehicle,2017,6,18,20,0,36XX SE MARINE DR,Killarney,498126.5339,5450574.278
Theft from Vehicle,2017,9,28,12,0,36XX SE MARINE DR,Killarney,498138.3923,5450575.7568
Theft from Vehicle,2017,2,2,23,0,36XX ST CATHERINES ST,Kensington-Cedar Cottage,493757.6369,5455524.5506
Theft from Vehicle,2017,1,20,8,0,36XX TANNER ST,Renfrew-Collingwood,497982.0509,5454419.4459
Theft from Vehicle,2017,6,28,14,0,36XX TRIUMPH ST,Hastings-Sunrise,498130.9973,5459009.3898
Theft from Vehicle,2017,5,3,2,0,36XX TURNER ST,Hastings-Sunrise,498133.6711,5458473.6587
Theft from Vehicle,2017,8,5,10,45,36XX VALLEY DR,Arbutus Ridge,488164.6193,5455765.8674
Theft from Vehicle,2017,7,27,19,0,36XX VANNESS AVE,Renfrew-Collingwood,498022.4561,5453696.3579
Theft from Vehicle,2017,11,30,18,0,36XX VANNESS AVE,Renfrew-Collingwood,498022.4561,5453696.3579
Theft from Vehicle,2017,12,16,16,0,36XX VANNESS AVE,Renfrew-Collingwood,498093.6298,5453646.4124
Theft from Vehicle,2017,11,16,15,0,36XX VANNESS AVE,Renfrew-Collingwood,498256.3276,5453592.7436
Theft from Vehicle,2017,12,14,18,0,36XX VICTORIA DR,Kensington-Cedar Cottage,495182.477,5455564.0843
Theft from Vehicle,2017,9,14,12,0,36XX VICTORIA DR,Kensington-Cedar Cottage,495201.587,5455553.6351
Theft from Vehicle,2017,1,19,0,0,36XX W 11TH AVE,Kitsilano,486515.2176,5456662.6864
Theft from Vehicle,2017,2,16,22,0,36XX W 12TH AVE,Kitsilano,486613.346,5456552.799
Theft from Vehicle,2017,8,20,22,0,36XX W 12TH AVE,Kitsilano,486613.346,5456552.799
Theft from Vehicle,2017,2,17,17,0,36XX W 16TH AVE,Kitsilano,486507.7764,5456159.6111
Theft from Vehicle,2017,1,10,18,0,36XX W 18TH AVE,Dunbar-Southlands,486518.3568,5455979.6887
Theft from Vehicle,2017,10,18,18,0,36XX W 1ST AVE,Kitsilano,486644.4081,5457625.6744
Theft from Vehicle,2017,3,16,0,0,36XX W 29TH AVE,Dunbar-Southlands,486441.1584,5454833.7013
Theft from Vehicle,2017,7,7,16,0,36XX W 3RD AVE,Kitsilano,486638.849,5457426.637
Theft from Vehicle,2017,7,9,23,30,36XX W 5TH AVE,Kitsilano,486532.874,5457231.9464
Theft from Vehicle,2017,6,21,22,0,36XX W 5TH AVE,Kitsilano,486561.82,5457240.2187
Theft from Vehicle,2017,6,26,18,0,36XX W 5TH AVE,Kitsilano,486633.2167,5457228.9099
Theft from Vehicle,2017,10,14,22,0,36XX W 7TH AVE,Kitsilano,486571.3505,5457052.1727
Theft from Vehicle,2017,6,16,23,0,36XX W BROADWAY AVE,Kitsilano,486507.1897,5456856.4283
Theft from Vehicle,2017,6,30,12,0,36XX W BROADWAY AVE,Kitsilano,486507.1897,5456856.4283
Theft from Vehicle,2017,6,24,23,0,36XX WILLIAM ST,Hastings-Sunrise,498132.0881,5457924.2539
Theft from Vehicle,2017,6,12,22,0,36XX WILLIAM ST,Hastings-Sunrise,498135.5501,5457924.2579
Theft from Vehicle,2017,6,12,21,0,36XX WILLIAM ST,Hastings-Sunrise,498149.3981,5457924.274
Theft from Vehicle,2017,7,14,0,0,36XX WILLIAM ST,Hastings-Sunrise,498159.7842,5457924.286
Theft from Vehicle,2017,12,22,15,30,36XX YALE ST,Hastings-Sunrise,498137.4824,5459766.5378
Theft from Vehicle,2017,11,13,17,30,37XX ANGUS DR,Shaughnessy,489473.7011,5455584.509
Theft from Vehicle,2017,9,5,0,0,37XX BEATRICE ST,Kensington-Cedar Cottage,495140.6224,5455427.3498
Theft from Vehicle,2017,4,13,17,0,37XX BEATRICE ST,Kensington-Cedar Cottage,495141.0745,5455441.0987
Theft from Vehicle,2017,2,26,20,0,37XX BEATRICE ST,Kensington-Cedar Cottage,495150.7788,5455457.9843
Theft from Vehicle,2017,10,22,0,3,37XX CAMBIE ST,South Cambie,491605.6573,5455461.5387
Theft from Vehicle,2017,3,29,21,0,37XX CARNARVON ST,Arbutus Ridge,487413.8531,5455599.3847
Theft from Vehicle,2017,12,24,23,0,37XX DUMFRIES ST,Kensington-Cedar Cottage,494661.8275,5455391.7375
Theft from Vehicle,2017,9,29,5,30,37XX FRASER ST,Riley Park,493440.6087,5455400.835
Theft from Vehicle,2017,10,13,13,10,37XX HUDSON ST,Shaughnessy,490194.5799,5455544.7816
Theft from Vehicle,2017,9,6,22,30,37XX NANAIMO ST,Kensington-Cedar Cottage,495876.4929,5455380.1157
Theft from Vehicle,2017,10,4,14,30,37XX ONTARIO ST,Riley Park,492371.6918,5455403.484
Theft from Vehicle,2017,12,14,0,0,37XX ONTARIO ST,Riley Park,492371.9175,5455409.3811
Theft from Vehicle,2017,12,9,23,50,37XX PUGET DR,Dunbar-Southlands,487289.022,5455686.6469
Theft from Vehicle,2017,12,7,17,0,37XX PUGET DR,Dunbar-Southlands,487307.1295,5455663.3568
Theft from Vehicle,2017,9,17,0,0,37XX SOPHIA ST,Riley Park,492829.4032,5455477.2484
Theft from Vehicle,2017,10,18,10,10,37XX W 10TH AVE,West Point Grey,486358.4891,5456772.7347
Theft from Vehicle,2017,10,1,19,0,37XX W 11TH AVE,West Point Grey,486374.6819,5456666.3883
Theft from Vehicle,2017,7,23,22,15,37XX W 11TH AVE,West Point Grey,486430.9147,5456655.7461
Theft from Vehicle,2017,12,16,4,0,37XX W 11TH AVE,West Point Grey,486468.5652,5456654.7451
Theft from Vehicle,2017,12,16,8,0,37XX W 11TH AVE,West Point Grey,486468.5652,5456654.7451
Theft from Vehicle,2017,5,26,17,0,37XX W 12TH AVE,West Point Grey,486355.4009,5456569.5993
Theft from Vehicle,2017,2,16,17,0,37XX W 12TH AVE,West Point Grey,486368.9222,5456569.2001
Theft from Vehicle,2017,12,18,21,30,37XX W 18TH AVE,Dunbar-Southlands,486421.9409,5455980.4113
Theft from Vehicle,2017,4,28,22,0,37XX W 19TH AVE,Dunbar-Southlands,486420.9687,5455878.94
Theft from Vehicle,2017,10,15,21,0,37XX W 22ND AVE,Dunbar-Southlands,486380.0479,5455578.5823
Theft from Vehicle,2017,7,2,3,30,37XX W 24TH AVE,Dunbar-Southlands,486408.5714,5455377.7108
Theft from Vehicle,2017,1,24,20,0,37XX W 28TH AVE,Dunbar-Southlands,486363.055,5454950.3879
Theft from Vehicle,2017,2,21,22,0,37XX W 30TH AVE,Dunbar-Southlands,486411.9877,5454729.655
Theft from Vehicle,2017,9,12,0,0,37XX W 31ST AVE,Dunbar-Southlands,486339.6919,5454632.7566
Theft from Vehicle,2017,5,14,17,30,37XX W 4TH AVE,West Point Grey,486430.5417,5457338.8533
Theft from Vehicle,2017,4,19,14,30,37XX W 5TH AVE,West Point Grey,486484.1612,5457233.3514
Theft from Vehicle,2017,10,8,17,30,37XX W 7TH AVE,West Point Grey,486468.4682,5457055.3486
Theft from Vehicle,2017,8,31,16,0,37XX W 7TH AVE,West Point Grey,486470.9023,5457055.3253
Theft from Vehicle,2017,10,14,19,0,37XX W 7TH AVE,West Point Grey,486478.7945,5457046.1038
Theft from Vehicle,2017,5,26,0,0,37XX W 8TH AVE,West Point Grey,486388.4088,5456956.171
Theft from Vehicle,2017,3,2,11,0,37XX W BROADWAY AVE,West Point Grey,486448.324,5456857.4189
Theft from Vehicle,2017,4,18,0,0,38XX ANGUS DR,Shaughnessy,489390.7853,5455402.7806
Theft from Vehicle,2017,4,17,21,0,38XX CEDAR CRES,Shaughnessy,489006.7737,5455495.5413
Theft from Vehicle,2017,12,21,22,30,38XX CEDAR CRES,Shaughnessy,489006.7737,5455495.5413
Theft from Vehicle,2017,9,15,16,0,38XX CLARK DR,Kensington-Cedar Cottage,494326.5409,5455342.6496
Theft from Vehicle,2017,8,23,20,0,38XX COLUMBIA ST,Riley Park,491995.98,5455346.8209
Theft from Vehicle,2017,8,27,0,0,38XX DUMFRIES ST,Kensington-Cedar Cottage,494660.8909,5455339.749
Theft from Vehicle,2017,12,4,18,0,38XX DUNBAR ST,Dunbar-Southlands,486529.2856,5455578.8093
Theft from Vehicle,2017,12,16,16,30,38XX FLEMING ST,Kensington-Cedar Cottage,494756.0277,5455317.2844
Theft from Vehicle,2017,7,6,23,0,38XX HEATHER ST,South Cambie,491249.4083,5455420.7789
Theft from Vehicle,2017,8,24,19,0,38XX LAUREL ST,South Cambie,490935.0879,5455437.5635
Theft from Vehicle,2017,4,10,23,0,38XX MAIN ST,Riley Park,492644.4506,5455289.1692
Theft from Vehicle,2017,6,11,0,0,38XX MAIN ST,Riley Park,492644.4506,5455289.1692
Theft from Vehicle,2017,4,21,13,0,38XX MAIN ST,Riley Park,492653.8608,5455298.0282
Theft from Vehicle,2017,11,24,14,45,38XX NOOTKA ST,Renfrew-Collingwood,496968.5724,5455216.8959
Theft from Vehicle,2017,8,8,7,35,38XX ONTARIO ST,Riley Park,492369.9845,5455358.9312
Theft from Vehicle,2017,10,16,21,30,38XX ORTONA CRES,West Point Grey,486215.7633,5457150.1781
Theft from Vehicle,2017,6,13,17,30,38XX PUGET DR,Arbutus Ridge,487356.0056,5455616.1279
Theft from Vehicle,2017,9,29,18,0,38XX PUGET DR,Arbutus Ridge,487356.0056,5455616.1279
Theft from Vehicle,2017,5,5,19,2,38XX RUPERT ST,Renfrew-Collingwood,497530.4173,5455258.0067
Theft from Vehicle,2017,5,31,19,0,38XX RUPERT ST,Renfrew-Collingwood,497530.4173,5455258.0067
Theft from Vehicle,2017,10,23,17,0,38XX RUPERT ST,Renfrew-Collingwood,497547.9476,5455312.5271
Theft from Vehicle,2017,12,17,17,15,38XX RUPERT ST,Renfrew-Collingwood,497548.1019,5455243.6788
Theft from Vehicle,2017,8,13,12,0,38XX SOPHIA ST,Riley Park,492826.9226,5455378.2499
Theft from Vehicle,2017,7,15,21,0,38XX W 10TH AVE,West Point Grey,486290.6554,5456765.736
Theft from Vehicle,2017,7,23,17,0,38XX W 12TH AVE,West Point Grey,486147.5331,5456574.5834
Theft from Vehicle,2017,12,12,18,0,38XX W 12TH AVE,West Point Grey,486147.5331,5456574.5834
Theft from Vehicle,2017,11,9,8,30,38XX W 12TH AVE,West Point Grey,486193.9526,5456564.3562
Theft from Vehicle,2017,11,15,12,0,38XX W 12TH AVE,West Point Grey,486325.3711,5456561.2965
Theft from Vehicle,2017,3,25,0,30,38XX W 13TH AVE,West Point Grey,486163.4667,5456463.0633
Theft from Vehicle,2017,1,16,21,0,38XX W 13TH AVE,West Point Grey,486321.0148,5456458.9598
Theft from Vehicle,2017,5,11,20,30,38XX W 15TH AVE,West Point Grey,486315.6552,5456256.3924
Theft from Vehicle,2017,12,11,16,0,38XX W 17TH AVE,Dunbar-Southlands,486313.6459,5456082.8311
Theft from Vehicle,2017,7,4,21,0,38XX W 19TH AVE,Dunbar-Southlands,486253.4843,5455879.9924
Theft from Vehicle,2017,7,4,19,0,38XX W 19TH AVE,Dunbar-Southlands,486311.7295,5455879.3443
Theft from Vehicle,2017,7,9,16,48,38XX W 1ST AVE,West Point Grey,486354.6608,5457633.8139
Theft from Vehicle,2017,7,29,19,0,38XX W 20TH AVE,Dunbar-Southlands,486311.1442,5455782.4695
Theft from Vehicle,2017,11,20,16,0,38XX W 21ST AVE,Dunbar-Southlands,486170.3844,5455690.3412
Theft from Vehicle,2017,8,19,20,30,38XX W 22ND AVE,Dunbar-Southlands,486278.039,5455579.4586
Theft from Vehicle,2017,12,19,21,30,38XX W 23RD AVE,Dunbar-Southlands,486308.3082,5455477.5967
Theft from Vehicle,2017,11,10,17,0,38XX W 24TH AVE,Dunbar-Southlands,486167.749,5455388.9454
Theft from Vehicle,2017,7,4,21,30,38XX W 24TH AVE,Dunbar-Southlands,486306.8552,5455378.6162
Theft from Vehicle,2017,1,30,18,0,38XX W 27TH AVE,Dunbar-Southlands,486303.6862,5455047.5798
Theft from Vehicle,2017,6,13,21,0,38XX W 31ST AVE,Dunbar-Southlands,486203.7163,5454624.7306
Theft from Vehicle,2017,1,15,14,30,38XX W 31ST AVE,Dunbar-Southlands,486246.3083,5454633.4699
Theft from Vehicle,2017,8,29,0,0,38XX W 35TH AVE,Dunbar-Southlands,486111.3453,5454204.0116
Theft from Vehicle,2017,9,27,8,0,38XX W 35TH AVE,Dunbar-Southlands,486134.5867,5454212.9244
Theft from Vehicle,2017,10,23,18,30,38XX W 35TH AVE,Dunbar-Southlands,486134.5867,5454212.9244
Theft from Vehicle,2017,8,28,0,0,38XX W 38TH AVE,Dunbar-Southlands,486129.1018,5453882.4294
Theft from Vehicle,2017,7,25,18,0,38XX W 3RD AVE,West Point Grey,486139.8853,5457436.8951
Theft from Vehicle,2017,4,1,14,0,38XX W 3RD AVE,West Point Grey,486287.7966,5457435.0773
Theft from Vehicle,2017,3,27,19,0,38XX W 3RD AVE,West Point Grey,486346.9612,5457434.3502
Theft from Vehicle,2017,7,19,0,0,38XX W 4TH AVE,West Point Grey,486301.1803,5457342.2926
Theft from Vehicle,2017,12,17,17,0,38XX W 50TH AVE,Kerrisdale,486128.7118,5452651.5674
Theft from Vehicle,2017,1,3,11,58,38XX WINDERMERE ST,Renfrew-Collingwood,497334.7266,5455217.1315
Theft from Vehicle,2017,10,17,0,0,39XX ANGUS DR,Shaughnessy,489371.9747,5455302.0202
Theft from Vehicle,2017,5,18,23,30,39XX ANTWERP LANE,West Point Grey,486082.7517,5457022.4283
Theft from Vehicle,2017,10,5,20,0,39XX BOYD DVRS,Renfrew-Collingwood,496894.4873,5455228.5014
Theft from Vehicle,2017,9,11,23,0,39XX CAMBIE ST,South Cambie,491600.2627,5455276.8328
Theft from Vehicle,2017,12,3,17,0,39XX CAMBIE ST,South Cambie,491600.2627,5455276.8328
Theft from Vehicle,2017,6,5,14,0,39XX GLEN DR,Kensington-Cedar Cottage,494036.9493,5455246.0901
Theft from Vehicle,2017,8,22,19,0,39XX GLENDALE ST,Renfrew-Collingwood,498158.1923,5455215.2752
Theft from Vehicle,2017,7,4,1,0,39XX HEATHER ST,South Cambie,491248.0041,5455328.335
Theft from Vehicle,2017,6,9,19,0,39XX INVERNESS ST,Kensington-Cedar Cottage,494173.6064,5455209.6813
Theft from Vehicle,2017,7,14,21,0,39XX KASLO ST,Renfrew-Collingwood,496577.9602,5455188.2152
Theft from Vehicle,2017,5,6,18,0,39XX KNIGHT ST,Kensington-Cedar Cottage,494454.3935,5455220.0718
Theft from Vehicle,2017,10,10,19,0,39XX KNIGHT ST,Kensington-Cedar Cottage,494454.3935,5455220.0718
Theft from Vehicle,2017,10,5,23,30,39XX LAUREL ST,South Cambie,490932.1809,5455331.5186
Theft from Vehicle,2017,4,4,18,45,39XX LILLOOET ST,Renfrew-Collingwood,497158.368,5455198.728
Theft from Vehicle,2017,5,9,19,30,39XX POINT GREY RD,West Point Grey,486116.6778,5457633.8457
Theft from Vehicle,2017,6,30,15,0,39XX POINT GREY RD,West Point Grey,486116.6778,5457633.8457
Theft from Vehicle,2017,2,26,15,30,39XX POINT GREY RD,West Point Grey,486162.8919,5457641.4725
Theft from Vehicle,2017,10,26,22,0,39XX QUESNEL DR,Dunbar-Southlands,487339.355,5455472.5512
Theft from Vehicle,2017,5,29,18,0,39XX SKEENA ST,Renfrew-Collingwood,497928.4383,5455211.6666
Theft from Vehicle,2017,5,5,22,0,39XX SPRINGTREE DR,Arbutus Ridge,488803.0029,5455368.3427
Theft from Vehicle,2017,5,13,0,0,39XX SPRINGTREE DR,Arbutus Ridge,488803.2084,5455365.944
Theft from Vehicle,2017,10,28,4,56,39XX ST CATHERINES ST,Kensington-Cedar Cottage,493760.5966,5455255.0228
Theft from Vehicle,2017,4,18,22,0,39XX VALLEY DR,Arbutus Ridge,488329.5484,5455412.4516
Theft from Vehicle,2017,5,25,15,0,39XX W 10TH AVE,West Point Grey,485915.4882,5456775.2545
Theft from Vehicle,2017,7,24,21,0,39XX W 11TH AVE,West Point Grey,486075.5273,5456664.8403
Theft from Vehicle,2017,1,2,18,0,39XX W 11TH AVE,West Point Grey,486097.0975,5456673.5386
Theft from Vehicle,2017,9,1,20,0,39XX W 13TH AVE,West Point Grey,485901.4567,5456469.8246
Theft from Vehicle,2017,10,23,19,0,39XX W 16TH AVE,West Point Grey,486009.1749,5456173.8341
Theft from Vehicle,2017,11,4,18,0,39XX W 17TH AVE,Dunbar-Southlands,486111.0653,5456087.7985
Theft from Vehicle,2017,8,20,23,0,39XX W 18TH AVE,Dunbar-Southlands,486048.3435,5455983.7513
Theft from Vehicle,2017,12,21,20,0,39XX W 31ST AVE,Dunbar-Southlands,485929.9992,5454636.3577
Theft from Vehicle,2017,4,12,3,30,39XX W 31ST AVE,Dunbar-Southlands,486025.9486,5454626.3671
Theft from Vehicle,2017,11,16,21,0,39XX W 33RD AVE,Dunbar-Southlands,485909.1589,5454418.9908
Theft from Vehicle,2017,11,2,21,45,39XX W 33RD AVE,Dunbar-Southlands,486097.3482,5454418.8467
Theft from Vehicle,2017,10,1,23,0,39XX W 35TH AVE,Dunbar-Southlands,485954.2028,5454216.3003
Theft from Vehicle,2017,10,1,0,0,39XX W 36TH AVE,Dunbar-Southlands,485957.1632,5454100.0067
Theft from Vehicle,2017,10,28,20,0,39XX W 36TH AVE,Dunbar-Southlands,485999.3133,5454099.1745
Theft from Vehicle,2017,9,15,17,0,39XX W 36TH AVE,Dunbar-Southlands,486095.1089,5454097.2832
Theft from Vehicle,2017,1,29,20,0,39XX W 37TH AVE,Dunbar-Southlands,485960.5723,5454004.6524
Theft from Vehicle,2017,2,10,9,30,39XX W KING EDWARD AVE,Dunbar-Southlands,486084.6809,5455289.0971
Theft from Vehicle,2017,9,21,12,0,3X E 13TH AVE,Mount Pleasant,492411.5621,5456296.4207
Theft from Vehicle,2017,1,30,11,57,3X E 14TH AVE,Mount Pleasant,492409.6298,5456187.9318
Theft from Vehicle,2017,11,13,8,0,3X E 16TH AVE,Mount Pleasant,492408.4414,5455994.0137
Theft from Vehicle,2017,9,18,11,40,3X E 6TH AVE,Mount Pleasant,492420.7798,5456977.5029
Theft from Vehicle,2017,9,30,18,15,3X E PENDER ST,Central Business District,492466.1756,5458645.2672
Theft from Vehicle,2017,11,26,18,0,3X N TEMPLETON DR,Grandview-Woodland,495653.1625,5459151.7556
Theft from Vehicle,2017,11,26,19,0,3X N TEMPLETON DR,Grandview-Woodland,495653.1625,5459151.7556
Theft from Vehicle,2017,1,10,12,30,3X POWELL ST,Central Business District,492478.5387,5458946.3967
Theft from Vehicle,2017,12,18,14,39,3X SMITHE ST,Central Business District,491768.802,5458035.2336
Theft from Vehicle,2017,2,8,17,49,3X SMITHE ST,Central Business District,491780.7248,5458011.075
Theft from Vehicle,2017,12,28,22,30,3X SMITHE ST,Central Business District,491780.7248,5458011.075
Theft from Vehicle,2017,10,1,6,0,3X SMITHE ST,Central Business District,491788.0426,5458016.558
Theft from Vehicle,2017,11,15,12,0,3X SMITHE ST,Central Business District,491788.0426,5458016.558
Theft from Vehicle,2017,11,30,19,30,3X SMITHE ST,Central Business District,491788.0426,5458016.558
Theft from Vehicle,2017,12,25,1,0,3X SMITHE ST,Central Business District,491788.0426,5458016.558
Theft from Vehicle,2017,4,12,18,0,3X SMITHE ST,Central Business District,491809.0432,5457988.5298
Theft from Vehicle,2017,4,13,7,15,3X SMITHE ST,Central Business District,491809.0432,5457988.5298
Theft from Vehicle,2017,1,31,20,30,3X W 19TH AVE,Riley Park,492299.9966,5455678.5072
Theft from Vehicle,2017,6,7,22,25,3X W 5TH AVE,Mount Pleasant,492329.0038,5457092.9009
Theft from Vehicle,2017,6,5,20,30,3X W 61ST AVE,Marpole,492215.6319,5451376.1043
Theft from Vehicle,2017,6,1,12,22,3X W 62ND AVE,Marpole,492210.6314,5451270.7063
Theft from Vehicle,2017,2,3,15,30,3X W CORDOVA ST,Central Business District,492346.5732,5458874.6525
Theft from Vehicle,2017,2,5,16,0,3X W CORDOVA ST,Central Business District,492346.5732,5458874.6525
Theft from Vehicle,2017,3,31,1,0,3X W CORDOVA ST,Central Business District,492346.5732,5458874.6525
Theft from Vehicle,2017,4,24,18,30,3X W CORDOVA ST,Central Business District,492346.5732,5458874.6525
Theft from Vehicle,2017,8,24,11,40,3X W CORDOVA ST,Central Business District,492346.5732,5458874.6525
Theft from Vehicle,2017,11,28,18,30,3X W CORDOVA ST,Central Business District,492346.5732,5458874.6525
Theft from Vehicle,2017,3,15,13,16,3X W HASTINGS ST,Central Business District,492346.7428,5458765.7787
Theft from Vehicle,2017,2,8,16,30,3X W PENDER ST,Central Business District,492312.8772,5458673.7778
Theft from Vehicle,2017,2,10,16,0,3X W PENDER ST,Central Business District,492312.8772,5458673.7778
Theft from Vehicle,2017,4,20,20,0,3X W PENDER ST,Central Business District,492316.874,5458672.6783
Theft from Vehicle,2017,3,6,23,20,3X W PENDER ST,Central Business District,492331.9745,5458659.0957
Theft from Vehicle,2017,1,13,7,30,3XX ABBOTT ST,Central Business District,492219.1855,5458881.348
Theft from Vehicle,2017,3,20,16,30,3XX ABBOTT ST,Central Business District,492233.7027,5458898.9849
Theft from Vehicle,2017,7,23,13,45,3XX ABBOTT ST,Central Business District,492233.7027,5458898.9849
Theft from Vehicle,2017,1,14,13,30,3XX ABBOTT ST,Central Business District,492237.1355,5458911.0666
Theft from Vehicle,2017,3,24,10,46,3XX ABBOTT ST,Central Business District,492237.1355,5458911.0666
Theft from Vehicle,2017,9,11,18,0,3XX ABBOTT ST,Central Business District,492237.1355,5458911.0666
Theft from Vehicle,2017,9,14,13,0,3XX ABBOTT ST,Central Business District,492237.1355,5458911.0666
Theft from Vehicle,2017,10,7,18,0,3XX ABBOTT ST,Central Business District,492237.1355,5458911.0666
Theft from Vehicle,2017,12,2,22,43,3XX ABBOTT ST,Central Business District,492237.1355,5458911.0666
Theft from Vehicle,2017,3,19,7,40,3XX ALEXANDER ST,Strathcona,492890.2142,5459034.8466
Theft from Vehicle,2017,7,8,11,0,3XX ALEXANDER ST,Strathcona,492890.2142,5459034.8466
Theft from Vehicle,2017,4,7,15,0,3XX ALEXANDER ST,Strathcona,492907.9472,5459034.2866
Theft from Vehicle,2017,12,18,10,0,3XX ALEXANDER ST,Strathcona,492911.7825,5459043.314
Theft from Vehicle,2017,6,9,10,5,3XX BUTE ST,Central Business District,491116.4691,5459615.3162
Theft from Vehicle,2017,10,12,17,36,3XX BUTE ST,Central Business District,491124.6825,5459610.5052
Theft from Vehicle,2017,2,8,0,0,3XX CAMBIE ST,Central Business District,492061.8658,5458966.7626
Theft from Vehicle,2017,2,8,9,0,3XX CAMBIE ST,Central Business District,492061.8658,5458966.7626
Theft from Vehicle,2017,1,20,10,30,3XX CAMBIE ST,Central Business District,492065.0689,5458977.2305
Theft from Vehicle,2017,2,8,21,0,3XX CAMBIE ST,Central Business District,492065.0689,5458977.2305
Theft from Vehicle,2017,4,9,11,7,3XX CAMBIE ST,Central Business District,492065.0689,5458977.2305
Theft from Vehicle,2017,5,15,19,0,3XX CAMBIE ST,Central Business District,492065.0689,5458977.2305
Theft from Vehicle,2017,9,27,3,30,3XX CAMBIE ST,Central Business District,492065.0689,5458977.2305
Theft from Vehicle,2017,2,24,11,10,3XX CARRALL ST,Central Business District,492412.1194,5458854.8691
Theft from Vehicle,2017,3,22,0,30,3XX CARRALL ST,Central Business District,492421.343,5458856.5575
Theft from Vehicle,2017,4,15,22,0,3XX CARRALL ST,Central Business District,492421.343,5458856.5575
Theft from Vehicle,2017,6,2,8,40,3XX COLUMBIA ST,Central Business District,492568.4447,5458795.0772
Theft from Vehicle,2017,6,10,20,45,3XX COLUMBIA ST,Central Business District,492569.8969,5458847.0253
Theft from Vehicle,2017,8,17,17,40,3XX COLUMBIA ST,Central Business District,492569.8969,5458847.0253
Theft from Vehicle,2017,9,7,10,0,3XX COLUMBIA ST,Central Business District,492569.8969,5458847.0253
Theft from Vehicle,2017,9,8,14,45,3XX COLUMBIA ST,Central Business District,492569.8969,5458847.0253
Theft from Vehicle,2017,10,14,11,0,3XX COMMERCIAL DR,Grandview-Woodland,494886.0099,5458826.5658
Theft from Vehicle,2017,7,31,22,0,3XX DRAKE ST,Central Business District,490955.7577,5457901.225
Theft from Vehicle,2017,12,12,16,54,3XX DUNSMUIR ST,Central Business District,491797.8691,5458736.3249
Theft from Vehicle,2017,1,22,22,30,3XX DUNSMUIR ST,Central Business District,491813.0087,5458708.1654
Theft from Vehicle,2017,1,25,14,30,3XX DUNSMUIR ST,Central Business District,491813.0087,5458708.1654
Theft from Vehicle,2017,4,11,19,15,3XX DUNSMUIR ST,Central Business District,491813.0087,5458708.1654
Theft from Vehicle,2017,8,2,17,5,3XX DUNSMUIR ST,Central Business District,491813.0087,5458708.1654
Theft from Vehicle,2017,12,10,19,43,3XX DUNSMUIR ST,Central Business District,491813.0087,5458708.1654
Theft from Vehicle,2017,12,1,19,0,3XX E 10TH AVE,Mount Pleasant,492924.8995,5456576.4243
Theft from Vehicle,2017,5,2,12,0,3XX E 10TH AVE,Mount Pleasant,492972.2143,5456575.2681
Theft from Vehicle,2017,6,7,17,30,3XX E 11TH AVE,Mount Pleasant,492850.5366,5456479.392
Theft from Vehicle,2017,9,5,19,0,3XX E 11TH AVE,Mount Pleasant,492850.5366,5456479.392
Theft from Vehicle,2017,11,13,8,30,3XX E 11TH AVE,Mount Pleasant,492850.5366,5456479.392
Theft from Vehicle,2017,7,19,0,0,3XX E 11TH AVE,Mount Pleasant,492977.9594,5456476.6057
Theft from Vehicle,2017,1,11,14,0,3XX E 12TH AVE,Mount Pleasant,492849.7239,5456379.6019
Theft from Vehicle,2017,9,2,21,0,3XX E 13TH AVE,Mount Pleasant,492848.8436,5456279.0602
Theft from Vehicle,2017,12,4,14,4,3XX E 14TH AVE,Mount Pleasant,492846.1395,5456177.0105
Theft from Vehicle,2017,11,12,21,0,3XX E 14TH AVE,Mount Pleasant,492859.8459,5456176.6879
Theft from Vehicle,2017,11,21,0,0,3XX E 14TH AVE,Mount Pleasant,492879.2499,5456185.3778
Theft from Vehicle,2017,9,18,14,0,3XX E 14TH AVE,Mount Pleasant,492900.965,5456175.7203
Theft from Vehicle,2017,11,3,19,0,3XX E 14TH AVE,Mount Pleasant,492900.965,5456175.7203
Theft from Vehicle,2017,9,29,18,0,3XX E 14TH AVE,Mount Pleasant,492934.0755,5456184.0876
Theft from Vehicle,2017,12,27,4,20,3XX E 15TH AVE,Mount Pleasant,492850.6545,5456078.0086
Theft from Vehicle,2017,9,15,13,20,3XX E 16TH AVE,Riley Park,492841.1124,5455975.3296
Theft from Vehicle,2017,6,22,20,0,3XX E 18TH AVE,Riley Park,492836.3121,5455776.847
Theft from Vehicle,2017,12,13,18,0,3XX E 18TH AVE,Riley Park,492869.3462,5455785.1496
Theft from Vehicle,2017,4,29,20,0,3XX E 18TH AVE,Riley Park,492890.9795,5455775.4497
Theft from Vehicle,2017,6,9,0,0,3XX E 18TH AVE,Riley Park,492951.3473,5455783.0538
Theft from Vehicle,2017,6,16,6,13,3XX E 1ST AVE,Mount Pleasant,492915.7473,5457289.2109
Theft from Vehicle,2017,12,14,17,30,3XX E 1ST AVE,Mount Pleasant,492915.7473,5457289.2109
Theft from Vehicle,2017,1,4,14,55,3XX E 2ND AVE,Mount Pleasant,492857.0244,5457217.3915
Theft from Vehicle,2017,5,22,21,30,3XX E 2ND AVE,Mount Pleasant,492857.0244,5457217.3915
Theft from Vehicle,2017,8,13,18,30,3XX E 2ND AVE,Mount Pleasant,492926.81,5457160.5893
Theft from Vehicle,2017,5,23,4,53,3XX E 2ND AVE,Mount Pleasant,492950.7298,5457144.4702
Theft from Vehicle,2017,10,29,12,0,3XX E 2ND AVE,Mount Pleasant,492950.7298,5457144.4702
Theft from Vehicle,2017,12,16,17,0,3XX E 2ND AVE,Mount Pleasant,492950.7298,5457144.4702
Theft from Vehicle,2017,10,1,9,6,3XX E 2ND AVE,Mount Pleasant,493032.7576,5457059.1017
Theft from Vehicle,2017,11,25,0,0,3XX E 31ST AVE,Riley Park,492934.7425,5454447.6225
Theft from Vehicle,2017,9,14,18,0,3XX E 32ND AVE,Riley Park,492816.3332,5454384.4591
Theft from Vehicle,2017,6,10,22,0,3XX E 33RD AVE,Riley Park,492810.7617,5454187.1199
Theft from Vehicle,2017,7,8,18,0,3XX E 34TH AVE,Riley Park,492790.4437,5454104.9149
Theft from Vehicle,2017,6,11,23,0,3XX E 34TH AVE,Riley Park,492901.9661,5454102.5956
Theft from Vehicle,2017,10,29,2,0,3XX E 34TH AVE,Riley Park,492901.9661,5454102.5956
Theft from Vehicle,2017,9,3,0,30,3XX E 35TH AVE,Riley Park,492917.2867,5454009.1707
Theft from Vehicle,2017,6,19,23,0,3XX E 36TH AVE,Riley Park,492741.9792,5453926.2226
Theft from Vehicle,2017,11,6,17,36,3XX E 36TH AVE,Riley Park,492927.8553,5453928.7897
Theft from Vehicle,2017,3,19,16,0,3XX E 37TH AVE,Riley Park,492773.6953,5453828.3298
Theft from Vehicle,2017,9,2,21,30,3XX E 37TH AVE,Riley Park,492903.419,5453832.3656
Theft from Vehicle,2017,5,18,22,0,3XX E 38TH AVE,Riley Park,492770.2276,5453723.6669
Theft from Vehicle,2017,6,19,16,30,3XX E 40TH AVE,Riley Park,492883.4206,5453529.0943
Theft from Vehicle,2017,4,5,6,30,3XX E 45TH AVE,Sunset,492761.2667,5452950.643
Theft from Vehicle,2017,10,12,7,0,3XX E 46TH AVE,Sunset,492762.3204,5452849.9633
Theft from Vehicle,2017,11,28,17,0,3XX E 48TH AVE,Sunset,492822.5456,5452659.8728
Theft from Vehicle,2017,11,26,16,0,3XX E 48TH AVE,Sunset,492825.4303,5452650.689
Theft from Vehicle,2017,11,26,19,0,3XX E 48TH AVE,Sunset,492825.4303,5452650.689
Theft from Vehicle,2017,5,17,4,3,3XX E 56TH AVE,Sunset,492735.0362,5451830.7759
Theft from Vehicle,2017,12,12,19,0,3XX E 58TH AVE,Sunset,492780.538,5451649.4019
Theft from Vehicle,2017,11,18,6,0,3XX E 61ST AVE,Sunset,492722.9586,5451362.4318
Theft from Vehicle,2017,7,8,0,0,3XX E 62ND AVE,Sunset,492721.6197,5451281.643
Theft from Vehicle,2017,11,10,23,0,3XX E 64TH AVE,Sunset,492703.1977,5451093.0732
Theft from Vehicle,2017,5,10,15,0,3XX E 6TH AVE,Mount Pleasant,492824.6945,5456966.6106
Theft from Vehicle,2017,7,4,23,45,3XX E 6TH AVE,Mount Pleasant,492833.5325,5456975.5184
Theft from Vehicle,2017,11,29,20,0,3XX E 7TH AVE,Mount Pleasant,492808.8699,5456866.6121
Theft from Vehicle,2017,9,1,21,0,3XX E 7TH AVE,Mount Pleasant,492842.9062,5456875.3595
Theft from Vehicle,2017,9,1,22,0,3XX E 7TH AVE,Mount Pleasant,492842.9062,5456875.3595
Theft from Vehicle,2017,9,2,0,0,3XX E 7TH AVE,Mount Pleasant,492842.9062,5456875.3595
Theft from Vehicle,2017,1,29,23,0,3XX E 7TH AVE,Mount Pleasant,492876.7291,5456865.8202
Theft from Vehicle,2017,5,31,15,46,3XX E 7TH AVE,Mount Pleasant,492876.7291,5456865.8202
Theft from Vehicle,2017,9,25,20,30,3XX E 7TH AVE,Mount Pleasant,492876.7291,5456865.8202
Theft from Vehicle,2017,7,29,14,0,3XX E 7TH AVE,Mount Pleasant,492880.6057,5456874.9196
Theft from Vehicle,2017,12,28,11,30,3XX E 8TH AVE,Mount Pleasant,492805.3598,5456766.4414
Theft from Vehicle,2017,9,7,21,30,3XX E 8TH AVE,Mount Pleasant,492834.292,5456774.7508
Theft from Vehicle,2017,3,17,19,18,3XX E 8TH AVE,Mount Pleasant,492953.0275,5456762.1517
Theft from Vehicle,2017,9,10,18,0,3XX E 8TH AVE,Mount Pleasant,492953.0275,5456762.1517
Theft from Vehicle,2017,11,9,0,0,3XX E 8TH AVE,Mount Pleasant,492953.0275,5456762.1517
Theft from Vehicle,2017,1,27,13,0,3XX E BROADWAY AVE,Mount Pleasant,492936.7648,5456669.2373
Theft from Vehicle,2017,3,18,21,20,3XX E BROADWAY AVE,Mount Pleasant,492936.7648,5456669.2373
Theft from Vehicle,2017,10,25,20,30,3XX E BROADWAY AVE,Mount Pleasant,492936.7648,5456669.2373
Theft from Vehicle,2017,10,14,13,10,3XX E CORDOVA ST,Strathcona,492906.9814,5458833.0408
Theft from Vehicle,2017,4,14,8,30,3XX E CORDOVA ST,Strathcona,492916.2993,5458832.732
Theft from Vehicle,2017,4,14,10,0,3XX E CORDOVA ST,Strathcona,492916.2993,5458832.732
Theft from Vehicle,2017,11,26,13,42,3XX E CORDOVA ST,Strathcona,493012.5849,5458829.5414
Theft from Vehicle,2017,9,10,9,0,3XX E HASTINGS ST,Strathcona,493036.3698,5458725.0579
Theft from Vehicle,2017,5,15,11,58,3XX E KENT AVE S,Sunset,492695.9792,5450484.7767
Theft from Vehicle,2017,12,18,14,30,3XX E KENT AVE S,Sunset,492717.4458,5450487.5635
Theft from Vehicle,2017,4,10,16,30,3XX E KING EDWARD AVE,Riley Park,492790.2998,5455108.2699
Theft from Vehicle,2017,3,25,11,30,3XX E PENDER ST,Strathcona,492925.5435,5458620.0393
Theft from Vehicle,2017,3,29,21,30,3XX E PENDER ST,Strathcona,492925.5435,5458620.0393
Theft from Vehicle,2017,6,12,16,0,3XX E PENDER ST,Strathcona,492925.5435,5458620.0393
Theft from Vehicle,2017,8,30,22,0,3XX E PENDER ST,Strathcona,492925.5435,5458620.0393
Theft from Vehicle,2017,11,8,18,0,3XX E PENDER ST,Strathcona,492925.5435,5458620.0393
Theft from Vehicle,2017,9,26,22,0,3XX EXPO BLVD,Central Business District,492217.0997,5458398.4308
Theft from Vehicle,2017,10,12,8,0,3XX GLEN DR,Strathcona,494092.895,5458797.2684
Theft from Vehicle,2017,12,2,18,0,3XX GLEN DR,Strathcona,494092.895,5458797.2684
Theft from Vehicle,2017,1,16,8,0,3XX GORE AVE,Strathcona,492906.9601,5458836.6757
Theft from Vehicle,2017,5,14,18,0,3XX GORE AVE,Strathcona,492906.9601,5458836.6757
Theft from Vehicle,2017,8,26,21,0,3XX GRANVILLE ST,Central Business District,491779.1428,5459232.0296
Theft from Vehicle,2017,9,7,20,20,3XX GRANVILLE ST,Central Business District,491779.1428,5459232.0296
Theft from Vehicle,2017,3,30,5,30,3XX GRANVILLE ST,Central Business District,491780.6525,5459233.5503
Theft from Vehicle,2017,3,30,12,5,3XX GRANVILLE ST,Central Business District,491780.6525,5459233.5503
Theft from Vehicle,2017,4,4,9,0,3XX GRANVILLE ST,Central Business District,491780.6525,5459233.5503
Theft from Vehicle,2017,4,9,6,28,3XX GRANVILLE ST,Central Business District,491780.6525,5459233.5503
Theft from Vehicle,2017,4,20,7,0,3XX GRANVILLE ST,Central Business District,491780.6525,5459233.5503
Theft from Vehicle,2017,4,20,7,55,3XX GRANVILLE ST,Central Business District,491780.6525,5459233.5503
Theft from Vehicle,2017,4,27,8,30,3XX GRANVILLE ST,Central Business District,491780.6525,5459233.5503
Theft from Vehicle,2017,4,29,19,30,3XX GRANVILLE ST,Central Business District,491780.6525,5459233.5503
Theft from Vehicle,2017,4,29,21,20,3XX GRANVILLE ST,Central Business District,491780.6525,5459233.5503
Theft from Vehicle,2017,5,4,6,0,3XX GRANVILLE ST,Central Business District,491780.6525,5459233.5503
Theft from Vehicle,2017,5,4,18,30,3XX GRANVILLE ST,Central Business District,491780.6525,5459233.5503
Theft from Vehicle,2017,5,4,22,36,3XX GRANVILLE ST,Central Business District,491780.6525,5459233.5503
Theft from Vehicle,2017,5,5,8,0,3XX GRANVILLE ST,Central Business District,491780.6525,5459233.5503
Theft from Vehicle,2017,5,29,17,30,3XX GRANVILLE ST,Central Business District,491780.6525,5459233.5503
Theft from Vehicle,2017,6,4,15,59,3XX GRANVILLE ST,Central Business District,491780.6525,5459233.5503
Theft from Vehicle,2017,6,10,11,20,3XX GRANVILLE ST,Central Business District,491780.6525,5459233.5503
Theft from Vehicle,2017,7,5,7,30,3XX GRANVILLE ST,Central Business District,491780.6525,5459233.5503
Theft from Vehicle,2017,7,13,10,30,3XX GRANVILLE ST,Central Business District,491780.6525,5459233.5503
Theft from Vehicle,2017,7,15,2,6,3XX GRANVILLE ST,Central Business District,491780.6525,5459233.5503
Theft from Vehicle,2017,7,4,8,0,3XX GRANVILLE ST,Central Business District,491780.6525,5459233.5504
Theft from Vehicle,2017,7,5,8,4,3XX GRANVILLE ST,Central Business District,491780.6525,5459233.5504
Theft from Vehicle,2017,7,6,8,30,3XX GRANVILLE ST,Central Business District,491780.6525,5459233.5504
Theft from Vehicle,2017,7,9,12,44,3XX GRANVILLE ST,Central Business District,491780.6525,5459233.5504
Theft from Vehicle,2017,7,10,10,0,3XX GRANVILLE ST,Central Business District,491780.6525,5459233.5504
Theft from Vehicle,2017,7,11,7,36,3XX GRANVILLE ST,Central Business District,491780.6525,5459233.5504
Theft from Vehicle,2017,7,17,8,0,3XX GRANVILLE ST,Central Business District,491780.6525,5459233.5504
Theft from Vehicle,2017,7,20,15,0,3XX GRANVILLE ST,Central Business District,491780.6525,5459233.5504
Theft from Vehicle,2017,7,20,16,0,3XX GRANVILLE ST,Central Business District,491780.6525,5459233.5504
Theft from Vehicle,2017,7,22,11,0,3XX GRANVILLE ST,Central Business District,491780.6525,5459233.5504
Theft from Vehicle,2017,7,22,14,30,3XX GRANVILLE ST,Central Business District,491780.6525,5459233.5504
Theft from Vehicle,2017,7,25,8,30,3XX GRANVILLE ST,Central Business District,491780.6525,5459233.5504
Theft from Vehicle,2017,7,26,17,0,3XX GRANVILLE ST,Central Business District,491780.6525,5459233.5504
Theft from Vehicle,2017,7,27,9,0,3XX GRANVILLE ST,Central Business District,491780.6525,5459233.5504
Theft from Vehicle,2017,7,28,8,0,3XX GRANVILLE ST,Central Business District,491780.6525,5459233.5504
Theft from Vehicle,2017,8,1,11,8,3XX GRANVILLE ST,Central Business District,491780.6525,5459233.5504
Theft from Vehicle,2017,8,3,19,0,3XX GRANVILLE ST,Central Business District,491780.6525,5459233.5504
Theft from Vehicle,2017,8,4,23,0,3XX GRANVILLE ST,Central Business District,491780.6525,5459233.5504
Theft from Vehicle,2017,8,6,14,0,3XX GRANVILLE ST,Central Business District,491780.6525,5459233.5504
Theft from Vehicle,2017,8,6,17,19,3XX GRANVILLE ST,Central Business District,491780.6525,5459233.5504
Theft from Vehicle,2017,8,6,17,38,3XX GRANVILLE ST,Central Business District,491780.6525,5459233.5504
Theft from Vehicle,2017,8,8,8,36,3XX GRANVILLE ST,Central Business District,491780.6525,5459233.5504
Theft from Vehicle,2017,8,8,9,30,3XX GRANVILLE ST,Central Business District,491780.6525,5459233.5504
Theft from Vehicle,2017,8,8,14,2,3XX GRANVILLE ST,Central Business District,491780.6525,5459233.5504
Theft from Vehicle,2017,8,8,18,30,3XX GRANVILLE ST,Central Business District,491780.6525,5459233.5504
Theft from Vehicle,2017,8,22,8,10,3XX GRANVILLE ST,Central Business District,491780.6525,5459233.5504
Theft from Vehicle,2017,8,23,7,30,3XX GRANVILLE ST,Central Business District,491780.6525,5459233.5504
Theft from Vehicle,2017,8,28,18,0,3XX GRANVILLE ST,Central Business District,491780.6525,5459233.5504
Theft from Vehicle,2017,8,29,23,30,3XX GRANVILLE ST,Central Business District,491780.6525,5459233.5504
Theft from Vehicle,2017,8,31,11,30,3XX GRANVILLE ST,Central Business District,491780.6525,5459233.5504
Theft from Vehicle,2017,9,1,22,45,3XX GRANVILLE ST,Central Business District,491780.6525,5459233.5504
Theft from Vehicle,2017,9,2,10,0,3XX GRANVILLE ST,Central Business District,491780.6525,5459233.5504
Theft from Vehicle,2017,10,17,9,0,3XX GRANVILLE ST,Central Business District,491780.6525,5459233.5504
Theft from Vehicle,2017,12,17,19,45,3XX GRANVILLE ST,Central Business District,491780.6525,5459233.5504
Theft from Vehicle,2017,4,6,15,53,3XX GRANVILLE ST,Central Business District,491787.7684,5459240.7177
Theft from Vehicle,2017,5,12,16,0,3XX GRANVILLE ST,Central Business District,491794.8843,5459247.885
Theft from Vehicle,2017,6,28,8,35,3XX GRANVILLE ST,Central Business District,491794.8843,5459247.885
Theft from Vehicle,2017,7,9,12,45,3XX GRANVILLE ST,Central Business District,491794.8843,5459247.885
Theft from Vehicle,2017,7,12,20,41,3XX GRANVILLE ST,Central Business District,491794.8843,5459247.885
Theft from Vehicle,2017,8,22,15,27,3XX GRANVILLE ST,Central Business District,491794.8843,5459247.885
Theft from Vehicle,2017,9,6,17,57,3XX GRANVILLE ST,Central Business District,491794.8843,5459247.885
Theft from Vehicle,2017,9,2,23,30,3XX HOMER ST,Central Business District,491963.2707,5458993.3344
Theft from Vehicle,2017,1,14,22,0,3XX HOMER ST,Central Business District,492003.3692,5459033.8354
Theft from Vehicle,2017,1,8,12,45,3XX HOMER ST,Central Business District,492005.9402,5459036.4323
Theft from Vehicle,2017,2,14,18,20,3XX HOMER ST,Central Business District,492005.9402,5459036.4323
Theft from Vehicle,2017,3,11,15,15,3XX HOMER ST,Central Business District,492005.9402,5459036.4323
Theft from Vehicle,2017,4,1,21,0,3XX HOMER ST,Central Business District,492005.9402,5459036.4323
Theft from Vehicle,2017,4,21,9,0,3XX HOMER ST,Central Business District,492005.9402,5459036.4323
Theft from Vehicle,2017,5,11,15,0,3XX HOMER ST,Central Business District,492005.9402,5459036.4323
Theft from Vehicle,2017,6,12,23,40,3XX HOMER ST,Central Business District,492005.9402,5459036.4323
Theft from Vehicle,2017,7,15,9,7,3XX HOMER ST,Central Business District,492005.9402,5459036.4323
Theft from Vehicle,2017,7,16,19,12,3XX HOMER ST,Central Business District,492005.9402,5459036.4323
Theft from Vehicle,2017,7,29,18,16,3XX HOMER ST,Central Business District,492005.9402,5459036.4323
Theft from Vehicle,2017,9,24,21,45,3XX HOMER ST,Central Business District,492005.9402,5459036.4323
Theft from Vehicle,2017,10,2,11,49,3XX HOMER ST,Central Business District,492005.9402,5459036.4323
Theft from Vehicle,2017,10,8,11,53,3XX HOMER ST,Central Business District,492005.9402,5459036.4323
Theft from Vehicle,2017,10,13,18,30,3XX HOMER ST,Central Business District,492005.9402,5459036.4323
Theft from Vehicle,2017,10,22,18,30,3XX HOMER ST,Central Business District,492005.9402,5459036.4323
Theft from Vehicle,2017,11,10,21,30,3XX HOMER ST,Central Business District,492005.9402,5459036.4323
Theft from Vehicle,2017,12,17,18,15,3XX HOMER ST,Central Business District,492005.9402,5459036.4323
Theft from Vehicle,2017,1,29,1,0,3XX HOWE ST,Central Business District,491678.4807,5459277.1996
Theft from Vehicle,2017,8,10,22,30,3XX HOWE ST,Central Business District,491686.3105,5459284.877
Theft from Vehicle,2017,1,17,8,30,3XX HOWE ST,Central Business District,491698.2397,5459309.3774
Theft from Vehicle,2017,3,10,7,55,3XX HOWE ST,Central Business District,491721.5616,5459319.4363
Theft from Vehicle,2017,4,8,12,10,3XX HOWE ST,Central Business District,491721.5616,5459319.4363
Theft from Vehicle,2017,5,31,0,0,3XX INDUSTRIAL AVE,Strathcona,492884.185,5457452.7788
Theft from Vehicle,2017,9,3,16,0,3XX INDUSTRIAL AVE,Strathcona,492884.185,5457452.7788
Theft from Vehicle,2017,3,16,15,48,3XX JACKSON AVE,Strathcona,493212.8116,5458827.5769
Theft from Vehicle,2017,4,5,21,0,3XX JACKSON AVE,Strathcona,493212.8116,5458827.5769
Theft from Vehicle,2017,5,13,15,0,3XX JERVIS ST,Central Business District,490985.6084,5459713.3156
Theft from Vehicle,2017,11,7,19,30,3XX JERVIS ST,Central Business District,490985.6084,5459713.3156
Theft from Vehicle,2017,11,16,19,30,3XX KASLO ST,Hastings-Sunrise,496601.8658,5458779.4913
Theft from Vehicle,2017,7,14,13,31,3XX KASLO ST,Hastings-Sunrise,496610.9974,5458811.4216
Theft from Vehicle,2017,9,29,23,30,3XX KEEFER ST,Strathcona,492933.5402,5458519.9661
Theft from Vehicle,2017,11,17,23,30,3XX KEEFER ST,Strathcona,492933.5402,5458519.9661
Theft from Vehicle,2017,11,29,9,20,3XX KEEFER ST,Strathcona,492971.9481,5458518.8119
Theft from Vehicle,2017,9,8,23,0,3XX KEEFER ST,Strathcona,492997.5533,5458518.0425
Theft from Vehicle,2017,10,7,20,0,3XX KEEFER ST,Strathcona,492997.5533,5458518.0425
Theft from Vehicle,2017,7,6,18,0,3XX KEEFER ST,Strathcona,492997.5533,5458518.0425
Theft from Vehicle,2017,11,2,9,0,3XX KINGSWAY AVE,Mount Pleasant,492933.4109,5456420.0854
Theft from Vehicle,2017,1,14,1,0,3XX KOOTENAY ST,Hastings-Sunrise,498134.318,5458717.7091
Theft from Vehicle,2017,1,27,17,30,3XX KOOTENAY ST,Hastings-Sunrise,498134.318,5458717.7091
Theft from Vehicle,2017,7,3,21,30,3XX KOOTENAY ST,Hastings-Sunrise,498134.318,5458717.7091
Theft from Vehicle,2017,11,29,7,30,3XX KOOTENAY ST,Hastings-Sunrise,498134.318,5458717.7091
Theft from Vehicle,2017,7,14,9,23,3XX LAKEWOOD DR,Grandview-Woodland,495509.2205,5458792.3962
Theft from Vehicle,2017,4,8,6,30,3XX LAKEWOOD DR,Grandview-Woodland,495518.4787,5458817.141
Theft from Vehicle,2017,4,16,22,0,3XX LAKEWOOD DR,Grandview-Woodland,495518.4787,5458817.141
Theft from Vehicle,2017,10,16,1,15,3XX MCLEAN DR,Grandview-Woodland,494615.934,5458831.6664
Theft from Vehicle,2017,7,16,18,0,3XX N GARDEN DR,Grandview-Woodland,495796.4629,5459494.6032
Theft from Vehicle,2017,10,16,23,0,3XX N KASLO ST,Hastings-Sunrise,496608.8625,5459442.6466
Theft from Vehicle,2017,1,23,12,0,3XX N WINDERMERE ST,Hastings-Sunrise,497266.5303,5459526.4748
Theft from Vehicle,2017,1,27,22,30,3XX POWELL ST,Strathcona,492898.594,5458933.6513
Theft from Vehicle,2017,4,13,11,40,3XX POWELL ST,Strathcona,492898.594,5458933.6513
Theft from Vehicle,2017,4,24,10,55,3XX POWELL ST,Strathcona,492898.594,5458933.6513
Theft from Vehicle,2017,5,21,17,0,3XX POWELL ST,Strathcona,492898.594,5458933.6513
Theft from Vehicle,2017,10,16,14,18,3XX POWELL ST,Strathcona,492898.594,5458933.6513
Theft from Vehicle,2017,10,22,22,30,3XX POWELL ST,Strathcona,492898.594,5458933.6513
Theft from Vehicle,2017,10,18,6,45,3XX POWELL ST,Strathcona,492988.6915,5458940.0215
Theft from Vehicle,2017,3,3,14,0,3XX POWELL ST,Strathcona,492995.0627,5458930.6767
Theft from Vehicle,2017,10,10,9,0,3XX POWELL ST,Strathcona,493021.6747,5458929.8561
Theft from Vehicle,2017,3,15,23,0,3XX PRINCESS AVE,Strathcona,493355.7372,5458822.5129
Theft from Vehicle,2017,9,24,14,0,3XX PRINCESS AVE,Strathcona,493355.7372,5458822.5129
Theft from Vehicle,2017,10,13,8,0,3XX PRIOR ST,Strathcona,492972.582,5458212.3494
Theft from Vehicle,2017,11,12,20,0,3XX PRIOR ST,Strathcona,493000.3883,5458227.66
Theft from Vehicle,2017,5,20,3,4,3XX RAILWAY ST,Strathcona,492889.7841,5459062.8992
Theft from Vehicle,2017,6,11,18,0,3XX RAILWAY ST,Strathcona,492889.7841,5459062.8992
Theft from Vehicle,2017,9,3,10,0,3XX RAILWAY ST,Strathcona,492889.7841,5459062.8992
Theft from Vehicle,2017,4,13,8,1,3XX RAILWAY ST,Strathcona,493002.9459,5459112.3253
Theft from Vehicle,2017,6,3,7,0,3XX RENFREW ST,Hastings-Sunrise,496795.9891,5458797.2597
Theft from Vehicle,2017,7,2,18,0,3XX RENFREW ST,Hastings-Sunrise,496795.9891,5458797.2597
Theft from Vehicle,2017,10,4,18,15,3XX RICHARDS ST,Central Business District,491871.3447,5459042.321
Theft from Vehicle,2017,2,14,19,30,3XX RICHARDS ST,Central Business District,491935.6013,5459107.8068
Theft from Vehicle,2017,3,4,21,11,3XX RICHARDS ST,Central Business District,491935.6013,5459107.8068
Theft from Vehicle,2017,7,19,7,30,3XX RICHARDS ST,Central Business District,491935.6013,5459107.8068
Theft from Vehicle,2017,10,26,17,45,3XX RICHARDS ST,Central Business District,491935.6013,5459107.8068
Theft from Vehicle,2017,1,7,14,0,3XX ROBSON ST,Central Business District,491540.0812,5458494.4285
Theft from Vehicle,2017,5,16,20,0,3XX ROBSON ST,Central Business District,491540.0812,5458494.4285
Theft from Vehicle,2017,3,21,20,0,3XX ROBSON ST,Central Business District,491562.0354,5458458.2945
Theft from Vehicle,2017,2,6,11,0,3XX SE MARINE DR,Sunset,492774.6613,5450882.6093
Theft from Vehicle,2017,3,4,17,0,3XX SE MARINE DR,Sunset,492774.6613,5450882.6093
Theft from Vehicle,2017,6,10,15,45,3XX SE MARINE DR,Sunset,492774.6613,5450882.6093
Theft from Vehicle,2017,7,25,17,0,3XX SE MARINE DR,Sunset,492774.6613,5450882.6093
Theft from Vehicle,2017,11,11,6,0,3XX SE MARINE DR,Sunset,492774.6613,5450882.6093
Theft from Vehicle,2017,12,3,15,41,3XX SE MARINE DR,Sunset,492774.6613,5450882.6093
Theft from Vehicle,2017,12,10,0,15,3XX SEYMOUR ST,Central Business District,491838.287,5459159.9585
Theft from Vehicle,2017,8,27,12,0,3XX SEYMOUR ST,Central Business District,491867.7894,5459176.6349
Theft from Vehicle,2017,10,16,9,30,3XX SEYMOUR ST,Central Business District,491867.7894,5459176.6349
Theft from Vehicle,2017,3,27,21,15,3XX SW MARINE DR,Marpole,491652.5825,5450915.3164
Theft from Vehicle,2017,11,8,5,24,3XX SW MARINE DR,Marpole,491652.5825,5450915.3164
Theft from Vehicle,2017,12,15,10,0,3XX SW MARINE DR,Marpole,491652.5825,5450915.3164
Theft from Vehicle,2017,2,12,8,0,3XX TERMINAL AVE,Strathcona,492872.2798,5457738.2274
Theft from Vehicle,2017,3,5,16,35,3XX TERMINAL AVE,Strathcona,492872.2798,5457738.2274
Theft from Vehicle,2017,11,15,18,20,3XX TERMINAL AVE,Strathcona,492872.2798,5457738.2274
Theft from Vehicle,2017,4,10,16,0,3XX TERMINAL AVE,Strathcona,492994.8317,5457706.9711
Theft from Vehicle,2017,5,3,7,0,3XX TERMINAL AVE,Strathcona,492994.8317,5457706.9711
Theft from Vehicle,2017,4,11,12,0,3XX TERMINAL AVE,Strathcona,492999.2875,5457727.81
Theft from Vehicle,2017,9,14,8,30,3XX TERMINAL AVE,Strathcona,492999.2875,5457727.81
Theft from Vehicle,2017,11,22,20,42,3XX TERMINAL AVE,Strathcona,492999.2875,5457727.81
Theft from Vehicle,2017,11,22,1,0,3XX TERMINAL AVE,Strathcona,493041.9951,5457716.323
Theft from Vehicle,2017,2,21,16,30,3XX UNION ST,Strathcona,492950.3691,5458317.7828
Theft from Vehicle,2017,8,11,9,0,3XX VERNON DR,Strathcona,494240.5976,5458836.5471
Theft from Vehicle,2017,12,18,7,0,3XX VERNON DR,Strathcona,494240.5976,5458836.5471
Theft from Vehicle,2017,8,13,21,30,3XX W 10TH AVE,Mount Pleasant,491820.8992,5456614.5947
Theft from Vehicle,2017,2,7,23,30,3XX W 10TH AVE,Mount Pleasant,491919.1441,5456602.7045
Theft from Vehicle,2017,11,24,8,30,3XX W 10TH AVE,Mount Pleasant,491919.1441,5456602.7045
Theft from Vehicle,2017,11,24,15,15,3XX W 10TH AVE,Mount Pleasant,491919.1441,5456602.7045
Theft from Vehicle,2017,12,9,3,20,3XX W 10TH AVE,Mount Pleasant,491919.1441,5456602.7045
Theft from Vehicle,2017,8,8,5,1,3XX W 12TH AVE,Mount Pleasant,491870.2987,5456402.0355
Theft from Vehicle,2017,7,22,17,0,3XX W 13TH AVE,Mount Pleasant,491819.643,5456293.4794
Theft from Vehicle,2017,7,10,19,30,3XX W 13TH AVE,Mount Pleasant,491852.8226,5456301.5488
Theft from Vehicle,2017,7,14,16,0,3XX W 14TH AVE,Mount Pleasant,491825.7775,5456215.5651
Theft from Vehicle,2017,7,27,19,0,3XX W 15TH AVE,Mount Pleasant,491866.0192,5456111.481
Theft from Vehicle,2017,5,31,17,0,3XX W 15TH AVE,Mount Pleasant,491869.2039,5456120.4885
Theft from Vehicle,2017,5,25,17,30,3XX W 15TH AVE,Mount Pleasant,491874.7349,5456120.2346
Theft from Vehicle,2017,3,23,16,30,3XX W 15TH AVE,Mount Pleasant,491879.8466,5456110.8464
Theft from Vehicle,2017,10,30,16,0,3XX W 15TH AVE,Mount Pleasant,491879.8466,5456110.8464
Theft from Vehicle,2017,6,18,16,0,3XX W 15TH AVE,Mount Pleasant,491882.6121,5456110.7194
Theft from Vehicle,2017,12,16,16,0,3XX W 15TH AVE,Mount Pleasant,491910.267,5456109.4501
Theft from Vehicle,2017,4,9,4,20,3XX W 16TH AVE,Mount Pleasant,491842.3872,5456015.1951
Theft from Vehicle,2017,8,10,23,0,3XX W 17TH AVE,Riley Park,491896.4771,5455900.4133
Theft from Vehicle,2017,6,17,21,0,3XX W 18TH AVE,Riley Park,491867.4967,5455782.632
Theft from Vehicle,2017,4,7,18,0,3XX W 19TH AVE,Riley Park,491904.7275,5455680.3479
Theft from Vehicle,2017,6,11,10,28,3XX W 20TH AVE,Riley Park,491901.2043,5455568.4865
Theft from Vehicle,2017,12,7,11,5,3XX W 2ND AVE,Mount Pleasant,491881.3258,5457272.5831
Theft from Vehicle,2017,4,22,19,0,3XX W 2ND AVE,Mount Pleasant,491881.3346,5457284.0056
Theft from Vehicle,2017,5,19,23,0,3XX W 39TH AVE,Riley Park,491849.9652,5453653.4164
Theft from Vehicle,2017,8,3,19,0,3XX W 42ND AVE,Oakridge,491754.2862,5453305.4995
Theft from Vehicle,2017,5,29,18,0,3XX W 45TH AVE,Oakridge,491766.1502,5452993.0908
Theft from Vehicle,2017,6,2,18,0,3XX W 4TH AVE,Mount Pleasant,491924.4952,5457191.8066
Theft from Vehicle,2017,5,31,21,42,3XX W 4TH AVE,Mount Pleasant,491938.3717,5457191.4459
Theft from Vehicle,2017,10,2,19,0,3XX W 4TH AVE,Mount Pleasant,491938.3717,5457191.4459
Theft from Vehicle,2017,12,21,21,0,3XX W 4TH AVE,Mount Pleasant,491938.3717,5457191.4459
Theft from Vehicle,2017,5,10,17,0,3XX W 59TH AVE,Marpole,491812.8851,5451577.2106
Theft from Vehicle,2017,1,2,23,45,3XX W 59TH AVE,Marpole,491904.541,5451575.5379
Theft from Vehicle,2017,10,12,10,0,3XX W 6TH AVE,Mount Pleasant,491902.2563,5457001.7825
Theft from Vehicle,2017,10,14,20,0,3XX W 8TH AVE,Mount Pleasant,491797.6904,5456804.4664
Theft from Vehicle,2017,7,8,3,0,3XX W 8TH AVE,Mount Pleasant,491925.5267,5456791.7008
Theft from Vehicle,2017,10,19,12,0,3XX W BROADWAY AVE,Mount Pleasant,491804.0519,5456713.9497
Theft from Vehicle,2017,1,2,15,30,3XX W BROADWAY AVE,Mount Pleasant,491909.5999,5456710.9745
Theft from Vehicle,2017,6,13,14,53,3XX W BROADWAY AVE,Mount Pleasant,491909.5999,5456710.9745
Theft from Vehicle,2017,1,27,0,58,3XX W CORDOVA ST,Central Business District,492056.7028,5458980.3981
Theft from Vehicle,2017,3,29,16,0,3XX W CORDOVA ST,Central Business District,492056.7028,5458980.3981
Theft from Vehicle,2017,3,31,21,30,3XX W CORDOVA ST,Central Business District,492056.7028,5458980.3981
Theft from Vehicle,2017,4,1,7,0,3XX W CORDOVA ST,Central Business District,492056.7028,5458980.3981
Theft from Vehicle,2017,7,19,21,30,3XX W CORDOVA ST,Central Business District,492056.7028,5458980.3981
Theft from Vehicle,2017,10,23,19,30,3XX W CORDOVA ST,Central Business District,492056.7028,5458980.3981
Theft from Vehicle,2017,11,11,20,0,3XX W CORDOVA ST,Central Business District,492056.7028,5458980.3981
Theft from Vehicle,2017,9,24,3,0,3XX W CORDOVA ST,Central Business District,492058.7659,5458991.3315
Theft from Vehicle,2017,9,27,17,30,3XX W CORDOVA ST,Central Business District,492063.2155,5458986.8166
Theft from Vehicle,2017,2,8,17,30,3XX W GEORGIA ST,Central Business District,491651.5374,5458615.1804
Theft from Vehicle,2017,3,11,12,0,3XX W GEORGIA ST,Central Business District,491651.5374,5458615.1804
Theft from Vehicle,2017,3,20,16,18,3XX W GEORGIA ST,Central Business District,491651.5374,5458615.1804
Theft from Vehicle,2017,3,26,14,0,3XX W GEORGIA ST,Central Business District,491651.5374,5458615.1804
Theft from Vehicle,2017,4,8,9,15,3XX W GEORGIA ST,Central Business District,491651.5374,5458615.1804
Theft from Vehicle,2017,4,10,8,20,3XX W GEORGIA ST,Central Business District,491651.5374,5458615.1804
Theft from Vehicle,2017,5,4,9,0,3XX W GEORGIA ST,Central Business District,491651.5374,5458615.1804
Theft from Vehicle,2017,5,4,16,48,3XX W GEORGIA ST,Central Business District,491651.5374,5458615.1804
Theft from Vehicle,2017,8,1,6,0,3XX W GEORGIA ST,Central Business District,491659.4249,5458620.1816
Theft from Vehicle,2017,2,24,9,0,3XX W GEORGIA ST,Central Business District,491684.6126,5458581.0716
Theft from Vehicle,2017,6,9,20,30,3XX W GEORGIA ST,Central Business District,491684.6126,5458581.0716
Theft from Vehicle,2017,10,5,19,0,3XX W GEORGIA ST,Central Business District,491684.6126,5458581.0716
Theft from Vehicle,2017,6,19,21,30,3XX W HASTINGS ST,Central Business District,491997.4637,5458895.7293
Theft from Vehicle,2017,7,30,18,0,3XX W HASTINGS ST,Central Business District,491973.9988,5458932.274
Theft from Vehicle,2017,12,5,17,0,3XX W KENT AVE N,Marpole,491644.026,5450427.3175
Theft from Vehicle,2017,11,22,17,0,3XX W PENDER ST,Central Business District,491904.7473,5458843.9666
Theft from Vehicle,2017,7,1,13,30,3XX W PENDER ST,Central Business District,491907.4387,5458841.217
Theft from Vehicle,2017,5,12,3,53,3XX WATER ST,Central Business District,492006.9012,5459085.9853
Theft from Vehicle,2017,4,30,17,40,3XX WATER ST,Central Business District,492079.972,5459064.6859
Theft from Vehicle,2017,7,4,22,30,3XX WATER ST,Central Business District,492079.972,5459064.6859
Theft from Vehicle,2017,6,6,23,0,3XX WEBBER AVE,Riley Park,492821.7892,5455047.0337
Theft from Vehicle,2017,8,22,21,0,40XX ALICE ST,Kensington-Cedar Cottage,495214.5659,5455181.7083
Theft from Vehicle,2017,3,27,21,0,40XX BLENHEIM ST,Dunbar-Southlands,487005.8039,5455316.5518
Theft from Vehicle,2017,3,9,9,22,40XX CLARK DR,Kensington-Cedar Cottage,494322.4698,5455139.4988
Theft from Vehicle,2017,7,10,0,0,40XX CROWN CRES,West Point Grey,485704.5218,5456902.8313
Theft from Vehicle,2017,10,21,18,30,40XX FLEMING ST,Kensington-Cedar Cottage,494732.7033,5455227.6467
Theft from Vehicle,2017,10,22,22,0,40XX GLEN DR,Kensington-Cedar Cottage,494044.197,5455136.6773
Theft from Vehicle,2017,6,15,0,0,40XX KNIGHT ST,Kensington-Cedar Cottage,494475.6918,5455096.9274
Theft from Vehicle,2017,5,23,17,0,40XX MACDONALD ST,Arbutus Ridge,487790.8308,5455301.5549
Theft from Vehicle,2017,12,12,20,30,40XX MAIN ST,Riley Park,492640.1559,5455133.1516
Theft from Vehicle,2017,12,18,18,30,40XX MAIN ST,Riley Park,492640.1559,5455133.1516
Theft from Vehicle,2017,11,21,18,0,40XX MAIN ST,Riley Park,492640.3352,5455140.6817
Theft from Vehicle,2017,7,5,22,30,40XX MILLER ST,Kensington-Cedar Cottage,495011.5016,5455142.7966
Theft from Vehicle,2017,12,10,19,30,40XX NOOTKA ST,Renfrew-Collingwood,496966.4253,5455042.6196
Theft from Vehicle,2017,10,14,18,7,40XX ONTARIO ST,Riley Park,492364.7737,5455204.4986
Theft from Vehicle,2017,11,26,21,0,40XX PERRY ST,Kensington-Cedar Cottage,494816.2124,5455136.6603
Theft from Vehicle,2017,12,17,16,30,40XX RUPERT ST,Renfrew-Collingwood,497529.9104,5455041.3327
Theft from Vehicle,2017,4,4,22,0,40XX SELKIRK ST,Shaughnessy,490389.4619,5455196.3917
Theft from Vehicle,2017,7,20,19,30,40XX ST GEORGE ST,Riley Park,493150.9286,5455160.2654
Theft from Vehicle,2017,11,14,18,45,40XX TRAFALGAR ST,Arbutus Ridge,487978.4175,5455367.1193
Theft from Vehicle,2017,3,11,0,0,40XX VINE ST,Arbutus Ridge,488599.4551,5455276.485
Theft from Vehicle,2017,8,1,12,0,40XX W 16TH AVE,Dunbar-Southlands,485914.4022,5456147.8814
Theft from Vehicle,2017,11,15,18,45,40XX W 17TH AVE,Dunbar-Southlands,485712.6177,5456097.7135
Theft from Vehicle,2017,4,30,16,0,40XX W 17TH AVE,Dunbar-Southlands,485746.009,5456096.8852
Theft from Vehicle,2017,1,23,21,15,40XX W 17TH AVE,Dunbar-Southlands,485900.4433,5456093.0543
Theft from Vehicle,2017,5,17,16,8,40XX W 18TH AVE,Dunbar-Southlands,485804.3094,5455985.9535
Theft from Vehicle,2017,11,5,17,0,40XX W 20TH AVE,Dunbar-Southlands,485803.859,5455795.521
Theft from Vehicle,2017,12,31,16,0,40XX W 28TH AVE,Dunbar-Southlands,485900.9956,5454945.3104
Theft from Vehicle,2017,11,10,22,30,40XX W 30TH AVE,Dunbar-Southlands,485698.0448,5454744.4428
Theft from Vehicle,2017,7,18,20,0,40XX W 30TH AVE,Dunbar-Southlands,485750.3021,5454734.885
Theft from Vehicle,2017,5,27,3,0,40XX W 30TH AVE,Dunbar-Southlands,485763.3845,5454734.7815
Theft from Vehicle,2017,12,22,19,0,40XX W 31ST AVE,Dunbar-Southlands,485841.6726,5454637.1776
Theft from Vehicle,2017,5,26,19,30,40XX W 31ST AVE,Dunbar-Southlands,485897.9253,5454627.5006
Theft from Vehicle,2017,4,18,0,0,40XX W 32ND AVE,Dunbar-Southlands,485749.5139,5454523.6493
Theft from Vehicle,2017,5,26,22,20,40XX W 32ND AVE,Dunbar-Southlands,485897.0043,5454522.5658
Theft from Vehicle,2017,7,21,17,0,40XX W 35TH AVE,Dunbar-Southlands,485813.4871,5454218.3146
Theft from Vehicle,2017,11,7,2,0,40XX W 39TH AVE,Dunbar-Southlands,485677.9759,5453758.7298
Theft from Vehicle,2017,6,17,16,0,40XX WELWYN ST,Kensington-Cedar Cottage,494916.1263,5455088.8014
Theft from Vehicle,2017,2,7,18,0,41XX ALEXANDRA ST,Shaughnessy,489705.7109,5455102.1622
Theft from Vehicle,2017,9,5,21,0,41XX ATLIN ST,Renfrew-Collingwood,496667.739,5454951.3373
Theft from Vehicle,2017,8,19,4,30,41XX BALKAN ST,Riley Park,493056.7628,5455037.5946
Theft from Vehicle,2017,4,30,12,0,41XX BRANT ST,Kensington-Cedar Cottage,495783.4719,5455095.8343
Theft from Vehicle,2017,2,10,22,0,41XX CAMBIE ST,South Cambie,491584.7485,5455092.1724
Theft from Vehicle,2017,12,6,17,0,41XX DUNBAR ST,Dunbar-Southlands,486526.7804,5455259.9601
Theft from Vehicle,2017,12,1,8,0,41XX FRASER ST,Kensington-Cedar Cottage,493442.532,5455009.6778
Theft from Vehicle,2017,11,28,10,0,41XX FRASER ST,Kensington-Cedar Cottage,493442.6215,5455020.8848
Theft from Vehicle,2017,11,5,18,0,41XX INVERNESS ST,Kensington-Cedar Cottage,494177.1984,5455012.6857
Theft from Vehicle,2017,3,10,13,0,41XX JOHN ST,Riley Park,492921.1912,5455065.4207
Theft from Vehicle,2017,12,29,21,30,41XX KASLO ST,Renfrew-Collingwood,496576.9288,5455015.5738
Theft from Vehicle,2017,9,1,3,0,41XX KNIGHT ST,Kensington-Cedar Cottage,494456.0214,5454989.112
Theft from Vehicle,2017,2,2,14,25,41XX MAIN ST,Riley Park,492647.2624,5455075.1229
Theft from Vehicle,2017,10,23,19,0,41XX NANAIMO ST,Renfrew-Collingwood,495881.3503,5454980.9439
Theft from Vehicle,2017,9,12,17,0,41XX OSLER ST,Shaughnessy,490558.7524,5455161.5144
Theft from Vehicle,2017,11,7,18,30,41XX PRINCE EDWARD ST,Riley Park,492961.1642,5455073.9114
Theft from Vehicle,2017,9,11,23,0,41XX RUPERT ST,Renfrew-Collingwood,497529.6199,5454982.6365
Theft from Vehicle,2017,11,14,0,0,41XX RUPERT ST,Renfrew-Collingwood,497529.6199,5454982.6365
Theft from Vehicle,2017,11,4,22,0,41XX RUPERT ST,Renfrew-Collingwood,497529.7273,5454992.5225
Theft from Vehicle,2017,11,20,21,0,41XX SALISH DR,Musqueam,485659.2728,5453344.2277
Theft from Vehicle,2017,4,24,0,0,41XX SLOCAN ST,Renfrew-Collingwood,496391.5253,5454941.8114
Theft from Vehicle,2017,12,2,14,0,41XX STAULO CRES,Musqueam,485549.9119,5452800.9025
Theft from Vehicle,2017,7,12,23,0,41XX TYTAHUN CRES,Musqueam,485616.3045,5453544.4285
Theft from Vehicle,2017,12,5,18,0,41XX W 10TH AVE,West Point Grey,485514.7354,5456783.2981
Theft from Vehicle,2017,12,4,18,0,41XX W 11TH AVE,West Point Grey,485453.8156,5456683.8259
Theft from Vehicle,2017,10,17,22,0,41XX W 11TH AVE,West Point Grey,485600.7702,5456679.9616
Theft from Vehicle,2017,4,25,2,10,41XX W 11TH AVE,West Point Grey,485659.552,5456678.4157
Theft from Vehicle,2017,10,7,22,30,41XX W 11TH AVE,West Point Grey,485659.552,5456678.4157
Theft from Vehicle,2017,11,12,20,0,41XX W 11TH AVE,West Point Grey,485659.552,5456678.4157
Theft from Vehicle,2017,10,10,13,0,41XX W 12TH AVE,West Point Grey,485536.538,5456581.3567
Theft from Vehicle,2017,1,1,20,0,41XX W 14TH AVE,West Point Grey,485581.7703,5456377.4939
Theft from Vehicle,2017,7,25,0,0,41XX W 15TH AVE,West Point Grey,485583.3674,5456282.2402
Theft from Vehicle,2017,5,19,20,45,41XX W 16TH AVE,West Point Grey,485530.7245,5456184.5071
Theft from Vehicle,2017,4,5,8,50,41XX W 16TH AVE,Dunbar-Southlands,485642.0295,5456156.0422
Theft from Vehicle,2017,1,10,19,15,41XX W KING EDWARD AVE,Dunbar-Southlands,485530.8738,5455278.7994
Theft from Vehicle,2017,2,14,6,55,41XX WELWYN ST,Kensington-Cedar Cottage,494914.7028,5455003.393
Theft from Vehicle,2017,3,17,16,0,41XX WELWYN ST,Kensington-Cedar Cottage,494915.7791,5455067.9701
Theft from Vehicle,2017,8,12,13,0,41XX WELWYN ST,Kensington-Cedar Cottage,494915.7791,5455067.9701
Theft from Vehicle,2017,3,9,21,0,42XX BRANT ST,Kensington-Cedar Cottage,495780.3191,5454894.6847
Theft from Vehicle,2017,7,10,9,30,42XX BRANT ST,Kensington-Cedar Cottage,495781.5206,5454973.722
Theft from Vehicle,2017,10,18,9,0,42XX DUNBAR ST,Dunbar-Southlands,486525.1481,5455113.8142
Theft from Vehicle,2017,5,8,22,0,42XX FLEMING ST,Kensington-Cedar Cottage,494761.8091,5455005.6826
Theft from Vehicle,2017,11,10,22,28,42XX JOHN ST,Riley Park,492927.4957,5454997.5433
Theft from Vehicle,2017,6,28,3,26,42XX KNIGHT ST,Kensington-Cedar Cottage,494464.2506,5454968.8618
Theft from Vehicle,2017,8,15,14,30,42XX MAIN ST,Riley Park,492634.08,5454956.3536
Theft from Vehicle,2017,8,19,8,0,42XX NANAIMO ST,Kensington-Cedar Cottage,495872.1468,5454917.1544
Theft from Vehicle,2017,6,17,15,0,42XX NW MARINE DR,West Point Grey,485322.1448,5457378.987
Theft from Vehicle,2017,8,3,22,0,42XX NW MARINE DR,West Point Grey,485322.1448,5457378.987
Theft from Vehicle,2017,5,12,18,0,42XX OSLER ST,Shaughnessy,490553.9545,5455051.3645
Theft from Vehicle,2017,7,2,0,30,42XX PENTICTON ST,Renfrew-Collingwood,496227.3026,5454907.9514
Theft from Vehicle,2017,11,26,10,0,42XX SALISH DR,Musqueam,485306.7781,5453709.8717
Theft from Vehicle,2017,2,5,20,0,42XX SELKIRK ST,Shaughnessy,490383.1601,5454986.3463
Theft from Vehicle,2017,10,1,19,0,42XX SOPHIA ST,Riley Park,492790.3498,5454978.7611
Theft from Vehicle,2017,11,8,18,0,42XX ST GEORGE ST,Riley Park,493156.9149,5454956.0703
Theft from Vehicle,2017,10,27,11,20,42XX TRAFALGAR ST,Arbutus Ridge,487972.9229,5455160.9291
Theft from Vehicle,2017,9,13,7,15,42XX VICTORIA DR,Kensington-Cedar Cottage,495256.5869,5454932.738
Theft from Vehicle,2017,1,17,18,0,42XX W 10TH AVE,West Point Grey,485432.1678,5456785.5961
Theft from Vehicle,2017,7,24,21,0,42XX W 11TH AVE,West Point Grey,485423.8947,5456693.4406
Theft from Vehicle,2017,1,13,6,5,42XX W 11TH AVE,West Point Grey,485440.697,5456684.0816
Theft from Vehicle,2017,10,21,0,0,42XX W 11TH AVE,West Point Grey,485440.697,5456684.0816
Theft from Vehicle,2017,11,12,20,0,42XX W 11TH AVE,West Point Grey,485440.697,5456684.0816
Theft from Vehicle,2017,3,11,20,0,42XX W 13TH AVE,West Point Grey,485401.9465,5456492.0003
Theft from Vehicle,2017,7,8,0,0,42XX W 13TH AVE,West Point Grey,485401.9465,5456492.0003
Theft from Vehicle,2017,5,19,23,0,42XX W 14TH AVE,West Point Grey,485433.0568,5456381.364
Theft from Vehicle,2017,10,2,17,55,42XX W 14TH AVE,West Point Grey,485433.0568,5456381.364
Theft from Vehicle,2017,10,16,22,0,42XX W 16TH AVE,West Point Grey,485262.8824,5456190.1127
Theft from Vehicle,2017,11,23,13,0,42XX W 29TH AVE,Dunbar-Southlands,485115.2333,5455172.1099
Theft from Vehicle,2017,6,14,23,0,42XX W 9TH AVE,West Point Grey,485298.0812,5456895.0466
Theft from Vehicle,2017,6,15,6,30,42XX W 9TH AVE,West Point Grey,485357.8064,5456884.2006
Theft from Vehicle,2017,12,31,22,30,43XX ANGUS DR,Shaughnessy,489391.9766,5454884.6416
Theft from Vehicle,2017,8,4,2,0,43XX ATLIN ST,Renfrew-Collingwood,496666.3764,5454793.5013
Theft from Vehicle,2017,9,9,16,0,43XX COLLINGWOOD ST,Dunbar-Southlands,486766.7299,5454975.5179
Theft from Vehicle,2017,7,21,21,30,43XX COMMERCIAL ST,Kensington-Cedar Cottage,495066.4448,5454808.351
Theft from Vehicle,2017,12,15,17,11,43XX COMMERCIAL ST,Kensington-Cedar Cottage,495067.4533,5454847.0386
Theft from Vehicle,2017,11,7,18,30,43XX CYPRESS ST,Shaughnessy,489167.2601,5454923.0672
Theft from Vehicle,2017,12,3,9,34,43XX CYPRESS ST,Shaughnessy,489168.0064,5454983.7245
Theft from Vehicle,2017,3,5,21,0,43XX DUMFRIES ST,Kensington-Cedar Cottage,494658.7462,5454792.7778
Theft from Vehicle,2017,2,19,10,8,43XX FRASER ST,Riley Park,493430.8081,5454856.0714
Theft from Vehicle,2017,7,17,13,0,43XX GLADSTONE ST,Kensington-Cedar Cottage,495607.1309,5454852.5125
Theft from Vehicle,2017,6,30,5,4,43XX GRANVILLE ST,Shaughnessy,489866.6752,5454943.4753
Theft from Vehicle,2017,9,2,12,0,43XX GRANVILLE ST,Shaughnessy,489866.6752,5454943.4753
Theft from Vehicle,2017,6,29,18,0,43XX JAMES ST,Riley Park,492431.7419,5454865.7406
Theft from Vehicle,2017,2,3,20,0,43XX JERICHO CIRC,West Point Grey,485245.6956,5457431.7564
Theft from Vehicle,2017,6,1,23,0,43XX KASLO ST,Renfrew-Collingwood,496575.7677,5454800.7717
Theft from Vehicle,2017,7,3,20,0,43XX LOCARNO CRES,West Point Grey,485160.7321,5457375.3339
Theft from Vehicle,2017,6,17,0,0,43XX MARGUERITE ST,Shaughnessy,489471.5863,5454980.004
Theft from Vehicle,2017,4,15,12,0,43XX MILLER ST,Kensington-Cedar Cottage,494981.0116,5454910.7733
Theft from Vehicle,2017,8,29,22,0,43XX NW MARINE DR,West Point Grey,485252.9488,5457675.7529
Theft from Vehicle,2017,7,7,2,0,43XX ONTARIO ST,Riley Park,492353.384,5454851.5413
Theft from Vehicle,2017,7,6,21,0,43XX ONTARIO ST,Riley Park,492357.1203,5454952.4111
Theft from Vehicle,2017,10,18,8,46,43XX PINE CRES,Shaughnessy,489257.4252,5454939.0606
Theft from Vehicle,2017,7,14,23,0,43XX PINE CRES,Shaughnessy,489264.2746,5454978.4762
Theft from Vehicle,2017,7,22,1,0,43XX PINE CRES,Shaughnessy,489264.2746,5454978.4762
Theft from Vehicle,2017,8,12,4,0,43XX PINE CRES,Shaughnessy,489264.2746,5454978.4762
Theft from Vehicle,2017,1,20,23,0,43XX QUEBEC ST,Riley Park,492489.2009,5454948.425
Theft from Vehicle,2017,6,9,0,0,43XX QUEBEC ST,Riley Park,492489.2009,5454948.425
Theft from Vehicle,2017,8,31,22,30,43XX RUPERT ST,Renfrew-Collingwood,497545.8836,5454826.6627
Theft from Vehicle,2017,7,10,23,45,43XX SELKIRK ST,Shaughnessy,490391.3904,5454960.7022
Theft from Vehicle,2017,2,8,13,40,43XX VICTORIA DR,Kensington-Cedar Cottage,495264.8705,5454886.1577
Theft from Vehicle,2017,5,14,19,30,43XX W 10TH AVE,West Point Grey,485107.1706,5456803.1899
Theft from Vehicle,2017,5,18,21,30,43XX W 10TH AVE,West Point Grey,485107.1706,5456803.1899
Theft from Vehicle,2017,11,26,17,0,43XX W 11TH AVE,West Point Grey,485220.0583,5456686.982
Theft from Vehicle,2017,11,16,21,0,43XX W 13TH AVE,West Point Grey,485180.6566,5456497.653
Theft from Vehicle,2017,11,23,12,0,43XX W 15TH AVE,West Point Grey,485132.5837,5456296.1695
Theft from Vehicle,2017,4,10,19,0,43XX W 16TH AVE,West Point Grey,485212.9326,5456191.2166
Theft from Vehicle,2017,4,10,2,0,43XX W 2ND AVE,West Point Grey,485209.8008,5457627.621
Theft from Vehicle,2017,4,10,2,0,43XX W 2ND AVE,West Point Grey,485243.6465,5457626.6356
Theft from Vehicle,2017,9,3,5,26,43XX W 2ND AVE,West Point Grey,485243.6465,5457626.6356
Theft from Vehicle,2017,6,29,0,0,43XX W 3RD AVE,West Point Grey,485249.9424,5457499.328
Theft from Vehicle,2017,5,8,0,6,43XX W 9TH AVE,West Point Grey,485160.8481,5456889.6347
Theft from Vehicle,2017,6,20,12,0,43XX WATSON ST,Riley Park,492686.8024,5454858.2504
Theft from Vehicle,2017,11,27,9,5,43XX WINDERMERE ST,Renfrew-Collingwood,497337.5668,5454830.7283
Theft from Vehicle,2017,3,16,18,30,43XX YEW ST,Arbutus Ridge,488743.9537,5454987.0329
Theft from Vehicle,2017,6,15,17,0,43XX YEW ST,Arbutus Ridge,488744.1711,5454992.6937
Theft from Vehicle,2017,3,15,12,40,44XX ALEXANDRA ST,Shaughnessy,489698.6822,5454870.2131
Theft from Vehicle,2017,3,11,10,0,44XX ARBUTUS ST,Arbutus Ridge,488847.8002,5454841.0189
Theft from Vehicle,2017,8,31,23,0,44XX BEATRICE ST,Kensington-Cedar Cottage,495162.2822,5454780.0099
Theft from Vehicle,2017,8,6,18,0,44XX BOUNDARY RD,Renfrew-Collingwood,498263.697,5454729.0748
Theft from Vehicle,2017,9,5,18,30,44XX BOUNDARY RD,Renfrew-Collingwood,498263.832,5454710.3556
Theft from Vehicle,2017,7,10,17,45,44XX COMMERCIAL ST,Kensington-Cedar Cottage,495061.0982,5454640.2672
Theft from Vehicle,2017,4,29,21,0,44XX GLADSTONE ST,Kensington-Cedar Cottage,495605.5357,5454719.9829
Theft from Vehicle,2017,1,26,22,0,44XX HARRIET ST,Kensington-Cedar Cottage,493701.1357,5454741.5067
Theft from Vehicle,2017,10,7,12,0,44XX JAMES ST,Riley Park,492442.7803,5454807.6237
Theft from Vehicle,2017,4,1,14,0,44XX JOHN ST,Riley Park,492917.7337,5454764.0095
Theft from Vehicle,2017,11,24,19,30,44XX KASLO ST,Renfrew-Collingwood,496575.3504,5454732.5558
Theft from Vehicle,2017,11,25,16,19,44XX KASLO ST,Renfrew-Collingwood,496575.3504,5454732.5558
Theft from Vehicle,2017,11,6,23,30,44XX MAIN ST,Riley Park,492623.6584,5454710.2477
Theft from Vehicle,2017,11,14,21,0,44XX MAIN ST,Riley Park,492632.8991,5454713.7556
Theft from Vehicle,2017,6,25,23,50,44XX NW MARINE DR,West Point Grey,485027.4571,5458024.1707
Theft from Vehicle,2017,7,1,17,0,44XX OAK ST,Shaughnessy,490704.6392,5454757.2606
Theft from Vehicle,2017,6,24,6,45,44XX OAK ST,South Cambie,490713.1389,5454841.9721
Theft from Vehicle,2017,7,15,23,15,44XX OAK ST,South Cambie,490713.1389,5454841.9721
Theft from Vehicle,2017,1,11,6,40,44XX OAK ST,South Cambie,490713.7244,5454765.0249
Theft from Vehicle,2017,4,18,15,0,44XX OAK ST,South Cambie,490713.7244,5454765.0249
Theft from Vehicle,2017,6,17,16,11,44XX OAK ST,South Cambie,490713.7244,5454765.0249
Theft from Vehicle,2017,12,8,6,25,44XX OAK ST,South Cambie,490713.7244,5454765.0249
Theft from Vehicle,2017,5,1,12,0,44XX ONTARIO ST,Riley Park,492351.8522,5454809.7112
Theft from Vehicle,2017,6,26,20,0,44XX PENTICTON ST,Renfrew-Collingwood,496215.5369,5454742.2248
Theft from Vehicle,2017,10,16,19,30,44XX SLOCAN ST,Renfrew-Collingwood,496381.3109,5454721.3835
Theft from Vehicle,2017,3,17,23,0,44XX SOPHIA ST,Riley Park,492815.5503,5454663.65
Theft from Vehicle,2017,10,7,18,0,44XX SOPHIA ST,Riley Park,492815.5503,5454663.65
Theft from Vehicle,2017,6,9,0,0,44XX SOPHIA ST,Riley Park,492829.1026,5454767.8995
Theft from Vehicle,2017,9,5,18,45,44XX W 10TH AVE,West Point Grey,484829.9109,5456801.1804
Theft from Vehicle,2017,5,2,8,0,44XX W 10TH AVE,West Point Grey,484847.0611,5456809.8902
Theft from Vehicle,2017,7,1,0,0,44XX W 10TH AVE,West Point Grey,484965.4818,5456806.8715
Theft from Vehicle,2017,6,25,4,36,44XX W 12TH AVE,West Point Grey,484994.2411,5456594.0682
Theft from Vehicle,2017,1,17,20,0,44XX W 4TH AVE,West Point Grey,484900.2295,5457375.872
Theft from Vehicle,2017,9,6,21,0,44XX W 5TH AVE,West Point Grey,485012.5748,5457274.9455
Theft from Vehicle,2017,6,28,0,0,44XX W 6TH AVE,West Point Grey,484885.1201,5457183.7281
Theft from Vehicle,2017,6,14,21,0,44XX W 7TH AVE,West Point Grey,485008.5857,5457086.5181
Theft from Vehicle,2017,3,7,0,53,45XX ANGUS DR,Shaughnessy,489416.0828,5454754.826
Theft from Vehicle,2017,6,17,3,35,45XX ANGUS DR,Shaughnessy,489416.0828,5454754.826
Theft from Vehicle,2017,8,26,18,50,45XX CLANCY LORANGER WAY,Riley Park,492098.3488,5454510.5986
Theft from Vehicle,2017,3,17,16,30,45XX CLARENDON ST,Renfrew-Collingwood,496173.4962,5454646.9834
Theft from Vehicle,2017,4,2,16,30,45XX CLARENDON ST,Renfrew-Collingwood,496173.4962,5454646.9834
Theft from Vehicle,2017,10,1,21,0,45XX CULLODEN ST,Kensington-Cedar Cottage,494263.2577,5454641.4997
Theft from Vehicle,2017,1,28,2,0,45XX EARLES ST,Renfrew-Collingwood,496890.6063,5454569.041
Theft from Vehicle,2017,10,8,18,0,45XX EARLES ST,Renfrew-Collingwood,496915.1811,5454625.6156
Theft from Vehicle,2017,10,16,16,30,45XX EARLES ST,Renfrew-Collingwood,496933.1527,5454637.118
Theft from Vehicle,2017,4,29,21,0,45XX GLADSTONE ST,Kensington-Cedar Cottage,495551.2452,5454610.3789
Theft from Vehicle,2017,6,10,20,0,45XX GLADSTONE ST,Kensington-Cedar Cottage,495603.4879,5454672.5543
Theft from Vehicle,2017,7,8,18,0,45XX GLADSTONE ST,Kensington-Cedar Cottage,495603.4879,5454672.5543
Theft from Vehicle,2017,10,23,11,41,45XX GLADSTONE ST,Kensington-Cedar Cottage,495604.4319,5454676.094
Theft from Vehicle,2017,6,10,0,0,45XX GOTHARD ST,Renfrew-Collingwood,496257.7817,5454621.2096
Theft from Vehicle,2017,10,29,0,0,45XX HARRIET ST,Kensington-Cedar Cottage,493690.2645,5454549.6978
Theft from Vehicle,2017,6,27,22,0,45XX HARRIET ST,Kensington-Cedar Cottage,493700.0823,5454624.4999
Theft from Vehicle,2017,2,5,3,0,45XX INVERNESS ST,Kensington-Cedar Cottage,494161.6242,5454637.4398
Theft from Vehicle,2017,9,29,0,0,45XX INVERNESS ST,Kensington-Cedar Cottage,494161.6242,5454637.4398
Theft from Vehicle,2017,1,20,23,30,45XX JAMES ST,Riley Park,492431.4308,5454613.8467
Theft from Vehicle,2017,8,14,21,30,45XX JAMES ST,Riley Park,492439.7067,5454591.0556
Theft from Vehicle,2017,8,16,19,0,45XX MAGNOLIA ST,Arbutus Ridge,489101.1302,5454709.7539
Theft from Vehicle,2017,1,24,19,0,45XX MAGNOLIA ST,Arbutus Ridge,489102.8756,5454755.5362
Theft from Vehicle,2017,5,8,22,0,45XX MAIN ST,Riley Park,492621.008,5454615.2796
Theft from Vehicle,2017,11,5,19,0,45XX MAIN ST,Riley Park,492630.7141,5454632.523
Theft from Vehicle,2017,8,12,22,0,45XX MARGUERITE ST,Shaughnessy,489518.092,5454721.4135
Theft from Vehicle,2017,11,3,22,45,45XX NANAIMO ST,Renfrew-Collingwood,495880.7551,5454648.2303
Theft from Vehicle,2017,5,14,13,0,45XX NANAIMO ST,Renfrew-Collingwood,495880.7624,5454646.8459
Theft from Vehicle,2017,3,13,14,40,45XX ONTARIO ST,Riley Park,492346.9948,5454640.6292
Theft from Vehicle,2017,6,23,16,0,45XX ONTARIO ST,Riley Park,492346.9948,5454640.6292
Theft from Vehicle,2017,12,23,8,30,45XX PICTON ST,Renfrew-Collingwood,497068.5299,5454509.8427
Theft from Vehicle,2017,6,5,23,45,45XX PICTON ST,Renfrew-Collingwood,497096.5703,5454557.5084
Theft from Vehicle,2017,10,28,20,0,45XX PRINCE ALBERT ST,Kensington-Cedar Cottage,493602.3477,5454633.622
Theft from Vehicle,2017,9,28,0,30,45XX RUPERT ST,Renfrew-Collingwood,497497.2836,5454612.8057
Theft from Vehicle,2017,10,21,0,0,45XX RUPERT ST,Renfrew-Collingwood,497497.2836,5454612.8057
Theft from Vehicle,2017,10,11,1,0,45XX SLOCAN ST,Renfrew-Collingwood,496316.3332,5454537.6589
Theft from Vehicle,2017,10,16,21,0,45XX SLOCAN ST,Renfrew-Collingwood,496316.3332,5454537.6589
Theft from Vehicle,2017,11,30,23,0,45XX SLOCAN ST,Renfrew-Collingwood,496316.3332,5454537.6589
Theft from Vehicle,2017,12,18,21,15,45XX SLOCAN ST,Renfrew-Collingwood,496390.0065,5454647.5078
Theft from Vehicle,2017,4,1,17,0,45XX SOPHIA ST,Riley Park,492823.2571,5454628.3514
Theft from Vehicle,2017,6,18,0,0,45XX ST GEORGE ST,Riley Park,493149.7433,5454667.5179
Theft from Vehicle,2017,11,19,12,0,45XX TODD ST,Renfrew-Collingwood,496694.2177,5454430.3246
Theft from Vehicle,2017,12,14,20,0,45XX VICTORIA DR,Kensington-Cedar Cottage,495259.5968,5454669.1463
Theft from Vehicle,2017,10,15,18,15,45XX W 10TH AVE,West Point Grey,484690.4928,5456804.7221
Theft from Vehicle,2017,2,20,17,0,45XX W 11TH AVE,West Point Grey,484776.7015,5456701.2314
Theft from Vehicle,2017,8,31,4,51,45XX W 11TH AVE,West Point Grey,484776.7015,5456701.2314
Theft from Vehicle,2017,3,13,18,30,45XX W 12TH AVE,West Point Grey,484773.5883,5456599.2003
Theft from Vehicle,2017,11,28,20,0,45XX W 13TH AVE,West Point Grey,484770.9614,5456499.1802
Theft from Vehicle,2017,9,6,19,0,45XX W 15TH AVE,West Point Grey,484765.9285,5456297.02
Theft from Vehicle,2017,6,28,21,30,45XX W 6TH AVE,West Point Grey,484762.2165,5457196.4138
Theft from Vehicle,2017,6,5,19,30,45XX WELWYN ST,Kensington-Cedar Cottage,494899.1348,5454609.2018
Theft from Vehicle,2017,3,26,20,0,45XX WELWYN ST,Kensington-Cedar Cottage,494908.7709,5454637.0762
Theft from Vehicle,2017,6,5,21,0,45XX WELWYN ST,Kensington-Cedar Cottage,494908.8532,5454641.7488
Theft from Vehicle,2017,2,24,5,45,46XX ANGUS DR,Shaughnessy,489405.2367,5454640.3981
Theft from Vehicle,2017,10,22,1,0,46XX BALDWIN ST,Kensington-Cedar Cottage,495790.8282,5454579.3105
Theft from Vehicle,2017,10,31,22,0,46XX BELLEVUE DR,West Point Grey,484485.7246,5457781.699
Theft from Vehicle,2017,10,22,14,45,46XX BOUNDARY RD,Renfrew-Collingwood,498270.6947,5454478.8906
Theft from Vehicle,2017,10,22,15,0,46XX BOUNDARY RD,Renfrew-Collingwood,498270.6947,5454478.8906
Theft from Vehicle,2017,8,25,0,0,46XX BRUCE ST,Kensington-Cedar Cottage,494952.6477,5454514.1073
Theft from Vehicle,2017,12,29,19,20,46XX CAMBIE ST,Riley Park,491471.4735,5454538.452
Theft from Vehicle,2017,3,14,0,0,46XX CARNARVON ST,Dunbar-Southlands,487413.424,5454632.3059
Theft from Vehicle,2017,1,17,22,30,46XX CONNAUGHT DR,Shaughnessy,489724.382,5454602.4143
Theft from Vehicle,2017,12,15,2,0,46XX CULLODEN ST,Kensington-Cedar Cottage,494251.1653,5454497.7243
Theft from Vehicle,2017,11,19,22,30,46XX EARLES ST,Renfrew-Collingwood,496827.7116,5454470.0707
Theft from Vehicle,2017,12,29,10,30,46XX EARLES ST,Renfrew-Collingwood,496827.7116,5454470.0707
Theft from Vehicle,2017,6,10,20,22,46XX FRASER ST,Kensington-Cedar Cottage,493431.6421,5454529.3663
Theft from Vehicle,2017,7,20,20,0,46XX GOTHARD ST,Renfrew-Collingwood,496160.5721,5454450.6317
Theft from Vehicle,2017,7,5,0,1,46XX GOTHARD ST,Renfrew-Collingwood,496214.1797,5454535.201
Theft from Vehicle,2017,2,15,19,37,46XX INVERNESS ST,Kensington-Cedar Cottage,494168.0142,5454499.753
Theft from Vehicle,2017,12,1,22,0,46XX MAIN ST,Riley Park,492626.518,5454502.514
Theft from Vehicle,2017,9,27,21,0,46XX MANOR ST,Renfrew-Collingwood,497187.2809,5454454.3888
Theft from Vehicle,2017,2,26,19,0,46XX MANOR ST,Renfrew-Collingwood,497196.0574,5454468.3043
Theft from Vehicle,2017,12,1,19,0,46XX NANAIMO ST,Kensington-Cedar Cottage,495852.8644,5454469.2032
Theft from Vehicle,2017,3,29,18,30,46XX ONTARIO ST,Riley Park,492334.1614,5454509.663
Theft from Vehicle,2017,8,10,9,0,46XX RAVINE ST,Renfrew-Collingwood,496615.5384,5454456.69
Theft from Vehicle,2017,8,30,21,0,46XX REID ST,Renfrew-Collingwood,497325.2105,5454487.0918
Theft from Vehicle,2017,10,29,22,0,46XX RUPERT ST,Renfrew-Collingwood,497415.4841,5454480.9415
Theft from Vehicle,2017,12,13,21,0,46XX TODD ST,Renfrew-Collingwood,496622.9621,5454318.2486
Theft from Vehicle,2017,11,19,18,0,46XX TODD ST,Renfrew-Collingwood,496680.8228,5454409.2559
Theft from Vehicle,2017,9,13,12,0,46XX VALLEY DR,Arbutus Ridge,488982.926,5454595.0216
Theft from Vehicle,2017,12,14,19,0,46XX VICTORIA DR,Kensington-Cedar Cottage,495246.3695,5454528.4443
Theft from Vehicle,2017,1,31,19,0,46XX W 11TH AVE,West Point Grey,484344.67,5456709.1074
Theft from Vehicle,2017,10,30,5,21,46XX W 12TH AVE,West Point Grey,484355.7917,5456618.1979
Theft from Vehicle,2017,7,1,6,1,46XX W 12TH AVE,West Point Grey,484420.2285,5456607.5333
Theft from Vehicle,2017,12,18,22,30,46XX W 12TH AVE,West Point Grey,484437.6844,5456616.2686
Theft from Vehicle,2017,7,13,17,0,46XX W 12TH AVE,West Point Grey,484506.6466,5456614.644
Theft from Vehicle,2017,10,29,19,30,46XX W 12TH AVE,West Point Grey,484553.8427,5456604.3855
Theft from Vehicle,2017,8,17,2,30,46XX W 13TH AVE,West Point Grey,484542.9852,5456514.206
Theft from Vehicle,2017,7,17,2,34,46XX W 15TH AVE,West Point Grey,484546.1609,5456303.1068
Theft from Vehicle,2017,1,27,12,0,46XX W 5TH AVE,West Point Grey,484572.1602,5457287.1744
Theft from Vehicle,2017,7,4,21,0,46XX W 7TH AVE,West Point Grey,484415.04,5457110.8537
Theft from Vehicle,2017,6,28,22,0,46XX W 8TH AVE,West Point Grey,484564.8661,5457001.5153
Theft from Vehicle,2017,6,19,21,30,46XX YEW ST,Arbutus Ridge,488731.7985,5454672.036
Theft from Vehicle,2017,6,9,10,0,4703A CULLODEN ST,Kensington-Cedar Cottage,494249.435,5454410.0477
Theft from Vehicle,2017,7,25,2,30,47XX ARBUTUS ST,Arbutus Ridge,488837.7766,5454527.011
Theft from Vehicle,2017,9,22,19,30,47XX ARGYLE ST,Kensington-Cedar Cottage,494853.5167,5454438.8472
Theft from Vehicle,2017,6,1,18,0,47XX BEATRICE ST,Kensington-Cedar Cottage,495155.5727,5454452.7141
Theft from Vehicle,2017,9,10,14,0,47XX BELMONT AVE,West Point Grey,484142.5031,5458040.0485
Theft from Vehicle,2017,11,9,18,0,47XX BLENHEIM ST,Dunbar-Southlands,487003.1078,5454621.1405
Theft from Vehicle,2017,9,15,21,0,47XX COMMERCIAL ST,Kensington-Cedar Cottage,495054.2556,5454415.9571
Theft from Vehicle,2017,8,19,21,30,47XX EARLES ST,Renfrew-Collingwood,496765.2178,5454370.2204
Theft from Vehicle,2017,8,24,0,0,47XX FAIRMONT ST,Renfrew-Collingwood,496950.5877,5454346.3245
Theft from Vehicle,2017,3,12,21,45,47XX GOTHARD ST,Renfrew-Collingwood,496121.6558,5454407.3941
Theft from Vehicle,2017,2,25,0,30,47XX GOTHARD ST,Renfrew-Collingwood,496124.1727,5454394.4642
Theft from Vehicle,2017,7,23,17,0,47XX INVERNESS ST,Kensington-Cedar Cottage,494166.3716,5454415.4566
Theft from Vehicle,2017,4,25,0,0,47XX KILLARNEY ST,Renfrew-Collingwood,497010.9752,5454308.7081
Theft from Vehicle,2017,3,23,8,0,47XX KILLARNEY ST,Renfrew-Collingwood,497039.9912,5454337.5135
Theft from Vehicle,2017,8,31,23,30,47XX KILLARNEY ST,Renfrew-Collingwood,497039.9912,5454337.5135
Theft from Vehicle,2017,8,26,0,30,47XX LITTLE ST,Kensington-Cedar Cottage,495336.8163,5454416.9009
Theft from Vehicle,2017,8,12,17,0,47XX MARGUERITE ST,Shaughnessy,489525.1131,5454479.2835
Theft from Vehicle,2017,11,13,0,0,47XX MOSS ST,Renfrew-Collingwood,496891.1007,5454402.711
Theft from Vehicle,2017,11,21,18,30,47XX MOSS ST,Renfrew-Collingwood,496903.6434,5454422.5937
Theft from Vehicle,2017,2,23,20,0,47XX NANAIMO ST,Renfrew-Collingwood,495812.6933,5454397.2156
Theft from Vehicle,2017,12,8,20,15,47XX PRINCE EDWARD ST,Riley Park,492951.1179,5454442.3894
Theft from Vehicle,2017,12,28,9,30,47XX PRINCE EDWARD ST,Riley Park,492951.1179,5454442.3894
Theft from Vehicle,2017,9,4,21,30,47XX REID ST,Renfrew-Collingwood,497230.2857,5454353.1496
Theft from Vehicle,2017,8,2,20,30,47XX REID ST,Renfrew-Collingwood,497238.5389,5454366.2666
Theft from Vehicle,2017,8,30,21,0,47XX RUPERT ST,Renfrew-Collingwood,497339.3393,5454358.6903
Theft from Vehicle,2017,12,18,18,30,47XX SLOCAN ST,Renfrew-Collingwood,496234.4653,5454389.5786
Theft from Vehicle,2017,11,1,0,0,47XX W 6TH AVE,West Point Grey,484335.1384,5457205.6254
Theft from Vehicle,2017,7,10,18,0,48XX ARGYLE ST,Kensington-Cedar Cottage,494840.5784,5454304.0243
Theft from Vehicle,2017,1,12,4,3,48XX BEATRICE ST,Kensington-Cedar Cottage,495157.7753,5454306.5276
Theft from Vehicle,2017,7,12,14,0,48XX CAMBIE ST,Riley Park,491398.1033,5454383.3777
Theft from Vehicle,2017,11,4,13,0,48XX CAMBIE ST,Riley Park,491398.1033,5454383.3777
Theft from Vehicle,2017,12,20,21,0,48XX CHATHAM ST,Renfrew-Collingwood,497128.3663,5454191.6626
Theft from Vehicle,2017,10,15,21,0,48XX CHATHAM ST,Renfrew-Collingwood,497148.5861,5454206.539
Theft from Vehicle,2017,9,26,12,8,48XX CHATHAM ST,Renfrew-Collingwood,497177.3138,5454251.9914
Theft from Vehicle,2017,12,24,4,0,48XX CHATHAM ST,Renfrew-Collingwood,497177.3138,5454251.9914
Theft from Vehicle,2017,8,12,20,0,48XX CONNAUGHT DR,Shaughnessy,489637.5612,5454403.4163
Theft from Vehicle,2017,4,30,10,31,48XX DUCHESS ST,Renfrew-Collingwood,496317.8836,5454247.3891
Theft from Vehicle,2017,4,11,18,0,48XX DUCHESS ST,Renfrew-Collingwood,496330.7469,5454257.591
Theft from Vehicle,2017,12,17,21,0,48XX DUCHESS ST,Renfrew-Collingwood,496343.3085,5454259.5994
Theft from Vehicle,2017,11,26,19,0,48XX DUMFRIES ST,Kensington-Cedar Cottage,494647.9356,5454314.82
Theft from Vehicle,2017,8,1,21,40,48XX DUNBAR ST,Dunbar-Southlands,486521.3858,5454518.8103
Theft from Vehicle,2017,11,13,0,0,48XX EARLES ST,Renfrew-Collingwood,496640.0745,5454187.5408
Theft from Vehicle,2017,12,17,10,0,48XX EARLES ST,Renfrew-Collingwood,496645.2362,5454195.7847
Theft from Vehicle,2017,11,21,22,0,48XX EARLES ST,Renfrew-Collingwood,496679.8275,5454233.8004
Theft from Vehicle,2017,6,15,21,30,48XX EARLES ST,Renfrew-Collingwood,496690.151,5454250.2882
Theft from Vehicle,2017,7,7,0,0,48XX ELDORADO MEWS,Renfrew-Collingwood,495819.6377,5454306.6613
Theft from Vehicle,2017,9,1,18,15,48XX ELDORADO MEWS,Renfrew-Collingwood,495819.6377,5454306.6613
Theft from Vehicle,2017,10,21,18,0,48XX FRASER ST,Kensington-Cedar Cottage,493429.3062,5454328.1505
Theft from Vehicle,2017,9,28,22,0,48XX GLADSTONE ST,Kensington-Cedar Cottage,495431.3167,5454303.2741
Theft from Vehicle,2017,10,21,0,1,48XX GOTHARD ST,Renfrew-Collingwood,496037.5554,5454260.8071
Theft from Vehicle,2017,12,17,15,0,48XX JOYCE ST,Renfrew-Collingwood,497922.9197,5454317.8621
Theft from Vehicle,2017,12,18,0,0,48XX JOYCE ST,Renfrew-Collingwood,497927.3721,5454325.0151
Theft from Vehicle,2017,6,19,22,0,48XX KILLARNEY ST,Renfrew-Collingwood,496977.3862,5454238.4264
Theft from Vehicle,2017,8,12,22,30,48XX MARGUERITE ST,Shaughnessy,489527.3292,5454438.8456
Theft from Vehicle,2017,9,18,21,0,48XX NANAIMO ST,Renfrew-Collingwood,495731.3797,5454138.1427
Theft from Vehicle,2017,1,12,18,30,48XX NANAIMO ST,Renfrew-Collingwood,495770.927,5454339.9284
Theft from Vehicle,2017,5,17,18,30,48XX ONTARIO ST,Riley Park,492336.2764,5454243.7193
Theft from Vehicle,2017,6,13,13,26,48XX PINE CRES,Shaughnessy,489321.4014,5454407.8971
Theft from Vehicle,2017,1,1,0,0,48XX PRINCE EDWARD ST,Riley Park,492954.9768,5454374.9515
Theft from Vehicle,2017,10,8,10,30,48XX QUEBEC ST,Riley Park,492521.6486,5454332.4059
Theft from Vehicle,2017,7,23,22,0,48XX ROSS ST,Kensington-Cedar Cottage,494069.4847,5454189.5087
Theft from Vehicle,2017,8,2,21,0,48XX ROSS ST,Kensington-Cedar Cottage,494071.695,5454237.3069
Theft from Vehicle,2017,9,28,21,46,48XX RUPERT ST,Renfrew-Collingwood,497260.2818,5454219.0293
Theft from Vehicle,2017,10,4,22,0,48XX RUPERT ST,Renfrew-Collingwood,497260.2818,5454219.0293
Theft from Vehicle,2017,9,28,18,0,48XX RUPERT ST,Renfrew-Collingwood,497271.2586,5454235.4541
Theft from Vehicle,2017,10,12,20,0,48XX RUPERT ST,Renfrew-Collingwood,497273.0882,5454238.1916
Theft from Vehicle,2017,5,23,12,0,48XX SAINT JOHN PAUL II WAY,South Cambie,491038.4409,5454332.2712
Theft from Vehicle,2017,11,3,16,0,48XX SELKIRK ST,Shaughnessy,490342.0115,5454411.7567
Theft from Vehicle,2017,11,13,23,0,48XX SLOCAN ST,Renfrew-Collingwood,496141.1492,5454247.9236
Theft from Vehicle,2017,6,15,6,14,48XX SLOCAN ST,Renfrew-Collingwood,496156.5923,5454272.5761
Theft from Vehicle,2017,4,17,4,36,48XX SOPHIA ST,Riley Park,492816.8542,5454387.5507
Theft from Vehicle,2017,12,5,18,20,48XX VICTORIA DR,Kensington-Cedar Cottage,495246.6974,5454157.5173
Theft from Vehicle,2017,12,25,22,0,49XX CHATHAM ST,Renfrew-Collingwood,497049.6773,5454067.1627
Theft from Vehicle,2017,1,27,20,30,49XX CHATHAM ST,Renfrew-Collingwood,497088.3973,5454128.4245
Theft from Vehicle,2017,12,11,0,0,49XX COMMERCIAL ST,Kensington-Cedar Cottage,495015.9568,5454067.468
Theft from Vehicle,2017,11,30,20,0,49XX GLADSTONE ST,Kensington-Cedar Cottage,495426.624,5454037.9214
Theft from Vehicle,2017,11,7,19,0,49XX JOYCE ST,Renfrew-Collingwood,497754.2748,5454065.3808
Theft from Vehicle,2017,9,17,16,0,49XX JOYCE ST,Renfrew-Collingwood,497758.7321,5454072.4881
Theft from Vehicle,2017,1,1,21,30,49XX JOYCE ST,Renfrew-Collingwood,497805.3582,5454129.6238
Theft from Vehicle,2017,8,26,5,0,49XX JOYCE ST,Renfrew-Collingwood,497807.7095,5454133.3725
Theft from Vehicle,2017,11,8,17,0,49XX JOYCE ST,Renfrew-Collingwood,497807.7095,5454133.3725
Theft from Vehicle,2017,3,28,6,14,49XX KILLARNEY ST,Renfrew-Collingwood,496881.0045,5454103.032
Theft from Vehicle,2017,2,8,21,30,49XX MAIN ST,Riley Park,492607.1152,5454140.948
Theft from Vehicle,2017,3,12,18,0,49XX PAYNE ST,Renfrew-Collingwood,497893.4002,5454124.5817
Theft from Vehicle,2017,7,13,21,0,49XX PINE CRES,Shaughnessy,489319.4876,5454365.4739
Theft from Vehicle,2017,1,27,14,0,49XX PRINCE ALBERT ST,Kensington-Cedar Cottage,493593.8736,5454127.4459
Theft from Vehicle,2017,12,17,20,0,49XX RUPERT ST,Renfrew-Collingwood,497167.605,5454089.1364
Theft from Vehicle,2017,3,15,23,30,49XX RUPERT ST,Renfrew-Collingwood,497191.2888,5454109.6512
Theft from Vehicle,2017,10,23,1,45,49XX SLOCAN ST,Renfrew-Collingwood,496035.362,5454053.2484
Theft from Vehicle,2017,6,29,20,0,49XX SPENCER ST,Renfrew-Collingwood,497333.1725,5454161.9357
Theft from Vehicle,2017,9,3,17,30,49XX SPENCER ST,Renfrew-Collingwood,497333.1725,5454161.9357
Theft from Vehicle,2017,6,11,18,47,49XX VICTORIA DR,Kensington-Cedar Cottage,495244.708,5454050.7836
Theft from Vehicle,2017,5,22,18,0,49XX VICTORIA DR,Kensington-Cedar Cottage,495245.4739,5454092.1535
Theft from Vehicle,2017,8,17,23,0,49XX WILLOW ST,South Cambie,491004.9805,5454249.594
Theft from Vehicle,2017,4,2,12,0,4X E 13TH AVE,Mount Pleasant,492420.3124,5456297.459
Theft from Vehicle,2017,11,10,21,0,4X E 13TH AVE,Mount Pleasant,492422.5357,5456288.2366
Theft from Vehicle,2017,6,5,20,0,4X E 15TH AVE,Mount Pleasant,492419.4491,5456087.5922
Theft from Vehicle,2017,8,25,15,0,4X E 45TH AVE,Sunset,492363.5348,5452962.031
Theft from Vehicle,2017,8,19,22,30,4X E 60TH AVE,Sunset,492341.1947,5451468.2001
Theft from Vehicle,2017,4,26,0,0,4X E 6TH AVE,Mount Pleasant,492439.8727,5456986.1144
Theft from Vehicle,2017,8,11,19,0,4X E 7TH AVE,Mount Pleasant,492437.3111,5456886.9083
Theft from Vehicle,2017,12,9,0,0,4X E BROADWAY AVE,Mount Pleasant,492432.3258,5456701.9086
Theft from Vehicle,2017,5,3,16,30,4X E WOODSTOCK AVE,Riley Park,492380.9663,5453432.8457
Theft from Vehicle,2017,10,15,23,30,4X POWELL ST,Central Business District,492491.8634,5458955.1271
Theft from Vehicle,2017,11,13,18,0,4X POWELL ST,Central Business District,492492.0356,5458955.1217
Theft from Vehicle,2017,12,30,2,0,4X SW MARINE DR,Marpole,492179.4,5451082.9294
Theft from Vehicle,2017,5,31,1,0,4X W 11TH AVE,Mount Pleasant,492302.5442,5456501.0927
Theft from Vehicle,2017,3,30,21,0,4X W 14TH AVE,Mount Pleasant,492284.6374,5456191.6834
Theft from Vehicle,2017,12,3,17,0,4X W 26TH AVE,Riley Park,492267.235,5455009.9565
Theft from Vehicle,2017,8,28,12,0,4X W 49TH AVE,Oakridge,492210.0475,5452564.5754
Theft from Vehicle,2017,2,2,17,45,4X W CORDOVA ST,Central Business District,492339.526,5458876.7877
Theft from Vehicle,2017,5,15,17,30,4X W CORDOVA ST,Central Business District,492339.526,5458876.7877
Theft from Vehicle,2017,7,19,11,0,4X W HASTINGS ST,Central Business District,492320.6682,5458782.6495
Theft from Vehicle,2017,4,7,21,0,4XX ABBOTT ST,Central Business District,492183.6983,5458754.3419
Theft from Vehicle,2017,10,15,18,30,4XX ABBOTT ST,Central Business District,492193.6262,5458755.976
Theft from Vehicle,2017,2,2,4,0,4XX ABBOTT ST,Central Business District,492207.9535,5458808.3072
Theft from Vehicle,2017,3,7,18,0,4XX ABBOTT ST,Central Business District,492207.9535,5458808.3072
Theft from Vehicle,2017,3,17,8,39,4XX ABBOTT ST,Central Business District,492207.9535,5458808.3072
Theft from Vehicle,2017,3,25,7,50,4XX ABBOTT ST,Central Business District,492207.9535,5458808.3072
Theft from Vehicle,2017,9,5,12,36,4XX ABBOTT ST,Central Business District,492207.9535,5458808.3072
Theft from Vehicle,2017,10,1,22,57,4XX ABBOTT ST,Central Business District,492207.9535,5458808.3072
Theft from Vehicle,2017,11,13,11,0,4XX ABBOTT ST,Central Business District,492207.9535,5458808.3072
Theft from Vehicle,2017,12,14,18,0,4XX ABBOTT ST,Central Business District,492207.9535,5458808.3072
Theft from Vehicle,2017,2,14,0,0,4XX ALEXANDER ST,Strathcona,493073.9211,5459029.0818
Theft from Vehicle,2017,2,15,9,0,4XX ALEXANDER ST,Strathcona,493073.9211,5459029.0818
Theft from Vehicle,2017,12,16,8,11,4XX ALEXANDER ST,Strathcona,493073.9211,5459029.0818
Theft from Vehicle,2017,4,1,7,0,4XX ALEXANDER ST,Strathcona,493165.6747,5459036.1171
Theft from Vehicle,2017,5,29,17,30,4XX ALEXANDER ST,Strathcona,493176.5606,5459026.7202
Theft from Vehicle,2017,6,30,22,41,4XX AUBREY PL,Riley Park,492950.5458,5454618.0981
Theft from Vehicle,2017,9,28,21,0,4XX AUBREY PL,Riley Park,493040.4276,5454622.6267
Theft from Vehicle,2017,10,16,20,0,4XX AUBREY PL,Riley Park,493070.8359,5454612.8513
Theft from Vehicle,2017,5,13,1,30,4XX BEACH CRES,Central Business District,490763.9983,5457656.8307
Theft from Vehicle,2017,6,16,20,30,4XX BEACH CRES,Central Business District,490765.6635,5457655.3079
Theft from Vehicle,2017,7,7,19,0,4XX BEACH CRES,Central Business District,490765.6635,5457655.3079
Theft from Vehicle,2017,4,23,20,0,4XX BROUGHTON ST,Central Business District,490825.5765,5459741.7636
Theft from Vehicle,2017,12,15,9,30,4XX BROUGHTON ST,Central Business District,490825.5765,5459741.7636
Theft from Vehicle,2017,4,4,17,43,4XX BURRARD ST,Central Business District,491489.2581,5459388.0641
Theft from Vehicle,2017,9,28,17,15,4XX BURRARD ST,Central Business District,491489.2581,5459388.0641
Theft from Vehicle,2017,3,30,20,0,4XX BURRARD ST,Central Business District,491495.7649,5459381.6396
Theft from Vehicle,2017,4,8,21,0,4XX BURRARD ST,Central Business District,491495.7649,5459381.6396
Theft from Vehicle,2017,12,9,20,0,4XX BURRARD ST,Central Business District,491495.7649,5459381.6396
Theft from Vehicle,2017,6,16,18,0,4XX CAMBIE ST,Central Business District,492015.6359,5458814.8958
Theft from Vehicle,2017,3,26,2,24,4XX CAMBIE ST,Central Business District,492032.1854,5458869.7441
Theft from Vehicle,2017,12,2,21,39,4XX CAMBIE ST,Central Business District,492032.1854,5458869.7441
Theft from Vehicle,2017,11,9,18,0,4XX CARRALL ST,Central Business District,492406.8345,5458727.4169
Theft from Vehicle,2017,1,17,10,49,4XX CARRALL ST,Central Business District,492416.8603,5458750.3277
Theft from Vehicle,2017,7,22,3,0,4XX CLARK DR,Grandview-Woodland,494397.0293,5458733.2547
Theft from Vehicle,2017,9,25,21,30,4XX CLARK DR,Grandview-Woodland,494397.0293,5458733.2547
Theft from Vehicle,2017,3,5,16,15,4XX COLUMBIA ST,Central Business District,492566.9975,5458742.1899
Theft from Vehicle,2017,10,2,11,50,4XX COLUMBIA ST,Central Business District,492566.9975,5458742.1899
Theft from Vehicle,2017,2,4,4,30,4XX COMMERCIAL DR,Grandview-Woodland,494884.4005,5458722.1665
Theft from Vehicle,2017,11,20,13,6,4XX DAVIE ST,Central Business District,491026.4436,5458062.0425
Theft from Vehicle,2017,7,3,10,15,4XX DENMAN ST,Central Business District,490366.7314,5460081.3805
Theft from Vehicle,2017,10,27,6,50,4XX DRAKE ST,Central Business District,490845.1066,5458011.1087
Theft from Vehicle,2017,11,13,22,0,4XX DRAKE ST,Central Business District,490913.824,5457943.8885
Theft from Vehicle,2017,11,17,16,0,4XX DUNLEVY AVE,Strathcona,493064.8573,5458695.5858
Theft from Vehicle,2017,3,16,20,0,4XX DUNLEVY AVE,Strathcona,493065.6364,5458727.1092
Theft from Vehicle,2017,6,12,18,0,4XX DUNLEVY AVE,Strathcona,493065.6364,5458727.1092
Theft from Vehicle,2017,12,12,23,13,4XX DUNLEVY AVE,Strathcona,493065.6364,5458727.1092
Theft from Vehicle,2017,10,20,23,0,4XX E 10TH AVE,Mount Pleasant,493011.6003,5456530.3147
Theft from Vehicle,2017,9,10,17,15,4XX E 10TH AVE,Mount Pleasant,493137.8101,5456540.8783
Theft from Vehicle,2017,2,2,21,15,4XX E 10TH AVE,Mount Pleasant,493165.1581,5456531.4064
Theft from Vehicle,2017,12,3,23,40,4XX E 11TH AVE,Mount Pleasant,493005.328,5456434.9286
Theft from Vehicle,2017,9,22,21,0,4XX E 11TH AVE,Mount Pleasant,493075.4834,5456443.1233
Theft from Vehicle,2017,7,31,13,0,4XX E 11TH AVE,Mount Pleasant,493148.6369,5456442.0639
Theft from Vehicle,2017,11,3,19,0,4XX E 11TH AVE,Mount Pleasant,493179.8564,5456441.6046
Theft from Vehicle,2017,2,16,20,0,4XX E 11TH AVE,Mount Pleasant,493195.4662,5456441.375
Theft from Vehicle,2017,2,16,22,0,4XX E 12TH AVE,Mount Pleasant,493050.0907,5456344.3226
Theft from Vehicle,2017,9,5,10,0,4XX E 12TH AVE,Mount Pleasant,493116.308,5456334.3357
Theft from Vehicle,2017,7,17,8,6,4XX E 12TH AVE,Mount Pleasant,493178.5297,5456333.56
Theft from Vehicle,2017,11,15,16,0,4XX E 16TH AVE,Mount Pleasant,493132.1342,5455977.0023
Theft from Vehicle,2017,7,12,23,0,4XX E 16TH AVE,Riley Park,492985.4786,5455971.8222
Theft from Vehicle,2017,5,11,21,0,4XX E 19TH AVE,Riley Park,493136.2401,5455676.9908
Theft from Vehicle,2017,4,11,20,0,4XX E 20TH AVE,Riley Park,493133.2769,5455577.2735
Theft from Vehicle,2017,3,30,3,15,4XX E 21ST AVE,Riley Park,492972.6281,5455470.9768
Theft from Vehicle,2017,11,27,21,0,4XX E 21ST AVE,Riley Park,493092.475,5455468.2936
Theft from Vehicle,2017,2,20,20,0,4XX E 22ND AVE,Riley Park,492969.0509,5455371.6476
Theft from Vehicle,2017,2,2,10,0,4XX E 23RD AVE,Riley Park,492966.4898,5455269.8301
Theft from Vehicle,2017,1,20,14,0,4XX E 23RD AVE,Riley Park,493084.0875,5455276.5142
Theft from Vehicle,2017,10,5,19,0,4XX E 24TH AVE,Riley Park,493093.2205,5455167.5823
Theft from Vehicle,2017,6,7,15,0,4XX E 28TH AVE,Riley Park,493043.054,5454770.9448
Theft from Vehicle,2017,8,3,22,0,4XX E 30TH AVE,Riley Park,492982.5265,5454535.9795
Theft from Vehicle,2017,9,29,20,0,4XX E 30TH AVE,Riley Park,493013.0704,5454526.4122
Theft from Vehicle,2017,10,26,19,0,4XX E 38TH AVE,Riley Park,492934.3665,5453718.6676
Theft from Vehicle,2017,6,14,21,0,4XX E 38TH AVE,Riley Park,492973.3966,5453726.5958
Theft from Vehicle,2017,10,6,16,0,4XX E 38TH AVE,Riley Park,493064.1838,5453723.7569
Theft from Vehicle,2017,10,28,19,30,4XX E 38TH AVE,Riley Park,493080.7405,5453714.0907
Theft from Vehicle,2017,4,16,21,30,4XX E 43RD AVE,Sunset,493054.2734,5453142.742
Theft from Vehicle,2017,7,9,23,0,4XX E 43RD AVE,Sunset,493091.9624,5453150.8907
Theft from Vehicle,2017,9,27,19,0,4XX E 44TH AVE,Sunset,493033.3126,5453043.036
Theft from Vehicle,2017,12,17,0,0,4XX E 45TH AVE,Sunset,493078.8528,5452950.2801
Theft from Vehicle,2017,1,1,22,0,4XX E 46TH AVE,Sunset,492920.0702,5452846.6039
Theft from Vehicle,2017,12,20,20,30,4XX E 46TH AVE,Sunset,492934.1428,5452846.1498
Theft from Vehicle,2017,5,25,22,30,4XX E 50TH AVE,Sunset,492971.68,5452435.3733
Theft from Vehicle,2017,6,19,18,0,4XX E 50TH AVE,Sunset,493071.1634,5452423.4192
Theft from Vehicle,2017,12,15,11,30,4XX E 53RD AVE,Sunset,492960.8876,5452118.0191
Theft from Vehicle,2017,11,15,18,0,4XX E 53RD AVE,Sunset,493018.4976,5452116.2701
Theft from Vehicle,2017,10,29,18,30,4XX E 55TH AVE,Sunset,492892.9776,5451920.3662
Theft from Vehicle,2017,3,30,21,23,4XX E 56TH AVE,Sunset,492891.0425,5451825.3952
Theft from Vehicle,2017,11,28,15,30,4XX E 56TH AVE,Sunset,492891.0425,5451825.3952
Theft from Vehicle,2017,9,12,22,30,4XX E 56TH AVE,Sunset,493026.7069,5451823.7582
Theft from Vehicle,2017,8,28,0,0,4XX E 58TH AVE,Sunset,493001.1035,5451602.8596
Theft from Vehicle,2017,3,16,12,30,4XX E 59TH AVE,Sunset,492880.4902,5451541.0474
Theft from Vehicle,2017,7,1,18,0,4XX E 60TH AVE,Sunset,493117.3771,5451435.6131
Theft from Vehicle,2017,3,16,15,0,4XX E 64TH AVE,Sunset,492868.2318,5451051.758
Theft from Vehicle,2017,3,16,20,0,4XX E 64TH AVE,Sunset,492868.2318,5451051.758
Theft from Vehicle,2017,9,7,5,30,4XX E 64TH AVE,Sunset,492989.0476,5451049.2588
Theft from Vehicle,2017,9,5,7,14,4XX E 6TH AVE,Mount Pleasant,493055.1821,5456955.4594
Theft from Vehicle,2017,1,30,17,30,4XX E 6TH AVE,Mount Pleasant,493141.2941,5456944.3563
Theft from Vehicle,2017,1,30,19,30,4XX E 6TH AVE,Mount Pleasant,493141.2941,5456944.3563
Theft from Vehicle,2017,4,30,0,0,4XX E 6TH AVE,Mount Pleasant,493158.0115,5456953.3386
Theft from Vehicle,2017,5,29,17,0,4XX E 6TH AVE,Mount Pleasant,493167.9,5456944.0982
Theft from Vehicle,2017,9,27,16,0,4XX E 6TH AVE,Mount Pleasant,493167.9,5456944.0982
Theft from Vehicle,2017,12,2,0,0,4XX E 6TH AVE,Mount Pleasant,493167.9,5456944.0982
Theft from Vehicle,2017,5,9,16,0,4XX E 6TH AVE,Mount Pleasant,493194.5945,5456952.9837
Theft from Vehicle,2017,7,23,1,0,4XX E 8TH AVE,Mount Pleasant,493153.8151,5456744.1949
Theft from Vehicle,2017,4,12,13,0,4XX E BROADWAY AVE,Mount Pleasant,493016.0387,5456652.1342
Theft from Vehicle,2017,7,16,9,0,4XX E BROADWAY AVE,Mount Pleasant,493016.0387,5456652.1342
Theft from Vehicle,2017,7,22,8,0,4XX E BROADWAY AVE,Mount Pleasant,493016.0387,5456652.1342
Theft from Vehicle,2017,5,5,14,41,4XX E BROADWAY AVE,Mount Pleasant,493181.4004,5456647.3232
Theft from Vehicle,2017,1,9,7,0,4XX E CORDOVA ST,Strathcona,493071.284,5458827.6703
Theft from Vehicle,2017,8,19,17,0,4XX E CORDOVA ST,Strathcona,493143.2496,5458835.1664
Theft from Vehicle,2017,3,26,1,53,4XX E HASTINGS ST,Strathcona,493065.2895,5458724.1998
Theft from Vehicle,2017,10,14,13,4,4XX E HASTINGS ST,Strathcona,493065.2895,5458724.1998
Theft from Vehicle,2017,12,1,22,0,4XX E HASTINGS ST,Strathcona,493065.2895,5458724.1998
Theft from Vehicle,2017,12,17,7,0,4XX E HASTINGS ST,Strathcona,493065.2895,5458724.1998
Theft from Vehicle,2017,2,4,8,41,4XX E HASTINGS ST,Strathcona,493068.3246,5458733.2572
Theft from Vehicle,2017,2,20,15,0,4XX E HASTINGS ST,Strathcona,493068.3246,5458733.2572
Theft from Vehicle,2017,4,6,18,0,4XX E HASTINGS ST,Strathcona,493068.3246,5458733.2572
Theft from Vehicle,2017,5,29,17,32,4XX E HASTINGS ST,Strathcona,493068.3246,5458733.2572
Theft from Vehicle,2017,7,3,11,0,4XX E HASTINGS ST,Strathcona,493068.3246,5458733.2572
Theft from Vehicle,2017,7,11,3,43,4XX E HASTINGS ST,Strathcona,493068.3246,5458733.2572
Theft from Vehicle,2017,7,25,0,2,4XX E HASTINGS ST,Strathcona,493068.3246,5458733.2572
Theft from Vehicle,2017,9,5,12,11,4XX E HASTINGS ST,Strathcona,493068.3246,5458733.2572
Theft from Vehicle,2017,9,20,22,0,4XX E HASTINGS ST,Strathcona,493068.3246,5458733.2572
Theft from Vehicle,2017,9,23,8,56,4XX E HASTINGS ST,Strathcona,493068.3246,5458733.2572
Theft from Vehicle,2017,9,28,6,30,4XX E HASTINGS ST,Strathcona,493068.3246,5458733.2572
Theft from Vehicle,2017,10,15,0,0,4XX E HASTINGS ST,Strathcona,493068.3246,5458733.2572
Theft from Vehicle,2017,10,17,21,30,4XX E HASTINGS ST,Strathcona,493068.3246,5458733.2572
Theft from Vehicle,2017,10,25,9,31,4XX E HASTINGS ST,Strathcona,493068.3246,5458733.2572
Theft from Vehicle,2017,9,14,20,50,4XX E HASTINGS ST,Strathcona,493131.8449,5458731.3579
Theft from Vehicle,2017,6,5,9,20,4XX E HASTINGS ST,Strathcona,493148.1421,5458721.7226
Theft from Vehicle,2017,1,20,0,0,4XX E KENT AVE S,Sunset,492904.3257,5450511.927
Theft from Vehicle,2017,3,15,19,40,4XX E PENDER ST,Strathcona,493062.6177,5458615.6893
Theft from Vehicle,2017,3,25,4,59,4XX E PENDER ST,Strathcona,493062.6177,5458615.6893
Theft from Vehicle,2017,11,13,14,0,4XX E PENDER ST,Strathcona,493101.2544,5458623.983
Theft from Vehicle,2017,5,29,17,50,4XX GRANVILLE ST,Central Business District,491722.8137,5459175.2948
Theft from Vehicle,2017,7,22,14,0,4XX GRANVILLE ST,Central Business District,491722.8137,5459175.2948
Theft from Vehicle,2017,7,26,10,0,4XX GREAT NORTHERN WAY,Mount Pleasant,493103.8363,5457116.0576
Theft from Vehicle,2017,5,26,22,0,4XX GREENSBORO PL,Oakridge,491610.2411,5452341.3355
Theft from Vehicle,2017,10,8,22,24,4XX HAMILTON ST,Central Business District,491963.8546,5458864.3546
Theft from Vehicle,2017,5,7,7,30,4XX HAMILTON ST,Central Business District,492004.9582,5458892.4757
Theft from Vehicle,2017,6,6,23,43,4XX HAMILTON ST,Central Business District,492004.9582,5458892.4757
Theft from Vehicle,2017,6,7,17,0,4XX HAMILTON ST,Central Business District,492004.9582,5458892.4757
Theft from Vehicle,2017,11,11,17,32,4XX HAMILTON ST,Central Business District,492004.9582,5458892.4757
Theft from Vehicle,2017,3,11,9,11,4XX HAWKS AVE,Strathcona,493665.1875,5458706.1097
Theft from Vehicle,2017,2,12,22,0,4XX HEATLEY AVE,Strathcona,493482.4166,5458666.2265
Theft from Vehicle,2017,1,26,22,0,4XX HELMCKEN ST,Central Business District,491145.4485,5458175.5079
Theft from Vehicle,2017,5,27,16,0,4XX HELMCKEN ST,Central Business District,491145.4485,5458175.5079
Theft from Vehicle,2017,8,24,22,30,4XX HELMCKEN ST,Central Business District,491145.4485,5458175.5079
Theft from Vehicle,2017,11,8,20,30,4XX HELMCKEN ST,Central Business District,491145.4485,5458175.5079
Theft from Vehicle,2017,6,25,12,0,4XX HOMER ST,Central Business District,491910.0832,5458939.7438
Theft from Vehicle,2017,4,7,18,15,4XX HOMER ST,Central Business District,491911.4897,5458941.1571
Theft from Vehicle,2017,5,12,5,26,4XX HOMER ST,Central Business District,491915.7095,5458945.3971
Theft from Vehicle,2017,6,26,18,50,4XX HOMER ST,Central Business District,491919.9292,5458949.6371
Theft from Vehicle,2017,1,1,1,0,4XX HOMER ST,Central Business District,491931.5307,5458961.2951
Theft from Vehicle,2017,3,15,21,56,4XX HOMER ST,Central Business District,491933.9949,5458963.7702
Theft from Vehicle,2017,4,9,15,0,4XX HOMER ST,Central Business District,491933.9949,5458963.7702
Theft from Vehicle,2017,4,24,15,15,4XX HOMER ST,Central Business District,491933.9949,5458963.7702
Theft from Vehicle,2017,5,3,16,50,4XX HOMER ST,Central Business District,491933.9949,5458963.7702
Theft from Vehicle,2017,5,19,17,0,4XX HOMER ST,Central Business District,491933.9949,5458963.7702
Theft from Vehicle,2017,8,15,0,0,4XX HOMER ST,Central Business District,491933.9949,5458963.7702
Theft from Vehicle,2017,8,16,19,45,4XX HOMER ST,Central Business District,491933.9949,5458963.7702
Theft from Vehicle,2017,9,1,19,10,4XX HOMER ST,Central Business District,491933.9949,5458963.7702
Theft from Vehicle,2017,9,23,7,0,4XX HOMER ST,Central Business District,491933.9949,5458963.7702
Theft from Vehicle,2017,10,13,21,0,4XX HOMER ST,Central Business District,491933.9949,5458963.7702
Theft from Vehicle,2017,10,17,17,50,4XX HOMER ST,Central Business District,491933.9949,5458963.7702
Theft from Vehicle,2017,10,22,3,27,4XX HOMER ST,Central Business District,491933.9949,5458963.7702
Theft from Vehicle,2017,10,22,3,39,4XX HOMER ST,Central Business District,491933.9949,5458963.7702
Theft from Vehicle,2017,10,29,18,30,4XX HOMER ST,Central Business District,491933.9949,5458963.7702
Theft from Vehicle,2017,11,27,18,8,4XX HOMER ST,Central Business District,491933.9949,5458963.7702
Theft from Vehicle,2017,12,26,18,45,4XX HOMER ST,Central Business District,491933.9949,5458963.7702
Theft from Vehicle,2017,11,26,10,0,4XX HORNBY ST,Central Business District,491567.2622,5459307.3918
Theft from Vehicle,2017,5,15,0,30,4XX HORNBY ST,Central Business District,491579.0173,5459319.3327
Theft from Vehicle,2017,11,29,13,12,4XX HOWE ST,Central Business District,491649.6035,5459248.795
Theft from Vehicle,2017,2,18,19,0,4XX INDUSTRIAL AVE,Strathcona,493026.6494,5457415.717
Theft from Vehicle,2017,10,21,0,0,4XX INDUSTRIAL AVE,Strathcona,493029.5876,5457424.4011
Theft from Vehicle,2017,10,5,16,29,4XX INDUSTRIAL AVE,Strathcona,493052.4836,5457418.4447
Theft from Vehicle,2017,12,15,19,28,4XX INDUSTRIAL AVE,Strathcona,493063.9317,5457415.4665
Theft from Vehicle,2017,5,19,9,30,4XX INDUSTRIAL AVE,Strathcona,493063.9317,5457415.4665
Theft from Vehicle,2017,6,22,0,0,4XX INDUSTRIAL AVE,Strathcona,493078.2417,5457411.7438
Theft from Vehicle,2017,4,23,14,4,4XX INDUSTRIAL AVE,Strathcona,493078.2417,5457411.7438
Theft from Vehicle,2017,5,12,0,0,4XX INDUSTRIAL AVE,Strathcona,493106.8618,5457404.2983
Theft from Vehicle,2017,6,8,22,0,4XX INTERURBAN WAY,Marpole,491496.6343,5450697.1358
Theft from Vehicle,2017,5,8,7,2,4XX INTERURBAN WAY,Marpole,491496.6343,5450697.1358
Theft from Vehicle,2017,11,6,6,53,4XX INTERURBAN WAY,Marpole,491509.2856,5450705.4988
Theft from Vehicle,2017,9,8,12,8,4XX JACKSON AVE,Strathcona,493209.5845,5458722.745
Theft from Vehicle,2017,12,1,15,18,4XX KAMLOOPS ST,Hastings-Sunrise,496034.8314,5458712.3067
Theft from Vehicle,2017,6,6,12,0,4XX KEEFER ST,Strathcona,493126.4114,5458514.1695
Theft from Vehicle,2017,11,24,19,30,4XX KINGSWAY AVE,Mount Pleasant,493124.9409,5456208.5821
Theft from Vehicle,2017,12,17,13,30,4XX MAIN ST,Central Business District,492744.453,5458657.9721
Theft from Vehicle,2017,6,5,17,36,4XX MAIN ST,Strathcona,492754.3319,5458734.1167
Theft from Vehicle,2017,8,16,9,30,4XX MAIN ST,Strathcona,492754.3319,5458734.1167
Theft from Vehicle,2017,7,15,16,0,4XX MOBERLY RD,Fairview,491430.1474,5457321.9854
Theft from Vehicle,2017,7,21,1,0,4XX MOBERLY RD,Fairview,491430.1474,5457321.9854
Theft from Vehicle,2017,1,3,15,7,4XX MOBERLY RD,Fairview,491430.7684,5457321.242
Theft from Vehicle,2017,10,28,19,0,4XX N KASLO ST,Hastings-Sunrise,496608.5275,5459554.7063
Theft from Vehicle,2017,2,2,1,0,4XX PACIFIC ST,Central Business District,490777.274,5457837.476
Theft from Vehicle,2017,1,17,8,34,4XX PACIFIC ST,Central Business District,490805.6545,5457848.2896
Theft from Vehicle,2017,8,17,3,15,4XX PACIFIC ST,Central Business District,490805.6545,5457848.2896
Theft from Vehicle,2017,8,20,7,0,4XX PACIFIC ST,Central Business District,490805.6545,5457848.2896
Theft from Vehicle,2017,7,31,12,0,4XX PIPELINE RD,Stanley Park,490117.5187,5460671.1
Theft from Vehicle,2017,6,5,0,0,4XX POWELL ST,Strathcona,493071.1268,5458928.3353
Theft from Vehicle,2017,9,7,17,30,4XX POWELL ST,Strathcona,493071.1268,5458928.3353
Theft from Vehicle,2017,11,8,19,0,4XX POWELL ST,Strathcona,493071.1268,5458928.3353
Theft from Vehicle,2017,3,12,18,0,4XX PRINCESS AVE,Strathcona,493352.108,5458717.96
Theft from Vehicle,2017,6,3,1,0,4XX PRIOR ST,Strathcona,493100.9179,5458223.4107
Theft from Vehicle,2017,7,15,7,30,4XX PRIOR ST,Strathcona,493128.1027,5458213.7434
Theft from Vehicle,2017,4,18,9,30,4XX PRIOR ST,Strathcona,493130.8387,5458213.6909
Theft from Vehicle,2017,9,17,14,0,4XX RAYMUR AVE,Strathcona,494007.534,5458692.8755
Theft from Vehicle,2017,7,31,11,0,4XX RICHARDS ST,Central Business District,491802.9979,5458986.5281
Theft from Vehicle,2017,12,29,3,0,4XX RICHARDS ST,Central Business District,491809.7645,5458993.3253
Theft from Vehicle,2017,3,24,22,0,4XX RICHARDS ST,Central Business District,491863.486,5459034.3289
Theft from Vehicle,2017,4,7,17,37,4XX RICHARDS ST,Central Business District,491863.486,5459034.3289
Theft from Vehicle,2017,4,14,2,33,4XX RICHARDS ST,Central Business District,491863.486,5459034.3289
Theft from Vehicle,2017,7,18,21,20,4XX RICHARDS ST,Central Business District,491863.486,5459034.3289
Theft from Vehicle,2017,8,2,16,2,4XX RICHARDS ST,Central Business District,491863.486,5459034.3289
Theft from Vehicle,2017,9,6,23,0,4XX RICHARDS ST,Central Business District,491863.486,5459034.3289
Theft from Vehicle,2017,4,22,11,30,4XX ROBSON ST,Central Business District,491435.5478,5458599.7512
Theft from Vehicle,2017,5,7,20,0,4XX ROBSON ST,Central Business District,491437.4724,5458585.0047
Theft from Vehicle,2017,5,9,11,0,4XX ROBSON ST,Central Business District,491437.4724,5458585.0047
Theft from Vehicle,2017,5,10,17,0,4XX ROBSON ST,Central Business District,491437.4724,5458585.0047
Theft from Vehicle,2017,5,10,18,45,4XX ROBSON ST,Central Business District,491437.4724,5458585.0047
Theft from Vehicle,2017,3,1,17,11,4XX ROBSON ST,Central Business District,491438.3304,5458597.0052
Theft from Vehicle,2017,5,8,12,30,4XX ROBSON ST,Central Business District,491438.3304,5458597.0052
Theft from Vehicle,2017,9,30,1,30,4XX ROBSON ST,Central Business District,491478.2782,5458557.5808
Theft from Vehicle,2017,11,22,7,0,4XX ROBSON ST,Central Business District,491478.2782,5458557.5808
Theft from Vehicle,2017,4,29,1,0,4XX ROBSON ST,Central Business District,491478.2782,5458557.5808
Theft from Vehicle,2017,3,29,20,30,4XX ROBSON ST,Central Business District,491494.576,5458528.6491
Theft from Vehicle,2017,6,24,8,30,4XX ROBSON ST,Central Business District,491494.576,5458528.6491
Theft from Vehicle,2017,10,22,7,30,4XX ROBSON ST,Central Business District,491494.576,5458528.6491
Theft from Vehicle,2017,7,8,15,30,4XX SALSBURY DR,Grandview-Woodland,495037.8042,5458721.1364
Theft from Vehicle,2017,3,9,3,0,4XX SE MARINE DR,Sunset,492871.0495,5450892.9061
Theft from Vehicle,2017,4,5,22,0,4XX SE MARINE DR,Sunset,492871.0495,5450892.9061
Theft from Vehicle,2017,3,21,19,0,4XX SE MARINE DR,Sunset,493057.6188,5450912.6378
Theft from Vehicle,2017,4,18,0,0,4XX SE MARINE DR,Sunset,493057.6188,5450912.6378
Theft from Vehicle,2017,9,3,17,0,4XX SE MARINE DR,Sunset,493057.6188,5450912.6378
Theft from Vehicle,2017,10,28,22,0,4XX SEYMOUR ST,Central Business District,491726.3903,5459047.227
Theft from Vehicle,2017,8,13,22,0,4XX SEYMOUR ST,Central Business District,491755.5048,5459063.6297
Theft from Vehicle,2017,1,7,17,40,4XX SEYMOUR ST,Central Business District,491759.3721,5459080.529
Theft from Vehicle,2017,3,25,12,30,4XX SEYMOUR ST,Central Business District,491759.3721,5459080.529
Theft from Vehicle,2017,3,25,13,30,4XX SEYMOUR ST,Central Business District,491759.3721,5459080.529
Theft from Vehicle,2017,4,23,16,0,4XX SEYMOUR ST,Central Business District,491759.3721,5459080.529
Theft from Vehicle,2017,6,16,21,40,4XX SEYMOUR ST,Central Business District,491759.3721,5459080.529
Theft from Vehicle,2017,7,3,11,0,4XX SEYMOUR ST,Central Business District,491759.3721,5459080.529
Theft from Vehicle,2017,7,9,20,17,4XX SEYMOUR ST,Central Business District,491759.3721,5459080.529
Theft from Vehicle,2017,7,9,22,59,4XX SEYMOUR ST,Central Business District,491759.3721,5459080.529
Theft from Vehicle,2017,7,13,17,14,4XX SEYMOUR ST,Central Business District,491759.3721,5459080.529
Theft from Vehicle,2017,7,22,10,30,4XX SEYMOUR ST,Central Business District,491759.3721,5459080.529
Theft from Vehicle,2017,7,25,5,30,4XX SEYMOUR ST,Central Business District,491759.3721,5459080.529
Theft from Vehicle,2017,8,4,9,0,4XX SEYMOUR ST,Central Business District,491759.3721,5459080.529
Theft from Vehicle,2017,8,6,19,30,4XX SEYMOUR ST,Central Business District,491759.3721,5459080.529
Theft from Vehicle,2017,8,7,11,50,4XX SEYMOUR ST,Central Business District,491759.3721,5459080.529
Theft from Vehicle,2017,8,17,13,0,4XX SEYMOUR ST,Central Business District,491759.3721,5459080.529
Theft from Vehicle,2017,8,17,18,56,4XX SEYMOUR ST,Central Business District,491759.3721,5459080.529
Theft from Vehicle,2017,8,26,13,30,4XX SEYMOUR ST,Central Business District,491759.3721,5459080.529
Theft from Vehicle,2017,8,27,18,0,4XX SEYMOUR ST,Central Business District,491759.3721,5459080.529
Theft from Vehicle,2017,9,3,20,30,4XX SEYMOUR ST,Central Business District,491759.3721,5459080.529
Theft from Vehicle,2017,9,5,21,11,4XX SEYMOUR ST,Central Business District,491759.3721,5459080.529
Theft from Vehicle,2017,9,7,0,0,4XX SEYMOUR ST,Central Business District,491759.3721,5459080.529
Theft from Vehicle,2017,9,17,18,0,4XX SEYMOUR ST,Central Business District,491759.3721,5459080.529
Theft from Vehicle,2017,10,1,12,0,4XX SEYMOUR ST,Central Business District,491759.3721,5459080.529
Theft from Vehicle,2017,10,1,17,0,4XX SEYMOUR ST,Central Business District,491759.3721,5459080.529
Theft from Vehicle,2017,10,3,23,0,4XX SEYMOUR ST,Central Business District,491759.3721,5459080.529
Theft from Vehicle,2017,10,4,7,39,4XX SEYMOUR ST,Central Business District,491759.3721,5459080.529
Theft from Vehicle,2017,10,15,18,0,4XX SEYMOUR ST,Central Business District,491759.3721,5459080.529
Theft from Vehicle,2017,10,27,18,0,4XX SEYMOUR ST,Central Business District,491759.3721,5459080.529
Theft from Vehicle,2017,11,15,13,45,4XX SEYMOUR ST,Central Business District,491759.3721,5459080.529
Theft from Vehicle,2017,11,19,22,46,4XX SEYMOUR ST,Central Business District,491759.3721,5459080.529
Theft from Vehicle,2017,11,25,21,57,4XX SEYMOUR ST,Central Business District,491759.3721,5459080.529
Theft from Vehicle,2017,11,26,18,0,4XX SEYMOUR ST,Central Business District,491759.3721,5459080.529
Theft from Vehicle,2017,11,27,18,0,4XX SEYMOUR ST,Central Business District,491759.3721,5459080.529
Theft from Vehicle,2017,12,6,15,45,4XX SEYMOUR ST,Central Business District,491759.3721,5459080.529
Theft from Vehicle,2017,12,6,18,0,4XX SEYMOUR ST,Central Business District,491759.3721,5459080.529
Theft from Vehicle,2017,12,9,16,0,4XX SEYMOUR ST,Central Business District,491759.3721,5459080.529
Theft from Vehicle,2017,12,17,21,0,4XX SEYMOUR ST,Central Business District,491759.3721,5459080.529
Theft from Vehicle,2017,12,30,17,30,4XX SEYMOUR ST,Central Business District,491759.3721,5459080.529
Theft from Vehicle,2017,8,19,13,25,4XX SEYMOUR ST,Central Business District,491766.2341,5459087.4573
Theft from Vehicle,2017,12,31,0,0,4XX SEYMOUR ST,Central Business District,491766.2341,5459087.4573
Theft from Vehicle,2017,8,7,16,0,4XX SEYMOUR ST,Central Business District,491779.9579,5459101.3141
Theft from Vehicle,2017,12,5,16,0,4XX SEYMOUR ST,Central Business District,491779.9579,5459101.3141
Theft from Vehicle,2017,4,15,22,0,4XX SEYMOUR ST,Central Business District,491794.6891,5459103.1935
Theft from Vehicle,2017,6,9,6,57,4XX SEYMOUR ST,Central Business District,491794.6891,5459103.1935
Theft from Vehicle,2017,7,14,1,0,4XX SEYMOUR ST,Central Business District,491794.6891,5459103.1935
Theft from Vehicle,2017,7,24,0,0,4XX SEYMOUR ST,Central Business District,491794.6891,5459103.1935
Theft from Vehicle,2017,8,4,8,0,4XX SEYMOUR ST,Central Business District,491794.6891,5459103.1935
Theft from Vehicle,2017,8,14,17,51,4XX SEYMOUR ST,Central Business District,491794.6891,5459103.1935
Theft from Vehicle,2017,8,19,9,30,4XX SEYMOUR ST,Central Business District,491794.6891,5459103.1935
Theft from Vehicle,2017,11,18,15,49,4XX SEYMOUR ST,Central Business District,491794.6891,5459103.1935
Theft from Vehicle,2017,11,20,20,0,4XX SEYMOUR ST,Central Business District,491794.6891,5459103.1935
Theft from Vehicle,2017,11,22,18,30,4XX SEYMOUR ST,Central Business District,491794.6891,5459103.1935
Theft from Vehicle,2017,12,26,6,4,4XX SEYMOUR ST,Central Business District,491794.6891,5459103.1935
Theft from Vehicle,2017,8,27,11,6,4XX SKEENA ST,Hastings-Sunrise,497934.9207,5458703.5017
Theft from Vehicle,2017,6,1,21,0,4XX STANLEY PARK DR,Stanley Park,490208.4917,5460474.9899
Theft from Vehicle,2017,7,1,15,0,4XX STANLEY PARK DR,Stanley Park,490208.4917,5460474.9899
Theft from Vehicle,2017,8,22,17,15,4XX STANLEY PARK DR,Stanley Park,490208.4917,5460474.9899
Theft from Vehicle,2017,7,13,15,30,4XX SW MARINE DR,Marpole,491493.8637,5450824.4742
Theft from Vehicle,2017,9,12,7,33,4XX SW MARINE DR,Marpole,491493.8637,5450824.4742
Theft from Vehicle,2017,7,14,22,30,4XX SW MARINE DR,Marpole,491509.2162,5450861.6428
Theft from Vehicle,2017,12,5,22,30,4XX SW MARINE DR,Marpole,491535.9765,5450849.8365
Theft from Vehicle,2017,5,1,22,0,4XX SW MARINE DR,Marpole,491544.399,5450854.9089
Theft from Vehicle,2017,9,23,22,30,4XX SW MARINE DR,Marpole,491544.399,5450854.9089
Theft from Vehicle,2017,10,17,21,0,4XX SW MARINE DR,Marpole,491544.399,5450854.9089
Theft from Vehicle,2017,8,18,9,0,4XX SW MARINE DR,Marpole,491547.2065,5450856.5998
Theft from Vehicle,2017,9,21,2,50,4XX SW MARINE DR,Marpole,491547.2065,5450856.5998
Theft from Vehicle,2017,11,15,3,46,4XX SW MARINE DR,Marpole,491547.2065,5450856.5998
Theft from Vehicle,2017,6,14,20,20,4XX SW MARINE DR,Marpole,491547.2632,5450856.636
Theft from Vehicle,2017,1,16,17,12,4XX TERMINAL AVE,Strathcona,493114.4002,5457675.2411
Theft from Vehicle,2017,10,21,8,48,4XX TERMINAL AVE,Strathcona,493114.4002,5457675.2411
Theft from Vehicle,2017,11,4,18,0,4XX TERMINAL AVE,Strathcona,493114.4002,5457675.2411
Theft from Vehicle,2017,8,26,12,0,4XX UNION ST,Strathcona,493055.4291,5458314.8485
Theft from Vehicle,2017,9,16,3,0,4XX UNION ST,Strathcona,493055.4291,5458314.8485
Theft from Vehicle,2017,12,13,11,5,4XX UNION ST,Strathcona,493055.4291,5458314.8485
Theft from Vehicle,2017,11,15,7,40,4XX VICTORIA DR,Grandview-Woodland,495235.3884,5458717.794
Theft from Vehicle,2017,9,1,19,0,4XX W 10TH AVE,Mount Pleasant,491710.0095,5456617.4503
Theft from Vehicle,2017,10,31,0,0,4XX W 10TH AVE,Mount Pleasant,491710.0095,5456617.4503
Theft from Vehicle,2017,4,3,20,0,4XX W 12TH AVE,Mount Pleasant,491761.2235,5456403.9011
Theft from Vehicle,2017,8,8,21,0,4XX W 13TH AVE,Mount Pleasant,491693.1891,5456297.4844
Theft from Vehicle,2017,8,3,22,0,4XX W 14TH AVE,Mount Pleasant,491762.6592,5456226.0729
Theft from Vehicle,2017,10,30,18,0,4XX W 15TH AVE,Mount Pleasant,491766.2822,5456115.9787
Theft from Vehicle,2017,4,19,13,30,4XX W 17TH AVE,Riley Park,491639.3946,5455901.2872
Theft from Vehicle,2017,1,28,18,30,4XX W 17TH AVE,Riley Park,491664.9555,5455900.1772
Theft from Vehicle,2017,12,4,0,0,4XX W 17TH AVE,Riley Park,491681.9751,5455908.5908
Theft from Vehicle,2017,12,9,3,0,4XX W 17TH AVE,Riley Park,491707.782,5455907.4702
Theft from Vehicle,2017,4,23,16,0,4XX W 17TH AVE,Riley Park,491806.9262,5455894.0127
Theft from Vehicle,2017,6,15,15,0,4XX W 17TH AVE,Riley Park,491806.9262,5455894.0127
Theft from Vehicle,2017,8,20,12,30,4XX W 17TH AVE,Riley Park,491806.9262,5455894.0127
Theft from Vehicle,2017,6,29,22,0,4XX W 19TH AVE,Riley Park,491742.3088,5455694.8338
Theft from Vehicle,2017,5,23,15,0,4XX W 19TH AVE,Riley Park,491800.1453,5455683.6608
Theft from Vehicle,2017,6,20,0,0,4XX W 21ST AVE,Riley Park,491642.4326,5455480.6717
Theft from Vehicle,2017,4,24,15,30,4XX W 22ND AVE,Riley Park,491753.8451,5455374.2787
Theft from Vehicle,2017,1,14,17,30,4XX W 23RD AVE,Riley Park,491750.4738,5455258.0519
Theft from Vehicle,2017,6,7,8,30,4XX W 26TH AVE,Riley Park,491770.7544,5455015.9781
Theft from Vehicle,2017,6,10,19,30,4XX W 28TH AVE,Riley Park,491807.7877,5454809.9875
Theft from Vehicle,2017,9,22,20,30,4XX W 2ND AVE,Mount Pleasant,491706.6558,5457159.8369
Theft from Vehicle,2017,5,4,9,30,4XX W 2ND AVE,Mount Pleasant,491739.3645,5457178.4421
Theft from Vehicle,2017,1,19,15,0,4XX W 38TH AVE,Riley Park,491668.8329,5453729.3546
Theft from Vehicle,2017,4,9,17,0,4XX W 41ST AVE,Oakridge,491554.5882,5453412.2726
Theft from Vehicle,2017,8,8,0,0,4XX W 42ND AVE,Oakridge,491606.2214,5453304.7167
Theft from Vehicle,2017,5,17,21,0,4XX W 49TH AVE,Oakridge,491597.6281,5452585.6365
Theft from Vehicle,2017,5,17,23,30,4XX W 49TH AVE,Oakridge,491597.6281,5452585.6365
Theft from Vehicle,2017,9,13,10,0,4XX W 64TH AVE,Marpole,491504.8753,5451058.8525
Theft from Vehicle,2017,1,1,22,0,4XX W 8TH AVE,Mount Pleasant,491746.2421,5456797.1621
Theft from Vehicle,2017,4,3,23,30,4XX W 8TH AVE,Mount Pleasant,491751.9104,5456806.0992
Theft from Vehicle,2017,7,1,6,10,4XX W 8TH AVE,Mount Pleasant,491783.5129,5456795.7591
Theft from Vehicle,2017,3,15,16,0,4XX W CORDOVA ST,Central Business District,491964.6524,5459073.8979
Theft from Vehicle,2017,4,24,9,42,4XX W CORDOVA ST,Central Business District,491964.6524,5459073.8979
Theft from Vehicle,2017,5,1,9,30,4XX W CORDOVA ST,Central Business District,491964.6524,5459073.8979
Theft from Vehicle,2017,5,23,9,0,4XX W CORDOVA ST,Central Business District,491964.6524,5459073.8979
Theft from Vehicle,2017,5,24,8,20,4XX W CORDOVA ST,Central Business District,491964.6524,5459073.8979
Theft from Vehicle,2017,9,15,3,52,4XX W CORDOVA ST,Central Business District,491964.6524,5459073.8979
Theft from Vehicle,2017,4,2,9,0,4XX W CORDOVA ST,Central Business District,491998.3438,5459039.6194
Theft from Vehicle,2017,7,6,22,2,4XX W CORDOVA ST,Central Business District,491998.3438,5459039.6194
Theft from Vehicle,2017,8,3,19,45,4XX W CORDOVA ST,Central Business District,491998.3438,5459039.6194
Theft from Vehicle,2017,9,2,20,49,4XX W CORDOVA ST,Central Business District,491998.3438,5459039.6194
Theft from Vehicle,2017,10,1,10,30,4XX W CORDOVA ST,Central Business District,491998.3438,5459039.6194
Theft from Vehicle,2017,12,7,17,30,4XX W CORDOVA ST,Central Business District,491998.3438,5459039.6194
Theft from Vehicle,2017,10,22,8,0,4XX W GEORGIA ST,Central Business District,491570.7982,5458709.4224
Theft from Vehicle,2017,11,15,10,23,4XX W GEORGIA ST,Central Business District,491570.7982,5458709.4224
Theft from Vehicle,2017,11,25,12,26,4XX W GEORGIA ST,Central Business District,491616.5934,5458651.1697
Theft from Vehicle,2017,12,16,21,0,4XX W GEORGIA ST,Central Business District,491616.5934,5458651.1697
Theft from Vehicle,2017,2,27,21,3,4XX W GEORGIA ST,Central Business District,491620.6378,5458660.035
Theft from Vehicle,2017,1,7,23,52,4XX W GEORGIA ST,Central Business District,491623.0297,5458657.6649
Theft from Vehicle,2017,2,19,7,15,4XX W GEORGIA ST,Central Business District,491623.0297,5458657.6649
Theft from Vehicle,2017,4,29,12,0,4XX W GEORGIA ST,Central Business District,491623.0297,5458657.6649
Theft from Vehicle,2017,5,10,22,0,4XX W GEORGIA ST,Central Business District,491623.0297,5458657.6649
Theft from Vehicle,2017,7,25,9,0,4XX W GEORGIA ST,Central Business District,491623.0297,5458657.6649
Theft from Vehicle,2017,3,26,9,11,4XX W HASTINGS ST,Central Business District,491926.527,5458967.0093
Theft from Vehicle,2017,8,9,22,30,4XX W HASTINGS ST,Central Business District,491926.527,5458967.0093
Theft from Vehicle,2017,8,15,9,0,4XX W HASTINGS ST,Central Business District,491926.527,5458967.0093
Theft from Vehicle,2017,11,23,1,0,4XX W HASTINGS ST,Central Business District,491926.527,5458967.0093
Theft from Vehicle,2017,7,13,19,0,4XX W PENDER ST,Central Business District,491818.7626,5458933.3769
Theft from Vehicle,2017,9,17,3,57,4XX W PENDER ST,Central Business District,491828.854,5458922.6517
Theft from Vehicle,2017,1,13,21,30,4XX W PENDER ST,Central Business District,491838.7072,5458925.524
Theft from Vehicle,2017,8,27,18,0,4XX W PENDER ST,Central Business District,491839.5607,5458924.6164
Theft from Vehicle,2017,11,17,0,1,4XX W PENDER ST,Central Business District,491839.5607,5458924.6164
Theft from Vehicle,2017,1,16,18,0,4XX W PENDER ST,Central Business District,491855.8349,5458893.9762
Theft from Vehicle,2017,5,1,18,18,4XX W PENDER ST,Central Business District,491855.8349,5458893.9762
Theft from Vehicle,2017,5,8,17,43,4XX W PENDER ST,Central Business District,491855.8349,5458893.9762
Theft from Vehicle,2017,5,31,7,28,4XX W PENDER ST,Central Business District,491855.8349,5458893.9762
Theft from Vehicle,2017,6,19,18,30,4XX W PENDER ST,Central Business District,491855.8349,5458893.9762
Theft from Vehicle,2017,12,26,3,0,4XX W PENDER ST,Central Business District,491855.8349,5458893.9762
Theft from Vehicle,2017,11,30,17,29,4XX W WATERFRONT RD,Central Business District,492094.7255,5459259.9982
Theft from Vehicle,2017,3,21,13,0,4XX W WATERFRONT RD,Central Business District,492129.976,5459234.6622
Theft from Vehicle,2017,10,13,21,59,50XX BOUNDARY RD,Renfrew-Collingwood,498278.7339,5454087.9064
Theft from Vehicle,2017,12,17,9,0,50XX BOUNDARY RD,Renfrew-Collingwood,498278.7339,5454087.9064
Theft from Vehicle,2017,12,7,17,0,50XX CHATHAM ST,Renfrew-Collingwood,496982.3156,5453943.4329
Theft from Vehicle,2017,11,8,1,0,50XX ELGIN ST,Kensington-Cedar Cottage,493925.689,5454053.4122
Theft from Vehicle,2017,12,17,21,30,50XX HOY ST,Renfrew-Collingwood,498177.5968,5454046.1165
Theft from Vehicle,2017,10,26,18,0,50XX JOYCE ST,Renfrew-Collingwood,497678.1933,5453944.0557
Theft from Vehicle,2017,11,24,22,0,50XX JOYCE ST,Renfrew-Collingwood,497678.1933,5453944.0557
Theft from Vehicle,2017,4,25,12,0,50XX JOYCE ST,Renfrew-Collingwood,497751.9923,5454044.531
Theft from Vehicle,2017,7,11,19,0,50XX KILLARNEY ST,Renfrew-Collingwood,496819.167,5454005.2471
Theft from Vehicle,2017,2,2,19,0,50XX LARCH ST,Arbutus Ridge,488164.6779,5454200.9859
Theft from Vehicle,2017,11,16,18,0,50XX MAIN ST,Riley Park,492603.1403,5454052.0394
Theft from Vehicle,2017,7,15,23,18,50XX MAIN ST,Riley Park,492612.4798,5454056.2062
Theft from Vehicle,2017,9,17,2,0,50XX MANOR ST,Renfrew-Collingwood,496892.3563,5453951.8293
Theft from Vehicle,2017,9,5,20,0,50XX MOSS ST,Renfrew-Collingwood,496639.941,5453984.3619
Theft from Vehicle,2017,6,30,17,0,50XX PRINCE ALBERT ST,Kensington-Cedar Cottage,493590.361,5453976.6887
Theft from Vehicle,2017,10,19,18,0,50XX RUPERT ST,Renfrew-Collingwood,497150.6819,5454062.1934
Theft from Vehicle,2017,10,1,2,0,50XX RUPERT ST,Renfrew-Collingwood,497153.2203,5454066.2349
Theft from Vehicle,2017,11,3,18,0,50XX RUPERT ST,Renfrew-Collingwood,497153.2203,5454066.2349
Theft from Vehicle,2017,11,12,23,0,50XX RUPERT ST,Renfrew-Collingwood,497181.4625,5454094.007
Theft from Vehicle,2017,9,12,8,0,50XX SHERBROOKE ST,Kensington-Cedar Cottage,494085.9731,5453966.5741
Theft from Vehicle,2017,9,28,14,0,50XX SHERBROOKE ST,Kensington-Cedar Cottage,494085.9731,5453966.5741
Theft from Vehicle,2017,2,19,4,26,50XX SOMERVILLE ST,Kensington-Cedar Cottage,493752.0977,5453964.764
Theft from Vehicle,2017,10,16,19,0,50XX WALES ST,Renfrew-Collingwood,496218.7688,5454016.3989
Theft from Vehicle,2017,9,13,17,30,51XX ABERDEEN ST,Renfrew-Collingwood,498095.8892,5453955.0034
Theft from Vehicle,2017,5,31,4,5,51XX BURSILL ST,Renfrew-Collingwood,496911.4977,5453904.8468
Theft from Vehicle,2017,9,22,10,45,51XX CAMBIE ST,Riley Park,491555.9783,5453978.6604
Theft from Vehicle,2017,8,23,1,54,51XX CHAMBERS ST,Renfrew-Collingwood,496146.0036,5453929.199
Theft from Vehicle,2017,9,19,8,45,51XX CHESTER ST,Kensington-Cedar Cottage,493502.2049,5453917.9089
Theft from Vehicle,2017,7,5,6,26,51XX COMMERCIAL ST,Kensington-Cedar Cottage,495011.378,5453883.6303
Theft from Vehicle,2017,6,20,20,0,51XX CONNAUGHT DR,Shaughnessy,489633.005,5454145.98
Theft from Vehicle,2017,9,2,0,0,51XX CYPRESS ST,Shaughnessy,489176.7478,5454106.4006
Theft from Vehicle,2017,6,28,14,45,51XX DUMFRIES ST,Kensington-Cedar Cottage,494599.2542,5453863.8279
Theft from Vehicle,2017,12,6,17,30,51XX DUNBAR ST,Dunbar-Southlands,486520.509,5454203.1108
Theft from Vehicle,2017,9,21,20,0,51XX FAIRMONT ST,Renfrew-Collingwood,496759.923,5454003.4676
Theft from Vehicle,2017,9,13,10,0,51XX GRANVILLE ST,Shaughnessy,489858.1711,5454044.7438
Theft from Vehicle,2017,7,15,20,30,51XX INVERNESS ST,Kensington-Cedar Cottage,494164.1645,5453888.5869
Theft from Vehicle,2017,11,20,19,38,51XX JOYCE ST,Renfrew-Collingwood,497649.5115,5453882.696
Theft from Vehicle,2017,12,17,21,0,51XX JOYCE ST,Renfrew-Collingwood,497668.7603,5453929.4115
Theft from Vehicle,2017,11,7,10,39,51XX JOYCE ST,Renfrew-Collingwood,497684.1147,5453936.3473
Theft from Vehicle,2017,6,25,0,30,51XX RUPERT ST,Renfrew-Collingwood,497105.0716,5453972.5406
Theft from Vehicle,2017,3,16,14,30,51XX RUPERT ST,Renfrew-Collingwood,497123.8772,5454002.3335
Theft from Vehicle,2017,10,14,16,10,51XX RUPERT ST,Renfrew-Collingwood,497123.8772,5454002.3335
Theft from Vehicle,2017,9,2,18,0,51XX SHERBROOKE ST,Kensington-Cedar Cottage,494075.7369,5453922.6873
Theft from Vehicle,2017,2,23,17,30,51XX SPENCER ST,Renfrew-Collingwood,497172.0012,5453903.1195
Theft from Vehicle,2017,1,16,16,45,51XX ST CATHERINES ST,Kensington-Cedar Cottage,493681.3096,5453942.4438
Theft from Vehicle,2017,11,22,17,50,51XX VICTORIA DR,Kensington-Cedar Cottage,495241.9439,5453899.1983
Theft from Vehicle,2017,5,4,16,30,52XX ABERDEEN ST,Renfrew-Collingwood,497979.1219,5453797.3478
Theft from Vehicle,2017,8,28,21,0,52XX ABERDEEN ST,Renfrew-Collingwood,498024.9044,5453865.5982
Theft from Vehicle,2017,6,26,8,0,52XX ASH ST,South Cambie,491424.7373,5453873.7893
Theft from Vehicle,2017,2,13,22,0,52XX EARLES ST,Renfrew-Collingwood,496451.3229,5453864.4812
Theft from Vehicle,2017,11,28,18,0,52XX ELGIN ST,Kensington-Cedar Cottage,493911.4185,5453841.1846
Theft from Vehicle,2017,6,21,12,13,52XX ELGIN ST,Kensington-Cedar Cottage,493912.0911,5453868.874
Theft from Vehicle,2017,2,21,20,0,52XX FRASER ST,Kensington-Cedar Cottage,493422.5066,5453880.889
Theft from Vehicle,2017,11,26,23,0,52XX FRASER ST,Kensington-Cedar Cottage,493422.5066,5453880.889
Theft from Vehicle,2017,10,11,7,0,52XX JOYCE ST,Renfrew-Collingwood,497582.2498,5453801.2275
Theft from Vehicle,2017,11,8,19,40,52XX JOYCE ST,Renfrew-Collingwood,497590.9621,5453814.6209
Theft from Vehicle,2017,5,13,12,0,52XX JOYCE ST,Renfrew-Collingwood,497595.3183,5453821.3175
Theft from Vehicle,2017,3,10,23,30,52XX KILLARNEY ST,Renfrew-Collingwood,496760.98,5453841.6739
Theft from Vehicle,2017,7,6,9,0,52XX MAIN ST,Riley Park,492609.2487,5453932.6726
Theft from Vehicle,2017,10,12,21,15,52XX MELBOURNE ST,Renfrew-Collingwood,497953.816,5453746.6836
Theft from Vehicle,2017,9,2,4,0,52XX ROSS ST,Kensington-Cedar Cottage,494002.5271,5453845.987
Theft from Vehicle,2017,7,13,8,4,52XX RUPERT ST,Renfrew-Collingwood,496970.8674,5453777.232
Theft from Vehicle,2017,6,7,20,0,52XX RUPERT ST,Renfrew-Collingwood,496998.3774,5453803.6035
Theft from Vehicle,2017,6,19,17,0,52XX RUPERT ST,Renfrew-Collingwood,496998.3774,5453803.6035
Theft from Vehicle,2017,1,28,18,0,52XX RUPERT ST,Renfrew-Collingwood,497010.4348,5453839.7564
Theft from Vehicle,2017,7,12,23,0,52XX RUPERT ST,Renfrew-Collingwood,497031.144,5453855.42
Theft from Vehicle,2017,9,21,20,30,52XX RUPERT ST,Renfrew-Collingwood,497031.144,5453855.42
Theft from Vehicle,2017,12,9,16,0,52XX SLOCAN ST,Renfrew-Collingwood,496056.9538,5453842.299
Theft from Vehicle,2017,6,14,16,0,52XX SOMERVILLE ST,Kensington-Cedar Cottage,493759.7144,5453866.7112
Theft from Vehicle,2017,4,17,17,0,52XX SPENCER ST,Renfrew-Collingwood,497105.1742,5453780.5725
Theft from Vehicle,2017,7,14,13,20,52XX ST CATHERINES ST,Kensington-Cedar Cottage,493671.2246,5453855.7104
Theft from Vehicle,2017,9,3,12,0,52XX WILLOW ST,South Cambie,490999.3601,5453974.8208
Theft from Vehicle,2017,7,21,23,0,52XX WINDSOR ST,Kensington-Cedar Cottage,493828.8432,5453782.6692
Theft from Vehicle,2017,12,13,4,0,53XX ANGUS DR,Shaughnessy,489263.6151,5453832.4501
Theft from Vehicle,2017,12,31,12,0,53XX ANGUS DR,Shaughnessy,489278.5634,5453881.8963
Theft from Vehicle,2017,8,31,15,0,53XX BALSAM ST,Arbutus Ridge,488259.5821,5453958.556
Theft from Vehicle,2017,10,10,20,0,53XX BOUNDARY RD,Renfrew-Collingwood,498277.8888,5453637.7722
Theft from Vehicle,2017,3,14,18,0,53XX BRUCE ST,Kensington-Cedar Cottage,494908.0168,5453775.072
Theft from Vehicle,2017,1,17,16,55,53XX CAMOSUN ST,Dunbar-Southlands,485677.388,5454001.721
Theft from Vehicle,2017,2,12,20,0,53XX CECIL ST,Renfrew-Collingwood,497415.8342,5453688.1602
Theft from Vehicle,2017,7,10,15,45,53XX CHAMBERS ST,Renfrew-Collingwood,496145.1031,5453758.331
Theft from Vehicle,2017,12,18,0,30,53XX CLARENDON ST,Renfrew-Collingwood,495965.2829,5453764.0776
Theft from Vehicle,2017,12,13,3,30,53XX CONNAUGHT DR,Shaughnessy,489672.0921,5453906.413
Theft from Vehicle,2017,8,14,15,0,53XX CONNAUGHT DR,Shaughnessy,489682.8697,5453908.4155
Theft from Vehicle,2017,3,6,22,0,53XX DUMFRIES ST,Kensington-Cedar Cottage,494604.447,5453683.4763
Theft from Vehicle,2017,10,24,21,0,53XX DUNBAR ST,Dunbar-Southlands,486509.889,5453911.3946
Theft from Vehicle,2017,8,5,16,0,53XX DUNBAR ST,Dunbar-Southlands,486519.816,5453992.6962
Theft from Vehicle,2017,2,14,19,0,53XX EARLES ST,Renfrew-Collingwood,496448.4859,5453768.1002
Theft from Vehicle,2017,10,25,22,30,53XX INVERNESS ST,Kensington-Cedar Cottage,494162.4018,5453771.4109
Theft from Vehicle,2017,11,19,19,0,53XX INVERNESS ST,Kensington-Cedar Cottage,494162.4018,5453771.4109
Theft from Vehicle,2017,9,2,20,30,53XX INVERNESS ST,Kensington-Cedar Cottage,494193.3744,5453719.228
Theft from Vehicle,2017,2,18,5,0,53XX LABURNUM ST,Shaughnessy,489053.9722,5453946.7217
Theft from Vehicle,2017,2,25,7,1,53XX MCHARDY ST,Renfrew-Collingwood,497278.5556,5453757.8263
Theft from Vehicle,2017,9,17,19,30,53XX MCHARDY ST,Renfrew-Collingwood,497278.5556,5453757.8263
Theft from Vehicle,2017,11,7,16,30,53XX MCKINNON ST,Renfrew-Collingwood,497304.0456,5453681.0153
Theft from Vehicle,2017,11,30,19,0,53XX OBEN ST,Renfrew-Collingwood,498077.3464,5453622.1354
Theft from Vehicle,2017,3,18,17,0,53XX QUEBEC ST,Riley Park,492464.3801,5453742.2404
Theft from Vehicle,2017,4,11,15,30,53XX ROSS ST,Kensington-Cedar Cottage,493999.0986,5453674.4658
Theft from Vehicle,2017,6,4,1,0,53XX TAUNTON ST,Renfrew-Collingwood,497211.0058,5453773.1897
Theft from Vehicle,2017,10,7,17,0,53XX VICTORIA DR,Kensington-Cedar Cottage,495238.8384,5453703.5725
Theft from Vehicle,2017,9,1,16,2,53XX VINE ST,Arbutus Ridge,488361.2008,5453872.7911
Theft from Vehicle,2017,3,12,16,0,53XX VINE ST,Arbutus Ridge,488371.3331,5453910.1702
Theft from Vehicle,2017,1,12,3,0,53XX WEST BLVD,Arbutus Ridge,488678.2384,5453885.9227
Theft from Vehicle,2017,7,12,15,30,53XX WEST BLVD,Arbutus Ridge,488679.2725,5453929.5734
Theft from Vehicle,2017,7,14,20,0,53XX WEST BLVD,Arbutus Ridge,488679.2725,5453929.5734
Theft from Vehicle,2017,7,15,2,0,53XX WEST BLVD,Arbutus Ridge,488679.2725,5453929.5734
Theft from Vehicle,2017,12,14,19,0,54XX ALBERTA ST,Riley Park,491759.4096,5453811.749
Theft from Vehicle,2017,10,11,19,0,54XX ARGYLE ST,Kensington-Cedar Cottage,494803.9245,5453590.6417
Theft from Vehicle,2017,8,10,22,0,54XX ASH ST,South Cambie,491430.8564,5453738.0092
Theft from Vehicle,2017,3,23,17,30,54XX BAILLIE ST,South Cambie,491092.7275,5453714.0602
Theft from Vehicle,2017,8,31,21,0,54XX BALSAM ST,Arbutus Ridge,488266.228,5453854.2073
Theft from Vehicle,2017,10,1,14,0,54XX BLENHEIM ST,Dunbar-Southlands,486997.225,5453822.2522
Theft from Vehicle,2017,12,6,21,30,54XX BRUCE ST,Kensington-Cedar Cottage,494896.838,5453655.4605
Theft from Vehicle,2017,11,10,15,30,54XX CECIL ST,Renfrew-Collingwood,497327.2389,5453550.2872
Theft from Vehicle,2017,3,5,1,0,54XX CECIL ST,Renfrew-Collingwood,497356.6363,5453596.0359
Theft from Vehicle,2017,4,11,22,30,54XX CECIL ST,Renfrew-Collingwood,497397.6195,5453659.8143
Theft from Vehicle,2017,6,4,1,0,54XX CECIL ST,Renfrew-Collingwood,497397.6195,5453659.8143
Theft from Vehicle,2017,9,2,21,30,54XX CECIL ST,Renfrew-Collingwood,497397.6195,5453659.8143
Theft from Vehicle,2017,12,5,21,30,54XX CECIL ST,Renfrew-Collingwood,497397.6195,5453659.8143
Theft from Vehicle,2017,12,21,22,40,54XX CECIL ST,Renfrew-Collingwood,497397.6195,5453659.8143
Theft from Vehicle,2017,12,7,19,30,54XX COLLEGE ST,Renfrew-Collingwood,496765.4314,5453609.445
Theft from Vehicle,2017,4,10,17,0,54XX COMMERCIAL ST,Kensington-Cedar Cottage,494998.6957,5453636.9272
Theft from Vehicle,2017,4,30,13,0,54XX CULLODEN ST,Kensington-Cedar Cottage,494302.7963,5453632.0811
Theft from Vehicle,2017,6,10,20,0,54XX DUMFRIES ST,Kensington-Cedar Cottage,494593.9427,5453616.2803
Theft from Vehicle,2017,5,31,19,0,54XX DUNDEE ST,Renfrew-Collingwood,496532.7896,5453604.4946
Theft from Vehicle,2017,5,21,18,30,54XX DUNDEE ST,Renfrew-Collingwood,496542.8495,5453562.6486
Theft from Vehicle,2017,11,9,23,0,54XX JOYCE ST,Renfrew-Collingwood,497485.0291,5453625.3454
Theft from Vehicle,2017,9,17,21,30,54XX KERR ST,Renfrew-Collingwood,497124.1766,5453648.1867
Theft from Vehicle,2017,3,1,21,40,54XX KNIGHT ST,Kensington-Cedar Cottage,494401.3326,5453626.3179
Theft from Vehicle,2017,12,12,12,0,54XX LANARK ST,Kensington-Cedar Cottage,494503.1421,5453608.9921
Theft from Vehicle,2017,8,15,16,5,54XX MACKIE ST,Riley Park,492039.0348,5453758.8457
Theft from Vehicle,2017,1,6,18,0,54XX OAK ST,South Cambie,490686.2093,5453697.6167
Theft from Vehicle,2017,4,14,21,30,54XX ROSS ST,Kensington-Cedar Cottage,493998.5725,5453648.0486
Theft from Vehicle,2017,11,26,2,0,54XX RUPERT ST,Renfrew-Collingwood,496906.5766,5453657.7758
Theft from Vehicle,2017,9,1,18,0,54XX SHERBROOKE ST,Kensington-Cedar Cottage,494091.9762,5453635.1807
Theft from Vehicle,2017,4,11,18,0,54XX YEW ST,Arbutus Ridge,488471.2564,5453851.7223
Theft from Vehicle,2017,1,1,17,59,55XX ABERDEEN ST,Renfrew-Collingwood,497955.7442,5453483.4302
Theft from Vehicle,2017,9,11,23,30,55XX ALBERTA ST,Riley Park,491751.4253,5453586.8557
Theft from Vehicle,2017,8,26,22,10,55XX ALMA ST,Dunbar-Southlands,486408.7538,5453751.3004
Theft from Vehicle,2017,9,16,22,0,55XX ARGYLE ST,Kensington-Cedar Cottage,494803.0114,5453547.1585
Theft from Vehicle,2017,1,24,21,20,55XX BALSAM ST,Arbutus Ridge,488262.4013,5453694.9451
Theft from Vehicle,2017,12,5,15,0,55XX BALSAM ST,Arbutus Ridge,488262.4013,5453694.9451
Theft from Vehicle,2017,12,16,22,30,55XX BOUNDARY RD,Renfrew-Collingwood,498276.5576,5453504.3637
Theft from Vehicle,2017,11,1,23,0,55XX BOUNDARY RD,Renfrew-Collingwood,498276.617,5453485.7613
Theft from Vehicle,2017,5,10,18,0,55XX CAMBIE ST,Riley Park,491558.3019,5453577.3328
Theft from Vehicle,2017,11,3,19,0,55XX CARNARVON ST,Dunbar-Southlands,487397.6803,5453716.4308
Theft from Vehicle,2017,6,12,18,0,55XX COLLEGE ST,Renfrew-Collingwood,496764.9406,5453524.9352
Theft from Vehicle,2017,6,25,20,0,55XX COLUMBIA ST,Riley Park,491948.5391,5453631.3881
Theft from Vehicle,2017,8,28,21,0,55XX DUNBAR ST,Dunbar-Southlands,486507.2174,5453711.8321
Theft from Vehicle,2017,1,24,22,30,55XX DUNDEE ST,Renfrew-Collingwood,496534.0254,5453547.8948
Theft from Vehicle,2017,1,23,6,31,55XX DUNDEE ST,Renfrew-Collingwood,496554.4534,5453525.531
Theft from Vehicle,2017,12,17,0,0,55XX ELM ST,Arbutus Ridge,488047.6258,5453729.0771
Theft from Vehicle,2017,10,24,20,30,55XX FRASER ST,Kensington-Cedar Cottage,493413.7618,5453503.3248
Theft from Vehicle,2017,7,11,22,0,55XX HEATHER ST,South Cambie,491196.3674,5453562.7532
Theft from Vehicle,2017,11,2,20,0,55XX HIGHBURY ST,Dunbar-Southlands,486288.9918,5453699.4734
Theft from Vehicle,2017,5,30,22,30,55XX INVERNESS ST,Kensington-Cedar Cottage,494197.4891,5453462.1447
Theft from Vehicle,2017,5,30,22,45,55XX INVERNESS ST,Kensington-Cedar Cottage,494199.2457,5453540.1892
Theft from Vehicle,2017,8,31,21,30,55XX INVERNESS ST,Kensington-Cedar Cottage,494199.6472,5453558.0279
Theft from Vehicle,2017,9,7,23,30,55XX JOYCE ST,Renfrew-Collingwood,497349.4916,5453415.0423
Theft from Vehicle,2017,12,17,20,0,55XX JOYCE ST,Renfrew-Collingwood,497349.4916,5453415.0423
Theft from Vehicle,2017,9,18,21,0,55XX LABURNUM ST,Shaughnessy,489047.4017,5453738.0926
Theft from Vehicle,2017,12,23,23,30,55XX OLYMPIC ST,Dunbar-Southlands,486193.7464,5453699.6287
Theft from Vehicle,2017,8,14,20,0,55XX ORMIDALE ST,Renfrew-Collingwood,498196.8172,5453391.4696
Theft from Vehicle,2017,5,22,22,30,55XX ORMIDALE ST,Renfrew-Collingwood,498197.6505,5453500.5745
Theft from Vehicle,2017,11,14,18,0,55XX ROSS ST,Kensington-Cedar Cottage,493995.473,5453477.8942
Theft from Vehicle,2017,4,10,22,0,55XX ROSS ST,Kensington-Cedar Cottage,493996.7124,5453544.82
Theft from Vehicle,2017,9,25,21,30,55XX RUPERT ST,Renfrew-Collingwood,496867.6045,5453496.7716
Theft from Vehicle,2017,7,10,22,0,55XX SLOCAN ST,Renfrew-Collingwood,496054.4425,5453568.4366
Theft from Vehicle,2017,6,17,20,0,55XX STAMFORD ST,Renfrew-Collingwood,497735.7484,5453440.4656
Theft from Vehicle,2017,9,8,12,0,55XX STAMFORD ST,Renfrew-Collingwood,497775.6664,5453502.5623
Theft from Vehicle,2017,5,19,0,0,55XX TYNE ST,Renfrew-Collingwood,497789.2942,5453376.8353
Theft from Vehicle,2017,6,16,21,30,55XX TYNE ST,Renfrew-Collingwood,497789.2942,5453376.8353
Theft from Vehicle,2017,4,28,5,30,55XX WILLOW ST,South Cambie,490981.7799,5453599.189
Theft from Vehicle,2017,4,5,10,0,56XX ABERDEEN ST,Renfrew-Collingwood,497955.6821,5453259.2976
Theft from Vehicle,2017,1,1,18,30,56XX ALMA ST,Dunbar-Southlands,486397.5077,5453660.6211
Theft from Vehicle,2017,11,26,16,0,56XX ALMA ST,Dunbar-Southlands,486406.2041,5453641.1825
Theft from Vehicle,2017,6,4,8,0,56XX BOUNDARY RD,Renfrew-Collingwood,498276.9212,5453390.6081
Theft from Vehicle,2017,3,18,19,0,56XX BOUNDARY RD,Renfrew-Collingwood,498277.1506,5453318.596
Theft from Vehicle,2017,3,18,20,30,56XX BOUNDARY RD,Renfrew-Collingwood,498277.1506,5453318.596
Theft from Vehicle,2017,7,25,12,0,56XX BOUNDARY RD,Renfrew-Collingwood,498277.1506,5453318.596
Theft from Vehicle,2017,8,31,0,0,56XX BOUNDARY RD,Renfrew-Collingwood,498277.1506,5453318.596
Theft from Vehicle,2017,10,31,20,0,56XX BOUNDARY RD,Renfrew-Collingwood,498277.1506,5453318.596
Theft from Vehicle,2017,11,1,0,0,56XX BOUNDARY RD,Renfrew-Collingwood,498277.1506,5453318.596
Theft from Vehicle,2017,11,1,20,15,56XX BOUNDARY RD,Renfrew-Collingwood,498277.1506,5453318.596
Theft from Vehicle,2017,12,6,22,30,56XX BOUNDARY RD,Renfrew-Collingwood,498277.1506,5453318.596
Theft from Vehicle,2017,5,19,19,0,56XX BRUCE ST,Kensington-Cedar Cottage,494902.2812,5453434.5296
Theft from Vehicle,2017,6,19,18,0,56XX COLLEGE ST,Renfrew-Collingwood,496755.2077,5453423.5765
Theft from Vehicle,2017,5,23,21,0,56XX COLLEGE ST,Renfrew-Collingwood,496764.5234,5453453.1018
Theft from Vehicle,2017,7,8,0,0,56XX COLUMBIA ST,Riley Park,491937.0311,5453554.0424
Theft from Vehicle,2017,9,19,2,0,56XX CYPRESS ST,Shaughnessy,489142.6032,5453598.3559
Theft from Vehicle,2017,7,21,23,0,56XX DUMFRIES ST,Kensington-Cedar Cottage,494598.5127,5453419.8475
Theft from Vehicle,2017,4,8,17,25,56XX DUNBAR ST,Dunbar-Southlands,486505.596,5453651.6302
Theft from Vehicle,2017,9,23,21,0,56XX EARLES ST,Renfrew-Collingwood,496444.1056,5453453.6806
Theft from Vehicle,2017,1,10,11,15,56XX EAST BLVD,Shaughnessy,488722.439,5453591.4569
Theft from Vehicle,2017,11,11,0,0,56XX HAROLD ST,Renfrew-Collingwood,497409.2426,5453357.3287
Theft from Vehicle,2017,7,12,20,0,56XX HEATHER ST,South Cambie,491205.2868,5453537.8428
Theft from Vehicle,2017,5,13,16,0,56XX INVERNESS ST,Kensington-Cedar Cottage,494186.4838,5453379.5512
Theft from Vehicle,2017,8,12,21,0,56XX INVERNESS ST,Kensington-Cedar Cottage,494197.1378,5453446.5357
Theft from Vehicle,2017,10,23,21,30,56XX INVERNESS ST,Kensington-Cedar Cottage,494197.1378,5453446.5357
Theft from Vehicle,2017,7,10,19,0,56XX KILLARNEY ST,Renfrew-Collingwood,496662.6594,5453473.5344
Theft from Vehicle,2017,9,28,20,0,56XX KILLARNEY ST,Renfrew-Collingwood,496662.6594,5453473.5344
Theft from Vehicle,2017,7,7,23,0,56XX LANCASTER ST,Renfrew-Collingwood,496968.4878,5453461.1883
Theft from Vehicle,2017,9,1,18,0,56XX LANCASTER ST,Renfrew-Collingwood,496968.4878,5453461.1883
Theft from Vehicle,2017,2,17,18,0,56XX LINCOLN ST,Renfrew-Collingwood,498107.809,5453328.1
Theft from Vehicle,2017,3,15,22,0,56XX LINCOLN ST,Renfrew-Collingwood,498117.1386,5453375.5312
Theft from Vehicle,2017,1,29,2,0,56XX MCKINNON ST,Renfrew-Collingwood,497172.0864,5453386.8874
Theft from Vehicle,2017,2,3,5,23,56XX MCKINNON ST,Renfrew-Collingwood,497182.1987,5453432.7658
Theft from Vehicle,2017,6,20,15,45,56XX MELBOURNE ST,Renfrew-Collingwood,497865.1542,5453357.0571
Theft from Vehicle,2017,7,9,20,0,56XX NANAIMO ST,Renfrew-Collingwood,495723.2855,5453455.2563
Theft from Vehicle,2017,8,3,21,42,56XX OAK ST,South Cambie,490681.3529,5453496.7768
Theft from Vehicle,2017,9,24,20,0,56XX OLYMPIC ST,Dunbar-Southlands,486202.0953,5453664.4046
Theft from Vehicle,2017,5,26,23,30,56XX ORMIDALE ST,Renfrew-Collingwood,498186.9577,5453297.3751
Theft from Vehicle,2017,6,13,21,45,56XX ORMIDALE ST,Renfrew-Collingwood,498196.8,5453389.2089
Theft from Vehicle,2017,6,16,23,0,56XX ORMIDALE ST,Renfrew-Collingwood,498196.8,5453389.2089
Theft from Vehicle,2017,7,25,22,0,56XX RHODES ST,Renfrew-Collingwood,496351.7576,5453371.5862
Theft from Vehicle,2017,12,22,17,0,56XX RUPERT ST,Renfrew-Collingwood,496867.5023,5453425.3615
Theft from Vehicle,2017,7,9,0,30,56XX SENLAC ST,Renfrew-Collingwood,497530.9171,5453262.7204
Theft from Vehicle,2017,7,9,7,13,56XX SENLAC ST,Renfrew-Collingwood,497557.5328,5453305.0862
Theft from Vehicle,2017,6,11,9,55,56XX SENLAC ST,Renfrew-Collingwood,497558.2597,5453306.2439
Theft from Vehicle,2017,7,9,19,42,56XX SENLAC ST,Renfrew-Collingwood,497582.4081,5453327.4937
Theft from Vehicle,2017,1,24,12,46,56XX STANLEY PARK DR,Stanley Park,489602.9925,5462180.0407
Theft from Vehicle,2017,1,31,13,19,56XX STANLEY PARK DR,Stanley Park,489602.9925,5462180.0407
Theft from Vehicle,2017,2,5,16,30,56XX STANLEY PARK DR,Stanley Park,489602.9925,5462180.0407
Theft from Vehicle,2017,3,28,16,30,56XX STANLEY PARK DR,Stanley Park,489602.9925,5462180.0407
Theft from Vehicle,2017,4,5,16,0,56XX STANLEY PARK DR,Stanley Park,489602.9925,5462180.0407
Theft from Vehicle,2017,4,12,15,5,56XX STANLEY PARK DR,Stanley Park,489602.9925,5462180.0407
Theft from Vehicle,2017,4,28,19,50,56XX STANLEY PARK DR,Stanley Park,489602.9925,5462180.0407
Theft from Vehicle,2017,5,30,18,0,56XX STANLEY PARK DR,Stanley Park,489602.9925,5462180.0407
Theft from Vehicle,2017,6,1,16,0,56XX STANLEY PARK DR,Stanley Park,489602.9925,5462180.0407
Theft from Vehicle,2017,6,10,11,30,56XX STANLEY PARK DR,Stanley Park,489602.9925,5462180.0407
Theft from Vehicle,2017,6,13,20,30,56XX STANLEY PARK DR,Stanley Park,489602.9925,5462180.0407
Theft from Vehicle,2017,6,18,13,0,56XX STANLEY PARK DR,Stanley Park,489602.9925,5462180.0407
Theft from Vehicle,2017,6,21,15,0,56XX STANLEY PARK DR,Stanley Park,489602.9925,5462180.0407
Theft from Vehicle,2017,7,14,14,0,56XX STANLEY PARK DR,Stanley Park,489602.9925,5462180.0407
Theft from Vehicle,2017,7,15,14,0,56XX STANLEY PARK DR,Stanley Park,489602.9925,5462180.0407
Theft from Vehicle,2017,7,25,20,30,56XX STANLEY PARK DR,Stanley Park,489602.9925,5462180.0407
Theft from Vehicle,2017,8,7,19,0,56XX STANLEY PARK DR,Stanley Park,489602.9925,5462180.0407
Theft from Vehicle,2017,8,9,13,20,56XX STANLEY PARK DR,Stanley Park,489602.9925,5462180.0407
Theft from Vehicle,2017,8,13,18,30,56XX STANLEY PARK DR,Stanley Park,489602.9925,5462180.0407
Theft from Vehicle,2017,9,5,19,30,56XX STANLEY PARK DR,Stanley Park,489602.9925,5462180.0407
Theft from Vehicle,2017,9,6,13,15,56XX STANLEY PARK DR,Stanley Park,489602.9925,5462180.0407
Theft from Vehicle,2017,9,29,16,50,56XX STANLEY PARK DR,Stanley Park,489602.9925,5462180.0407
Theft from Vehicle,2017,11,18,12,40,56XX STANLEY PARK DR,Stanley Park,489602.9925,5462180.0407
Theft from Vehicle,2017,6,6,15,30,56XX STANLEY PARK DR,Stanley Park,489610.2919,5462185.5481
Theft from Vehicle,2017,6,28,18,5,56XX STANLEY PARK DR,Stanley Park,489610.2919,5462185.5481
Theft from Vehicle,2017,8,29,20,30,56XX TRAFALGAR ST,Arbutus Ridge,487932.5819,5453663.3293
Theft from Vehicle,2017,2,14,22,0,56XX TYNE ST,Renfrew-Collingwood,497746.5933,5453282.2369
Theft from Vehicle,2017,2,17,1,0,56XX TYNE ST,Renfrew-Collingwood,497747.7539,5453284.3683
Theft from Vehicle,2017,3,16,15,45,56XX TYNE ST,Renfrew-Collingwood,497789.0998,5453351.5672
Theft from Vehicle,2017,3,14,17,30,56XX WESSEX ST,Renfrew-Collingwood,497521.2712,5453373.6407
Theft from Vehicle,2017,8,8,21,30,56XX WILLOW ST,South Cambie,490986.8923,5453471.9367
Theft from Vehicle,2017,8,5,15,0,57XX ARGYLE ST,Victoria-Fraserview,494787.6535,5453244.6934
Theft from Vehicle,2017,7,4,0,0,57XX ATHLONE ST,Oakridge,490073.179,5453427.7452
Theft from Vehicle,2017,3,25,19,30,57XX BALSAM ST,Kerrisdale,488257.1217,5453476.6475
Theft from Vehicle,2017,10,18,18,45,57XX BALSAM ST,Kerrisdale,488257.1217,5453476.6475
Theft from Vehicle,2017,10,17,22,0,57XX BERKELEY ST,Victoria-Fraserview,495791.298,5453297.6599
Theft from Vehicle,2017,6,13,15,17,57XX DUNBAR ST,Dunbar-Southlands,486513.269,5453569.4106
Theft from Vehicle,2017,11,2,17,0,57XX EARLES ST,Victoria-Fraserview,496443.7091,5453318.4284
Theft from Vehicle,2017,9,16,4,0,57XX FLEMING ST,Victoria-Fraserview,494696.9116,5453320.8893
Theft from Vehicle,2017,9,19,18,0,57XX FRASER ST,Sunset,493412.1525,5453335.6584
Theft from Vehicle,2017,10,3,12,0,57XX FRASER ST,Sunset,493412.1525,5453335.6584
Theft from Vehicle,2017,12,22,18,20,57XX GRANVILLE ST,Kerrisdale,489831.0388,5453510.2454
Theft from Vehicle,2017,5,13,13,0,57XX GRANVILLE ST,Kerrisdale,489831.8269,5453423.0585
Theft from Vehicle,2017,7,29,12,30,57XX GRANVILLE ST,Oakridge,489840.8094,5453440.9748
Theft from Vehicle,2017,2,26,23,0,57XX HUDSON ST,Oakridge,490187.9019,5453441.4911
Theft from Vehicle,2017,6,30,21,0,57XX INVERNESS ST,Sunset,494192.6509,5453254.5239
Theft from Vehicle,2017,9,10,15,0,57XX INVERNESS ST,Sunset,494194.4986,5453329.394
Theft from Vehicle,2017,12,3,0,0,57XX JOYCE ST,Killarney,497280.7512,5453263.4246
Theft from Vehicle,2017,11,30,22,45,57XX KERR ST,Killarney,497074.4491,5453327.1223
Theft from Vehicle,2017,12,17,22,0,57XX KERR ST,Killarney,497074.4491,5453327.1223
Theft from Vehicle,2017,6,9,9,0,57XX KILLARNEY ST,Killarney,496660.5612,5453352.7343
Theft from Vehicle,2017,10,26,0,0,57XX LANCASTER ST,Killarney,496957.4779,5453221.3269
Theft from Vehicle,2017,11,2,23,0,57XX LATTA ST,Killarney,497488.0394,5453191.8134
Theft from Vehicle,2017,5,18,23,0,57XX LATTA ST,Renfrew-Collingwood,497490.7674,5453232.2543
Theft from Vehicle,2017,6,20,13,0,57XX MACKENZIE ST,Kerrisdale,487608.1147,5453467.9543
Theft from Vehicle,2017,7,5,15,15,57XX MACKENZIE ST,Kerrisdale,487608.1147,5453467.9543
Theft from Vehicle,2017,10,23,6,58,57XX MAIN ST,Sunset,492614.2026,5453361.8077
Theft from Vehicle,2017,2,9,0,0,57XX MCKINNON ST,Killarney,497180.7783,5453342.4337
Theft from Vehicle,2017,2,12,18,30,57XX MCKINNON ST,Killarney,497180.7783,5453342.4337
Theft from Vehicle,2017,1,8,21,30,57XX NANAIMO ST,Victoria-Fraserview,495719.2689,5453321.9252
Theft from Vehicle,2017,12,7,20,0,57XX SOPHIA ST,Sunset,492815.4087,5453288.2526
Theft from Vehicle,2017,10,19,1,0,57XX VINE ST,Kerrisdale,488361.3639,5453552.1781
Theft from Vehicle,2017,9,21,9,45,57XX WALES ST,Victoria-Fraserview,496235.8107,5453249.1863
Theft from Vehicle,2017,4,17,18,30,57XX WALES ST,Victoria-Fraserview,496245.0499,5453241.5889
Theft from Vehicle,2017,6,28,23,0,58XX ALMA ST,Dunbar-Southlands,486393.3271,5453396.4805
Theft from Vehicle,2017,2,8,22,30,58XX ALMA ST,Dunbar-Southlands,486402.3553,5453386.92
Theft from Vehicle,2017,9,23,10,53,58XX BATTISON ST,Killarney,497778.3059,5453071.7279
Theft from Vehicle,2017,1,26,22,0,58XX BERKELEY ST,Victoria-Fraserview,495788.627,5453106.799
Theft from Vehicle,2017,7,10,3,0,58XX BLENHEIM ST,Dunbar-Southlands,486985.5626,5453422.9566
Theft from Vehicle,2017,7,21,22,0,58XX BLENHEIM ST,Dunbar-Southlands,486985.5626,5453422.9566
Theft from Vehicle,2017,9,1,18,0,58XX CHESTER ST,Sunset,493509.4335,5453200.9637
Theft from Vehicle,2017,5,11,11,38,58XX CLARENDON ST,Victoria-Fraserview,495978.1439,5453073.6057
Theft from Vehicle,2017,5,1,22,0,58XX COMMERCIAL ST,Victoria-Fraserview,494989.2179,5453129.5342
Theft from Vehicle,2017,10,25,0,0,58XX DUNBAR ST,Dunbar-Southlands,486502.698,5453441.6901
Theft from Vehicle,2017,5,17,0,0,58XX DUNBAR ST,Dunbar-Southlands,486502.8862,5453451.8357
Theft from Vehicle,2017,1,26,21,30,58XX FLEMING ST,Victoria-Fraserview,494684.8862,5453174.7567
Theft from Vehicle,2017,7,11,5,17,58XX FLEMING ST,Victoria-Fraserview,494684.9731,5453179.1693
Theft from Vehicle,2017,5,27,14,0,58XX FRASER ST,Sunset,493410.1866,5453230.0796
Theft from Vehicle,2017,7,1,6,0,58XX INVERNESS ST,Sunset,494191.4544,5453206.0691
Theft from Vehicle,2017,12,17,4,31,58XX INVERNESS ST,Sunset,494191.9031,5453224.2396
Theft from Vehicle,2017,12,24,23,0,58XX LANCASTER ST,Killarney,496956.762,5453110.4455
Theft from Vehicle,2017,9,20,21,50,58XX LATTA ST,Killarney,497488.8648,5453145.3412
Theft from Vehicle,2017,2,24,21,0,58XX LINCOLN ST,Killarney,498067.9627,5453225.5116
Theft from Vehicle,2017,2,25,1,0,58XX LINCOLN ST,Killarney,498067.9627,5453225.5116
Theft from Vehicle,2017,2,18,21,0,58XX LINCOLN ST,Killarney,498076.6459,5453263.8002
Theft from Vehicle,2017,2,11,21,0,58XX OAK ST,Oakridge,490676.6645,5453324.468
Theft from Vehicle,2017,9,24,23,0,58XX OLYMPIC ST,Dunbar-Southlands,486197.6912,5453414.4772
Theft from Vehicle,2017,11,10,16,0,58XX ONTARIO ST,Sunset,492314.7255,5453310.5045
Theft from Vehicle,2017,5,8,18,0,58XX ONTARIO ST,Sunset,492314.9777,5453319.833
Theft from Vehicle,2017,12,15,22,0,58XX ONTARIO ST,Sunset,492314.9777,5453319.833
Theft from Vehicle,2017,9,30,20,15,58XX ORMIDALE ST,Killarney,498169.9995,5453241.6762
Theft from Vehicle,2017,12,2,16,30,58XX ORMIDALE ST,Killarney,498171.1169,5453115.0189
Theft from Vehicle,2017,8,25,17,30,58XX TISDALL ST,Oakridge,491084.0137,5453271.4871
Theft from Vehicle,2017,8,3,19,40,58XX TODERICK ST,Killarney,497872.0291,5453041.1508
Theft from Vehicle,2017,5,27,20,0,58XX TYNE ST,Killarney,497656.4818,5453083.9988
Theft from Vehicle,2017,2,23,16,0,58XX YEW ST,Kerrisdale,488453.8324,5453426.7441
Theft from Vehicle,2017,2,23,17,0,58XX YEW ST,Kerrisdale,488453.8324,5453426.7441
Theft from Vehicle,2017,2,25,10,0,58XX YEW ST,Kerrisdale,488453.8324,5453426.7441
Theft from Vehicle,2017,2,25,23,30,58XX YEW ST,Kerrisdale,488453.8324,5453426.7441
Theft from Vehicle,2017,7,19,21,30,59XX ADERA ST,Kerrisdale,489555.1838,5453250.1365
Theft from Vehicle,2017,11,10,14,30,59XX ALMA ST,Dunbar-Southlands,486401.7334,5453335.8949
Theft from Vehicle,2017,2,18,10,12,59XX ATHLONE ST,Oakridge,490068.9895,5453288.7524
Theft from Vehicle,2017,7,18,22,30,59XX BATTISON ST,Killarney,497769.2821,5453065.0525
Theft from Vehicle,2017,9,2,0,0,59XX BEATRICE ST,Victoria-Fraserview,495127.3988,5452980.3314
Theft from Vehicle,2017,12,27,21,0,59XX CARNARVON ST,Kerrisdale,487395.538,5453323.4347
Theft from Vehicle,2017,7,23,21,30,59XX COMMERCIAL ST,Victoria-Fraserview,495033.37,5453080.049
Theft from Vehicle,2017,4,3,17,25,59XX DUMFRIES ST,Victoria-Fraserview,494590.269,5453032.4972
Theft from Vehicle,2017,9,16,11,0,59XX ELM ST,Kerrisdale,488046.7823,5453350.054
Theft from Vehicle,2017,1,7,18,0,59XX GRANVILLE ST,Oakridge,489841.7359,5453297.534
Theft from Vehicle,2017,6,26,13,0,59XX MCKINNON ST,Killarney,497170.4068,5453042.033
Theft from Vehicle,2017,10,17,0,0,59XX QUEBEC ST,Sunset,492450.5535,5453099.81
Theft from Vehicle,2017,1,30,23,0,59XX QUEBEC ST,Sunset,492459.3724,5453086.5161
Theft from Vehicle,2017,8,13,9,0,59XX ROSS ST,Sunset,493988.087,5453112.9808
Theft from Vehicle,2017,2,13,22,0,59XX SHERBROOKE ST,Sunset,494088.149,5453048.7283
Theft from Vehicle,2017,12,19,0,0,59XX TODERICK ST,Killarney,497872.2148,5453023.4357
Theft from Vehicle,2017,6,10,20,0,59XX TODERICK ST,Killarney,497881.3839,5453021.118
Theft from Vehicle,2017,6,16,19,30,59XX TODERICK ST,Killarney,497881.5776,5453002.6666
Theft from Vehicle,2017,12,27,22,30,59XX TRAFALGAR ST,Kerrisdale,487923.4316,5453278.6514
Theft from Vehicle,2017,1,7,2,0,59XX VICTORIA DR,Victoria-Fraserview,495230.8655,5453062.9872
Theft from Vehicle,2017,10,29,18,0,59XX WALES ST,Victoria-Fraserview,496248.1135,5452964.6515
Theft from Vehicle,2017,5,21,22,0,59XX WILLOW ST,Oakridge,490993.2026,5453210.8757
Theft from Vehicle,2017,12,14,10,0,59XX WILTSHIRE ST,Kerrisdale,489348.0645,5453301.9143
Theft from Vehicle,2017,1,26,18,0,5X ALEXANDER ST,Central Business District,492501.7932,5458993.9284
Theft from Vehicle,2017,2,18,5,13,5X ALEXANDER ST,Central Business District,492501.7932,5458993.9284
Theft from Vehicle,2017,3,18,0,0,5X ALEXANDER ST,Central Business District,492501.7932,5458993.9284
Theft from Vehicle,2017,9,6,0,52,5X ALEXANDER ST,Central Business District,492501.7932,5458993.9284
Theft from Vehicle,2017,10,3,18,46,5X ALEXANDER ST,Central Business District,492501.7932,5458993.9284
Theft from Vehicle,2017,11,21,1,36,5X ALEXANDER ST,Central Business District,492501.7932,5458993.9284
Theft from Vehicle,2017,1,10,10,26,5X BLOOD ALLEY SQ,Central Business District,492351.9578,5458925.2122
Theft from Vehicle,2017,5,18,18,30,5X BLOOD ALLEY SQ,Central Business District,492351.9578,5458925.2122
Theft from Vehicle,2017,10,21,21,0,5X BLOOD ALLEY SQ,Central Business District,492351.9578,5458925.2122
Theft from Vehicle,2017,10,16,4,30,5X DUNLEVY AVE,Strathcona,493068.0477,5459117.9914
Theft from Vehicle,2017,4,9,17,30,5X E 12TH AVE,Mount Pleasant,492435.4996,5456395.7455
Theft from Vehicle,2017,4,28,20,0,5X E 12TH AVE,Mount Pleasant,492435.4996,5456395.7455
Theft from Vehicle,2017,11,8,19,30,5X E 12TH AVE,Mount Pleasant,492435.4996,5456395.7455
Theft from Vehicle,2017,9,5,10,0,5X E 13TH AVE,Mount Pleasant,492430.4122,5456297.1256
Theft from Vehicle,2017,10,11,10,14,5X E 14TH AVE,Mount Pleasant,492427.6208,5456196.4266
Theft from Vehicle,2017,10,22,12,0,5X E 16TH AVE,Riley Park,492426.4662,5455984.3792
Theft from Vehicle,2017,9,25,8,0,5X E 19TH AVE,Riley Park,492445.9193,5455674.2351
Theft from Vehicle,2017,10,12,1,10,5X E 22ND AVE,Riley Park,492440.2675,5455365.4634
Theft from Vehicle,2017,10,18,23,0,5X E 2ND AVE,Mount Pleasant,492466.4696,5457380.5727
Theft from Vehicle,2017,2,14,20,0,5X E 3RD AVE,Mount Pleasant,492456.0804,5457288.593
Theft from Vehicle,2017,9,23,12,0,5X E 46TH AVE,Sunset,492378.7998,5452863.6827
Theft from Vehicle,2017,9,8,23,30,5X E 62ND AVE,Sunset,492332.2902,5451276.9414
Theft from Vehicle,2017,10,27,19,0,5X E 6TH AVE,Mount Pleasant,492447.9453,5456985.8878
Theft from Vehicle,2017,12,13,22,30,5X E 6TH AVE,Mount Pleasant,492450.6362,5456985.8122
Theft from Vehicle,2017,1,21,3,0,5X E 7TH AVE,Mount Pleasant,492456.1174,5456886.3
Theft from Vehicle,2017,6,15,5,31,5X E BROADWAY AVE,Mount Pleasant,492440.3832,5456701.5904
Theft from Vehicle,2017,12,15,9,30,5X E BROADWAY AVE,Mount Pleasant,492440.3832,5456701.5904
Theft from Vehicle,2017,1,3,20,0,5X E CORDOVA ST,Central Business District,492492.1042,5458853.6389
Theft from Vehicle,2017,1,10,17,20,5X E CORDOVA ST,Central Business District,492492.1042,5458853.6389
Theft from Vehicle,2017,1,16,6,47,5X E CORDOVA ST,Central Business District,492492.1042,5458853.6389
Theft from Vehicle,2017,1,14,11,22,5X E CORDOVA ST,Central Business District,492492.1655,5458853.6387
Theft from Vehicle,2017,2,9,17,24,5X E CORDOVA ST,Central Business District,492492.1655,5458853.6387
Theft from Vehicle,2017,2,10,23,0,5X E CORDOVA ST,Central Business District,492492.1655,5458853.6387
Theft from Vehicle,2017,2,19,6,59,5X E CORDOVA ST,Central Business District,492492.1655,5458853.6387
Theft from Vehicle,2017,2,19,10,44,5X E CORDOVA ST,Central Business District,492492.1655,5458853.6387
Theft from Vehicle,2017,4,2,20,0,5X E CORDOVA ST,Central Business District,492492.1655,5458853.6387
Theft from Vehicle,2017,4,11,23,0,5X E CORDOVA ST,Central Business District,492492.1655,5458853.6387
Theft from Vehicle,2017,4,21,6,2,5X E CORDOVA ST,Central Business District,492492.1655,5458853.6387
Theft from Vehicle,2017,5,12,23,0,5X E CORDOVA ST,Central Business District,492492.1655,5458853.6387
Theft from Vehicle,2017,6,11,23,56,5X E CORDOVA ST,Central Business District,492492.1655,5458853.6387
Theft from Vehicle,2017,7,2,20,30,5X E CORDOVA ST,Central Business District,492492.1655,5458853.6387
Theft from Vehicle,2017,7,4,21,17,5X E CORDOVA ST,Central Business District,492492.1655,5458853.6387
Theft from Vehicle,2017,7,7,0,0,5X E CORDOVA ST,Central Business District,492492.1655,5458853.6387
Theft from Vehicle,2017,7,10,19,30,5X E CORDOVA ST,Central Business District,492492.1655,5458853.6387
Theft from Vehicle,2017,7,15,2,0,5X E CORDOVA ST,Central Business District,492492.1655,5458853.6387
Theft from Vehicle,2017,8,19,23,7,5X E CORDOVA ST,Central Business District,492492.1655,5458853.6387
Theft from Vehicle,2017,11,19,6,56,5X E CORDOVA ST,Central Business District,492492.1655,5458853.6387
Theft from Vehicle,2017,12,12,15,24,5X E CORDOVA ST,Central Business District,492492.1655,5458853.6387
Theft from Vehicle,2017,12,29,17,50,5X E CORDOVA ST,Central Business District,492492.1655,5458853.6387
Theft from Vehicle,2017,12,4,18,0,5X E CORDOVA ST,Central Business District,492494.9773,5458844.4783
Theft from Vehicle,2017,4,8,18,0,5X E CORDOVA ST,Central Business District,492497.8946,5458853.6056
Theft from Vehicle,2017,6,23,9,30,5X E CORDOVA ST,Central Business District,492497.8946,5458853.6056
Theft from Vehicle,2017,7,12,23,0,5X E CORDOVA ST,Central Business District,492497.8946,5458853.6056
Theft from Vehicle,2017,1,29,4,40,5X E HASTINGS ST,Central Business District,492488.8309,5458750.5478
Theft from Vehicle,2017,10,14,15,23,5X E KENT AVE N,Sunset,492302.7784,5450473.0262
Theft from Vehicle,2017,5,29,16,30,5X E PENDER ST,Central Business District,492486.4415,5458635.3772
Theft from Vehicle,2017,1,2,21,48,5X E PENDER ST,Central Business District,492486.7751,5458644.5151
Theft from Vehicle,2017,2,20,17,0,5X E PENDER ST,Central Business District,492486.7751,5458644.5151
Theft from Vehicle,2017,5,4,21,0,5X E PENDER ST,Central Business District,492486.7751,5458644.5151
Theft from Vehicle,2017,5,28,14,0,5X E PENDER ST,Central Business District,492486.7751,5458644.5151
Theft from Vehicle,2017,6,16,8,19,5X E PENDER ST,Central Business District,492486.7751,5458644.5151
Theft from Vehicle,2017,7,3,2,0,5X E PENDER ST,Central Business District,492486.7751,5458644.5151
Theft from Vehicle,2017,7,22,20,30,5X E PENDER ST,Central Business District,492486.7751,5458644.5151
Theft from Vehicle,2017,8,4,15,0,5X E PENDER ST,Central Business District,492486.7751,5458644.5151
Theft from Vehicle,2017,9,19,23,0,5X E PENDER ST,Central Business District,492486.7751,5458644.5151
Theft from Vehicle,2017,10,17,20,0,5X E PENDER ST,Central Business District,492486.7751,5458644.5151
Theft from Vehicle,2017,10,31,19,30,5X E PENDER ST,Central Business District,492486.7751,5458644.5151
Theft from Vehicle,2017,11,26,19,20,5X E PENDER ST,Central Business District,492486.7751,5458644.5151
Theft from Vehicle,2017,11,30,5,45,5X E PENDER ST,Central Business District,492486.7751,5458644.5151
Theft from Vehicle,2017,12,23,17,0,5X E PENDER ST,Central Business District,492486.7751,5458644.5151
Theft from Vehicle,2017,12,27,9,45,5X E PENDER ST,Central Business District,492486.7751,5458644.5151
Theft from Vehicle,2017,12,4,8,45,5X EXPO BLVD,Central Business District,492333.7123,5458362.9587
Theft from Vehicle,2017,8,6,10,30,5X EXPO BLVD,Central Business District,492339.5654,5458361.5896
Theft from Vehicle,2017,8,22,2,7,5X GARDEN DR,Grandview-Woodland,495794.7701,5459066.4683
Theft from Vehicle,2017,11,9,21,0,5X JACKSON AVE,Strathcona,493210.9472,5459072.3522
Theft from Vehicle,2017,9,19,18,0,5X KEEFER PL,Central Business District,492235.0142,5458535.2604
Theft from Vehicle,2017,9,20,15,16,5X KEEFER PL,Central Business District,492235.0142,5458535.2604
Theft from Vehicle,2017,10,19,18,0,5X KEEFER PL,Central Business District,492235.0142,5458535.2604
Theft from Vehicle,2017,11,11,12,11,5X KEEFER PL,Central Business District,492235.0142,5458535.2604
Theft from Vehicle,2017,12,8,23,0,5X KEEFER PL,Central Business District,492235.0142,5458535.2604
Theft from Vehicle,2017,12,26,17,1,5X KEEFER PL,Central Business District,492248.5734,5458541.2202
Theft from Vehicle,2017,9,26,12,0,5X KEEFER PL,Central Business District,492249.4812,5458540.9871
Theft from Vehicle,2017,10,17,13,45,5X KEEFER PL,Central Business District,492249.4812,5458540.9871
Theft from Vehicle,2017,11,8,19,0,5X KEEFER PL,Central Business District,492249.4812,5458540.9871
Theft from Vehicle,2017,12,30,19,20,5X KEEFER PL,Central Business District,492249.4812,5458540.9871
Theft from Vehicle,2017,2,15,17,30,5X KEEFER PL,Central Business District,492249.4812,5458540.9871
Theft from Vehicle,2017,3,19,9,22,5X KEEFER PL,Central Business District,492249.4812,5458540.9871
Theft from Vehicle,2017,4,9,8,32,5X KEEFER ST,Central Business District,492488.273,5458505.4713
Theft from Vehicle,2017,6,4,0,0,5X KEEFER ST,Central Business District,492488.273,5458505.4713
Theft from Vehicle,2017,6,18,23,47,5X KEEFER ST,Central Business District,492488.273,5458505.4713
Theft from Vehicle,2017,7,10,19,7,5X KEEFER ST,Central Business District,492488.273,5458505.4713
Theft from Vehicle,2017,9,28,22,10,5X KEEFER ST,Central Business District,492488.273,5458505.4713
Theft from Vehicle,2017,10,4,7,5,5X KEEFER ST,Central Business District,492488.273,5458505.4713
Theft from Vehicle,2017,6,16,19,0,5X LAKEWOOD DR,Grandview-Woodland,495513.1416,5459069.6563
Theft from Vehicle,2017,8,7,10,32,5X N KOOTENAY ST,Hastings-Sunrise,498125.965,5459164.5474
Theft from Vehicle,2017,1,19,20,30,5X POWELL ST,Central Business District,492502.2938,5458954.7999
Theft from Vehicle,2017,3,10,7,58,5X POWELL ST,Central Business District,492502.2938,5458954.7999
Theft from Vehicle,2017,3,27,15,54,5X POWELL ST,Central Business District,492502.2938,5458954.7999
Theft from Vehicle,2017,5,13,20,0,5X POWELL ST,Central Business District,492502.2938,5458954.7999
Theft from Vehicle,2017,7,6,7,19,5X POWELL ST,Central Business District,492502.2938,5458954.7999
Theft from Vehicle,2017,10,2,21,47,5X POWELL ST,Central Business District,492502.2938,5458954.7999
Theft from Vehicle,2017,7,5,18,20,5X W 10TH AVE,Mount Pleasant,492294.0561,5456601.6166
Theft from Vehicle,2017,8,21,23,0,5X W 10TH AVE,Mount Pleasant,492294.0561,5456601.6166
Theft from Vehicle,2017,7,28,1,0,5X W 12TH AVE,Mount Pleasant,492285.5912,5456400.7245
Theft from Vehicle,2017,1,27,20,0,5X W 13TH AVE,Mount Pleasant,492280.5813,5456300.292
Theft from Vehicle,2017,1,27,13,0,5X W 15TH AVE,Mount Pleasant,492274.3438,5456100.6039
Theft from Vehicle,2017,12,16,17,0,5X W 16TH AVE,Riley Park,492275.1907,5455989.4204
Theft from Vehicle,2017,4,20,22,30,5X W 18TH AVE,Riley Park,492267.4257,5455769.8033
Theft from Vehicle,2017,3,31,21,45,5X W 18TH AVE,Riley Park,492276.825,5455778.6318
Theft from Vehicle,2017,3,9,22,30,5X W 19TH AVE,Riley Park,492280.3691,5455678.8363
Theft from Vehicle,2017,8,8,18,0,5X W 19TH AVE,Riley Park,492280.3691,5455678.8363
Theft from Vehicle,2017,8,20,14,0,5X W 21ST AVE,Riley Park,492275.448,5455468.2705
Theft from Vehicle,2017,7,7,15,0,5X W 37TH AVE,Riley Park,492230.2228,5453843.5773
Theft from Vehicle,2017,1,28,12,30,5X W 3RD AVE,Mount Pleasant,492312.8887,5457294.6621
Theft from Vehicle,2017,3,23,1,45,5X W 40TH AVE,Riley Park,492221.716,5453552.5156
Theft from Vehicle,2017,7,17,2,0,5X W 44TH AVE,Oakridge,492211.2434,5453080.3392
Theft from Vehicle,2017,3,10,23,0,5X W 47TH AVE,Oakridge,492202.3944,5452776.8455
Theft from Vehicle,2017,5,13,23,27,5X W 48TH AVE,Oakridge,492195.0073,5452676.1825
Theft from Vehicle,2017,5,16,3,0,5X W 5TH AVE,Mount Pleasant,492304.6983,5457093.5683
Theft from Vehicle,2017,11,8,16,0,5X W 61ST AVE,Marpole,492186.2586,5451376.8254
Theft from Vehicle,2017,4,14,1,0,5X W BROADWAY AVE,Mount Pleasant,492294.1304,5456706.5246
Theft from Vehicle,2017,3,25,9,10,5X W BROADWAY AVE,Mount Pleasant,492296.8461,5456706.4479
Theft from Vehicle,2017,4,14,5,57,5X W BROADWAY AVE,Mount Pleasant,492296.8461,5456706.4479
Theft from Vehicle,2017,6,14,18,15,5X W CORDOVA ST,Central Business District,492317.5125,5458893.0123
Theft from Vehicle,2017,10,9,0,30,5X W CORDOVA ST,Central Business District,492317.5125,5458893.0123
Theft from Vehicle,2017,8,28,12,4,5X W CORDOVA ST,Central Business District,492321.9081,5458882.1259
Theft from Vehicle,2017,8,31,18,24,5X W CORDOVA ST,Central Business District,492321.9081,5458882.1259
Theft from Vehicle,2017,1,6,19,0,5X W CORDOVA ST,Central Business District,492324.5597,5458890.877
Theft from Vehicle,2017,1,17,15,30,5X W CORDOVA ST,Central Business District,492324.5597,5458890.877
Theft from Vehicle,2017,1,28,14,0,5X W CORDOVA ST,Central Business District,492324.5597,5458890.877
Theft from Vehicle,2017,1,29,12,55,5X W CORDOVA ST,Central Business District,492324.5597,5458890.877
Theft from Vehicle,2017,2,13,14,27,5X W CORDOVA ST,Central Business District,492324.5597,5458890.877
Theft from Vehicle,2017,2,14,21,0,5X W CORDOVA ST,Central Business District,492324.5597,5458890.877
Theft from Vehicle,2017,2,15,17,30,5X W CORDOVA ST,Central Business District,492324.5597,5458890.877
Theft from Vehicle,2017,2,16,21,11,5X W CORDOVA ST,Central Business District,492324.5597,5458890.877
Theft from Vehicle,2017,2,23,12,37,5X W CORDOVA ST,Central Business District,492324.5597,5458890.877
Theft from Vehicle,2017,4,11,3,50,5X W CORDOVA ST,Central Business District,492324.5597,5458890.877
Theft from Vehicle,2017,6,3,17,30,5X W CORDOVA ST,Central Business District,492324.5597,5458890.877
Theft from Vehicle,2017,6,6,15,0,5X W CORDOVA ST,Central Business District,492324.5597,5458890.877
Theft from Vehicle,2017,6,18,18,34,5X W CORDOVA ST,Central Business District,492324.5597,5458890.877
Theft from Vehicle,2017,6,19,20,0,5X W CORDOVA ST,Central Business District,492324.5597,5458890.877
Theft from Vehicle,2017,6,24,19,15,5X W CORDOVA ST,Central Business District,492324.5597,5458890.877
Theft from Vehicle,2017,7,5,19,5,5X W CORDOVA ST,Central Business District,492324.5597,5458890.877
Theft from Vehicle,2017,8,5,16,32,5X W CORDOVA ST,Central Business District,492324.5597,5458890.877
Theft from Vehicle,2017,8,21,12,20,5X W CORDOVA ST,Central Business District,492324.5597,5458890.877
Theft from Vehicle,2017,8,23,21,12,5X W CORDOVA ST,Central Business District,492324.5597,5458890.877
Theft from Vehicle,2017,9,7,22,22,5X W CORDOVA ST,Central Business District,492324.5597,5458890.877
Theft from Vehicle,2017,9,9,18,15,5X W CORDOVA ST,Central Business District,492324.5597,5458890.877
Theft from Vehicle,2017,10,11,14,50,5X W CORDOVA ST,Central Business District,492324.5597,5458890.877
Theft from Vehicle,2017,10,18,17,7,5X W CORDOVA ST,Central Business District,492324.5597,5458890.877
Theft from Vehicle,2017,10,19,15,13,5X W CORDOVA ST,Central Business District,492324.5597,5458890.877
Theft from Vehicle,2017,10,21,20,25,5X W CORDOVA ST,Central Business District,492324.5597,5458890.877
Theft from Vehicle,2017,10,30,21,21,5X W CORDOVA ST,Central Business District,492324.5597,5458890.877
Theft from Vehicle,2017,11,13,12,30,5X W CORDOVA ST,Central Business District,492324.5597,5458890.877
Theft from Vehicle,2017,11,16,19,0,5X W CORDOVA ST,Central Business District,492324.5597,5458890.877
Theft from Vehicle,2017,11,17,17,15,5X W CORDOVA ST,Central Business District,492324.5597,5458890.877
Theft from Vehicle,2017,1,15,18,20,5X W CORDOVA ST,Central Business District,492324.6344,5458890.8542
Theft from Vehicle,2017,1,15,18,30,5X W CORDOVA ST,Central Business District,492324.6344,5458890.8542
Theft from Vehicle,2017,12,25,20,0,5X W HASTINGS ST,Central Business District,492304.3474,5458787.2617
Theft from Vehicle,2017,7,2,12,25,5X W HASTINGS ST,Central Business District,492305.9409,5458777.3093
Theft from Vehicle,2017,2,19,13,44,5X W HASTINGS ST,Central Business District,492308.4276,5458786.1087
Theft from Vehicle,2017,4,24,9,0,5X W HASTINGS ST,Central Business District,492308.4276,5458786.1087
Theft from Vehicle,2017,9,13,20,45,5X W HASTINGS ST,Central Business District,492308.4276,5458786.1087
Theft from Vehicle,2017,3,22,15,3,5X W PENDER ST,Central Business District,492260.92,5458688.0722
Theft from Vehicle,2017,7,21,20,0,5X W PENDER ST,Central Business District,492260.92,5458688.0722
Theft from Vehicle,2017,10,28,2,0,5X W PENDER ST,Central Business District,492260.92,5458688.0722
Theft from Vehicle,2017,4,5,21,0,5X W PENDER ST,Central Business District,492276.9063,5458683.6731
Theft from Vehicle,2017,7,15,23,30,5X W PENDER ST,Central Business District,492276.9063,5458683.6731
Theft from Vehicle,2017,7,19,15,30,5X W PENDER ST,Central Business District,492276.9063,5458683.6731
Theft from Vehicle,2017,8,6,0,21,5X W PENDER ST,Central Business District,492276.9063,5458683.6731
Theft from Vehicle,2017,8,20,17,30,5X W PENDER ST,Central Business District,492276.9063,5458683.6731
Theft from Vehicle,2017,9,2,7,50,5X W PENDER ST,Central Business District,492276.9063,5458683.6731
Theft from Vehicle,2017,9,7,0,30,5X W PENDER ST,Central Business District,492276.9063,5458683.6731
Theft from Vehicle,2017,9,9,12,0,5X W PENDER ST,Central Business District,492276.9063,5458683.6731
Theft from Vehicle,2017,10,9,18,30,5X W PENDER ST,Central Business District,492276.9063,5458683.6731
Theft from Vehicle,2017,10,13,20,21,5X W PENDER ST,Central Business District,492276.9063,5458683.6731
Theft from Vehicle,2017,10,20,9,50,5X W PENDER ST,Central Business District,492276.9063,5458683.6731
Theft from Vehicle,2017,11,3,9,29,5X W PENDER ST,Central Business District,492276.9063,5458683.6731
Theft from Vehicle,2017,12,30,14,0,5X W PENDER ST,Central Business District,492276.9063,5458683.6731
Theft from Vehicle,2017,12,31,23,24,5X W PENDER ST,Central Business District,492276.9063,5458683.6731
Theft from Vehicle,2017,2,8,22,0,5X W PENDER ST,Central Business District,492276.9063,5458683.6731
Theft from Vehicle,2017,3,27,1,47,5X W PENDER ST,Central Business District,492276.9063,5458683.6731
Theft from Vehicle,2017,4,13,19,15,5X W PENDER ST,Central Business District,492276.9063,5458683.6731
Theft from Vehicle,2017,6,3,20,41,5X W PENDER ST,Central Business District,492276.9063,5458683.6731
Theft from Vehicle,2017,8,9,12,30,5X WATER ST,Central Business District,492334.7034,5459005.7933
Theft from Vehicle,2017,5,19,17,45,5X WATER ST,Central Business District,492340.8601,5459004.1307
Theft from Vehicle,2017,10,22,23,30,5XX ABBOTT ST,Central Business District,492169.9395,5458667.7581
Theft from Vehicle,2017,11,4,19,1,5XX ABBOTT ST,Central Business District,492170.6225,5458696.6611
Theft from Vehicle,2017,1,27,21,0,5XX ABBOTT ST,Central Business District,492179.9006,5458702.2257
Theft from Vehicle,2017,2,11,13,45,5XX ABBOTT ST,Central Business District,492179.9006,5458702.2257
Theft from Vehicle,2017,3,6,9,8,5XX ABBOTT ST,Central Business District,492179.9006,5458702.2257
Theft from Vehicle,2017,10,29,4,15,5XX ABBOTT ST,Central Business District,492179.9006,5458702.2257
Theft from Vehicle,2017,11,20,19,42,5XX ALEXANDER ST,Strathcona,493218.3648,5459025.7037
Theft from Vehicle,2017,12,4,1,0,5XX ALEXANDER ST,Strathcona,493218.3648,5459025.7037
Theft from Vehicle,2017,6,7,20,11,5XX BEACH CRES,Central Business District,490659.2773,5457829.8924
Theft from Vehicle,2017,4,21,1,45,5XX BEATTY ST,Central Business District,492011.7453,5458616.362
Theft from Vehicle,2017,7,11,1,0,5XX BEATTY ST,Central Business District,492011.7453,5458616.362
Theft from Vehicle,2017,1,15,19,30,5XX BEATTY ST,Central Business District,492043.5108,5458648.5219
Theft from Vehicle,2017,1,28,8,37,5XX BEATTY ST,Central Business District,492043.6968,5458648.7121
Theft from Vehicle,2017,4,13,22,0,5XX BEATTY ST,Central Business District,492043.6968,5458648.7121
Theft from Vehicle,2017,3,6,3,0,5XX BEATTY ST,Central Business District,492110.5044,5458716.3533
Theft from Vehicle,2017,3,8,23,30,5XX BEATTY ST,Central Business District,492110.5044,5458716.3533
Theft from Vehicle,2017,4,17,6,12,5XX BEATTY ST,Central Business District,492110.5044,5458716.3533
Theft from Vehicle,2017,5,8,0,35,5XX BEATTY ST,Central Business District,492110.5044,5458716.3533
Theft from Vehicle,2017,5,26,22,0,5XX BEATTY ST,Central Business District,492110.5044,5458716.3533
Theft from Vehicle,2017,6,18,12,30,5XX BEATTY ST,Central Business District,492110.5044,5458716.3533
Theft from Vehicle,2017,8,21,5,48,5XX BEATTY ST,Central Business District,492110.5044,5458716.3533
Theft from Vehicle,2017,9,21,8,36,5XX BEATTY ST,Central Business District,492110.5044,5458716.3533
Theft from Vehicle,2017,10,6,19,30,5XX BEATTY ST,Central Business District,492110.5044,5458716.3533
Theft from Vehicle,2017,11,4,3,0,5XX BEATTY ST,Central Business District,492110.5044,5458716.3533
Theft from Vehicle,2017,11,11,3,0,5XX BEATTY ST,Central Business District,492110.5044,5458716.3533
Theft from Vehicle,2017,5,11,21,45,5XX BROUGHTON ST,Central Business District,490781.7759,5459696.5074
Theft from Vehicle,2017,12,6,9,30,5XX BURRARD ST,Central Business District,491320.8551,5459222.0338
Theft from Vehicle,2017,1,5,8,0,5XX BURRARD ST,Central Business District,491323.748,5459224.8367
Theft from Vehicle,2017,12,14,7,30,5XX BURRARD ST,Central Business District,491418.3505,5459316.4819
Theft from Vehicle,2017,12,31,18,54,5XX BURRARD ST,Central Business District,491418.3505,5459316.4819
Theft from Vehicle,2017,12,31,19,40,5XX BURRARD ST,Central Business District,491418.3505,5459316.4819
Theft from Vehicle,2017,2,17,9,0,5XX BURRARD ST,Central Business District,491429.1394,5459314.2023
Theft from Vehicle,2017,6,8,23,36,5XX BURRARD ST,Central Business District,491429.1394,5459314.2023
Theft from Vehicle,2017,8,11,19,0,5XX BURRARD ST,Central Business District,491429.1394,5459314.2023
Theft from Vehicle,2017,12,20,12,15,5XX BURRARD ST,Central Business District,491429.1394,5459314.2023
Theft from Vehicle,2017,2,10,11,2,5XX BUTE ST,Central Business District,491030.1596,5459516.2186
Theft from Vehicle,2017,6,29,15,15,5XX CAMBIE ST,Central Business District,491944.8504,5458697.1031
Theft from Vehicle,2017,11,19,17,30,5XX CAMBIE ST,Central Business District,491944.8504,5458697.1031
Theft from Vehicle,2017,3,16,11,0,5XX CAMBIE ST,Central Business District,491962.124,5458714.9988
Theft from Vehicle,2017,1,23,15,45,5XX CAMBIE ST,Central Business District,491997.6145,5458756.0455
Theft from Vehicle,2017,11,13,9,19,5XX CAMPBELL AVE,Strathcona,493824.1453,5458573.2291
Theft from Vehicle,2017,3,15,8,59,5XX CAMPBELL AVE,Strathcona,493833.6427,5458584.744
Theft from Vehicle,2017,4,26,23,0,5XX CAMPBELL AVE,Strathcona,493833.6427,5458584.744
Theft from Vehicle,2017,5,12,21,30,5XX CARDERO ST,Central Business District,490644.5961,5459898.0976
Theft from Vehicle,2017,11,12,12,20,5XX CARRALL ST,Central Business District,492400.4944,5458570.4757
Theft from Vehicle,2017,1,5,5,45,5XX CARRALL ST,Central Business District,492412.9541,5458641.5634
Theft from Vehicle,2017,6,9,15,30,5XX CARRALL ST,Central Business District,492412.9541,5458641.5634
Theft from Vehicle,2017,12,12,14,54,5XX CARRALL ST,Central Business District,492412.9541,5458641.5634
Theft from Vehicle,2017,10,22,18,30,5XX COLUMBIA ST,Central Business District,492552.9186,5458566.2499
Theft from Vehicle,2017,5,8,7,51,5XX COLUMBIA ST,Central Business District,492562.5277,5458573.5742
Theft from Vehicle,2017,8,18,11,10,5XX COLUMBIA ST,Central Business District,492562.5277,5458573.5742
Theft from Vehicle,2017,11,30,19,50,5XX COLUMBIA ST,Central Business District,492562.849,5458578.8293
Theft from Vehicle,2017,6,13,8,45,5XX COLUMBIA ST,Central Business District,492563.1704,5458584.0843
Theft from Vehicle,2017,6,5,21,30,5XX COLUMBIA ST,Central Business District,492566.3068,5458635.3833
Theft from Vehicle,2017,7,9,17,10,5XX COLUMBIA ST,Central Business District,492566.3068,5458635.3833
Theft from Vehicle,2017,7,10,15,42,5XX COLUMBIA ST,Central Business District,492566.3068,5458635.3833
Theft from Vehicle,2017,9,10,10,5,5XX COLUMBIA ST,Central Business District,492566.3068,5458635.3833
Theft from Vehicle,2017,9,15,15,39,5XX COLUMBIA ST,Central Business District,492566.3068,5458635.3833
Theft from Vehicle,2017,11,5,18,0,5XX COMMERCIAL DR,Grandview-Woodland,494871.7457,5458541.2505
Theft from Vehicle,2017,12,26,0,0,5XX COMMODORE RD,Fairview,491555.8498,5457209.2922
Theft from Vehicle,2017,9,9,0,0,5XX COMMODORE RD,Fairview,491607.9593,5457238.0504
Theft from Vehicle,2017,2,3,20,0,5XX DENMAN ST,Central Business District,490353.2861,5460067.4482
Theft from Vehicle,2017,9,5,17,0,5XX DENMAN ST,Central Business District,490353.2861,5460067.4482
Theft from Vehicle,2017,6,2,7,46,5XX DENMAN ST,Central Business District,490360.1516,5460087.7302
Theft from Vehicle,2017,8,5,19,0,5XX DENMAN ST,Central Business District,490360.1516,5460087.7302
Theft from Vehicle,2017,12,9,5,0,5XX DENMAN ST,Central Business District,490360.1516,5460087.7302
Theft from Vehicle,2017,5,12,17,45,5XX DRAKE ST,Central Business District,490837.6707,5458018.6209
Theft from Vehicle,2017,11,30,5,0,5XX DRAKE ST,Central Business District,490837.6707,5458018.6209
Theft from Vehicle,2017,11,30,18,0,5XX DRAKE ST,Central Business District,490837.6707,5458018.6209
Theft from Vehicle,2017,11,8,22,0,5XX DRAKE ST,Central Business District,490842.9591,5458013.25
Theft from Vehicle,2017,8,18,17,30,5XX DUNSMUIR ST,Central Business District,491671.5574,5458850.1643
Theft from Vehicle,2017,8,18,18,10,5XX DUNSMUIR ST,Central Business District,491671.5574,5458850.1643
Theft from Vehicle,2017,5,15,12,0,5XX DUNSMUIR ST,Central Business District,491678.038,5458856.6152
Theft from Vehicle,2017,6,7,20,0,5XX E 10TH AVE,Mount Pleasant,493236.225,5456530.6104
Theft from Vehicle,2017,7,22,11,0,5XX E 10TH AVE,Mount Pleasant,493236.225,5456530.6104
Theft from Vehicle,2017,6,23,19,0,5XX E 10TH AVE,Mount Pleasant,493271.9237,5456539.8096
Theft from Vehicle,2017,12,20,10,50,5XX E 10TH AVE,Mount Pleasant,493297.447,5456530.7051
Theft from Vehicle,2017,6,12,1,40,5XX E 12TH AVE,Mount Pleasant,493269.3197,5456332.3525
Theft from Vehicle,2017,5,22,9,0,5XX E 17TH AVE,Riley Park,493186.143,5455869.111
Theft from Vehicle,2017,12,18,14,21,5XX E 1ST AVE,Strathcona,493198.0224,5457292.5313
Theft from Vehicle,2017,7,25,23,0,5XX E 21ST AVE,Riley Park,493223.3027,5455473.8538
Theft from Vehicle,2017,7,17,14,0,5XX E 22ND AVE,Riley Park,493215.1886,5455374.3594
Theft from Vehicle,2017,12,20,4,0,5XX E 28TH AVE,Riley Park,493149.3151,5454760.378
Theft from Vehicle,2017,12,20,21,35,5XX E 28TH AVE,Riley Park,493266.5956,5454765.8677
Theft from Vehicle,2017,9,8,23,0,5XX E 30TH AVE,Riley Park,493212.254,5454532.638
Theft from Vehicle,2017,12,8,16,0,5XX E 30TH AVE,Riley Park,493277.8757,5454540.3582
Theft from Vehicle,2017,1,16,21,0,5XX E 31ST AVE,Riley Park,493147.563,5454430.5923
Theft from Vehicle,2017,12,28,21,15,5XX E 31ST AVE,Riley Park,493155.9961,5454439.5355
Theft from Vehicle,2017,1,16,18,0,5XX E 31ST AVE,Riley Park,493183.3711,5454438.8747
Theft from Vehicle,2017,2,21,15,0,5XX E 41ST AVE,Sunset,493176.5764,5453348.102
Theft from Vehicle,2017,7,1,0,0,5XX E 41ST AVE,Sunset,493176.5764,5453348.102
Theft from Vehicle,2017,3,24,23,0,5XX E 43RD AVE,Sunset,493260.6513,5453137.5964
Theft from Vehicle,2017,10,25,5,5,5XX E 44TH AVE,Sunset,493163.9817,5453039.5477
Theft from Vehicle,2017,9,7,20,0,5XX E 44TH AVE,Sunset,493242.1547,5453037.7923
Theft from Vehicle,2017,6,4,20,41,5XX E 46TH AVE,Sunset,493161.4806,5452838.8241
Theft from Vehicle,2017,8,11,23,0,5XX E 46TH AVE,Sunset,493161.4806,5452838.8241
Theft from Vehicle,2017,8,13,1,30,5XX E 54TH AVE,Sunset,493196.6218,5452021.2908
Theft from Vehicle,2017,11,4,15,0,5XX E 55TH AVE,Sunset,493095.5556,5451915.0062
Theft from Vehicle,2017,10,18,13,0,5XX E 55TH AVE,Sunset,493241.592,5451920.4295
Theft from Vehicle,2017,4,16,10,51,5XX E 5TH AVE,Mount Pleasant,493248.6735,5457043.8144
Theft from Vehicle,2017,11,23,12,0,5XX E 5TH AVE,Mount Pleasant,493248.6735,5457043.8144
Theft from Vehicle,2017,3,15,22,0,5XX E 5TH AVE,Mount Pleasant,493344.1534,5457052.9485
Theft from Vehicle,2017,7,30,20,33,5XX E 5TH AVE,Mount Pleasant,493344.1534,5457052.9485
Theft from Vehicle,2017,7,7,17,0,5XX E 60TH AVE,Sunset,493144.1156,5451434.8688
Theft from Vehicle,2017,6,13,1,0,5XX E 61ST AVE,Sunset,493142.1711,5451341.9346
Theft from Vehicle,2017,5,19,21,0,5XX E 62ND AVE,Sunset,493140.9763,5451269.5607
Theft from Vehicle,2017,1,17,23,20,5XX E 62ND AVE,Sunset,493205.2354,5451267.6136
Theft from Vehicle,2017,10,24,22,0,5XX E 6TH AVE,Mount Pleasant,493239.5596,5456943.424
Theft from Vehicle,2017,4,8,15,30,5XX E 6TH AVE,Mount Pleasant,493247.8677,5456952.529
Theft from Vehicle,2017,12,22,23,0,5XX E 6TH AVE,Mount Pleasant,493247.8677,5456952.529
Theft from Vehicle,2017,9,28,23,0,5XX E 7TH AVE,Mount Pleasant,493288.3952,5456852.5746
Theft from Vehicle,2017,12,23,21,30,5XX E 7TH AVE,Mount Pleasant,493303.3527,5456843.1619
Theft from Vehicle,2017,3,24,21,30,5XX E 8TH AVE,Mount Pleasant,493246.3167,5456742.9222
Theft from Vehicle,2017,3,27,9,0,5XX E 8TH AVE,Mount Pleasant,493246.3167,5456742.9222
Theft from Vehicle,2017,4,13,23,30,5XX E 8TH AVE,Mount Pleasant,493246.3167,5456742.9222
Theft from Vehicle,2017,12,14,21,0,5XX E 8TH AVE,Mount Pleasant,493246.3167,5456742.9222
Theft from Vehicle,2017,12,30,0,0,5XX E 8TH AVE,Mount Pleasant,493272.7087,5456742.5787
Theft from Vehicle,2017,12,21,14,30,5XX E 8TH AVE,Mount Pleasant,493330.2913,5456741.829
Theft from Vehicle,2017,12,29,19,0,5XX E 8TH AVE,Mount Pleasant,493337.6081,5456750.8786
Theft from Vehicle,2017,5,11,11,0,5XX E BROADWAY AVE,Mount Pleasant,493237.759,5456637.5258
Theft from Vehicle,2017,10,23,12,2,5XX E BROADWAY AVE,Mount Pleasant,493237.759,5456637.5258
Theft from Vehicle,2017,12,8,11,0,5XX E BROADWAY AVE,Mount Pleasant,493237.759,5456637.5258
Theft from Vehicle,2017,6,6,16,45,5XX E CORDOVA ST,Strathcona,493212.4141,5458824.3843
Theft from Vehicle,2017,5,28,22,0,5XX E GEORGIA ST,Strathcona,493199.9508,5458411.6526
Theft from Vehicle,2017,11,3,22,30,5XX E GEORGIA ST,Strathcona,493199.9508,5458411.6526
Theft from Vehicle,2017,6,14,11,21,5XX E HASTINGS ST,Strathcona,493209.1951,5458719.8828
Theft from Vehicle,2017,2,11,18,0,5XX E KENT AVE S,Sunset,493137.6236,5450542.5041
Theft from Vehicle,2017,8,19,16,0,5XX E PENDER ST,Strathcona,493205.6415,5458612.4922
Theft from Vehicle,2017,11,5,20,0,5XX E PENDER ST,Strathcona,493330.7266,5458608.5134
Theft from Vehicle,2017,5,12,7,30,5XX EVANS AVE,Strathcona,493287.7078,5457764.467
Theft from Vehicle,2017,5,14,3,48,5XX EVANS AVE,Strathcona,493287.7078,5457764.467
Theft from Vehicle,2017,5,26,0,30,5XX EVANS AVE,Strathcona,493287.7078,5457764.467
Theft from Vehicle,2017,9,26,0,0,5XX EXPO BLVD,Central Business District,492166.7321,5458434.6645
Theft from Vehicle,2017,11,10,17,0,5XX GLEN DR,Strathcona,494090.1511,5458590.2145
Theft from Vehicle,2017,9,25,18,18,5XX GORE AVE,Strathcona,492921.2409,5458589.9727
Theft from Vehicle,2017,3,31,4,35,5XX GORE AVE,Strathcona,492927.6397,5458623.5918
Theft from Vehicle,2017,9,14,14,50,5XX GRANVILLE ST,Central Business District,491650.0977,5459102.1318
Theft from Vehicle,2017,12,19,16,0,5XX HAMILTON ST,Central Business District,491890.5081,5458790.7041
Theft from Vehicle,2017,10,10,21,15,5XX HAMILTON ST,Central Business District,491905.3737,5458805.7152
Theft from Vehicle,2017,6,16,22,0,5XX HAMILTON ST,Central Business District,491921.4404,5458821.9394
Theft from Vehicle,2017,5,13,19,45,5XX HAMILTON ST,Central Business District,491927.9048,5458815.4717
Theft from Vehicle,2017,3,16,18,0,5XX HAMILTON ST,Central Business District,491932.5281,5458820.1407
Theft from Vehicle,2017,4,15,13,0,5XX HAMILTON ST,Central Business District,491932.5281,5458820.1407
Theft from Vehicle,2017,4,30,1,33,5XX HAMILTON ST,Central Business District,491932.5281,5458820.1407
Theft from Vehicle,2017,5,4,23,33,5XX HAMILTON ST,Central Business District,491932.5281,5458820.1407
Theft from Vehicle,2017,8,31,16,45,5XX HAMILTON ST,Central Business District,491932.5281,5458820.1407
Theft from Vehicle,2017,10,12,20,0,5XX HAMILTON ST,Central Business District,491932.5281,5458820.1407
Theft from Vehicle,2017,11,20,23,0,5XX HAMILTON ST,Central Business District,491932.5281,5458820.1407
Theft from Vehicle,2017,11,4,15,45,5XX HEATLEY AVE,Strathcona,493489.9359,5458608.1906
Theft from Vehicle,2017,1,22,11,30,5XX HOMER ST,Central Business District,491795.2259,5458836.4744
Theft from Vehicle,2017,1,28,15,33,5XX HOMER ST,Central Business District,491862.3738,5458891.7912
Theft from Vehicle,2017,3,24,22,0,5XX HOMER ST,Central Business District,491862.3738,5458891.7912
Theft from Vehicle,2017,4,15,15,15,5XX HOMER ST,Central Business District,491862.3738,5458891.7912
Theft from Vehicle,2017,10,14,18,15,5XX HOMER ST,Central Business District,491862.3738,5458891.7912
Theft from Vehicle,2017,1,5,8,15,5XX HORNBY ST,Central Business District,491418.1713,5459153.337
Theft from Vehicle,2017,3,8,16,0,5XX HORNBY ST,Central Business District,491426.4635,5459175.2425
Theft from Vehicle,2017,4,30,13,0,5XX HORNBY ST,Central Business District,491426.4635,5459175.2425
Theft from Vehicle,2017,5,18,19,0,5XX HORNBY ST,Central Business District,491439.2363,5459188.6025
Theft from Vehicle,2017,1,13,17,30,5XX HORNBY ST,Central Business District,491449.6765,5459186.2905
Theft from Vehicle,2017,2,13,16,13,5XX HORNBY ST,Central Business District,491450.1033,5459186.7369
Theft from Vehicle,2017,7,14,8,0,5XX HORNBY ST,Central Business District,491450.1033,5459186.7369
Theft from Vehicle,2017,8,1,9,0,5XX HORNBY ST,Central Business District,491450.1033,5459186.7369
Theft from Vehicle,2017,8,1,9,20,5XX HORNBY ST,Central Business District,491450.1033,5459186.7369
Theft from Vehicle,2017,8,12,18,44,5XX HORNBY ST,Central Business District,491450.1033,5459186.7369
Theft from Vehicle,2017,8,14,20,0,5XX HORNBY ST,Central Business District,491450.1033,5459186.7369
Theft from Vehicle,2017,8,17,23,30,5XX HORNBY ST,Central Business District,491450.1033,5459186.7369
Theft from Vehicle,2017,9,1,3,46,5XX HORNBY ST,Central Business District,491450.1033,5459186.7369
Theft from Vehicle,2017,9,3,13,0,5XX HORNBY ST,Central Business District,491450.1033,5459186.7369
Theft from Vehicle,2017,9,4,19,0,5XX HORNBY ST,Central Business District,491450.1033,5459186.7369
Theft from Vehicle,2017,11,16,8,30,5XX HORNBY ST,Central Business District,491450.1033,5459186.7369
Theft from Vehicle,2017,11,25,17,10,5XX HORNBY ST,Central Business District,491450.1033,5459186.7369
Theft from Vehicle,2017,11,30,18,30,5XX HORNBY ST,Central Business District,491450.1033,5459186.7369
Theft from Vehicle,2017,11,30,19,0,5XX HORNBY ST,Central Business District,491450.1033,5459186.7369
Theft from Vehicle,2017,12,6,14,0,5XX HORNBY ST,Central Business District,491450.1033,5459186.7369
Theft from Vehicle,2017,12,8,21,0,5XX HORNBY ST,Central Business District,491450.1033,5459186.7369
Theft from Vehicle,2017,12,23,16,0,5XX HORNBY ST,Central Business District,491450.1033,5459186.7369
Theft from Vehicle,2017,12,27,15,0,5XX HORNBY ST,Central Business District,491450.1033,5459186.7369
Theft from Vehicle,2017,12,30,19,0,5XX HORNBY ST,Central Business District,491450.1033,5459186.7369
Theft from Vehicle,2017,12,31,16,0,5XX HORNBY ST,Central Business District,491450.1033,5459186.7369
Theft from Vehicle,2017,2,14,22,0,5XX HORNBY ST,Central Business District,491450.1033,5459186.7369
Theft from Vehicle,2017,3,9,22,57,5XX HORNBY ST,Central Business District,491450.1033,5459186.7369
Theft from Vehicle,2017,4,5,17,0,5XX HORNBY ST,Central Business District,491450.1033,5459186.7369
Theft from Vehicle,2017,4,20,10,58,5XX HORNBY ST,Central Business District,491450.1033,5459186.7369
Theft from Vehicle,2017,4,30,15,30,5XX HORNBY ST,Central Business District,491450.1033,5459186.7369
Theft from Vehicle,2017,5,13,23,45,5XX HORNBY ST,Central Business District,491450.1033,5459186.7369
Theft from Vehicle,2017,7,31,12,0,5XX HORNBY ST,Central Business District,491460.5243,5459210.8692
Theft from Vehicle,2017,1,8,21,0,5XX HORNBY ST,Central Business District,491499.2365,5459238.1291
Theft from Vehicle,2017,2,4,14,31,5XX HORNBY ST,Central Business District,491503.7047,5459242.8033
Theft from Vehicle,2017,2,15,1,23,5XX HORNBY ST,Central Business District,491503.7047,5459242.8033
Theft from Vehicle,2017,6,7,18,0,5XX HORNBY ST,Central Business District,491503.7047,5459242.8033
Theft from Vehicle,2017,6,24,23,0,5XX HORNBY ST,Central Business District,491503.7047,5459242.8033
Theft from Vehicle,2017,8,17,22,0,5XX HORNBY ST,Central Business District,491503.7047,5459242.8033
Theft from Vehicle,2017,11,26,0,30,5XX HORNBY ST,Central Business District,491503.7047,5459242.8033
Theft from Vehicle,2017,11,5,5,0,5XX HOWE ST,Central Business District,491531.6363,5459138.767
Theft from Vehicle,2017,3,30,22,42,5XX HOWE ST,Central Business District,491577.5881,5459171.8223
Theft from Vehicle,2017,6,6,16,3,5XX HOWE ST,Central Business District,491577.5881,5459171.8223
Theft from Vehicle,2017,12,1,17,0,5XX HOWE ST,Central Business District,491577.5881,5459171.8223
Theft from Vehicle,2017,9,21,23,19,5XX INDUSTRIAL AVE,Strathcona,493283.0851,5457349.0052
Theft from Vehicle,2017,11,12,11,1,5XX JACKSON AVE,Strathcona,493206.0627,5458615.5352
Theft from Vehicle,2017,7,23,17,0,5XX KAMLOOPS ST,Hastings-Sunrise,496034.1387,5458608.0114
Theft from Vehicle,2017,12,3,23,30,5XX KEEFER ST,Strathcona,493202.8884,5458511.8726
Theft from Vehicle,2017,3,2,12,0,5XX KINGSWAY AVE,Mount Pleasant,493292.7761,5456088.3955
Theft from Vehicle,2017,3,7,21,0,5XX LILLOOET ST,Hastings-Sunrise,497179.2642,5458500.5148
Theft from Vehicle,2017,5,4,14,30,5XX MAIN ST,Central Business District,492744.0976,5458627.1178
Theft from Vehicle,2017,6,9,22,0,5XX MAIN ST,Strathcona,492753.0698,5458621.1006
Theft from Vehicle,2017,4,22,0,0,5XX MAIN ST,Strathcona,492753.2377,5458626.8509
Theft from Vehicle,2017,5,26,10,46,5XX MAIN ST,Strathcona,492753.2377,5458626.8509
Theft from Vehicle,2017,8,2,17,0,5XX MAIN ST,Strathcona,492753.2377,5458626.8509
Theft from Vehicle,2017,8,13,19,50,5XX MAIN ST,Strathcona,492753.2377,5458626.8509
Theft from Vehicle,2017,8,29,21,0,5XX MAIN ST,Strathcona,492753.2377,5458626.8509
Theft from Vehicle,2017,12,24,1,16,5XX MAIN ST,Strathcona,492753.2377,5458626.8509
Theft from Vehicle,2017,12,29,2,42,5XX MAIN ST,Strathcona,492753.2377,5458626.8509
Theft from Vehicle,2017,10,12,15,53,5XX MCLEAN DR,Grandview-Woodland,494613.7163,5458620.1666
Theft from Vehicle,2017,5,22,3,0,5XX MOBERLY RD,Fairview,491458.8767,5457272.9879
Theft from Vehicle,2017,5,27,0,0,5XX MOBERLY RD,Fairview,491459.1525,5457230.6685
Theft from Vehicle,2017,12,25,5,0,5XX NATIONAL AVE,Strathcona,493268.4723,5457866.6218
Theft from Vehicle,2017,1,21,8,54,5XX NICOLA ST,Central Business District,490635.0094,5459718.0966
Theft from Vehicle,2017,2,15,4,35,5XX NICOLA ST,Central Business District,490693.2479,5459791.9571
Theft from Vehicle,2017,9,1,13,0,5XX NICOLA ST,Central Business District,490693.3456,5459792.0573
Theft from Vehicle,2017,9,15,0,0,5XX NICOLA ST,Central Business District,490693.3456,5459792.0573
Theft from Vehicle,2017,1,20,18,0,5XX NICOLA ST,Central Business District,490721.9528,5459808.3916
Theft from Vehicle,2017,12,8,18,15,5XX NICOLA ST,Central Business District,490721.9528,5459808.3916
Theft from Vehicle,2017,8,8,1,30,5XX PACIFIC ST,Central Business District,490685.8519,5457925.6041
Theft from Vehicle,2017,2,13,9,15,5XX PACIFIC ST,Central Business District,490719.0485,5457893.1741
Theft from Vehicle,2017,7,11,0,58,5XX PACIFIC ST,Central Business District,490719.0485,5457893.1741
Theft from Vehicle,2017,8,22,20,0,5XX PACIFIC ST,Central Business District,490719.0485,5457893.1741
Theft from Vehicle,2017,8,31,9,0,5XX PACIFIC ST,Central Business District,490734.4059,5457906.3501
Theft from Vehicle,2017,8,12,16,0,5XX PENTICTON ST,Hastings-Sunrise,496223.7417,5458607.8884
Theft from Vehicle,2017,7,20,18,30,5XX PIPELINE RD,Stanley Park,490121.6349,5460719.3199
Theft from Vehicle,2017,8,3,11,0,5XX PIPELINE RD,Stanley Park,490121.6349,5460719.3199
Theft from Vehicle,2017,4,14,12,49,5XX POWELL ST,Strathcona,493215.2826,5458924.0208
Theft from Vehicle,2017,4,14,15,21,5XX POWELL ST,Strathcona,493215.2826,5458924.0208
Theft from Vehicle,2017,11,19,10,4,5XX POWELL ST,Strathcona,493215.2826,5458924.0208
Theft from Vehicle,2017,5,16,13,49,5XX POWELL ST,Strathcona,493307.5017,5458930.3726
Theft from Vehicle,2017,9,17,16,9,5XX POWELL ST,Strathcona,493307.5017,5458930.3726
Theft from Vehicle,2017,8,30,20,0,5XX PRIOR ST,Strathcona,493224.2865,5458220.586
Theft from Vehicle,2017,10,31,5,42,5XX RAILWAY ST,Strathcona,493220.4312,5459109.5984
Theft from Vehicle,2017,9,18,2,25,5XX RAYMUR AVE,Strathcona,493967.4758,5458551.6576
Theft from Vehicle,2017,6,18,22,30,5XX RAYMUR AVE,Strathcona,493968.8755,5458555.2861
Theft from Vehicle,2017,9,16,0,0,5XX RENFREW ST,Hastings-Sunrise,496789.309,5458576.9391
Theft from Vehicle,2017,10,29,23,0,5XX RICHARDS ST,Central Business District,491695.3252,5458878.32
Theft from Vehicle,2017,8,30,13,10,5XX RICHARDS ST,Central Business District,491724.3696,5458894.5468
Theft from Vehicle,2017,6,16,18,0,5XX RICHARDS ST,Central Business District,491724.6562,5458907.7992
Theft from Vehicle,2017,8,11,12,30,5XX RICHARDS ST,Central Business District,491724.6562,5458907.7992
Theft from Vehicle,2017,3,6,10,0,5XX RICHARDS ST,Central Business District,491724.6562,5458907.7992
Theft from Vehicle,2017,4,13,9,0,5XX RICHARDS ST,Central Business District,491724.6562,5458907.7992
Theft from Vehicle,2017,5,28,12,16,5XX RICHARDS ST,Central Business District,491724.6562,5458907.7992
Theft from Vehicle,2017,1,7,18,0,5XX RICHARDS ST,Central Business District,491746.54,5458929.7929
Theft from Vehicle,2017,1,8,2,8,5XX RICHARDS ST,Central Business District,491747.2184,5458930.4755
Theft from Vehicle,2017,3,5,16,37,5XX RICHARDS ST,Central Business District,491747.2184,5458930.4755
Theft from Vehicle,2017,3,13,7,0,5XX RICHARDS ST,Central Business District,491747.2184,5458930.4755
Theft from Vehicle,2017,3,19,8,30,5XX RICHARDS ST,Central Business District,491747.2184,5458930.4755
Theft from Vehicle,2017,3,19,12,50,5XX RICHARDS ST,Central Business District,491747.2184,5458930.4755
Theft from Vehicle,2017,4,3,9,30,5XX RICHARDS ST,Central Business District,491747.2184,5458930.4755
Theft from Vehicle,2017,4,4,13,0,5XX RICHARDS ST,Central Business District,491747.2184,5458930.4755
Theft from Vehicle,2017,4,4,16,33,5XX RICHARDS ST,Central Business District,491747.2184,5458930.4755
Theft from Vehicle,2017,4,16,18,30,5XX RICHARDS ST,Central Business District,491747.2184,5458930.4755
Theft from Vehicle,2017,4,22,13,16,5XX RICHARDS ST,Central Business District,491747.2184,5458930.4755
Theft from Vehicle,2017,4,23,16,0,5XX RICHARDS ST,Central Business District,491747.2184,5458930.4755
Theft from Vehicle,2017,4,24,1,9,5XX RICHARDS ST,Central Business District,491747.2184,5458930.4755
Theft from Vehicle,2017,4,24,10,0,5XX RICHARDS ST,Central Business District,491747.2184,5458930.4755
Theft from Vehicle,2017,4,30,11,0,5XX RICHARDS ST,Central Business District,491747.2184,5458930.4755
Theft from Vehicle,2017,4,30,12,0,5XX RICHARDS ST,Central Business District,491747.2184,5458930.4755
Theft from Vehicle,2017,5,8,9,20,5XX RICHARDS ST,Central Business District,491747.2184,5458930.4755
Theft from Vehicle,2017,5,12,12,25,5XX RICHARDS ST,Central Business District,491747.2184,5458930.4755
Theft from Vehicle,2017,7,2,12,23,5XX RICHARDS ST,Central Business District,491747.2184,5458930.4755
Theft from Vehicle,2017,7,30,19,46,5XX RICHARDS ST,Central Business District,491747.2184,5458930.4755
Theft from Vehicle,2017,8,7,13,0,5XX RICHARDS ST,Central Business District,491747.2184,5458930.4755
Theft from Vehicle,2017,8,16,8,40,5XX RICHARDS ST,Central Business District,491747.2184,5458930.4755
Theft from Vehicle,2017,8,16,10,0,5XX RICHARDS ST,Central Business District,491747.2184,5458930.4755
Theft from Vehicle,2017,8,25,19,0,5XX RICHARDS ST,Central Business District,491747.2184,5458930.4755
Theft from Vehicle,2017,9,14,10,0,5XX RICHARDS ST,Central Business District,491747.2184,5458930.4755
Theft from Vehicle,2017,9,23,12,0,5XX RICHARDS ST,Central Business District,491747.2184,5458930.4755
Theft from Vehicle,2017,10,7,9,22,5XX RICHARDS ST,Central Business District,491747.2184,5458930.4755
Theft from Vehicle,2017,10,8,2,22,5XX RICHARDS ST,Central Business District,491747.2184,5458930.4755
Theft from Vehicle,2017,10,14,12,16,5XX RICHARDS ST,Central Business District,491747.2184,5458930.4755
Theft from Vehicle,2017,10,29,13,30,5XX RICHARDS ST,Central Business District,491747.2184,5458930.4755
Theft from Vehicle,2017,11,1,22,3,5XX RICHARDS ST,Central Business District,491747.2184,5458930.4755
Theft from Vehicle,2017,4,12,12,28,5XX RICHARDS ST,Central Business District,491759.8435,5458943.164
Theft from Vehicle,2017,5,27,10,0,5XX RICHARDS ST,Central Business District,491773.218,5458943.6416
Theft from Vehicle,2017,12,13,23,28,5XX RICHARDS ST,Central Business District,491778.2237,5458961.6366
Theft from Vehicle,2017,11,24,9,0,5XX RICHARDS ST,Central Business District,491782.8188,5458966.2547
Theft from Vehicle,2017,2,8,20,0,5XX RICHARDS ST,Central Business District,491793.8958,5458964.4233
Theft from Vehicle,2017,2,28,21,41,5XX RICHARDS ST,Central Business District,491793.8958,5458964.4233
Theft from Vehicle,2017,3,3,16,0,5XX RICHARDS ST,Central Business District,491793.8958,5458964.4233
Theft from Vehicle,2017,3,28,14,38,5XX RICHARDS ST,Central Business District,491793.8958,5458964.4233
Theft from Vehicle,2017,4,1,23,20,5XX RICHARDS ST,Central Business District,491793.8958,5458964.4233
Theft from Vehicle,2017,4,12,14,8,5XX RICHARDS ST,Central Business District,491793.8958,5458964.4233
Theft from Vehicle,2017,5,3,1,55,5XX RICHARDS ST,Central Business District,491793.8958,5458964.4233
Theft from Vehicle,2017,6,10,23,23,5XX RICHARDS ST,Central Business District,491793.8958,5458964.4233
Theft from Vehicle,2017,6,15,7,30,5XX RICHARDS ST,Central Business District,491793.8958,5458964.4233
Theft from Vehicle,2017,6,28,18,3,5XX RICHARDS ST,Central Business District,491793.8958,5458964.4233
Theft from Vehicle,2017,8,3,20,45,5XX RICHARDS ST,Central Business District,491793.8958,5458964.4233
Theft from Vehicle,2017,9,3,20,34,5XX RICHARDS ST,Central Business District,491793.8958,5458964.4233
Theft from Vehicle,2017,9,16,17,34,5XX RICHARDS ST,Central Business District,491793.8958,5458964.4233
Theft from Vehicle,2017,9,17,19,42,5XX RICHARDS ST,Central Business District,491793.8958,5458964.4233
Theft from Vehicle,2017,9,26,19,0,5XX RICHARDS ST,Central Business District,491793.8958,5458964.4233
Theft from Vehicle,2017,10,6,13,0,5XX RICHARDS ST,Central Business District,491793.8958,5458964.4233
Theft from Vehicle,2017,10,11,7,35,5XX RICHARDS ST,Central Business District,491793.8958,5458964.4233
Theft from Vehicle,2017,11,12,9,30,5XX RICHARDS ST,Central Business District,491793.8958,5458964.4233
Theft from Vehicle,2017,11,25,0,30,5XX RICHARDS ST,Central Business District,491793.8958,5458964.4233
Theft from Vehicle,2017,12,3,3,40,5XX RICHARDS ST,Central Business District,491793.8958,5458964.4233
Theft from Vehicle,2017,12,14,7,34,5XX RICHARDS ST,Central Business District,491793.8958,5458964.4233
Theft from Vehicle,2017,12,22,13,0,5XX RICHARDS ST,Central Business District,491793.8958,5458964.4233
Theft from Vehicle,2017,5,4,17,17,5XX ROBSON ST,Central Business District,491362.8063,5458660.3602
Theft from Vehicle,2017,8,29,20,30,5XX ROBSON ST,Central Business District,491362.8063,5458660.3602
Theft from Vehicle,2017,2,15,15,45,5XX ROBSON ST,Central Business District,491392.6143,5458643.1525
Theft from Vehicle,2017,3,4,23,0,5XX SALSBURY DR,Grandview-Woodland,495034.9451,5458526.3105
Theft from Vehicle,2017,2,6,0,0,5XX SALSBURY DR,Grandview-Woodland,495036.2121,5458612.6216
Theft from Vehicle,2017,12,15,18,0,5XX SE MARINE DR,Sunset,493193.7752,5450909.9653
Theft from Vehicle,2017,10,25,17,50,5XX SEYMOUR ST,Central Business District,491656.1246,5458976.4335
Theft from Vehicle,2017,11,7,17,10,5XX SEYMOUR ST,Central Business District,491656.1246,5458976.4335
Theft from Vehicle,2017,11,7,17,30,5XX SEYMOUR ST,Central Business District,491656.1246,5458976.4335
Theft from Vehicle,2017,11,27,21,16,5XX SEYMOUR ST,Central Business District,491656.1246,5458976.4335
Theft from Vehicle,2017,1,4,5,50,5XX SEYMOUR ST,Central Business District,491656.1246,5458976.4335
Theft from Vehicle,2017,2,12,7,45,5XX SEYMOUR ST,Central Business District,491656.1246,5458976.4335
Theft from Vehicle,2017,11,10,17,0,5XX SEYMOUR ST,Central Business District,491690.78,5458998.361
Theft from Vehicle,2017,9,14,22,0,5XX SEYMOUR ST,Central Business District,491706.1957,5459013.8882
Theft from Vehicle,2017,2,7,21,0,5XX SEYMOUR ST,Central Business District,491723.8136,5459031.6335
Theft from Vehicle,2017,3,16,18,51,5XX SEYMOUR ST,Central Business District,491723.8136,5459031.6335
Theft from Vehicle,2017,3,28,8,30,5XX SEYMOUR ST,Central Business District,491723.8136,5459031.6335
Theft from Vehicle,2017,5,22,16,0,5XX SEYMOUR ST,Central Business District,491723.8136,5459031.6335
Theft from Vehicle,2017,9,28,13,0,5XX SEYMOUR ST,Central Business District,491723.8136,5459031.6335
Theft from Vehicle,2017,11,8,16,0,5XX SEYMOUR ST,Central Business District,491723.8136,5459031.6335
Theft from Vehicle,2017,11,15,0,30,5XX SEYMOUR ST,Central Business District,491723.8136,5459031.6335
Theft from Vehicle,2017,2,8,23,0,5XX SHANGHAI ALLY,Central Business District,492370.6219,5458652.3465
Theft from Vehicle,2017,8,21,22,8,5XX SHANGHAI ALLY,Central Business District,492370.6219,5458652.3465
Theft from Vehicle,2017,3,24,18,30,5XX SLOCAN ST,Hastings-Sunrise,496416.2368,5458606.7064
Theft from Vehicle,2017,5,16,11,52,5XX SMITHE ST,Central Business District,491269.0649,5458530.4366
Theft from Vehicle,2017,12,4,19,20,5XX SMITHE ST,Central Business District,491269.0649,5458530.4366
Theft from Vehicle,2017,5,23,23,30,5XX SMITHE ST,Central Business District,491289.7491,5458510.1763
Theft from Vehicle,2017,10,8,15,45,5XX SMITHE ST,Central Business District,491289.7491,5458510.1763
Theft from Vehicle,2017,11,8,13,0,5XX SMITHE ST,Central Business District,491291.0699,5458508.8825
Theft from Vehicle,2017,3,24,12,0,5XX SMITHE ST,Central Business District,491305.8042,5458481.6496
Theft from Vehicle,2017,7,12,0,3,5XX SMITHE ST,Central Business District,491305.8042,5458481.6496
Theft from Vehicle,2017,8,16,13,0,5XX STANLEY PARK DR,Stanley Park,490398.5472,5460519.5092
Theft from Vehicle,2017,12,5,19,30,5XX SW MARINE DR,Marpole,491462.1071,5450804.8615
Theft from Vehicle,2017,10,8,21,30,5XX TAYLOR ST,Central Business District,492296.4369,5458598.0329
Theft from Vehicle,2017,7,21,18,0,5XX TAYLOR ST,Central Business District,492305.2617,5458595.6378
Theft from Vehicle,2017,7,24,4,58,5XX TAYLOR ST,Central Business District,492305.2617,5458595.6378
Theft from Vehicle,2017,8,25,17,8,5XX TAYLOR ST,Central Business District,492305.2617,5458595.6378
Theft from Vehicle,2017,1,8,1,41,5XX TAYLOR ST,Central Business District,492323.8521,5458663.831
Theft from Vehicle,2017,2,11,23,0,5XX TAYLOR ST,Central Business District,492323.8521,5458663.831
Theft from Vehicle,2017,4,8,8,45,5XX TAYLOR ST,Central Business District,492323.8521,5458663.831
Theft from Vehicle,2017,4,21,2,52,5XX TAYLOR ST,Central Business District,492323.8521,5458663.831
Theft from Vehicle,2017,6,11,19,51,5XX TAYLOR ST,Central Business District,492323.8521,5458663.831
Theft from Vehicle,2017,7,29,22,43,5XX TAYLOR ST,Central Business District,492323.8521,5458663.831
Theft from Vehicle,2017,8,12,12,40,5XX TAYLOR ST,Central Business District,492323.8521,5458663.831
Theft from Vehicle,2017,9,2,11,0,5XX TAYLOR ST,Central Business District,492323.8521,5458663.831
Theft from Vehicle,2017,9,3,19,0,5XX TAYLOR ST,Central Business District,492323.8521,5458663.831
Theft from Vehicle,2017,9,26,0,0,5XX TAYLOR ST,Central Business District,492323.8521,5458663.831
Theft from Vehicle,2017,10,17,11,0,5XX TAYLOR ST,Central Business District,492323.8521,5458663.831
Theft from Vehicle,2017,10,24,22,30,5XX TAYLOR ST,Central Business District,492323.8521,5458663.831
Theft from Vehicle,2017,11,9,21,0,5XX TAYLOR ST,Central Business District,492323.8521,5458663.831
Theft from Vehicle,2017,11,18,13,43,5XX TAYLOR ST,Central Business District,492323.8521,5458663.831
Theft from Vehicle,2017,5,8,21,0,5XX TEMPLETON DR,Grandview-Woodland,495656.8045,5458608.6177
Theft from Vehicle,2017,1,6,15,45,5XX TERMINAL AVE,Strathcona,493299.3816,5457625.003
Theft from Vehicle,2017,3,24,4,48,5XX TERMINAL AVE,Strathcona,493299.3816,5457625.003
Theft from Vehicle,2017,3,16,8,45,5XX THURLOW ST,Central Business District,491193.1578,5459366.9044
Theft from Vehicle,2017,5,16,7,0,5XX THURLOW ST,Central Business District,491193.1578,5459366.9044
Theft from Vehicle,2017,7,15,22,40,5XX THURLOW ST,Central Business District,491244.1722,5459418.4915
Theft from Vehicle,2017,7,29,4,39,5XX THURLOW ST,Central Business District,491244.1722,5459418.4915
Theft from Vehicle,2017,8,7,7,0,5XX THURLOW ST,Central Business District,491244.1722,5459418.4915
Theft from Vehicle,2017,11,2,8,30,5XX THURLOW ST,Central Business District,491244.1722,5459418.4915
Theft from Vehicle,2017,3,2,17,0,5XX UNION ST,Strathcona,493196.8622,5458310.9241
Theft from Vehicle,2017,4,4,21,30,5XX UNION ST,Strathcona,493196.8622,5458310.9241
Theft from Vehicle,2017,4,23,19,0,5XX UNION ST,Strathcona,493213.1182,5458310.3386
Theft from Vehicle,2017,11,2,19,30,5XX UNION ST,Strathcona,493213.1182,5458310.3386
Theft from Vehicle,2017,5,4,21,30,5XX UNION ST,Strathcona,493240.5406,5458318.5008
Theft from Vehicle,2017,12,4,4,30,5XX UNION ST,Strathcona,493289.3086,5458316.7442
Theft from Vehicle,2017,12,21,22,0,5XX W 10TH AVE,Fairview,491551.5003,5456621.5077
Theft from Vehicle,2017,4,14,22,0,5XX W 10TH AVE,Fairview,491631.8984,5456610.3811
Theft from Vehicle,2017,7,6,14,15,5XX W 10TH AVE,Fairview,491631.8984,5456610.3811
Theft from Vehicle,2017,7,17,19,0,5XX W 10TH AVE,Fairview,491631.8984,5456610.3811
Theft from Vehicle,2017,12,15,16,0,5XX W 12TH AVE,Fairview,491464.2222,5456409.9034
Theft from Vehicle,2017,1,24,6,15,5XX W 12TH AVE,Fairview,491525.979,5456417.3884
Theft from Vehicle,2017,8,6,11,0,5XX W 12TH AVE,Fairview,491525.979,5456417.3884
Theft from Vehicle,2017,9,18,9,20,5XX W 12TH AVE,Fairview,491525.979,5456417.3884
Theft from Vehicle,2017,4,27,18,0,5XX W 12TH AVE,Fairview,491622.6987,5456405.6432
Theft from Vehicle,2017,8,27,16,0,5XX W 14TH AVE,Fairview,491629.1092,5456220.9741
Theft from Vehicle,2017,4,20,13,0,5XX W 16TH AVE,Fairview,491464.9581,5456030.0553
Theft from Vehicle,2017,11,20,16,0,5XX W 16TH AVE,Fairview,491483.5903,5456029.7116
Theft from Vehicle,2017,11,20,18,0,5XX W 16TH AVE,Fairview,491554.3927,5456028.4055
Theft from Vehicle,2017,4,2,15,0,5XX W 17TH AVE,South Cambie,491424.8444,5455923.8973
Theft from Vehicle,2017,2,16,14,30,5XX W 17TH AVE,South Cambie,491535.335,5455929.7076
Theft from Vehicle,2017,8,3,18,0,5XX W 17TH AVE,South Cambie,491620.3061,5455902.6824
Theft from Vehicle,2017,10,8,3,30,5XX W 17TH AVE,South Cambie,491620.3061,5455902.6824
Theft from Vehicle,2017,4,1,16,30,5XX W 18TH AVE,South Cambie,491491.1258,5455826.4528
Theft from Vehicle,2017,8,30,23,0,5XX W 18TH AVE,South Cambie,491616.3821,5455795.7609
Theft from Vehicle,2017,11,18,22,0,5XX W 22ND AVE,South Cambie,491471.5085,5455428.8888
Theft from Vehicle,2017,10,9,14,0,5XX W 22ND AVE,South Cambie,491508.7647,5455427.7298
Theft from Vehicle,2017,8,13,22,0,5XX W 24TH AVE,South Cambie,491408.579,5455253.3298
Theft from Vehicle,2017,8,26,22,0,5XX W 24TH AVE,South Cambie,491408.579,5455253.3298
Theft from Vehicle,2017,8,13,22,0,5XX W 24TH AVE,South Cambie,491603.5587,5455260.0101
Theft from Vehicle,2017,4,1,19,0,5XX W 26TH AVE,South Cambie,491511.5764,5455023.3648
Theft from Vehicle,2017,12,14,20,0,5XX W 28TH AVE,South Cambie,491478.7253,5454820.2156
Theft from Vehicle,2017,6,26,20,0,5XX W 29TH AVE,South Cambie,491389.9518,5454729.2913
Theft from Vehicle,2017,9,4,15,30,5XX W 29TH AVE,South Cambie,491513.7659,5454723.9252
Theft from Vehicle,2017,11,13,21,30,5XX W 29TH AVE,South Cambie,491567.8795,5454712.4272
Theft from Vehicle,2017,1,14,15,15,5XX W 30TH AVE,South Cambie,491413.6738,5454606.15
Theft from Vehicle,2017,2,17,4,30,5XX W 30TH AVE,South Cambie,491443.9621,5454563.5783
Theft from Vehicle,2017,12,12,20,0,5XX W 30TH AVE,South Cambie,491453.4926,5454567.0339
Theft from Vehicle,2017,6,26,23,0,5XX W 39TH AVE,South Cambie,491507.2216,5453637.0941
Theft from Vehicle,2017,12,10,23,0,5XX W 61ST AVE,Marpole,491439.5658,5451360.9142
Theft from Vehicle,2017,6,29,19,0,5XX W 62ND AVE,Marpole,491369.2625,5451274.6366
Theft from Vehicle,2017,7,21,10,30,5XX W 62ND AVE,Marpole,491383.4701,5451264.8821
Theft from Vehicle,2017,9,10,20,0,5XX W 62ND AVE,Marpole,491414.7449,5451263.5562
Theft from Vehicle,2017,9,13,22,0,5XX W 64TH AVE,Marpole,491463.4487,5451060.4796
Theft from Vehicle,2017,2,10,0,0,5XX W 7TH AVE,Fairview,491481.8525,5456927.2754
Theft from Vehicle,2017,9,18,18,0,5XX W 7TH AVE,Fairview,491569.2273,5456915.778
Theft from Vehicle,2017,5,7,10,0,5XX W 7TH AVE,Fairview,491641.7764,5456913.8257
Theft from Vehicle,2017,8,8,0,0,5XX W 8TH AVE,Fairview,491502.7954,5456833.2884
Theft from Vehicle,2017,12,12,9,45,5XX W 8TH AVE,Fairview,491502.7954,5456833.2884
Theft from Vehicle,2017,2,16,18,0,5XX W 8TH AVE,Fairview,491539.6363,5456832.06
Theft from Vehicle,2017,10,9,16,0,5XX W 8TH AVE,Fairview,491594.8976,5456830.2174
Theft from Vehicle,2017,7,13,15,30,5XX W 8TH AVE,Fairview,491639.0932,5456813.8108
Theft from Vehicle,2017,1,21,21,0,5XX W BROADWAY AVE,Fairview,491513.1138,5456721.1281
Theft from Vehicle,2017,3,29,21,6,5XX W BROADWAY AVE,Fairview,491542.0901,5456720.3609
Theft from Vehicle,2017,4,27,19,18,5XX W BROADWAY AVE,Fairview,491542.0901,5456720.3609
Theft from Vehicle,2017,5,8,16,50,5XX W BROADWAY AVE,Fairview,491542.0901,5456720.3609
Theft from Vehicle,2017,7,7,22,0,5XX W BROADWAY AVE,Fairview,491542.0901,5456720.3609
Theft from Vehicle,2017,9,16,11,0,5XX W BROADWAY AVE,Fairview,491542.0901,5456720.3609
Theft from Vehicle,2017,1,11,13,0,5XX W BROADWAY AVE,Fairview,491567.6864,5456728.8304
Theft from Vehicle,2017,11,3,17,33,5XX W BROADWAY AVE,Fairview,491574.6885,5456719.4977
Theft from Vehicle,2017,12,10,13,0,5XX W CORDOVA ST,Central Business District,491899.5883,5459153.0933
Theft from Vehicle,2017,8,7,22,0,5XX W CORDOVA ST,Central Business District,491928.1702,5459111.0132
Theft from Vehicle,2017,8,18,6,43,5XX W CORDOVA ST,Central Business District,491928.1702,5459111.0132
Theft from Vehicle,2017,8,31,21,40,5XX W CORDOVA ST,Central Business District,491928.1702,5459111.0132
Theft from Vehicle,2017,9,28,14,0,5XX W CORDOVA ST,Central Business District,491928.1702,5459111.0132
Theft from Vehicle,2017,11,3,20,30,5XX W GEORGIA ST,Central Business District,491483.7988,5458782.7946
Theft from Vehicle,2017,2,3,3,16,5XX W GEORGIA ST,Central Business District,491507.7705,5458771.905
Theft from Vehicle,2017,11,17,9,0,5XX W GEORGIA ST,Central Business District,491545.1308,5458721.9848
Theft from Vehicle,2017,9,3,23,0,5XX W HASTINGS ST,Central Business District,491823.1081,5459070.583
Theft from Vehicle,2017,4,3,10,40,5XX W HASTINGS ST,Central Business District,491826.9425,5459079.6858
Theft from Vehicle,2017,4,5,11,30,5XX W HASTINGS ST,Central Business District,491826.9425,5459079.6858
Theft from Vehicle,2017,6,6,23,35,5XX W HASTINGS ST,Central Business District,491826.9425,5459079.6858
Theft from Vehicle,2017,8,15,19,32,5XX W HASTINGS ST,Central Business District,491826.9425,5459079.6858
Theft from Vehicle,2017,8,15,20,44,5XX W HASTINGS ST,Central Business District,491826.9425,5459079.6858
Theft from Vehicle,2017,8,24,15,18,5XX W HASTINGS ST,Central Business District,491826.9425,5459079.6858
Theft from Vehicle,2017,12,12,21,0,5XX W HASTINGS ST,Central Business District,491826.9425,5459079.6858
Theft from Vehicle,2017,11,26,16,15,5XX W HASTINGS ST,Central Business District,491853.3244,5459053.2482
Theft from Vehicle,2017,4,4,8,30,5XX W HASTINGS ST,Central Business District,491856.0854,5459037.536
Theft from Vehicle,2017,12,10,22,50,5XX W PENDER ST,Central Business District,491775.7255,5458977.7738
Theft from Vehicle,2017,1,31,8,5,5XX W PENDER ST,Central Business District,491783.3954,5458983.0894
Theft from Vehicle,2017,1,31,11,0,5XX W PENDER ST,Central Business District,491783.3954,5458983.0894
Theft from Vehicle,2017,9,12,9,30,5XX W PENDER ST,Central Business District,491783.3954,5458983.0894
Theft from Vehicle,2017,9,12,11,0,5XX W PENDER ST,Central Business District,491783.3954,5458983.0894
Theft from Vehicle,2017,6,17,21,0,5XX WHEELHOUSE SQ,Fairview,491562.3064,5457383.5077
Theft from Vehicle,2017,8,31,20,0,5XX WINDERMERE ST,Hastings-Sunrise,497371.2048,5458523.9715
Theft from Vehicle,2017,9,18,20,0,5XX WOODLAND DR,Grandview-Woodland,494719.6624,5458606.2266
Theft from Vehicle,2017,9,1,19,0,60XX BEATRICE ST,Victoria-Fraserview,495117.7784,5452950.1411
Theft from Vehicle,2017,5,19,23,35,60XX BEATRICE ST,Victoria-Fraserview,495126.3484,5452913.5961
Theft from Vehicle,2017,10,21,15,0,60XX BEATRICE ST,Victoria-Fraserview,495127.2714,5452972.2423
Theft from Vehicle,2017,7,30,22,0,60XX CARTIER ST,Oakridge,489941.3775,5453170.6989
Theft from Vehicle,2017,6,4,16,30,60XX CYPRESS ST,Kerrisdale,489132.0193,5453178.5653
Theft from Vehicle,2017,6,24,19,0,60XX CYPRESS ST,Kerrisdale,489132.0193,5453178.5653
Theft from Vehicle,2017,9,9,4,15,60XX CYPRESS ST,Kerrisdale,489132.745,5453207.2115
Theft from Vehicle,2017,12,25,1,40,60XX CYPRESS ST,Kerrisdale,489132.745,5453207.2115
Theft from Vehicle,2017,9,27,22,30,60XX EAST BLVD,Kerrisdale,488712.9521,5453238.0561
Theft from Vehicle,2017,6,6,11,36,60XX FRASER ST,Sunset,493399.0459,5453002.0438
Theft from Vehicle,2017,8,3,6,28,60XX GRANVILLE ST,Oakridge,489836.9357,5453119.57
Theft from Vehicle,2017,1,1,1,30,60XX HOLLAND ST,Kerrisdale,485997.4569,5453205.8163
Theft from Vehicle,2017,12,14,0,0,60XX KNIGHT ST,Sunset,494379.3547,5452965.6792
Theft from Vehicle,2017,2,17,17,0,60XX LAUREL ST,Oakridge,490908.1773,5453147.4983
Theft from Vehicle,2017,4,5,21,0,60XX LAUREL ST,Oakridge,490922.8963,5453060.8753
Theft from Vehicle,2017,2,1,18,0,60XX NANAIMO ST,Victoria-Fraserview,495694.2726,5452952.6564
Theft from Vehicle,2017,11,7,21,30,60XX NANAIMO ST,Victoria-Fraserview,495694.2726,5452952.6564
Theft from Vehicle,2017,12,8,22,0,60XX PRINCE EDWARD ST,Sunset,492916.7184,5453012.1073
Theft from Vehicle,2017,12,9,10,0,60XX PRINCE EDWARD ST,Sunset,492917.544,5453041.4494
Theft from Vehicle,2017,8,6,21,30,60XX SELKIRK ST,Oakridge,490279.6409,5453119.0734
Theft from Vehicle,2017,8,7,22,30,60XX TISDALL ST,Oakridge,491131.3995,5453125.4857
Theft from Vehicle,2017,8,22,23,30,60XX TISDALL ST,Oakridge,491147.2951,5453055.7361
Theft from Vehicle,2017,12,15,18,0,60XX TISDALL ST,Oakridge,491147.2951,5453055.7361
Theft from Vehicle,2017,9,6,20,0,60XX WILTSHIRE ST,Kerrisdale,489334.2665,5453133.11
Theft from Vehicle,2017,8,17,19,30,60XX WILTSHIRE ST,Kerrisdale,489336.3008,5453206.9506
Theft from Vehicle,2017,8,15,11,0,61XX ADERA ST,Kerrisdale,489561.0973,5453103.2868
Theft from Vehicle,2017,4,25,23,30,61XX ARLINGTON ST,Killarney,497982.333,5452835.5681
Theft from Vehicle,2017,7,15,22,0,61XX ASH ST,Oakridge,491412.995,5452922.1493
Theft from Vehicle,2017,8,28,15,6,61XX ASH ST,Oakridge,491413.1327,5452927.1906
Theft from Vehicle,2017,4,2,12,30,61XX ASH ST,Oakridge,491413.4327,5452938.1741
Theft from Vehicle,2017,11,5,17,0,61XX ASH ST,Oakridge,491413.4327,5452938.1741
Theft from Vehicle,2017,8,19,19,0,61XX BALSAM ST,Kerrisdale,488247.3775,5453141.2976
Theft from Vehicle,2017,10,21,22,0,61XX BEATRICE ST,Victoria-Fraserview,495124.5978,5452802.3706
Theft from Vehicle,2017,12,11,12,52,61XX BOUNDARY RD,Killarney,498283.6652,5452875.0057
Theft from Vehicle,2017,12,24,21,30,61XX BROOKS ST,Killarney,497444.4281,5452775.5542
Theft from Vehicle,2017,9,12,23,0,61XX BROOKS ST,Killarney,497453.4177,5452770.9476
Theft from Vehicle,2017,1,7,4,45,61XX BRUCE ST,Victoria-Fraserview,494919.994,5452783.8687
Theft from Vehicle,2017,4,6,20,0,61XX CHESTER ST,Sunset,493503.2836,5452920.9827
Theft from Vehicle,2017,12,24,22,0,61XX CHURCHILL ST,Kerrisdale,489690.0149,5453041.2578
Theft from Vehicle,2017,11,22,0,30,61XX COMMERCIAL ST,Victoria-Fraserview,495019.4931,5452814.7316
Theft from Vehicle,2017,1,16,19,0,61XX FRASER ST,Sunset,493403.6237,5452864.7441
Theft from Vehicle,2017,7,30,21,0,61XX FREMLIN ST,Oakridge,490766.3279,5453040.0456
Theft from Vehicle,2017,9,7,19,30,61XX FREMLIN ST,Oakridge,490775.8013,5453049.7151
Theft from Vehicle,2017,7,25,23,0,61XX GLENDALOUGH PL,Dunbar-Southlands,486865.9421,5453120.9565
Theft from Vehicle,2017,7,25,23,30,61XX GLENDALOUGH PL,Dunbar-Southlands,486866.0464,5453101.075
Theft from Vehicle,2017,10,11,22,0,61XX GLENDALOUGH PL,Dunbar-Southlands,486866.0464,5453101.075
Theft from Vehicle,2017,7,25,20,0,61XX HIGHBURY ST,Kerrisdale,486290.8807,5453120.2327
Theft from Vehicle,2017,11,9,17,0,61XX LARCH ST,Kerrisdale,488145.2675,5453145.3029
Theft from Vehicle,2017,6,16,5,0,61XX MACKENZIE ST,Kerrisdale,487596.6524,5453134.8454
Theft from Vehicle,2017,12,22,0,0,61XX MAIN ST,Sunset,492613.4916,5452924.0208
Theft from Vehicle,2017,3,24,17,5,61XX OAK ST,Oakridge,490669.748,5453052.9842
Theft from Vehicle,2017,3,20,10,0,61XX PRINCE EDWARD ST,Sunset,492914.9717,5452949.944
Theft from Vehicle,2017,7,1,7,15,61XX ROSS ST,Sunset,493986.4585,5452879.3927
Theft from Vehicle,2017,9,26,20,0,61XX RUPERT ST,Killarney,496975.8651,5452757.5871
Theft from Vehicle,2017,11,13,2,12,61XX ST CATHERINES ST,Sunset,493703.2757,5452875.9199
Theft from Vehicle,2017,9,14,16,30,61XX VICTORIA DR,Victoria-Fraserview,495216.6055,5452816.8229
Theft from Vehicle,2017,6,15,17,0,62XX BLENHEIM ST,Kerrisdale,486993.721,5452997.0162
Theft from Vehicle,2017,9,1,12,0,62XX DOMAN ST,Killarney,497346.8867,5452766.4343
Theft from Vehicle,2017,12,25,17,0,62XX DUNBAR ST,Kerrisdale,486508.9924,5453105.4695
Theft from Vehicle,2017,9,4,20,0,62XX ELM ST,Kerrisdale,488028.554,5453016.5304
Theft from Vehicle,2017,1,17,22,59,62XX FRASER ST,Sunset,493402.6466,5452833.1762
Theft from Vehicle,2017,7,12,21,45,62XX FREMLIN ST,Oakridge,490772.0747,5452936.2123
Theft from Vehicle,2017,11,30,20,30,62XX GLADSTONE ST,Victoria-Fraserview,495469.3975,5452761.8064
Theft from Vehicle,2017,9,21,19,30,62XX KILLARNEY ST,Killarney,496685.4886,5452640.7295
Theft from Vehicle,2017,7,18,16,0,62XX KINGS LYNN ST,Killarney,498111.6864,5452777.7062
Theft from Vehicle,2017,9,28,15,30,62XX KIRKLAND ST,Killarney,498203.6894,5452808.3855
Theft from Vehicle,2017,12,2,2,0,62XX MAIN ST,Sunset,492612.9557,5452826.5875
Theft from Vehicle,2017,10,19,20,0,62XX WEST BLVD,Kerrisdale,488655.1533,5453021.9372
Theft from Vehicle,2017,11,29,0,1,63XX ARLINGTON ST,Killarney,497974.4578,5452584.4719
Theft from Vehicle,2017,9,15,23,30,63XX ASH ST,Oakridge,491410.9474,5452847.1681
Theft from Vehicle,2017,9,10,10,30,63XX BRUCE ST,Victoria-Fraserview,494917.0785,5452673.7022
Theft from Vehicle,2017,3,25,13,0,63XX BUTLER ST,Killarney,497552.4817,5452621.5491
Theft from Vehicle,2017,11,13,2,28,63XX CHESTER ST,Sunset,493489.6365,5452705.8852
Theft from Vehicle,2017,9,30,17,0,63XX CHESTER ST,Sunset,493499.2316,5452728.0437
Theft from Vehicle,2017,2,26,21,0,63XX DOMAN ST,Killarney,497340.989,5452580.3837
Theft from Vehicle,2017,6,18,20,0,63XX FRASER ST,Sunset,493391.4672,5452728.8443
Theft from Vehicle,2017,6,28,13,30,63XX FRASER ST,Sunset,493400.6762,5452732.2482
Theft from Vehicle,2017,8,3,23,0,63XX FREMLIN ST,Oakridge,490761.5932,5452759.5973
Theft from Vehicle,2017,12,19,3,0,63XX FRONTENAC ST,Killarney,498111.9012,5452620.7587
Theft from Vehicle,2017,9,3,1,30,63XX LANARK ST,Victoria-Fraserview,494481.1511,5452707.7485
Theft from Vehicle,2017,11,22,17,50,63XX LARCH ST,Kerrisdale,488128.5862,5452874.4567
Theft from Vehicle,2017,12,27,21,0,63XX LARCH ST,Kerrisdale,488137.7273,5452874.2257
Theft from Vehicle,2017,7,13,17,0,63XX MACDONALD ST,Kerrisdale,487813.4272,5452953.6069
Theft from Vehicle,2017,4,26,13,12,63XX MAIN ST,Sunset,492612.9469,5452756.6876
Theft from Vehicle,2017,4,21,14,0,63XX MARGUERITE ST,Kerrisdale,489453.909,5452901.4654
Theft from Vehicle,2017,6,15,20,0,63XX MCCLEERY ST,Kerrisdale,487696.2346,5452951.367
Theft from Vehicle,2017,2,25,18,0,63XX MCKINNON ST,Killarney,497185.844,5452685.8064
Theft from Vehicle,2017,8,21,22,30,63XX NANAIMO ST,Victoria-Fraserview,495702.0973,5452698.2528
Theft from Vehicle,2017,9,9,18,0,63XX PRINCE ALBERT ST,Sunset,493600.0861,5452725.9744
Theft from Vehicle,2017,2,1,16,0,63XX QUEBEC ST,Sunset,492451.3517,5452761.2868
Theft from Vehicle,2017,12,6,6,26,63XX QUEBEC ST,Sunset,492451.3517,5452761.2868
Theft from Vehicle,2017,8,6,5,0,63XX ROSS ST,Sunset,494005.5216,5452695.1282
Theft from Vehicle,2017,6,27,10,0,63XX ST CATHERINES ST,Sunset,493690.7056,5452673.4528
Theft from Vehicle,2017,9,19,16,15,63XX VICTORIA DR,Victoria-Fraserview,495211.8562,5452633.1223
Theft from Vehicle,2017,7,10,15,0,63XX WINDSOR ST,Sunset,493801.2153,5452715.7592
Theft from Vehicle,2017,7,22,19,0,63XX WINDSOR ST,Sunset,493801.2153,5452715.7592
Theft from Vehicle,2017,3,3,20,0,64XX ARGYLE ST,Victoria-Fraserview,494772.3885,5452585.1007
Theft from Vehicle,2017,12,20,0,31,64XX BEATRICE ST,Victoria-Fraserview,495120.033,5452524.5613
Theft from Vehicle,2017,10,24,20,0,64XX BRUCE ST,Victoria-Fraserview,494914.7647,5452586.6308
Theft from Vehicle,2017,4,2,21,0,64XX CHESTER ST,Sunset,493486.5722,5452554.7517
Theft from Vehicle,2017,10,1,18,30,64XX COMMERCIAL ST,Victoria-Fraserview,495024.3988,5452585.5711
Theft from Vehicle,2017,12,31,1,20,64XX ELGIN ST,Sunset,493889.3827,5452545.0255
Theft from Vehicle,2017,4,27,9,0,64XX FRASER ST,Sunset,493389.8988,5452633.7175
Theft from Vehicle,2017,8,6,0,25,64XX FRASER ST,Sunset,493399.0701,5452629.1558
Theft from Vehicle,2017,11,5,18,0,64XX MACDONALD ST,Kerrisdale,487813.9534,5452783.7521
Theft from Vehicle,2017,10,16,7,30,64XX MACKENZIE PL,Kerrisdale,487611.2375,5452869.4365
Theft from Vehicle,2017,2,17,20,59,64XX MCKINNON ST,Killarney,497179.0149,5452519.0285
Theft from Vehicle,2017,12,12,18,0,64XX ONTARIO ST,Sunset,492296.2928,5452662.2214
Theft from Vehicle,2017,12,12,18,0,64XX ONTARIO ST,Sunset,492296.3424,5452664.4443
Theft from Vehicle,2017,12,7,22,30,64XX PRINCE EDWARD ST,Sunset,492895.9715,5452572.4102
Theft from Vehicle,2017,8,8,21,0,64XX QUEBEC ST,Sunset,492447.9674,5452617.9394
Theft from Vehicle,2017,8,8,7,59,64XX QUEBEC ST,Sunset,492448.9256,5452658.7459
Theft from Vehicle,2017,1,27,20,0,64XX WINDSOR ST,Sunset,493798.4279,5452566.6255
Theft from Vehicle,2017,6,10,22,0,65XX BALSAM ST,Kerrisdale,488259.9604,5452690.9208
Theft from Vehicle,2017,11,11,21,0,65XX BROOKS ST,Killarney,497432.1465,5452387.2225
Theft from Vehicle,2017,5,21,18,0,65XX BROOKS ST,Killarney,497442.3015,5452424.9438
Theft from Vehicle,2017,10,4,15,0,65XX CAMBIE ST,Oakridge,491530.7462,5452591.0198
Theft from Vehicle,2017,10,21,0,0,65XX CLARENDON ST,Victoria-Fraserview,495903.665,5452341.6111
Theft from Vehicle,2017,10,11,22,0,65XX FLEMING ST,Victoria-Fraserview,494677.5266,5452498.0648
Theft from Vehicle,2017,9,27,7,30,65XX FRASER ST,Sunset,493396.8276,5452478.8037
Theft from Vehicle,2017,3,28,15,0,65XX GLADSTONE ST,Victoria-Fraserview,495462.6842,5452374.8863
Theft from Vehicle,2017,8,22,22,0,65XX HUDSON ST,Oakridge,490168.1753,5452675.0272
Theft from Vehicle,2017,9,28,0,0,65XX LANARK ST,Victoria-Fraserview,494474.5171,5452423.4861
Theft from Vehicle,2017,7,12,17,0,65XX LIME ST,Kerrisdale,488515.9864,5452694.3374
Theft from Vehicle,2017,7,28,15,30,65XX LIME ST,Kerrisdale,488515.9864,5452694.3374
Theft from Vehicle,2017,7,18,3,7,65XX LIME ST,Kerrisdale,488526.2493,5452722.6136
Theft from Vehicle,2017,7,13,20,38,65XX MAIN ST,Sunset,492603.9987,5452542.4503
Theft from Vehicle,2017,11,7,21,0,65XX NANAIMO ST,Victoria-Fraserview,495695.8288,5452361.0591
Theft from Vehicle,2017,11,26,17,0,65XX PRINCE ALBERT ST,Sunset,493595.6715,5452517.3364
Theft from Vehicle,2017,8,16,0,0,65XX RALEIGH ST,Killarney,496566.7733,5452440.5176
Theft from Vehicle,2017,10,2,0,0,65XX TYNE ST,Killarney,497644.0785,5452335.8569
Theft from Vehicle,2017,6,23,22,0,65XX WILTSHIRE ST,Kerrisdale,489329.784,5452632.8281
Theft from Vehicle,2017,10,18,21,0,66XX ANGUS DR,Kerrisdale,489228.7537,5452559.4732
Theft from Vehicle,2017,5,6,14,0,66XX ARLINGTON ST,Killarney,497896.1497,5452207.5744
Theft from Vehicle,2017,9,15,1,0,66XX ASH ST,Oakridge,491401.9503,5452416.2707
Theft from Vehicle,2017,3,4,22,0,66XX BUTLER ST,Killarney,497552.3401,5452289.2673
Theft from Vehicle,2017,3,4,16,0,66XX BUTLER ST,Killarney,497552.5847,5452297.0581
Theft from Vehicle,2017,5,14,21,0,66XX CLARENDON ST,Victoria-Fraserview,495899.3992,5452230.2729
Theft from Vehicle,2017,12,24,18,30,66XX CULLODEN ST,Sunset,494270.9952,5452319.461
Theft from Vehicle,2017,6,8,18,0,66XX DAWSON ST,Killarney,496437.6062,5452269.3785
Theft from Vehicle,2017,3,14,23,0,66XX EAST BLVD,Kerrisdale,488825.2159,5452536.5086
Theft from Vehicle,2017,5,6,17,0,66XX ELLIOTT ST,Victoria-Fraserview,496006.2765,5452277.5899
Theft from Vehicle,2017,12,21,13,0,66XX ELLIOTT ST,Victoria-Fraserview,496017.2414,5452349.2858
Theft from Vehicle,2017,3,30,8,39,66XX FRASER ST,Sunset,493391.5893,5452375.149
Theft from Vehicle,2017,7,11,1,0,66XX FREMLIN ST,Oakridge,490772.461,5452478.9733
Theft from Vehicle,2017,8,11,21,0,66XX GRANVILLE ST,Kerrisdale,489812.0585,5452564.409
Theft from Vehicle,2017,7,10,20,0,66XX LAUREL ST,Oakridge,490888.2612,5452491.1789
Theft from Vehicle,2017,9,18,15,0,66XX MAIN ST,Sunset,492602.0919,5452380.3723
Theft from Vehicle,2017,6,29,23,0,66XX OAK ST,Oakridge,490657.7091,5452503.32
Theft from Vehicle,2017,12,25,8,45,66XX PRINCE EDWARD ST,Sunset,492892.9321,5452427.1989
Theft from Vehicle,2017,12,13,8,17,66XX ROSS ST,Sunset,493970.445,5452344.1744
Theft from Vehicle,2017,6,17,15,30,66XX SELKIRK ST,Oakridge,490293.7181,5452473.2879
Theft from Vehicle,2017,7,19,0,0,66XX ST GEORGE ST,Sunset,493149.7663,5452424.2911
Theft from Vehicle,2017,4,17,18,30,66XX TISDALL ST,Oakridge,491201.2508,5452489.9501
Theft from Vehicle,2017,9,30,0,30,66XX TISDALL ST,Oakridge,491201.2508,5452489.9501
Theft from Vehicle,2017,6,30,5,0,66XX TISDALL ST,Oakridge,491201.7394,5452515.3879
Theft from Vehicle,2017,5,10,0,15,66XX VIVIAN ST,Killarney,496334.8319,5452321.3388
Theft from Vehicle,2017,7,15,4,7,66XX VIVIAN ST,Killarney,496335.249,5452333.0212
Theft from Vehicle,2017,11,7,21,0,67XX ALBERTA ST,Oakridge,491773.1577,5452400.2366
Theft from Vehicle,2017,9,17,21,0,67XX BUTLER ST,Killarney,497547.0981,5452127.6684
Theft from Vehicle,2017,5,20,2,30,67XX CHURCHILL ST,Kerrisdale,489683.1755,5452395.4204
Theft from Vehicle,2017,12,3,0,0,67XX CHURCHILL ST,Kerrisdale,489685.5898,5452476.5912
Theft from Vehicle,2017,5,7,7,0,67XX DAWSON ST,Killarney,496443.1131,5452169.0025
Theft from Vehicle,2017,10,12,9,0,67XX DUMFRIES ST,Victoria-Fraserview,494560.5408,5452214.0733
Theft from Vehicle,2017,10,16,14,14,67XX DUMFRIES ST,Victoria-Fraserview,494569.3621,5452200.5313
Theft from Vehicle,2017,7,17,22,0,67XX FLEMING ST,Victoria-Fraserview,494671.0759,5452249.1555
Theft from Vehicle,2017,7,21,0,0,67XX FRASER ST,Sunset,493389.9197,5452310.7253
Theft from Vehicle,2017,5,30,0,0,67XX KNIGHT ST,Sunset,494358.609,5452268.4389
Theft from Vehicle,2017,1,20,23,45,67XX KNIGHT ST,Victoria-Fraserview,494365.8078,5452208.4876
Theft from Vehicle,2017,9,21,18,0,67XX LANCASTER ST,Killarney,496896.059,5452261.3753
Theft from Vehicle,2017,2,18,2,0,67XX LAUREL ST,Oakridge,490887.1206,5452446.1157
Theft from Vehicle,2017,3,22,0,0,67XX MAIN ST,Sunset,492590.9005,5452306.0343
Theft from Vehicle,2017,7,15,22,0,67XX NANAIMO ST,Victoria-Fraserview,495682.7399,5452218.6889
Theft from Vehicle,2017,1,22,1,0,67XX OAK ST,Oakridge,490653.2954,5452384.4317
Theft from Vehicle,2017,10,16,17,0,67XX RUPERT ST,Killarney,496771.9011,5452214.3653
Theft from Vehicle,2017,11,12,4,0,67XX RUPERT ST,Killarney,496782.8129,5452261.5721
Theft from Vehicle,2017,7,19,0,20,67XX ST GEORGE ST,Sunset,493148.1907,5452297.3543
Theft from Vehicle,2017,12,30,21,8,67XX TANTALUS LANE,Killarney,498230.4539,5452196.8265
Theft from Vehicle,2017,6,12,15,30,67XX VICTORIA DR,Victoria-Fraserview,495202.768,5452262.1684
Theft from Vehicle,2017,4,8,19,0,67XX WALES ST,Victoria-Fraserview,496181.9895,5452216.626
Theft from Vehicle,2017,11,15,19,59,67XX WILTSHIRE ST,Kerrisdale,489324.4137,5452423.9782
Theft from Vehicle,2017,4,7,19,0,67XX WILTSHIRE ST,Kerrisdale,489325.3811,5452461.6873
Theft from Vehicle,2017,1,20,17,30,68XX ARLINGTON ST,Killarney,497831.989,5452070.6973
Theft from Vehicle,2017,11,19,2,0,68XX ARLINGTON ST,Killarney,497833.7184,5452110.1412
Theft from Vehicle,2017,3,20,18,0,68XX ASH ST,Oakridge,491398.7695,5452304.3565
Theft from Vehicle,2017,7,27,21,0,68XX ASH ST,Oakridge,491398.7695,5452304.3565
Theft from Vehicle,2017,11,29,22,30,68XX BEECHWOOD ST,Kerrisdale,488559.1362,5452360.7413
Theft from Vehicle,2017,9,9,7,37,68XX CYPRESS ST,Kerrisdale,489102.8555,5452303.9905
Theft from Vehicle,2017,2,10,21,20,68XX FREMLIN ST,Oakridge,490769.1791,5452344.9688
Theft from Vehicle,2017,10,19,22,1,68XX KNIGHT ST,Sunset,494356.4531,5452202.1566
Theft from Vehicle,2017,4,26,4,30,68XX LA SALLE ST,Killarney,498107.2919,5452073.1326
Theft from Vehicle,2017,1,16,22,30,68XX LABURNUM ST,Kerrisdale,488999.1888,5452353.8836
Theft from Vehicle,2017,11,11,22,0,68XX LANARK ST,Victoria-Fraserview,494459.4108,5452188.8773
Theft from Vehicle,2017,7,11,0,30,68XX LAUREL ST,Oakridge,490880.8411,5452226.0202
Theft from Vehicle,2017,1,31,16,10,68XX LAUREL ST,Oakridge,490884.4596,5452342.7849
Theft from Vehicle,2017,2,17,19,0,68XX LAUREL ST,Oakridge,490884.4596,5452342.7849
Theft from Vehicle,2017,2,18,0,1,68XX LAUREL ST,Oakridge,490884.4596,5452342.7849
Theft from Vehicle,2017,6,29,23,0,68XX LAUREL ST,Oakridge,490884.4596,5452342.7849
Theft from Vehicle,2017,1,14,20,15,68XX MAIN ST,Sunset,492597.6125,5452221.0086
Theft from Vehicle,2017,4,13,15,44,68XX MAIN ST,Sunset,492597.6125,5452221.0086
Theft from Vehicle,2017,5,30,18,0,68XX MAIN ST,Sunset,492597.6125,5452221.0086
Theft from Vehicle,2017,8,27,9,15,68XX MAIN ST,Sunset,492597.6125,5452221.0086
Theft from Vehicle,2017,12,1,6,0,68XX NANAIMO ST,Victoria-Fraserview,495686.1984,5452168.3006
Theft from Vehicle,2017,5,22,22,0,68XX RALEIGH ST,Killarney,496544.5852,5452125.76
Theft from Vehicle,2017,9,21,17,0,68XX RALEIGH ST,Killarney,496554.923,5452149.8791
Theft from Vehicle,2017,3,6,18,0,68XX VICTORIA DR,Victoria-Fraserview,495208.8254,5452090.8301
Theft from Vehicle,2017,3,28,22,0,68XX VICTORIA DR,Victoria-Fraserview,495210.4342,5452176.5771
Theft from Vehicle,2017,10,24,14,21,68XX VIVIAN ST,Killarney,496325.8496,5452076.7549
Theft from Vehicle,2017,10,24,19,30,68XX VIVIAN ST,Killarney,496327.3168,5452119.3429
Theft from Vehicle,2017,5,15,0,0,69XX BALMORAL ST,Victoria-Fraserview,495012.1945,5452036.4687
Theft from Vehicle,2017,5,12,18,0,69XX BEATRICE ST,Victoria-Fraserview,495111.6248,5451966.5242
Theft from Vehicle,2017,3,22,18,0,69XX BEATRICE ST,Victoria-Fraserview,495114.8415,5452112.0914
Theft from Vehicle,2017,10,30,23,0,69XX BLENHEIM ST,Kerrisdale,486976.7116,5452253.0757
Theft from Vehicle,2017,2,14,18,0,69XX BROOKS ST,Killarney,497435.6689,5452014.5416
Theft from Vehicle,2017,8,7,16,30,69XX BUTLER ST,Killarney,497543.5564,5452026.5155
Theft from Vehicle,2017,8,10,21,0,69XX CYPRESS ST,Kerrisdale,489110.4031,5452223.5123
Theft from Vehicle,2017,2,4,1,56,69XX DAWSON ST,Killarney,496438.1044,5452033.6168
Theft from Vehicle,2017,6,18,19,0,69XX DAWSON ST,Killarney,496438.1044,5452033.6168
Theft from Vehicle,2017,10,12,3,0,69XX DUMFRIES ST,Victoria-Fraserview,494567.1195,5452107.4134
Theft from Vehicle,2017,12,14,1,0,69XX ELLIOTT ST,Victoria-Fraserview,496010.2854,5452000.869
Theft from Vehicle,2017,10,19,18,0,69XX FREMLIN ST,Oakridge,490766.4274,5452218.9986
Theft from Vehicle,2017,2,8,20,0,69XX GLADSTONE ST,Victoria-Fraserview,495435.2766,5451963.8136
Theft from Vehicle,2017,4,24,9,0,69XX HEATHER ST,Oakridge,490987.1311,5452197.6156
Theft from Vehicle,2017,7,10,23,30,69XX LAUREL ST,Oakridge,490868.3977,5452119.6921
Theft from Vehicle,2017,2,17,21,0,69XX LAUREL ST,Oakridge,490870.0496,5452172.9978
Theft from Vehicle,2017,2,5,12,0,69XX LAUREL ST,Oakridge,490880.5265,5452215.8667
Theft from Vehicle,2017,6,24,17,30,69XX MARGUERITE ST,Kerrisdale,489434.8591,5452249.6896
Theft from Vehicle,2017,6,25,7,35,69XX MARGUERITE ST,Kerrisdale,489434.8591,5452249.6896
Theft from Vehicle,2017,6,20,1,30,69XX OAK ST,Oakridge,490648.7546,5452213.9693
Theft from Vehicle,2017,4,10,1,0,69XX PRINCE EDWARD ST,Sunset,492894.5671,5452074.1366
Theft from Vehicle,2017,3,2,17,0,69XX PRINCE EDWARD ST,Sunset,492895.2785,5452106.4386
Theft from Vehicle,2017,10,26,22,0,69XX PRINCE EDWARD ST,Sunset,492895.6132,5452121.6396
Theft from Vehicle,2017,8,1,17,0,69XX RADISSON ST,Killarney,498212.4832,5451976.5227
Theft from Vehicle,2017,12,12,23,25,69XX RADISSON ST,Killarney,498217.1538,5452012.0376
Theft from Vehicle,2017,2,26,16,0,69XX RALEIGH ST,Killarney,496549.903,5452047.5166
Theft from Vehicle,2017,10,15,0,0,69XX VICTORIA DR,Victoria-Fraserview,495208.147,5452048.7733
Theft from Vehicle,2017,1,3,18,15,69XX VICTORIA DR,Victoria-Fraserview,495208.1504,5452050.5925
Theft from Vehicle,2017,12,31,14,0,69XX WALES ST,Victoria-Fraserview,496162.6957,5451947.5047
Theft from Vehicle,2017,2,19,15,0,6X E 19TH AVE,Riley Park,492471.6438,5455673.1635
Theft from Vehicle,2017,5,29,17,0,6X E 56TH AVE,Sunset,492375.9572,5451840.4478
Theft from Vehicle,2017,3,1,19,30,6X E 60TH AVE,Sunset,492364.3979,5451458.3096
Theft from Vehicle,2017,3,31,20,0,6X E CORDOVA ST,Central Business District,492512.2174,5458853.5229
Theft from Vehicle,2017,11,29,16,15,6X E CORDOVA ST,Central Business District,492512.2174,5458853.5229
Theft from Vehicle,2017,7,23,16,0,6X KEEFER PL,Central Business District,492231.1912,5458545.6824
Theft from Vehicle,2017,1,17,22,0,6X SMITHE ST,Central Business District,491637.659,5458137.9144
Theft from Vehicle,2017,4,11,5,0,6X SMITHE ST,Central Business District,491637.659,5458137.9144
Theft from Vehicle,2017,10,1,3,0,6X SMITHE ST,Central Business District,491637.659,5458137.9144
Theft from Vehicle,2017,10,6,19,0,6X SMITHE ST,Central Business District,491637.659,5458137.9144
Theft from Vehicle,2017,11,9,9,0,6X SMITHE ST,Central Business District,491637.659,5458137.9144
Theft from Vehicle,2017,1,2,22,30,6X W 19TH AVE,Riley Park,492266.8816,5455679.0624
Theft from Vehicle,2017,8,31,21,30,6X W 41ST AVE,Oakridge,492199.9044,5453382.3635
Theft from Vehicle,2017,7,17,20,0,6X W 62ND AVE,Marpole,492162.1778,5451271.5041
Theft from Vehicle,2017,8,3,0,0,6X W 69TH AVE,Marpole,492139.4282,5450752.2123
Theft from Vehicle,2017,10,25,19,0,6X W 7TH AVE,Mount Pleasant,492287.1657,5456881.6664
Theft from Vehicle,2017,3,10,19,30,6X W 8TH AVE,Mount Pleasant,492282.8835,5456790.5273
Theft from Vehicle,2017,2,9,10,36,6X W CORDOVA ST,Central Business District,492293.7194,5458890.667
Theft from Vehicle,2017,4,1,15,0,6X W CORDOVA ST,Central Business District,492299.8946,5458898.3505
Theft from Vehicle,2017,4,30,22,2,6X W CORDOVA ST,Central Business District,492299.8946,5458898.3505
Theft from Vehicle,2017,5,7,18,50,6X W CORDOVA ST,Central Business District,492299.8946,5458898.3505
Theft from Vehicle,2017,11,11,18,4,6X W CORDOVA ST,Central Business District,492299.8946,5458898.3505
Theft from Vehicle,2017,12,13,13,0,6X W CORDOVA ST,Central Business District,492299.8946,5458898.3505
Theft from Vehicle,2017,12,13,15,38,6X W CORDOVA ST,Central Business District,492299.8946,5458898.3505
Theft from Vehicle,2017,3,12,22,5,6XX ABBOTT ST,Central Business District,492166.4265,5458452.7208
Theft from Vehicle,2017,3,21,16,5,6XX ABBOTT ST,Central Business District,492166.4265,5458452.7208
Theft from Vehicle,2017,6,11,15,30,6XX ABBOTT ST,Central Business District,492166.4265,5458452.7208
Theft from Vehicle,2017,8,15,15,0,6XX ABBOTT ST,Central Business District,492166.4265,5458452.7208
Theft from Vehicle,2017,10,25,12,0,6XX ABBOTT ST,Central Business District,492166.4265,5458452.7208
Theft from Vehicle,2017,9,30,2,0,6XX ABBOTT ST,Central Business District,492166.9661,5458516.3281
Theft from Vehicle,2017,7,7,16,0,6XX ABBOTT ST,Central Business District,492175.5702,5458452.6432
Theft from Vehicle,2017,7,9,14,0,6XX ABBOTT ST,Central Business District,492175.5702,5458452.6432
Theft from Vehicle,2017,7,9,21,0,6XX ABBOTT ST,Central Business District,492175.5702,5458452.6432
Theft from Vehicle,2017,11,6,18,49,6XX ABBOTT ST,Central Business District,492175.5702,5458452.6432
Theft from Vehicle,2017,5,11,1,13,6XX ABBOTT ST,Central Business District,492176.4182,5458552.5976
Theft from Vehicle,2017,9,7,21,0,6XX ABBOTT ST,Central Business District,492176.4182,5458552.5976
Theft from Vehicle,2017,12,15,23,27,6XX ABBOTT ST,Central Business District,492176.4182,5458552.5976
Theft from Vehicle,2017,2,12,12,30,6XX ALEXANDER ST,Strathcona,493341.2846,5459021.277
Theft from Vehicle,2017,7,17,22,30,6XX ALEXANDER ST,Strathcona,493341.2846,5459021.277
Theft from Vehicle,2017,10,10,22,0,6XX ALEXANDER ST,Strathcona,493341.2846,5459021.277
Theft from Vehicle,2017,10,27,16,0,6XX ALEXANDER ST,Strathcona,493341.2846,5459021.277
Theft from Vehicle,2017,3,26,20,30,6XX ALEXANDER ST,Strathcona,493359.6386,5459029.7829
Theft from Vehicle,2017,4,6,10,30,6XX ALEXANDER ST,Strathcona,493359.6386,5459029.7829
Theft from Vehicle,2017,11,12,22,0,6XX ALEXANDER ST,Strathcona,493381.9881,5459019.9248
Theft from Vehicle,2017,10,23,12,51,6XX ATLANTIC ST,Strathcona,493328.313,5458110.5632
Theft from Vehicle,2017,11,8,6,37,6XX ATLANTIC ST,Strathcona,493328.313,5458110.5632
Theft from Vehicle,2017,9,5,22,0,6XX BEACH CRES,Central Business District,490528.7479,5457883.6469
Theft from Vehicle,2017,11,4,8,35,6XX BEACH CRES,Central Business District,490551.8444,5457860.2574
Theft from Vehicle,2017,4,9,8,0,6XX BEATTY ST,Central Business District,491935.8773,5458539.8187
Theft from Vehicle,2017,5,13,1,30,6XX BEATTY ST,Central Business District,491959.8657,5458563.8719
Theft from Vehicle,2017,2,9,15,0,6XX BROUGHTON ST,Central Business District,490735.045,5459650.5022
Theft from Vehicle,2017,8,28,21,0,6XX BUCKETWHEEL AVE,Fairview,491409.6851,5457236.6424
Theft from Vehicle,2017,8,11,11,19,6XX BUCKETWHEEL AVE,Fairview,491424.8591,5457245.7491
Theft from Vehicle,2017,3,11,12,0,6XX BURRARD ST,Central Business District,491277.8528,5459162.4022
Theft from Vehicle,2017,3,14,13,29,6XX BURRARD ST,Central Business District,491277.8528,5459162.4022
Theft from Vehicle,2017,11,29,4,30,6XX BURRARD ST,Central Business District,491277.8528,5459162.4022
Theft from Vehicle,2017,2,16,1,30,6XX BURRARD ST,Central Business District,491278.6732,5459176.8304
Theft from Vehicle,2017,2,18,7,30,6XX BURRARD ST,Central Business District,491278.6732,5459176.8304
Theft from Vehicle,2017,2,27,5,46,6XX BURRARD ST,Central Business District,491278.6732,5459176.8304
Theft from Vehicle,2017,4,15,13,45,6XX BURRARD ST,Central Business District,491278.6732,5459176.8304
Theft from Vehicle,2017,4,22,11,42,6XX BURRARD ST,Central Business District,491278.6732,5459176.8304
Theft from Vehicle,2017,4,28,18,28,6XX BURRARD ST,Central Business District,491278.6732,5459176.8304
Theft from Vehicle,2017,5,14,10,15,6XX BURRARD ST,Central Business District,491278.6732,5459176.8304
Theft from Vehicle,2017,5,17,23,30,6XX BURRARD ST,Central Business District,491278.6732,5459176.8304
Theft from Vehicle,2017,6,7,23,16,6XX BURRARD ST,Central Business District,491278.6732,5459176.8304
Theft from Vehicle,2017,7,15,0,1,6XX BURRARD ST,Central Business District,491278.6732,5459176.8304
Theft from Vehicle,2017,7,28,14,10,6XX BURRARD ST,Central Business District,491278.6732,5459176.8304
Theft from Vehicle,2017,8,25,14,0,6XX BURRARD ST,Central Business District,491278.6732,5459176.8304
Theft from Vehicle,2017,5,1,3,0,6XX BURRARD ST,Central Business District,491291.2754,5459190.58
Theft from Vehicle,2017,5,14,18,15,6XX BURRARD ST,Central Business District,491319.44,5459207.7758
Theft from Vehicle,2017,7,19,9,0,6XX BURRARD ST,Central Business District,491319.44,5459207.7758
Theft from Vehicle,2017,7,30,9,32,6XX BURRARD ST,Central Business District,491319.44,5459207.7758
Theft from Vehicle,2017,9,29,21,20,6XX BURRARD ST,Central Business District,491319.44,5459207.7758
Theft from Vehicle,2017,10,6,20,15,6XX BURRARD ST,Central Business District,491319.44,5459207.7758
Theft from Vehicle,2017,1,12,21,0,6XX BUTE ST,Central Business District,490970.7905,5459459.2402
Theft from Vehicle,2017,6,12,23,0,6XX BUTE ST,Central Business District,490970.7905,5459459.2402
Theft from Vehicle,2017,1,16,22,0,6XX CAMBIE ST,Central Business District,491780.1032,5458526.6583
Theft from Vehicle,2017,1,24,21,0,6XX CAMBIE ST,Central Business District,491780.1032,5458526.6583
Theft from Vehicle,2017,3,1,6,34,6XX CAMBIE ST,Central Business District,491780.1032,5458526.6583
Theft from Vehicle,2017,3,14,18,30,6XX CAMBIE ST,Central Business District,491780.1032,5458526.6583
Theft from Vehicle,2017,3,23,20,0,6XX CAMBIE ST,Central Business District,491780.1032,5458526.6583
Theft from Vehicle,2017,4,19,18,1,6XX CAMBIE ST,Central Business District,491780.1032,5458526.6583
Theft from Vehicle,2017,5,12,22,30,6XX CAMBIE ST,Central Business District,491780.1032,5458526.6583
Theft from Vehicle,2017,5,31,15,36,6XX CAMBIE ST,Central Business District,491780.1032,5458526.6583
Theft from Vehicle,2017,5,14,5,41,6XX CAMBIE ST,Central Business District,491780.1032,5458526.6583
Theft from Vehicle,2017,8,17,17,0,6XX CAMBIE ST,Central Business District,491780.1032,5458526.6583
Theft from Vehicle,2017,8,18,6,14,6XX CAMBIE ST,Central Business District,491780.1032,5458526.6583
Theft from Vehicle,2017,10,5,19,0,6XX CAMBIE ST,Central Business District,491780.1032,5458526.6583
Theft from Vehicle,2017,10,13,5,5,6XX CAMBIE ST,Central Business District,491780.1032,5458526.6583
Theft from Vehicle,2017,11,1,21,0,6XX CAMBIE ST,Central Business District,491780.1032,5458526.6583
Theft from Vehicle,2017,12,5,17,0,6XX CAMBIE ST,Central Business District,491780.1032,5458526.6583
Theft from Vehicle,2017,4,22,15,5,6XX CAMBIE ST,Central Business District,491804.1456,5458551.5149
Theft from Vehicle,2017,1,17,6,45,6XX CAMBIE ST,Central Business District,491821.6156,5458582.7287
Theft from Vehicle,2017,2,8,19,30,6XX CAMBIE ST,Central Business District,491821.6156,5458582.7287
Theft from Vehicle,2017,3,20,12,30,6XX CAMBIE ST,Central Business District,491821.6156,5458582.7287
Theft from Vehicle,2017,4,11,17,31,6XX CAMBIE ST,Central Business District,491821.6156,5458582.7287
Theft from Vehicle,2017,6,9,18,30,6XX CAMBIE ST,Central Business District,491821.6156,5458582.7287
Theft from Vehicle,2017,11,10,14,45,6XX CAMBIE ST,Central Business District,491821.6156,5458582.7287
Theft from Vehicle,2017,1,9,13,30,6XX CAMBIE ST,Central Business District,491883.3839,5458633.4362
Theft from Vehicle,2017,4,29,12,58,6XX CAMBIE ST,Central Business District,491885.89,5458636.0272
Theft from Vehicle,2017,8,15,23,0,6XX CAMBIE ST,Central Business District,491885.89,5458636.0272
Theft from Vehicle,2017,10,18,20,30,6XX CAMBIE ST,Central Business District,491885.89,5458636.0272
Theft from Vehicle,2017,2,9,12,49,6XX CAMPBELL AVE,Strathcona,493830.7308,5458488.396
Theft from Vehicle,2017,8,14,16,0,6XX CASSIAR ST,Hastings-Sunrise,497759.522,5458460.4538
Theft from Vehicle,2017,6,18,23,0,6XX CITADEL PRDE,Central Business District,491918.4625,5458447.7233
Theft from Vehicle,2017,10,5,21,0,6XX CITADEL PRDE,Central Business District,491918.4625,5458447.7233
Theft from Vehicle,2017,12,16,1,0,6XX CITADEL PRDE,Central Business District,491918.4625,5458447.7233
Theft from Vehicle,2017,7,23,23,30,6XX CITADEL PRDE,Central Business District,491928.5942,5458470.0548
Theft from Vehicle,2017,12,4,23,40,6XX CITADEL PRDE,Central Business District,491992.7221,5458518.9441
Theft from Vehicle,2017,3,24,9,38,6XX CITADEL PRDE,Central Business District,491994.8808,5458521.0177
Theft from Vehicle,2017,8,17,23,0,6XX CITADEL PRDE,Central Business District,491994.8808,5458521.0177
Theft from Vehicle,2017,9,17,8,45,6XX CITADEL PRDE,Central Business District,491994.8808,5458521.0177
Theft from Vehicle,2017,9,17,18,0,6XX CITADEL PRDE,Central Business District,491994.8808,5458521.0177
Theft from Vehicle,2017,10,6,1,0,6XX CITADEL PRDE,Central Business District,491994.8808,5458521.0177
Theft from Vehicle,2017,5,7,11,30,6XX DENMAN ST,West End,490237.3376,5459962.9433
Theft from Vehicle,2017,8,27,10,30,6XX DENMAN ST,West End,490237.3376,5459962.9433
Theft from Vehicle,2017,12,14,14,0,6XX DENMAN ST,West End,490241.2152,5459966.6854
Theft from Vehicle,2017,10,21,8,20,6XX DENMAN ST,West End,490252.8479,5459977.9116
Theft from Vehicle,2017,5,14,6,0,6XX DENMAN ST,West End,490261.6653,5459973.7132
Theft from Vehicle,2017,7,10,19,30,6XX DENMAN ST,Central Business District,490324.3027,5460037.4117
Theft from Vehicle,2017,4,21,23,44,6XX DRAKE ST,Central Business District,490774.6964,5458082.5403
Theft from Vehicle,2017,11,27,21,30,6XX E 10TH AVE,Mount Pleasant,493383.0511,5456529.6442
Theft from Vehicle,2017,8,31,20,30,6XX E 11TH AVE,Mount Pleasant,493376.2725,5456429.4338
Theft from Vehicle,2017,9,1,9,55,6XX E 11TH AVE,Mount Pleasant,493376.2725,5456429.4338
Theft from Vehicle,2017,6,19,23,0,6XX E 12TH AVE,Mount Pleasant,493376.426,5456330.823
Theft from Vehicle,2017,2,26,11,30,6XX E 12TH AVE,Mount Pleasant,493424.2055,5456330.2479
Theft from Vehicle,2017,11,1,0,0,6XX E 13TH AVE,Mount Pleasant,493405.9314,5456237.9442
Theft from Vehicle,2017,1,30,17,42,6XX E 16TH AVE,Riley Park,493446.7977,5455959.3427
Theft from Vehicle,2017,8,22,19,0,6XX E 17TH AVE,Riley Park,493441.294,5455862.5362
Theft from Vehicle,2017,8,22,20,0,6XX E 17TH AVE,Riley Park,493441.294,5455862.5362
Theft from Vehicle,2017,10,9,17,0,6XX E 18TH AVE,Riley Park,493314.0578,5455764.5953
Theft from Vehicle,2017,1,30,2,11,6XX E 18TH AVE,Riley Park,493433.9028,5455762.3707
Theft from Vehicle,2017,4,29,14,0,6XX E 19TH AVE,Riley Park,493311.3167,5455663.5714
Theft from Vehicle,2017,1,13,0,30,6XX E 26TH AVE,Riley Park,493298.8303,5454994.6443
Theft from Vehicle,2017,7,4,1,0,6XX E 26TH AVE,Riley Park,493303.9942,5454985.3465
Theft from Vehicle,2017,7,1,0,0,6XX E 28TH AVE,Riley Park,493345.8216,5454763.3961
Theft from Vehicle,2017,5,13,21,30,6XX E 49TH AVE,Sunset,493313.5479,5452529.8747
Theft from Vehicle,2017,10,8,2,0,6XX E 49TH AVE,Sunset,493326.5397,5452529.2956
Theft from Vehicle,2017,9,12,20,30,6XX E 56TH AVE,Sunset,493236.4539,5451818.3761
Theft from Vehicle,2017,10,11,0,0,6XX E 56TH AVE,Sunset,493315.6318,5451815.8499
Theft from Vehicle,2017,10,13,18,0,6XX E 59TH AVE,Sunset,493342.8906,5451536.2611
Theft from Vehicle,2017,8,13,12,0,6XX E 5TH AVE,Mount Pleasant,493383.2695,5457043.7227
Theft from Vehicle,2017,9,13,4,33,6XX E 5TH AVE,Mount Pleasant,493383.2695,5457043.7227
Theft from Vehicle,2017,9,26,11,0,6XX E 5TH AVE,Mount Pleasant,493383.2695,5457043.7227
Theft from Vehicle,2017,8,12,19,0,6XX E 63RD AVE,Sunset,493279.1915,5451143.8259
Theft from Vehicle,2017,11,14,7,55,6XX E 63RD AVE,Sunset,493339.3265,5451147.8024
Theft from Vehicle,2017,9,18,21,0,6XX E 65TH AVE,Sunset,493295.7508,5451012.5326
Theft from Vehicle,2017,3,4,8,30,6XX E 6TH AVE,Mount Pleasant,493409.968,5456951.1302
Theft from Vehicle,2017,2,15,21,0,6XX E 7TH AVE,Mount Pleasant,493388.2023,5456841.7305
Theft from Vehicle,2017,9,5,3,25,6XX E 7TH AVE,Mount Pleasant,493388.2023,5456841.7305
Theft from Vehicle,2017,4,5,17,0,6XX E 7TH AVE,Mount Pleasant,493401.231,5456850.7318
Theft from Vehicle,2017,8,2,11,46,6XX E 7TH AVE,Mount Pleasant,493403.7161,5456841.5599
Theft from Vehicle,2017,11,24,18,0,6XX E 8TH AVE,Mount Pleasant,493454.5645,5456748.8455
Theft from Vehicle,2017,9,1,23,0,6XX E 8TH AVE,Mount Pleasant,493462.248,5456748.7121
Theft from Vehicle,2017,9,23,12,14,6XX E BROADWAY AVE,Mount Pleasant,493380.0367,5456635.6216
Theft from Vehicle,2017,10,13,0,0,6XX E BROADWAY AVE,Mount Pleasant,493420.0038,5456635.3117
Theft from Vehicle,2017,7,22,18,30,6XX E CORDOVA ST,Strathcona,493355.2763,5458819.4472
Theft from Vehicle,2017,12,20,10,0,6XX E CORDOVA ST,Strathcona,493355.2763,5458819.4472
Theft from Vehicle,2017,6,7,9,0,6XX E CORDOVA ST,Strathcona,493395.834,5458827.339
Theft from Vehicle,2017,2,2,19,0,6XX E CORDOVA ST,Strathcona,493460.2732,5458825.3424
Theft from Vehicle,2017,2,7,22,30,6XX E GEORGIA ST,Strathcona,493341.4107,5458407.3591
Theft from Vehicle,2017,8,14,21,0,6XX E GEORGIA ST,Strathcona,493341.4107,5458407.3591
Theft from Vehicle,2017,11,4,20,0,6XX E GEORGIA ST,Strathcona,493387.7504,5458415.1351
Theft from Vehicle,2017,7,31,22,0,6XX E GEORGIA ST,Strathcona,493425.6897,5458414.0118
Theft from Vehicle,2017,10,20,12,50,6XX E HASTINGS ST,Strathcona,493351.7101,5458715.1683
Theft from Vehicle,2017,10,27,9,0,6XX E HASTINGS ST,Strathcona,493351.7101,5458715.1683
Theft from Vehicle,2017,6,16,8,0,6XX E HASTINGS ST,Strathcona,493351.9542,5458724.3091
Theft from Vehicle,2017,6,19,13,9,6XX E HASTINGS ST,Strathcona,493351.9542,5458724.3091
Theft from Vehicle,2017,3,17,18,0,6XX E KENT AVE S,Sunset,493292.4578,5450559.936
Theft from Vehicle,2017,3,15,21,0,6XX E PENDER ST,Strathcona,493347.4551,5458608.0323
Theft from Vehicle,2017,8,31,13,45,6XX E PENDER ST,Strathcona,493347.4551,5458608.0323
Theft from Vehicle,2017,5,3,0,0,6XX E PENDER ST,Strathcona,493347.6367,5458617.1745
Theft from Vehicle,2017,2,21,17,46,6XX EVANS AVE,Strathcona,493380.5345,5457740.4309
Theft from Vehicle,2017,11,21,3,14,6XX EVANS AVE,Strathcona,493407.0564,5457733.5635
Theft from Vehicle,2017,9,15,6,50,6XX EXPO BLVD,Central Business District,492029.0574,5458399.6117
Theft from Vehicle,2017,2,17,19,20,6XX EXPO BLVD,Central Business District,492087.6904,5458440.4284
Theft from Vehicle,2017,3,5,10,0,6XX EXPO BLVD,Central Business District,492087.6904,5458440.4284
Theft from Vehicle,2017,3,16,0,0,6XX EXPO BLVD,Central Business District,492087.6904,5458440.4284
Theft from Vehicle,2017,4,18,12,0,6XX EXPO BLVD,Central Business District,492087.6904,5458440.4284
Theft from Vehicle,2017,5,18,18,0,6XX EXPO BLVD,Central Business District,492087.6904,5458440.4284
Theft from Vehicle,2017,6,8,18,55,6XX EXPO BLVD,Central Business District,492087.6904,5458440.4284
Theft from Vehicle,2017,8,7,1,30,6XX EXPO BLVD,Central Business District,492087.6904,5458440.4284
Theft from Vehicle,2017,9,26,2,0,6XX EXPO BLVD,Central Business District,492087.6904,5458440.4284
Theft from Vehicle,2017,11,15,11,30,6XX EXPO BLVD,Central Business District,492087.6904,5458440.4284
Theft from Vehicle,2017,11,29,15,30,6XX EXPO BLVD,Central Business District,492087.6904,5458440.4284
Theft from Vehicle,2017,12,9,16,0,6XX EXPO BLVD,Central Business District,492087.6904,5458440.4284
Theft from Vehicle,2017,1,29,18,0,6XX EXPO BLVD,Central Business District,492099.2437,5458436.3333
Theft from Vehicle,2017,3,6,16,20,6XX EXPO BLVD,Central Business District,492099.2437,5458436.3333
Theft from Vehicle,2017,3,28,9,30,6XX EXPO BLVD,Central Business District,492099.2437,5458436.3333
Theft from Vehicle,2017,8,19,12,30,6XX EXPO BLVD,Central Business District,492099.2437,5458436.3333
Theft from Vehicle,2017,12,7,21,23,6XX EXPO BLVD,Central Business District,492099.2437,5458436.3333
Theft from Vehicle,2017,3,14,20,10,6XX EXPO BLVD,Central Business District,492094.6157,5458444.3592
Theft from Vehicle,2017,3,26,11,0,6XX EXPO BLVD,Central Business District,492094.6157,5458444.3592
Theft from Vehicle,2017,3,29,23,25,6XX EXPO BLVD,Central Business District,492094.6157,5458444.3592
Theft from Vehicle,2017,12,20,18,10,6XX GORE AVE,Strathcona,492935.9097,5458523.5246
Theft from Vehicle,2017,6,12,0,0,6XX GORE AVE,Strathcona,492936.7518,5458513.8526
Theft from Vehicle,2017,1,21,13,0,6XX GRANVILLE ST,Central Business District,491444.6134,5458895.098
Theft from Vehicle,2017,1,29,13,45,6XX GRANVILLE ST,Central Business District,491444.6134,5458895.098
Theft from Vehicle,2017,3,4,13,5,6XX GRANVILLE ST,Central Business District,491444.6134,5458895.098
Theft from Vehicle,2017,9,2,14,0,6XX GRANVILLE ST,Central Business District,491444.6134,5458895.098
Theft from Vehicle,2017,9,3,14,0,6XX GRANVILLE ST,Central Business District,491444.6134,5458895.098
Theft from Vehicle,2017,10,31,16,41,6XX GRANVILLE ST,Central Business District,491444.6134,5458895.098
Theft from Vehicle,2017,2,23,20,0,6XX GRANVILLE ST,Central Business District,491522.8015,5458973.8508
Theft from Vehicle,2017,5,16,7,0,6XX GRANVILLE ST,Central Business District,491535.0184,5458986.1559
Theft from Vehicle,2017,7,22,16,30,6XX GRANVILLE ST,Central Business District,491535.0184,5458986.1559
Theft from Vehicle,2017,12,14,16,30,6XX GREAT NORTHERN WAY,Strathcona,493359.7467,5457122.633
Theft from Vehicle,2017,12,16,5,0,6XX GREAT NORTHERN WAY,Strathcona,493359.7467,5457122.633
Theft from Vehicle,2017,12,15,15,19,6XX GREAT NORTHERN WAY,Strathcona,493497.408,5457117.2177
Theft from Vehicle,2017,10,13,12,38,6XX HAMILTON ST,Central Business District,491816.7487,5458703.2412
Theft from Vehicle,2017,12,10,18,30,6XX HAMILTON ST,Central Business District,491816.7487,5458703.2412
Theft from Vehicle,2017,9,12,17,38,6XX HELMCKEN ST,Central Business District,490989.0411,5458329.7407
Theft from Vehicle,2017,1,10,9,15,6XX HELMCKEN ST,Central Business District,491003.2909,5458328.1514
Theft from Vehicle,2017,4,12,23,30,6XX HELMCKEN ST,Central Business District,491004.529,5458313.7103
Theft from Vehicle,2017,10,23,20,0,6XX HOMER ST,Central Business District,491674.7194,5458714.1543
Theft from Vehicle,2017,1,21,11,30,6XX HOMER ST,Central Business District,491743.9877,5458771.2913
Theft from Vehicle,2017,6,12,22,34,6XX HOMER ST,Central Business District,491746.5085,5458773.8444
Theft from Vehicle,2017,6,27,12,28,6XX HOMER ST,Central Business District,491746.5085,5458773.8444
Theft from Vehicle,2017,8,17,11,30,6XX HOMER ST,Central Business District,491746.5085,5458773.8444
Theft from Vehicle,2017,9,17,16,0,6XX HOMER ST,Central Business District,491746.5085,5458773.8444
Theft from Vehicle,2017,11,28,19,0,6XX HOMER ST,Central Business District,491746.5085,5458773.8444
Theft from Vehicle,2017,12,23,0,54,6XX HOMER ST,Central Business District,491746.5085,5458773.8444
Theft from Vehicle,2017,8,14,4,20,6XX HORNBY ST,Central Business District,491392.8038,5459126.999
Theft from Vehicle,2017,12,30,11,37,6XX HORNBY ST,Central Business District,491392.8038,5459126.999
Theft from Vehicle,2017,6,16,18,15,6XX HOWE ST,Central Business District,491402.27,5459010.6594
Theft from Vehicle,2017,10,29,1,0,6XX HOWE ST,Central Business District,491402.27,5459010.6594
Theft from Vehicle,2017,1,17,8,30,6XX HOWE ST,Central Business District,491427.1726,5459035.0012
Theft from Vehicle,2017,1,17,16,28,6XX HOWE ST,Central Business District,491427.1726,5459035.0012
Theft from Vehicle,2017,4,8,8,25,6XX HOWE ST,Central Business District,491427.1726,5459035.0012
Theft from Vehicle,2017,5,12,7,0,6XX HOWE ST,Central Business District,491427.1726,5459035.0012
Theft from Vehicle,2017,5,22,11,30,6XX HOWE ST,Central Business District,491438.5449,5459033.3305
Theft from Vehicle,2017,6,20,23,59,6XX HOWE ST,Central Business District,491463.4475,5459057.6723
Theft from Vehicle,2017,8,5,9,21,6XX INDUSTRIAL AVE,Strathcona,493425.5492,5457311.9422
Theft from Vehicle,2017,6,14,17,0,6XX JACKSON AVE,Strathcona,493203.3034,5458514.9474
Theft from Vehicle,2017,9,5,11,55,6XX JACKSON AVE,Strathcona,493203.3034,5458514.9474
Theft from Vehicle,2017,11,5,22,0,6XX JERVIS ST,Central Business District,490854.1721,5459572.4839
Theft from Vehicle,2017,11,16,23,30,6XX JERVIS ST,Central Business District,490854.1721,5459572.4839
Theft from Vehicle,2017,8,26,23,30,6XX KEEFER ST,Strathcona,493344.3704,5458507.7023
Theft from Vehicle,2017,11,4,16,15,6XX KEEFER ST,Strathcona,493344.3704,5458507.7023
Theft from Vehicle,2017,11,26,13,18,6XX KEEFER ST,Strathcona,493344.3704,5458507.7023
Theft from Vehicle,2017,10,15,8,30,6XX KEEFER ST,Strathcona,493381.3737,5458506.832
Theft from Vehicle,2017,2,7,8,30,6XX MAIN ST,Central Business District,492741.189,5458527.1362
Theft from Vehicle,2017,4,22,22,0,6XX MAIN ST,Strathcona,492750.33,5458526.9029
Theft from Vehicle,2017,5,19,13,45,6XX MAIN ST,Strathcona,492750.33,5458526.9029
Theft from Vehicle,2017,9,13,19,30,6XX MAIN ST,Strathcona,492750.33,5458526.9029
Theft from Vehicle,2017,2,6,0,28,6XX MALKIN AVE,Strathcona,493219.0426,5458112.1049
Theft from Vehicle,2017,4,4,21,0,6XX MALKIN AVE,Strathcona,493255.047,5458093.5006
Theft from Vehicle,2017,8,24,18,0,6XX MOBERLY RD,Fairview,491340.2915,5457115.9218
Theft from Vehicle,2017,1,15,1,30,6XX MOBERLY RD,Fairview,491365.8078,5457135.0894
Theft from Vehicle,2017,6,6,4,18,6XX MOBERLY RD,Fairview,491365.8078,5457135.0894
Theft from Vehicle,2017,8,13,11,0,6XX MOBERLY RD,Fairview,491365.8078,5457135.0894
Theft from Vehicle,2017,9,7,18,0,6XX MOBERLY RD,Fairview,491365.8078,5457135.0894
Theft from Vehicle,2017,9,24,16,0,6XX MOBERLY RD,Fairview,491392.8359,5457133.1464
Theft from Vehicle,2017,11,1,18,0,6XX MOBERLY RD,Fairview,491392.8359,5457133.1464
Theft from Vehicle,2017,1,9,19,20,6XX MOBERLY RD,Fairview,491418.2279,5457145.3014
Theft from Vehicle,2017,8,7,2,10,6XX MOBERLY RD,Fairview,491418.2667,5457321.9423
Theft from Vehicle,2017,9,26,0,0,6XX MOBERLY RD,Fairview,491418.2667,5457321.9423
Theft from Vehicle,2017,1,7,18,10,6XX NELSON ST,Central Business District,491081.7,5458470.7554
Theft from Vehicle,2017,4,17,20,30,6XX NELSON ST,Central Business District,491081.7,5458470.7554
Theft from Vehicle,2017,6,27,0,0,6XX NELSON ST,Central Business District,491081.7,5458470.7554
Theft from Vehicle,2017,12,25,23,0,6XX NELSON ST,Central Business District,491081.7,5458470.7554
Theft from Vehicle,2017,12,31,15,0,6XX NELSON ST,Central Business District,491081.7,5458470.7554
Theft from Vehicle,2017,12,15,21,0,6XX NELSON ST,Central Business District,491096.2083,5458469.4223
Theft from Vehicle,2017,9,14,0,26,6XX NELSON ST,Central Business District,491121.423,5458432.2289
Theft from Vehicle,2017,3,28,21,30,6XX PACIFIC BLVD,Central Business District,492165.934,5458264.5623
Theft from Vehicle,2017,9,23,9,30,6XX PACIFIC BLVD,Central Business District,492165.934,5458264.5623
Theft from Vehicle,2017,12,11,0,21,6XX PACIFIC BLVD,Central Business District,492165.934,5458264.5623
Theft from Vehicle,2017,11,6,5,35,6XX PACIFIC ST,Central Business District,490651.2484,5457959.408
Theft from Vehicle,2017,11,7,19,0,6XX PACIFIC ST,Central Business District,490651.2484,5457959.408
Theft from Vehicle,2017,2,15,0,0,6XX PENTICTON ST,Hastings-Sunrise,496222.7948,5458447.2839
Theft from Vehicle,2017,8,5,15,30,6XX PIPELINE RD,Stanley Park,490124.0225,5460752.9795
Theft from Vehicle,2017,6,25,0,0,6XX PIPELINE RD,Stanley Park,490125.8751,5460848.1903
Theft from Vehicle,2017,8,18,11,0,6XX PIPELINE RD,Stanley Park,490125.8751,5460848.1903
Theft from Vehicle,2017,3,13,12,32,6XX POWELL ST,Strathcona,493356.263,5458919.7456
Theft from Vehicle,2017,10,8,3,20,6XX POWELL ST,Strathcona,493356.263,5458919.7456
Theft from Vehicle,2017,1,20,14,0,6XX POWELL ST,Strathcona,493359.0941,5458919.6601
Theft from Vehicle,2017,3,2,11,19,6XX POWELL ST,Strathcona,493386.4134,5458927.9794
Theft from Vehicle,2017,8,28,6,10,6XX POWELL ST,Strathcona,493418.7252,5458917.8512
Theft from Vehicle,2017,4,13,8,30,6XX POWELL ST,Strathcona,493473.3172,5458925.3438
Theft from Vehicle,2017,7,9,22,0,6XX PRINCESS AVE,Strathcona,493344.3921,5458494.9672
Theft from Vehicle,2017,12,11,13,0,6XX PRINCESS AVE,Strathcona,493344.8706,5458510.781
Theft from Vehicle,2017,7,18,4,49,6XX QUEBEC ST,Central Business District,492575.0648,5458503.4569
Theft from Vehicle,2017,9,12,5,44,6XX QUEBEC ST,Central Business District,492575.0648,5458503.4569
Theft from Vehicle,2017,9,20,4,37,6XX QUEBEC ST,Central Business District,492575.0648,5458503.4569
Theft from Vehicle,2017,12,12,11,0,6XX QUEBEC ST,Central Business District,492575.0648,5458503.4569
Theft from Vehicle,2017,4,7,19,30,6XX RENFREW ST,Hastings-Sunrise,496797.7868,5458482.3048
Theft from Vehicle,2017,4,6,3,31,6XX RICHARDS ST,Central Business District,491591.2049,5458773.009
Theft from Vehicle,2017,1,8,22,42,6XX RICHARDS ST,Central Business District,491603.3348,5458785.2991
Theft from Vehicle,2017,1,9,22,0,6XX RICHARDS ST,Central Business District,491603.3348,5458785.2991
Theft from Vehicle,2017,1,16,3,20,6XX RICHARDS ST,Central Business District,491603.3348,5458785.2991
Theft from Vehicle,2017,1,25,1,6,6XX RICHARDS ST,Central Business District,491603.3348,5458785.2991
Theft from Vehicle,2017,2,9,12,28,6XX RICHARDS ST,Central Business District,491603.3348,5458785.2991
Theft from Vehicle,2017,2,10,9,0,6XX RICHARDS ST,Central Business District,491603.3348,5458785.2991
Theft from Vehicle,2017,2,18,13,15,6XX RICHARDS ST,Central Business District,491603.3348,5458785.2991
Theft from Vehicle,2017,2,21,6,15,6XX RICHARDS ST,Central Business District,491603.3348,5458785.2991
Theft from Vehicle,2017,2,27,8,30,6XX RICHARDS ST,Central Business District,491603.3348,5458785.2991
Theft from Vehicle,2017,3,6,18,0,6XX RICHARDS ST,Central Business District,491603.3348,5458785.2991
Theft from Vehicle,2017,3,7,2,30,6XX RICHARDS ST,Central Business District,491603.3348,5458785.2991
Theft from Vehicle,2017,3,30,2,31,6XX RICHARDS ST,Central Business District,491603.3348,5458785.2991
Theft from Vehicle,2017,4,25,8,0,6XX RICHARDS ST,Central Business District,491603.3348,5458785.2991
Theft from Vehicle,2017,4,26,16,0,6XX RICHARDS ST,Central Business District,491603.3348,5458785.2991
Theft from Vehicle,2017,4,27,11,46,6XX RICHARDS ST,Central Business District,491603.3348,5458785.2991
Theft from Vehicle,2017,5,5,14,0,6XX RICHARDS ST,Central Business District,491603.3348,5458785.2991
Theft from Vehicle,2017,5,5,21,17,6XX RICHARDS ST,Central Business District,491603.3348,5458785.2991
Theft from Vehicle,2017,5,21,1,0,6XX RICHARDS ST,Central Business District,491603.3348,5458785.2991
Theft from Vehicle,2017,5,23,8,0,6XX RICHARDS ST,Central Business District,491603.3348,5458785.2991
Theft from Vehicle,2017,6,16,0,53,6XX RICHARDS ST,Central Business District,491603.3348,5458785.2991
Theft from Vehicle,2017,6,17,21,0,6XX RICHARDS ST,Central Business District,491603.3348,5458785.2991
Theft from Vehicle,2017,6,25,20,26,6XX RICHARDS ST,Central Business District,491603.3348,5458785.2991
Theft from Vehicle,2017,7,15,8,23,6XX RICHARDS ST,Central Business District,491603.3348,5458785.2991
Theft from Vehicle,2017,7,19,17,40,6XX RICHARDS ST,Central Business District,491603.3348,5458785.2991
Theft from Vehicle,2017,8,1,16,15,6XX RICHARDS ST,Central Business District,491603.3348,5458785.2991
Theft from Vehicle,2017,8,1,20,30,6XX RICHARDS ST,Central Business District,491603.3348,5458785.2991
Theft from Vehicle,2017,8,3,11,0,6XX RICHARDS ST,Central Business District,491603.3348,5458785.2991
Theft from Vehicle,2017,8,4,10,0,6XX RICHARDS ST,Central Business District,491603.3348,5458785.2991
Theft from Vehicle,2017,8,7,10,0,6XX RICHARDS ST,Central Business District,491603.3348,5458785.2991
Theft from Vehicle,2017,8,10,17,0,6XX RICHARDS ST,Central Business District,491603.3348,5458785.2991
Theft from Vehicle,2017,8,14,18,0,6XX RICHARDS ST,Central Business District,491603.3348,5458785.2991
Theft from Vehicle,2017,8,15,14,48,6XX RICHARDS ST,Central Business District,491603.3348,5458785.2991
Theft from Vehicle,2017,8,15,18,0,6XX RICHARDS ST,Central Business District,491603.3348,5458785.2991
Theft from Vehicle,2017,8,17,13,9,6XX RICHARDS ST,Central Business District,491603.3348,5458785.2991
Theft from Vehicle,2017,8,21,0,0,6XX RICHARDS ST,Central Business District,491603.3348,5458785.2991
Theft from Vehicle,2017,8,24,5,0,6XX RICHARDS ST,Central Business District,491603.3348,5458785.2991
Theft from Vehicle,2017,8,27,22,24,6XX RICHARDS ST,Central Business District,491603.3348,5458785.2991
Theft from Vehicle,2017,9,4,5,33,6XX RICHARDS ST,Central Business District,491603.3348,5458785.2991
Theft from Vehicle,2017,9,4,8,24,6XX RICHARDS ST,Central Business District,491603.3348,5458785.2991
Theft from Vehicle,2017,9,5,0,49,6XX RICHARDS ST,Central Business District,491603.3348,5458785.2991
Theft from Vehicle,2017,9,6,19,0,6XX RICHARDS ST,Central Business District,491603.3348,5458785.2991
Theft from Vehicle,2017,9,9,14,0,6XX RICHARDS ST,Central Business District,491603.3348,5458785.2991
Theft from Vehicle,2017,9,10,16,18,6XX RICHARDS ST,Central Business District,491603.3348,5458785.2991
Theft from Vehicle,2017,9,12,5,0,6XX RICHARDS ST,Central Business District,491603.3348,5458785.2991
Theft from Vehicle,2017,10,3,2,47,6XX RICHARDS ST,Central Business District,491603.3348,5458785.2991
Theft from Vehicle,2017,10,5,21,0,6XX RICHARDS ST,Central Business District,491603.3348,5458785.2991
Theft from Vehicle,2017,10,6,2,21,6XX RICHARDS ST,Central Business District,491603.3348,5458785.2991
Theft from Vehicle,2017,10,7,18,0,6XX RICHARDS ST,Central Business District,491603.3348,5458785.2991
Theft from Vehicle,2017,10,9,8,0,6XX RICHARDS ST,Central Business District,491603.3348,5458785.2991
Theft from Vehicle,2017,10,9,21,9,6XX RICHARDS ST,Central Business District,491603.3348,5458785.2991
Theft from Vehicle,2017,10,13,17,0,6XX RICHARDS ST,Central Business District,491603.3348,5458785.2991
Theft from Vehicle,2017,10,31,19,50,6XX RICHARDS ST,Central Business District,491603.3348,5458785.2991
Theft from Vehicle,2017,11,3,16,15,6XX RICHARDS ST,Central Business District,491603.3348,5458785.2991
Theft from Vehicle,2017,11,8,1,9,6XX RICHARDS ST,Central Business District,491603.3348,5458785.2991
Theft from Vehicle,2017,11,9,19,0,6XX RICHARDS ST,Central Business District,491603.3348,5458785.2991
Theft from Vehicle,2017,11,10,0,13,6XX RICHARDS ST,Central Business District,491603.3348,5458785.2991
Theft from Vehicle,2017,11,18,18,0,6XX RICHARDS ST,Central Business District,491603.3348,5458785.2991
Theft from Vehicle,2017,12,6,20,15,6XX RICHARDS ST,Central Business District,491603.3348,5458785.2991
Theft from Vehicle,2017,12,6,20,20,6XX RICHARDS ST,Central Business District,491603.3348,5458785.2991
Theft from Vehicle,2017,12,18,1,0,6XX RICHARDS ST,Central Business District,491603.3348,5458785.2991
Theft from Vehicle,2017,12,26,18,0,6XX RICHARDS ST,Central Business District,491603.3348,5458785.2991
Theft from Vehicle,2017,12,26,20,0,6XX RICHARDS ST,Central Business District,491603.3348,5458785.2991
Theft from Vehicle,2017,10,8,19,0,6XX RICHARDS ST,Central Business District,491614.6949,5458783.792
Theft from Vehicle,2017,11,21,22,52,6XX RICHARDS ST,Central Business District,491614.6949,5458783.792
Theft from Vehicle,2017,9,29,7,20,6XX RICHARDS ST,Central Business District,491619.5468,5458788.7081
Theft from Vehicle,2017,7,1,15,0,6XX RICHARDS ST,Central Business District,491639.7244,5458822.1697
Theft from Vehicle,2017,2,2,1,21,6XX RICHARDS ST,Central Business District,491647.0023,5458829.5438
Theft from Vehicle,2017,4,5,19,45,6XX RICHARDS ST,Central Business District,491647.0023,5458829.5438
Theft from Vehicle,2017,5,10,19,0,6XX RICHARDS ST,Central Business District,491647.0023,5458829.5438
Theft from Vehicle,2017,5,30,9,43,6XX RICHARDS ST,Central Business District,491647.0023,5458829.5438
Theft from Vehicle,2017,8,11,16,47,6XX RICHARDS ST,Central Business District,491647.0023,5458829.5438
Theft from Vehicle,2017,9,22,14,0,6XX RICHARDS ST,Central Business District,491647.0023,5458829.5438
Theft from Vehicle,2017,9,25,8,0,6XX RICHARDS ST,Central Business District,491647.0023,5458829.5438
Theft from Vehicle,2017,10,22,16,0,6XX RICHARDS ST,Central Business District,491647.0023,5458829.5438
Theft from Vehicle,2017,11,1,18,0,6XX RICHARDS ST,Central Business District,491647.0023,5458829.5438
Theft from Vehicle,2017,12,7,15,0,6XX RICHARDS ST,Central Business District,491647.0023,5458829.5438
Theft from Vehicle,2017,1,9,19,25,6XX RICHARDS ST,Central Business District,491672.8153,5458842.68
Theft from Vehicle,2017,3,6,21,15,6XX RICHARDS ST,Central Business District,491675.3442,5458845.2428
Theft from Vehicle,2017,3,12,16,20,6XX RICHARDS ST,Central Business District,491675.3442,5458845.2428
Theft from Vehicle,2017,4,11,13,24,6XX RICHARDS ST,Central Business District,491675.3442,5458845.2428
Theft from Vehicle,2017,8,11,19,9,6XX RICHARDS ST,Central Business District,491675.3442,5458845.2428
Theft from Vehicle,2017,8,15,19,11,6XX RICHARDS ST,Central Business District,491675.3442,5458845.2428
Theft from Vehicle,2017,9,2,19,30,6XX RICHARDS ST,Central Business District,491675.3442,5458845.2428
Theft from Vehicle,2017,9,27,9,0,6XX RICHARDS ST,Central Business District,491675.3442,5458845.2428
Theft from Vehicle,2017,10,18,17,35,6XX RICHARDS ST,Central Business District,491675.3442,5458845.2428
Theft from Vehicle,2017,10,28,20,45,6XX RICHARDS ST,Central Business District,491675.3442,5458845.2428
Theft from Vehicle,2017,11,30,19,0,6XX RICHARDS ST,Central Business District,491675.3442,5458845.2428
Theft from Vehicle,2017,12,9,17,49,6XX RICHARDS ST,Central Business District,491675.3442,5458845.2428
Theft from Vehicle,2017,12,18,7,0,6XX RICHARDS ST,Central Business District,491675.3442,5458845.2428
Theft from Vehicle,2017,12,18,23,0,6XX RICHARDS ST,Central Business District,491675.3442,5458845.2428
Theft from Vehicle,2017,6,3,21,53,6XX ROBSON ST,Central Business District,491318.1581,5458704.0571
Theft from Vehicle,2017,3,3,11,38,6XX ROBSON ST,Central Business District,491359.025,5458677.0536
Theft from Vehicle,2017,6,19,9,0,6XX ROBSON ST,Central Business District,491359.025,5458677.0536
Theft from Vehicle,2017,5,15,18,0,6XX RUPERT ST,Hastings-Sunrise,497561.3279,5458470.9821
Theft from Vehicle,2017,11,17,20,0,6XX RUPERT ST,Hastings-Sunrise,497561.3279,5458470.9821
Theft from Vehicle,2017,5,1,19,30,6XX SE MARINE DR,Sunset,493237.862,5450909.6172
Theft from Vehicle,2017,5,16,21,0,6XX SE MARINE DR,Sunset,493237.862,5450909.6172
Theft from Vehicle,2017,9,27,20,0,6XX SE MARINE DR,Sunset,493237.862,5450909.6172
Theft from Vehicle,2017,8,18,18,0,6XX SEYMOUR ST,Central Business District,491520.6507,5458826.4213
Theft from Vehicle,2017,11,9,16,30,6XX SEYMOUR ST,Central Business District,491520.6507,5458826.4213
Theft from Vehicle,2017,12,29,16,0,6XX SEYMOUR ST,Central Business District,491520.6507,5458826.4213
Theft from Vehicle,2017,7,20,15,12,6XX SEYMOUR ST,Central Business District,491523.0775,5458828.881
Theft from Vehicle,2017,10,27,15,10,6XX SEYMOUR ST,Central Business District,491523.0775,5458828.881
Theft from Vehicle,2017,11,8,1,0,6XX SEYMOUR ST,Central Business District,491523.0775,5458828.881
Theft from Vehicle,2017,4,8,19,45,6XX SEYMOUR ST,Central Business District,491525.5043,5458831.3406
Theft from Vehicle,2017,4,8,22,39,6XX SEYMOUR ST,Central Business District,491525.7096,5458831.5533
Theft from Vehicle,2017,1,31,18,0,6XX SEYMOUR ST,Central Business District,491540.0652,5458846.0984
Theft from Vehicle,2017,1,24,20,0,6XX SEYMOUR ST,Central Business District,491552.1992,5458858.3965
Theft from Vehicle,2017,9,13,10,0,6XX SEYMOUR ST,Central Business District,491552.1992,5458858.3965
Theft from Vehicle,2017,10,21,6,45,6XX SEYMOUR ST,Central Business District,491569.1869,5458875.614
Theft from Vehicle,2017,10,21,10,30,6XX SEYMOUR ST,Central Business District,491569.1869,5458875.614
Theft from Vehicle,2017,3,21,22,0,6XX SEYMOUR ST,Central Business District,491578.4269,5458898.0014
Theft from Vehicle,2017,9,15,17,30,6XX SEYMOUR ST,Central Business District,491578.4269,5458898.0014
Theft from Vehicle,2017,2,17,16,46,6XX SEYMOUR ST,Central Business District,491609.751,5458916.7392
Theft from Vehicle,2017,2,17,20,0,6XX SEYMOUR ST,Central Business District,491609.751,5458916.7392
Theft from Vehicle,2017,2,21,8,30,6XX SEYMOUR ST,Central Business District,491609.751,5458916.7392
Theft from Vehicle,2017,2,25,19,0,6XX SEYMOUR ST,Central Business District,491609.751,5458916.7392
Theft from Vehicle,2017,3,29,18,0,6XX SEYMOUR ST,Central Business District,491609.751,5458916.7392
Theft from Vehicle,2017,5,9,0,0,6XX SEYMOUR ST,Central Business District,491609.751,5458916.7392
Theft from Vehicle,2017,8,12,21,30,6XX SEYMOUR ST,Central Business District,491609.751,5458916.7392
Theft from Vehicle,2017,9,15,3,0,6XX SEYMOUR ST,Central Business District,491609.751,5458916.7392
Theft from Vehicle,2017,9,28,18,0,6XX SEYMOUR ST,Central Business District,491609.751,5458916.7392
Theft from Vehicle,2017,9,29,10,0,6XX SEYMOUR ST,Central Business District,491609.751,5458916.7392
Theft from Vehicle,2017,10,2,20,45,6XX SEYMOUR ST,Central Business District,491609.751,5458916.7392
Theft from Vehicle,2017,12,26,16,0,6XX SEYMOUR ST,Central Business District,491609.751,5458916.7392
Theft from Vehicle,2017,5,28,4,56,6XX SMITHE ST,Central Business District,491210.727,5458577.098
Theft from Vehicle,2017,7,2,20,0,6XX SMITHE ST,Central Business District,491237.6901,5458548.4559
Theft from Vehicle,2017,9,13,16,30,6XX SMITHE ST,Central Business District,491237.6901,5458548.4559
Theft from Vehicle,2017,9,15,19,30,6XX SMITHE ST,Central Business District,491237.6901,5458548.4559
Theft from Vehicle,2017,12,14,14,0,6XX STAMPS LAND,Fairview,491399.9928,5457344.4715
Theft from Vehicle,2017,10,10,13,30,6XX SW MARINE DR,Marpole,491290.1304,5450697.2604
Theft from Vehicle,2017,11,10,0,0,6XX TERMINAL AVE,Strathcona,493470.8999,5457579.2189
Theft from Vehicle,2017,12,1,21,15,6XX TERMINAL AVE,Strathcona,493478.791,5457603.452
Theft from Vehicle,2017,9,22,23,30,6XX THURLOW ST,Central Business District,491131.0333,5459304.279
Theft from Vehicle,2017,3,9,22,0,6XX UNION ST,Strathcona,493338.1478,5458305.8709
Theft from Vehicle,2017,11,5,11,0,6XX UNION ST,Strathcona,493338.1478,5458305.8709
Theft from Vehicle,2017,5,3,22,0,6XX UNION ST,Strathcona,493376.2235,5458304.8193
Theft from Vehicle,2017,12,8,18,0,6XX UNION ST,Strathcona,493390.0744,5458313.5842
Theft from Vehicle,2017,10,20,18,0,6XX VICTORIA DR,Grandview-Woodland,495223.3912,5458426.4507
Theft from Vehicle,2017,10,21,5,0,6XX VICTORIA DR,Grandview-Woodland,495223.3912,5458426.4507
Theft from Vehicle,2017,4,10,11,14,6XX W 10TH AVE,Fairview,491319.4065,5456628.7794
Theft from Vehicle,2017,9,10,6,0,6XX W 10TH AVE,Fairview,491358.4746,5456618.2028
Theft from Vehicle,2017,3,25,8,0,6XX W 10TH AVE,Fairview,491440.5616,5456615.2054
Theft from Vehicle,2017,5,23,20,30,6XX W 10TH AVE,Fairview,491440.5616,5456615.2054
Theft from Vehicle,2017,7,10,8,0,6XX W 10TH AVE,Fairview,491440.5616,5456615.2054
Theft from Vehicle,2017,1,15,8,0,6XX W 12TH AVE,Fairview,491349.4372,5456423.2846
Theft from Vehicle,2017,3,13,19,0,6XX W 16TH AVE,Fairview,491355.8837,5456032.5948
Theft from Vehicle,2017,3,13,19,30,6XX W 16TH AVE,Fairview,491355.8837,5456032.5948
Theft from Vehicle,2017,6,12,22,0,6XX W 16TH AVE,South Cambie,491401.4616,5456022.111
Theft from Vehicle,2017,4,24,17,29,6XX W 17TH AVE,South Cambie,491300.7599,5455927.5442
Theft from Vehicle,2017,10,29,20,0,6XX W 17TH AVE,South Cambie,491300.7599,5455927.5442
Theft from Vehicle,2017,9,27,17,0,6XX W 17TH AVE,South Cambie,491303.5541,5455927.4626
Theft from Vehicle,2017,8,5,15,0,6XX W 17TH AVE,South Cambie,491398.9721,5455924.676
Theft from Vehicle,2017,5,19,18,0,6XX W 18TH AVE,South Cambie,491395.0088,5455823.5772
Theft from Vehicle,2017,6,16,19,0,6XX W 19TH AVE,South Cambie,491340.31,5455724.6787
Theft from Vehicle,2017,8,18,23,0,6XX W 20TH AVE,South Cambie,491365.323,5455624.4778
Theft from Vehicle,2017,11,26,14,0,6XX W 23RD AVE,South Cambie,491364.9014,5455331.2988
Theft from Vehicle,2017,7,7,3,42,6XX W 24TH AVE,South Cambie,491380.8619,5455253.6078
Theft from Vehicle,2017,7,1,1,30,6XX W 28TH AVE,South Cambie,491366.8789,5454823.4322
Theft from Vehicle,2017,1,8,10,41,6XX W 30TH AVE,South Cambie,491361.2526,5454618.9318
Theft from Vehicle,2017,2,16,21,0,6XX W 32ND AVE,South Cambie,491336.9552,5454390.8389
Theft from Vehicle,2017,4,30,4,43,6XX W 32ND AVE,South Cambie,491372.9628,5454380.1848
Theft from Vehicle,2017,1,14,9,0,6XX W 41ST AVE,Oakridge,491253.1721,5453429.8565
Theft from Vehicle,2017,1,14,12,30,6XX W 41ST AVE,Oakridge,491253.1721,5453429.8565
Theft from Vehicle,2017,2,12,10,45,6XX W 41ST AVE,Oakridge,491253.1721,5453429.8565
Theft from Vehicle,2017,3,24,18,30,6XX W 41ST AVE,Oakridge,491253.1721,5453429.8565
Theft from Vehicle,2017,3,29,18,30,6XX W 41ST AVE,Oakridge,491253.1721,5453429.8565
Theft from Vehicle,2017,5,1,18,0,6XX W 41ST AVE,Oakridge,491253.1721,5453429.8565
Theft from Vehicle,2017,5,31,18,0,6XX W 41ST AVE,Oakridge,491253.1721,5453429.8565
Theft from Vehicle,2017,7,8,15,0,6XX W 41ST AVE,Oakridge,491253.1721,5453429.8565
Theft from Vehicle,2017,7,14,14,0,6XX W 41ST AVE,Oakridge,491253.1721,5453429.8565
Theft from Vehicle,2017,7,16,16,30,6XX W 41ST AVE,Oakridge,491253.1721,5453429.8565
Theft from Vehicle,2017,7,17,10,30,6XX W 41ST AVE,Oakridge,491253.1721,5453429.8565
Theft from Vehicle,2017,8,12,12,13,6XX W 41ST AVE,Oakridge,491253.1721,5453429.8565
Theft from Vehicle,2017,8,16,14,30,6XX W 41ST AVE,Oakridge,491253.1721,5453429.8565
Theft from Vehicle,2017,8,23,7,25,6XX W 41ST AVE,Oakridge,491253.1721,5453429.8565
Theft from Vehicle,2017,9,6,13,0,6XX W 41ST AVE,Oakridge,491253.1721,5453429.8565
Theft from Vehicle,2017,9,8,12,30,6XX W 41ST AVE,Oakridge,491253.1721,5453429.8565
Theft from Vehicle,2017,10,4,22,0,6XX W 41ST AVE,Oakridge,491253.1721,5453429.8565
Theft from Vehicle,2017,10,25,16,0,6XX W 41ST AVE,Oakridge,491253.1721,5453429.8565
Theft from Vehicle,2017,11,6,0,0,6XX W 41ST AVE,Oakridge,491253.1721,5453429.8565
Theft from Vehicle,2017,11,8,9,45,6XX W 41ST AVE,Oakridge,491253.1721,5453429.8565
Theft from Vehicle,2017,11,28,15,0,6XX W 41ST AVE,Oakridge,491253.1721,5453429.8565
Theft from Vehicle,2017,1,14,13,0,6XX W 41ST AVE,Oakridge,491253.2457,5453429.852
Theft from Vehicle,2017,7,10,17,0,6XX W 50TH AVE,Oakridge,491319.6463,5452504.9674
Theft from Vehicle,2017,7,10,21,30,6XX W 50TH AVE,Oakridge,491350.7518,5452503.0809
Theft from Vehicle,2017,12,22,7,0,6XX W 6TH AVE,Fairview,491333.3944,5457013.7605
Theft from Vehicle,2017,9,6,0,0,6XX W 6TH AVE,Fairview,491406.1262,5457012.8343
Theft from Vehicle,2017,12,12,20,0,6XX W 70TH AVE,Marpole,491188.6402,5450609.4522
Theft from Vehicle,2017,12,13,7,59,6XX W 70TH AVE,Marpole,491219.6313,5450608.5718
Theft from Vehicle,2017,12,13,0,0,6XX W 70TH AVE,Marpole,491326.3783,5450605.5391
Theft from Vehicle,2017,11,14,18,0,6XX W 71ST AVE,Marpole,491199.7955,5450523.2724
Theft from Vehicle,2017,11,1,16,0,6XX W 7TH AVE,Fairview,491311.7421,5456932.8249
Theft from Vehicle,2017,10,14,22,0,6XX W 7TH AVE,Fairview,491318.0366,5456923.4638
Theft from Vehicle,2017,7,13,16,0,6XX W 7TH AVE,Fairview,491381.0651,5456930.4907
Theft from Vehicle,2017,2,2,19,0,6XX W 7TH AVE,Fairview,491450.0805,5456919.0177
Theft from Vehicle,2017,3,22,7,53,6XX W 7TH AVE,Fairview,491450.0805,5456919.0177
Theft from Vehicle,2017,2,26,6,44,6XX W 8TH AVE,Fairview,491359.8791,5456837.4785
Theft from Vehicle,2017,9,23,21,0,6XX W 8TH AVE,Fairview,491445.6343,5456835.1426
Theft from Vehicle,2017,3,29,16,30,6XX W 8TH AVE,Fairview,491448.6836,5456825.9122
Theft from Vehicle,2017,11,5,20,36,6XX W 8TH AVE,Fairview,491448.6836,5456825.9122
Theft from Vehicle,2017,4,26,8,0,6XX W BROADWAY AVE,Fairview,491444.2989,5456722.9692
Theft from Vehicle,2017,11,18,18,0,6XX W BROADWAY AVE,Fairview,491444.2989,5456722.9692
Theft from Vehicle,2017,7,24,7,30,6XX W BROADWAY AVE,Fairview,491444.5744,5456732.1091
Theft from Vehicle,2017,8,17,8,30,6XX W BROADWAY AVE,Fairview,491444.5744,5456732.1091
Theft from Vehicle,2017,3,26,10,0,6XX W CORDOVA ST,Central Business District,491791.7261,5459246.796
Theft from Vehicle,2017,3,28,6,40,6XX W CORDOVA ST,Central Business District,491791.7261,5459246.796
Theft from Vehicle,2017,4,14,22,15,6XX W CORDOVA ST,Central Business District,491791.7261,5459246.796
Theft from Vehicle,2017,4,22,21,0,6XX W CORDOVA ST,Central Business District,491791.7261,5459246.796
Theft from Vehicle,2017,5,6,18,0,6XX W CORDOVA ST,Central Business District,491791.7261,5459246.796
Theft from Vehicle,2017,5,12,8,54,6XX W CORDOVA ST,Central Business District,491791.7261,5459246.796
Theft from Vehicle,2017,6,28,11,30,6XX W CORDOVA ST,Central Business District,491791.7261,5459246.796
Theft from Vehicle,2017,7,3,14,0,6XX W CORDOVA ST,Central Business District,491791.7261,5459246.796
Theft from Vehicle,2017,7,4,21,41,6XX W CORDOVA ST,Central Business District,491791.7261,5459246.796
Theft from Vehicle,2017,7,6,10,4,6XX W CORDOVA ST,Central Business District,491791.7261,5459246.796
Theft from Vehicle,2017,7,12,8,50,6XX W CORDOVA ST,Central Business District,491791.7261,5459246.796
Theft from Vehicle,2017,7,14,9,0,6XX W CORDOVA ST,Central Business District,491791.7261,5459246.796
Theft from Vehicle,2017,7,22,20,0,6XX W CORDOVA ST,Central Business District,491791.7261,5459246.796
Theft from Vehicle,2017,8,23,17,15,6XX W CORDOVA ST,Central Business District,491791.7261,5459246.796
Theft from Vehicle,2017,8,26,17,30,6XX W CORDOVA ST,Central Business District,491791.7261,5459246.796
Theft from Vehicle,2017,12,15,8,30,6XX W CORDOVA ST,Central Business District,491791.7261,5459246.796
Theft from Vehicle,2017,12,15,21,43,6XX W CORDOVA ST,Central Business District,491791.7261,5459246.796
Theft from Vehicle,2017,2,22,6,0,6XX W CORDOVA ST,Central Business District,491860.3153,5459179.8769
Theft from Vehicle,2017,3,27,6,50,6XX W CORDOVA ST,Central Business District,491860.3153,5459179.8769
Theft from Vehicle,2017,6,1,12,0,6XX W CORDOVA ST,Central Business District,491860.3153,5459179.8769
Theft from Vehicle,2017,7,3,12,45,6XX W CORDOVA ST,Central Business District,491860.3153,5459179.8769
Theft from Vehicle,2017,7,27,22,30,6XX W CORDOVA ST,Central Business District,491860.3153,5459179.8769
Theft from Vehicle,2017,8,5,0,0,6XX W CORDOVA ST,Central Business District,491860.3153,5459179.8769
Theft from Vehicle,2017,8,30,2,0,6XX W CORDOVA ST,Central Business District,491860.3153,5459179.8769
Theft from Vehicle,2017,10,22,13,22,6XX W CORDOVA ST,Central Business District,491860.3153,5459179.8769
Theft from Vehicle,2017,5,25,17,0,6XX W CORDOVA ST,Central Business District,491866.7009,5459186.4219
Theft from Vehicle,2017,11,14,17,0,6XX W CORDOVA ST,Central Business District,491866.7009,5459186.4219
Theft from Vehicle,2017,3,31,20,0,6XX W GEORGIA ST,Central Business District,491439.7827,5458826.841
Theft from Vehicle,2017,4,20,9,15,6XX W GEORGIA ST,Central Business District,491439.7827,5458826.841
Theft from Vehicle,2017,5,14,4,4,6XX W GEORGIA ST,Central Business District,491439.7827,5458826.841
Theft from Vehicle,2017,4,6,6,50,6XX W GEORGIA ST,Central Business District,491477.174,5458789.3651
Theft from Vehicle,2017,11,5,11,0,6XX W GEORGIA ST,Central Business District,491477.174,5458789.3651
Theft from Vehicle,2017,9,25,4,30,6XX W HASTINGS ST,Central Business District,491742.6487,5459164.1349
Theft from Vehicle,2017,11,16,6,30,6XX W HASTINGS ST,Central Business District,491742.6487,5459164.1349
Theft from Vehicle,2017,5,28,9,0,6XX W HASTINGS ST,Central Business District,491787.2299,5459106.5361
Theft from Vehicle,2017,8,15,22,0,6XX W HASTINGS ST,Central Business District,491787.2299,5459106.5361
Theft from Vehicle,2017,9,7,12,0,6XX W PENDER ST,Central Business District,491684.3415,5459077.8098
Theft from Vehicle,2017,8,26,8,0,6XX W PENDER ST,Central Business District,491714.0714,5459049.442
Theft from Vehicle,2017,12,14,18,0,6XX W PENDER ST,Central Business District,491722.5657,5459041.3369
Theft from Vehicle,2017,8,20,7,30,6XX W WATERFRONT RD,Central Business District,491922.295,5459336.0041
Theft from Vehicle,2017,10,22,20,0,6XX WINDERMERE ST,Hastings-Sunrise,497370.8187,5458479.209
Theft from Vehicle,2017,8,27,22,0,6XX WOODLAND DR,Grandview-Woodland,494717.2425,5458474.4182
Theft from Vehicle,2017,9,26,5,38,6XX WOODLAND DR,Grandview-Woodland,494718.1299,5458518.0169
Theft from Vehicle,2017,6,5,17,30,70XX ASH CRES,Oakridge,491349.7547,5452105.3514
Theft from Vehicle,2017,10,16,20,30,70XX MONT ROYAL SQ,Killarney,497248.1105,5451835.5819
Theft from Vehicle,2017,7,12,22,0,70XX OAK ST,Oakridge,490639.7149,5452220.7751
Theft from Vehicle,2017,4,11,21,0,70XX WALES ST,Victoria-Fraserview,496153.0427,5451874.5059
Theft from Vehicle,2017,6,16,12,0,71XX ASH CRES,Oakridge,491239.8667,5451944.4072
Theft from Vehicle,2017,11,6,20,0,71XX CHAMPLAIN CRES,Killarney,497646.2451,5451797.7503
Theft from Vehicle,2017,10,28,10,0,71XX CLARENDON ST,Victoria-Fraserview,495791.7381,5451784.4401
Theft from Vehicle,2017,12,2,18,0,71XX FRASER ST,Sunset,493384.9289,5451909.5095
Theft from Vehicle,2017,5,30,15,30,71XX INVERNESS ST,Sunset,494171.0716,5451836.3898
Theft from Vehicle,2017,10,5,19,0,71XX KNIGHT ST,Victoria-Fraserview,494392.5137,5451813.7166
Theft from Vehicle,2017,11,20,15,0,71XX MAIN ST,Sunset,492579.5271,5451892.0096
Theft from Vehicle,2017,4,13,18,0,71XX MAPLE ST,Kerrisdale,488859.7555,5451982.2325
Theft from Vehicle,2017,1,24,23,0,72XX KNIGHT ST,Sunset,494383.8133,5451756.2159
Theft from Vehicle,2017,4,23,16,30,72XX KNIGHT ST,Sunset,494384.0888,5451720.5162
Theft from Vehicle,2017,11,4,17,25,72XX MAPLE ST,Kerrisdale,488858.7344,5451931.2755
Theft from Vehicle,2017,3,14,0,0,72XX NANAIMO ST,Victoria-Fraserview,495684.6681,5451704.3554
Theft from Vehicle,2017,9,14,3,20,72XX NANAIMO ST,Victoria-Fraserview,495684.6681,5451704.3554
Theft from Vehicle,2017,8,20,17,0,72XX ONTARIO ST,Oakridge,492271.7442,5451776.647
Theft from Vehicle,2017,6,14,20,0,72XX ONTARIO ST,Oakridge,492272.3366,5451838.6108
Theft from Vehicle,2017,6,2,18,0,73XX BLAKE ST,Killarney,497841.0836,5451634.2985
Theft from Vehicle,2017,10,11,17,0,73XX BLAKE ST,Killarney,497867.6469,5451653.2249
Theft from Vehicle,2017,7,7,17,30,73XX CAMBIE ST,Oakridge,491508.8422,5451810.1559
Theft from Vehicle,2017,4,22,1,30,73XX JASPER CRES,Victoria-Fraserview,495107.322,5451593.5332
Theft from Vehicle,2017,11,10,18,0,73XX KNIGHT ST,Victoria-Fraserview,494393.3394,5451706.4479
Theft from Vehicle,2017,9,28,4,37,73XX PRINCE ALBERT ST,Sunset,493610.3932,5451718.531
Theft from Vehicle,2017,8,14,18,0,73XX PRINCE EDWARD ST,Sunset,492886.5585,5451691.9359
Theft from Vehicle,2017,8,12,21,30,73XX REBEKAH DR,Killarney,497233.791,5451701.1569
Theft from Vehicle,2017,8,10,21,0,74XX ANGUS DR,Marpole,489203.6371,5451683.2781
Theft from Vehicle,2017,8,24,19,0,74XX ASHBURN ST,Victoria-Fraserview,495867.2838,5451590.2875
Theft from Vehicle,2017,9,13,21,0,74XX ASHBURN ST,Victoria-Fraserview,495867.2838,5451590.2875
Theft from Vehicle,2017,2,7,15,0,74XX COLUMBIA ST,Marpole,491911.344,5451626.6218
Theft from Vehicle,2017,6,9,17,30,74XX GATINEAU PL,Victoria-Fraserview,496189.9596,5451508.3805
Theft from Vehicle,2017,1,21,21,0,74XX HUDSON ST,Marpole,490240.8006,5451728.2683
Theft from Vehicle,2017,9,12,22,30,74XX KNIGHT ST,Sunset,494383.9687,5451538.5517
Theft from Vehicle,2017,9,7,9,0,74XX PRINCE ALBERT ST,Sunset,493596.3853,5451536.3841
Theft from Vehicle,2017,8,27,20,45,74XX STANLEY PARK DR,Stanley Park,488646.928,5460991.5874
Theft from Vehicle,2017,11,13,11,30,74XX STANLEY PARK DR,Stanley Park,488646.928,5460991.5874
Theft from Vehicle,2017,3,4,11,25,74XX STANLEY PARK DR,Stanley Park,488646.928,5460991.5874
Theft from Vehicle,2017,3,4,14,42,74XX TAMARIND DR,Killarney,498210.6925,5451562.2188
Theft from Vehicle,2017,9,15,22,30,74XX VICTORIA DR,Victoria-Fraserview,495191.7151,5451573.9638
Theft from Vehicle,2017,7,11,12,0,75XX ANGUS DR,Marpole,489203.8969,5451671.2117
Theft from Vehicle,2017,5,31,11,40,75XX CAMBIE ST,Marpole,491474.4072,5451550.427
Theft from Vehicle,2017,5,17,18,0,75XX COLUMBIA ST,Marpole,491800.3357,5451487.5273
Theft from Vehicle,2017,5,18,15,30,75XX COLUMBIA ST,Marpole,491801.7434,5451545.6086
Theft from Vehicle,2017,7,17,22,0,75XX ELLIOTT ST,Victoria-Fraserview,496087.6486,5451465.5495
Theft from Vehicle,2017,5,12,1,45,75XX GLADSTONE ST,Victoria-Fraserview,495483.5223,5451538.4625
Theft from Vehicle,2017,11,11,22,0,75XX JASPER CRES,Victoria-Fraserview,494896.1905,5451412.2932
Theft from Vehicle,2017,8,13,13,0,75XX MAIN ST,Sunset,492577.5108,5451473.3045
Theft from Vehicle,2017,4,13,18,0,75XX MATHESON CRES,Killarney,498177.0665,5451535.9614
Theft from Vehicle,2017,1,20,23,0,75XX MONTCALM ST,Marpole,490138.9135,5451604.2583
Theft from Vehicle,2017,8,7,21,30,75XX MONTCALM ST,Marpole,490138.9135,5451604.2583
Theft from Vehicle,2017,9,12,19,0,75XX MONTCALM ST,Marpole,490138.9135,5451604.2583
Theft from Vehicle,2017,10,12,23,0,75XX ONTARIO ST,Sunset,492268.8862,5451561.3628
Theft from Vehicle,2017,4,7,15,0,75XX PRINCE ALBERT ST,Sunset,493605.2387,5451525.6878
Theft from Vehicle,2017,5,2,19,50,75XX STANLEY PARK DR,Stanley Park,488627.398,5460985.7478
Theft from Vehicle,2017,8,8,10,0,76XX ARBUTUS ST,Kerrisdale,488744.2334,5451572.9722
Theft from Vehicle,2017,7,24,18,0,76XX ARGYLE ST,Victoria-Fraserview,494759.5256,5451360.1034
Theft from Vehicle,2017,5,27,0,0,76XX BYWELL CRT,Killarney,498095.7743,5451362.5463
Theft from Vehicle,2017,10,27,18,0,76XX COLUMBIA ST,Marpole,491799.9515,5451471.6798
Theft from Vehicle,2017,10,25,16,45,76XX JASPER CRES,Victoria-Fraserview,494896.4859,5451356.3549
Theft from Vehicle,2017,3,5,19,0,76XX OAK ST,Marpole,490546.9613,5451479.2373
Theft from Vehicle,2017,5,30,17,30,76XX ONTARIO ST,Sunset,492258.6529,5451382.133
Theft from Vehicle,2017,6,23,20,30,76XX OSLER ST,Marpole,490436.4792,5451471.6159
Theft from Vehicle,2017,7,22,21,30,76XX OSLER ST,Marpole,490436.4792,5451471.6159
Theft from Vehicle,2017,8,8,0,0,76XX SELKIRK ST,Marpole,490325.1327,5451420.4049
Theft from Vehicle,2017,12,12,18,0,77XX CAMBIE ST,Marpole,491498.2876,5451386.2937
Theft from Vehicle,2017,11,10,16,20,77XX FRASER ST,Sunset,493363.4821,5451286.3732
Theft from Vehicle,2017,2,11,19,0,77XX FRENCH ST,Marpole,489883.8362,5451445.5547
Theft from Vehicle,2017,10,20,23,30,77XX GRANVILLE ST,Marpole,489787.6867,5451399.6106
Theft from Vehicle,2017,1,16,16,0,77XX GRANVILLE ST,Marpole,489789.1192,5451465.4496
Theft from Vehicle,2017,6,17,17,0,77XX GRANVILLE ST,Marpole,489789.1192,5451465.4496
Theft from Vehicle,2017,12,14,0,0,77XX HEATHER ST,Marpole,490975.5459,5451314.1291
Theft from Vehicle,2017,11,11,21,0,77XX HEATHER ST,Marpole,490977.3662,5451379.4302
Theft from Vehicle,2017,12,22,21,43,77XX JASPER CRES,Victoria-Fraserview,494903.9522,5451308.4711
Theft from Vehicle,2017,2,15,19,0,77XX KERR ST,Killarney,496977.9202,5451318.7686
Theft from Vehicle,2017,11,18,18,0,77XX KINROSS ST,Killarney,497299.2909,5451312.3946
Theft from Vehicle,2017,5,22,12,0,77XX MUIRFIELD DR,Victoria-Fraserview,495845.2624,5451124.1976
Theft from Vehicle,2017,4,28,22,0,77XX MUIRFIELD DR,Victoria-Fraserview,495862.5434,5451123.6879
Theft from Vehicle,2017,11,28,0,0,77XX VICTORIA DR,Victoria-Fraserview,495195.5564,5451260.3439
Theft from Vehicle,2017,5,19,14,0,77XX VIVIAN DR,Victoria-Fraserview,496069.2986,5451198.2368
Theft from Vehicle,2017,7,22,23,0,77XX WINDSOR ST,Sunset,493763.4166,5451257.686
Theft from Vehicle,2017,8,16,4,28,78XX CARTIER ST,Marpole,489973.08,5451332.7174
Theft from Vehicle,2017,1,14,20,0,78XX CARTIER ST,Marpole,489982.6724,5451360.7327
Theft from Vehicle,2017,3,6,18,30,78XX CHAMPLAIN CRES,Killarney,497827.2215,5451309.0782
Theft from Vehicle,2017,9,23,0,0,78XX HEATHER ST,Marpole,490963.7654,5451233.2626
Theft from Vehicle,2017,5,12,0,0,78XX JASPER CRES,Victoria-Fraserview,495154.0464,5451063.6592
Theft from Vehicle,2017,9,28,18,0,78XX KNIGHT ST,Victoria-Fraserview,494388.5133,5451140.1031
Theft from Vehicle,2017,9,30,4,30,78XX MONTCALM ST,Marpole,490131.4364,5451275.0472
Theft from Vehicle,2017,12,10,23,0,78XX ONTARIO ST,Sunset,492253.1091,5451271.437
Theft from Vehicle,2017,11,28,21,0,79XX ARGYLE ST,Victoria-Fraserview,494757.4676,5451049.6842
Theft from Vehicle,2017,9,30,0,5,79XX BIRCH ST,Marpole,490069.7871,5451177.2985
Theft from Vehicle,2017,2,12,21,0,79XX BIRCH ST,Marpole,490069.8479,5451185.0015
Theft from Vehicle,2017,9,29,19,30,79XX CARTIER ST,Marpole,489981.067,5451260.1568
Theft from Vehicle,2017,8,22,23,0,79XX COLUMBIA ST,Marpole,491781.2081,5451066.1337
Theft from Vehicle,2017,5,27,20,30,79XX KNIGHT ST,Sunset,494378.9385,5451063.08
Theft from Vehicle,2017,6,2,23,0,79XX LABURNUM ST,Kerrisdale,489042.6223,5451178.9675
Theft from Vehicle,2017,9,20,18,0,79XX ONTARIO ST,Sunset,492244.3543,5451101.6878
Theft from Vehicle,2017,11,15,0,0,79XX ONTARIO ST,Sunset,492244.3543,5451101.6878
Theft from Vehicle,2017,12,11,0,0,79XX ONTARIO ST,Sunset,492244.3543,5451101.6878
Theft from Vehicle,2017,12,10,22,0,79XX ONTARIO ST,Sunset,492245.3355,5451122.1365
Theft from Vehicle,2017,10,4,19,0,79XX ONTARIO ST,Sunset,492247.8279,5451174.0835
Theft from Vehicle,2017,12,9,16,0,79XX ROSS ST,Sunset,493938.2227,5451100.0892
Theft from Vehicle,2017,9,27,3,26,79XX VICTORIA DR,Victoria-Fraserview,495183.4393,5450972.5286
Theft from Vehicle,2017,8,13,0,0,79XX YUKON ST,Marpole,491653.0645,5451070.6436
Theft from Vehicle,2017,3,23,21,0,7X E 15TH AVE,Mount Pleasant,492453.4977,5456086.7454
Theft from Vehicle,2017,10,15,17,0,7X E BROADWAY AVE,Mount Pleasant,492475.2988,5456700.2116
Theft from Vehicle,2017,2,9,15,10,7X E HASTINGS ST,Central Business District,492520.5647,5458749.5344
Theft from Vehicle,2017,4,3,3,0,7X E PENDER ST,Central Business District,492516.203,5458643.4407
Theft from Vehicle,2017,6,22,22,0,7X E PENDER ST,Central Business District,492527.6406,5458633.873
Theft from Vehicle,2017,6,7,23,0,7X N NANAIMO ST,Grandview-Woodland,495884.5738,5459191.674
Theft from Vehicle,2017,5,1,19,30,7X W 18TH AVE,Riley Park,492246.5339,5455779.6659
Theft from Vehicle,2017,7,5,22,0,7X W 1ST AVE,Mount Pleasant,492290.2852,5457512.8789
Theft from Vehicle,2017,11,11,20,0,7X W 3RD AVE,Mount Pleasant,492275.2276,5457296.0162
Theft from Vehicle,2017,3,4,18,0,7X W BROADWAY AVE,Mount Pleasant,492261.5415,5456707.4455
Theft from Vehicle,2017,5,14,0,0,7XX ALEXANDER ST,Strathcona,493504.4043,5459016.1844
Theft from Vehicle,2017,9,1,21,0,7XX ALEXANDER ST,Strathcona,493504.4043,5459016.1844
Theft from Vehicle,2017,9,2,20,0,7XX ALEXANDER ST,Strathcona,493504.4043,5459016.1844
Theft from Vehicle,2017,9,29,15,45,7XX ALEXANDER ST,Strathcona,493504.4043,5459016.1844
Theft from Vehicle,2017,3,6,20,0,7XX ALEXANDER ST,Strathcona,493598.7201,5459006.9033
Theft from Vehicle,2017,4,10,13,0,7XX BEATTY ST,Central Business District,491728.7754,5458332.4573
Theft from Vehicle,2017,7,20,13,43,7XX BEATTY ST,Central Business District,491738.4012,5458342.0825
Theft from Vehicle,2017,2,14,20,0,7XX BEATTY ST,Central Business District,491741.5615,5458358.1736
Theft from Vehicle,2017,10,18,0,0,7XX BEATTY ST,Central Business District,491741.5615,5458358.1736
Theft from Vehicle,2017,2,10,17,47,7XX BEATTY ST,Central Business District,491789.6906,5458406.2994
Theft from Vehicle,2017,2,19,22,0,7XX BEATTY ST,Central Business District,491789.6906,5458406.2994
Theft from Vehicle,2017,3,8,8,30,7XX BEATTY ST,Central Business District,491789.6906,5458406.2994
Theft from Vehicle,2017,5,23,20,0,7XX BEATTY ST,Central Business District,491789.6906,5458406.2994
Theft from Vehicle,2017,6,22,18,2,7XX BEATTY ST,Central Business District,491789.6906,5458406.2994
Theft from Vehicle,2017,6,23,21,0,7XX BEATTY ST,Central Business District,491789.6906,5458406.2994
Theft from Vehicle,2017,10,31,21,30,7XX BEATTY ST,Central Business District,491789.6906,5458406.2994
Theft from Vehicle,2017,1,20,6,0,7XX BEATTY ST,Central Business District,491809.4712,5458413.1477
Theft from Vehicle,2017,3,8,0,0,7XX BEATTY ST,Central Business District,491837.5197,5458441.1982
Theft from Vehicle,2017,3,17,6,52,7XX BEATTY ST,Central Business District,491837.5197,5458441.1982
Theft from Vehicle,2017,5,27,21,30,7XX BEATTY ST,Central Business District,491837.5197,5458441.1982
Theft from Vehicle,2017,10,10,18,0,7XX BEATTY ST,Central Business District,491837.5197,5458441.1982
Theft from Vehicle,2017,11,9,8,26,7XX BEATTY ST,Central Business District,491837.5197,5458441.1982
Theft from Vehicle,2017,4,16,13,0,7XX BIDWELL ST,West End,490343.6807,5459826.6848
Theft from Vehicle,2017,6,16,21,30,7XX BROUGHTON ST,West End,490595.9907,5459508.374
Theft from Vehicle,2017,7,9,20,30,7XX BROUGHTON ST,West End,490625.1157,5459548.5542
Theft from Vehicle,2017,8,15,21,0,7XX BROUGHTON ST,West End,490625.1157,5459548.5542
Theft from Vehicle,2017,5,21,20,52,7XX BURRARD ST,West End,491107.3849,5458999.1013
Theft from Vehicle,2017,8,2,11,30,7XX BURRARD ST,West End,491107.3849,5458999.1013
Theft from Vehicle,2017,8,5,21,19,7XX BURRARD ST,West End,491107.3849,5458999.1013
Theft from Vehicle,2017,11,20,18,28,7XX BURRARD ST,West End,491107.3849,5458999.1013
Theft from Vehicle,2017,6,22,1,42,7XX BURRARD ST,Central Business District,491117.4327,5458996.1484
Theft from Vehicle,2017,7,27,5,20,7XX BURRARD ST,Central Business District,491195.2806,5459075.5723
Theft from Vehicle,2017,10,27,5,0,7XX BURRARD ST,Central Business District,491195.2806,5459075.5723
Theft from Vehicle,2017,4,17,23,4,7XX BUTE ST,West End,490887.7862,5459379.1361
Theft from Vehicle,2017,5,5,23,30,7XX BUTE ST,West End,490887.7862,5459379.1361
Theft from Vehicle,2017,5,8,0,0,7XX BUTE ST,West End,490887.7862,5459379.1361
Theft from Vehicle,2017,1,21,17,40,7XX CAMBIE ST,Central Business District,491666.9798,5458425.4694
Theft from Vehicle,2017,8,21,8,0,7XX CAMBIE ST,Central Business District,491701.7211,5458447.4228
Theft from Vehicle,2017,11,15,8,45,7XX CAMBIE ST,Central Business District,491701.7211,5458447.4228
Theft from Vehicle,2017,1,2,20,0,7XX CAMBIE ST,Central Business District,491758.1393,5458504.1274
Theft from Vehicle,2017,1,5,12,20,7XX CAMBIE ST,Central Business District,491760.5943,5458506.5954
Theft from Vehicle,2017,3,8,13,10,7XX CAMBIE ST,Central Business District,491760.5943,5458506.5954
Theft from Vehicle,2017,5,10,21,7,7XX CAMBIE ST,Central Business District,491760.5943,5458506.5954
Theft from Vehicle,2017,11,2,21,0,7XX CAMBIE ST,Central Business District,491760.5943,5458506.5954
Theft from Vehicle,2017,11,3,18,0,7XX CAMBIE ST,Central Business District,491760.5943,5458506.5954
Theft from Vehicle,2017,12,26,19,0,7XX CAMBIE ST,Central Business District,491760.5943,5458506.5954
Theft from Vehicle,2017,9,18,22,0,7XX CAMPBELL AVE,Strathcona,493818.051,5458368.956
Theft from Vehicle,2017,12,4,16,0,7XX CAMPBELL AVE,Strathcona,493828.0094,5458395.7014
Theft from Vehicle,2017,5,12,17,28,7XX CARDERO ST,West End,490397.7095,5459662.6263
Theft from Vehicle,2017,7,23,23,30,7XX CARDERO ST,West End,490397.7095,5459662.6263
Theft from Vehicle,2017,12,4,21,30,7XX CARDERO ST,West End,490397.7095,5459662.6263
Theft from Vehicle,2017,8,20,4,16,7XX CLARK DR,Grandview-Woodland,494387.482,5458423.6256
Theft from Vehicle,2017,11,11,21,0,7XX COMMERCIAL DR,Grandview-Woodland,494869.7371,5458394.2096
Theft from Vehicle,2017,6,6,19,0,7XX COMMERCIAL DR,Grandview-Woodland,494878.8473,5458380.3989
Theft from Vehicle,2017,8,6,4,0,7XX DENMAN ST,West End,490228.2862,5459941.3993
Theft from Vehicle,2017,8,15,21,0,7XX DENMAN ST,West End,490228.2862,5459941.3993
Theft from Vehicle,2017,10,12,12,0,7XX DENMAN ST,West End,490228.2862,5459941.3993
Theft from Vehicle,2017,7,3,14,0,7XX DRAKE ST,Central Business District,490686.4485,5458170.4891
Theft from Vehicle,2017,1,23,13,0,7XX DUNSMUIR ST,Central Business District,491483.7724,5459051.5702
Theft from Vehicle,2017,1,28,12,0,7XX DUNSMUIR ST,Central Business District,491483.7724,5459051.5702
Theft from Vehicle,2017,1,28,20,57,7XX DUNSMUIR ST,Central Business District,491483.7724,5459051.5702
Theft from Vehicle,2017,2,17,10,39,7XX DUNSMUIR ST,Central Business District,491483.7724,5459051.5702
Theft from Vehicle,2017,2,17,19,0,7XX DUNSMUIR ST,Central Business District,491483.7724,5459051.5702
Theft from Vehicle,2017,2,19,16,55,7XX DUNSMUIR ST,Central Business District,491483.7724,5459051.5702
Theft from Vehicle,2017,2,26,0,3,7XX DUNSMUIR ST,Central Business District,491483.7724,5459051.5702
Theft from Vehicle,2017,3,8,11,15,7XX DUNSMUIR ST,Central Business District,491483.7724,5459051.5702
Theft from Vehicle,2017,3,20,20,31,7XX DUNSMUIR ST,Central Business District,491483.7724,5459051.5702
Theft from Vehicle,2017,3,23,21,13,7XX DUNSMUIR ST,Central Business District,491483.7724,5459051.5702
Theft from Vehicle,2017,4,4,20,17,7XX DUNSMUIR ST,Central Business District,491483.7724,5459051.5702
Theft from Vehicle,2017,6,6,15,0,7XX DUNSMUIR ST,Central Business District,491483.7724,5459051.5702
Theft from Vehicle,2017,7,13,18,0,7XX DUNSMUIR ST,Central Business District,491483.7724,5459051.5702
Theft from Vehicle,2017,7,15,18,0,7XX DUNSMUIR ST,Central Business District,491483.7724,5459051.5702
Theft from Vehicle,2017,7,20,17,0,7XX DUNSMUIR ST,Central Business District,491483.7724,5459051.5702
Theft from Vehicle,2017,7,21,18,0,7XX DUNSMUIR ST,Central Business District,491483.7724,5459051.5702
Theft from Vehicle,2017,7,24,13,0,7XX DUNSMUIR ST,Central Business District,491483.7724,5459051.5702
Theft from Vehicle,2017,9,17,12,14,7XX DUNSMUIR ST,Central Business District,491483.7724,5459051.5702
Theft from Vehicle,2017,10,6,17,30,7XX DUNSMUIR ST,Central Business District,491483.7724,5459051.5702
Theft from Vehicle,2017,10,15,14,0,7XX DUNSMUIR ST,Central Business District,491483.7724,5459051.5702
Theft from Vehicle,2017,11,21,5,45,7XX DUNSMUIR ST,Central Business District,491483.7724,5459051.5702
Theft from Vehicle,2017,11,30,15,0,7XX DUNSMUIR ST,Central Business District,491483.7724,5459051.5702
Theft from Vehicle,2017,12,1,14,0,7XX DUNSMUIR ST,Central Business District,491483.7724,5459051.5702
Theft from Vehicle,2017,12,9,17,0,7XX DUNSMUIR ST,Central Business District,491483.7724,5459051.5702
Theft from Vehicle,2017,12,13,16,30,7XX DUNSMUIR ST,Central Business District,491483.7724,5459051.5702
Theft from Vehicle,2017,12,16,13,30,7XX DUNSMUIR ST,Central Business District,491483.7724,5459051.5702
Theft from Vehicle,2017,12,31,22,0,7XX DUNSMUIR ST,Central Business District,491483.7724,5459051.5702
Theft from Vehicle,2017,1,15,18,0,7XX DUNSMUIR ST,Central Business District,491485.3891,5459049.9518
Theft from Vehicle,2017,12,2,16,15,7XX DUNSMUIR ST,Central Business District,491512.5072,5459022.8055
Theft from Vehicle,2017,7,18,18,30,7XX DUNSMUIR ST,Central Business District,491531.2005,5458991.1556
Theft from Vehicle,2017,11,2,16,0,7XX DURWARD AVE,Kensington-Cedar Cottage,493424.2472,5454229.9069
Theft from Vehicle,2017,2,14,8,0,7XX E 10TH AVE,Mount Pleasant,493517.5936,5456527.2732
Theft from Vehicle,2017,5,8,7,16,7XX E 10TH AVE,Mount Pleasant,493599.6897,5456526.0331
Theft from Vehicle,2017,3,6,18,0,7XX E 11TH AVE,Mount Pleasant,493571.4289,5456435.8815
Theft from Vehicle,2017,9,28,22,0,7XX E 13TH AVE,Mount Pleasant,493513.8434,5456226.767
Theft from Vehicle,2017,7,15,22,0,7XX E 13TH AVE,Mount Pleasant,493549.7213,5456226.4867
Theft from Vehicle,2017,7,15,22,0,7XX E 13TH AVE,Mount Pleasant,493593.2872,5456226.1464
Theft from Vehicle,2017,5,21,0,30,7XX E 14TH AVE,Mount Pleasant,493515.83,5456129.5377
Theft from Vehicle,2017,2,1,20,0,7XX E 14TH AVE,Mount Pleasant,493590.3383,5456128.7353
Theft from Vehicle,2017,7,21,16,0,7XX E 14TH AVE,Mount Pleasant,493640.1646,5456137.3428
Theft from Vehicle,2017,4,13,17,0,7XX E 15TH AVE,Mount Pleasant,493492.3353,5456043.3597
Theft from Vehicle,2017,8,18,6,30,7XX E 17TH AVE,Kensington-Cedar Cottage,493502.7696,5455870.2425
Theft from Vehicle,2017,8,31,21,30,7XX E 17TH AVE,Kensington-Cedar Cottage,493502.7696,5455870.2425
Theft from Vehicle,2017,8,23,20,0,7XX E 20TH AVE,Kensington-Cedar Cottage,493602.1315,5455555.0326
Theft from Vehicle,2017,12,15,23,0,7XX E 21ST AVE,Kensington-Cedar Cottage,493447.7834,5455457.8652
Theft from Vehicle,2017,11,23,16,0,7XX E 22ND AVE,Kensington-Cedar Cottage,493590.792,5455365.4546
Theft from Vehicle,2017,4,17,20,0,7XX E 24TH AVE,Kensington-Cedar Cottage,493535.8628,5455164.3994
Theft from Vehicle,2017,1,31,19,0,7XX E 26TH AVE,Kensington-Cedar Cottage,493452.6513,5454980.8903
Theft from Vehicle,2017,1,31,22,0,7XX E 26TH AVE,Kensington-Cedar Cottage,493452.6513,5454980.8903
Theft from Vehicle,2017,2,1,0,0,7XX E 26TH AVE,Kensington-Cedar Cottage,493452.6513,5454980.8903
Theft from Vehicle,2017,7,24,22,0,7XX E 26TH AVE,Kensington-Cedar Cottage,493534.7092,5454986.8928
Theft from Vehicle,2017,10,22,17,0,7XX E 26TH AVE,Kensington-Cedar Cottage,493534.7092,5454986.8928
Theft from Vehicle,2017,5,18,16,30,7XX E 29TH AVE,Kensington-Cedar Cottage,493431.0629,5454662.4075
Theft from Vehicle,2017,6,10,22,9,7XX E 29TH AVE,Kensington-Cedar Cottage,493500.178,5454660.2525
Theft from Vehicle,2017,10,4,16,0,7XX E 30TH AVE,Kensington-Cedar Cottage,493428.6749,5454527.9425
Theft from Vehicle,2017,2,10,19,0,7XX E 30TH AVE,Kensington-Cedar Cottage,493463.0605,5454527.36
Theft from Vehicle,2017,2,11,0,0,7XX E 31ST AVE,Kensington-Cedar Cottage,493499.1971,5454431.3563
Theft from Vehicle,2017,7,4,0,0,7XX E 31ST AVE,Kensington-Cedar Cottage,493513.059,5454431.0421
Theft from Vehicle,2017,9,3,23,30,7XX E 51ST AVE,Sunset,493386.9133,5452308.9656
Theft from Vehicle,2017,12,2,1,30,7XX E 51ST AVE,Sunset,493492.3966,5452306.5818
Theft from Vehicle,2017,11,7,18,0,7XX E 54TH AVE,Sunset,493427.05,5451992.0108
Theft from Vehicle,2017,1,25,0,0,7XX E 55TH AVE,Sunset,493536.8995,5451903.911
Theft from Vehicle,2017,8,23,19,0,7XX E 57TH AVE,Sunset,493433.6874,5451719.0373
Theft from Vehicle,2017,5,11,14,0,7XX E 57TH AVE,Sunset,493512.7989,5451726.5963
Theft from Vehicle,2017,8,14,18,30,7XX E 57TH AVE,Sunset,493534.7234,5451726.1565
Theft from Vehicle,2017,10,10,23,0,7XX E 62ND AVE,Sunset,493387.242,5451249.9754
Theft from Vehicle,2017,2,12,15,0,7XX E 62ND AVE,Sunset,493400.9913,5451249.3862
Theft from Vehicle,2017,12,21,0,0,7XX E 6TH AVE,Mount Pleasant,493536.4707,5456948.1098
Theft from Vehicle,2017,12,28,18,0,7XX E 6TH AVE,Mount Pleasant,493536.4707,5456948.1098
Theft from Vehicle,2017,12,29,15,30,7XX E 6TH AVE,Mount Pleasant,493536.4707,5456948.1098
Theft from Vehicle,2017,4,5,18,0,7XX E 6TH AVE,Mount Pleasant,493630.1024,5456937.5025
Theft from Vehicle,2017,9,15,13,0,7XX E 6TH AVE,Mount Pleasant,493631.9039,5456937.4743
Theft from Vehicle,2017,10,31,5,41,7XX E 7TH AVE,Mount Pleasant,493523.1533,5456840.2334
Theft from Vehicle,2017,8,28,22,0,7XX E 7TH AVE,Mount Pleasant,493590.7077,5456839.2858
Theft from Vehicle,2017,7,19,21,0,7XX E 7TH AVE,Mount Pleasant,493623.2621,5456847.9742
Theft from Vehicle,2017,12,25,17,40,7XX E 7TH AVE,Mount Pleasant,493623.2621,5456847.9742
Theft from Vehicle,2017,4,12,3,46,7XX E CORDOVA ST,Strathcona,493546.4579,5458822.5532
Theft from Vehicle,2017,7,1,18,30,7XX E CORDOVA ST,Strathcona,493546.4579,5458822.5532
Theft from Vehicle,2017,12,25,0,0,7XX E CORDOVA ST,Strathcona,493546.4579,5458822.5532
Theft from Vehicle,2017,3,16,18,0,7XX E CORDOVA ST,Strathcona,493566.1237,5458812.7524
Theft from Vehicle,2017,11,17,23,0,7XX E CORDOVA ST,Strathcona,493566.1237,5458812.7524
Theft from Vehicle,2017,3,26,10,0,7XX E CORDOVA ST,Strathcona,493629.3578,5458810.6568
Theft from Vehicle,2017,6,9,21,0,7XX E CORDOVA ST,Strathcona,493629.3578,5458810.6568
Theft from Vehicle,2017,1,14,5,17,7XX E GEORGIA ST,Strathcona,493482.9642,5458403.2439
Theft from Vehicle,2017,10,23,16,0,7XX E GEORGIA ST,Strathcona,493534.1936,5458402.5933
Theft from Vehicle,2017,8,22,11,30,7XX E HASTINGS ST,Strathcona,493493.3454,5458711.2788
Theft from Vehicle,2017,5,11,15,38,7XX E HASTINGS ST,Strathcona,493592.495,5458706.5564
Theft from Vehicle,2017,9,28,11,30,7XX E KING EDWARD AVE,Kensington-Cedar Cottage,493559.2111,5455094.4925
Theft from Vehicle,2017,9,18,15,30,7XX E PENDER ST,Strathcona,493490.3969,5458605.1195
Theft from Vehicle,2017,11,11,23,0,7XX E PENDER ST,Strathcona,493490.3969,5458605.1195
Theft from Vehicle,2017,12,15,11,30,7XX E PENDER ST,Strathcona,493612.4957,5458610.0884
Theft from Vehicle,2017,3,24,2,0,7XX EVANS AVE,Strathcona,493577.8848,5457688.6091
Theft from Vehicle,2017,10,12,12,0,7XX EVANS AVE,Strathcona,493577.8848,5457688.6091
Theft from Vehicle,2017,10,8,18,30,7XX EXPO BLVD,Central Business District,491931.7988,5458341.6749
Theft from Vehicle,2017,3,10,22,0,7XX EXPO BLVD,Central Business District,491932.0202,5458350.8162
Theft from Vehicle,2017,9,14,7,0,7XX EXPO BLVD,Central Business District,491932.0202,5458350.8162
Theft from Vehicle,2017,12,27,10,22,7XX EXPO BLVD,Central Business District,491932.0202,5458350.8162
Theft from Vehicle,2017,8,11,22,0,7XX GILFORD ST,West End,490056.6841,5459992.9397
Theft from Vehicle,2017,9,11,18,0,7XX GILFORD ST,West End,490114.3686,5460052.0057
Theft from Vehicle,2017,9,20,12,0,7XX GILFORD ST,West End,490114.3686,5460052.0057
Theft from Vehicle,2017,11,17,17,0,7XX GORE AVE,Strathcona,492938.0112,5458388.1576
Theft from Vehicle,2017,5,15,19,0,7XX GORE AVE,Strathcona,492944.6443,5458422.9589
Theft from Vehicle,2017,5,21,7,39,7XX GORE AVE,Strathcona,492944.6443,5458422.9589
Theft from Vehicle,2017,10,5,15,30,7XX GORE AVE,Strathcona,492944.6443,5458422.9589
Theft from Vehicle,2017,10,23,6,1,7XX GORE AVE,Strathcona,492944.6443,5458422.9589
Theft from Vehicle,2017,11,10,18,40,7XX GORE AVE,Strathcona,492944.6443,5458422.9589
Theft from Vehicle,2017,1,24,10,0,7XX GRANVILLE ST,Central Business District,491292.7916,5458742.3123
Theft from Vehicle,2017,2,22,17,0,7XX GRANVILLE ST,Central Business District,491292.7916,5458742.3123
Theft from Vehicle,2017,2,24,17,49,7XX GRANVILLE ST,Central Business District,491292.7916,5458742.3123
Theft from Vehicle,2017,3,12,16,30,7XX GRANVILLE ST,Central Business District,491292.7916,5458742.3123
Theft from Vehicle,2017,5,22,14,0,7XX GRANVILLE ST,Central Business District,491292.7916,5458742.3123
Theft from Vehicle,2017,6,18,13,50,7XX GRANVILLE ST,Central Business District,491292.7916,5458742.3123
Theft from Vehicle,2017,6,30,20,20,7XX GRANVILLE ST,Central Business District,491292.7916,5458742.3123
Theft from Vehicle,2017,7,6,13,45,7XX GRANVILLE ST,Central Business District,491292.7916,5458742.3123
Theft from Vehicle,2017,10,7,17,0,7XX GRANVILLE ST,Central Business District,491292.7916,5458742.3123
Theft from Vehicle,2017,10,21,19,30,7XX GRANVILLE ST,Central Business District,491298.0417,5458760.5655
Theft from Vehicle,2017,5,17,15,25,7XX GRANVILLE ST,Central Business District,491313.9155,5458763.5652
Theft from Vehicle,2017,6,7,21,20,7XX GRANVILLE ST,Central Business District,491313.9155,5458763.5652
Theft from Vehicle,2017,7,1,20,34,7XX GRANVILLE ST,Central Business District,491313.9155,5458763.5652
Theft from Vehicle,2017,9,2,9,46,7XX GRANVILLE ST,Central Business District,491313.9155,5458763.5652
Theft from Vehicle,2017,2,5,10,30,7XX GRANVILLE ST,Central Business District,491365.5518,5458815.5167
Theft from Vehicle,2017,3,28,21,0,7XX GRANVILLE ST,Central Business District,491373.1489,5458836.1313
Theft from Vehicle,2017,11,9,19,11,7XX GRANVILLE ST,Central Business District,491373.1489,5458836.1313
Theft from Vehicle,2017,1,31,14,0,7XX GRANVILLE ST,Central Business District,491401.3141,5458864.4685
Theft from Vehicle,2017,4,9,23,0,7XX GRANVILLE ST,Central Business District,491407.7996,5458858.0224
Theft from Vehicle,2017,4,28,1,30,7XX GRANVILLE ST,Central Business District,491407.7996,5458858.0224
Theft from Vehicle,2017,6,11,9,18,7XX GRANVILLE ST,Central Business District,491407.7996,5458858.0224
Theft from Vehicle,2017,6,19,6,30,7XX GRANVILLE ST,Central Business District,491407.7996,5458858.0224
Theft from Vehicle,2017,8,5,0,0,7XX GREAT NORTHERN WAY,Strathcona,493528.0207,5457109.9159
Theft from Vehicle,2017,11,30,17,0,7XX GREAT NORTHERN WAY,Strathcona,493528.0207,5457109.9159
Theft from Vehicle,2017,4,26,6,45,7XX GREAT NORTHERN WAY,Mount Pleasant,493525.44,5457101.1436
Theft from Vehicle,2017,5,5,12,0,7XX GREAT NORTHERN WAY,Mount Pleasant,493525.44,5457101.1436
Theft from Vehicle,2017,11,30,17,30,7XX GREAT NORTHERN WAY,Mount Pleasant,493525.44,5457101.1436
Theft from Vehicle,2017,5,22,8,0,7XX GREAT NORTHERN WAY,Mount Pleasant,493623.0714,5457072.4218
Theft from Vehicle,2017,12,15,18,30,7XX GREAT NORTHERN WAY,Mount Pleasant,493654.453,5457063.1898
Theft from Vehicle,2017,2,4,18,30,7XX HAMILTON ST,Central Business District,491595.323,5458495.3119
Theft from Vehicle,2017,3,10,14,30,7XX HAMILTON ST,Central Business District,491595.323,5458495.3119
Theft from Vehicle,2017,4,1,19,0,7XX HAMILTON ST,Central Business District,491595.323,5458495.3119
Theft from Vehicle,2017,4,2,3,6,7XX HAMILTON ST,Central Business District,491595.323,5458495.3119
Theft from Vehicle,2017,5,2,16,50,7XX HAMILTON ST,Central Business District,491595.323,5458495.3119
Theft from Vehicle,2017,9,7,7,0,7XX HAMILTON ST,Central Business District,491595.323,5458495.3119
Theft from Vehicle,2017,11,30,5,45,7XX HAMILTON ST,Central Business District,491595.323,5458495.3119
Theft from Vehicle,2017,11,6,20,45,7XX HAMILTON ST,Central Business District,491689.4646,5458575.2113
Theft from Vehicle,2017,1,25,20,30,7XX HELMCKEN ST,Central Business District,490885.8247,5458446.2817
Theft from Vehicle,2017,5,16,19,0,7XX HELMCKEN ST,Central Business District,490885.8247,5458446.2817
Theft from Vehicle,2017,8,6,11,0,7XX HELMCKEN ST,Central Business District,490885.8247,5458446.2817
Theft from Vehicle,2017,3,10,18,0,7XX HELMCKEN ST,Central Business District,490915.5312,5458417.4227
Theft from Vehicle,2017,11,6,21,0,7XX HELMCKEN ST,Central Business District,490915.5312,5458417.4227
Theft from Vehicle,2017,2,16,22,0,7XX HELMCKEN ST,Central Business District,490932.5209,5458388.1695
Theft from Vehicle,2017,2,21,20,0,7XX HELMCKEN ST,Central Business District,490932.5209,5458388.1695
Theft from Vehicle,2017,3,9,8,0,7XX HELMCKEN ST,Central Business District,490932.5209,5458388.1695
Theft from Vehicle,2017,6,30,14,30,7XX HELMCKEN ST,Central Business District,490932.5209,5458388.1695
Theft from Vehicle,2017,8,29,20,0,7XX HELMCKEN ST,Central Business District,490932.5209,5458388.1695
Theft from Vehicle,2017,4,14,10,20,7XX HOMER ST,Central Business District,491620.5714,5458646.3398
Theft from Vehicle,2017,10,8,11,0,7XX HOMER ST,Central Business District,491620.5714,5458646.3398
Theft from Vehicle,2017,12,1,21,22,7XX HOMER ST,Central Business District,491620.5714,5458646.3398
Theft from Vehicle,2017,1,13,8,50,7XX HORNBY ST,Central Business District,491170.6499,5458916.7921
Theft from Vehicle,2017,1,31,15,25,7XX HORNBY ST,Central Business District,491170.6499,5458916.7921
Theft from Vehicle,2017,2,12,19,30,7XX HORNBY ST,Central Business District,491170.6499,5458916.7921
Theft from Vehicle,2017,3,17,17,7,7XX HORNBY ST,Central Business District,491170.6499,5458916.7921
Theft from Vehicle,2017,3,27,14,0,7XX HORNBY ST,Central Business District,491170.6499,5458916.7921
Theft from Vehicle,2017,4,3,21,44,7XX HORNBY ST,Central Business District,491170.6499,5458916.7921
Theft from Vehicle,2017,11,7,0,52,7XX HORNBY ST,Central Business District,491170.6499,5458916.7921
Theft from Vehicle,2017,11,15,17,45,7XX HORNBY ST,Central Business District,491170.6499,5458916.7921
Theft from Vehicle,2017,11,24,14,55,7XX HORNBY ST,Central Business District,491170.6499,5458916.7921
Theft from Vehicle,2017,6,25,21,30,7XX HORNBY ST,Central Business District,491207.4632,5458941.1901
Theft from Vehicle,2017,9,23,21,50,7XX HORNBY ST,Central Business District,491207.4632,5458941.1901
Theft from Vehicle,2017,3,19,18,17,7XX HORNBY ST,Central Business District,491265.7192,5459000.4383
Theft from Vehicle,2017,11,21,10,15,7XX HOWE ST,Central Business District,491299.125,5458908.9576
Theft from Vehicle,2017,1,18,23,0,7XX HOWE ST,Central Business District,491333.8896,5458930.9314
Theft from Vehicle,2017,2,13,4,50,7XX HOWE ST,Central Business District,491333.8896,5458930.9314
Theft from Vehicle,2017,4,16,23,0,7XX HOWE ST,Central Business District,491333.8896,5458930.9314
Theft from Vehicle,2017,11,17,2,28,7XX HOWE ST,Central Business District,491333.8896,5458930.9314
Theft from Vehicle,2017,11,12,0,0,7XX JACKSON AVE,Strathcona,493189.9146,5458371.6336
Theft from Vehicle,2017,3,22,10,30,7XX JACKSON AVE,Strathcona,493191.1087,5458410.985
Theft from Vehicle,2017,8,12,18,48,7XX JACKSON AVE,Strathcona,493200.3679,5458414.6428
Theft from Vehicle,2017,1,4,19,4,7XX JERVIS ST,West End,490659.077,5459382.3935
Theft from Vehicle,2017,7,2,11,30,7XX JERVIS ST,West End,490659.077,5459382.3935
Theft from Vehicle,2017,7,6,19,0,7XX JERVIS ST,West End,490659.077,5459382.3935
Theft from Vehicle,2017,9,20,7,30,7XX JERVIS ST,West End,490659.077,5459382.3935
Theft from Vehicle,2017,10,20,8,5,7XX JERVIS ST,West End,490659.077,5459382.3935
Theft from Vehicle,2017,1,16,8,30,7XX JERVIS ST,West End,490665.6613,5459376.0485
Theft from Vehicle,2017,1,16,18,30,7XX JERVIS ST,West End,490665.6613,5459376.0485
Theft from Vehicle,2017,3,25,19,30,7XX JERVIS ST,West End,490665.6613,5459376.0485
Theft from Vehicle,2017,4,5,11,49,7XX JERVIS ST,West End,490720.8828,5459446.529
Theft from Vehicle,2017,1,18,22,0,7XX KEEFER ST,Strathcona,493487.7954,5458507.811
Theft from Vehicle,2017,5,3,21,0,7XX KEEFER ST,Strathcona,493487.7954,5458507.811
Theft from Vehicle,2017,9,6,18,54,7XX KEEFER ST,Strathcona,493487.7954,5458507.811
Theft from Vehicle,2017,5,3,15,0,7XX KINGSWAY AVE,Kensington-Cedar Cottage,493511.4684,5455957.0125
Theft from Vehicle,2017,3,29,11,0,7XX KINGSWAY AVE,Mount Pleasant,493516.7414,5455964.483
Theft from Vehicle,2017,11,16,18,0,7XX KINGSWAY AVE,Mount Pleasant,493516.7414,5455964.483
Theft from Vehicle,2017,12,16,14,30,7XX KINGSWAY AVE,Kensington-Cedar Cottage,493585.4818,5455904.7701
Theft from Vehicle,2017,6,17,9,39,7XX KINGSWAY AVE,Kensington-Cedar Cottage,493623.2385,5455889.312
Theft from Vehicle,2017,10,9,23,0,7XX MAIN ST,Strathcona,492745.9154,5458393.8657
Theft from Vehicle,2017,6,11,19,0,7XX MAIN ST,Strathcona,492747.721,5458426.6466
Theft from Vehicle,2017,7,12,22,11,7XX MAIN ST,Strathcona,492747.721,5458426.6466
Theft from Vehicle,2017,12,12,18,5,7XX MAIN ST,Strathcona,492747.721,5458426.6466
Theft from Vehicle,2017,11,4,12,0,7XX MILLYARD ST,Fairview,491224.2828,5457130.8252
Theft from Vehicle,2017,7,23,15,0,7XX NATIONAL AVE,Strathcona,493662.463,5457773.8736
Theft from Vehicle,2017,12,8,19,38,7XX NELSON ST,Central Business District,491046.628,5458504.814
Theft from Vehicle,2017,10,15,15,0,7XX PACIFIC BLVD,Central Business District,491970.8693,5458157.5031
Theft from Vehicle,2017,11,18,7,0,7XX PACIFIC BLVD,Central Business District,491970.8693,5458157.5031
Theft from Vehicle,2017,6,21,17,0,7XX PACIFIC BLVD,Central Business District,491996.1662,5458165.9181
Theft from Vehicle,2017,7,23,10,0,7XX PACIFIC BLVD,Central Business District,491996.1662,5458165.9181
Theft from Vehicle,2017,10,21,14,0,7XX PACIFIC BLVD,Central Business District,491996.1662,5458165.9181
Theft from Vehicle,2017,1,9,15,30,7XX PACIFIC BLVD,Central Business District,492005.8692,5458173.6213
Theft from Vehicle,2017,1,3,18,1,7XX PACIFIC BLVD,Central Business District,492008.4222,5458175.6527
Theft from Vehicle,2017,1,7,0,0,7XX PACIFIC BLVD,Central Business District,492008.4222,5458175.6527
Theft from Vehicle,2017,1,7,3,27,7XX PACIFIC BLVD,Central Business District,492008.4222,5458175.6527
Theft from Vehicle,2017,1,9,2,0,7XX PACIFIC BLVD,Central Business District,492008.4222,5458175.6527
Theft from Vehicle,2017,1,30,1,56,7XX PACIFIC BLVD,Central Business District,492008.4222,5458175.6527
Theft from Vehicle,2017,2,2,13,56,7XX PACIFIC BLVD,Central Business District,492008.4222,5458175.6527
Theft from Vehicle,2017,2,9,0,1,7XX PACIFIC BLVD,Central Business District,492008.4222,5458175.6527
Theft from Vehicle,2017,2,9,10,0,7XX PACIFIC BLVD,Central Business District,492008.4222,5458175.6527
Theft from Vehicle,2017,2,11,21,0,7XX PACIFIC BLVD,Central Business District,492008.4222,5458175.6527
Theft from Vehicle,2017,3,3,10,30,7XX PACIFIC BLVD,Central Business District,492008.4222,5458175.6527
Theft from Vehicle,2017,3,13,22,55,7XX PACIFIC BLVD,Central Business District,492008.4222,5458175.6527
Theft from Vehicle,2017,3,19,20,0,7XX PACIFIC BLVD,Central Business District,492008.4222,5458175.6527
Theft from Vehicle,2017,3,20,15,30,7XX PACIFIC BLVD,Central Business District,492008.4222,5458175.6527
Theft from Vehicle,2017,3,28,20,0,7XX PACIFIC BLVD,Central Business District,492008.4222,5458175.6527
Theft from Vehicle,2017,3,31,1,21,7XX PACIFIC BLVD,Central Business District,492008.4222,5458175.6527
Theft from Vehicle,2017,3,31,22,0,7XX PACIFIC BLVD,Central Business District,492008.4222,5458175.6527
Theft from Vehicle,2017,4,10,1,0,7XX PACIFIC BLVD,Central Business District,492008.4222,5458175.6527
Theft from Vehicle,2017,4,13,11,57,7XX PACIFIC BLVD,Central Business District,492008.4222,5458175.6527
Theft from Vehicle,2017,4,18,3,20,7XX PACIFIC BLVD,Central Business District,492008.4222,5458175.6527
Theft from Vehicle,2017,4,19,5,21,7XX PACIFIC BLVD,Central Business District,492008.4222,5458175.6527
Theft from Vehicle,2017,4,21,3,0,7XX PACIFIC BLVD,Central Business District,492008.4222,5458175.6527
Theft from Vehicle,2017,4,26,7,30,7XX PACIFIC BLVD,Central Business District,492008.4222,5458175.6527
Theft from Vehicle,2017,4,26,21,0,7XX PACIFIC BLVD,Central Business District,492008.4222,5458175.6527
Theft from Vehicle,2017,5,9,5,40,7XX PACIFIC BLVD,Central Business District,492008.4222,5458175.6527
Theft from Vehicle,2017,5,12,18,45,7XX PACIFIC BLVD,Central Business District,492008.4222,5458175.6527
Theft from Vehicle,2017,5,26,4,0,7XX PACIFIC BLVD,Central Business District,492008.4222,5458175.6527
Theft from Vehicle,2017,6,17,19,0,7XX PACIFIC BLVD,Central Business District,492008.4222,5458175.6527
Theft from Vehicle,2017,6,20,16,0,7XX PACIFIC BLVD,Central Business District,492008.4222,5458175.6527
Theft from Vehicle,2017,7,1,13,15,7XX PACIFIC BLVD,Central Business District,492008.4222,5458175.6527
Theft from Vehicle,2017,7,12,19,30,7XX PACIFIC BLVD,Central Business District,492008.4222,5458175.6527
Theft from Vehicle,2017,1,7,19,0,7XX PACIFIC BLVD,Central Business District,492008.4222,5458175.6527
Theft from Vehicle,2017,2,4,8,26,7XX PACIFIC BLVD,Central Business District,492008.4222,5458175.6527
Theft from Vehicle,2017,2,20,7,25,7XX PACIFIC BLVD,Central Business District,492008.4222,5458175.6527
Theft from Vehicle,2017,4,18,22,0,7XX PACIFIC BLVD,Central Business District,492008.4222,5458175.6527
Theft from Vehicle,2017,4,27,3,28,7XX PACIFIC BLVD,Central Business District,492008.4222,5458175.6527
Theft from Vehicle,2017,5,9,18,30,7XX PACIFIC BLVD,Central Business District,492008.4222,5458175.6527
Theft from Vehicle,2017,5,10,3,10,7XX PACIFIC BLVD,Central Business District,492008.4222,5458175.6527
Theft from Vehicle,2017,5,21,4,0,7XX PACIFIC BLVD,Central Business District,492008.4222,5458175.6527
Theft from Vehicle,2017,6,8,1,43,7XX PACIFIC BLVD,Central Business District,492008.4222,5458175.6527
Theft from Vehicle,2017,7,6,6,43,7XX PACIFIC BLVD,Central Business District,492008.4222,5458175.6527
Theft from Vehicle,2017,7,7,8,4,7XX PACIFIC BLVD,Central Business District,492008.4222,5458175.6527
Theft from Vehicle,2017,7,16,17,15,7XX PACIFIC BLVD,Central Business District,492008.4222,5458175.6527
Theft from Vehicle,2017,7,23,9,12,7XX PACIFIC BLVD,Central Business District,492008.4222,5458175.6527
Theft from Vehicle,2017,7,24,22,0,7XX PACIFIC BLVD,Central Business District,492008.4222,5458175.6527
Theft from Vehicle,2017,8,1,3,58,7XX PACIFIC BLVD,Central Business District,492008.4222,5458175.6527
Theft from Vehicle,2017,8,5,1,17,7XX PACIFIC BLVD,Central Business District,492008.4222,5458175.6527
Theft from Vehicle,2017,8,5,18,0,7XX PACIFIC BLVD,Central Business District,492008.4222,5458175.6527
Theft from Vehicle,2017,8,7,4,0,7XX PACIFIC BLVD,Central Business District,492008.4222,5458175.6527
Theft from Vehicle,2017,8,16,3,0,7XX PACIFIC BLVD,Central Business District,492008.4222,5458175.6527
Theft from Vehicle,2017,8,19,14,38,7XX PACIFIC BLVD,Central Business District,492008.4222,5458175.6527
Theft from Vehicle,2017,8,20,20,0,7XX PACIFIC BLVD,Central Business District,492008.4222,5458175.6527
Theft from Vehicle,2017,8,22,6,0,7XX PACIFIC BLVD,Central Business District,492008.4222,5458175.6527
Theft from Vehicle,2017,8,23,1,0,7XX PACIFIC BLVD,Central Business District,492008.4222,5458175.6527
Theft from Vehicle,2017,8,25,2,30,7XX PACIFIC BLVD,Central Business District,492008.4222,5458175.6527
Theft from Vehicle,2017,8,25,10,30,7XX PACIFIC BLVD,Central Business District,492008.4222,5458175.6527
Theft from Vehicle,2017,8,29,21,0,7XX PACIFIC BLVD,Central Business District,492008.4222,5458175.6527
Theft from Vehicle,2017,9,1,12,11,7XX PACIFIC BLVD,Central Business District,492008.4222,5458175.6527
Theft from Vehicle,2017,9,2,1,12,7XX PACIFIC BLVD,Central Business District,492008.4222,5458175.6527
Theft from Vehicle,2017,9,3,0,0,7XX PACIFIC BLVD,Central Business District,492008.4222,5458175.6527
Theft from Vehicle,2017,9,3,12,20,7XX PACIFIC BLVD,Central Business District,492008.4222,5458175.6527
Theft from Vehicle,2017,9,13,5,26,7XX PACIFIC BLVD,Central Business District,492008.4222,5458175.6527
Theft from Vehicle,2017,9,15,21,30,7XX PACIFIC BLVD,Central Business District,492008.4222,5458175.6527
Theft from Vehicle,2017,9,19,18,45,7XX PACIFIC BLVD,Central Business District,492008.4222,5458175.6527
Theft from Vehicle,2017,10,6,17,0,7XX PACIFIC BLVD,Central Business District,492008.4222,5458175.6527
Theft from Vehicle,2017,10,10,18,0,7XX PACIFIC BLVD,Central Business District,492008.4222,5458175.6527
Theft from Vehicle,2017,10,12,16,30,7XX PACIFIC BLVD,Central Business District,492008.4222,5458175.6527
Theft from Vehicle,2017,10,13,1,20,7XX PACIFIC BLVD,Central Business District,492008.4222,5458175.6527
Theft from Vehicle,2017,10,18,23,0,7XX PACIFIC BLVD,Central Business District,492008.4222,5458175.6527
Theft from Vehicle,2017,10,22,2,19,7XX PACIFIC BLVD,Central Business District,492008.4222,5458175.6527
Theft from Vehicle,2017,10,28,9,26,7XX PACIFIC BLVD,Central Business District,492008.4222,5458175.6527
Theft from Vehicle,2017,10,29,1,20,7XX PACIFIC BLVD,Central Business District,492008.4222,5458175.6527
Theft from Vehicle,2017,10,30,18,30,7XX PACIFIC BLVD,Central Business District,492008.4222,5458175.6527
Theft from Vehicle,2017,11,4,23,15,7XX PACIFIC BLVD,Central Business District,492008.4222,5458175.6527
Theft from Vehicle,2017,11,9,18,45,7XX PACIFIC BLVD,Central Business District,492008.4222,5458175.6527
Theft from Vehicle,2017,11,11,22,30,7XX PACIFIC BLVD,Central Business District,492008.4222,5458175.6527
Theft from Vehicle,2017,11,24,15,30,7XX PACIFIC BLVD,Central Business District,492008.4222,5458175.6527
Theft from Vehicle,2017,11,25,22,0,7XX PACIFIC BLVD,Central Business District,492008.4222,5458175.6527
Theft from Vehicle,2017,12,7,18,0,7XX PACIFIC BLVD,Central Business District,492008.4222,5458175.6527
Theft from Vehicle,2017,7,23,0,0,7XX PACIFIC BLVD,Central Business District,492057.4464,5458214.5909
Theft from Vehicle,2017,1,12,21,0,7XX PACIFIC BLVD,Central Business District,492069.7024,5458224.3254
Theft from Vehicle,2017,8,20,22,0,7XX PACIFIC BLVD,Central Business District,492069.7024,5458224.3254
Theft from Vehicle,2017,9,22,19,30,7XX PACIFIC BLVD,Central Business District,492069.7024,5458224.3254
Theft from Vehicle,2017,10,1,13,30,7XX PACIFIC BLVD,Central Business District,492069.7024,5458224.3254
Theft from Vehicle,2017,10,14,19,0,7XX PACIFIC BLVD,Central Business District,492069.7024,5458224.3254
Theft from Vehicle,2017,11,16,18,30,7XX PACIFIC BLVD,Central Business District,492069.7024,5458224.3254
Theft from Vehicle,2017,12,1,0,0,7XX PACIFIC ST,Central Business District,490538.1566,5458100.1864
Theft from Vehicle,2017,5,18,21,45,7XX POWELL ST,Strathcona,493498.7925,5458915.4228
Theft from Vehicle,2017,6,14,19,0,7XX POWELL ST,Strathcona,493498.7925,5458915.4228
Theft from Vehicle,2017,11,14,16,0,7XX POWELL ST,Strathcona,493498.7925,5458915.4228
Theft from Vehicle,2017,10,3,14,30,7XX POWELL ST,Strathcona,493545.7215,5458923.1468
Theft from Vehicle,2017,11,12,13,30,7XX POWELL ST,Strathcona,493545.7215,5458923.1468
Theft from Vehicle,2017,11,29,21,0,7XX POWELL ST,Strathcona,493545.7215,5458923.1468
Theft from Vehicle,2017,12,2,14,0,7XX POWELL ST,Strathcona,493545.7215,5458923.1468
Theft from Vehicle,2017,12,28,5,30,7XX POWELL ST,Strathcona,493545.7215,5458923.1468
Theft from Vehicle,2017,10,5,20,0,7XX PRIOR ST,Strathcona,493571.2493,5458209.2028
Theft from Vehicle,2017,5,1,13,5,7XX QUEBEC ST,Central Business District,492577.0989,5458416.3849
Theft from Vehicle,2017,1,6,12,39,7XX RICHARDS ST,Central Business District,491445.7352,5458613.862
Theft from Vehicle,2017,2,25,22,4,7XX RICHARDS ST,Central Business District,491445.7352,5458613.862
Theft from Vehicle,2017,4,13,12,55,7XX RICHARDS ST,Central Business District,491445.7352,5458613.862
Theft from Vehicle,2017,5,14,18,30,7XX RICHARDS ST,Central Business District,491445.7352,5458613.862
Theft from Vehicle,2017,6,19,23,15,7XX RICHARDS ST,Central Business District,491445.7352,5458613.8621
Theft from Vehicle,2017,7,5,18,0,7XX RICHARDS ST,Central Business District,491445.7352,5458613.8621
Theft from Vehicle,2017,9,15,16,0,7XX RICHARDS ST,Central Business District,491445.7352,5458613.8621
Theft from Vehicle,2017,5,11,20,35,7XX RICHARDS ST,Central Business District,491453.345,5458634.4232
Theft from Vehicle,2017,5,20,18,0,7XX RICHARDS ST,Central Business District,491453.345,5458634.4232
Theft from Vehicle,2017,8,1,10,0,7XX RICHARDS ST,Central Business District,491455.1219,5458623.262
Theft from Vehicle,2017,2,10,21,0,7XX RICHARDS ST,Central Business District,491479.1584,5458660.273
Theft from Vehicle,2017,1,11,22,48,7XX RICHARDS ST,Central Business District,491548.989,5458717.2612
Theft from Vehicle,2017,3,24,2,23,7XX RICHARDS ST,Central Business District,491548.989,5458717.2612
Theft from Vehicle,2017,7,11,11,41,7XX RICHARDS ST,Central Business District,491548.989,5458717.2612
Theft from Vehicle,2017,7,19,21,0,7XX RICHARDS ST,Central Business District,491548.989,5458717.2612
Theft from Vehicle,2017,8,5,0,43,7XX RICHARDS ST,Central Business District,491548.989,5458717.2612
Theft from Vehicle,2017,8,22,12,28,7XX RICHARDS ST,Central Business District,491548.989,5458717.2612
Theft from Vehicle,2017,8,29,16,55,7XX RICHARDS ST,Central Business District,491548.989,5458717.2612
Theft from Vehicle,2017,9,3,10,15,7XX RICHARDS ST,Central Business District,491548.989,5458717.2612
Theft from Vehicle,2017,9,16,23,15,7XX RICHARDS ST,Central Business District,491548.989,5458717.2612
Theft from Vehicle,2017,9,17,22,41,7XX RICHARDS ST,Central Business District,491548.989,5458717.2612
Theft from Vehicle,2017,9,24,21,34,7XX RICHARDS ST,Central Business District,491548.989,5458717.2612
Theft from Vehicle,2017,9,26,21,30,7XX RICHARDS ST,Central Business District,491548.989,5458717.2612
Theft from Vehicle,2017,9,30,0,0,7XX RICHARDS ST,Central Business District,491548.989,5458717.2612
Theft from Vehicle,2017,10,21,18,0,7XX RICHARDS ST,Central Business District,491548.989,5458717.2612
Theft from Vehicle,2017,10,31,19,0,7XX RICHARDS ST,Central Business District,491548.989,5458717.2612
Theft from Vehicle,2017,10,31,23,0,7XX RICHARDS ST,Central Business District,491548.989,5458717.2612
Theft from Vehicle,2017,11,16,14,0,7XX RICHARDS ST,Central Business District,491548.989,5458717.2612
Theft from Vehicle,2017,12,19,0,0,7XX RICHARDS ST,Central Business District,491548.989,5458717.2612
Theft from Vehicle,2017,10,28,11,0,7XX ROBSON ST,Central Business District,491215.7446,5458816.612
Theft from Vehicle,2017,7,25,9,0,7XX ROBSON ST,Central Business District,491281.5324,5458739.6944
Theft from Vehicle,2017,5,8,20,0,7XX SAWYERS LANE,Fairview,491165.1171,5457102.6207
Theft from Vehicle,2017,11,4,12,0,7XX SAWYERS LANE,Fairview,491166.4725,5457102.1848
Theft from Vehicle,2017,8,10,0,0,7XX SAWYERS LANE,Fairview,491167.1261,5457102.1137
Theft from Vehicle,2017,2,1,6,0,7XX SEYMOUR ST,Central Business District,491385.6768,5458702.6368
Theft from Vehicle,2017,3,16,14,52,7XX SEYMOUR ST,Central Business District,491385.6768,5458702.6368
Theft from Vehicle,2017,3,17,12,0,7XX SEYMOUR ST,Central Business District,491385.6768,5458702.6368
Theft from Vehicle,2017,3,20,7,0,7XX SEYMOUR ST,Central Business District,491385.6768,5458702.6368
Theft from Vehicle,2017,5,16,10,26,7XX SEYMOUR ST,Central Business District,491385.6768,5458702.6368
Theft from Vehicle,2017,7,25,13,30,7XX SEYMOUR ST,Central Business District,491385.6768,5458702.6368
Theft from Vehicle,2017,8,15,14,0,7XX SEYMOUR ST,Central Business District,491385.6768,5458702.6368
Theft from Vehicle,2017,2,1,2,27,7XX SEYMOUR ST,Central Business District,491413.4905,5458730.828
Theft from Vehicle,2017,2,9,8,30,7XX SEYMOUR ST,Central Business District,491413.4905,5458730.828
Theft from Vehicle,2017,2,18,9,30,7XX SEYMOUR ST,Central Business District,491413.4905,5458730.828
Theft from Vehicle,2017,3,8,20,0,7XX SEYMOUR ST,Central Business District,491413.4905,5458730.828
Theft from Vehicle,2017,3,16,9,30,7XX SEYMOUR ST,Central Business District,491413.4905,5458730.828
Theft from Vehicle,2017,3,17,8,30,7XX SEYMOUR ST,Central Business District,491413.4905,5458730.828
Theft from Vehicle,2017,3,24,17,11,7XX SEYMOUR ST,Central Business District,491413.4905,5458730.828
Theft from Vehicle,2017,4,7,23,0,7XX SEYMOUR ST,Central Business District,491413.4905,5458730.828
Theft from Vehicle,2017,4,8,10,50,7XX SEYMOUR ST,Central Business District,491413.4905,5458730.828
Theft from Vehicle,2017,4,8,23,30,7XX SEYMOUR ST,Central Business District,491413.4905,5458730.828
Theft from Vehicle,2017,4,11,20,0,7XX SEYMOUR ST,Central Business District,491413.4905,5458730.828
Theft from Vehicle,2017,4,14,21,30,7XX SEYMOUR ST,Central Business District,491413.4905,5458730.828
Theft from Vehicle,2017,4,24,9,30,7XX SEYMOUR ST,Central Business District,491413.4905,5458730.828
Theft from Vehicle,2017,1,10,1,0,7XX SEYMOUR ST,Central Business District,491413.4905,5458730.828
Theft from Vehicle,2017,5,28,11,57,7XX SEYMOUR ST,Central Business District,491413.4905,5458730.828
Theft from Vehicle,2017,6,10,3,32,7XX SEYMOUR ST,Central Business District,491413.4905,5458730.828
Theft from Vehicle,2017,6,18,19,9,7XX SEYMOUR ST,Central Business District,491413.4905,5458730.828
Theft from Vehicle,2017,6,27,9,0,7XX SEYMOUR ST,Central Business District,491413.4905,5458730.828
Theft from Vehicle,2017,6,30,18,0,7XX SEYMOUR ST,Central Business District,491413.4905,5458730.828
Theft from Vehicle,2017,6,30,20,0,7XX SEYMOUR ST,Central Business District,491413.4905,5458730.828
Theft from Vehicle,2017,10,16,18,40,7XX SEYMOUR ST,Central Business District,491413.4905,5458730.828
Theft from Vehicle,2017,1,10,8,0,7XX SEYMOUR ST,Central Business District,491413.6384,5458730.9797
Theft from Vehicle,2017,1,15,4,30,7XX SEYMOUR ST,Central Business District,491480.2626,5458785.4868
Theft from Vehicle,2017,5,22,15,0,7XX SEYMOUR ST,Central Business District,491480.2626,5458785.4868
Theft from Vehicle,2017,6,3,23,30,7XX SEYMOUR ST,Central Business District,491480.2626,5458785.4868
Theft from Vehicle,2017,7,18,19,0,7XX SEYMOUR ST,Central Business District,491480.2626,5458785.4868
Theft from Vehicle,2017,8,7,22,30,7XX SEYMOUR ST,Central Business District,491480.2626,5458785.4868
Theft from Vehicle,2017,9,24,18,0,7XX SEYMOUR ST,Central Business District,491480.2626,5458785.4868
Theft from Vehicle,2017,9,29,22,0,7XX SEYMOUR ST,Central Business District,491480.2626,5458785.4868
Theft from Vehicle,2017,10,19,22,0,7XX SMITHE ST,Central Business District,491166.6234,5458623.8512
Theft from Vehicle,2017,5,4,9,30,7XX SW MARINE DR,Marpole,491097.3551,5450574.9306
Theft from Vehicle,2017,5,23,0,0,7XX SW MARINE DR,Marpole,491097.3551,5450574.9306
Theft from Vehicle,2017,6,21,17,0,7XX TEMPLETON DR,Grandview-Woodland,495645.2791,5458368.444
Theft from Vehicle,2017,6,14,6,15,7XX TEMPLETON DR,Grandview-Woodland,495654.6089,5458390.4856
Theft from Vehicle,2017,9,9,13,30,7XX TEMPLETON DR,Grandview-Woodland,495654.6089,5458390.4856
Theft from Vehicle,2017,5,21,8,30,7XX THURLOW ST,West End,490968.9291,5459156.7066
Theft from Vehicle,2017,7,5,16,0,7XX THURLOW ST,West End,490968.9291,5459156.7066
Theft from Vehicle,2017,12,6,15,13,7XX THURLOW ST,West End,490968.9291,5459156.7066
Theft from Vehicle,2017,12,19,8,0,7XX THURLOW ST,West End,490968.9291,5459156.7066
Theft from Vehicle,2017,1,10,8,0,7XX THURLOW ST,West End,490968.9291,5459156.7066
Theft from Vehicle,2017,2,2,23,30,7XX THURLOW ST,West End,490968.9291,5459156.7066
Theft from Vehicle,2017,6,9,9,0,7XX THURLOW ST,West End,490968.9291,5459156.7066
Theft from Vehicle,2017,5,3,13,15,7XX THURLOW ST,West End,491047.3979,5459221.8989
Theft from Vehicle,2017,6,13,8,1,7XX THURLOW ST,West End,491047.3979,5459221.8989
Theft from Vehicle,2017,11,22,1,0,7XX UNION ST,Strathcona,493551.4029,5458309.7088
Theft from Vehicle,2017,6,19,19,30,7XX UNION ST,Strathcona,493584.2807,5458309.0535
Theft from Vehicle,2017,4,25,22,30,7XX VICTORIA DR,Grandview-Woodland,495232.3029,5458403.4749
Theft from Vehicle,2017,11,25,23,30,7XX W 14TH AVE,Fairview,491215.9915,5456217.2932
Theft from Vehicle,2017,9,9,19,30,7XX W 16TH AVE,Fairview,491136.6601,5456040.0797
Theft from Vehicle,2017,12,15,0,0,7XX W 17TH AVE,South Cambie,491156.4015,5455932.5768
Theft from Vehicle,2017,9,4,23,0,7XX W 18TH AVE,South Cambie,491204.3398,5455838.1997
Theft from Vehicle,2017,9,5,0,0,7XX W 18TH AVE,South Cambie,491220.0059,5455837.7371
Theft from Vehicle,2017,3,24,17,0,7XX W 23RD AVE,South Cambie,491111.3572,5455339.1695
Theft from Vehicle,2017,10,7,2,0,7XX W 23RD AVE,South Cambie,491159.7908,5455328.5223
Theft from Vehicle,2017,12,10,20,0,7XX W 23RD AVE,South Cambie,491242.003,5455325.9777
Theft from Vehicle,2017,3,31,16,0,7XX W 24TH AVE,South Cambie,491236.6407,5455259.4698
Theft from Vehicle,2017,6,5,23,0,7XX W 26TH AVE,South Cambie,491138.9802,5455034.1691
Theft from Vehicle,2017,11,22,14,0,7XX W 26TH AVE,South Cambie,491180.0046,5455033.0061
Theft from Vehicle,2017,6,19,19,45,7XX W 27TH AVE,South Cambie,491221.2495,5454929.4064
Theft from Vehicle,2017,12,22,21,0,7XX W 27TH AVE,South Cambie,491221.2495,5454929.4064
Theft from Vehicle,2017,9,29,22,0,7XX W 41ST AVE,Oakridge,491166.981,5453434.9133
Theft from Vehicle,2017,1,27,11,20,7XX W 47TH AVE,Oakridge,491031.7591,5452835.5145
Theft from Vehicle,2017,8,30,12,0,7XX W 57TH AVE,Marpole,491024.6688,5451819.1407
Theft from Vehicle,2017,9,20,22,30,7XX W 57TH AVE,Marpole,491227.7841,5451814.8003
Theft from Vehicle,2017,12,25,4,0,7XX W 57TH AVE,Marpole,491227.7841,5451814.8003
Theft from Vehicle,2017,8,28,8,30,7XX W 61ST AVE,Marpole,491218.3112,5451379.2525
Theft from Vehicle,2017,6,4,1,30,7XX W 63RD AVE,Marpole,491030.6193,5451173.8304
Theft from Vehicle,2017,9,14,21,47,7XX W 66TH AVE,Marpole,491241.1377,5450929.6695
Theft from Vehicle,2017,8,8,17,30,7XX W 68TH AVE,Marpole,491145.0271,5450830.4373
Theft from Vehicle,2017,5,20,21,30,7XX W 68TH AVE,Marpole,491188.3462,5450829.3693
Theft from Vehicle,2017,10,24,1,0,7XX W 69TH AVE,Marpole,491198.4115,5450738.3712
Theft from Vehicle,2017,10,19,14,54,7XX W 6TH AVE,Fairview,491210.7179,5457014.6589
Theft from Vehicle,2017,12,13,1,0,7XX W 70TH AVE,Marpole,491134.316,5450611.1565
Theft from Vehicle,2017,9,18,20,0,7XX W 7TH AVE,Fairview,491278.9549,5456924.7092
Theft from Vehicle,2017,3,4,19,0,7XX W 8TH AVE,Fairview,491156.8475,5456832.1602
Theft from Vehicle,2017,8,7,0,0,7XX W 8TH AVE,Fairview,491255.8333,5456839.955
Theft from Vehicle,2017,5,23,19,0,7XX W 8TH AVE,Fairview,491277.6778,5456830.5122
Theft from Vehicle,2017,3,4,18,30,7XX W BROADWAY AVE,Fairview,491170.7248,5456739.2377
Theft from Vehicle,2017,3,4,19,45,7XX W BROADWAY AVE,Fairview,491170.7248,5456739.2377
Theft from Vehicle,2017,2,15,12,0,7XX W BROADWAY AVE,Fairview,491259.368,5456737.5055
Theft from Vehicle,2017,4,11,2,12,7XX W BROADWAY AVE,Fairview,491259.368,5456737.5055
Theft from Vehicle,2017,10,12,9,0,7XX W BROADWAY AVE,Fairview,491259.368,5456737.5055
Theft from Vehicle,2017,10,12,17,45,7XX W BROADWAY AVE,Fairview,491259.368,5456737.5055
Theft from Vehicle,2017,11,29,14,0,7XX W BROADWAY AVE,Fairview,491259.368,5456737.5055
Theft from Vehicle,2017,3,19,18,50,7XX W CORDOVA ST,Central Business District,491787.3366,5459251.0829
Theft from Vehicle,2017,3,30,15,5,7XX W CORDOVA ST,Central Business District,491787.3366,5459251.0829
Theft from Vehicle,2017,4,5,9,0,7XX W CORDOVA ST,Central Business District,491787.3366,5459251.0829
Theft from Vehicle,2017,5,25,12,0,7XX W CORDOVA ST,Central Business District,491787.3366,5459251.0829
Theft from Vehicle,2017,6,30,23,30,7XX W CORDOVA ST,Central Business District,491787.3366,5459251.0829
Theft from Vehicle,2017,7,14,23,0,7XX W CORDOVA ST,Central Business District,491787.3366,5459251.0829
Theft from Vehicle,2017,7,16,4,41,7XX W CORDOVA ST,Central Business District,491787.3366,5459251.0829
Theft from Vehicle,2017,7,18,17,0,7XX W CORDOVA ST,Central Business District,491787.3366,5459251.0829
Theft from Vehicle,2017,10,12,18,15,7XX W GEORGIA ST,Central Business District,491345.4329,5458933.3313
Theft from Vehicle,2017,12,22,19,0,7XX W GEORGIA ST,Central Business District,491345.4329,5458933.3313
Theft from Vehicle,2017,10,28,0,30,7XX W GEORGIA ST,Central Business District,491401.3816,5458865.2707
Theft from Vehicle,2017,1,31,8,0,7XX W GEORGIA ST,Central Business District,491402.7991,5458863.8718
Theft from Vehicle,2017,3,5,16,0,7XX W GEORGIA ST,Central Business District,491402.7991,5458863.8718
Theft from Vehicle,2017,3,21,15,7,7XX W GEORGIA ST,Central Business District,491402.7991,5458863.8718
Theft from Vehicle,2017,3,25,19,18,7XX W GEORGIA ST,Central Business District,491402.7991,5458863.8718
Theft from Vehicle,2017,5,11,13,0,7XX W GEORGIA ST,Central Business District,491402.7991,5458863.8718
Theft from Vehicle,2017,5,13,13,0,7XX W GEORGIA ST,Central Business District,491402.7991,5458863.8718
Theft from Vehicle,2017,7,17,19,40,7XX W GEORGIA ST,Central Business District,491402.7991,5458863.8718
Theft from Vehicle,2017,7,21,17,20,7XX W GEORGIA ST,Central Business District,491402.7991,5458863.8718
Theft from Vehicle,2017,7,23,14,0,7XX W GEORGIA ST,Central Business District,491402.7991,5458863.8718
Theft from Vehicle,2017,10,2,19,30,7XX W GEORGIA ST,Central Business District,491402.7991,5458863.8718
Theft from Vehicle,2017,12,18,6,40,7XX W GEORGIA ST,Central Business District,491402.7991,5458863.8718
Theft from Vehicle,2017,2,5,18,34,7XX W GEORGIA ST,Central Business District,491409.222,5458870.3802
Theft from Vehicle,2017,4,21,16,0,7XX W GEORGIA ST,Central Business District,491409.222,5458870.3802
Theft from Vehicle,2017,4,24,13,39,7XX W GEORGIA ST,Central Business District,491409.222,5458870.3802
Theft from Vehicle,2017,7,26,19,0,7XX W GEORGIA ST,Central Business District,491409.222,5458870.3802
Theft from Vehicle,2017,11,3,17,0,7XX W GEORGIA ST,Central Business District,491409.222,5458870.3802
Theft from Vehicle,2017,11,18,14,15,7XX W GEORGIA ST,Central Business District,491409.222,5458870.3802
Theft from Vehicle,2017,12,3,11,0,7XX W GEORGIA ST,Central Business District,491409.222,5458870.3802
Theft from Vehicle,2017,1,7,16,45,7XX W HASTINGS ST,Central Business District,491682.5307,5459224.3053
Theft from Vehicle,2017,5,16,12,30,7XX W HASTINGS ST,Central Business District,491684.2984,5459209.6018
Theft from Vehicle,2017,2,14,18,45,7XX W HASTINGS ST,Central Business District,491715.263,5459178.6216
Theft from Vehicle,2017,12,10,18,20,7XX W HASTINGS ST,Central Business District,491715.263,5459178.6216
Theft from Vehicle,2017,1,5,9,18,7XX W PENDER ST,Central Business District,491607.7847,5459138.4593
Theft from Vehicle,2017,3,9,12,30,7XX W PENDER ST,Central Business District,491607.7847,5459138.4593
Theft from Vehicle,2017,7,3,11,0,7XX W PENDER ST,Central Business District,491607.7847,5459138.4593
Theft from Vehicle,2017,7,5,12,0,7XX W PENDER ST,Central Business District,491607.7847,5459138.4593
Theft from Vehicle,2017,11,3,9,0,7XX W PENDER ST,Central Business District,491607.7847,5459138.4593
Theft from Vehicle,2017,2,15,0,35,7XX W PENDER ST,Central Business District,491643.4738,5459104.1741
Theft from Vehicle,2017,2,20,8,0,7XX W PENDER ST,Central Business District,491643.4738,5459104.1741
Theft from Vehicle,2017,2,28,21,53,7XX W PENDER ST,Central Business District,491643.4738,5459104.1741
Theft from Vehicle,2017,3,8,11,6,7XX W PENDER ST,Central Business District,491643.4738,5459104.1741
Theft from Vehicle,2017,4,13,21,0,7XX W PENDER ST,Central Business District,491643.4738,5459104.1741
Theft from Vehicle,2017,5,12,12,21,7XX W PENDER ST,Central Business District,491643.4738,5459104.1741
Theft from Vehicle,2017,5,25,10,0,7XX W PENDER ST,Central Business District,491643.4738,5459104.1741
Theft from Vehicle,2017,6,19,9,56,7XX W PENDER ST,Central Business District,491643.4738,5459104.1741
Theft from Vehicle,2017,8,6,11,0,7XX W PENDER ST,Central Business District,491643.4738,5459104.1741
Theft from Vehicle,2017,8,17,17,0,7XX W PENDER ST,Central Business District,491643.4738,5459104.1741
Theft from Vehicle,2017,8,22,10,5,7XX W PENDER ST,Central Business District,491643.4738,5459104.1741
Theft from Vehicle,2017,8,24,6,30,7XX W PENDER ST,Central Business District,491643.4738,5459104.1741
Theft from Vehicle,2017,9,7,8,0,7XX W PENDER ST,Central Business District,491643.4738,5459104.1741
Theft from Vehicle,2017,11,15,18,0,7XX W PENDER ST,Central Business District,491643.4738,5459104.1741
Theft from Vehicle,2017,11,30,14,0,7XX W PENDER ST,Central Business District,491643.4738,5459104.1741
Theft from Vehicle,2017,12,13,14,48,7XX W PENDER ST,Central Business District,491643.4738,5459104.1741
Theft from Vehicle,2017,12,31,21,55,7XX W PENDER ST,Central Business District,491643.4738,5459104.1741
Theft from Vehicle,2017,7,22,19,0,7XX WOODLAND DR,Grandview-Woodland,494716.0721,5458417.4867
Theft from Vehicle,2017,11,12,0,0,80XX ARGYLE ST,Victoria-Fraserview,494747.173,5450974.1998
Theft from Vehicle,2017,9,15,7,56,80XX ASH ST,Marpole,491250.4035,5451070.7772
Theft from Vehicle,2017,10,21,8,45,80XX CARTIER ST,Marpole,489968.2133,5451078.5443
Theft from Vehicle,2017,10,9,20,0,80XX CHESTER ST,Sunset,493481.6123,5450997.0028
Theft from Vehicle,2017,4,18,10,0,80XX COLUMBIA ST,Marpole,491789.4725,5451030.6823
Theft from Vehicle,2017,11,19,12,0,80XX GRANVILLE ST,Marpole,489770.4033,5451083.257
Theft from Vehicle,2017,8,11,14,37,80XX KERR ST,Killarney,496964.1481,5450963.3143
Theft from Vehicle,2017,9,22,17,55,80XX KERR ST,Killarney,496964.1481,5450963.3143
Theft from Vehicle,2017,10,10,14,30,80XX KERR ST,Killarney,496964.1481,5450963.3143
Theft from Vehicle,2017,2,16,17,15,80XX ONTARIO ST,Sunset,492242.1952,5451050.6466
Theft from Vehicle,2017,1,19,21,0,80XX PRINCE EDWARD ST,Sunset,492873.2328,5451122.0556
Theft from Vehicle,2017,3,10,9,0,80XX ROSS ST,Sunset,493946.1748,5451058.9601
Theft from Vehicle,2017,7,7,16,0,80XX SHAUGHNESSY ST,Marpole,490627.8883,5451060.3005
Theft from Vehicle,2017,7,8,18,0,81XX ELLIOTT ST,Killarney,495971.2966,5450816.8762
Theft from Vehicle,2017,10,10,21,30,81XX GRANVILLE ST,Marpole,489778.6907,5451048.8275
Theft from Vehicle,2017,6,29,18,0,81XX HEATHER ST,Marpole,490958.7549,5451038.9108
Theft from Vehicle,2017,10,27,15,0,81XX HUDSON ST,Marpole,490225.8825,5451062.3343
Theft from Vehicle,2017,10,23,20,0,81XX LAUREL ST,Marpole,490829.9238,5451047.7274
Theft from Vehicle,2017,10,14,18,15,81XX MANITOBA ST,Marpole,491994.276,5451034.6459
Theft from Vehicle,2017,6,20,16,0,81XX NUNAVUT LANE,Marpole,491530.8191,5450939.1497
Theft from Vehicle,2017,7,18,17,14,81XX ONTARIO ST,Marpole,492228.4162,5450919.3917
Theft from Vehicle,2017,6,8,17,0,81XX ONTARIO ST,Marpole,492228.6975,5450927.3661
Theft from Vehicle,2017,2,16,3,0,82XX CARTIER ST,Marpole,489964.5552,5450939.7994
Theft from Vehicle,2017,2,23,12,0,82XX CHESTER ST,Sunset,493480.7564,5450914.6766
Theft from Vehicle,2017,4,28,23,30,82XX ELLIOTT ST,Victoria-Fraserview,495908.8401,5450652.6128
Theft from Vehicle,2017,10,10,10,0,82XX FRASER ST,Sunset,493356.7124,5450812.9691
Theft from Vehicle,2017,11,17,19,0,82XX FREMLIN ST,Marpole,490727.1694,5450969.9161
Theft from Vehicle,2017,12,20,8,0,82XX GRANVILLE ST,Marpole,489768.2714,5450997.7487
Theft from Vehicle,2017,7,17,13,0,82XX GRANVILLE ST,Marpole,489776.6226,5450965.8042
Theft from Vehicle,2017,12,26,15,0,82XX HAIG ST,Marpole,490028.2661,5450981.3726
Theft from Vehicle,2017,10,9,14,0,82XX KERR ST,Killarney,496946.7685,5450785.208
Theft from Vehicle,2017,5,19,18,0,82XX LAUREL ST,Marpole,490827.8534,5450962.9169
Theft from Vehicle,2017,3,31,11,0,82XX OAK ST,Marpole,490524.8443,5450976.0164
Theft from Vehicle,2017,10,9,20,49,82XX ONTARIO ST,Sunset,492235.164,5450851.2872
Theft from Vehicle,2017,10,21,10,13,82XX ROSS ST,Sunset,493869.0944,5450720.2585
Theft from Vehicle,2017,12,24,22,0,82XX SELKIRK ST,Marpole,490324.4075,5450980.0064
Theft from Vehicle,2017,9,22,19,0,82XX ST GEORGE ST,Sunset,493154.97,5450824.4282
Theft from Vehicle,2017,8,11,1,30,82XX TUGBOAT PL,Kerrisdale,488850.0131,5450938.5527
Theft from Vehicle,2017,6,30,10,45,83XX ADERA ST,Marpole,489544.5398,5450961.9085
Theft from Vehicle,2017,6,23,15,0,83XX CARTIER ST,Marpole,489961.3113,5450829.7072
Theft from Vehicle,2017,9,16,17,0,83XX EAST BLVD,Marpole,489410.4646,5450936.9874
Theft from Vehicle,2017,5,16,21,30,83XX GRANVILLE ST,Marpole,489774.3413,5450875.2208
Theft from Vehicle,2017,11,19,18,0,83XX GRANVILLE ST,Marpole,489774.3413,5450875.2208
Theft from Vehicle,2017,6,19,6,30,83XX PRINCE EDWARD ST,Sunset,492828.8589,5450563.6473
Theft from Vehicle,2017,4,5,18,0,83XX ST GEORGE ST,Sunset,493154.827,5450744.0826
Theft from Vehicle,2017,5,31,18,0,83XX ST GEORGE ST,Sunset,493154.827,5450744.0826
Theft from Vehicle,2017,4,22,17,0,83XX TIDEWATER PL,Kerrisdale,488730.001,5450940.986
Theft from Vehicle,2017,6,6,17,0,83XX TIDEWATER PL,Kerrisdale,488743.2606,5450925.049
Theft from Vehicle,2017,12,26,1,0,83XX VICTORIA DR,Victoria-Fraserview,495187.6917,5450655.3668
Theft from Vehicle,2017,6,6,22,0,84XX ADERA ST,Marpole,489531.833,5450832.9974
Theft from Vehicle,2017,11,3,8,0,84XX ADERA ST,Marpole,489540.9186,5450830.9123
Theft from Vehicle,2017,12,16,9,30,84XX CAMBIE ST,Marpole,491461.6179,5450791.1048
Theft from Vehicle,2017,7,30,0,0,84XX CARTIER ST,Marpole,489967.8652,5450745.9871
Theft from Vehicle,2017,4,19,22,0,84XX DUFF ST,Victoria-Fraserview,495314.9112,5450664.1269
Theft from Vehicle,2017,11,6,19,41,84XX FRASER ST,Sunset,493362.5537,5450558.6695
Theft from Vehicle,2017,9,14,20,30,84XX FREMLIN ST,Marpole,490721.4744,5450760.3758
Theft from Vehicle,2017,11,22,0,0,84XX GLADSTONE ST,Victoria-Fraserview,495483.8263,5450593.2925
Theft from Vehicle,2017,11,21,23,0,84XX JELLICOE ST,Killarney,496521.2416,5450418.5842
Theft from Vehicle,2017,10,1,18,30,84XX LAUREL ST,Marpole,490823.713,5450800.4607
Theft from Vehicle,2017,1,8,19,15,84XX MAIN ST,Sunset,492538.7538,5450616.0337
Theft from Vehicle,2017,5,21,0,0,84XX MILLSTONE ST,Killarney,497443.7479,5450570.7043
Theft from Vehicle,2017,7,11,20,0,84XX NANAIMO ST,Victoria-Fraserview,495656.4211,5450395.047
Theft from Vehicle,2017,7,9,15,15,84XX NANAIMO ST,Victoria-Fraserview,495656.4308,5450402.5767
Theft from Vehicle,2017,10,23,17,0,84XX ONTARIO ST,Marpole,492218.3572,5450630.8112
Theft from Vehicle,2017,7,4,17,45,84XX OSLER ST,Marpole,490420.6058,5450753.5708
Theft from Vehicle,2017,9,12,18,15,84XX VICTORIA DR,Victoria-Fraserview,495186.3959,5450563.02
Theft from Vehicle,2017,7,12,15,0,84XX VICTORIA DR,Victoria-Fraserview,495187.4974,5450641.5148
Theft from Vehicle,2017,10,12,21,0,84XX WILTSHIRE ST,Marpole,489333.7019,5450801.3658
Theft from Vehicle,2017,5,16,16,30,85XX ANGLERS PL,Kerrisdale,489024.9914,5450676.8777
Theft from Vehicle,2017,12,18,22,0,85XX ASH ST,Marpole,491336.171,5450600.7223
Theft from Vehicle,2017,3,5,17,30,85XX CAMBIE ST,Marpole,491467.1635,5450639.3189
Theft from Vehicle,2017,11,20,18,0,85XX CORNISH ST,Marpole,489654.5088,5450750.1723
Theft from Vehicle,2017,8,12,17,0,85XX CORNISH ST,Marpole,489654.8534,5450758.8013
Theft from Vehicle,2017,1,26,17,27,85XX GRANVILLE ST,Marpole,489760.734,5450700.2349
Theft from Vehicle,2017,3,1,0,1,85XX GRANVILLE ST,Marpole,489760.734,5450700.2349
Theft from Vehicle,2017,3,1,2,0,85XX GRANVILLE ST,Marpole,489760.7975,5450702.6809
Theft from Vehicle,2017,5,21,12,0,85XX HEATHER ST,Marpole,490948.3487,5450650.8691
Theft from Vehicle,2017,12,17,15,0,85XX HEATHER ST,Marpole,490959.1926,5450717.0778
Theft from Vehicle,2017,5,20,22,0,85XX JELLICOE ST,Killarney,496521.5593,5450332.4413
Theft from Vehicle,2017,5,21,9,42,85XX JELLICOE ST,Killarney,496521.5593,5450332.4413
Theft from Vehicle,2017,8,7,14,0,85XX OAK ST,Marpole,490508.0393,5450647.0387
Theft from Vehicle,2017,4,13,20,0,85XX SHAUGHNESSY ST,Marpole,490621.0551,5450721.7755
Theft from Vehicle,2017,3,30,12,30,85XX STANLEY PARK DR,Stanley Park,489093.8494,5460345.8273
Theft from Vehicle,2017,4,3,12,0,85XX STANLEY PARK DR,Stanley Park,489093.8494,5460345.8273
Theft from Vehicle,2017,6,27,13,53,85XX STANLEY PARK DR,Stanley Park,489093.8494,5460345.8273
Theft from Vehicle,2017,6,29,17,0,85XX STANLEY PARK DR,Stanley Park,489093.8494,5460345.8273
Theft from Vehicle,2017,7,18,17,16,85XX STANLEY PARK DR,Stanley Park,489093.8494,5460345.8273
Theft from Vehicle,2017,9,6,14,15,85XX STANLEY PARK DR,Stanley Park,489093.8494,5460345.8273
Theft from Vehicle,2017,10,1,10,0,86XX ASH ST,Marpole,491323.1633,5450479.3613
Theft from Vehicle,2017,9,6,22,15,86XX CARTIER ST,Marpole,489975.2381,5450531.3477
Theft from Vehicle,2017,4,19,17,0,86XX FRENCH ST,Marpole,489862.0857,5450537.5564
Theft from Vehicle,2017,11,8,19,0,86XX FRENCH ST,Marpole,489862.5801,5450557.496
Theft from Vehicle,2017,12,5,18,45,86XX GRANVILLE ST,Marpole,489758.8007,5450623.7128
Theft from Vehicle,2017,12,3,0,0,86XX HUDSON ST,Marpole,490188.4498,5450532.7972
Theft from Vehicle,2017,12,12,19,0,86XX LAUREL ST,Marpole,490809.568,5450566.7944
Theft from Vehicle,2017,9,12,8,54,86XX LAUREL ST,Marpole,490815.3381,5450626.4024
Theft from Vehicle,2017,12,12,20,45,86XX LAUREL ST,Marpole,490815.3381,5450626.4024
Theft from Vehicle,2017,12,12,18,0,86XX LOGAN ST,Marpole,490901.2807,5450623.1014
Theft from Vehicle,2017,4,2,12,45,86XX OAK ST,Marpole,490505.4881,5450553.0549
Theft from Vehicle,2017,5,13,0,0,86XX OAK ST,Marpole,490505.4881,5450553.0549
Theft from Vehicle,2017,12,15,21,0,86XX OSLER ST,Marpole,490409.0681,5450626.5117
Theft from Vehicle,2017,4,12,16,0,86XX SELKIRK ST,Marpole,490295.3707,5450603.5927
Theft from Vehicle,2017,1,2,0,0,86XX SELKIRK ST,Marpole,490295.9817,5450635.7162
Theft from Vehicle,2017,7,31,17,0,86XX SHAUGHNESSY ST,Marpole,490607.096,5450492.5012
Theft from Vehicle,2017,1,2,13,14,86XX SHAUGHNESSY ST,Marpole,490607.7877,5450526.6923
Theft from Vehicle,2017,12,7,11,6,86XX SHAUGHNESSY ST,Marpole,490616.1712,5450489.0032
Theft from Vehicle,2017,12,16,22,30,86XX SHAUGHNESSY ST,Marpole,490616.1712,5450489.0032
Theft from Vehicle,2017,8,17,21,0,86XX SW MARINE DR,Marpole,489634.308,5450496.5435
Theft from Vehicle,2017,11,17,21,45,86XX SW MARINE DR,Marpole,489637.0865,5450558.0731
Theft from Vehicle,2017,11,17,12,0,87XX AISNE ST,Marpole,491062.8935,5450556.157
Theft from Vehicle,2017,11,17,14,30,87XX ASH ST,Marpole,491328.7126,5450363.0323
Theft from Vehicle,2017,7,27,9,0,87XX BARNARD ST,Marpole,489426.2516,5450453.1531
Theft from Vehicle,2017,10,23,5,19,87XX CAMBIE ST,Marpole,491452.5315,5450400.2945
Theft from Vehicle,2017,11,28,19,0,87XX CAMBIE ST,Marpole,491453.8446,5450457.511
Theft from Vehicle,2017,1,8,10,30,87XX CARTIER ST,Marpole,489973.6033,5450477.7132
Theft from Vehicle,2017,7,27,22,0,87XX FREMLIN ST,Marpole,490712.8332,5450458.3182
Theft from Vehicle,2017,1,5,23,0,87XX GRANVILLE ST,Marpole,489752.8056,5450385.1394
Theft from Vehicle,2017,6,18,0,0,87XX GRANVILLE ST,Marpole,489753.6327,5450417.8441
Theft from Vehicle,2017,10,8,18,0,87XX GRANVILLE ST,Marpole,489763.2562,5450436.6907
Theft from Vehicle,2017,7,15,9,0,87XX KINROSS ST,Killarney,497327.828,5450286.2566
Theft from Vehicle,2017,12,24,20,0,87XX MONTCALM ST,Marpole,490074.5736,5450466.6412
Theft from Vehicle,2017,12,3,3,0,87XX MONTCALM ST,Marpole,490083.0152,5450437.8961
Theft from Vehicle,2017,11,30,0,30,87XX MONTCALM ST,Marpole,490083.5749,5450460.7128
Theft from Vehicle,2017,10,10,2,0,87XX OAK ST,Marpole,490500.6356,5450442.4296
Theft from Vehicle,2017,8,12,0,0,87XX OSLER ST,Marpole,490410.9206,5450395.8404
Theft from Vehicle,2017,1,15,14,0,87XX SW MARINE DR,Marpole,489642.7333,5450480.5587
Theft from Vehicle,2017,3,18,10,0,87XX SW MARINE DR,Marpole,489642.7333,5450480.5587
Theft from Vehicle,2017,10,9,12,0,87XX YUKON ST,Marpole,491588.7249,5450324.0223
Theft from Vehicle,2017,1,6,22,0,87XX YUKON ST,Marpole,491588.7284,5450324.0272
Theft from Vehicle,2017,6,17,12,0,88XX GRANVILLE ST,Marpole,489755.5642,5450296.89
Theft from Vehicle,2017,5,29,18,27,88XX HEATHER ST,Marpole,491030.1632,5450342.393
Theft from Vehicle,2017,5,24,0,0,88XX HEATHER ST,Marpole,491036.5303,5450332.3223
Theft from Vehicle,2017,4,28,20,0,88XX HUDSON ST,Marpole,490193.6975,5450327.9313
Theft from Vehicle,2017,5,5,17,30,88XX MONTCALM ST,Marpole,490070.2092,5450290.4017
Theft from Vehicle,2017,8,9,0,1,88XX MONTCALM ST,Marpole,490070.2092,5450290.4017
Theft from Vehicle,2017,6,18,13,0,88XX N LAGOON DR,Stanley Park,489517.6639,5460454.2347
Theft from Vehicle,2017,11,22,15,0,88XX N LAGOON DR,Stanley Park,489517.6639,5460454.2347
Theft from Vehicle,2017,6,25,19,30,89XX HUDSON ST,Marpole,490186.7904,5450072.7782
Theft from Vehicle,2017,7,10,18,0,8X E 19TH AVE,Riley Park,492496.9878,5455662.9558
Theft from Vehicle,2017,6,30,18,45,8X E 3RD AVE,Mount Pleasant,492501.9496,5457286.3549
Theft from Vehicle,2017,3,27,14,0,8X E 47TH AVE,Sunset,492427.1715,5452769.8069
Theft from Vehicle,2017,8,25,0,0,8X E 64TH AVE,Sunset,492403.113,5451082.1482
Theft from Vehicle,2017,11,11,2,26,8X E PENDER ST,Central Business District,492542.3545,5458633.3358
Theft from Vehicle,2017,3,20,6,0,8X EXPO BLVD,Central Business District,492283.9607,5458374.5952
Theft from Vehicle,2017,4,26,15,37,8X EXPO BLVD,Central Business District,492283.9607,5458374.5952
Theft from Vehicle,2017,9,4,22,50,8X EXPO BLVD,Central Business District,492283.9607,5458374.5952
Theft from Vehicle,2017,11,1,16,30,8X EXPO BLVD,Central Business District,492283.9607,5458374.5952
Theft from Vehicle,2017,12,11,23,30,8X EXPO BLVD,Central Business District,492283.9607,5458374.5952
Theft from Vehicle,2017,11,6,18,30,8X KEEFER ST,Central Business District,492550.8338,5458498.0938
Theft from Vehicle,2017,6,12,20,22,8X PACIFIC BLVD,Central Business District,492266.4699,5458261.6836
Theft from Vehicle,2017,7,9,11,0,8X PACIFIC BLVD,Central Business District,492266.4699,5458261.6836
Theft from Vehicle,2017,8,15,17,30,8X PACIFIC BLVD,Central Business District,492266.4699,5458261.6836
Theft from Vehicle,2017,11,2,19,30,8X PACIFIC BLVD,Central Business District,492266.4699,5458261.6836
Theft from Vehicle,2017,11,28,17,30,8X PACIFIC BLVD,Central Business District,492266.4699,5458261.6836
Theft from Vehicle,2017,12,7,16,30,8X PACIFIC BLVD,Central Business District,492266.4699,5458261.6836
Theft from Vehicle,2017,5,11,14,54,8X POWELL ST,Central Business District,492541.121,5458944.4331
Theft from Vehicle,2017,10,15,19,30,8X POWELL ST,Central Business District,492551.5514,5458944.1059
Theft from Vehicle,2017,1,14,18,15,8X SW MARINE DR,Marpole,492125.8947,5451063.2295
Theft from Vehicle,2017,12,3,21,30,8X W 14TH AVE,Mount Pleasant,492234.1074,5456202.227
Theft from Vehicle,2017,6,22,21,0,8X W 16TH AVE,Riley Park,492223.7982,5455991.4537
Theft from Vehicle,2017,12,15,10,0,8X W 17TH AVE,Riley Park,492234.8306,5455881.4622
Theft from Vehicle,2017,7,17,15,0,8X W 41ST AVE,Riley Park,492154.6133,5453394.1832
Theft from Vehicle,2017,3,30,18,30,8X W 42ND AVE,Oakridge,492163.0256,5453286.1283
Theft from Vehicle,2017,6,20,20,0,8X W 42ND AVE,Oakridge,492163.0256,5453286.1283
Theft from Vehicle,2017,5,16,21,2,8X W PENDER ST,Central Business District,492206.8702,5458693.4618
Theft from Vehicle,2017,5,22,1,12,8X W PENDER ST,Central Business District,492206.8702,5458693.4618
Theft from Vehicle,2017,6,19,8,45,8X W PENDER ST,Central Business District,492206.8702,5458693.4618
Theft from Vehicle,2017,7,2,18,26,8X W PENDER ST,Central Business District,492206.8702,5458693.4618
Theft from Vehicle,2017,7,20,18,0,8X W PENDER ST,Central Business District,492206.8702,5458693.4618
Theft from Vehicle,2017,8,20,13,0,8X W PENDER ST,Central Business District,492206.8702,5458693.4618
Theft from Vehicle,2017,8,28,17,10,8X W PENDER ST,Central Business District,492206.8702,5458693.4618
Theft from Vehicle,2017,9,19,22,0,8X W PENDER ST,Central Business District,492206.8702,5458693.4618
Theft from Vehicle,2017,10,4,15,0,8X W PENDER ST,Central Business District,492206.8702,5458693.4618
Theft from Vehicle,2017,10,11,13,40,8X W PENDER ST,Central Business District,492206.8702,5458693.4618
Theft from Vehicle,2017,11,4,18,30,8X W PENDER ST,Central Business District,492206.8702,5458693.4618
Theft from Vehicle,2017,11,5,21,16,8X W PENDER ST,Central Business District,492206.8702,5458693.4618
Theft from Vehicle,2017,11,9,18,0,8X W PENDER ST,Central Business District,492206.8702,5458693.4618
Theft from Vehicle,2017,11,10,10,45,8X W PENDER ST,Central Business District,492206.8702,5458693.4618
Theft from Vehicle,2017,11,28,18,30,8X W PENDER ST,Central Business District,492206.8702,5458693.4618
Theft from Vehicle,2017,12,8,21,30,8X W PENDER ST,Central Business District,492206.8702,5458693.4618
Theft from Vehicle,2017,12,10,22,33,8X W PENDER ST,Central Business District,492206.8702,5458693.4618
Theft from Vehicle,2017,2,14,23,22,8X W PENDER ST,Central Business District,492206.8702,5458693.4618
Theft from Vehicle,2017,2,17,15,59,8X W PENDER ST,Central Business District,492206.8702,5458693.4618
Theft from Vehicle,2017,1,28,13,30,8XX AVISON WAY,Stanley Park,490531.2051,5460907.1265
Theft from Vehicle,2017,3,31,13,0,8XX AVISON WAY,Stanley Park,490531.2051,5460907.1265
Theft from Vehicle,2017,4,2,12,0,8XX AVISON WAY,Stanley Park,490531.2051,5460907.1265
Theft from Vehicle,2017,4,13,13,0,8XX AVISON WAY,Stanley Park,490531.2051,5460907.1265
Theft from Vehicle,2017,4,21,11,40,8XX AVISON WAY,Stanley Park,490531.2051,5460907.1265
Theft from Vehicle,2017,5,30,10,15,8XX AVISON WAY,Stanley Park,490531.2051,5460907.1265
Theft from Vehicle,2017,5,30,11,0,8XX AVISON WAY,Stanley Park,490531.2051,5460907.1265
Theft from Vehicle,2017,6,27,10,30,8XX AVISON WAY,Stanley Park,490531.2051,5460907.1265
Theft from Vehicle,2017,7,6,18,0,8XX AVISON WAY,Stanley Park,490531.2051,5460907.1265
Theft from Vehicle,2017,7,15,13,0,8XX AVISON WAY,Stanley Park,490531.2051,5460907.1265
Theft from Vehicle,2017,7,16,14,0,8XX AVISON WAY,Stanley Park,490531.2051,5460907.1265
Theft from Vehicle,2017,7,19,12,50,8XX AVISON WAY,Stanley Park,490531.2051,5460907.1265
Theft from Vehicle,2017,7,28,14,0,8XX AVISON WAY,Stanley Park,490531.2051,5460907.1265
Theft from Vehicle,2017,8,14,10,45,8XX AVISON WAY,Stanley Park,490531.2051,5460907.1265
Theft from Vehicle,2017,8,18,22,40,8XX AVISON WAY,Stanley Park,490531.2051,5460907.1265
Theft from Vehicle,2017,8,25,13,30,8XX AVISON WAY,Stanley Park,490531.2051,5460907.1265
Theft from Vehicle,2017,8,25,14,0,8XX AVISON WAY,Stanley Park,490531.2051,5460907.1265
Theft from Vehicle,2017,9,8,14,0,8XX AVISON WAY,Stanley Park,490531.2051,5460907.1265
Theft from Vehicle,2017,9,14,17,0,8XX AVISON WAY,Stanley Park,490531.2051,5460907.1265
Theft from Vehicle,2017,9,30,12,0,8XX AVISON WAY,Stanley Park,490531.2051,5460907.1265
Theft from Vehicle,2017,10,28,17,20,8XX AVISON WAY,Stanley Park,490531.2051,5460907.1265
Theft from Vehicle,2017,3,1,15,26,8XX AVISON WAY,Stanley Park,490550.1446,5460925.9633
Theft from Vehicle,2017,7,24,16,0,8XX AVISON WAY,Stanley Park,490550.1446,5460925.9633
Theft from Vehicle,2017,7,12,12,0,8XX BEATTY ST,Central Business District,491627.5204,5458244.668
Theft from Vehicle,2017,11,1,23,0,8XX BEATTY ST,Central Business District,491641.0307,5458258.0883
Theft from Vehicle,2017,3,26,10,0,8XX BEATTY ST,Central Business District,491645.2231,5458249.3642
Theft from Vehicle,2017,4,13,22,4,8XX BEATTY ST,Central Business District,491645.2231,5458249.3642
Theft from Vehicle,2017,12,1,5,45,8XX BEATTY ST,Central Business District,491645.2231,5458249.3642
Theft from Vehicle,2017,12,6,12,59,8XX BEATTY ST,Central Business District,491645.2231,5458249.3642
Theft from Vehicle,2017,12,14,18,15,8XX BEATTY ST,Central Business District,491645.2231,5458249.3642
Theft from Vehicle,2017,12,27,21,15,8XX BEATTY ST,Central Business District,491645.2231,5458249.3642
Theft from Vehicle,2017,12,27,23,8,8XX BEATTY ST,Central Business District,491645.2231,5458249.3642
Theft from Vehicle,2017,4,14,18,0,8XX BEATTY ST,Central Business District,491701.5163,5458305.2825
Theft from Vehicle,2017,1,3,3,5,8XX BEATTY ST,Central Business District,491708.1753,5458311.8974
Theft from Vehicle,2017,3,9,11,30,8XX BEATTY ST,Central Business District,491710.5231,5458314.2295
Theft from Vehicle,2017,10,30,21,48,8XX BEATTY ST,Central Business District,491710.5231,5458314.2295
Theft from Vehicle,2017,9,3,19,0,8XX BIDWELL ST,West End,490222.2807,5459718.0795
Theft from Vehicle,2017,12,12,22,0,8XX BIDWELL ST,West End,490222.2807,5459718.0795
Theft from Vehicle,2017,12,13,22,0,8XX BIDWELL ST,West End,490222.2807,5459718.0795
Theft from Vehicle,2017,4,6,18,0,8XX BIDWELL ST,West End,490266.8404,5459750.7103
Theft from Vehicle,2017,7,18,22,0,8XX BIDWELL ST,West End,490266.8404,5459750.7103
Theft from Vehicle,2017,5,6,18,30,8XX BROUGHTON ST,West End,490489.5347,5459402.7363
Theft from Vehicle,2017,1,4,14,0,8XX BROUGHTON ST,West End,490552.3018,5459466.9122
Theft from Vehicle,2017,5,13,19,30,8XX BROUGHTON ST,West End,490552.3018,5459466.9122
Theft from Vehicle,2017,8,3,14,15,8XX BROUGHTON ST,West End,490552.3018,5459466.9122
Theft from Vehicle,2017,8,20,9,15,8XX BROUGHTON ST,West End,490552.3018,5459466.9122
Theft from Vehicle,2017,10,18,0,0,8XX BROUGHTON ST,West End,490552.3018,5459466.9122
Theft from Vehicle,2017,11,20,11,30,8XX BURRARD ST,Central Business District,490999.7112,5458879.6855
Theft from Vehicle,2017,12,21,14,0,8XX BURRARD ST,Central Business District,491011.0801,5458890.9937
Theft from Vehicle,2017,1,16,5,50,8XX BURRARD ST,West End,491011.453,5458904.2617
Theft from Vehicle,2017,3,31,16,0,8XX BURRARD ST,West End,491011.453,5458904.2617
Theft from Vehicle,2017,4,7,19,15,8XX BURRARD ST,West End,491011.453,5458904.2617
Theft from Vehicle,2017,5,17,7,30,8XX BURRARD ST,West End,491011.453,5458904.2617
Theft from Vehicle,2017,5,17,20,36,8XX BURRARD ST,West End,491011.453,5458904.2617
Theft from Vehicle,2017,6,5,13,30,8XX BURRARD ST,West End,491011.453,5458904.2617
Theft from Vehicle,2017,7,22,18,53,8XX BURRARD ST,West End,491011.453,5458904.2617
Theft from Vehicle,2017,7,28,11,0,8XX BURRARD ST,West End,491011.453,5458904.2617
Theft from Vehicle,2017,8,1,21,0,8XX BURRARD ST,West End,491011.453,5458904.2617
Theft from Vehicle,2017,9,25,15,11,8XX BURRARD ST,West End,491011.453,5458904.2617
Theft from Vehicle,2017,9,25,18,30,8XX BURRARD ST,West End,491011.453,5458904.2617
Theft from Vehicle,2017,10,8,16,15,8XX BURRARD ST,West End,491011.453,5458904.2617
Theft from Vehicle,2017,11,14,10,43,8XX BURRARD ST,West End,491011.453,5458904.2617
Theft from Vehicle,2017,12,14,16,30,8XX BURRARD ST,West End,491011.453,5458904.2617
Theft from Vehicle,2017,4,10,13,27,8XX BURRARD ST,Central Business District,491070.8735,5458950.4669
Theft from Vehicle,2017,5,21,22,8,8XX BURRARD ST,Central Business District,491070.8735,5458950.4669
Theft from Vehicle,2017,6,2,5,41,8XX BURRARD ST,Central Business District,491070.8735,5458950.4669
Theft from Vehicle,2017,10,3,17,45,8XX BURRARD ST,Central Business District,491070.8735,5458950.4669
Theft from Vehicle,2017,10,8,10,15,8XX BURRARD ST,Central Business District,491070.8735,5458950.4669
Theft from Vehicle,2017,10,15,6,45,8XX BURRARD ST,Central Business District,491070.8735,5458950.4669
Theft from Vehicle,2017,12,2,14,0,8XX BURRARD ST,Central Business District,491070.8735,5458950.4669
Theft from Vehicle,2017,12,22,1,36,8XX BURRARD ST,Central Business District,491070.8735,5458950.4669
Theft from Vehicle,2017,12,22,8,30,8XX BURRARD ST,Central Business District,491070.8735,5458950.4669
Theft from Vehicle,2017,12,27,6,0,8XX BURRARD ST,Central Business District,491070.8735,5458950.4669
Theft from Vehicle,2017,7,29,21,30,8XX BUTE ST,West End,490618.329,5459119.7791
Theft from Vehicle,2017,9,17,16,25,8XX BUTE ST,West End,490686.2652,5459186.6477
Theft from Vehicle,2017,7,9,1,43,8XX BUTE ST,West End,490736.8155,5459220.5368
Theft from Vehicle,2017,11,14,16,10,8XX BUTE ST,West End,490740.0435,5459223.4926
Theft from Vehicle,2017,1,15,22,34,8XX BUTE ST,West End,490754.527,5459236.7542
Theft from Vehicle,2017,6,28,18,35,8XX BUTE ST,West End,490756.1837,5459238.2714
Theft from Vehicle,2017,11,9,19,30,8XX BUTE ST,West End,490756.1837,5459238.2714
Theft from Vehicle,2017,3,17,14,0,8XX BUTE ST,West End,490756.1837,5459238.2714
Theft from Vehicle,2017,8,6,0,0,8XX BUTE ST,West End,490769.0959,5459250.0944
Theft from Vehicle,2017,9,7,23,0,8XX BUTE ST,West End,490769.0959,5459250.0944
Theft from Vehicle,2017,10,10,20,30,8XX CAMBIE ST,Central Business District,491580.7555,5458340.3124
Theft from Vehicle,2017,7,6,10,30,8XX CAMBIE ST,Central Business District,491589.4232,5458335.9977
Theft from Vehicle,2017,1,21,11,48,8XX CAMBIE ST,Central Business District,491609.8008,5458368.6991
Theft from Vehicle,2017,4,4,7,45,8XX CAMBIE ST,Central Business District,491609.8008,5458368.6991
Theft from Vehicle,2017,6,28,23,30,8XX CAMBIE ST,Central Business District,491609.8008,5458368.6991
Theft from Vehicle,2017,7,1,7,0,8XX CAMBIE ST,Central Business District,491609.8008,5458368.6991
Theft from Vehicle,2017,7,19,20,0,8XX CAMBIE ST,Central Business District,491609.8008,5458368.6991
Theft from Vehicle,2017,9,14,20,30,8XX CAMBIE ST,Central Business District,491609.8008,5458368.6991
Theft from Vehicle,2017,9,20,16,9,8XX CAMBIE ST,Central Business District,491609.8008,5458368.6991
Theft from Vehicle,2017,10,7,15,29,8XX CAMBIE ST,Central Business District,491609.8008,5458368.6991
Theft from Vehicle,2017,10,23,12,0,8XX CAMBIE ST,Central Business District,491609.8008,5458368.6991
Theft from Vehicle,2017,11,23,22,0,8XX CAMBIE ST,Central Business District,491609.8008,5458368.6991
Theft from Vehicle,2017,9,29,7,30,8XX CAMBIE ST,Central Business District,491617.0834,5458375.8171
Theft from Vehicle,2017,12,5,13,45,8XX CAMBIE ST,Central Business District,491617.0834,5458375.8171
Theft from Vehicle,2017,3,11,20,14,8XX CAMBIE ST,Central Business District,491617.0834,5458375.8171
Theft from Vehicle,2017,11,20,16,45,8XX CAMBIE ST,Central Business District,491621.9385,5458380.5624
Theft from Vehicle,2017,1,28,19,30,8XX CAMBIE ST,Central Business District,491640.4676,5458385.8864
Theft from Vehicle,2017,2,1,18,0,8XX CAMBIE ST,Central Business District,491640.4676,5458385.8864
Theft from Vehicle,2017,3,29,22,0,8XX CAMBIE ST,Central Business District,491640.4676,5458385.8864
Theft from Vehicle,2017,4,30,6,41,8XX CAMBIE ST,Central Business District,491640.4676,5458385.8864
Theft from Vehicle,2017,7,11,21,45,8XX CAMBIE ST,Central Business District,491640.4676,5458385.8864
Theft from Vehicle,2017,8,6,21,0,8XX CAMBIE ST,Central Business District,491640.4676,5458385.8864
Theft from Vehicle,2017,9,13,20,34,8XX CAMBIE ST,Central Business District,491640.4676,5458385.8864
Theft from Vehicle,2017,9,14,12,26,8XX CAMBIE ST,Central Business District,491640.4676,5458385.8864
Theft from Vehicle,2017,9,26,20,0,8XX CAMBIE ST,Central Business District,491640.4676,5458385.8864
Theft from Vehicle,2017,11,4,13,52,8XX CAMBIE ST,Central Business District,491640.4676,5458385.8864
Theft from Vehicle,2017,11,5,23,0,8XX CAMBIE ST,Central Business District,491640.4676,5458385.8864
Theft from Vehicle,2017,11,15,7,0,8XX CAMBIE ST,Central Business District,491640.4676,5458385.8864
Theft from Vehicle,2017,12,13,13,0,8XX CAMBIE ST,Central Business District,491640.4676,5458385.8864
Theft from Vehicle,2017,10,16,17,30,8XX CARDERO ST,West End,490340.6907,5459593.3708
Theft from Vehicle,2017,8,19,22,0,8XX CARDERO ST,West End,490345.4777,5459610.61
Theft from Vehicle,2017,10,22,19,0,8XX CARDERO ST,West End,490345.4777,5459610.61
Theft from Vehicle,2017,1,16,20,30,8XX CARDERO ST,West End,490362.1098,5459613.8716
Theft from Vehicle,2017,1,16,22,0,8XX CARDERO ST,West End,490362.1098,5459613.8716
Theft from Vehicle,2017,7,22,18,0,8XX CARDERO ST,West End,490382.7286,5459633.6065
Theft from Vehicle,2017,11,23,12,32,8XX CASSIAR ST,Hastings-Sunrise,497766.9328,5458295.7143
Theft from Vehicle,2017,11,18,4,0,8XX CASSIAR ST,Hastings-Sunrise,497769.7536,5458233.7137
Theft from Vehicle,2017,10,31,3,0,8XX CHILCO ST,West End,489900.6936,5460048.9787
Theft from Vehicle,2017,11,24,18,0,8XX CHILCO ST,West End,489900.6936,5460048.9787
Theft from Vehicle,2017,8,16,22,30,8XX CHILCO ST,West End,489941.5268,5460078.0411
Theft from Vehicle,2017,11,19,21,0,8XX CHILCO ST,West End,489941.5268,5460078.0411
Theft from Vehicle,2017,11,12,4,0,8XX CLARK DR,Grandview-Woodland,494386.0057,5458324.8846
Theft from Vehicle,2017,12,23,0,0,8XX DAVIE ST,Central Business District,490741.5536,5458346.826
Theft from Vehicle,2017,3,19,12,8,8XX DENMAN ST,West End,490057.9669,5459768.1651
Theft from Vehicle,2017,5,8,11,0,8XX DENMAN ST,West End,490057.9669,5459768.1651
Theft from Vehicle,2017,6,29,18,25,8XX DENMAN ST,West End,490150.9861,5459863.4215
Theft from Vehicle,2017,3,11,3,12,8XX DUNSMUIR ST,Central Business District,491398.0882,5459123.0464
Theft from Vehicle,2017,4,20,6,30,8XX DUNSMUIR ST,Central Business District,491398.0882,5459123.0464
Theft from Vehicle,2017,12,22,17,0,8XX DUNSMUIR ST,Central Business District,491398.0882,5459123.0464
Theft from Vehicle,2017,11,19,1,0,8XX DURWARD AVE,Kensington-Cedar Cottage,493614.535,5454237.7527
Theft from Vehicle,2017,9,4,18,0,8XX DURWARD AVE,Kensington-Cedar Cottage,493622.4708,5454237.693
Theft from Vehicle,2017,5,31,19,30,8XX E 11TH AVE,Mount Pleasant,493715.9181,5456424.6445
Theft from Vehicle,2017,11,7,12,30,8XX E 11TH AVE,Mount Pleasant,493750.6463,5456424.1448
Theft from Vehicle,2017,7,17,7,25,8XX E 12TH AVE,Mount Pleasant,493730.1864,5456326.7081
Theft from Vehicle,2017,6,1,6,26,8XX E 12TH AVE,Mount Pleasant,493732.9234,5456335.8172
Theft from Vehicle,2017,9,25,22,0,8XX E 14TH AVE,Mount Pleasant,493727.0899,5456122.7961
Theft from Vehicle,2017,7,16,20,0,8XX E 19TH AVE,Kensington-Cedar Cottage,493741.4717,5455653.4044
Theft from Vehicle,2017,12,8,18,0,8XX E 20TH AVE,Kensington-Cedar Cottage,493688.7154,5455553.0437
Theft from Vehicle,2017,9,20,22,30,8XX E 21ST AVE,Kensington-Cedar Cottage,493624.2963,5455454.528
Theft from Vehicle,2017,10,12,21,0,8XX E 22ND AVE,Kensington-Cedar Cottage,493621.5304,5455355.7004
Theft from Vehicle,2017,5,21,6,50,8XX E 23RD AVE,Kensington-Cedar Cottage,493618.8906,5455254.6893
Theft from Vehicle,2017,10,29,4,30,8XX E 27TH AVE,Kensington-Cedar Cottage,493725.8811,5454874.5479
Theft from Vehicle,2017,10,3,15,30,8XX E 30TH AVE,Kensington-Cedar Cottage,493658.079,5454498.5276
Theft from Vehicle,2017,6,28,16,0,8XX E 37TH AVE,Kensington-Cedar Cottage,493590.8104,5453748.3246
Theft from Vehicle,2017,7,31,15,30,8XX E 38TH AVE,Kensington-Cedar Cottage,493597.1599,5453662.7907
Theft from Vehicle,2017,6,21,0,0,8XX E 38TH AVE,Kensington-Cedar Cottage,493617.5679,5453653.0907
Theft from Vehicle,2017,5,10,16,15,8XX E 54TH AVE,Sunset,493645.9707,5451986.6215
Theft from Vehicle,2017,2,5,17,0,8XX E 56TH AVE,Sunset,493618.0258,5451808.6291
Theft from Vehicle,2017,8,3,1,30,8XX E 58TH AVE,Sunset,493656.2255,5451626.2498
Theft from Vehicle,2017,11,20,13,14,8XX E 63RD AVE,Sunset,493581.2497,5451128.9734
Theft from Vehicle,2017,8,28,14,30,8XX E 64TH AVE,Sunset,493582.6,5451021.4596
Theft from Vehicle,2017,3,16,18,30,8XX E 6TH AVE,Mount Pleasant,493665.0572,5456937.0051
Theft from Vehicle,2017,4,8,15,30,8XX E 6TH AVE,Mount Pleasant,493665.0572,5456937.0051
Theft from Vehicle,2017,6,30,12,0,8XX E 6TH AVE,Mount Pleasant,493665.0963,5456946.149
Theft from Vehicle,2017,12,15,22,30,8XX E 6TH AVE,Mount Pleasant,493673.2576,5456946.1141
Theft from Vehicle,2017,9,14,1,0,8XX E 6TH AVE,Mount Pleasant,493795.6379,5456936.4468
Theft from Vehicle,2017,12,14,12,0,8XX E 7TH AVE,Mount Pleasant,493696.6167,5456846.9466
Theft from Vehicle,2017,6,29,18,30,8XX E 7TH AVE,Mount Pleasant,493704.6066,5456837.6899
Theft from Vehicle,2017,5,10,18,40,8XX E BROADWAY AVE,Mount Pleasant,493792.0918,5456631.4025
Theft from Vehicle,2017,6,24,18,0,8XX E CORDOVA ST,Strathcona,493727.8248,5458839.1799
Theft from Vehicle,2017,3,9,21,0,8XX E GEORGIA ST,Strathcona,493656.592,5458398.0096
Theft from Vehicle,2017,4,22,19,0,8XX E GEORGIA ST,Strathcona,493694.1325,5458396.8113
Theft from Vehicle,2017,10,17,21,30,8XX E HASTINGS ST,Strathcona,493669.2837,5458712.1805
Theft from Vehicle,2017,3,8,1,0,8XX E HASTINGS ST,Strathcona,493725.3747,5458710.3548
Theft from Vehicle,2017,10,7,21,0,8XX E HASTINGS ST,Strathcona,493755.0699,5458709.3882
Theft from Vehicle,2017,3,27,23,30,8XX E PENDER ST,Strathcona,493662.0056,5458599.2467
Theft from Vehicle,2017,6,16,13,35,8XX E PENDER ST,Strathcona,493662.0056,5458599.2467
Theft from Vehicle,2017,9,1,18,0,8XX E PENDER ST,Strathcona,493662.0056,5458599.2467
Theft from Vehicle,2017,9,24,11,0,8XX E PENDER ST,Strathcona,493662.0056,5458599.2467
Theft from Vehicle,2017,10,2,9,45,8XX E PENDER ST,Strathcona,493662.0056,5458599.2467
Theft from Vehicle,2017,11,8,11,0,8XX E PENDER ST,Strathcona,493662.0056,5458599.2467
Theft from Vehicle,2017,9,18,20,0,8XX E PENDER ST,Strathcona,493681.6591,5458598.5846
Theft from Vehicle,2017,4,15,20,30,8XX EXPO BLVD,Central Business District,491686.5081,5458162.7913
Theft from Vehicle,2017,12,6,20,0,8XX EXPO BLVD,Central Business District,491686.5081,5458162.7913
Theft from Vehicle,2017,12,26,19,0,8XX EXPO BLVD,Central Business District,491686.5081,5458162.7913
Theft from Vehicle,2017,2,17,22,30,8XX GARDEN DR,Grandview-Woodland,495794.7503,5458301.54
Theft from Vehicle,2017,12,14,14,0,8XX GILFORD ST,West End,490003.2958,5459938.3914
Theft from Vehicle,2017,8,26,14,40,8XX GILFORD ST,West End,490021.1038,5459969.6337
Theft from Vehicle,2017,8,5,20,30,8XX GILFORD ST,West End,490038.453,5459974.2757
Theft from Vehicle,2017,8,8,9,0,8XX GORE AVE,Strathcona,492952.031,5458321.2223
Theft from Vehicle,2017,9,4,18,43,8XX GORE AVE,Strathcona,492952.031,5458321.2223
Theft from Vehicle,2017,11,24,22,0,8XX GORE AVE,Strathcona,492952.031,5458321.2223
Theft from Vehicle,2017,12,23,17,25,8XX GRANVILLE ST,Central Business District,491177.6252,5458626.2943
Theft from Vehicle,2017,4,15,4,20,8XX GRANVILLE ST,Central Business District,491179.9559,5458641.6221
Theft from Vehicle,2017,5,20,22,30,8XX GRANVILLE ST,Central Business District,491190.9813,5458652.7295
Theft from Vehicle,2017,5,13,22,30,8XX GRANVILLE ST,Central Business District,491197.471,5458646.2877
Theft from Vehicle,2017,1,1,11,30,8XX GRANVILLE ST,Central Business District,491285.6749,5458735.1475
Theft from Vehicle,2017,8,20,18,28,8XX GRANVILLE ST,Central Business District,491285.6749,5458735.1475
Theft from Vehicle,2017,10,28,0,1,8XX GREAT NORTHERN WAY,Strathcona,493811.5021,5457026.5273
Theft from Vehicle,2017,12,8,7,20,8XX GREAT NORTHERN WAY,Strathcona,493811.5021,5457026.5273
Theft from Vehicle,2017,10,10,22,0,8XX GREENCHAIN ST,Fairview,491075.6853,5457118.3209
Theft from Vehicle,2017,1,26,20,30,8XX GREENCHAIN ST,Fairview,491081.7238,5457107.3969
Theft from Vehicle,2017,3,8,8,45,8XX GRIFFITHS WAY,Central Business District,492026.4501,5458303.3812
Theft from Vehicle,2017,3,14,19,0,8XX GRIFFITHS WAY,Central Business District,492026.4501,5458303.3812
Theft from Vehicle,2017,3,18,17,45,8XX GRIFFITHS WAY,Central Business District,492026.4501,5458303.3812
Theft from Vehicle,2017,5,30,12,0,8XX GRIFFITHS WAY,Central Business District,492026.4501,5458303.3812
Theft from Vehicle,2017,7,8,17,4,8XX GRIFFITHS WAY,Central Business District,492026.4501,5458303.3812
Theft from Vehicle,2017,7,24,16,0,8XX GRIFFITHS WAY,Central Business District,492026.4501,5458303.3812
Theft from Vehicle,2017,8,8,19,0,8XX GRIFFITHS WAY,Central Business District,492026.4501,5458303.3812
Theft from Vehicle,2017,10,20,15,41,8XX GRIFFITHS WAY,Central Business District,492026.4501,5458303.3812
Theft from Vehicle,2017,11,2,0,0,8XX GRIFFITHS WAY,Central Business District,492026.4501,5458303.3812
Theft from Vehicle,2017,8,7,13,0,8XX HAMILTON ST,Central Business District,491470.4846,5458354.6744
Theft from Vehicle,2017,11,14,14,0,8XX HAMILTON ST,Central Business District,491470.4846,5458354.6744
Theft from Vehicle,2017,4,4,7,0,8XX HAMILTON ST,Central Business District,491476.9719,5458374.5326
Theft from Vehicle,2017,3,25,19,0,8XX HAMILTON ST,Central Business District,491487.8549,5458385.783
Theft from Vehicle,2017,6,5,17,0,8XX HAMILTON ST,Central Business District,491487.8549,5458385.783
Theft from Vehicle,2017,2,6,19,0,8XX HAMILTON ST,Central Business District,491524.8995,5458410.9269
Theft from Vehicle,2017,6,23,15,0,8XX HAMILTON ST,Central Business District,491524.8995,5458410.9269
Theft from Vehicle,2017,7,17,14,0,8XX HAMILTON ST,Central Business District,491524.8995,5458410.9269
Theft from Vehicle,2017,7,25,21,30,8XX HAMILTON ST,Central Business District,491524.8995,5458410.9269
Theft from Vehicle,2017,9,5,21,0,8XX HAMILTON ST,Central Business District,491524.8995,5458410.9269
Theft from Vehicle,2017,9,10,9,43,8XX HAMILTON ST,Central Business District,491524.8995,5458410.9269
Theft from Vehicle,2017,9,25,16,0,8XX HAMILTON ST,Central Business District,491524.8995,5458410.9269
Theft from Vehicle,2017,10,2,16,0,8XX HAMILTON ST,Central Business District,491524.8995,5458410.9269
Theft from Vehicle,2017,10,12,18,0,8XX HAMILTON ST,Central Business District,491524.8995,5458410.9269
Theft from Vehicle,2017,10,23,0,0,8XX HAMILTON ST,Central Business District,491524.8995,5458410.9269
Theft from Vehicle,2017,12,25,17,0,8XX HAMILTON ST,Central Business District,491524.8995,5458410.9269
Theft from Vehicle,2017,12,26,18,0,8XX HAMILTON ST,Central Business District,491524.8995,5458410.9269
Theft from Vehicle,2017,12,26,20,0,8XX HAMILTON ST,Central Business District,491524.8995,5458410.9269
Theft from Vehicle,2017,12,26,22,35,8XX HAMILTON ST,Central Business District,491524.8995,5458410.9269
Theft from Vehicle,2017,12,27,4,52,8XX HAMILTON ST,Central Business District,491524.8995,5458410.9269
Theft from Vehicle,2017,2,8,0,1,8XX HAMILTON ST,Central Business District,491540.0932,5458439.7854
Theft from Vehicle,2017,9,14,19,30,8XX HAMILTON ST,Central Business District,491540.0932,5458439.7854
Theft from Vehicle,2017,1,14,8,18,8XX HAMILTON ST,Central Business District,491563.9856,5458451.333
Theft from Vehicle,2017,11,5,20,0,8XX HAMILTON ST,Central Business District,491566.2548,5458453.6788
Theft from Vehicle,2017,3,27,23,0,8XX HAWKS AVE,Strathcona,493654.8249,5458299.8681
Theft from Vehicle,2017,2,21,23,44,8XX HELMCKEN ST,Central Business District,490858.6871,5458459.8961
Theft from Vehicle,2017,11,9,16,43,8XX HELMCKEN ST,Central Business District,490858.6871,5458459.8961
Theft from Vehicle,2017,11,21,21,0,8XX HELMCKEN ST,Central Business District,490858.6871,5458459.8961
Theft from Vehicle,2017,9,7,11,38,8XX HOMER ST,Central Business District,491402.3801,5458427.1507
Theft from Vehicle,2017,6,7,9,30,8XX HOMER ST,Central Business District,491433.1043,5458471.0744
Theft from Vehicle,2017,8,27,16,0,8XX HOMER ST,Central Business District,491457.1834,5458495.3268
Theft from Vehicle,2017,12,22,23,55,8XX HOMER ST,Central Business District,491457.1834,5458495.3268
Theft from Vehicle,2017,1,10,15,34,8XX HOMER ST,Central Business District,491465.9394,5458504.1459
Theft from Vehicle,2017,5,27,23,30,8XX HOMER ST,Central Business District,491474.6174,5458499.9081
Theft from Vehicle,2017,8,11,3,24,8XX HOMER ST,Central Business District,491476.8845,5458515.1698
Theft from Vehicle,2017,6,9,22,45,8XX HOMER ST,Central Business District,491487.7515,5458513.1368
Theft from Vehicle,2017,2,18,20,50,8XX HOMER ST,Central Business District,491498.6965,5458524.1606
Theft from Vehicle,2017,3,10,20,0,8XX HOMER ST,Central Business District,491498.6965,5458524.1606
Theft from Vehicle,2017,6,15,22,0,8XX HOMER ST,Central Business District,491498.6965,5458524.1606
Theft from Vehicle,2017,6,15,22,30,8XX HOMER ST,Central Business District,491498.6965,5458524.1606
Theft from Vehicle,2017,7,11,9,4,8XX HOMER ST,Central Business District,491498.6965,5458524.1606
Theft from Vehicle,2017,11,5,9,30,8XX HOMER ST,Central Business District,491498.6965,5458524.1606
Theft from Vehicle,2017,9,2,17,0,8XX HORNBY ST,Central Business District,491065.7488,5458810.6018
Theft from Vehicle,2017,1,24,6,30,8XX HORNBY ST,Central Business District,491144.3589,5458877.0343
Theft from Vehicle,2017,3,7,10,20,8XX HORNBY ST,Central Business District,491144.3589,5458877.0343
Theft from Vehicle,2017,4,2,12,15,8XX HORNBY ST,Central Business District,491144.3589,5458877.0343
Theft from Vehicle,2017,6,29,17,40,8XX HORNBY ST,Central Business District,491144.3589,5458877.0343
Theft from Vehicle,2017,8,12,23,20,8XX HOWE ST,Central Business District,491151.2259,5458761.3236
Theft from Vehicle,2017,2,17,6,0,8XX HOWE ST,Central Business District,491166.5753,5458763.6294
Theft from Vehicle,2017,3,30,23,5,8XX HOWE ST,Central Business District,491166.5753,5458763.6294
Theft from Vehicle,2017,4,18,23,35,8XX HOWE ST,Central Business District,491166.5753,5458763.6294
Theft from Vehicle,2017,5,9,19,0,8XX HOWE ST,Central Business District,491166.5753,5458763.6294
Theft from Vehicle,2017,6,26,15,55,8XX HOWE ST,Central Business District,491166.5753,5458763.6294
Theft from Vehicle,2017,7,2,13,5,8XX HOWE ST,Central Business District,491166.5753,5458763.6294
Theft from Vehicle,2017,7,17,1,11,8XX HOWE ST,Central Business District,491166.5753,5458763.6294
Theft from Vehicle,2017,8,22,14,9,8XX HOWE ST,Central Business District,491166.5753,5458763.6294
Theft from Vehicle,2017,10,15,19,30,8XX HOWE ST,Central Business District,491166.5753,5458763.6294
Theft from Vehicle,2017,11,15,20,10,8XX HOWE ST,Central Business District,491166.5753,5458763.6294
Theft from Vehicle,2017,12,3,12,50,8XX HOWE ST,Central Business District,491166.5753,5458763.6294
Theft from Vehicle,2017,1,17,9,0,8XX HOWE ST,Central Business District,491178.9654,5458775.863
Theft from Vehicle,2017,1,16,11,0,8XX HOWE ST,Central Business District,491179.9621,5458776.8478
Theft from Vehicle,2017,7,18,1,40,8XX HOWE ST,Central Business District,491179.9621,5458776.8478
Theft from Vehicle,2017,7,21,17,10,8XX HOWE ST,Central Business District,491179.9621,5458776.8478
Theft from Vehicle,2017,9,16,0,30,8XX HOWE ST,Central Business District,491179.9621,5458776.8478
Theft from Vehicle,2017,9,16,8,5,8XX HOWE ST,Central Business District,491179.9621,5458776.8478
Theft from Vehicle,2017,2,26,16,0,8XX HOWE ST,Central Business District,491179.9621,5458776.8478
Theft from Vehicle,2017,5,14,19,30,8XX HOWE ST,Central Business District,491179.9621,5458776.8478
Theft from Vehicle,2017,1,28,20,0,8XX HOWE ST,Central Business District,491211.1982,5458807.691
Theft from Vehicle,2017,2,3,20,30,8XX HOWE ST,Central Business District,491211.1982,5458807.691
Theft from Vehicle,2017,4,5,22,0,8XX HOWE ST,Central Business District,491211.1982,5458807.691
Theft from Vehicle,2017,4,17,18,0,8XX HOWE ST,Central Business District,491211.1982,5458807.691
Theft from Vehicle,2017,6,13,18,45,8XX HOWE ST,Central Business District,491211.1982,5458807.691
Theft from Vehicle,2017,7,5,21,0,8XX HOWE ST,Central Business District,491211.1982,5458807.691
Theft from Vehicle,2017,8,18,7,45,8XX HOWE ST,Central Business District,491211.1982,5458807.691
Theft from Vehicle,2017,8,25,3,25,8XX HOWE ST,Central Business District,491211.1982,5458807.691
Theft from Vehicle,2017,9,27,20,0,8XX HOWE ST,Central Business District,491211.1982,5458807.691
Theft from Vehicle,2017,10,2,22,0,8XX HOWE ST,Central Business District,491211.1982,5458807.691
Theft from Vehicle,2017,10,5,0,30,8XX HOWE ST,Central Business District,491211.1982,5458807.691
Theft from Vehicle,2017,11,30,22,0,8XX HOWE ST,Central Business District,491211.1982,5458807.691
Theft from Vehicle,2017,12,11,0,29,8XX HOWE ST,Central Business District,491211.1982,5458807.691
Theft from Vehicle,2017,10,22,18,0,8XX JACKSON AVE,Strathcona,493187.6103,5458294.8157
Theft from Vehicle,2017,7,4,16,0,8XX JACKSON AVE,Strathcona,493196.9203,5458300.3914
Theft from Vehicle,2017,3,20,12,0,8XX JERVIS ST,West End,490607.1377,5459329.4827
Theft from Vehicle,2017,12,10,20,30,8XX JERVIS ST,West End,490608.5522,5459318.5935
Theft from Vehicle,2017,4,4,19,0,8XX KEEFER ST,Strathcona,493689.4523,5458506.7137
Theft from Vehicle,2017,4,6,9,10,8XX KEEFER ST,Strathcona,493695.9697,5458506.506
Theft from Vehicle,2017,10,12,11,0,8XX KINGSWAY AVE,Kensington-Cedar Cottage,493762.1599,5455789.0017
Theft from Vehicle,2017,7,9,3,0,8XX LAGOON DR,Stanley Park,489871.0256,5460081.4575
Theft from Vehicle,2017,8,5,21,30,8XX LAGOON DR,West End,489933.2605,5460081.5489
Theft from Vehicle,2017,3,11,22,0,8XX LILLOOET ST,Hastings-Sunrise,497167.4953,5458249.45
Theft from Vehicle,2017,8,2,22,28,8XX MAIN ST,Strathcona,492750.3523,5458316.2841
Theft from Vehicle,2017,10,18,19,30,8XX MAIN ST,Strathcona,492750.3523,5458316.2841
Theft from Vehicle,2017,12,4,4,38,8XX MAIN ST,Strathcona,492750.3523,5458316.2841
Theft from Vehicle,2017,10,19,7,0,8XX MALKIN AVE,Strathcona,493699.2115,5457955.1127
Theft from Vehicle,2017,12,25,19,30,8XX NELSON ST,Central Business District,490915.2169,5458637.9325
Theft from Vehicle,2017,5,19,9,26,8XX NELSON ST,Central Business District,490967.7972,5458584.3761
Theft from Vehicle,2017,10,10,15,0,8XX NELSON ST,Central Business District,490967.7972,5458584.3761
Theft from Vehicle,2017,10,13,5,38,8XX NELSON ST,Central Business District,490967.7972,5458584.3761
Theft from Vehicle,2017,8,17,20,0,8XX NELSON ST,Central Business District,490973.0552,5458579.0204
Theft from Vehicle,2017,8,28,22,0,8XX NELSON ST,Central Business District,490973.0552,5458579.0204
Theft from Vehicle,2017,1,16,8,30,8XX PACIFIC ST,Central Business District,490447.3405,5458168.1632
Theft from Vehicle,2017,5,1,18,0,8XX PACIFIC ST,Central Business District,490447.3405,5458168.1632
Theft from Vehicle,2017,5,1,22,0,8XX PACIFIC ST,Central Business District,490447.3405,5458168.1632
Theft from Vehicle,2017,10,10,23,0,8XX PRINCESS AVE,Strathcona,493328.5007,5458267.3403
Theft from Vehicle,2017,11,25,23,0,8XX PRIOR ST,Strathcona,493759.904,5458202.934
Theft from Vehicle,2017,6,30,17,58,8XX RICHARDS ST,Central Business District,491312.4928,5458492.9799
Theft from Vehicle,2017,10,28,18,0,8XX RICHARDS ST,Central Business District,491312.4928,5458492.9799
Theft from Vehicle,2017,9,2,0,0,8XX RICHARDS ST,Central Business District,491361.9238,5458542.6549
Theft from Vehicle,2017,9,4,19,8,8XX RICHARDS ST,Central Business District,491390.0339,5458570.9032
Theft from Vehicle,2017,7,19,3,38,8XX RICHARDS ST,Central Business District,491391.1331,5458572.0083
Theft from Vehicle,2017,3,11,10,30,8XX RICHARDS ST,Central Business District,491391.1331,5458572.0083
Theft from Vehicle,2017,7,15,19,3,8XX RICHARDS ST,Central Business District,491391.1331,5458572.0083
Theft from Vehicle,2017,7,27,14,0,8XX RICHARDS ST,Central Business District,491391.1331,5458572.0083
Theft from Vehicle,2017,9,2,20,0,8XX RICHARDS ST,Central Business District,491391.1331,5458572.0083
Theft from Vehicle,2017,9,4,16,0,8XX RICHARDS ST,Central Business District,491391.1331,5458572.0083
Theft from Vehicle,2017,10,4,16,45,8XX RICHARDS ST,Central Business District,491391.1331,5458572.0083
Theft from Vehicle,2017,10,21,22,0,8XX RICHARDS ST,Central Business District,491391.1331,5458572.0083
Theft from Vehicle,2017,11,21,0,0,8XX RICHARDS ST,Central Business District,491391.1331,5458572.0083
Theft from Vehicle,2017,11,23,22,0,8XX RICHARDS ST,Central Business District,491391.1331,5458572.0083
Theft from Vehicle,2017,9,27,21,0,8XX RICHARDS ST,Central Business District,491411.096,5458579.1061
Theft from Vehicle,2017,11,17,18,0,8XX RICHARDS ST,Central Business District,491411.096,5458579.1061
Theft from Vehicle,2017,11,9,21,15,8XX RICHARDS ST,Central Business District,491424.4819,5458592.5576
Theft from Vehicle,2017,1,14,0,1,8XX RICHARDS ST,Central Business District,491426.824,5458594.9118
Theft from Vehicle,2017,1,16,17,30,8XX RICHARDS ST,Central Business District,491426.824,5458594.9118
Theft from Vehicle,2017,2,19,0,30,8XX RICHARDS ST,Central Business District,491426.824,5458594.9118
Theft from Vehicle,2017,3,29,11,26,8XX RICHARDS ST,Central Business District,491426.824,5458594.9118
Theft from Vehicle,2017,5,16,20,55,8XX RICHARDS ST,Central Business District,491426.824,5458594.9118
Theft from Vehicle,2017,6,25,14,0,8XX RICHARDS ST,Central Business District,491426.824,5458594.9118
Theft from Vehicle,2017,6,29,16,3,8XX RICHARDS ST,Central Business District,491426.824,5458594.9118
Theft from Vehicle,2017,7,3,0,0,8XX RICHARDS ST,Central Business District,491426.824,5458594.9118
Theft from Vehicle,2017,8,4,15,42,8XX RICHARDS ST,Central Business District,491426.824,5458594.9118
Theft from Vehicle,2017,8,22,22,30,8XX RICHARDS ST,Central Business District,491426.824,5458594.9118
Theft from Vehicle,2017,11,13,18,0,8XX RICHARDS ST,Central Business District,491426.824,5458594.9118
Theft from Vehicle,2017,12,7,21,0,8XX RICHARDS ST,Central Business District,491426.824,5458594.9118
Theft from Vehicle,2017,8,12,13,6,8XX ROBSON ST,Central Business District,491206.1762,5458813.3011
Theft from Vehicle,2017,10,19,18,30,8XX ROBSON ST,Central Business District,491206.1762,5458813.3011
Theft from Vehicle,2017,12,15,10,30,8XX ROBSON ST,Central Business District,491206.1762,5458813.3011
Theft from Vehicle,2017,11,16,14,30,8XX SAWCUT AVE,Fairview,491134.6705,5457181.0488
Theft from Vehicle,2017,2,4,23,3,8XX SEYMOUR ST,Central Business District,491248.8038,5458550.9014
Theft from Vehicle,2017,2,13,16,0,8XX SEYMOUR ST,Central Business District,491248.8038,5458550.9014
Theft from Vehicle,2017,3,15,7,0,8XX SEYMOUR ST,Central Business District,491248.8038,5458550.9014
Theft from Vehicle,2017,3,30,16,0,8XX SEYMOUR ST,Central Business District,491248.8038,5458550.9014
Theft from Vehicle,2017,3,30,16,30,8XX SEYMOUR ST,Central Business District,491248.8038,5458550.9014
Theft from Vehicle,2017,3,30,21,30,8XX SEYMOUR ST,Central Business District,491248.8038,5458550.9014
Theft from Vehicle,2017,4,1,14,8,8XX SEYMOUR ST,Central Business District,491248.8038,5458550.9014
Theft from Vehicle,2017,4,22,15,0,8XX SEYMOUR ST,Central Business District,491248.8038,5458550.9014
Theft from Vehicle,2017,4,30,19,45,8XX SEYMOUR ST,Central Business District,491248.8038,5458550.9014
Theft from Vehicle,2017,6,8,15,10,8XX SEYMOUR ST,Central Business District,491248.8038,5458550.9014
Theft from Vehicle,2017,7,29,20,30,8XX SEYMOUR ST,Central Business District,491248.8038,5458550.9014
Theft from Vehicle,2017,8,20,12,55,8XX SEYMOUR ST,Central Business District,491248.8038,5458550.9014
Theft from Vehicle,2017,9,10,14,46,8XX SEYMOUR ST,Central Business District,491248.8038,5458550.9014
Theft from Vehicle,2017,9,26,17,0,8XX SEYMOUR ST,Central Business District,491248.8038,5458550.9014
Theft from Vehicle,2017,9,28,13,0,8XX SEYMOUR ST,Central Business District,491248.8038,5458550.9014
Theft from Vehicle,2017,10,6,7,30,8XX SEYMOUR ST,Central Business District,491248.8038,5458550.9014
Theft from Vehicle,2017,10,6,11,15,8XX SEYMOUR ST,Central Business District,491248.8038,5458550.9014
Theft from Vehicle,2017,10,19,17,0,8XX SEYMOUR ST,Central Business District,491248.8038,5458550.9014
Theft from Vehicle,2017,10,22,14,30,8XX SEYMOUR ST,Central Business District,491248.8038,5458550.9014
Theft from Vehicle,2017,10,23,10,30,8XX SEYMOUR ST,Central Business District,491248.8038,5458550.9014
Theft from Vehicle,2017,11,17,13,0,8XX SEYMOUR ST,Central Business District,491248.8038,5458550.9014
Theft from Vehicle,2017,11,22,12,55,8XX SEYMOUR ST,Central Business District,491248.8038,5458550.9014
Theft from Vehicle,2017,4,10,13,35,8XX SEYMOUR ST,Central Business District,491257.8428,5458560.0619
Theft from Vehicle,2017,7,23,16,30,8XX SEYMOUR ST,Central Business District,491269.1415,5458571.5125
Theft from Vehicle,2017,4,14,19,55,8XX SEYMOUR ST,Central Business District,491278.1805,5458580.673
Theft from Vehicle,2017,9,15,16,2,8XX SEYMOUR ST,Central Business District,491280.7107,5458596.256
Theft from Vehicle,2017,10,27,20,0,8XX SEYMOUR ST,Central Business District,491280.7107,5458596.256
Theft from Vehicle,2017,11,14,17,0,8XX SEYMOUR ST,Central Business District,491305.5679,5458621.4473
Theft from Vehicle,2017,12,22,14,0,8XX SEYMOUR ST,Central Business District,491305.5679,5458621.4473
Theft from Vehicle,2017,1,13,20,38,8XX SEYMOUR ST,Central Business District,491316.8667,5458632.8979
Theft from Vehicle,2017,3,9,17,30,8XX SEYMOUR ST,Central Business District,491316.8667,5458632.8979
Theft from Vehicle,2017,8,17,11,30,8XX SEYMOUR ST,Central Business District,491316.8667,5458632.8979
Theft from Vehicle,2017,12,8,15,49,8XX SEYMOUR ST,Central Business District,491316.8667,5458632.8979
Theft from Vehicle,2017,9,23,16,0,8XX SEYMOUR ST,Central Business District,491334.6742,5458637.926
Theft from Vehicle,2017,1,9,16,48,8XX SEYMOUR ST,Central Business District,491343.9836,5458660.3794
Theft from Vehicle,2017,3,17,15,15,8XX SEYMOUR ST,Central Business District,491359.5315,5458663.1174
Theft from Vehicle,2017,3,26,16,50,8XX SEYMOUR ST,Central Business District,491359.5315,5458663.1174
Theft from Vehicle,2017,4,14,19,30,8XX SEYMOUR ST,Central Business District,491359.5315,5458663.1174
Theft from Vehicle,2017,4,18,18,0,8XX SEYMOUR ST,Central Business District,491359.5315,5458663.1174
Theft from Vehicle,2017,4,19,2,32,8XX SEYMOUR ST,Central Business District,491359.5315,5458663.1174
Theft from Vehicle,2017,4,25,22,12,8XX SEYMOUR ST,Central Business District,491359.5315,5458663.1174
Theft from Vehicle,2017,5,8,17,45,8XX SEYMOUR ST,Central Business District,491359.5315,5458663.1174
Theft from Vehicle,2017,5,17,15,0,8XX SEYMOUR ST,Central Business District,491359.5315,5458663.1174
Theft from Vehicle,2017,5,23,17,5,8XX SEYMOUR ST,Central Business District,491359.5315,5458663.1174
Theft from Vehicle,2017,6,11,20,0,8XX SEYMOUR ST,Central Business District,491359.5315,5458663.1174
Theft from Vehicle,2017,6,12,19,30,8XX SEYMOUR ST,Central Business District,491359.5315,5458663.1174
Theft from Vehicle,2017,6,18,12,0,8XX SEYMOUR ST,Central Business District,491359.5315,5458663.1174
Theft from Vehicle,2017,6,29,11,30,8XX SEYMOUR ST,Central Business District,491359.5315,5458663.1174
Theft from Vehicle,2017,7,14,8,30,8XX SEYMOUR ST,Central Business District,491359.5315,5458663.1174
Theft from Vehicle,2017,7,19,6,20,8XX SEYMOUR ST,Central Business District,491359.5315,5458663.1174
Theft from Vehicle,2017,7,25,22,0,8XX SEYMOUR ST,Central Business District,491359.5315,5458663.1174
Theft from Vehicle,2017,8,4,17,0,8XX SEYMOUR ST,Central Business District,491359.5315,5458663.1174
Theft from Vehicle,2017,8,8,3,25,8XX SEYMOUR ST,Central Business District,491359.5315,5458663.1174
Theft from Vehicle,2017,8,10,1,51,8XX SEYMOUR ST,Central Business District,491359.5315,5458663.1174
Theft from Vehicle,2017,8,14,2,53,8XX SEYMOUR ST,Central Business District,491359.5315,5458663.1174
Theft from Vehicle,2017,8,15,22,0,8XX SEYMOUR ST,Central Business District,491359.5315,5458663.1174
Theft from Vehicle,2017,9,5,22,55,8XX SEYMOUR ST,Central Business District,491359.5315,5458663.1174
Theft from Vehicle,2017,9,6,12,40,8XX SEYMOUR ST,Central Business District,491359.5315,5458663.1174
Theft from Vehicle,2017,9,30,13,30,8XX SEYMOUR ST,Central Business District,491359.5315,5458663.1174
Theft from Vehicle,2017,10,19,9,0,8XX SEYMOUR ST,Central Business District,491359.5315,5458663.1174
Theft from Vehicle,2017,10,23,15,0,8XX SEYMOUR ST,Central Business District,491359.5315,5458663.1174
Theft from Vehicle,2017,11,3,1,3,8XX SEYMOUR ST,Central Business District,491359.5315,5458663.1174
Theft from Vehicle,2017,11,10,12,35,8XX SEYMOUR ST,Central Business District,491359.5315,5458663.1174
Theft from Vehicle,2017,11,15,16,55,8XX SEYMOUR ST,Central Business District,491359.5315,5458663.1174
Theft from Vehicle,2017,12,3,20,1,8XX SEYMOUR ST,Central Business District,491359.5315,5458663.1174
Theft from Vehicle,2017,3,25,9,34,8XX SW MARINE DR,Marpole,490797.5982,5450386.0982
Theft from Vehicle,2017,3,29,19,0,8XX TERMINAL AVE,Strathcona,493715.1532,5457514.3949
Theft from Vehicle,2017,6,4,7,15,8XX TERMINAL AVE,Strathcona,493842.3651,5457511.9543
Theft from Vehicle,2017,12,26,18,57,8XX THURLOW ST,West End,490908.6183,5459083.2062
Theft from Vehicle,2017,5,8,18,0,8XX THURLOW ST,West End,490922.4897,5459097.196
Theft from Vehicle,2017,1,7,2,18,8XX UNION ST,Strathcona,493655.2923,5458296.7504
Theft from Vehicle,2017,4,11,23,0,8XX UNION ST,Strathcona,493704.2545,5458295.5398
Theft from Vehicle,2017,11,26,16,30,8XX UNION ST,Strathcona,493710.7828,5458295.3783
Theft from Vehicle,2017,8,29,20,0,8XX UNION ST,Strathcona,493733.8578,5458303.9546
Theft from Vehicle,2017,10,21,23,0,8XX UNION ST,Strathcona,493786.0842,5458302.6632
Theft from Vehicle,2017,5,5,19,0,8XX W 10TH AVE,Fairview,491096.9173,5456634.5753
Theft from Vehicle,2017,3,5,6,0,8XX W 12TH AVE,Fairview,491033.0002,5456432.316
Theft from Vehicle,2017,3,5,19,0,8XX W 12TH AVE,Fairview,491033.0002,5456432.316
Theft from Vehicle,2017,5,12,9,30,8XX W 12TH AVE,Fairview,491033.0002,5456432.316
Theft from Vehicle,2017,8,5,23,0,8XX W 12TH AVE,Fairview,491033.0002,5456432.316
Theft from Vehicle,2017,6,30,22,30,8XX W 13TH AVE,Fairview,491118.6634,5456312.4688
Theft from Vehicle,2017,8,31,9,30,8XX W 13TH AVE,Fairview,491118.6634,5456312.4688
Theft from Vehicle,2017,11,24,20,0,8XX W 15TH AVE,Fairview,490968.7533,5456114.3056
Theft from Vehicle,2017,11,18,23,0,8XX W 15TH AVE,Fairview,491071.8926,5456111.2305
Theft from Vehicle,2017,8,15,0,0,8XX W 15TH AVE,Fairview,491113.7929,5456109.9813
Theft from Vehicle,2017,12,14,22,0,8XX W 16TH AVE,South Cambie,490989.2813,5456035.346
Theft from Vehicle,2017,5,16,22,0,8XX W 18TH AVE,South Cambie,491111.4214,5455831.7971
Theft from Vehicle,2017,7,15,20,30,8XX W 19TH AVE,South Cambie,490967.3406,5455744.16
Theft from Vehicle,2017,6,30,21,0,8XX W 20TH AVE,South Cambie,491030.2351,5455644.0593
Theft from Vehicle,2017,9,4,22,30,8XX W 20TH AVE,South Cambie,491030.2351,5455644.0593
Theft from Vehicle,2017,9,17,16,0,8XX W 20TH AVE,South Cambie,491103.6578,5455632.6258
Theft from Vehicle,2017,9,18,1,0,8XX W 20TH AVE,South Cambie,491103.6578,5455632.6258
Theft from Vehicle,2017,3,5,20,30,8XX W 22ND AVE,South Cambie,491102.0541,5455430.9165
Theft from Vehicle,2017,6,16,18,0,8XX W 23RD AVE,South Cambie,491012.9928,5455342.1636
Theft from Vehicle,2017,5,13,14,30,8XX W 23RD AVE,South Cambie,491064.5253,5455331.4492
Theft from Vehicle,2017,11,23,17,0,8XX W 28TH AVE,South Cambie,491083.4102,5454831.0034
Theft from Vehicle,2017,8,9,15,0,8XX W 38TH AVE,South Cambie,490988.315,5453762.8832
Theft from Vehicle,2017,7,30,3,24,8XX W 42ND AVE,Oakridge,490970.7172,5453356.808
Theft from Vehicle,2017,3,31,18,0,8XX W 46TH AVE,Oakridge,490956.3764,5452934.349
Theft from Vehicle,2017,9,13,22,0,8XX W 59TH AVE,Marpole,490864.0076,5451586.7169
Theft from Vehicle,2017,10,2,20,0,8XX W 60TH AVE,Marpole,490974.1864,5451477.5963
Theft from Vehicle,2017,10,2,22,0,8XX W 60TH AVE,Marpole,490974.1864,5451477.5963
Theft from Vehicle,2017,12,10,0,0,8XX W 62ND AVE,Marpole,490937.0348,5451329.044
Theft from Vehicle,2017,2,3,17,15,8XX W 62ND AVE,Marpole,490969.6495,5451318.9491
Theft from Vehicle,2017,9,18,22,20,8XX W 62ND AVE,Marpole,490969.6495,5451318.9491
Theft from Vehicle,2017,9,23,12,0,8XX W 62ND AVE,Marpole,490969.6495,5451318.9491
Theft from Vehicle,2017,9,22,18,0,8XX W 63RD AVE,Marpole,490966.4078,5451217.7359
Theft from Vehicle,2017,7,9,20,0,8XX W 64TH AVE,Marpole,490947.0933,5451135.5127
Theft from Vehicle,2017,5,2,22,0,8XX W 64TH AVE,Marpole,490964.5401,5451126.0698
Theft from Vehicle,2017,8,14,0,0,8XX W 67TH AVE,Marpole,490771.208,5450879.0565
Theft from Vehicle,2017,7,10,1,18,8XX W 67TH AVE,Marpole,490861.0983,5450877.075
Theft from Vehicle,2017,2,13,4,0,8XX W 67TH AVE,Marpole,490954.7868,5450875.6339
Theft from Vehicle,2017,9,11,3,14,8XX W 67TH AVE,Marpole,490954.7868,5450875.6339
Theft from Vehicle,2017,12,6,20,0,8XX W 68TH AVE,Marpole,490930.0177,5450804.1086
Theft from Vehicle,2017,8,27,18,0,8XX W 69TH AVE,Marpole,490849.2732,5450725.5423
Theft from Vehicle,2017,12,17,20,10,8XX W 69TH AVE,Marpole,490898.1063,5450724.155
Theft from Vehicle,2017,12,17,18,0,8XX W 69TH AVE,Marpole,490924.1414,5450714.2677
Theft from Vehicle,2017,8,27,19,8,8XX W 69TH AVE,Marpole,490950.4362,5450713.5206
Theft from Vehicle,2017,5,18,18,0,8XX W 7TH AVE,Fairview,491050.8374,5456938.486
Theft from Vehicle,2017,1,27,8,15,8XX W 7TH AVE,Fairview,491135.2696,5456927.2055
Theft from Vehicle,2017,2,7,21,30,8XX W 8TH AVE,Fairview,491025.9777,5456845.9389
Theft from Vehicle,2017,8,28,16,0,8XX W 8TH AVE,Fairview,491045.6082,5456845.1763
Theft from Vehicle,2017,1,30,12,0,8XX W 8TH AVE,Fairview,491094.6845,5456843.27
Theft from Vehicle,2017,2,4,17,0,8XX W 8TH AVE,Fairview,491094.6845,5456843.27
Theft from Vehicle,2017,6,15,17,0,8XX W 8TH AVE,Fairview,491094.6845,5456843.27
Theft from Vehicle,2017,4,4,22,30,8XX W 8TH AVE,Fairview,491104.4998,5456842.8887
Theft from Vehicle,2017,3,23,21,30,8XX W BROADWAY AVE,Fairview,490970.4029,5456736.5378
Theft from Vehicle,2017,4,28,23,0,8XX W BROADWAY AVE,Fairview,490970.4029,5456736.5378
Theft from Vehicle,2017,5,7,17,0,8XX W BROADWAY AVE,Fairview,490970.4029,5456736.5378
Theft from Vehicle,2017,7,1,23,0,8XX W BROADWAY AVE,Fairview,490970.4029,5456736.5378
Theft from Vehicle,2017,10,6,22,0,8XX W BROADWAY AVE,Fairview,490970.4029,5456736.5378
Theft from Vehicle,2017,5,2,13,30,8XX W BROADWAY AVE,Fairview,491125.323,5456740.3027
Theft from Vehicle,2017,12,16,14,30,8XX W BROADWAY AVE,Fairview,491125.323,5456740.3027
Theft from Vehicle,2017,3,4,19,30,8XX W BROADWAY AVE,Fairview,491131.5842,5456730.9355
Theft from Vehicle,2017,4,13,20,0,8XX W CORDOVA ST,Central Business District,491669.6104,5459366.2804
Theft from Vehicle,2017,1,17,20,30,8XX W CORDOVA ST,Central Business District,491708.87,5459327.8072
Theft from Vehicle,2017,7,10,18,0,8XX W CORDOVA ST,Central Business District,491711.8384,5459324.8971
Theft from Vehicle,2017,8,15,2,28,8XX W CORDOVA ST,Central Business District,491711.8384,5459324.8971
Theft from Vehicle,2017,9,7,19,0,8XX W CORDOVA ST,Central Business District,491711.8384,5459324.8971
Theft from Vehicle,2017,12,12,13,0,8XX W CORDOVA ST,Central Business District,491711.8384,5459324.8971
Theft from Vehicle,2017,1,22,11,0,8XX W GEORGIA ST,Central Business District,491279.7136,5459000.0143
Theft from Vehicle,2017,1,26,8,0,8XX W GEORGIA ST,Central Business District,491279.7136,5459000.0143
Theft from Vehicle,2017,4,9,18,30,8XX W GEORGIA ST,Central Business District,491279.7136,5459000.0143
Theft from Vehicle,2017,5,9,18,0,8XX W GEORGIA ST,Central Business District,491279.7136,5459000.0143
Theft from Vehicle,2017,7,6,21,30,8XX W GEORGIA ST,Central Business District,491279.7136,5459000.0143
Theft from Vehicle,2017,7,8,11,55,8XX W GEORGIA ST,Central Business District,491279.7136,5459000.0143
Theft from Vehicle,2017,10,15,22,56,8XX W GEORGIA ST,Central Business District,491279.7136,5459000.0143
Theft from Vehicle,2017,11,27,14,8,8XX W GEORGIA ST,Central Business District,491279.7136,5459000.0143
Theft from Vehicle,2017,5,14,11,32,8XX W GEORGIA ST,Central Business District,491295.7486,5458970.6323
Theft from Vehicle,2017,4,15,13,45,8XX W GEORGIA ST,Central Business District,491299.6191,5458979.7417
Theft from Vehicle,2017,2,16,0,0,8XX W HASTINGS ST,Central Business District,491603.824,5459303.086
Theft from Vehicle,2017,12,19,8,0,8XX W HASTINGS ST,Central Business District,491616.2861,5459277.6688
Theft from Vehicle,2017,2,19,21,30,8XX W HASTINGS ST,Central Business District,491624.1082,5459282.7766
Theft from Vehicle,2017,3,14,12,0,8XX W HASTINGS ST,Central Business District,491624.1082,5459282.7766
Theft from Vehicle,2017,3,15,20,0,8XX W HASTINGS ST,Central Business District,491624.1082,5459282.7766
Theft from Vehicle,2017,3,18,11,29,8XX W HASTINGS ST,Central Business District,491624.1082,5459282.7766
Theft from Vehicle,2017,4,13,19,0,8XX W HASTINGS ST,Central Business District,491624.1082,5459282.7766
Theft from Vehicle,2017,4,23,13,15,8XX W HASTINGS ST,Central Business District,491624.1082,5459282.7766
Theft from Vehicle,2017,11,11,13,0,8XX W HASTINGS ST,Central Business District,491624.1082,5459282.7766
Theft from Vehicle,2017,12,1,11,0,8XX W HASTINGS ST,Central Business District,491624.1082,5459282.7766
Theft from Vehicle,2017,12,21,18,37,8XX W HASTINGS ST,Central Business District,491624.1082,5459282.7766
Theft from Vehicle,2017,5,9,2,37,8XX W HASTINGS ST,Central Business District,491641.9795,5459251.9436
Theft from Vehicle,2017,6,30,23,0,8XX W HASTINGS ST,Central Business District,491641.9795,5459251.9436
Theft from Vehicle,2017,11,29,20,30,8XX W HASTINGS ST,Central Business District,491641.9795,5459251.9436
Theft from Vehicle,2017,12,13,22,0,8XX W HASTINGS ST,Central Business District,491641.9795,5459251.9436
Theft from Vehicle,2017,12,4,0,0,8XX W KING EDWARD AVE,South Cambie,490949.025,5455150.2809
Theft from Vehicle,2017,10,1,17,40,8XX W KING EDWARD AVE,South Cambie,491032.4382,5455146.8924
Theft from Vehicle,2017,9,3,0,1,8XX W KING EDWARD AVE,South Cambie,491065.8035,5455145.537
Theft from Vehicle,2017,6,10,0,0,8XX W PENDER ST,Central Business District,491570.9721,5459173.8223
Theft from Vehicle,2017,6,11,10,0,8XX W PENDER ST,Central Business District,491570.9721,5459173.8223
Theft from Vehicle,2017,11,18,8,0,8XX W PENDER ST,Central Business District,491570.9721,5459173.8223
Theft from Vehicle,2017,11,30,21,30,8XX WINDERMERE ST,Hastings-Sunrise,497359.0601,5458276.5679
Theft from Vehicle,2017,12,9,13,0,90XX SHAUGHNESSY ST,Marpole,490747.3547,5450042.4437
Theft from Vehicle,2017,3,6,13,55,92XX SHAUGHNESSY ST,Marpole,490836.0939,5449902.2113
Theft from Vehicle,2017,11,2,18,0,9X E 22ND AVE,Riley Park,492505.1477,5455356.3344
Theft from Vehicle,2017,4,9,13,30,9X E PENDER ST,Central Business District,492557.4021,5458641.9366
Theft from Vehicle,2017,7,22,22,55,9X E PENDER ST,Central Business District,492557.4021,5458641.9366
Theft from Vehicle,2017,3,13,16,30,9X W 12TH AVE,Mount Pleasant,492225.5308,5456403.9476
Theft from Vehicle,2017,7,7,22,0,9X W 19TH AVE,Riley Park,492214.9441,5455679.9333
Theft from Vehicle,2017,4,12,21,30,9X W 21ST AVE,Riley Park,492199.6068,5455461.286
Theft from Vehicle,2017,11,2,17,0,9X W BROADWAY AVE,Mount Pleasant,492231.6684,5456708.2896
Theft from Vehicle,2017,6,29,18,45,9X W CORDOVA ST,Central Business District,492239.9936,5458916.5002
Theft from Vehicle,2017,7,20,12,0,9X W CORDOVA ST,Central Business District,492239.9936,5458916.5002
Theft from Vehicle,2017,8,8,19,30,9X W CORDOVA ST,Central Business District,492239.9936,5458916.5002
Theft from Vehicle,2017,12,5,20,0,9X W CORDOVA ST,Central Business District,492239.9936,5458916.5002
Theft from Vehicle,2017,12,6,21,15,9X W CORDOVA ST,Central Business District,492239.9936,5458916.5002
Theft from Vehicle,2017,12,19,22,0,9X W CORDOVA ST,Central Business District,492239.9936,5458916.5002
Theft from Vehicle,2017,12,6,17,40,9X W HASTINGS ST,Central Business District,492218.6634,5458811.476
Theft from Vehicle,2017,9,13,20,0,9X W PENDER ST,Central Business District,492180.9865,5458710.0684
Theft from Vehicle,2017,11,28,18,0,9X W PENDER ST,Central Business District,492180.9865,5458710.0684
Theft from Vehicle,2017,4,24,22,32,9X W WATERFRONT RD,Central Business District,492353.3109,5459137.3372
Theft from Vehicle,2017,8,13,9,25,9XX BEATTY ST,Central Business District,491546.8477,5458164.5817
Theft from Vehicle,2017,6,19,21,30,9XX BEATTY ST,Central Business District,491563.8351,5458168.5555
Theft from Vehicle,2017,6,26,11,0,9XX BEATTY ST,Central Business District,491563.8351,5458168.5555
Theft from Vehicle,2017,10,6,0,0,9XX BURRARD ST,West End,490870.3933,5458765.9317
Theft from Vehicle,2017,3,30,6,54,9XX BURRARD ST,Central Business District,490874.1855,5458756.8522
Theft from Vehicle,2017,9,18,22,0,9XX BURRARD ST,Central Business District,490874.1855,5458756.8522
Theft from Vehicle,2017,2,9,21,0,9XX BURRARD ST,West End,490888.5062,5458783.6333
Theft from Vehicle,2017,3,17,16,0,9XX BURRARD ST,West End,490888.5062,5458783.6333
Theft from Vehicle,2017,6,29,11,30,9XX BURRARD ST,West End,490888.5062,5458783.6333
Theft from Vehicle,2017,7,15,17,30,9XX BURRARD ST,West End,490888.5062,5458783.6333
Theft from Vehicle,2017,7,15,20,55,9XX BURRARD ST,West End,490888.5062,5458783.6333
Theft from Vehicle,2017,9,2,19,18,9XX BURRARD ST,West End,490888.5062,5458783.6333
Theft from Vehicle,2017,9,24,8,0,9XX BURRARD ST,West End,490888.5062,5458783.6333
Theft from Vehicle,2017,10,5,12,18,9XX BURRARD ST,West End,490888.5062,5458783.6333
Theft from Vehicle,2017,12,2,23,0,9XX BURRARD ST,West End,490888.5062,5458783.6333
Theft from Vehicle,2017,12,13,8,53,9XX BURRARD ST,West End,490888.5062,5458783.6333
Theft from Vehicle,2017,12,13,21,40,9XX BURRARD ST,West End,490888.5062,5458783.6333
Theft from Vehicle,2017,6,3,5,45,9XX BURRARD ST,West End,490938.7233,5458832.2216
Theft from Vehicle,2017,6,25,19,0,9XX BURRARD ST,West End,490938.7233,5458832.2216
Theft from Vehicle,2017,9,3,13,0,9XX BURRARD ST,West End,490938.7233,5458832.2216
Theft from Vehicle,2017,1,12,22,40,9XX BURRARD ST,Central Business District,490952.141,5458832.437
Theft from Vehicle,2017,1,17,12,30,9XX BURRARD ST,Central Business District,490952.141,5458832.437
Theft from Vehicle,2017,1,6,20,45,9XX BURRARD ST,Central Business District,490952.9374,5458833.2026
Theft from Vehicle,2017,1,13,18,30,9XX BURRARD ST,Central Business District,490952.9374,5458833.2026
Theft from Vehicle,2017,1,26,17,0,9XX BURRARD ST,Central Business District,490952.9374,5458833.2026
Theft from Vehicle,2017,1,26,19,0,9XX BURRARD ST,Central Business District,490952.9374,5458833.2026
Theft from Vehicle,2017,1,28,17,30,9XX BURRARD ST,Central Business District,490952.9374,5458833.2026
Theft from Vehicle,2017,2,9,14,30,9XX BURRARD ST,Central Business District,490952.9374,5458833.2026
Theft from Vehicle,2017,3,10,18,0,9XX BURRARD ST,Central Business District,490952.9374,5458833.2026
Theft from Vehicle,2017,3,12,0,46,9XX BURRARD ST,Central Business District,490952.9374,5458833.2026
Theft from Vehicle,2017,6,7,11,45,9XX BURRARD ST,Central Business District,490952.9374,5458833.2026
Theft from Vehicle,2017,6,16,18,0,9XX BURRARD ST,Central Business District,490952.9374,5458833.2026
Theft from Vehicle,2017,7,3,21,30,9XX BURRARD ST,Central Business District,490952.9374,5458833.2026
Theft from Vehicle,2017,9,17,21,0,9XX BURRARD ST,Central Business District,490952.9374,5458833.2026
Theft from Vehicle,2017,9,26,7,50,9XX BURRARD ST,Central Business District,490952.9374,5458833.2026
Theft from Vehicle,2017,9,28,23,0,9XX BURRARD ST,Central Business District,490952.9374,5458833.2026
Theft from Vehicle,2017,10,10,21,30,9XX BURRARD ST,Central Business District,490952.9374,5458833.2026
Theft from Vehicle,2017,11,19,21,10,9XX BURRARD ST,Central Business District,490952.9374,5458833.2026
Theft from Vehicle,2017,11,21,15,0,9XX BURRARD ST,Central Business District,490952.9374,5458833.2026
Theft from Vehicle,2017,12,13,8,0,9XX BURRARD ST,Central Business District,490952.9374,5458833.2026
Theft from Vehicle,2017,12,22,18,15,9XX BURRARD ST,Central Business District,490952.9374,5458833.2026
Theft from Vehicle,2017,12,25,20,0,9XX BURRARD ST,Central Business District,490952.9374,5458833.2026
Theft from Vehicle,2017,12,26,9,8,9XX BURRARD ST,Central Business District,490952.9374,5458833.2026
Theft from Vehicle,2017,2,21,20,0,9XX BUTE ST,West End,490547.6733,5459046.8966
Theft from Vehicle,2017,11,26,22,0,9XX BUTE ST,West End,490566.5771,5459053.3543
Theft from Vehicle,2017,1,18,20,0,9XX BUTE ST,West End,490610.7373,5459099.2457
Theft from Vehicle,2017,1,8,5,21,9XX CAMBIE ST,Central Business District,491475.3882,5458216.7298
Theft from Vehicle,2017,8,8,15,0,9XX CAMBIE ST,Central Business District,491475.3882,5458216.7298
Theft from Vehicle,2017,3,12,20,0,9XX CAMBIE ST,Central Business District,491494.1427,5458236.8199
Theft from Vehicle,2017,9,4,0,0,9XX CAMBIE ST,Central Business District,491494.1427,5458236.8199
Theft from Vehicle,2017,7,24,0,0,9XX CAMBIE ST,Central Business District,491522.3969,5458268.7109
Theft from Vehicle,2017,10,15,23,0,9XX CAMBIE ST,Central Business District,491522.3969,5458268.7109
Theft from Vehicle,2017,11,18,1,0,9XX CAMBIE ST,Central Business District,491522.3969,5458268.7109
Theft from Vehicle,2017,1,17,19,0,9XX CANADA PL,Central Business District,491609.2906,5459492.6338
Theft from Vehicle,2017,2,27,18,0,9XX CANADA PL,Central Business District,491609.2906,5459492.6338
Theft from Vehicle,2017,6,13,14,30,9XX CANADA PL,Central Business District,491609.2906,5459492.6338
Theft from Vehicle,2017,6,17,9,0,9XX CANADA PL,Central Business District,491609.2906,5459492.6338
Theft from Vehicle,2017,6,19,11,0,9XX CANADA PL,Central Business District,491609.2906,5459492.6338
Theft from Vehicle,2017,7,1,11,0,9XX CANADA PL,Central Business District,491609.2906,5459492.6338
Theft from Vehicle,2017,8,22,10,0,9XX CANADA PL,Central Business District,491609.2906,5459492.6338
Theft from Vehicle,2017,8,26,11,0,9XX CANADA PL,Central Business District,491609.2906,5459492.6338
Theft from Vehicle,2017,11,23,18,15,9XX CANADA PL,Central Business District,491609.2906,5459492.6338
Theft from Vehicle,2017,11,30,21,0,9XX CANADA PL,Central Business District,491609.2906,5459492.6338
Theft from Vehicle,2017,12,1,1,12,9XX CANADA PL,Central Business District,491612.8672,5459491.059
Theft from Vehicle,2017,1,2,3,45,9XX CANADA PL,Central Business District,491688.8172,5459447.7285
Theft from Vehicle,2017,1,2,5,45,9XX CANADA PL,Central Business District,491688.8172,5459447.7285
Theft from Vehicle,2017,1,18,22,32,9XX CANADA PL,Central Business District,491688.8172,5459447.7285
Theft from Vehicle,2017,2,24,22,0,9XX CANADA PL,Central Business District,491688.8172,5459447.7285
Theft from Vehicle,2017,3,9,20,30,9XX CANADA PL,Central Business District,491688.8172,5459447.7285
Theft from Vehicle,2017,3,11,9,36,9XX CANADA PL,Central Business District,491688.8172,5459447.7285
Theft from Vehicle,2017,3,24,20,0,9XX CANADA PL,Central Business District,491688.8172,5459447.7285
Theft from Vehicle,2017,8,27,16,30,9XX CANADA PL,Central Business District,491688.8172,5459447.7285
Theft from Vehicle,2017,12,4,21,0,9XX CANADA PL,Central Business District,491688.8172,5459447.7285
Theft from Vehicle,2017,12,8,16,0,9XX CANADA PL,Central Business District,491688.8172,5459447.7285
Theft from Vehicle,2017,12,11,7,30,9XX CANADA PL,Central Business District,491688.8172,5459447.7285
Theft from Vehicle,2017,12,15,18,0,9XX CANADA PL,Central Business District,491688.8172,5459447.7285
Theft from Vehicle,2017,8,16,23,0,9XX CARDERO ST,West End,490160.8127,5459421.4234
Theft from Vehicle,2017,3,6,19,0,9XX CARDERO ST,West End,490177.3405,5459425.0433
Theft from Vehicle,2017,3,20,0,0,9XX CARDERO ST,West End,490185.384,5459433.1058
Theft from Vehicle,2017,8,7,7,36,9XX CASSIAR ST,Hastings-Sunrise,497769.3819,5458156.2237
Theft from Vehicle,2017,2,14,17,0,9XX CHILCO ST,West End,489850.0543,5459996.872
Theft from Vehicle,2017,12,17,23,5,9XX CLARK DR,Grandview-Woodland,494384.3358,5458212.3216
Theft from Vehicle,2017,10,18,16,15,9XX COMMERCIAL DR,Grandview-Woodland,494942.1539,5458208.7424
Theft from Vehicle,2017,7,16,11,0,9XX COMMERCIAL DR,Grandview-Woodland,494950.1407,5458183.5185
Theft from Vehicle,2017,5,11,5,15,9XX COOPERAGE WAY,Central Business District,491697.1694,5457897.5066
Theft from Vehicle,2017,10,17,22,30,9XX COOPERAGE WAY,Central Business District,491697.1694,5457897.5066
Theft from Vehicle,2017,3,8,20,0,9XX COOPERAGE WAY,Central Business District,491785.5716,5457952.599
Theft from Vehicle,2017,3,1,3,50,9XX COOPERAGE WAY,Central Business District,491811.2368,5457968.5935
Theft from Vehicle,2017,3,12,6,15,9XX COOPERAGE WAY,Central Business District,491811.2368,5457968.5935
Theft from Vehicle,2017,6,16,6,49,9XX COOPERAGE WAY,Central Business District,491811.2368,5457968.5935
Theft from Vehicle,2017,8,7,22,0,9XX COOPERAGE WAY,Central Business District,491811.2368,5457968.5935
Theft from Vehicle,2017,10,25,4,19,9XX COOPERAGE WAY,Central Business District,491811.2368,5457968.5935
Theft from Vehicle,2017,11,14,4,49,9XX COOPERAGE WAY,Central Business District,491811.2368,5457968.5935
Theft from Vehicle,2017,9,18,8,0,9XX DAVIE ST,Central Business District,490654.9614,5458431.9631
Theft from Vehicle,2017,10,12,11,0,9XX DAVIE ST,Central Business District,490654.9614,5458431.9631
Theft from Vehicle,2017,3,12,8,21,9XX DAVIE ST,Central Business District,490675.909,5458411.3696
Theft from Vehicle,2017,10,12,18,0,9XX DENMAN ST,West End,489998.8114,5459719.1277
Theft from Vehicle,2017,4,7,15,0,9XX DENMAN ST,West End,490032.7081,5459741.5561
Theft from Vehicle,2017,7,22,0,0,9XX DENMAN ST,West End,490032.7081,5459741.5561
Theft from Vehicle,2017,9,9,20,22,9XX DENMAN ST,West End,490032.7081,5459741.5561
Theft from Vehicle,2017,8,13,21,0,9XX DRAKE ST,Central Business District,490521.5627,5458332.7762
Theft from Vehicle,2017,6,10,21,0,9XX DUNSMUIR ST,Central Business District,491387.8367,5459133.2066
Theft from Vehicle,2017,12,25,18,0,9XX E 11TH AVE,Mount Pleasant,493799.1279,5456423.4456
Theft from Vehicle,2017,7,10,5,1,9XX E 13TH AVE,Mount Pleasant,493797.7378,5456223.9284
Theft from Vehicle,2017,10,21,18,42,9XX E 13TH AVE,Mount Pleasant,493866.9892,5456222.6107
Theft from Vehicle,2017,11,23,20,30,9XX E 14TH AVE,Mount Pleasant,493813.5553,5456130.9924
Theft from Vehicle,2017,7,10,17,0,9XX E 14TH AVE,Mount Pleasant,493865.1835,5456121.0568
Theft from Vehicle,2017,7,29,17,0,9XX E 16TH AVE,Kensington-Cedar Cottage,493850.9317,5455951.9767
Theft from Vehicle,2017,4,18,0,0,9XX E 16TH AVE,Mount Pleasant,493877.002,5455960.4134
Theft from Vehicle,2017,10,22,1,0,9XX E 19TH AVE,Kensington-Cedar Cottage,493902.6638,5455649.169
Theft from Vehicle,2017,6,28,22,0,9XX E 20TH AVE,Kensington-Cedar Cottage,493855.0822,5455558.0724
Theft from Vehicle,2017,3,2,20,30,9XX E 21ST AVE,Kensington-Cedar Cottage,493764.8645,5455451.3226
Theft from Vehicle,2017,3,24,21,0,9XX E 21ST AVE,Kensington-Cedar Cottage,493764.8645,5455451.3226
Theft from Vehicle,2017,10,1,20,30,9XX E 28TH AVE,Kensington-Cedar Cottage,493752.6142,5454743.6215
Theft from Vehicle,2017,12,25,0,0,9XX E 28TH AVE,Kensington-Cedar Cottage,493782.1441,5454752.448
Theft from Vehicle,2017,7,1,6,30,9XX E 29TH AVE,Kensington-Cedar Cottage,493796.3439,5454657.87
Theft from Vehicle,2017,6,30,21,0,9XX E 29TH AVE,Kensington-Cedar Cottage,493815.3988,5454657.7472
Theft from Vehicle,2017,8,11,4,30,9XX E 29TH AVE,Kensington-Cedar Cottage,493815.3988,5454657.7472
Theft from Vehicle,2017,6,18,20,0,9XX E 33RD AVE,Kensington-Cedar Cottage,493762.2771,5454165.2292
Theft from Vehicle,2017,7,31,23,30,9XX E 37TH AVE,Kensington-Cedar Cottage,493777.7255,5453746.1567
Theft from Vehicle,2017,11,13,16,30,9XX E 38TH AVE,Kensington-Cedar Cottage,493709.3706,5453650.6044
Theft from Vehicle,2017,7,16,22,0,9XX E 53RD AVE,Sunset,493740.3749,5452134.3179
Theft from Vehicle,2017,9,12,12,0,9XX E 58TH AVE,Sunset,493759.3102,5451613.5082
Theft from Vehicle,2017,2,15,4,30,9XX E 63RD AVE,Sunset,493705.1082,5451125.3908
Theft from Vehicle,2017,6,9,16,30,9XX E 8TH AVE,Mount Pleasant,493924.7516,5456733.6313
Theft from Vehicle,2017,8,16,21,0,9XX E BROADWAY AVE,Mount Pleasant,493814.0869,5456631.1251
Theft from Vehicle,2017,12,9,15,0,9XX E BROADWAY AVE,Mount Pleasant,493899.5417,5456639.1866
Theft from Vehicle,2017,8,28,14,36,9XX E CORDOVA ST,Strathcona,493840.8,5458804.9743
Theft from Vehicle,2017,10,16,1,43,9XX E HASTINGS ST,Strathcona,493837.3985,5458697.5405
Theft from Vehicle,2017,9,27,15,30,9XX EVANS AVE,Strathcona,493973.7202,5457595.8963
Theft from Vehicle,2017,11,19,12,50,9XX EVANS AVE,Strathcona,493978.2064,5457594.7559
Theft from Vehicle,2017,11,26,5,32,9XX EVANS AVE,Strathcona,493978.2064,5457594.7559
Theft from Vehicle,2017,1,27,20,0,9XX EXPO BLVD,Central Business District,491614.7785,5458083.717
Theft from Vehicle,2017,2,12,15,0,9XX EXPO BLVD,Central Business District,491614.7785,5458083.717
Theft from Vehicle,2017,12,26,0,45,9XX EXPO BLVD,Central Business District,491623.4063,5458093.216
Theft from Vehicle,2017,2,19,18,0,9XX EXPO BLVD,Central Business District,491654.3328,5458113.6655
Theft from Vehicle,2017,11,11,22,0,9XX GILFORD ST,West End,489845.9551,5459780.6415
Theft from Vehicle,2017,9,1,7,59,9XX GRANVILLE ST,Central Business District,491069.2787,5458518.7
Theft from Vehicle,2017,2,25,22,30,9XX GRANVILLE ST,Central Business District,491078.4854,5458527.8385
Theft from Vehicle,2017,1,24,19,0,9XX GRANVILLE ST,Central Business District,491133.7262,5458582.6695
Theft from Vehicle,2017,7,25,19,45,9XX GRANVILLE ST,Central Business District,491143.3964,5458605.1517
Theft from Vehicle,2017,9,27,19,30,9XX GRANVILLE ST,Central Business District,491149.838,5458598.6618
Theft from Vehicle,2017,10,12,10,0,9XX GRANVILLE ST,Central Business District,491149.838,5458598.6618
Theft from Vehicle,2017,6,7,21,13,9XX GRANVILLE ST,Central Business District,491152.6031,5458614.2902
Theft from Vehicle,2017,1,8,22,30,9XX GRANVILLE ST,Central Business District,491170.5533,5458619.2235
Theft from Vehicle,2017,7,7,21,30,9XX GRANVILLE ST,Central Business District,491170.5533,5458619.2235
Theft from Vehicle,2017,7,11,0,1,9XX GRANVILLE ST,Central Business District,491170.5533,5458619.2235
Theft from Vehicle,2017,8,19,7,47,9XX GRANVILLE ST,Central Business District,491170.5533,5458619.2235
Theft from Vehicle,2017,10,12,20,0,9XX GRANVILLE ST,Central Business District,491170.5533,5458619.2235
Theft from Vehicle,2017,11,14,9,3,9XX GRANVILLE ST,Central Business District,491170.5533,5458619.2235
Theft from Vehicle,2017,10,26,9,0,9XX HAMILTON ST,Central Business District,491348.2758,5458288.6296
Theft from Vehicle,2017,9,26,17,30,9XX HOMER ST,Central Business District,491352.9132,5458377.2485
Theft from Vehicle,2017,6,16,19,30,9XX HOMER ST,Central Business District,491368.0933,5458405.565
Theft from Vehicle,2017,2,11,2,30,9XX HOMER ST,Central Business District,491386.6318,5458411.2859
Theft from Vehicle,2017,3,27,19,18,9XX HOMER ST,Central Business District,491386.6318,5458411.2859
Theft from Vehicle,2017,4,4,10,50,9XX HOMER ST,Central Business District,491386.6318,5458411.2859
Theft from Vehicle,2017,5,12,23,0,9XX HOMER ST,Central Business District,491386.6318,5458411.2859
Theft from Vehicle,2017,12,27,13,30,9XX HORNBY ST,Central Business District,490975.4324,5458720.7261
Theft from Vehicle,2017,7,25,15,0,9XX HORNBY ST,Central Business District,491026.8494,5458758.3975
Theft from Vehicle,2017,8,21,21,46,9XX HORNBY ST,Central Business District,491026.8494,5458758.3975
Theft from Vehicle,2017,1,10,9,40,9XX HOWE ST,Central Business District,491005.3113,5458601.1333
Theft from Vehicle,2017,6,8,3,19,9XX HOWE ST,Central Business District,491005.3113,5458601.1333
Theft from Vehicle,2017,9,1,1,0,9XX HOWE ST,Central Business District,491005.3113,5458601.1333
Theft from Vehicle,2017,10,4,1,30,9XX HOWE ST,Central Business District,491041.1608,5458637.7875
Theft from Vehicle,2017,3,2,22,0,9XX HOWE ST,Central Business District,491094.9352,5458692.7686
Theft from Vehicle,2017,3,5,2,0,9XX HOWE ST,Central Business District,491094.9352,5458692.7686
Theft from Vehicle,2017,5,13,22,45,9XX HOWE ST,Central Business District,491094.9352,5458692.7686
Theft from Vehicle,2017,8,6,18,44,9XX HOWE ST,Central Business District,491094.9352,5458692.7686
Theft from Vehicle,2017,9,21,0,4,9XX HOWE ST,Central Business District,491094.9352,5458692.7686
Theft from Vehicle,2017,10,6,21,0,9XX HOWE ST,Central Business District,491094.9352,5458692.7686
Theft from Vehicle,2017,10,18,22,0,9XX HOWE ST,Central Business District,491094.9352,5458692.7686
Theft from Vehicle,2017,12,12,21,30,9XX HOWE ST,Central Business District,491094.9352,5458692.7686
Theft from Vehicle,2017,10,21,23,0,9XX JERVIS ST,West End,490437.8157,5459159.2972
Theft from Vehicle,2017,5,15,4,22,9XX JERVIS ST,West End,490495.4182,5459217.0522
Theft from Vehicle,2017,5,15,7,30,9XX JERVIS ST,West End,490495.4182,5459217.0522
Theft from Vehicle,2017,10,14,16,0,9XX JERVIS ST,West End,490566.5148,5459293.6555
Theft from Vehicle,2017,2,18,16,0,9XX JERVIS ST,West End,490573.5314,5459287.7921
Theft from Vehicle,2017,2,18,21,30,9XX JERVIS ST,West End,490573.5314,5459287.7921
Theft from Vehicle,2017,8,6,0,0,9XX JERVIS ST,West End,490573.5314,5459287.7921
Theft from Vehicle,2017,6,25,21,0,9XX LAMEYS MILL RD,Fairview,490691.8716,5457077.1491
Theft from Vehicle,2017,9,19,11,0,9XX LAMEYS MILL RD,Fairview,490710.4018,5457079.4707
Theft from Vehicle,2017,7,28,9,0,9XX LAMEYS MILL RD,Fairview,490724.702,5457085.7758
Theft from Vehicle,2017,3,12,18,0,9XX LAMEYS MILL RD,Fairview,490726.4895,5457086.564
Theft from Vehicle,2017,1,13,16,0,9XX LAMEYS MILL RD,Fairview,490751.5148,5457097.5981
Theft from Vehicle,2017,12,23,15,0,9XX LAMEYS MILL RD,Fairview,490755.0898,5457099.1744
Theft from Vehicle,2017,5,7,2,0,9XX MAIN ST,Central Business District,492725.7598,5458184.397
Theft from Vehicle,2017,3,23,6,30,9XX MAIN ST,Central Business District,492726.1723,5458200.1847
Theft from Vehicle,2017,10,20,20,0,9XX MAIN ST,Central Business District,492726.1723,5458200.1847
Theft from Vehicle,2017,12,3,12,0,9XX MAIN ST,Central Business District,492726.8324,5458225.4449
Theft from Vehicle,2017,10,27,7,0,9XX MAIN ST,Strathcona,492745.1982,5458165.0928
Theft from Vehicle,2017,3,12,22,22,9XX MAIN ST,Strathcona,492746.6503,5458220.9778
Theft from Vehicle,2017,3,18,19,0,9XX MAIN ST,Strathcona,492746.6503,5458220.9778
Theft from Vehicle,2017,5,2,22,44,9XX MAIN ST,Strathcona,492746.6503,5458220.9778
Theft from Vehicle,2017,10,12,17,30,9XX MAIN ST,Strathcona,492746.6503,5458220.9778
Theft from Vehicle,2017,10,23,17,30,9XX MAIN ST,Strathcona,492746.6503,5458220.9778
Theft from Vehicle,2017,3,26,15,0,9XX MAINLAND ST,Central Business District,491369.9361,5458247.7543
Theft from Vehicle,2017,11,13,22,0,9XX MAINLAND ST,Central Business District,491369.9361,5458247.7543
Theft from Vehicle,2017,2,24,19,0,9XX MAINLAND ST,Central Business District,491440.4645,5458329.8415
Theft from Vehicle,2017,3,28,10,0,9XX MAINLAND ST,Central Business District,491440.4645,5458329.8415
Theft from Vehicle,2017,6,3,10,0,9XX MAINLAND ST,Central Business District,491440.4645,5458329.8415
Theft from Vehicle,2017,4,4,2,30,9XX MAINLAND ST,Central Business District,491446.1327,5458321.9832
Theft from Vehicle,2017,9,13,5,45,9XX MAINLAND ST,Central Business District,491446.1327,5458321.9832
Theft from Vehicle,2017,10,14,1,0,9XX MAINLAND ST,Central Business District,491446.1327,5458321.9832
Theft from Vehicle,2017,1,12,23,0,9XX MAINLAND ST,Central Business District,491453.3854,5458332.3862
Theft from Vehicle,2017,9,6,19,30,9XX MAINLAND ST,Central Business District,491455.2962,5458335.1263
Theft from Vehicle,2017,10,12,16,44,9XX MAINLAND ST,Central Business District,491455.2962,5458335.1263
Theft from Vehicle,2017,11,3,20,30,9XX MAINLAND ST,Central Business District,491455.2962,5458335.1263
Theft from Vehicle,2017,12,9,22,0,9XX MAINLAND ST,Central Business District,491455.2962,5458335.1263
Theft from Vehicle,2017,3,16,23,9,9XX NELSON ST,Central Business District,490846.0834,5458717.3349
Theft from Vehicle,2017,3,12,23,30,9XX NELSON ST,Central Business District,490904.3914,5458648.8225
Theft from Vehicle,2017,8,15,20,30,9XX NELSON ST,Central Business District,490904.3914,5458648.8225
Theft from Vehicle,2017,10,14,23,0,9XX NICOLA ST,West End,490253.1905,5459346.8557
Theft from Vehicle,2017,11,3,20,0,9XX NICOLA ST,West End,490291.5261,5459385.8352
Theft from Vehicle,2017,2,21,22,0,9XX NICOLA ST,West End,490313.3428,5459407.9826
Theft from Vehicle,2017,3,13,14,30,9XX PACIFIC BLVD,Central Business District,491660.6329,5457955.965
Theft from Vehicle,2017,4,24,22,0,9XX PACIFIC BLVD,Central Business District,491660.6329,5457955.965
Theft from Vehicle,2017,8,16,7,0,9XX PARKER ST,Strathcona,493991.0696,5458115.7851
Theft from Vehicle,2017,12,15,8,30,9XX POWELL ST,Strathcona,493947.9759,5458880.797
Theft from Vehicle,2017,9,25,20,30,9XX QUEBEC ST,Central Business District,492575.5371,5458230.4034
Theft from Vehicle,2017,1,8,23,30,9XX RENFREW ST,Hastings-Sunrise,496795.0958,5458109.5578
Theft from Vehicle,2017,9,29,17,0,9XX RICHARDS ST,Central Business District,491211.1786,5458377.2354
Theft from Vehicle,2017,9,29,22,0,9XX RICHARDS ST,Central Business District,491211.1786,5458377.2354
Theft from Vehicle,2017,9,30,18,0,9XX RICHARDS ST,Central Business District,491211.1786,5458377.2354
Theft from Vehicle,2017,11,5,12,0,9XX RICHARDS ST,Central Business District,491215.8653,5458395.0148
Theft from Vehicle,2017,1,23,6,12,9XX RICHARDS ST,Central Business District,491251.4936,5458418.1313
Theft from Vehicle,2017,1,13,3,46,9XX RICHARDS ST,Central Business District,491309.7264,5458477.2033
Theft from Vehicle,2017,3,21,15,34,9XX RICHARDS ST,Central Business District,491309.7264,5458477.2033
Theft from Vehicle,2017,5,29,1,0,9XX RICHARDS ST,Central Business District,491309.7264,5458477.2033
Theft from Vehicle,2017,10,27,12,0,9XX RINGWOOD AVE,Kensington-Cedar Cottage,493848.7765,5454578.7556
Theft from Vehicle,2017,4,22,16,30,9XX ROBSON ST,Central Business District,491101.9667,5458917.5816
Theft from Vehicle,2017,8,30,0,30,9XX SALSBURY DR,Grandview-Woodland,495081.6512,5458164.5829
Theft from Vehicle,2017,10,27,23,30,9XX SE MARINE DR,Sunset,493663.8078,5450913.9513
Theft from Vehicle,2017,3,23,22,0,9XX SEYMOUR ST,Central Business District,491125.9219,5458441.2075
Theft from Vehicle,2017,7,21,17,0,9XX SEYMOUR ST,Central Business District,491125.9219,5458441.2075
Theft from Vehicle,2017,8,14,8,8,9XX SEYMOUR ST,Central Business District,491141.3075,5458443.6374
Theft from Vehicle,2017,10,3,17,28,9XX SEYMOUR ST,Central Business District,491141.3075,5458443.6374
Theft from Vehicle,2017,12,6,13,30,9XX SEYMOUR ST,Central Business District,491152.4681,5458454.768
Theft from Vehicle,2017,1,10,2,0,9XX SEYMOUR ST,Central Business District,491153.9408,5458456.2365
Theft from Vehicle,2017,9,17,13,10,9XX SEYMOUR ST,Central Business District,491185.9501,5458488.1598
Theft from Vehicle,2017,1,27,17,30,9XX SEYMOUR ST,Central Business District,491199.5822,5458514.6694
Theft from Vehicle,2017,3,25,2,0,9XX SEYMOUR ST,Central Business District,491199.5822,5458514.6694
Theft from Vehicle,2017,3,26,3,0,9XX SEYMOUR ST,Central Business District,491199.5822,5458514.6694
Theft from Vehicle,2017,2,19,17,45,9XX SEYMOUR ST,Central Business District,491208.2714,5458510.421
Theft from Vehicle,2017,2,20,23,0,9XX SEYMOUR ST,Central Business District,491208.2714,5458510.421
Theft from Vehicle,2017,3,8,23,8,9XX SEYMOUR ST,Central Business District,491208.2714,5458510.421
Theft from Vehicle,2017,3,18,23,0,9XX SEYMOUR ST,Central Business District,491208.2714,5458510.421
Theft from Vehicle,2017,4,1,18,34,9XX SEYMOUR ST,Central Business District,491208.2714,5458510.421
Theft from Vehicle,2017,4,9,1,30,9XX SEYMOUR ST,Central Business District,491208.2714,5458510.421
Theft from Vehicle,2017,5,8,19,55,9XX SEYMOUR ST,Central Business District,491208.2714,5458510.421
Theft from Vehicle,2017,6,17,16,0,9XX SEYMOUR ST,Central Business District,491208.2714,5458510.421
Theft from Vehicle,2017,6,30,18,30,9XX SEYMOUR ST,Central Business District,491208.2714,5458510.421
Theft from Vehicle,2017,8,13,19,30,9XX SEYMOUR ST,Central Business District,491208.2714,5458510.421
Theft from Vehicle,2017,8,18,17,0,9XX SEYMOUR ST,Central Business District,491208.2714,5458510.421
Theft from Vehicle,2017,9,16,16,0,9XX SEYMOUR ST,Central Business District,491208.2714,5458510.421
Theft from Vehicle,2017,10,15,1,28,9XX SEYMOUR ST,Central Business District,491208.2714,5458510.421
Theft from Vehicle,2017,11,6,17,0,9XX SEYMOUR ST,Central Business District,491208.2714,5458510.421
Theft from Vehicle,2017,11,14,8,30,9XX SEYMOUR ST,Central Business District,491208.2714,5458510.421
Theft from Vehicle,2017,11,23,3,39,9XX SEYMOUR ST,Central Business District,491208.2714,5458510.421
Theft from Vehicle,2017,12,2,20,0,9XX SEYMOUR ST,Central Business District,491208.2714,5458510.421
Theft from Vehicle,2017,12,16,14,20,9XX SEYMOUR ST,Central Business District,491208.2714,5458510.421
Theft from Vehicle,2017,12,24,18,0,9XX SEYMOUR ST,Central Business District,491208.2714,5458510.421
Theft from Vehicle,2017,12,24,20,50,9XX SEYMOUR ST,Central Business District,491208.2714,5458510.421
Theft from Vehicle,2017,3,8,19,0,9XX SEYMOUR ST,Central Business District,491235.2963,5458550.2872
Theft from Vehicle,2017,5,28,23,30,9XX SEYMOUR ST,Central Business District,491235.2963,5458550.2872
Theft from Vehicle,2017,7,17,11,45,9XX SEYMOUR ST,Central Business District,491235.2963,5458550.2872
Theft from Vehicle,2017,7,23,1,30,9XX SEYMOUR ST,Central Business District,491235.2963,5458550.2872
Theft from Vehicle,2017,9,3,0,15,9XX SEYMOUR ST,Central Business District,491235.2963,5458550.2872
Theft from Vehicle,2017,9,24,10,55,9XX SEYMOUR ST,Central Business District,491235.2963,5458550.2872
Theft from Vehicle,2017,1,11,14,30,9XX SEYMOUR ST,Central Business District,491239.4264,5458541.4923
Theft from Vehicle,2017,1,26,9,0,9XX SEYMOUR ST,Central Business District,491241.7534,5458543.8127
Theft from Vehicle,2017,2,13,0,30,9XX SEYMOUR ST,Central Business District,491241.7534,5458543.8127
Theft from Vehicle,2017,2,13,18,0,9XX SEYMOUR ST,Central Business District,491241.7534,5458543.8127
Theft from Vehicle,2017,3,1,8,0,9XX SEYMOUR ST,Central Business District,491241.7534,5458543.8127
Theft from Vehicle,2017,5,21,14,30,9XX SEYMOUR ST,Central Business District,491241.7534,5458543.8127
Theft from Vehicle,2017,5,21,19,30,9XX SEYMOUR ST,Central Business District,491241.7534,5458543.8127
Theft from Vehicle,2017,5,28,15,0,9XX SEYMOUR ST,Central Business District,491241.7534,5458543.8127
Theft from Vehicle,2017,6,16,23,30,9XX SEYMOUR ST,Central Business District,491241.7534,5458543.8127
Theft from Vehicle,2017,7,8,15,45,9XX SEYMOUR ST,Central Business District,491241.7534,5458543.8127
Theft from Vehicle,2017,7,19,16,0,9XX SEYMOUR ST,Central Business District,491241.7534,5458543.8127
Theft from Vehicle,2017,8,21,14,0,9XX SEYMOUR ST,Central Business District,491241.7534,5458543.8127
Theft from Vehicle,2017,9,16,19,30,9XX SEYMOUR ST,Central Business District,491241.7534,5458543.8127
Theft from Vehicle,2017,10,2,19,30,9XX SEYMOUR ST,Central Business District,491241.7534,5458543.8127
Theft from Vehicle,2017,10,5,16,0,9XX SEYMOUR ST,Central Business District,491241.7534,5458543.8127
Theft from Vehicle,2017,10,9,0,5,9XX SEYMOUR ST,Central Business District,491241.7534,5458543.8127
Theft from Vehicle,2017,10,13,13,0,9XX SEYMOUR ST,Central Business District,491241.7534,5458543.8127
Theft from Vehicle,2017,10,30,22,30,9XX SEYMOUR ST,Central Business District,491241.7534,5458543.8127
Theft from Vehicle,2017,10,31,0,55,9XX SEYMOUR ST,Central Business District,491241.7534,5458543.8127
Theft from Vehicle,2017,11,29,17,53,9XX SEYMOUR ST,Central Business District,491241.7534,5458543.8127
Theft from Vehicle,2017,12,26,19,18,9XX SEYMOUR ST,Central Business District,491241.7534,5458543.8127
Theft from Vehicle,2017,3,16,6,45,9XX SMITHE ST,Central Business District,491022.9988,5458762.7695
Theft from Vehicle,2017,4,8,19,16,9XX SMITHE ST,Central Business District,491022.9988,5458762.7695
Theft from Vehicle,2017,9,22,9,0,9XX SMITHE ST,Central Business District,491022.9988,5458762.7695
Theft from Vehicle,2017,10,27,15,0,9XX STANLEY PARK DR,Stanley Park,490728.5282,5460452.0094
Theft from Vehicle,2017,8,14,12,0,9XX STANLEY PARK DR,Stanley Park,490762.8629,5460494.2831
Theft from Vehicle,2017,4,13,17,30,9XX STATION ST,Strathcona,492790.7499,5458142.5656
Theft from Vehicle,2017,4,14,10,0,9XX STATION ST,Strathcona,492790.7499,5458142.5656
Theft from Vehicle,2017,1,3,14,0,9XX TERMINAL AVE,Strathcona,493902.9132,5457453.3292
Theft from Vehicle,2017,2,19,18,0,9XX TERMINAL AVE,Strathcona,493902.9132,5457453.3292
Theft from Vehicle,2017,3,29,13,0,9XX TERMINAL AVE,Strathcona,493902.9132,5457453.3292
Theft from Vehicle,2017,6,16,17,40,9XX TERMINAL AVE,Strathcona,493902.9132,5457453.3292
Theft from Vehicle,2017,5,16,20,0,9XX THURLOW ST,West End,490691.8647,5458865.602
Theft from Vehicle,2017,8,13,19,0,9XX THURLOW ST,West End,490691.8647,5458865.602
Theft from Vehicle,2017,10,26,11,32,9XX THURLOW ST,West End,490770.4083,5458943.8664
Theft from Vehicle,2017,4,1,19,15,9XX THURLOW ST,West End,490845.1285,5459019.174
Theft from Vehicle,2017,11,10,18,0,9XX THURLOW ST,West End,490845.1285,5459019.174
Theft from Vehicle,2017,12,6,16,30,9XX UNION ST,Strathcona,493823.9795,5458292.5721
Theft from Vehicle,2017,2,15,14,27,9XX UNION ST,Strathcona,493932.1206,5458289.6839
Theft from Vehicle,2017,3,18,7,5,9XX VICTORIA DR,Grandview-Woodland,495221.9863,5458187.0713
Theft from Vehicle,2017,10,20,22,0,9XX VICTORIA DR,Grandview-Woodland,495221.9863,5458187.0713
Theft from Vehicle,2017,10,22,20,30,9XX VICTORIA DR,Grandview-Woodland,495221.9863,5458187.0713
Theft from Vehicle,2017,2,11,20,0,9XX VICTORIA DR,Grandview-Woodland,495231.0803,5458183.042
Theft from Vehicle,2017,9,26,19,0,9XX W 10TH AVE,Fairview,490959.861,5456628.8446
Theft from Vehicle,2017,10,14,8,31,9XX W 10TH AVE,Fairview,490959.861,5456628.8446
Theft from Vehicle,2017,9,14,20,30,9XX W 13TH AVE,Fairview,490947.9602,5456317.7657
Theft from Vehicle,2017,11,1,17,0,9XX W 13TH AVE,Fairview,490947.9602,5456317.7657
Theft from Vehicle,2017,11,5,5,0,9XX W 13TH AVE,Fairview,490947.9602,5456317.7657
Theft from Vehicle,2017,2,7,0,0,9XX W 14TH AVE,Fairview,490835.104,5456218.5646
Theft from Vehicle,2017,4,5,20,15,9XX W 14TH AVE,Fairview,490855.5095,5456227.1859
Theft from Vehicle,2017,4,5,21,0,9XX W 14TH AVE,Fairview,490855.5095,5456227.1859
Theft from Vehicle,2017,6,8,20,0,9XX W 15TH AVE,Fairview,490945.0038,5456114.9821
Theft from Vehicle,2017,5,5,0,0,9XX W 16TH AVE,South Cambie,490927.0709,5456037.1105
Theft from Vehicle,2017,2,6,13,0,9XX W 16TH AVE,South Cambie,490942.853,5456036.6808
Theft from Vehicle,2017,10,3,18,0,9XX W 17TH AVE,South Cambie,490941.1072,5455939.1262
Theft from Vehicle,2017,2,15,19,0,9XX W 18TH AVE,South Cambie,490936.8679,5455836.9746
Theft from Vehicle,2017,10,9,23,0,9XX W 19TH AVE,South Cambie,490793.3264,5455739.8395
Theft from Vehicle,2017,6,13,21,0,9XX W 20TH AVE,South Cambie,490745.0348,5455652.1274
Theft from Vehicle,2017,7,14,21,30,9XX W 20TH AVE,South Cambie,490923.6371,5455638.0001
Theft from Vehicle,2017,8,2,11,30,9XX W 21ST AVE,South Cambie,490753.8734,5455541.3458
Theft from Vehicle,2017,5,28,21,0,9XX W 21ST AVE,South Cambie,490927.0609,5455536.6282
Theft from Vehicle,2017,3,19,14,0,9XX W 22ND AVE,South Cambie,490735.3864,5455450.9801
Theft from Vehicle,2017,3,6,17,30,9XX W 22ND AVE,South Cambie,490806.0632,5455439.7677
Theft from Vehicle,2017,1,17,20,30,9XX W 32ND AVE,South Cambie,490897.193,5454404.114
Theft from Vehicle,2017,5,27,21,15,9XX W 37TH AVE,South Cambie,490715.7995,5453876.3684
Theft from Vehicle,2017,5,27,23,0,9XX W 38TH AVE,South Cambie,490834.3437,5453770.5131
Theft from Vehicle,2017,5,28,16,26,9XX W 38TH AVE,South Cambie,490834.3437,5453770.5131
Theft from Vehicle,2017,4,7,15,30,9XX W 41ST AVE,Oakridge,490753.9874,5453456.2566
Theft from Vehicle,2017,11,27,21,0,9XX W 43RD AVE,Oakridge,490704.6617,5453257.9416
Theft from Vehicle,2017,8,9,19,30,9XX W 52ND AVE,Oakridge,490674.9002,5452350.118
Theft from Vehicle,2017,11,12,15,0,9XX W 52ND AVE,Oakridge,490762.9636,5452348.4898
Theft from Vehicle,2017,11,1,12,0,9XX W 57TH AVE,Marpole,490687.7766,5451826.7231
Theft from Vehicle,2017,6,23,18,0,9XX W 57TH AVE,Marpole,490810.1857,5451823.9605
Theft from Vehicle,2017,1,22,2,0,9XX W 58TH AVE,Marpole,490682.6998,5451721.1282
Theft from Vehicle,2017,12,18,1,20,9XX W 64TH AVE,Marpole,490665.7516,5451141.0378
Theft from Vehicle,2017,7,20,22,0,9XX W 64TH AVE,Marpole,490702.3655,5451140.5094
Theft from Vehicle,2017,7,28,5,30,9XX W 64TH AVE,Marpole,490723.4075,5451131.0608
Theft from Vehicle,2017,7,30,23,30,9XX W 64TH AVE,Marpole,490723.4075,5451131.0608
Theft from Vehicle,2017,11,1,6,30,9XX W 6TH AVE,Fairview,490950.4672,5457024.1653
Theft from Vehicle,2017,5,31,13,0,9XX W 7TH AVE,Fairview,490965.2629,5456931.5028
Theft from Vehicle,2017,5,2,17,34,9XX W 8TH AVE,Fairview,490962.8755,5456839.1713
Theft from Vehicle,2017,8,21,11,46,9XX W 8TH AVE,Fairview,490962.8755,5456839.1713
Theft from Vehicle,2017,7,22,23,20,9XX W BROADWAY AVE,Fairview,490874.7283,5456739.0241
Theft from Vehicle,2017,9,27,9,0,9XX W BROADWAY AVE,Fairview,490874.7283,5456739.0241
Theft from Vehicle,2017,11,10,9,0,9XX W BROADWAY AVE,Fairview,490874.7283,5456739.0241
Theft from Vehicle,2017,11,16,21,38,9XX W BROADWAY AVE,Fairview,490874.7283,5456739.0241
Theft from Vehicle,2017,4,10,12,0,9XX W BROADWAY AVE,Fairview,490932.692,5456737.5466
Theft from Vehicle,2017,1,5,7,0,9XX W CORDOVA ST,Central Business District,491637.4587,5459386.6
Theft from Vehicle,2017,1,20,15,42,9XX W CORDOVA ST,Central Business District,491637.4587,5459386.6
Theft from Vehicle,2017,2,6,20,18,9XX W CORDOVA ST,Central Business District,491637.4587,5459386.6
Theft from Vehicle,2017,2,19,14,20,9XX W CORDOVA ST,Central Business District,491637.4587,5459386.6
Theft from Vehicle,2017,3,8,18,0,9XX W CORDOVA ST,Central Business District,491637.4587,5459386.6
Theft from Vehicle,2017,4,3,12,30,9XX W CORDOVA ST,Central Business District,491637.4587,5459386.6
Theft from Vehicle,2017,4,15,15,30,9XX W CORDOVA ST,Central Business District,491637.4587,5459386.6
Theft from Vehicle,2017,4,21,19,56,9XX W CORDOVA ST,Central Business District,491637.4587,5459386.6
Theft from Vehicle,2017,5,8,17,0,9XX W CORDOVA ST,Central Business District,491637.4587,5459386.6
Theft from Vehicle,2017,5,17,7,0,9XX W CORDOVA ST,Central Business District,491637.4587,5459386.6
Theft from Vehicle,2017,5,20,20,36,9XX W CORDOVA ST,Central Business District,491637.4587,5459386.6
Theft from Vehicle,2017,5,20,23,12,9XX W CORDOVA ST,Central Business District,491637.4587,5459386.6
Theft from Vehicle,2017,5,24,13,30,9XX W CORDOVA ST,Central Business District,491637.4587,5459386.6
Theft from Vehicle,2017,1,15,6,58,9XX W CORDOVA ST,Central Business District,491637.4587,5459386.5999
Theft from Vehicle,2017,6,27,18,0,9XX W CORDOVA ST,Central Business District,491637.4587,5459386.5999
Theft from Vehicle,2017,7,8,6,20,9XX W CORDOVA ST,Central Business District,491637.4587,5459386.5999
Theft from Vehicle,2017,7,18,8,45,9XX W CORDOVA ST,Central Business District,491637.4587,5459386.5999
Theft from Vehicle,2017,7,27,9,30,9XX W CORDOVA ST,Central Business District,491637.4587,5459386.5999
Theft from Vehicle,2017,7,27,20,40,9XX W CORDOVA ST,Central Business District,491637.4587,5459386.5999
Theft from Vehicle,2017,8,3,9,30,9XX W CORDOVA ST,Central Business District,491637.4587,5459386.5999
Theft from Vehicle,2017,8,6,15,30,9XX W CORDOVA ST,Central Business District,491637.4587,5459386.5999
Theft from Vehicle,2017,8,6,16,15,9XX W CORDOVA ST,Central Business District,491637.4587,5459386.5999
Theft from Vehicle,2017,8,12,19,36,9XX W CORDOVA ST,Central Business District,491637.4587,5459386.5999
Theft from Vehicle,2017,8,18,19,0,9XX W CORDOVA ST,Central Business District,491637.4587,5459386.5999
Theft from Vehicle,2017,8,19,22,0,9XX W CORDOVA ST,Central Business District,491637.4587,5459386.5999
Theft from Vehicle,2017,8,21,7,0,9XX W CORDOVA ST,Central Business District,491637.4587,5459386.5999
Theft from Vehicle,2017,8,22,8,0,9XX W CORDOVA ST,Central Business District,491637.4587,5459386.5999
Theft from Vehicle,2017,8,24,16,40,9XX W CORDOVA ST,Central Business District,491637.4587,5459386.5999
Theft from Vehicle,2017,8,28,7,30,9XX W CORDOVA ST,Central Business District,491637.4587,5459386.5999
Theft from Vehicle,2017,8,28,12,0,9XX W CORDOVA ST,Central Business District,491637.4587,5459386.5999
Theft from Vehicle,2017,8,30,6,0,9XX W CORDOVA ST,Central Business District,491637.4587,5459386.5999
Theft from Vehicle,2017,8,30,23,0,9XX W CORDOVA ST,Central Business District,491637.4587,5459386.5999
Theft from Vehicle,2017,9,7,12,0,9XX W CORDOVA ST,Central Business District,491637.4587,5459386.5999
Theft from Vehicle,2017,9,7,16,15,9XX W CORDOVA ST,Central Business District,491637.4587,5459386.5999
Theft from Vehicle,2017,11,29,9,30,9XX W CORDOVA ST,Central Business District,491637.4587,5459386.5999
Theft from Vehicle,2017,12,1,9,0,9XX W CORDOVA ST,Central Business District,491637.4587,5459386.5999
Theft from Vehicle,2017,12,1,10,30,9XX W CORDOVA ST,Central Business District,491637.4587,5459386.5999
Theft from Vehicle,2017,12,5,9,15,9XX W CORDOVA ST,Central Business District,491637.4587,5459386.5999
Theft from Vehicle,2017,12,6,14,10,9XX W CORDOVA ST,Central Business District,491637.4587,5459386.5999
Theft from Vehicle,2017,12,8,23,30,9XX W CORDOVA ST,Central Business District,491637.4587,5459386.5999
Theft from Vehicle,2017,12,9,15,8,9XX W CORDOVA ST,Central Business District,491637.4587,5459386.5999
Theft from Vehicle,2017,12,11,18,0,9XX W CORDOVA ST,Central Business District,491637.4587,5459386.5999
Theft from Vehicle,2017,12,11,23,9,9XX W CORDOVA ST,Central Business District,491637.4587,5459386.5999
Theft from Vehicle,2017,12,13,13,36,9XX W CORDOVA ST,Central Business District,491637.4587,5459386.5999
Theft from Vehicle,2017,11,14,21,32,9XX W GEORGIA ST,Central Business District,491250.3621,5459029.499
Theft from Vehicle,2017,2,7,0,0,9XX W GEORGIA ST,Central Business District,491260.6883,5459006.2925
Theft from Vehicle,2017,4,19,10,30,9XX W GEORGIA ST,Central Business District,491260.6883,5459006.2925
Theft from Vehicle,2017,5,20,21,0,9XX W GEORGIA ST,Central Business District,491260.6883,5459006.2925
Theft from Vehicle,2017,8,17,15,0,9XX W GEORGIA ST,Central Business District,491260.6883,5459006.2925
Theft from Vehicle,2017,9,20,17,45,9XX W GEORGIA ST,Central Business District,491260.6883,5459006.2925
Theft from Vehicle,2017,10,23,22,47,9XX W GEORGIA ST,Central Business District,491260.6883,5459006.2925
Theft from Vehicle,2017,11,8,14,0,9XX W GEORGIA ST,Central Business District,491260.6883,5459006.2925
Theft from Vehicle,2017,11,25,14,18,9XX W GEORGIA ST,Central Business District,491260.6883,5459006.2925
Theft from Vehicle,2017,6,16,18,35,9XX W HASTINGS ST,Central Business District,491567.9835,5459339.0497
Theft from Vehicle,2017,8,26,16,0,9XX W HASTINGS ST,Central Business District,491567.9835,5459339.0497
Theft from Vehicle,2017,6,26,23,30,9XX W PENDER ST,Central Business District,491487.9774,5459266.0808
Theft from Vehicle,2017,1,23,7,30,ABBOTT ST / EXPO BLVD,Central Business District,492170.8718,5458437.771
Theft from Vehicle,2017,4,28,8,0,ABBOTT ST / EXPO BLVD,Central Business District,492170.8718,5458437.771
Theft from Vehicle,2017,9,13,2,30,ABBOTT ST / EXPO BLVD,Central Business District,492170.8718,5458437.771
Theft from Vehicle,2017,12,9,22,30,ABBOTT ST / EXPO BLVD,Central Business District,492170.8718,5458437.771
Theft from Vehicle,2017,1,22,13,0,ABBOTT ST / KEEFER PL,Central Business District,492171.8765,5458556.189
Theft from Vehicle,2017,2,20,13,30,ABBOTT ST / KEEFER PL,Central Business District,492171.8765,5458556.189
Theft from Vehicle,2017,6,15,6,52,ABBOTT ST / KEEFER PL,Central Business District,492171.8765,5458556.189
Theft from Vehicle,2017,11,10,21,30,ABBOTT ST / KEEFER PL,Central Business District,492171.8765,5458556.189
Theft from Vehicle,2017,11,17,9,30,ABBOTT ST / KEEFER PL,Central Business District,492171.8765,5458556.189
Theft from Vehicle,2017,11,23,23,23,ABBOTT ST / KEEFER PL,Central Business District,492171.8765,5458556.189
Theft from Vehicle,2017,12,2,2,0,ABBOTT ST / KEEFER PL,Central Business District,492171.8765,5458556.189
Theft from Vehicle,2017,12,12,10,50,ABBOTT ST / KEEFER PL,Central Business District,492171.8765,5458556.189
Theft from Vehicle,2017,12,20,1,15,ABBOTT ST / KEEFER PL,Central Business District,492171.8765,5458556.189
Theft from Vehicle,2017,2,8,20,0,ABBOTT ST / PAT QUINN WAY,Central Business District,492170.8718,5458437.771
Theft from Vehicle,2017,1,2,19,30,ABBOTT ST / W CORDOVA ST,Central Business District,492233.1575,5458913.7943
Theft from Vehicle,2017,1,7,10,40,ABBOTT ST / W CORDOVA ST,Central Business District,492233.1575,5458913.7943
Theft from Vehicle,2017,2,2,19,0,ABBOTT ST / W CORDOVA ST,Central Business District,492233.1575,5458913.7943
Theft from Vehicle,2017,3,16,21,30,ABBOTT ST / W CORDOVA ST,Central Business District,492233.1575,5458913.7943
Theft from Vehicle,2017,3,19,15,0,ABBOTT ST / W CORDOVA ST,Central Business District,492233.1575,5458913.7943
Theft from Vehicle,2017,4,5,22,0,ABBOTT ST / W CORDOVA ST,Central Business District,492233.1575,5458913.7943
Theft from Vehicle,2017,4,11,10,0,ABBOTT ST / W CORDOVA ST,Central Business District,492233.1575,5458913.7943
Theft from Vehicle,2017,4,15,15,45,ABBOTT ST / W CORDOVA ST,Central Business District,492233.1575,5458913.7943
Theft from Vehicle,2017,4,22,18,44,ABBOTT ST / W CORDOVA ST,Central Business District,492233.1575,5458913.7943
Theft from Vehicle,2017,5,17,18,41,ABBOTT ST / W CORDOVA ST,Central Business District,492233.1575,5458913.7943
Theft from Vehicle,2017,6,1,22,0,ABBOTT ST / W CORDOVA ST,Central Business District,492233.1575,5458913.7943
Theft from Vehicle,2017,6,17,10,50,ABBOTT ST / W CORDOVA ST,Central Business District,492233.1575,5458913.7943
Theft from Vehicle,2017,6,29,20,10,ABBOTT ST / W CORDOVA ST,Central Business District,492233.1575,5458913.7943
Theft from Vehicle,2017,8,5,14,0,ABBOTT ST / W CORDOVA ST,Central Business District,492233.1575,5458913.7943
Theft from Vehicle,2017,9,3,17,0,ABBOTT ST / W CORDOVA ST,Central Business District,492233.1575,5458913.7943
Theft from Vehicle,2017,9,5,20,30,ABBOTT ST / W CORDOVA ST,Central Business District,492233.1575,5458913.7943
Theft from Vehicle,2017,9,10,18,0,ABBOTT ST / W CORDOVA ST,Central Business District,492233.1575,5458913.7943
Theft from Vehicle,2017,9,10,22,10,ABBOTT ST / W CORDOVA ST,Central Business District,492233.1575,5458913.7943
Theft from Vehicle,2017,9,16,1,32,ABBOTT ST / W CORDOVA ST,Central Business District,492233.1575,5458913.7943
Theft from Vehicle,2017,10,8,16,0,ABBOTT ST / W CORDOVA ST,Central Business District,492233.1575,5458913.7943
Theft from Vehicle,2017,11,12,11,0,ABBOTT ST / W CORDOVA ST,Central Business District,492233.1575,5458913.7943
Theft from Vehicle,2017,11,26,17,26,ABBOTT ST / W CORDOVA ST,Central Business District,492233.1575,5458913.7943
Theft from Vehicle,2017,12,6,19,15,ABBOTT ST / W CORDOVA ST,Central Business District,492233.1575,5458913.7943
Theft from Vehicle,2017,1,13,19,44,ABBOTT ST / W HASTINGS ST,Central Business District,492203.9207,5458810.8912
Theft from Vehicle,2017,2,11,19,0,ABBOTT ST / W HASTINGS ST,Central Business District,492203.9207,5458810.8912
Theft from Vehicle,2017,2,12,12,0,ABBOTT ST / W HASTINGS ST,Central Business District,492203.9207,5458810.8912
Theft from Vehicle,2017,2,13,19,0,ABBOTT ST / W HASTINGS ST,Central Business District,492203.9207,5458810.8912
Theft from Vehicle,2017,2,16,19,0,ABBOTT ST / W HASTINGS ST,Central Business District,492203.9207,5458810.8912
Theft from Vehicle,2017,3,7,16,24,ABBOTT ST / W HASTINGS ST,Central Business District,492203.9207,5458810.8912
Theft from Vehicle,2017,3,12,19,30,ABBOTT ST / W HASTINGS ST,Central Business District,492203.9207,5458810.8912
Theft from Vehicle,2017,3,15,21,30,ABBOTT ST / W HASTINGS ST,Central Business District,492203.9207,5458810.8912
Theft from Vehicle,2017,4,7,18,30,ABBOTT ST / W HASTINGS ST,Central Business District,492203.9207,5458810.8912
Theft from Vehicle,2017,5,15,17,0,ABBOTT ST / W HASTINGS ST,Central Business District,492203.9207,5458810.8912
Theft from Vehicle,2017,5,29,17,45,ABBOTT ST / W HASTINGS ST,Central Business District,492203.9207,5458810.8912
Theft from Vehicle,2017,6,1,13,3,ABBOTT ST / W HASTINGS ST,Central Business District,492203.9207,5458810.8912
Theft from Vehicle,2017,6,5,16,34,ABBOTT ST / W HASTINGS ST,Central Business District,492203.9207,5458810.8912
Theft from Vehicle,2017,6,11,11,53,ABBOTT ST / W HASTINGS ST,Central Business District,492203.9207,5458810.8912
Theft from Vehicle,2017,7,8,14,0,ABBOTT ST / W HASTINGS ST,Central Business District,492203.9207,5458810.8912
Theft from Vehicle,2017,8,8,8,0,ABBOTT ST / W HASTINGS ST,Central Business District,492203.9207,5458810.8912
Theft from Vehicle,2017,8,12,15,0,ABBOTT ST / W HASTINGS ST,Central Business District,492203.9207,5458810.8912
Theft from Vehicle,2017,8,18,19,58,ABBOTT ST / W HASTINGS ST,Central Business District,492203.9207,5458810.8912
Theft from Vehicle,2017,8,19,15,12,ABBOTT ST / W HASTINGS ST,Central Business District,492203.9207,5458810.8912
Theft from Vehicle,2017,8,31,10,0,ABBOTT ST / W HASTINGS ST,Central Business District,492203.9207,5458810.8912
Theft from Vehicle,2017,9,9,19,15,ABBOTT ST / W HASTINGS ST,Central Business District,492203.9207,5458810.8912
Theft from Vehicle,2017,9,14,13,0,ABBOTT ST / W HASTINGS ST,Central Business District,492203.9207,5458810.8912
Theft from Vehicle,2017,10,6,18,30,ABBOTT ST / W HASTINGS ST,Central Business District,492203.9207,5458810.8912
Theft from Vehicle,2017,10,19,16,50,ABBOTT ST / W HASTINGS ST,Central Business District,492203.9207,5458810.8912
Theft from Vehicle,2017,11,2,13,20,ABBOTT ST / W HASTINGS ST,Central Business District,492203.9207,5458810.8912
Theft from Vehicle,2017,11,6,8,3,ABBOTT ST / W HASTINGS ST,Central Business District,492203.9207,5458810.8912
Theft from Vehicle,2017,11,7,21,0,ABBOTT ST / W HASTINGS ST,Central Business District,492203.9207,5458810.8912
Theft from Vehicle,2017,11,28,17,0,ABBOTT ST / W HASTINGS ST,Central Business District,492203.9207,5458810.8912
Theft from Vehicle,2017,12,9,19,15,ABBOTT ST / W HASTINGS ST,Central Business District,492203.9207,5458810.8912
Theft from Vehicle,2017,3,2,20,0,ABBOTT ST / W PENDER ST,Central Business District,492175.4366,5458706.8536
Theft from Vehicle,2017,3,6,13,0,ABBOTT ST / W PENDER ST,Central Business District,492175.4366,5458706.8536
Theft from Vehicle,2017,5,18,12,10,ABBOTT ST / W PENDER ST,Central Business District,492175.4366,5458706.8536
Theft from Vehicle,2017,6,7,22,0,ABBOTT ST / W PENDER ST,Central Business District,492175.4366,5458706.8536
Theft from Vehicle,2017,6,14,9,16,ABBOTT ST / W PENDER ST,Central Business District,492175.4366,5458706.8536
Theft from Vehicle,2017,9,29,21,0,ABBOTT ST / W PENDER ST,Central Business District,492175.4366,5458706.8536
Theft from Vehicle,2017,10,5,22,44,ABBOTT ST / W PENDER ST,Central Business District,492175.4366,5458706.8536
Theft from Vehicle,2017,11,10,1,0,ABBOTT ST / W PENDER ST,Central Business District,492175.4366,5458706.8536
Theft from Vehicle,2017,11,11,21,37,ABBOTT ST / W PENDER ST,Central Business District,492175.4366,5458706.8536
Theft from Vehicle,2017,11,16,19,30,ABBOTT ST / W PENDER ST,Central Business District,492175.4366,5458706.8536
Theft from Vehicle,2017,11,18,18,30,ABBOTT ST / W PENDER ST,Central Business District,492175.4366,5458706.8536
Theft from Vehicle,2017,12,11,19,0,ABBOTT ST / W PENDER ST,Central Business District,492175.4366,5458706.8536
Theft from Vehicle,2017,12,16,23,45,ABBOTT ST / W PENDER ST,Central Business District,492175.4366,5458706.8536
Theft from Vehicle,2017,1,16,0,59,ABBOTT ST / WATER ST,Central Business District,492260.9735,5459020.9682
Theft from Vehicle,2017,1,18,19,0,ABBOTT ST / WATER ST,Central Business District,492260.9735,5459020.9682
Theft from Vehicle,2017,1,18,19,15,ABBOTT ST / WATER ST,Central Business District,492260.9735,5459020.9682
Theft from Vehicle,2017,2,2,16,7,ABBOTT ST / WATER ST,Central Business District,492260.9735,5459020.9682
Theft from Vehicle,2017,4,21,23,0,ABBOTT ST / WATER ST,Central Business District,492260.9735,5459020.9682
Theft from Vehicle,2017,5,8,21,30,ABBOTT ST / WATER ST,Central Business District,492260.9735,5459020.9682
Theft from Vehicle,2017,7,12,0,45,ABBOTT ST / WATER ST,Central Business District,492260.9735,5459020.9682
Theft from Vehicle,2017,8,13,14,0,ABBOTT ST / WATER ST,Central Business District,492260.9735,5459020.9682
Theft from Vehicle,2017,10,21,18,0,ABBOTT ST / WATER ST,Central Business District,492260.9735,5459020.9682
Theft from Vehicle,2017,10,30,23,44,ABBOTT ST / WATER ST,Central Business District,492260.9735,5459020.9682
Theft from Vehicle,2017,11,10,20,0,ABBOTT ST / WATER ST,Central Business District,492260.9735,5459020.9682
Theft from Vehicle,2017,11,24,23,38,ABBOTT ST / WATER ST,Central Business District,492260.9735,5459020.9682
Theft from Vehicle,2017,11,29,20,36,ABBOTT ST / WATER ST,Central Business District,492260.9735,5459020.9682
Theft from Vehicle,2017,12,31,14,15,ABBOTT ST / WATER ST,Central Business District,492260.9735,5459020.9682
Theft from Vehicle,2017,8,25,22,0,ADANAC ST / CLARK DR,Grandview-Woodland,494381.4557,5458326.4319
Theft from Vehicle,2017,1,1,0,0,ADANAC ST / COMMERCIAL DR,Grandview-Woodland,494873.8769,5458315.1559
Theft from Vehicle,2017,10,20,16,0,ADANAC ST / LAKEWOOD DR,Grandview-Woodland,495508.9277,5458305.9406
Theft from Vehicle,2017,1,31,5,45,ADANAC ST / MCLEAN DR,Grandview-Woodland,494607.2222,5458322.9596
Theft from Vehicle,2017,9,22,18,0,ALBERNI ST / BIDWELL ST,West End,490342.808,5459832.25
Theft from Vehicle,2017,4,27,22,0,ALBERNI ST / BROUGHTON ST,West End,490629.3142,5459546.2335
Theft from Vehicle,2017,3,12,1,12,ALBERNI ST / BURRARD ST,West End,491151.7651,5459036.2266
Theft from Vehicle,2017,11,27,20,5,ALBERNI ST / BURRARD ST,West End,491151.7651,5459036.2266
Theft from Vehicle,2017,1,20,22,0,ALBERNI ST / BUTE ST,West End,490842.8526,5459340.7184
Theft from Vehicle,2017,3,21,8,0,ALBERNI ST / BUTE ST,West End,490842.8526,5459340.7184
Theft from Vehicle,2017,2,17,23,45,ALBERNI ST / CARDERO ST,West End,490457.1744,5459718.8559
Theft from Vehicle,2017,8,3,0,51,ALBERNI ST / CARDERO ST,West End,490457.1744,5459718.8559
Theft from Vehicle,2017,8,7,11,0,ALBERNI ST / CARDERO ST,West End,490457.1744,5459718.8559
Theft from Vehicle,2017,11,14,23,0,ALBERNI ST / CARDERO ST,West End,490457.1744,5459718.8559
Theft from Vehicle,2017,2,3,18,0,ALBERNI ST / DENMAN ST,West End,490227.3948,5459946.9941
Theft from Vehicle,2017,5,7,10,50,ALBERNI ST / DENMAN ST,West End,490227.3948,5459946.9941
Theft from Vehicle,2017,7,1,23,44,ALBERNI ST / DENMAN ST,West End,490227.3948,5459946.9941
Theft from Vehicle,2017,7,11,17,0,ALBERNI ST / DENMAN ST,West End,490227.3948,5459946.9941
Theft from Vehicle,2017,9,27,8,0,ALBERNI ST / DENMAN ST,West End,490227.3948,5459946.9941
Theft from Vehicle,2017,9,28,13,0,ALBERNI ST / DENMAN ST,West End,490227.3948,5459946.9941
Theft from Vehicle,2017,10,14,14,0,ALBERNI ST / DENMAN ST,West End,490227.3948,5459946.9941
Theft from Vehicle,2017,4,14,16,18,ALBERNI ST / GILFORD ST,West End,490113.4107,5460057.5685
Theft from Vehicle,2017,7,30,0,30,ALBERNI ST / GILFORD ST,West End,490113.4107,5460057.5685
Theft from Vehicle,2017,6,21,22,30,ALBERNI ST / JERVIS ST,West End,490730.4053,5459449.8216
Theft from Vehicle,2017,3,11,0,12,ALBERNI ST / NICOLA ST,West End,490544.2633,5459631.7475
Theft from Vehicle,2017,7,7,16,0,ALBERNI ST / NICOLA ST,West End,490544.2633,5459631.7475
Theft from Vehicle,2017,9,14,15,30,ALBERNI ST / NICOLA ST,West End,490544.2633,5459631.7475
Theft from Vehicle,2017,3,27,18,47,ALBERNI ST / THURLOW ST,West End,491003.6115,5459185.0023
Theft from Vehicle,2017,7,8,20,0,ALBERNI ST / THURLOW ST,West End,491003.6115,5459185.0023
Theft from Vehicle,2017,11,28,16,0,ALBERNI ST / THURLOW ST,West End,491003.6115,5459185.0023
Theft from Vehicle,2017,12,10,14,0,ALBERTA ST / W 4TH AVE,Mount Pleasant,491940.7049,5457195.9589
Theft from Vehicle,2017,3,6,5,3,ALBERTA ST / W 5TH AVE,Mount Pleasant,491938.4099,5457099.1221
Theft from Vehicle,2017,11,23,21,0,ALBERTA ST / W 5TH AVE,Mount Pleasant,491938.4099,5457099.1221
Theft from Vehicle,2017,10,22,23,0,ALBERTA ST / W 8TH AVE,Mount Pleasant,491929.9182,5456796.1504
Theft from Vehicle,2017,9,30,11,0,ALDER CRSS / LAMEYS MILL RD,Fairview,490395.8941,5457106.6906
Theft from Vehicle,2017,4,17,17,0,ALDER CRSS / W 6TH AVE,Fairview,490389.4,5457052.3935
Theft from Vehicle,2017,2,18,18,0,ALDER ST / W 10TH AVE,Fairview,490438.5074,5456648.0484
Theft from Vehicle,2017,4,3,6,32,ALDER ST / W 13TH AVE,Fairview,490430.3097,5456335.4509
Theft from Vehicle,2017,11,26,17,20,ALDER ST / W BROADWAY AVE,Fairview,490442.222,5456755.0431
Theft from Vehicle,2017,10,5,21,4,ALEXANDER ST / COLUMBIA ST,Central Business District,492570.1599,5459009.3691
Theft from Vehicle,2017,3,28,13,0,ALEXANDER ST / GORE AVE,Strathcona,492884.8123,5459039.5916
Theft from Vehicle,2017,7,2,20,30,ALEXANDER ST / GORE AVE,Strathcona,492884.8123,5459039.5916
Theft from Vehicle,2017,8,31,4,50,ALEXANDER ST / GORE AVE,Strathcona,492884.8123,5459039.5916
Theft from Vehicle,2017,6,18,18,0,ALEXANDER ST / HEATLEY AVE,Strathcona,493487.9855,5459021.1343
Theft from Vehicle,2017,10,3,8,0,ALEXANDER ST / HEATLEY AVE,Strathcona,493487.9855,5459021.1343
Theft from Vehicle,2017,2,17,22,30,ALEXANDER ST / MAIN ST,Strathcona,492764.4426,5459043.8947
Theft from Vehicle,2017,9,4,7,21,ALEXANDER ST / MAIN ST,Strathcona,492764.4426,5459043.8947
Theft from Vehicle,2017,10,15,0,0,ALEXANDER ST / MAIN ST,Strathcona,492764.4426,5459043.8947
Theft from Vehicle,2017,10,6,9,0,ALEXANDER ST / POWELL ST,Central Business District,492436.2352,5458962.4702
Theft from Vehicle,2017,11,20,15,32,ALEXANDER ST / POWELL ST,Central Business District,492436.2352,5458962.4702
Theft from Vehicle,2017,4,21,8,30,ALEXANDER ST / PRINCESS AVE,Strathcona,493355.5196,5459025.3393
Theft from Vehicle,2017,6,19,17,0,ALEXANDER ST / WATER ST,Central Business District,492436.2352,5458962.4702
Theft from Vehicle,2017,10,10,21,26,ALEXANDER ST / WATER ST,Central Business District,492436.2352,5458962.4702
Theft from Vehicle,2017,2,9,2,32,ALEXANDRA ST / W KING EDWARD AVE,Shaughnessy,489702.4129,5455186.3942
Theft from Vehicle,2017,2,5,23,28,ALMA ST / W 11TH AVE,Kitsilano,486472.8924,5456659.2037
Theft from Vehicle,2017,3,23,17,0,ALMA ST / W 8TH AVE,Kitsilano,486480.3448,5456959.314
Theft from Vehicle,2017,5,3,15,0,ANGUS DR / W 40TH AVE,Shaughnessy,489252.755,5453673.6151
Theft from Vehicle,2017,7,11,23,0,ARBUTUS ST / MCNICOLL AVE,Kitsilano,489010.7373,5458178.7805
Theft from Vehicle,2017,6,22,21,0,ARBUTUS ST / NANTON AVE,Arbutus Ridge,488843.7729,5454999.4981
Theft from Vehicle,2017,3,13,9,0,ARBUTUS ST / W 10TH AVE,Kitsilano,488870.0964,5456688.7285
Theft from Vehicle,2017,10,3,15,30,ARBUTUS ST / W 12TH AVE,Kitsilano,488863.3849,5456482.2211
Theft from Vehicle,2017,12,11,18,0,ARBUTUS ST / W 15TH AVE,Kitsilano,488861.6006,5456172.2585
Theft from Vehicle,2017,10,1,23,0,ARBUTUS ST / W 18TH AVE,Arbutus Ridge,488870.9001,5455949.5427
Theft from Vehicle,2017,2,10,18,30,ARBUTUS ST / W 1ST AVE,Kitsilano,488894.0582,5457569.3649
Theft from Vehicle,2017,5,2,21,0,ARBUTUS ST / W 2ND AVE,Kitsilano,488891.4232,5457471.3282
Theft from Vehicle,2017,7,10,21,0,ARBUTUS ST / W 2ND AVE,Kitsilano,488891.4232,5457471.3282
Theft from Vehicle,2017,7,20,8,0,ARBUTUS ST / W 4TH AVE,Kitsilano,488885.8578,5457272.9888
Theft from Vehicle,2017,1,22,20,6,ARBUTUS ST / W BROADWAY AVE,Kitsilano,488872.9021,5456795.4582
Theft from Vehicle,2017,5,10,15,0,ARBUTUS ST / W KING EDWARD AVE,Arbutus Ridge,488856.4782,5455418.1923
Theft from Vehicle,2017,4,20,0,0,ARGYLE ST / E 64TH AVE,Victoria-Fraserview,494752.7712,5451021.6454
Theft from Vehicle,2017,6,12,0,0,ARLINGTON ST / CHAMPLAIN CRES,Killarney,497640.4964,5451805.4435
Theft from Vehicle,2017,8,11,0,0,ARLINGTON ST / E 49TH AVE,Killarney,497949.4918,5452274.4434
Theft from Vehicle,2017,7,21,20,0,ASH ST / W 62ND AVE,Marpole,491251.4223,5451275.0561
Theft from Vehicle,2017,6,5,20,0,ASH ST / W 6TH AVE,Fairview,491457.6383,5457016.7506
Theft from Vehicle,2017,3,20,21,0,ASH ST / W 71ST AVE,Marpole,491328.73,5450511.4431
Theft from Vehicle,2017,5,17,19,40,ASH ST / W 8TH AVE,Fairview,491453.966,5456830.342
Theft from Vehicle,2017,1,10,22,15,ASH ST / W BROADWAY AVE,Fairview,491449.6182,5456727.3828
Theft from Vehicle,2017,1,29,21,9,ATHLETES WAY / COLUMBIA ST,Mount Pleasant,492043.101,5457653.7753
Theft from Vehicle,2017,6,4,18,0,ATLANTIC ST / PRINCESS AVE,Strathcona,493325.2672,5458115.2535
Theft from Vehicle,2017,7,27,0,0,BALACLAVA ST / POINT GREY RD,Kitsilano,487361.8967,5457609.4807
Theft from Vehicle,2017,11,30,18,0,BALACLAVA ST / POINT GREY RD,Kitsilano,487361.8967,5457609.4807
Theft from Vehicle,2017,6,23,23,0,BALACLAVA ST / W 24TH AVE,Dunbar-Southlands,487215.524,5455375.7963
Theft from Vehicle,2017,8,17,10,4,BALFOUR AVE / CARTIER ST,Shaughnessy,490050.1305,5455486.6151
Theft from Vehicle,2017,8,11,16,0,BALFOUR AVE / OAK ST,Shaughnessy,490725.148,5455446.7052
Theft from Vehicle,2017,5,22,6,0,BALMORAL ST / E 55TH AVE,Victoria-Fraserview,495015.1731,5451952.0133
Theft from Vehicle,2017,12,26,17,0,BALSAM ST / W 10TH AVE,Kitsilano,488355.7416,5456703.4894
Theft from Vehicle,2017,10,25,18,26,BALSAM ST / W 2ND AVE,Kitsilano,488375.7059,5457484.7558
Theft from Vehicle,2017,5,29,15,0,BALSAM ST / YORK AVE,Kitsilano,488380.8068,5457681.5182
Theft from Vehicle,2017,9,8,18,54,BARCLAY ST / BURRARD ST,West End,490911.1598,5458799.38
Theft from Vehicle,2017,12,14,19,0,BARCLAY ST / LAGOON DR,Stanley Park,489686.4289,5460030.3829
Theft from Vehicle,2017,9,11,22,0,BARCLAY ST / THURLOW ST,West End,490768.3009,5458948.2208
Theft from Vehicle,2017,9,12,20,30,BARCLAY ST / THURLOW ST,West End,490768.3009,5458948.2208
Theft from Vehicle,2017,9,14,4,15,BARCLAY ST / THURLOW ST,West End,490768.3009,5458948.2208
Theft from Vehicle,2017,9,19,8,0,BARCLAY ST / THURLOW ST,West End,490768.3009,5458948.2208
Theft from Vehicle,2017,12,22,15,0,BARCLAY ST / THURLOW ST,West End,490768.3009,5458948.2208
Theft from Vehicle,2017,2,18,0,0,BARNARD ST / W 75TH AVE,Marpole,489376.3314,5450348.2838
Theft from Vehicle,2017,5,14,17,59,BAYSHORE DR / DENMAN ST,Central Business District,490322.3735,5460041.9998
Theft from Vehicle,2017,1,27,17,0,BAYSWATER ST / W 3RD AVE,Kitsilano,487556.4521,5457406.4726
Theft from Vehicle,2017,7,17,0,0,BAYSWATER ST / W 3RD AVE,Kitsilano,487556.4521,5457406.4726
Theft from Vehicle,2017,12,22,2,0,BAYSWATER ST / W 5TH AVE,Kitsilano,487551.3077,5457206.3096
Theft from Vehicle,2017,6,4,17,15,BEACH AVE / BROUGHTON ST,West End,489852.9442,5458767.4913
Theft from Vehicle,2017,11,3,4,0,BEACH AVE / BROUGHTON ST,West End,489852.9442,5458767.4913
Theft from Vehicle,2017,7,20,20,0,BEACH AVE / BURRARD ST,West End,490237.479,5458189.5171
Theft from Vehicle,2017,4,6,4,2,BEACH AVE / GRANVILLE ST,Central Business District,490481.3648,5457940.456
Theft from Vehicle,2017,10,28,19,0,BEACH AVE / GRANVILLE ST,Central Business District,490484.9109,5457936.8999
Theft from Vehicle,2017,11,1,18,0,BEACH AVE / GRANVILLE ST,Central Business District,490484.9109,5457936.8999
Theft from Vehicle,2017,11,6,0,0,BEACH AVE / GRANVILLE ST,Central Business District,490484.9109,5457936.8999
Theft from Vehicle,2017,5,18,14,0,BEACH AVE / THURLOW ST,West End,490149.8975,5458324.1119
Theft from Vehicle,2017,4,25,0,0,BEACH CRES / RICHARDS ST,Central Business District,490664.2406,5457832.863
Theft from Vehicle,2017,5,20,0,0,BEACH CRES / RICHARDS ST,Central Business District,490664.2406,5457832.863
Theft from Vehicle,2017,11,11,2,53,BEACH CRES / RICHARDS ST,Central Business District,490664.2406,5457832.863
Theft from Vehicle,2017,8,11,20,0,BEADNELL CRT / NORTHUMBERLAND AVE,Killarney,498044.4297,5451443.2022
Theft from Vehicle,2017,2,15,6,55,BEATTY ST / BEATTY WALK,Central Business District,491478.9878,5458090.56
Theft from Vehicle,2017,10,20,16,5,BEATTY ST / DUNSMUIR ST,Central Business District,491960.3798,5458570.8619
Theft from Vehicle,2017,2,11,18,0,BEATTY ST / ROBSON ST,Central Business District,491710.8223,5458320.971
Theft from Vehicle,2017,9,20,16,22,BEATTY ST / ROBSON ST,Central Business District,491710.8223,5458320.971
Theft from Vehicle,2017,9,24,11,0,BEATTY ST / SMITHE ST,Central Business District,491593.4453,5458204.3755
Theft from Vehicle,2017,1,28,1,54,BEATTY ST / W GEORGIA ST,Central Business District,491835.3334,5458445.4738
Theft from Vehicle,2017,1,1,17,0,BEATTY ST / W GEORGIA ST,Central Business District,491835.3339,5458445.4784
Theft from Vehicle,2017,3,7,18,50,BEATTY ST / W GEORGIA ST,Central Business District,491835.3339,5458445.4784
Theft from Vehicle,2017,4,3,21,6,BEATTY ST / W GEORGIA ST,Central Business District,491835.3339,5458445.4784
Theft from Vehicle,2017,4,19,19,0,BEATTY ST / W GEORGIA ST,Central Business District,491835.3339,5458445.4784
Theft from Vehicle,2017,8,19,18,0,BEATTY ST / W GEORGIA ST,Central Business District,491835.3339,5458445.4784
Theft from Vehicle,2017,10,14,13,30,BEATTY ST / W GEORGIA ST,Central Business District,491835.3339,5458445.4784
Theft from Vehicle,2017,1,8,8,30,BEATTY ST / W PENDER ST,Central Business District,492111.7939,5458724.1647
Theft from Vehicle,2017,1,10,6,0,BEATTY ST / W PENDER ST,Central Business District,492111.7939,5458724.1647
Theft from Vehicle,2017,3,2,8,0,BEATTY ST / W PENDER ST,Central Business District,492111.7939,5458724.1652
Theft from Vehicle,2017,4,1,15,0,BEATTY ST / W PENDER ST,Central Business District,492111.7939,5458724.1652
Theft from Vehicle,2017,5,31,1,15,BEATTY ST / W PENDER ST,Central Business District,492111.7939,5458724.1652
Theft from Vehicle,2017,6,9,19,30,BEATTY ST / W PENDER ST,Central Business District,492111.7939,5458724.1652
Theft from Vehicle,2017,7,5,16,19,BEATTY ST / W PENDER ST,Central Business District,492111.7939,5458724.1652
Theft from Vehicle,2017,10,7,18,0,BEATTY ST / W PENDER ST,Central Business District,492111.7939,5458724.1652
Theft from Vehicle,2017,10,12,20,0,BEATTY ST / W PENDER ST,Central Business District,492111.7939,5458724.1652
Theft from Vehicle,2017,6,9,12,0,BEATTY WALK / EXPO BLVD,Central Business District,491451.7216,5457972.7464
Theft from Vehicle,2017,8,6,1,0,BIDWELL ST / BURNABY ST,West End,489722.0635,5459204.8367
Theft from Vehicle,2017,1,28,20,0,BIDWELL ST / COMOX ST,West End,489955.7983,5459440.0761
Theft from Vehicle,2017,4,2,22,32,BIDWELL ST / DAVIE ST,West End,489801.6648,5459286.1763
Theft from Vehicle,2017,8,7,22,0,BIDWELL ST / DAVIE ST,West End,489801.6648,5459286.1763
Theft from Vehicle,2017,8,20,19,35,BIDWELL ST / DAVIE ST,West End,489801.6648,5459286.1763
Theft from Vehicle,2017,7,23,14,0,BIDWELL ST / HARWOOD ST,West End,489646.3204,5459127.3252
Theft from Vehicle,2017,3,6,4,0,BIDWELL ST / ROBSON ST,West End,490264.7788,5459755.1459
Theft from Vehicle,2017,10,12,20,30,BIDWELL ST / ROBSON ST,West End,490264.7788,5459755.1459
Theft from Vehicle,2017,3,10,6,30,BIRCH ST / W 10TH AVE,Fairview,490268.4515,5456652.1373
Theft from Vehicle,2017,8,19,0,0,BIRCH ST / W 13TH AVE,Fairview,490259.3718,5456339.9867
Theft from Vehicle,2017,11,25,21,0,BIRCH ST / W 15TH AVE,Fairview,490255.4916,5456129.5471
Theft from Vehicle,2017,3,21,17,0,BIRCH ST / W 7TH AVE,Fairview,490275.7796,5456953.6637
Theft from Vehicle,2017,6,26,23,0,BIRCH ST / W BROADWAY AVE,Fairview,490271.0705,5456759.2785
Theft from Vehicle,2017,10,19,10,0,BIRCH ST / W BROADWAY AVE,Fairview,490271.0705,5456759.2785
Theft from Vehicle,2017,6,15,1,0,BLENHEIM ST / W 15TH AVE,Kitsilano,487044.8628,5456242.4382
Theft from Vehicle,2017,1,14,16,0,BLENHEIM ST / W 16TH AVE,Arbutus Ridge,487041.1262,5456123.1272
Theft from Vehicle,2017,7,9,9,0,BLENHEIM ST / W 31ST AVE,Dunbar-Southlands,486998.6279,5454624.48
Theft from Vehicle,2017,1,31,14,30,BLENHEIM ST / W 41ST AVE,Dunbar-Southlands,486989.9037,5453568.9148
Theft from Vehicle,2017,10,25,0,0,BLENHEIM ST / W 4TH AVE,Kitsilano,487073.2981,5457319.7723
Theft from Vehicle,2017,10,26,21,0,BLENHEIM ST / W 5TH AVE,Kitsilano,487073.7182,5457223.019
Theft from Vehicle,2017,7,26,20,30,BLENHEIM ST / W BROADWAY AVE,Kitsilano,487064.2899,5456845.4825
Theft from Vehicle,2017,11,9,18,0,BORDEN ST / SE MARINE DR,Victoria-Fraserview,494604.1037,5450928.4065
Theft from Vehicle,2017,8,31,4,33,BOUNDARY RD / E 46TH AVE,Killarney,498288.3,5452812.5671
Theft from Vehicle,2017,3,15,18,55,BOUNDARY RD / E HASTINGS ST,Hastings-Sunrise,498282.1831,5458709.6692
Theft from Vehicle,2017,4,16,1,50,BOUNDARY RD / KINGSWAY AVE,Killarney,498281.8487,5453279.0263
Theft from Vehicle,2017,4,16,15,0,BOUNDARY RD / KINGSWAY AVE,Killarney,498281.8487,5453279.0263
Theft from Vehicle,2017,9,30,21,30,BOUNDARY RD / KINGSWAY AVE,Killarney,498281.8487,5453279.0263
Theft from Vehicle,2017,11,4,0,0,BOUNDARY RD / NAPIER ST,Hastings-Sunrise,498279.6619,5458019.2114
Theft from Vehicle,2017,8,31,9,30,BRIDGEWAY ST / MCGILL ST,Hastings-Sunrise,497556.3614,5459415.9234
Theft from Vehicle,2017,11,26,13,15,BROUGHTON ST / COMOX ST,West End,490240.3616,5459157.6447
Theft from Vehicle,2017,4,23,12,0,BROUGHTON ST / DAVIE ST,West End,490087.153,5459004.4138
Theft from Vehicle,2017,9,28,1,0,BROUGHTON ST / W GEORGIA ST,West End,490675.7206,5459591.8345
Theft from Vehicle,2017,4,17,0,0,BRUNSWICK ST / E 2ND AVE,Mount Pleasant,493000.9138,5457126.4939
Theft from Vehicle,2017,8,27,23,54,BRUNSWICK ST / E 2ND AVE,Mount Pleasant,492993.7144,5457100.2557
Theft from Vehicle,2017,9,15,16,0,BRUNSWICK ST / E 6TH AVE,Mount Pleasant,492940.4681,5456968.0465
Theft from Vehicle,2017,12,4,14,0,BRUNSWICK ST / E 6TH AVE,Mount Pleasant,492940.4681,5456968.0465
Theft from Vehicle,2017,9,1,16,0,BRUNSWICK ST / E 7TH AVE,Mount Pleasant,492945.0828,5456869.5947
Theft from Vehicle,2017,12,2,18,10,BRUNSWICK ST / E BROADWAY AVE,Mount Pleasant,492941.3029,5456673.5726
Theft from Vehicle,2017,10,23,5,50,BUCKETWHEEL AVE / MOBERLY RD,Fairview,491454.4165,5457241.1041
Theft from Vehicle,2017,10,1,20,30,BURNABY ST / BURRARD ST,West End,490523.6195,5458408.6235
Theft from Vehicle,2017,5,9,21,0,BURNABY ST / BUTE ST,West End,490220.8904,5458710.6491
Theft from Vehicle,2017,8,15,15,0,BURNABY ST / THURLOW ST,West End,490381.7779,5458553.1252
Theft from Vehicle,2017,3,19,23,9,BURRARD ST / DAVIE ST,West End,490604.1485,5458488.3285
Theft from Vehicle,2017,4,13,23,3,BURRARD ST / DAVIE ST,West End,490604.1485,5458488.3285
Theft from Vehicle,2017,5,16,14,45,BURRARD ST / DAVIE ST,West End,490604.1485,5458488.3285
Theft from Vehicle,2017,8,7,13,0,BURRARD ST / DAVIE ST,West End,490604.1485,5458488.3285
Theft from Vehicle,2017,9,3,1,0,BURRARD ST / DAVIE ST,West End,490604.1485,5458488.3285
Theft from Vehicle,2017,9,12,0,0,BURRARD ST / DAVIE ST,West End,490604.1485,5458488.3285
Theft from Vehicle,2017,9,20,22,0,BURRARD ST / DAVIE ST,West End,490604.1485,5458488.3285
Theft from Vehicle,2017,1,7,9,15,BURRARD ST / DRAKE ST,West End,490487.3211,5458372.8118
Theft from Vehicle,2017,3,13,18,0,BURRARD ST / DRAKE ST,West End,490487.3211,5458372.8118
Theft from Vehicle,2017,3,17,20,14,BURRARD ST / DUNSMUIR ST,Central Business District,491317.437,5459212.357
Theft from Vehicle,2017,7,2,22,30,BURRARD ST / HELMCKEN ST,West End,490717.6683,5458603.4862
Theft from Vehicle,2017,11,25,22,20,BURRARD ST / MELVILLE ST,Central Business District,491271.8546,5459162.6245
Theft from Vehicle,2017,11,12,17,50,BURRARD ST / NELSON ST,West End,490833.2787,5458723.2683
Theft from Vehicle,2017,3,31,0,30,BURRARD ST / NELSON ST,West End,490833.279,5458723.2686
Theft from Vehicle,2017,9,10,19,0,BURRARD ST / NELSON ST,West End,490833.279,5458723.2686
Theft from Vehicle,2017,10,6,22,0,BURRARD ST / NELSON ST,West End,490833.279,5458723.2686
Theft from Vehicle,2017,12,13,22,22,BURRARD ST / NELSON ST,West End,490833.279,5458723.2686
Theft from Vehicle,2017,9,27,17,0,BURRARD ST / ROBSON ST,West End,491068.8642,5458954.9168
Theft from Vehicle,2017,10,8,17,50,BURRARD ST / ROBSON ST,West End,491068.8642,5458954.9168
Theft from Vehicle,2017,12,21,21,30,BURRARD ST / ROBSON ST,West End,491068.8642,5458954.9168
Theft from Vehicle,2017,7,12,15,56,BURRARD ST / SMITHE ST,West End,490950.9629,5458837.6465
Theft from Vehicle,2017,11,26,19,0,BURRARD ST / SMITHE ST,West End,490950.9629,5458837.6465
Theft from Vehicle,2017,11,28,21,16,BURRARD ST / SMITHE ST,West End,490950.9629,5458837.6465
Theft from Vehicle,2017,12,2,22,15,BURRARD ST / SMITHE ST,West End,490950.9629,5458837.6465
Theft from Vehicle,2017,2,1,0,0,BURRARD ST / W 3RD AVE,Fairview,489408.2692,5457359.1263
Theft from Vehicle,2017,9,6,22,0,BURRARD ST / W 5TH AVE,Fairview,489404.2638,5457164.7192
Theft from Vehicle,2017,12,15,19,0,BURRARD ST / W 5TH AVE,Fairview,489404.2638,5457164.7192
Theft from Vehicle,2017,9,7,14,0,BURRARD ST / W 7TH AVE,Fairview,489399.2954,5456975.9604
Theft from Vehicle,2017,7,11,18,30,BURRARD ST / W CORDOVA ST,Central Business District,491550.3179,5459441.3252
Theft from Vehicle,2017,7,25,9,0,BURRARD ST / W CORDOVA ST,Central Business District,491550.3179,5459441.3252
Theft from Vehicle,2017,12,10,19,15,BURRARD ST / W CORDOVA ST,Central Business District,491550.3179,5459441.3252
Theft from Vehicle,2017,3,31,8,0,BURRARD ST / W HASTINGS ST,Central Business District,491494.5414,5459386.9078
Theft from Vehicle,2017,3,30,21,0,BURRARD ST / W PENDER ST,Central Business District,491426.8765,5459318.3757
Theft from Vehicle,2017,5,14,14,0,BURRARD ST / W PENDER ST,Central Business District,491426.8765,5459318.3757
Theft from Vehicle,2017,8,12,17,45,BURRARD ST / W PENDER ST,Central Business District,491426.8765,5459318.3757
Theft from Vehicle,2017,11,28,12,0,BURRARD ST / W PENDER ST,Central Business District,491426.8765,5459318.3757
Theft from Vehicle,2017,5,17,0,0,BUTE ST / COMOX ST,West End,490454.8512,5458946.3876
Theft from Vehicle,2017,1,7,19,30,BUTE ST / DAVIE ST,West End,490301.4015,5458792.1619
Theft from Vehicle,2017,4,27,20,0,BUTE ST / DAVIE ST,West End,490301.4017,5458792.1624
Theft from Vehicle,2017,5,6,20,32,BUTE ST / DAVIE ST,West End,490301.4017,5458792.1624
Theft from Vehicle,2017,9,5,0,0,BUTE ST / DAVIE ST,West End,490301.4017,5458792.1624
Theft from Vehicle,2017,8,28,17,0,BUTE ST / HARO ST,West End,490688.2183,5459182.2369
Theft from Vehicle,2017,7,29,19,0,BUTE ST / HARWOOD ST,West End,490145.2738,5458633.7431
Theft from Vehicle,2017,2,13,10,0,BUTE ST / MELVILLE ST,Central Business District,490968.6889,5459463.5653
Theft from Vehicle,2017,11,29,0,0,BUTE ST / NELSON ST,West End,490531.2673,5459023.2531
Theft from Vehicle,2017,6,21,23,0,BUTE ST / PACIFIC ST,West End,490066.9361,5458553.941
Theft from Vehicle,2017,1,19,15,30,BUTE ST / ROBSON ST,West End,490767.2446,5459254.5984
Theft from Vehicle,2017,2,14,21,30,BUTE ST / ROBSON ST,West End,490767.2446,5459254.5984
Theft from Vehicle,2017,3,29,13,0,BUTE ST / ROBSON ST,West End,490767.2446,5459254.5984
Theft from Vehicle,2017,4,5,8,30,BUTE ST / ROBSON ST,West End,490767.2446,5459254.5984
Theft from Vehicle,2017,4,9,23,50,BUTE ST / ROBSON ST,West End,490767.2446,5459254.5984
Theft from Vehicle,2017,5,19,18,30,BUTE ST / ROBSON ST,West End,490767.2446,5459254.5984
Theft from Vehicle,2017,6,13,15,20,BUTE ST / ROBSON ST,West End,490767.2446,5459254.5984
Theft from Vehicle,2017,6,16,11,0,BUTE ST / ROBSON ST,West End,490767.2446,5459254.5984
Theft from Vehicle,2017,6,19,13,0,BUTE ST / ROBSON ST,West End,490767.2446,5459254.5984
Theft from Vehicle,2017,7,2,18,0,BUTE ST / ROBSON ST,West End,490767.2446,5459254.5984
Theft from Vehicle,2017,8,10,15,30,BUTE ST / ROBSON ST,West End,490767.2446,5459254.5984
Theft from Vehicle,2017,9,11,13,30,BUTE ST / ROBSON ST,West End,490767.2446,5459254.5984
Theft from Vehicle,2017,10,17,21,0,BUTE ST / ROBSON ST,West End,490767.2446,5459254.5984
Theft from Vehicle,2017,11,8,7,0,BUTE ST / ROBSON ST,West End,490767.2446,5459254.5984
Theft from Vehicle,2017,11,8,8,0,BUTE ST / ROBSON ST,West End,490767.2446,5459254.5984
Theft from Vehicle,2017,11,8,8,30,BUTE ST / ROBSON ST,West End,490767.2446,5459254.5984
Theft from Vehicle,2017,11,18,15,0,BUTE ST / ROBSON ST,West End,490767.2446,5459254.5984
Theft from Vehicle,2017,12,19,16,0,BUTE ST / ROBSON ST,West End,490767.2446,5459254.5984
Theft from Vehicle,2017,12,26,14,0,BUTE ST / ROBSON ST,West End,490767.2446,5459254.5984
Theft from Vehicle,2017,6,9,16,15,BUTE ST / W CORDOVA ST,Central Business District,491123.034,5459615.2445
Theft from Vehicle,2017,2,5,12,0,BUTE ST / W GEORGIA ST,West End,490885.845,5459383.6592
Theft from Vehicle,2017,2,24,18,0,BUTE ST / W PENDER ST,Central Business District,491027.5544,5459520.0552
Theft from Vehicle,2017,5,1,21,0,BUTLER ST / E 47TH AVE,Killarney,497548.0585,5452625.8705
Theft from Vehicle,2017,5,31,21,30,CAMBIE ST / DUNSMUIR ST,Central Business District,491886.3635,5458643.093
Theft from Vehicle,2017,10,1,17,0,CAMBIE ST / DUNSMUIR ST,Central Business District,491886.3635,5458643.093
Theft from Vehicle,2017,4,21,5,45,CAMBIE ST / NELSON ST,Central Business District,491405.1788,5458158.2779
Theft from Vehicle,2017,11,15,18,30,CAMBIE ST / NELSON ST,Central Business District,491405.1788,5458158.2779
Theft from Vehicle,2017,11,14,19,0,CAMBIE ST / PACIFIC BLVD,Central Business District,491245.8599,5457950.225
Theft from Vehicle,2017,7,12,0,13,CAMBIE ST / PACIFIC BLVD,Central Business District,491329.164,5457991.4602
Theft from Vehicle,2017,3,24,16,0,CAMBIE ST / ROBSON ST,Central Business District,491638.2791,5458390.1404
Theft from Vehicle,2017,4,6,22,0,CAMBIE ST / ROBSON ST,Central Business District,491638.2791,5458390.1404
Theft from Vehicle,2017,4,29,14,37,CAMBIE ST / ROBSON ST,Central Business District,491638.2791,5458390.1404
Theft from Vehicle,2017,6,17,7,30,CAMBIE ST / ROBSON ST,Central Business District,491638.2791,5458390.1404
Theft from Vehicle,2017,9,20,10,0,CAMBIE ST / ROBSON ST,Central Business District,491638.2791,5458390.1404
Theft from Vehicle,2017,9,20,19,45,CAMBIE ST / ROBSON ST,Central Business District,491638.2791,5458390.1404
Theft from Vehicle,2017,5,8,12,19,CAMBIE ST / SMITHE ST,Central Business District,491519.9402,5458274.4849
Theft from Vehicle,2017,8,14,18,30,CAMBIE ST / SMITHE ST,Central Business District,491519.9402,5458274.4849
Theft from Vehicle,2017,3,9,18,0,CAMBIE ST / SW MARINE DR,Marpole,491461.7771,5450810.0599
Theft from Vehicle,2017,10,24,21,40,CAMBIE ST / SW MARINE DR,Marpole,491461.7771,5450810.0599
Theft from Vehicle,2017,10,24,22,40,CAMBIE ST / SW MARINE DR,Marpole,491461.7771,5450810.0599
Theft from Vehicle,2017,4,11,19,30,CAMBIE ST / W 10TH AVE,Fairview,491634.8868,5456614.8809
Theft from Vehicle,2017,12,22,8,0,CAMBIE ST / W 12TH AVE,Fairview,491628.4376,5456410.0627
Theft from Vehicle,2017,12,17,17,30,CAMBIE ST / W 14TH AVE,Fairview,491630.6435,5456225.5026
Theft from Vehicle,2017,12,18,12,15,CAMBIE ST / W 16TH AVE,Fairview,491628.0726,5456022.6211
Theft from Vehicle,2017,12,3,23,30,CAMBIE ST / W 19TH AVE,Riley Park,491616.1229,5455697.0654
Theft from Vehicle,2017,9,28,20,30,CAMBIE ST / W 21ST AVE,Riley Park,491611.247,5455486.7715
Theft from Vehicle,2017,2,27,18,0,CAMBIE ST / W 24TH AVE,South Cambie,491604.568,5455264.7356
Theft from Vehicle,2017,2,15,12,0,CAMBIE ST / W 27TH AVE,South Cambie,491579.3996,5454924.3099
Theft from Vehicle,2017,6,1,20,0,CAMBIE ST / W 2ND AVE,Fairview,491630.5362,5457347.5021
Theft from Vehicle,2017,12,15,18,45,CAMBIE ST / W 33RD AVE,South Cambie,491371.8946,5454263.8352
Theft from Vehicle,2017,8,31,21,0,CAMBIE ST / W 49TH AVE,Oakridge,491506.6601,5452595.2975
Theft from Vehicle,2017,9,18,19,30,CAMBIE ST / W 54TH AVE,Oakridge,491494.3781,5452110.3046
Theft from Vehicle,2017,3,3,11,0,CAMBIE ST / W 59TH AVE,Marpole,491479.7734,5451579.6365
Theft from Vehicle,2017,4,6,0,0,CAMBIE ST / W 7TH AVE,Fairview,491643.103,5456918.3636
Theft from Vehicle,2017,11,13,11,0,CAMBIE ST / W 8TH AVE,Fairview,491641.6548,5456817.7824
Theft from Vehicle,2017,3,19,13,30,CAMBIE ST / W BROADWAY AVE,Fairview,491638.4264,5456722.3837
Theft from Vehicle,2017,11,24,18,0,CAMBIE ST / W BROADWAY AVE,Fairview,491638.4264,5456722.3837
Theft from Vehicle,2017,2,17,10,0,CAMBIE ST / W CORDOVA ST,Central Business District,492061.6988,5458981.8422
Theft from Vehicle,2017,2,20,21,29,CAMBIE ST / W CORDOVA ST,Central Business District,492061.6988,5458981.8422
Theft from Vehicle,2017,3,3,18,0,CAMBIE ST / W CORDOVA ST,Central Business District,492061.6988,5458981.8422
Theft from Vehicle,2017,5,2,7,5,CAMBIE ST / W CORDOVA ST,Central Business District,492061.6988,5458981.8422
Theft from Vehicle,2017,7,21,13,10,CAMBIE ST / W CORDOVA ST,Central Business District,492061.6988,5458981.8422
Theft from Vehicle,2017,7,31,19,30,CAMBIE ST / W CORDOVA ST,Central Business District,492061.6988,5458981.8422
Theft from Vehicle,2017,9,3,22,0,CAMBIE ST / W CORDOVA ST,Central Business District,492061.6988,5458981.8422
Theft from Vehicle,2017,10,31,23,0,CAMBIE ST / W CORDOVA ST,Central Business District,492061.6988,5458981.8422
Theft from Vehicle,2017,11,2,9,30,CAMBIE ST / W CORDOVA ST,Central Business District,492061.6988,5458981.8422
Theft from Vehicle,2017,11,10,13,0,CAMBIE ST / W CORDOVA ST,Central Business District,492061.6988,5458981.8422
Theft from Vehicle,2017,12,1,10,0,CAMBIE ST / W CORDOVA ST,Central Business District,492061.6988,5458981.8422
Theft from Vehicle,2017,1,21,22,30,CAMBIE ST / W GEORGIA ST,Central Business District,491761.0359,5458513.5215
Theft from Vehicle,2017,2,17,22,0,CAMBIE ST / W GEORGIA ST,Central Business District,491761.0359,5458513.5215
Theft from Vehicle,2017,2,18,21,0,CAMBIE ST / W GEORGIA ST,Central Business District,491761.0359,5458513.5215
Theft from Vehicle,2017,3,11,16,0,CAMBIE ST / W GEORGIA ST,Central Business District,491761.0359,5458513.5215
Theft from Vehicle,2017,4,19,16,44,CAMBIE ST / W GEORGIA ST,Central Business District,491761.0359,5458513.5215
Theft from Vehicle,2017,5,5,18,0,CAMBIE ST / W GEORGIA ST,Central Business District,491761.0359,5458513.5215
Theft from Vehicle,2017,5,11,12,30,CAMBIE ST / W GEORGIA ST,Central Business District,491761.0359,5458513.5215
Theft from Vehicle,2017,7,30,20,0,CAMBIE ST / W GEORGIA ST,Central Business District,491761.0359,5458513.5215
Theft from Vehicle,2017,8,4,8,0,CAMBIE ST / W GEORGIA ST,Central Business District,491761.0359,5458513.5215
Theft from Vehicle,2017,8,5,0,0,CAMBIE ST / W GEORGIA ST,Central Business District,491761.0359,5458513.5215
Theft from Vehicle,2017,8,16,5,9,CAMBIE ST / W GEORGIA ST,Central Business District,491761.0359,5458513.5215
Theft from Vehicle,2017,8,17,18,0,CAMBIE ST / W GEORGIA ST,Central Business District,491761.0359,5458513.5215
Theft from Vehicle,2017,8,18,21,40,CAMBIE ST / W GEORGIA ST,Central Business District,491761.0359,5458513.5215
Theft from Vehicle,2017,8,21,6,9,CAMBIE ST / W GEORGIA ST,Central Business District,491761.0359,5458513.5215
Theft from Vehicle,2017,10,29,23,30,CAMBIE ST / W GEORGIA ST,Central Business District,491761.0359,5458513.5215
Theft from Vehicle,2017,11,12,22,15,CAMBIE ST / W GEORGIA ST,Central Business District,491761.0359,5458513.5215
Theft from Vehicle,2017,12,8,20,0,CAMBIE ST / W GEORGIA ST,Central Business District,491761.0359,5458513.5215
Theft from Vehicle,2017,4,20,3,21,CAMBIE ST / W HASTINGS ST,Central Business District,492028.3046,5458872.7095
Theft from Vehicle,2017,5,4,0,0,CAMBIE ST / W HASTINGS ST,Central Business District,492028.3046,5458872.7095
Theft from Vehicle,2017,7,14,12,0,CAMBIE ST / W HASTINGS ST,Central Business District,492028.3046,5458872.7095
Theft from Vehicle,2017,10,20,19,0,CAMBIE ST / W HASTINGS ST,Central Business District,492028.3046,5458872.7095
Theft from Vehicle,2017,11,7,7,10,CAMBIE ST / W HASTINGS ST,Central Business District,492028.3046,5458872.7095
Theft from Vehicle,2017,12,1,22,15,CAMBIE ST / W HASTINGS ST,Central Business District,492028.3046,5458872.7095
Theft from Vehicle,2017,1,22,14,0,CAMBIE ST / W PENDER ST,Central Business District,491994.9508,5458762.1649
Theft from Vehicle,2017,2,3,14,30,CAMBIE ST / W PENDER ST,Central Business District,491994.9508,5458762.1649
Theft from Vehicle,2017,4,19,16,0,CAMBIE ST / W PENDER ST,Central Business District,491994.9508,5458762.1649
Theft from Vehicle,2017,5,20,22,39,CAMBIE ST / W PENDER ST,Central Business District,491994.9508,5458762.1649
Theft from Vehicle,2017,8,24,15,0,CAMBIE ST / W PENDER ST,Central Business District,491994.9508,5458762.1649
Theft from Vehicle,2017,9,16,8,30,CAMBIE ST / W PENDER ST,Central Business District,491994.9508,5458762.1649
Theft from Vehicle,2017,10,23,17,10,CAMBIE ST / W PENDER ST,Central Business District,491994.9508,5458762.1649
Theft from Vehicle,2017,11,7,18,0,CAMBIE ST / W PENDER ST,Central Business District,491994.9508,5458762.1649
Theft from Vehicle,2017,12,26,18,30,CAMBIE ST / W PENDER ST,Central Business District,491994.9508,5458762.1649
Theft from Vehicle,2017,3,14,8,0,CAMBIE ST / WATER ST,Central Business District,492085.8223,5459067.7429
Theft from Vehicle,2017,3,28,8,17,CAMBIE ST / WATER ST,Central Business District,492085.8223,5459067.7429
Theft from Vehicle,2017,7,27,23,0,CAMBIE ST / WATER ST,Central Business District,492085.8223,5459067.7429
Theft from Vehicle,2017,8,3,20,30,CAMBIE ST / WATER ST,Central Business District,492085.8223,5459067.7429
Theft from Vehicle,2017,9,7,17,30,CAMBIE ST / WATER ST,Central Business District,492085.8223,5459067.7429
Theft from Vehicle,2017,11,2,16,0,CAMBIE ST / WATER ST,Central Business District,492085.8223,5459067.7429
Theft from Vehicle,2017,12,14,21,40,CAMBIE ST / WATER ST,Central Business District,492085.8223,5459067.7429
Theft from Vehicle,2017,12,31,13,0,CAMBRIDGE ST / N GARDEN DR,Grandview-Woodland,495800.6537,5459318.2859
Theft from Vehicle,2017,12,10,23,0,CAMBRIDGE ST / N TEMPLETON DR,Grandview-Woodland,495659.5859,5459320.6747
Theft from Vehicle,2017,1,31,0,0,CAMOSUN ST / W 11TH AVE,West Point Grey,485666.2383,5456682.8133
Theft from Vehicle,2017,5,2,17,30,CAMPBELL AVE / E CORDOVA ST,Strathcona,493835.9168,5458809.8085
Theft from Vehicle,2017,3,16,21,0,CAMPBELL AVE / E GEORGIA ST,Strathcona,493823.4824,5458397.2567
Theft from Vehicle,2017,11,5,21,30,CAMPBELL AVE / E GEORGIA ST,Strathcona,493823.4824,5458397.2567
Theft from Vehicle,2017,11,5,22,0,CAMPBELL AVE / E GEORGIA ST,Strathcona,493823.4824,5458397.2567
Theft from Vehicle,2017,6,25,20,0,CAMPBELL AVE / E HASTINGS ST,Strathcona,493832.6693,5458702.288
Theft from Vehicle,2017,9,3,9,30,CAMPBELL AVE / KEEFER ST,Strathcona,493826.432,5458497.7734
Theft from Vehicle,2017,4,7,22,0,CAMPBELL AVE / PRIOR ST,Strathcona,493817.4957,5458196.4219
Theft from Vehicle,2017,12,27,0,41,CAMPBELL AVE / UNION ST,Strathcona,493820.453,5458297.24
Theft from Vehicle,2017,1,13,21,0,CANADA PL / HOWE ST,Central Business District,491776.4824,5459407.1077
Theft from Vehicle,2017,11,3,16,0,CANADA PL / HOWE ST,Central Business District,491776.4824,5459407.1077
Theft from Vehicle,2017,9,23,19,15,CARDERO ST / HARO ST,West End,490303.6719,5459568.2433
Theft from Vehicle,2017,7,24,19,0,CARDERO ST / NELSON ST,West End,490148.754,5459402.8627
Theft from Vehicle,2017,9,6,12,0,CARDERO ST / NELSON ST,West End,490148.754,5459402.8627
Theft from Vehicle,2017,5,31,13,28,CARDERO ST / ROBSON ST,West End,490380.7894,5459638.0791
Theft from Vehicle,2017,2,15,9,0,CARDERO ST / W GEORGIA ST,West End,490503.4762,5459766.6684
Theft from Vehicle,2017,6,11,20,0,CARNARVON ST / W 14TH AVE,Kitsilano,487469.3618,5456334.5383
Theft from Vehicle,2017,9,25,9,30,CARNARVON ST / W BROADWAY AVE,Kitsilano,487481.9291,5456834.0112
Theft from Vehicle,2017,9,4,23,0,CAROLINA ST / E 11TH AVE,Mount Pleasant,493372.1429,5456434.062
Theft from Vehicle,2017,12,7,10,0,CAROLINA ST / E 8TH AVE,Mount Pleasant,493367.6926,5456745.9145
Theft from Vehicle,2017,8,11,13,0,CAROLINA ST / E BROADWAY AVE,Mount Pleasant,493375.9054,5456640.2258
Theft from Vehicle,2017,5,31,18,0,CAROLINA ST / EVANS AVE,Strathcona,493520.0177,5457709.0366
Theft from Vehicle,2017,5,29,23,0,CARRALL ST / E CORDOVA ST,Central Business District,492416.8338,5458858.141
Theft from Vehicle,2017,8,28,14,30,CARRALL ST / E CORDOVA ST,Central Business District,492416.8338,5458858.141
Theft from Vehicle,2017,9,14,22,0,CARRALL ST / E CORDOVA ST,Central Business District,492416.8338,5458858.141
Theft from Vehicle,2017,11,3,14,55,CARRALL ST / E CORDOVA ST,Central Business District,492416.8338,5458858.141
Theft from Vehicle,2017,11,30,16,50,CARRALL ST / E CORDOVA ST,Central Business District,492416.8338,5458858.141
Theft from Vehicle,2017,1,16,10,15,CARRALL ST / E HASTINGS ST,Central Business District,492412.3483,5458751.9869
Theft from Vehicle,2017,8,15,1,0,CARRALL ST / E HASTINGS ST,Central Business District,492412.3483,5458751.9869
Theft from Vehicle,2017,8,29,9,30,CARRALL ST / E HASTINGS ST,Central Business District,492412.3483,5458751.9869
Theft from Vehicle,2017,12,12,19,45,CARRALL ST / E HASTINGS ST,Central Business District,492412.3483,5458751.9869
Theft from Vehicle,2017,2,15,0,1,CARRALL ST / E PENDER ST,Central Business District,492408.4365,5458642.8001
Theft from Vehicle,2017,9,16,3,45,CARRALL ST / E PENDER ST,Central Business District,492408.4365,5458642.8001
Theft from Vehicle,2017,9,18,21,0,CARRALL ST / E PENDER ST,Central Business District,492408.4365,5458642.8001
Theft from Vehicle,2017,10,11,10,30,CARRALL ST / E PENDER ST,Central Business District,492408.4365,5458642.8001
Theft from Vehicle,2017,11,18,8,30,CARRALL ST / E PENDER ST,Central Business District,492408.4365,5458642.8001
Theft from Vehicle,2017,11,21,17,30,CARRALL ST / E PENDER ST,Central Business District,492408.4365,5458642.8001
Theft from Vehicle,2017,8,21,13,45,CARRALL ST / EXPO BLVD,Central Business District,492278.8098,5458371.1046
Theft from Vehicle,2017,2,14,19,47,CARRALL ST / KEEFER PL,Central Business District,492401.9923,5458502.0813
Theft from Vehicle,2017,8,14,15,45,CARRALL ST / KEEFER PL,Central Business District,492401.9923,5458502.0813
Theft from Vehicle,2017,4,2,22,14,CARRALL ST / KEEFER ST,Central Business District,492401.9923,5458502.0813
Theft from Vehicle,2017,4,8,23,45,CARRALL ST / KEEFER ST,Central Business District,492401.9923,5458502.0813
Theft from Vehicle,2017,6,11,14,30,CARRALL ST / KEEFER ST,Central Business District,492401.9923,5458502.0813
Theft from Vehicle,2017,7,16,2,43,CARRALL ST / KEEFER ST,Central Business District,492401.9923,5458502.0813
Theft from Vehicle,2017,10,27,18,0,CARRALL ST / KEEFER ST,Central Business District,492401.9923,5458502.0813
Theft from Vehicle,2017,11,4,21,30,CARRALL ST / KEEFER ST,Central Business District,492401.9923,5458502.0813
Theft from Vehicle,2017,3,25,16,33,CARRALL ST / PACIFIC BLVD,Central Business District,492257.6014,5458266.5578
Theft from Vehicle,2017,11,3,22,0,CARRALL ST / PACIFIC BLVD,Central Business District,492257.6014,5458266.5578
Theft from Vehicle,2017,11,9,21,45,CARRALL ST / PACIFIC BLVD,Central Business District,492257.6014,5458266.5578
Theft from Vehicle,2017,7,12,18,45,CARRALL ST / SUZHOU ALLY,Central Business District,492406.8016,5458608.921
Theft from Vehicle,2017,2,28,18,0,CARRALL ST / W CORDOVA ST,Central Business District,492416.8338,5458858.141
Theft from Vehicle,2017,3,1,18,30,CARRALL ST / W CORDOVA ST,Central Business District,492416.8338,5458858.141
Theft from Vehicle,2017,3,10,0,55,CARRALL ST / W CORDOVA ST,Central Business District,492416.8338,5458858.141
Theft from Vehicle,2017,3,15,9,45,CARRALL ST / W CORDOVA ST,Central Business District,492416.8338,5458858.141
Theft from Vehicle,2017,3,26,19,20,CARRALL ST / W CORDOVA ST,Central Business District,492416.8338,5458858.141
Theft from Vehicle,2017,3,30,9,30,CARRALL ST / W CORDOVA ST,Central Business District,492416.8338,5458858.141
Theft from Vehicle,2017,5,27,22,0,CARRALL ST / W CORDOVA ST,Central Business District,492416.8338,5458858.141
Theft from Vehicle,2017,8,9,21,30,CARRALL ST / W CORDOVA ST,Central Business District,492416.8338,5458858.141
Theft from Vehicle,2017,8,21,17,0,CARRALL ST / W CORDOVA ST,Central Business District,492416.8338,5458858.141
Theft from Vehicle,2017,9,9,12,59,CARRALL ST / W CORDOVA ST,Central Business District,492416.8338,5458858.141
Theft from Vehicle,2017,11,17,4,0,CARRALL ST / W CORDOVA ST,Central Business District,492416.8338,5458858.141
Theft from Vehicle,2017,12,19,23,30,CARRALL ST / W CORDOVA ST,Central Business District,492416.8338,5458858.141
Theft from Vehicle,2017,1,9,18,0,CARRALL ST / W HASTINGS ST,Central Business District,492412.3453,5458751.9902
Theft from Vehicle,2017,5,13,19,50,CARRALL ST / W HASTINGS ST,Central Business District,492412.3483,5458751.9869
Theft from Vehicle,2017,5,19,22,30,CARRALL ST / W PENDER ST,Central Business District,492408.4365,5458642.8001
Theft from Vehicle,2017,9,9,21,0,CARRALL ST / W PENDER ST,Central Business District,492408.4365,5458642.8001
Theft from Vehicle,2017,11,22,17,0,CARRALL ST / W PENDER ST,Central Business District,492408.4365,5458642.8001
Theft from Vehicle,2017,2,15,11,55,CARRALL ST / WATER ST,Central Business District,492420.2298,5458974.1659
Theft from Vehicle,2017,8,11,22,30,CARTIER ST / LAURIER AVE,Shaughnessy,490056.3367,5455344.651
Theft from Vehicle,2017,9,24,21,0,CARTIER ST / PARK DR,Marpole,489982.3873,5451541.1328
Theft from Vehicle,2017,11,17,10,0,CARTWRIGHT ST / OLD BRIDGE ST,Fairview,490167.7578,5457492.0892
Theft from Vehicle,2017,8,4,16,0,CASSIAR ST / NAPIER ST,Hastings-Sunrise,497764.3216,5458022.6653
Theft from Vehicle,2017,5,30,22,0,CECIL ST / KINGSWAY AVE,Renfrew-Collingwood,497314.4977,5453538.9166
Theft from Vehicle,2017,12,9,22,30,CENTRAL ST / MAIN ST,Mount Pleasant,492699.2545,5457646.8566
Theft from Vehicle,2017,12,29,23,30,CHAMPLAIN CRES / MATHESON CRES,Killarney,498013.2489,5450863.3462
Theft from Vehicle,2017,3,18,3,30,CHARLES ST / CLARK DR,Grandview-Woodland,494375.9357,5457821.9556
Theft from Vehicle,2017,12,16,8,0,CHARLES ST / ODLUM DR,Grandview-Woodland,494476.4468,5457818.5962
Theft from Vehicle,2017,11,10,9,28,CHARLES ST / WOODLAND DR,Grandview-Woodland,494658.2083,5457812.3806
Theft from Vehicle,2017,12,2,8,0,CHESS ST / MALKIN AVE,Strathcona,493739.1711,5457939.684
Theft from Vehicle,2017,5,12,0,0,CHESTER ST / E 33RD AVE,Kensington-Cedar Cottage,493511.1838,5454170.9504
Theft from Vehicle,2017,12,18,0,0,CHESTNUT ST / CREELMAN AVE,Kitsilano,489361.4218,5457973.4696
Theft from Vehicle,2017,4,12,18,0,CHESTNUT ST / WHYTE AVE,Kitsilano,489364.3456,5458071.183
Theft from Vehicle,2017,12,8,17,0,CHILCO ST / COMOX ST,West End,489628.72,5459766.6594
Theft from Vehicle,2017,8,18,20,0,CHILCO ST / HARO ST,West End,489860.623,5460000.9757
Theft from Vehicle,2017,11,17,13,40,CHURCHILL ST / CONNAUGHT DR,Shaughnessy,489758.1253,5453794.4165
Theft from Vehicle,2017,6,29,22,0,CHURCHILL ST / W 49TH AVE,Kerrisdale,489687.6794,5452700.6006
Theft from Vehicle,2017,10,11,20,40,CITADEL PRDE / DUNSMUIR VIA,Central Business District,491999.7153,5458531.8428
Theft from Vehicle,2017,8,6,10,30,CITADEL PRDE / REGIMENT SQ,Central Business District,491938.2528,5458472.9615
Theft from Vehicle,2017,12,9,1,0,CLARENDON ST / ELLIOTT ST,Victoria-Fraserview,496001.4769,5452956.4047
Theft from Vehicle,2017,10,4,16,0,CLARK DR / E 11TH AVE,Mount Pleasant,494354.6745,5456419.9723
Theft from Vehicle,2017,4,29,18,0,CLARK DR / E 13TH AVE,Mount Pleasant,494354.6029,5456221.9894
Theft from Vehicle,2017,2,28,18,0,CLARK DR / E 19TH AVE,Kensington-Cedar Cottage,494328.8147,5455642.4522
Theft from Vehicle,2017,9,13,19,0,CLARK DR / E 1ST AVE,Grandview-Woodland,494371.8735,5457434.9755
Theft from Vehicle,2017,10,19,10,20,CLARK DR / E BROADWAY AVE,Mount Pleasant,494352.2844,5456628.3669
Theft from Vehicle,2017,5,22,12,0,CLARK DR / E HASTINGS ST,Strathcona,494392.5324,5458735.1291
Theft from Vehicle,2017,6,6,0,0,CLARK DR / E PENDER ST,Grandview-Woodland,494387.8994,5458625.4742
Theft from Vehicle,2017,7,5,0,0,CLARK DR / FRANKLIN ST,Strathcona,494386.0353,5458836.8462
Theft from Vehicle,2017,8,18,8,0,CLARK DR / PARKER ST,Grandview-Woodland,494378.2383,5458124.8826
Theft from Vehicle,2017,7,17,5,18,CLARK DR / POWELL ST,Strathcona,494385.3918,5458925.6972
Theft from Vehicle,2017,2,17,0,0,CLARK DR / VENABLES ST,Grandview-Woodland,494379.9919,5458225.4454
Theft from Vehicle,2017,10,11,18,12,CLARK DR / WILLIAM ST,Grandview-Woodland,494377.2099,5457923.1419
Theft from Vehicle,2017,11,6,1,0,COLLINGWOOD ST / W 8TH AVE,Kitsilano,486771.369,5456950.902
Theft from Vehicle,2017,1,8,23,30,COLUMBIA ST / E CORDOVA ST,Central Business District,492565.3684,5458848.6441
Theft from Vehicle,2017,1,23,13,0,COLUMBIA ST / E CORDOVA ST,Central Business District,492565.3684,5458848.6441
Theft from Vehicle,2017,3,20,15,30,COLUMBIA ST / E CORDOVA ST,Central Business District,492565.3684,5458848.6441
Theft from Vehicle,2017,4,10,16,0,COLUMBIA ST / E CORDOVA ST,Central Business District,492565.3684,5458848.6441
Theft from Vehicle,2017,4,12,21,30,COLUMBIA ST / E CORDOVA ST,Central Business District,492565.3684,5458848.6441
Theft from Vehicle,2017,5,14,21,0,COLUMBIA ST / E CORDOVA ST,Central Business District,492565.3684,5458848.6441
Theft from Vehicle,2017,6,30,1,51,COLUMBIA ST / E CORDOVA ST,Central Business District,492565.3684,5458848.6441
Theft from Vehicle,2017,8,9,22,30,COLUMBIA ST / E CORDOVA ST,Central Business District,492565.3684,5458848.6441
Theft from Vehicle,2017,8,17,19,15,COLUMBIA ST / E CORDOVA ST,Central Business District,492565.3684,5458848.6441
Theft from Vehicle,2017,9,8,20,35,COLUMBIA ST / E CORDOVA ST,Central Business District,492565.3684,5458848.6441
Theft from Vehicle,2017,10,4,21,45,COLUMBIA ST / E CORDOVA ST,Central Business District,492565.3684,5458848.6441
Theft from Vehicle,2017,10,11,6,30,COLUMBIA ST / E CORDOVA ST,Central Business District,492565.3684,5458848.6441
Theft from Vehicle,2017,10,16,18,0,COLUMBIA ST / E CORDOVA ST,Central Business District,492565.3684,5458848.6441
Theft from Vehicle,2017,10,24,10,15,COLUMBIA ST / E CORDOVA ST,Central Business District,492565.3684,5458848.6441
Theft from Vehicle,2017,10,24,11,30,COLUMBIA ST / E CORDOVA ST,Central Business District,492565.3684,5458848.6441
Theft from Vehicle,2017,10,27,20,15,COLUMBIA ST / E CORDOVA ST,Central Business District,492565.3684,5458848.6441
Theft from Vehicle,2017,12,8,1,6,COLUMBIA ST / E CORDOVA ST,Central Business District,492565.3684,5458848.6441
Theft from Vehicle,2017,12,26,13,30,COLUMBIA ST / E CORDOVA ST,Central Business District,492565.3684,5458848.6441
Theft from Vehicle,2017,12,29,16,0,COLUMBIA ST / E CORDOVA ST,Central Business District,492565.3684,5458848.6441
Theft from Vehicle,2017,12,30,10,10,COLUMBIA ST / E CORDOVA ST,Central Business District,492565.3684,5458848.6441
Theft from Vehicle,2017,6,8,14,24,COLUMBIA ST / E HASTINGS ST,Central Business District,492562.434,5458743.6228
Theft from Vehicle,2017,9,5,14,30,COLUMBIA ST / E HASTINGS ST,Central Business District,492562.434,5458743.6228
Theft from Vehicle,2017,10,11,14,15,COLUMBIA ST / E HASTINGS ST,Central Business District,492562.434,5458743.6228
Theft from Vehicle,2017,11,11,16,45,COLUMBIA ST / E HASTINGS ST,Central Business District,492562.434,5458743.6228
Theft from Vehicle,2017,12,16,12,30,COLUMBIA ST / E HASTINGS ST,Central Business District,492562.434,5458743.6228
Theft from Vehicle,2017,12,31,21,45,COLUMBIA ST / E HASTINGS ST,Central Business District,492562.434,5458743.6228
Theft from Vehicle,2017,3,25,23,30,COLUMBIA ST / E PENDER ST,Central Business District,492561.8373,5458637.1996
Theft from Vehicle,2017,4,9,23,14,COLUMBIA ST / E PENDER ST,Central Business District,492561.8373,5458637.1996
Theft from Vehicle,2017,4,21,19,50,COLUMBIA ST / E PENDER ST,Central Business District,492561.8373,5458637.1996
Theft from Vehicle,2017,5,18,23,15,COLUMBIA ST / E PENDER ST,Central Business District,492561.8373,5458637.1996
Theft from Vehicle,2017,6,10,21,30,COLUMBIA ST / E PENDER ST,Central Business District,492561.8373,5458637.1996
Theft from Vehicle,2017,6,13,10,45,COLUMBIA ST / E PENDER ST,Central Business District,492561.8373,5458637.1996
Theft from Vehicle,2017,9,28,18,0,COLUMBIA ST / E PENDER ST,Central Business District,492561.8373,5458637.1996
Theft from Vehicle,2017,10,9,11,30,COLUMBIA ST / E PENDER ST,Central Business District,492561.8373,5458637.1996
Theft from Vehicle,2017,10,18,18,30,COLUMBIA ST / E PENDER ST,Central Business District,492561.8373,5458637.1996
Theft from Vehicle,2017,11,10,14,45,COLUMBIA ST / E PENDER ST,Central Business District,492561.8373,5458637.1996
Theft from Vehicle,2017,2,4,13,0,COLUMBIA ST / KEEFER ST,Central Business District,492569.9919,5458508.4776
Theft from Vehicle,2017,3,22,14,0,COLUMBIA ST / KEEFER ST,Central Business District,492569.9919,5458508.4776
Theft from Vehicle,2017,5,13,22,15,COLUMBIA ST / KEEFER ST,Central Business District,492569.9919,5458508.4776
Theft from Vehicle,2017,5,23,13,21,COLUMBIA ST / KEEFER ST,Central Business District,492569.9919,5458508.4776
Theft from Vehicle,2017,6,3,11,30,COLUMBIA ST / KEEFER ST,Central Business District,492569.9919,5458508.4776
Theft from Vehicle,2017,6,7,11,0,COLUMBIA ST / KEEFER ST,Central Business District,492569.9919,5458508.4776
Theft from Vehicle,2017,6,7,21,9,COLUMBIA ST / KEEFER ST,Central Business District,492569.9919,5458508.4776
Theft from Vehicle,2017,6,11,16,44,COLUMBIA ST / KEEFER ST,Central Business District,492569.9919,5458508.4776
Theft from Vehicle,2017,6,18,12,30,COLUMBIA ST / KEEFER ST,Central Business District,492569.9919,5458508.4776
Theft from Vehicle,2017,7,14,14,0,COLUMBIA ST / KEEFER ST,Central Business District,492569.9919,5458508.4776
Theft from Vehicle,2017,8,8,19,23,COLUMBIA ST / KEEFER ST,Central Business District,492569.9919,5458508.4776
Theft from Vehicle,2017,8,17,8,50,COLUMBIA ST / KEEFER ST,Central Business District,492569.9919,5458508.4776
Theft from Vehicle,2017,8,18,14,30,COLUMBIA ST / KEEFER ST,Central Business District,492569.9919,5458508.4776
Theft from Vehicle,2017,9,3,10,0,COLUMBIA ST / KEEFER ST,Central Business District,492569.9919,5458508.4776
Theft from Vehicle,2017,9,5,9,15,COLUMBIA ST / KEEFER ST,Central Business District,492569.9919,5458508.4776
Theft from Vehicle,2017,9,5,9,35,COLUMBIA ST / KEEFER ST,Central Business District,492569.9919,5458508.4776
Theft from Vehicle,2017,10,17,12,30,COLUMBIA ST / KEEFER ST,Central Business District,492569.9919,5458508.4776
Theft from Vehicle,2017,10,22,13,0,COLUMBIA ST / KEEFER ST,Central Business District,492569.9919,5458508.4776
Theft from Vehicle,2017,11,7,19,0,COLUMBIA ST / KEEFER ST,Central Business District,492569.9919,5458508.4776
Theft from Vehicle,2017,11,15,13,41,COLUMBIA ST / KEEFER ST,Central Business District,492569.9919,5458508.4776
Theft from Vehicle,2017,11,30,20,0,COLUMBIA ST / KEEFER ST,Central Business District,492569.9919,5458508.4776
Theft from Vehicle,2017,12,7,6,0,COLUMBIA ST / KEEFER ST,Central Business District,492569.9919,5458508.4776
Theft from Vehicle,2017,12,8,14,0,COLUMBIA ST / KEEFER ST,Central Business District,492569.9919,5458508.4776
Theft from Vehicle,2017,12,15,21,5,COLUMBIA ST / KEEFER ST,Central Business District,492569.9919,5458508.4776
Theft from Vehicle,2017,12,17,12,0,COLUMBIA ST / KEEFER ST,Central Business District,492569.9919,5458508.4776
Theft from Vehicle,2017,12,26,8,30,COLUMBIA ST / KEEFER ST,Central Business District,492569.9919,5458508.4776
Theft from Vehicle,2017,11,12,23,30,COLUMBIA ST / PEVERIL AVE,Riley Park,491990.8813,5454997.0008
Theft from Vehicle,2017,1,2,15,0,COLUMBIA ST / POWELL ST,Central Business District,492568.4777,5458948.1491
Theft from Vehicle,2017,1,4,22,7,COLUMBIA ST / POWELL ST,Central Business District,492568.4777,5458948.1491
Theft from Vehicle,2017,1,5,17,0,COLUMBIA ST / POWELL ST,Central Business District,492568.4777,5458948.1491
Theft from Vehicle,2017,1,22,20,8,COLUMBIA ST / POWELL ST,Central Business District,492568.4777,5458948.1491
Theft from Vehicle,2017,3,12,12,30,COLUMBIA ST / POWELL ST,Central Business District,492568.4777,5458948.1491
Theft from Vehicle,2017,6,7,19,30,COLUMBIA ST / POWELL ST,Central Business District,492568.4777,5458948.1491
Theft from Vehicle,2017,7,14,19,57,COLUMBIA ST / POWELL ST,Central Business District,492568.4777,5458948.1491
Theft from Vehicle,2017,7,21,22,0,COLUMBIA ST / POWELL ST,Central Business District,492568.4777,5458948.1491
Theft from Vehicle,2017,8,17,18,35,COLUMBIA ST / POWELL ST,Central Business District,492568.4777,5458948.1491
Theft from Vehicle,2017,10,16,18,30,COLUMBIA ST / POWELL ST,Central Business District,492568.4777,5458948.1491
Theft from Vehicle,2017,10,18,12,30,COLUMBIA ST / POWELL ST,Central Business District,492568.4777,5458948.1491
Theft from Vehicle,2017,11,12,23,30,COLUMBIA ST / POWELL ST,Central Business District,492568.4777,5458948.1491
Theft from Vehicle,2017,12,2,20,30,COLUMBIA ST / POWELL ST,Central Business District,492568.4777,5458948.1491
Theft from Vehicle,2017,12,3,21,30,COLUMBIA ST / POWELL ST,Central Business District,492568.4777,5458948.1491
Theft from Vehicle,2017,12,18,21,45,COLUMBIA ST / POWELL ST,Central Business District,492568.4777,5458948.1491
Theft from Vehicle,2017,12,31,19,30,COLUMBIA ST / POWELL ST,Central Business District,492568.4777,5458948.1491
Theft from Vehicle,2017,11,9,18,0,COLUMBIA ST / W 12TH AVE,Mount Pleasant,492028.4561,5456402.7295
Theft from Vehicle,2017,10,5,8,15,COLUMBIA ST / W 20TH AVE,Riley Park,492003.7812,5455569.9768
Theft from Vehicle,2017,10,1,19,30,COLUMBIA ST / W 2ND AVE,Mount Pleasant,492039.4162,5457391.3614
Theft from Vehicle,2017,4,28,16,0,COLUMBIA ST / W 5TH AVE,Mount Pleasant,492037.2601,5457096.432
Theft from Vehicle,2017,3,26,14,0,COLUMBIA ST / W 6TH AVE,Mount Pleasant,492036.3823,5456992.8226
Theft from Vehicle,2017,10,15,14,0,COLUMBIA ST / W BROADWAY AVE,Mount Pleasant,492034.3171,5456712.02
Theft from Vehicle,2017,10,23,10,30,COMMERCIAL DR / E 10TH AVE,Kensington-Cedar Cottage,494920.3383,5456517.151
Theft from Vehicle,2017,12,27,19,0,COMMERCIAL DR / E 18TH AVE,Kensington-Cedar Cottage,495051.8704,5455722.2412
Theft from Vehicle,2017,6,24,20,30,COMMERCIAL DR / E 1ST AVE,Grandview-Woodland,494931.3198,5457427.4717
Theft from Vehicle,2017,12,18,20,45,COMMERCIAL DR / E 3RD AVE,Grandview-Woodland,494930.8883,5457228.0102
Theft from Vehicle,2017,9,17,18,0,COMMERCIAL DR / E 4TH AVE,Grandview-Woodland,494929.274,5457125.9352
Theft from Vehicle,2017,2,22,19,30,COMMERCIAL DR / E 5TH AVE,Grandview-Woodland,494927.46,5457005.0389
Theft from Vehicle,2017,8,10,17,30,COMMERCIAL DR / E 6TH AVE,Grandview-Woodland,494926.136,5456926.3865
Theft from Vehicle,2017,5,29,8,0,COMMERCIAL DR / E 8TH AVE,Grandview-Woodland,494922.7218,5456687.0956
Theft from Vehicle,2017,3,29,0,0,COMMERCIAL DR / E BROADWAY AVE,Kensington-Cedar Cottage,494921.9034,5456620.4275
Theft from Vehicle,2017,4,9,12,30,COMMERCIAL DR / E BROADWAY AVE,Kensington-Cedar Cottage,494921.9034,5456620.4275
Theft from Vehicle,2017,6,11,14,0,COMMERCIAL DR / E BROADWAY AVE,Kensington-Cedar Cottage,494921.9034,5456620.4275
Theft from Vehicle,2017,9,20,19,0,COMMERCIAL DR / E GEORGIA ST,Grandview-Woodland,494874.3637,5458416.4761
Theft from Vehicle,2017,8,9,16,30,COMMERCIAL DR / E HASTINGS ST,Grandview-Woodland,494879.865,5458723.9699
Theft from Vehicle,2017,8,14,10,44,COMMERCIAL DR / E HASTINGS ST,Grandview-Woodland,494879.865,5458723.9699
Theft from Vehicle,2017,10,10,16,18,COMMERCIAL DR / E HASTINGS ST,Grandview-Woodland,494879.865,5458723.9699
Theft from Vehicle,2017,11,27,10,30,COMMERCIAL DR / E HASTINGS ST,Grandview-Woodland,494879.865,5458723.9699
Theft from Vehicle,2017,3,17,12,43,COMMERCIAL DR / E PENDER ST,Grandview-Woodland,494877.6341,5458616.8138
Theft from Vehicle,2017,10,8,8,0,COMMERCIAL DR / E PENDER ST,Grandview-Woodland,494877.6341,5458616.8138
Theft from Vehicle,2017,11,18,23,0,COMMERCIAL DR / E PENDER ST,Grandview-Woodland,494877.6341,5458616.8138
Theft from Vehicle,2017,12,5,8,30,COMMERCIAL DR / E PENDER ST,Grandview-Woodland,494877.6341,5458616.8138
Theft from Vehicle,2017,7,10,20,0,COMMERCIAL DR / FRANCES ST,Grandview-Woodland,494875.8828,5458516.2504
Theft from Vehicle,2017,1,16,12,0,COMMERCIAL DR / GRANT ST,Grandview-Woodland,494935.1179,5457625.9967
Theft from Vehicle,2017,10,10,5,30,COMMERCIAL DR / GRANT ST,Grandview-Woodland,494935.1183,5457625.9968
Theft from Vehicle,2017,6,2,22,11,COMMERCIAL DR / KITCHENER ST,Grandview-Woodland,494936.5132,5457711.1516
Theft from Vehicle,2017,9,29,20,30,COMMERCIAL DR / KITCHENER ST,Grandview-Woodland,494936.5132,5457711.1516
Theft from Vehicle,2017,11,27,21,30,COMMERCIAL DR / KITCHENER ST,Grandview-Woodland,494936.5132,5457711.1516
Theft from Vehicle,2017,10,3,22,0,COMMERCIAL DR / MCSPADDEN AVE,Grandview-Woodland,494928.4219,5457077.2985
Theft from Vehicle,2017,3,19,21,0,COMMERCIAL DR / NAPIER ST,Grandview-Woodland,494941.324,5458014.177
Theft from Vehicle,2017,9,15,9,15,COMMERCIAL DR / NAPIER ST,Grandview-Woodland,494941.324,5458014.177
Theft from Vehicle,2017,8,12,3,0,COMMERCIAL DR / PANDORA ST,Grandview-Woodland,494883.7862,5458927.9974
Theft from Vehicle,2017,9,25,11,0,COMMERCIAL DR / VICTORIA DVRS,Kensington-Cedar Cottage,495051.8704,5455722.2412
Theft from Vehicle,2017,10,18,12,30,COMMERCIAL DR / WILLIAM ST,Grandview-Woodland,494940.241,5457912.7784
Theft from Vehicle,2017,12,21,12,30,COMMERCIAL ST / E 47TH AVE,Victoria-Fraserview,495023.131,5452764.6788
Theft from Vehicle,2017,4,11,23,0,COMMISSIONER ST / N VICTORIA DR,Grandview-Woodland,495235.3193,5459194.5734
Theft from Vehicle,2017,10,9,12,43,COMMODORE RD / MOBERLY RD,Fairview,491421.1797,5457140.4682
Theft from Vehicle,2017,3,10,12,0,COMOX ST / DENMAN ST,West End,489841.3547,5459556.3822
Theft from Vehicle,2017,3,31,9,0,COMOX ST / DENMAN ST,West End,489841.3547,5459556.3822
Theft from Vehicle,2017,9,18,20,0,COMOX ST / JERVIS ST,West End,490335.3934,5459055.8387
Theft from Vehicle,2017,2,18,13,18,COMOX ST / NICOLA ST,West End,490154.9825,5459242.676
Theft from Vehicle,2017,9,30,0,0,COMOX ST / NICOLA ST,West End,490154.9825,5459242.676
Theft from Vehicle,2017,6,17,18,0,COMOX ST / THURLOW ST,West End,490610.897,5458790.2684
Theft from Vehicle,2017,12,6,20,0,COMOX ST / THURLOW ST,West End,490610.897,5458790.2684
Theft from Vehicle,2017,2,24,22,0,CONTINENTAL ST / DRAKE ST,Central Business District,490661.7942,5458201.0881
Theft from Vehicle,2017,5,6,23,0,CONTINENTAL ST / GRANVILLE BRDG,Central Business District,490486.7856,5457945.8382
Theft from Vehicle,2017,6,16,16,30,CONTINENTAL ST / NEON ST,Central Business District,490633.7493,5458160.9872
Theft from Vehicle,2017,1,22,22,0,CORNWALL AVE / LARCH ST,Kitsilano,488208.1771,5457783.2626
Theft from Vehicle,2017,6,25,2,0,CORNWALL AVE / VINE ST,Kitsilano,488553.1634,5457774.5627
Theft from Vehicle,2017,7,9,14,0,CORNWALL AVE / VINE ST,Kitsilano,488553.1634,5457774.5627
Theft from Vehicle,2017,9,16,7,0,CORNWALL AVE / VINE ST,Kitsilano,488553.1634,5457774.5627
Theft from Vehicle,2017,3,10,14,0,COTTON DR / E 3RD AVE,Grandview-Woodland,494790.7308,5457229.9534
Theft from Vehicle,2017,3,22,14,0,COTTON DR / KITCHENER ST,Grandview-Woodland,494796.9199,5457712.2717
Theft from Vehicle,2017,5,14,10,0,COTTRELL ST / TERMINAL AVE,Strathcona,493898.5939,5457459.0591
Theft from Vehicle,2017,8,20,3,26,CREELMAN AVE / LABURNUM ST,Kitsilano,488991.5149,5457983.8249
Theft from Vehicle,2017,9,12,23,30,CREELMAN AVE / MAPLE ST,Kitsilano,489079.6715,5457981.3921
Theft from Vehicle,2017,5,18,19,0,CROWLEY DR / MELBOURNE ST,Renfrew-Collingwood,497897.796,5453675.3793
Theft from Vehicle,2017,3,3,18,0,CROWN ST / W 13TH AVE,West Point Grey,485881.9756,5456474.8995
Theft from Vehicle,2017,5,15,0,0,CYPRESS ST / W 13TH AVE,Kitsilano,489210.4555,5456366.5789
Theft from Vehicle,2017,4,15,17,30,CYPRESS ST / W 1ST AVE,Kitsilano,489242.7157,5457559.8997
Theft from Vehicle,2017,12,10,12,0,CYPRESS ST / W 49TH AVE,Kerrisdale,489115.7289,5452711.8063
Theft from Vehicle,2017,8,27,22,0,CYPRESS ST / W 7TH AVE,Kitsilano,489227.0929,5456977.7305
Theft from Vehicle,2017,2,16,23,0,CYPRESS ST / WHYTE AVE,Kitsilano,489256.5234,5458074.2385
Theft from Vehicle,2017,6,6,4,43,DAVIE ST / GRANVILLE ST,Central Business District,490821.3138,5458274.1462
Theft from Vehicle,2017,6,7,23,30,DAVIE ST / GRANVILLE ST,Central Business District,490821.3138,5458274.1462
Theft from Vehicle,2017,8,6,12,30,DAVIE ST / GRANVILLE ST,Central Business District,490821.3138,5458274.1462
Theft from Vehicle,2017,9,10,4,0,DAVIE ST / GRANVILLE ST,Central Business District,490821.3138,5458274.1462
Theft from Vehicle,2017,2,7,11,0,DAVIE ST / HORNBY ST,Central Business District,490680.2603,5458413.5032
Theft from Vehicle,2017,3,30,19,30,DAVIE ST / HORNBY ST,Central Business District,490680.2603,5458413.5032
Theft from Vehicle,2017,8,14,1,30,DAVIE ST / HORNBY ST,Central Business District,490680.2603,5458413.5032
Theft from Vehicle,2017,12,11,11,45,DAVIE ST / HORNBY ST,Central Business District,490680.2603,5458413.5032
Theft from Vehicle,2017,12,23,18,38,DAVIE ST / HORNBY ST,Central Business District,490680.2603,5458413.5032
Theft from Vehicle,2017,1,5,19,0,DAVIE ST / HOWE ST,Central Business District,490748.5904,5458346.3184
Theft from Vehicle,2017,6,15,6,50,DAVIE ST / HOWE ST,Central Business District,490748.5908,5458346.3187
Theft from Vehicle,2017,8,22,22,0,DAVIE ST / HOWE ST,Central Business District,490748.5908,5458346.3187
Theft from Vehicle,2017,10,20,22,0,DAVIE ST / HOWE ST,Central Business District,490748.5908,5458346.3187
Theft from Vehicle,2017,12,3,0,1,DAVIE ST / HOWE ST,Central Business District,490748.5908,5458346.3187
Theft from Vehicle,2017,12,21,17,30,DAVIE ST / HOWE ST,Central Business District,490748.5908,5458346.3187
Theft from Vehicle,2017,1,15,16,0,DAVIE ST / JERVIS ST,West End,490187.8748,5458904.012
Theft from Vehicle,2017,10,18,18,0,DAVIE ST / JERVIS ST,West End,490187.8748,5458904.012
Theft from Vehicle,2017,11,14,20,0,DAVIE ST / JERVIS ST,West End,490187.8748,5458904.012
Theft from Vehicle,2017,7,31,0,23,DAVIE ST / MAINLAND ST,Central Business District,491115.8213,5457981.2723
Theft from Vehicle,2017,8,12,0,0,DAVIE ST / MAINLAND ST,Central Business District,491115.8213,5457981.2723
Theft from Vehicle,2017,10,18,19,30,DAVIE ST / MAINLAND ST,Central Business District,491115.8213,5457981.2723
Theft from Vehicle,2017,10,24,7,0,DAVIE ST / MAINLAND ST,Central Business District,491115.8213,5457981.2723
Theft from Vehicle,2017,4,21,14,45,DAVIE ST / PACIFIC BLVD,Central Business District,491162.9518,5457932.7151
Theft from Vehicle,2017,1,7,0,1,DAVIE ST / RICHARDS ST,Central Business District,490961.8127,5458133.4053
Theft from Vehicle,2017,1,20,23,30,DAVIE ST / RICHARDS ST,Central Business District,490961.8127,5458133.4053
Theft from Vehicle,2017,6,24,22,0,DAVIE ST / SEYMOUR ST,Central Business District,490894.1112,5458201.4648
Theft from Vehicle,2017,11,13,2,0,DAVIE ST / SEYMOUR ST,Central Business District,490894.1112,5458201.4648
Theft from Vehicle,2017,2,10,18,0,DAVIE ST / THURLOW ST,West End,490456.6509,5458633.7717
Theft from Vehicle,2017,5,31,15,30,DAVIE ST / THURLOW ST,West End,490456.6509,5458633.7717
Theft from Vehicle,2017,4,4,0,0,DENMAN ST / NELSON ST,West End,489920.1369,5459634.858
Theft from Vehicle,2017,8,9,20,0,DENMAN ST / PENDRELL ST,West End,489762.9313,5459476.8847
Theft from Vehicle,2017,5,18,23,30,DENMAN ST / ROBSON ST,West End,490148.8817,5459867.8025
Theft from Vehicle,2017,2,15,2,0,DENMAN ST / W GEORGIA ST,West End,490276.8957,5459994.7653
Theft from Vehicle,2017,11,18,13,15,DISCOVERY ST / NW MARINE DR,West Point Grey,485255.9302,5457679.2461
Theft from Vehicle,2017,7,9,18,30,DISCOVERY ST / NW MARINE DR,West Point Grey,485255.9302,5457679.2465
Theft from Vehicle,2017,2,8,19,15,DISCOVERY ST / W 14TH AVE,West Point Grey,485218.7469,5456391.5961
Theft from Vehicle,2017,4,6,21,0,DISCOVERY ST / W 16TH AVE,Dunbar-Southlands,485212.483,5456171.7508
Theft from Vehicle,2017,8,20,2,46,DRAKE ST / GRANVILLE ST,Central Business District,490706.9061,5458156.8197
Theft from Vehicle,2017,11,15,23,0,DRAKE ST / GRANVILLE ST,Central Business District,490706.9061,5458156.8197
Theft from Vehicle,2017,12,14,17,0,DRAKE ST / GRANVILLE ST,Central Business District,490706.9061,5458156.8197
Theft from Vehicle,2017,11,4,23,30,DRAKE ST / HAMILTON ST,Central Business District,490960.2851,5457903.1398
Theft from Vehicle,2017,8,22,20,0,DRAKE ST / HOMER ST,Central Business District,490918.1145,5457946.0872
Theft from Vehicle,2017,9,1,18,0,DRAKE ST / HORNBY ST,Central Business District,490564.5802,5458296.9376
Theft from Vehicle,2017,10,2,21,30,DRAKE ST / HORNBY ST,Central Business District,490564.5802,5458296.9376
Theft from Vehicle,2017,3,3,22,20,DRAKE ST / HOWE ST,Central Business District,490632.533,5458230.0635
Theft from Vehicle,2017,5,4,7,0,DRAKE ST / HOWE ST,Central Business District,490632.533,5458230.0635
Theft from Vehicle,2017,7,6,16,0,DRAKE ST / HOWE ST,Central Business District,490632.533,5458230.0635
Theft from Vehicle,2017,8,10,6,0,DRAKE ST / HOWE ST,Central Business District,490632.533,5458230.0635
Theft from Vehicle,2017,8,12,18,0,DRAKE ST / HOWE ST,Central Business District,490632.533,5458230.0635
Theft from Vehicle,2017,8,11,1,0,DRAKE ST / MARINASIDE CRES,Central Business District,491169.083,5457699.1224
Theft from Vehicle,2017,1,9,17,0,DRAKE ST / PACIFIC BLVD,Central Business District,490999.2209,5457866.4448
Theft from Vehicle,2017,3,12,18,0,DRAKE ST / RICHARDS ST,Central Business District,490847.2718,5458015.3865
Theft from Vehicle,2017,1,6,21,45,DRAKE ST / SEYMOUR ST,Central Business District,490778.7445,5458084.983
Theft from Vehicle,2017,4,11,23,0,DUMFRIES ST / E 37TH AVE,Kensington-Cedar Cottage,494601.8832,5453782.9014
Theft from Vehicle,2017,3,27,12,34,DUMFRIES ST / E KING EDWARD AVE,Kensington-Cedar Cottage,494660.5293,5455083.3026
Theft from Vehicle,2017,2,9,15,45,DUNBAR ST / W 18TH AVE,Dunbar-Southlands,486528.8925,5455984.1815
Theft from Vehicle,2017,3,7,8,0,DUNBAR ST / W 27TH AVE,Dunbar-Southlands,486519.1026,5455050.1494
Theft from Vehicle,2017,4,21,9,30,DUNBAR ST / W 29TH AVE,Dunbar-Southlands,486516.8581,5454838.041
Theft from Vehicle,2017,11,23,2,26,DUNBAR ST / W 29TH AVE,Dunbar-Southlands,486516.8581,5454838.041
Theft from Vehicle,2017,11,28,7,30,DUNBAR ST / W 35TH AVE,Dunbar-Southlands,486515.9408,5454204.6721
Theft from Vehicle,2017,9,12,10,0,DUNBAR ST / W 5TH AVE,Kitsilano,486637.8384,5457233.3441
Theft from Vehicle,2017,9,22,6,15,DUNLEVY AVE / E CORDOVA ST,Strathcona,493064.1833,5458832.406
Theft from Vehicle,2017,10,30,1,5,DUNLEVY AVE / E HASTINGS ST,Strathcona,493061.1073,5458728.8989
Theft from Vehicle,2017,12,3,0,1,DUNLEVY AVE / E HASTINGS ST,Strathcona,493061.1073,5458728.8989
Theft from Vehicle,2017,12,11,7,30,DUNLEVY AVE / E HASTINGS ST,Strathcona,493061.1073,5458728.8989
Theft from Vehicle,2017,3,14,22,0,DUNLEVY AVE / E PENDER ST,Strathcona,493058.4252,5458620.3549
Theft from Vehicle,2017,3,28,16,45,DUNLEVY AVE / E PENDER ST,Strathcona,493058.4252,5458620.3549
Theft from Vehicle,2017,11,6,16,30,DUNLEVY AVE / E PENDER ST,Strathcona,493058.4252,5458620.3549
Theft from Vehicle,2017,2,10,12,0,DUNLEVY AVE / POWELL ST,Strathcona,493066.9358,5458933.0347
Theft from Vehicle,2017,4,25,21,45,DUNLEVY AVE / RAILWAY ST,Strathcona,493072.9728,5459128.0475
Theft from Vehicle,2017,10,8,13,0,DUNLEVY AVE / RAILWAY ST,Strathcona,493072.9728,5459128.0475
Theft from Vehicle,2017,10,30,23,45,DUNLEVY AVE / RAILWAY ST,Strathcona,493072.9728,5459128.0475
Theft from Vehicle,2017,7,9,3,45,DUNSMUIR ST / GRANVILLE ST,Central Business District,491535.5949,5458993.2258
Theft from Vehicle,2017,1,13,19,30,DUNSMUIR ST / HAMILTON ST,Central Business District,491817.3263,5458710.3092
Theft from Vehicle,2017,3,4,9,15,DUNSMUIR ST / HAMILTON ST,Central Business District,491817.3263,5458710.3092
Theft from Vehicle,2017,8,17,18,20,DUNSMUIR ST / HAMILTON ST,Central Business District,491817.3263,5458710.3092
Theft from Vehicle,2017,9,7,18,20,DUNSMUIR ST / HAMILTON ST,Central Business District,491817.3263,5458710.3092
Theft from Vehicle,2017,12,3,18,50,DUNSMUIR ST / HAMILTON ST,Central Business District,491817.3263,5458710.3092
Theft from Vehicle,2017,12,11,20,45,DUNSMUIR ST / HAMILTON ST,Central Business District,491817.3263,5458710.3092
Theft from Vehicle,2017,1,13,11,15,DUNSMUIR ST / HOMER ST,Central Business District,491747.0364,5458780.8861
Theft from Vehicle,2017,3,31,21,30,DUNSMUIR ST / HOMER ST,Central Business District,491747.0364,5458780.8861
Theft from Vehicle,2017,7,2,17,0,DUNSMUIR ST / HOMER ST,Central Business District,491747.0364,5458780.8861
Theft from Vehicle,2017,8,25,21,0,DUNSMUIR ST / HOMER ST,Central Business District,491747.0364,5458780.8861
Theft from Vehicle,2017,9,5,13,0,DUNSMUIR ST / HOMER ST,Central Business District,491747.0364,5458780.8861
Theft from Vehicle,2017,9,9,19,30,DUNSMUIR ST / HOMER ST,Central Business District,491747.0364,5458780.8861
Theft from Vehicle,2017,9,21,19,0,DUNSMUIR ST / HOMER ST,Central Business District,491747.0364,5458780.8861
Theft from Vehicle,2017,10,4,18,0,DUNSMUIR ST / HOMER ST,Central Business District,491747.0364,5458780.8861
Theft from Vehicle,2017,11,1,19,0,DUNSMUIR ST / HOMER ST,Central Business District,491747.0364,5458780.8861
Theft from Vehicle,2017,12,31,23,35,DUNSMUIR ST / HOMER ST,Central Business District,491747.0364,5458780.8861
Theft from Vehicle,2017,1,11,8,0,DUNSMUIR ST / HORNBY ST,Central Business District,491393.3974,5459134.0403
Theft from Vehicle,2017,5,8,22,0,DUNSMUIR ST / HORNBY ST,Central Business District,491393.3974,5459134.0403
Theft from Vehicle,2017,7,11,11,0,DUNSMUIR ST / HORNBY ST,Central Business District,491393.3974,5459134.0403
Theft from Vehicle,2017,8,27,14,0,DUNSMUIR ST / HORNBY ST,Central Business District,491393.3974,5459134.0403
Theft from Vehicle,2017,11,14,15,0,DUNSMUIR ST / HORNBY ST,Central Business District,491393.3974,5459134.0403
Theft from Vehicle,2017,12,26,10,0,DUNSMUIR ST / HORNBY ST,Central Business District,491393.3974,5459134.0403
Theft from Vehicle,2017,3,18,20,0,DUNSMUIR ST / HOWE ST,Central Business District,491464.146,5459064.7485
Theft from Vehicle,2017,5,3,17,0,DUNSMUIR ST / HOWE ST,Central Business District,491464.146,5459064.7485
Theft from Vehicle,2017,6,18,14,30,DUNSMUIR ST / HOWE ST,Central Business District,491464.146,5459064.7485
Theft from Vehicle,2017,6,19,22,0,DUNSMUIR ST / HOWE ST,Central Business District,491464.146,5459064.7485
Theft from Vehicle,2017,8,17,22,15,DUNSMUIR ST / HOWE ST,Central Business District,491464.146,5459064.7485
Theft from Vehicle,2017,1,17,1,0,DUNSMUIR ST / RICHARDS ST,Central Business District,491675.884,5458852.2984
Theft from Vehicle,2017,1,24,19,30,DUNSMUIR ST / RICHARDS ST,Central Business District,491675.884,5458852.2984
Theft from Vehicle,2017,1,29,18,0,DUNSMUIR ST / RICHARDS ST,Central Business District,491675.884,5458852.2984
Theft from Vehicle,2017,1,30,0,38,DUNSMUIR ST / RICHARDS ST,Central Business District,491675.884,5458852.2984
Theft from Vehicle,2017,3,25,19,50,DUNSMUIR ST / RICHARDS ST,Central Business District,491675.884,5458852.2984
Theft from Vehicle,2017,4,4,9,26,DUNSMUIR ST / RICHARDS ST,Central Business District,491675.884,5458852.2984
Theft from Vehicle,2017,4,5,18,40,DUNSMUIR ST / RICHARDS ST,Central Business District,491675.884,5458852.2984
Theft from Vehicle,2017,4,8,10,0,DUNSMUIR ST / RICHARDS ST,Central Business District,491675.884,5458852.2984
Theft from Vehicle,2017,4,22,11,30,DUNSMUIR ST / RICHARDS ST,Central Business District,491675.884,5458852.2984
Theft from Vehicle,2017,5,9,18,25,DUNSMUIR ST / RICHARDS ST,Central Business District,491675.884,5458852.2984
Theft from Vehicle,2017,5,13,21,0,DUNSMUIR ST / RICHARDS ST,Central Business District,491675.884,5458852.2984
Theft from Vehicle,2017,6,10,14,47,DUNSMUIR ST / RICHARDS ST,Central Business District,491675.884,5458852.2984
Theft from Vehicle,2017,6,14,17,0,DUNSMUIR ST / RICHARDS ST,Central Business District,491675.884,5458852.2984
Theft from Vehicle,2017,7,2,0,0,DUNSMUIR ST / RICHARDS ST,Central Business District,491675.884,5458852.2984
Theft from Vehicle,2017,7,8,19,56,DUNSMUIR ST / RICHARDS ST,Central Business District,491675.884,5458852.2984
Theft from Vehicle,2017,7,21,17,30,DUNSMUIR ST / RICHARDS ST,Central Business District,491675.884,5458852.2984
Theft from Vehicle,2017,7,22,15,0,DUNSMUIR ST / RICHARDS ST,Central Business District,491675.884,5458852.2984
Theft from Vehicle,2017,8,4,12,20,DUNSMUIR ST / RICHARDS ST,Central Business District,491675.884,5458852.2984
Theft from Vehicle,2017,8,12,21,30,DUNSMUIR ST / RICHARDS ST,Central Business District,491675.884,5458852.2984
Theft from Vehicle,2017,8,13,20,30,DUNSMUIR ST / RICHARDS ST,Central Business District,491675.884,5458852.2984
Theft from Vehicle,2017,8,23,0,0,DUNSMUIR ST / RICHARDS ST,Central Business District,491675.884,5458852.2984
Theft from Vehicle,2017,9,7,17,20,DUNSMUIR ST / RICHARDS ST,Central Business District,491675.884,5458852.2984
Theft from Vehicle,2017,9,18,17,0,DUNSMUIR ST / RICHARDS ST,Central Business District,491675.884,5458852.2984
Theft from Vehicle,2017,10,12,7,30,DUNSMUIR ST / RICHARDS ST,Central Business District,491675.884,5458852.2984
Theft from Vehicle,2017,10,17,18,0,DUNSMUIR ST / RICHARDS ST,Central Business District,491675.884,5458852.2984
Theft from Vehicle,2017,10,29,20,0,DUNSMUIR ST / RICHARDS ST,Central Business District,491675.884,5458852.2984
Theft from Vehicle,2017,11,5,21,0,DUNSMUIR ST / RICHARDS ST,Central Business District,491675.884,5458852.2984
Theft from Vehicle,2017,11,29,9,30,DUNSMUIR ST / RICHARDS ST,Central Business District,491675.884,5458852.2984
Theft from Vehicle,2017,12,25,20,0,DUNSMUIR ST / RICHARDS ST,Central Business District,491675.884,5458852.2984
Theft from Vehicle,2017,7,16,21,32,DUNSMUIR ST / SEYMOUR ST,Central Business District,491607.5141,5458920.9821
Theft from Vehicle,2017,8,2,16,30,DUNSMUIR ST / SEYMOUR ST,Central Business District,491607.5141,5458920.9821
Theft from Vehicle,2017,9,2,16,30,DUNSMUIR ST / SEYMOUR ST,Central Business District,491607.5141,5458920.9821
Theft from Vehicle,2017,9,3,21,30,DUNSMUIR ST / SEYMOUR ST,Central Business District,491607.5141,5458920.9821
Theft from Vehicle,2017,9,9,18,0,DUNSMUIR ST / SEYMOUR ST,Central Business District,491607.5141,5458920.9821
Theft from Vehicle,2017,11,23,18,0,DUNSMUIR ST / SEYMOUR ST,Central Business District,491607.5141,5458920.9821
Theft from Vehicle,2017,12,8,16,0,DUNSMUIR ST / SEYMOUR ST,Central Business District,491607.5141,5458920.9821
Theft from Vehicle,2017,9,15,12,0,DUNSMUIR VIA / GORE AVE,Strathcona,492952.8033,5458230.7822
Theft from Vehicle,2017,8,5,19,30,E 10TH AVE / FRASER ST,Mount Pleasant,493513.3831,5456531.9093
Theft from Vehicle,2017,11,3,19,0,E 10TH AVE / FRASER ST,Mount Pleasant,493513.3831,5456531.9093
Theft from Vehicle,2017,12,24,14,30,E 10TH AVE / FRASER ST,Mount Pleasant,493513.3831,5456531.9093
Theft from Vehicle,2017,6,13,6,55,E 10TH AVE / GUELPH ST,Mount Pleasant,493090.3519,5456536.8739
Theft from Vehicle,2017,12,12,20,57,E 10TH AVE / KASLO ST,Renfrew-Collingwood,496577.0491,5456463.3872
Theft from Vehicle,2017,3,9,23,0,E 10TH AVE / MAIN ST,Mount Pleasant,492651.7038,5456587.8094
Theft from Vehicle,2017,5,7,11,0,E 10TH AVE / MAIN ST,Mount Pleasant,492651.7038,5456587.8094
Theft from Vehicle,2017,6,3,19,0,E 10TH AVE / MAIN ST,Mount Pleasant,492651.7038,5456587.8094
Theft from Vehicle,2017,10,31,21,0,E 10TH AVE / PRINCE ALBERT ST,Mount Pleasant,493656.0324,5456529.7545
Theft from Vehicle,2017,12,25,23,0,E 10TH AVE / ST GEORGE ST,Mount Pleasant,493232.2288,5456535.1762
Theft from Vehicle,2017,9,5,3,44,E 10TH AVE / WATSON ST,Mount Pleasant,492699.6341,5456586.674
Theft from Vehicle,2017,10,21,1,30,E 10TH AVE / WOODLAND DR,Kensington-Cedar Cottage,494640.5119,5456517.806
Theft from Vehicle,2017,7,5,23,30,E 11TH AVE / PRINCE ALBERT ST,Mount Pleasant,493655.7068,5456430.0836
Theft from Vehicle,2017,3,15,9,15,E 11TH AVE / SKEENA ST,Renfrew-Collingwood,497925.383,5456371.5985
Theft from Vehicle,2017,3,8,22,27,E 11TH AVE / VICTORIA DR,Kensington-Cedar Cottage,495202.6012,5456410.4409
Theft from Vehicle,2017,9,15,18,0,E 11TH AVE / WOODLAND DR,Kensington-Cedar Cottage,494639.3165,5456412.1753
Theft from Vehicle,2017,7,15,20,0,E 12TH AVE / FRASER ST,Mount Pleasant,493510.6984,5456333.7791
Theft from Vehicle,2017,11,21,13,0,E 12TH AVE / GLEN DR,Mount Pleasant,494074.1267,5456326.1173
Theft from Vehicle,2017,10,8,20,15,E 12TH AVE / GUELPH ST,Mount Pleasant,493088.8121,5456339.2509
Theft from Vehicle,2017,9,17,18,0,E 12TH AVE / MAIN ST,Mount Pleasant,492639.7828,5456386.0271
Theft from Vehicle,2017,11,14,4,30,E 12TH AVE / MAIN ST,Mount Pleasant,492639.7828,5456386.0271
Theft from Vehicle,2017,12,23,14,30,E 12TH AVE / MAIN ST,Mount Pleasant,492639.7828,5456386.0271
Theft from Vehicle,2017,6,7,10,0,E 12TH AVE / RENFREW ST,Renfrew-Collingwood,496770.7064,5456272.9048
Theft from Vehicle,2017,12,2,13,0,E 13TH AVE / MAIN ST,Mount Pleasant,492643.1159,5456287.4457
Theft from Vehicle,2017,12,7,17,45,E 13TH AVE / MAIN ST,Mount Pleasant,492643.1159,5456287.4457
Theft from Vehicle,2017,9,20,23,30,E 13TH AVE / SOPHIA ST,Mount Pleasant,492844.5674,5456283.7111
Theft from Vehicle,2017,2,17,18,0,E 13TH AVE / VICTORIA DR,Kensington-Cedar Cottage,495200.1861,5456211.3596
Theft from Vehicle,2017,10,10,19,2,E 13TH AVE / WATSON ST,Mount Pleasant,492687.5647,5456286.7633
Theft from Vehicle,2017,11,28,18,0,E 13TH AVE / WOODLAND DR,Kensington-Cedar Cottage,494630.5734,5456217.1107
Theft from Vehicle,2017,12,31,20,0,E 14TH AVE / MAIN ST,Mount Pleasant,492641.3355,5456186.1717
Theft from Vehicle,2017,1,29,22,0,E 14TH AVE / ONTARIO ST,Mount Pleasant,492352.7709,5456201.6115
Theft from Vehicle,2017,10,1,23,0,E 14TH AVE / PRINCE ALBERT ST,Mount Pleasant,493651.1365,5456132.6523
Theft from Vehicle,2017,6,9,8,58,E 14TH AVE / QUEBEC ST,Mount Pleasant,492491.9417,5456189.5089
Theft from Vehicle,2017,5,8,21,30,E 15TH AVE / FRASER ST,Mount Pleasant,493491.8282,5456047.9715
Theft from Vehicle,2017,1,29,13,26,E 15TH AVE / MAIN ST,Mount Pleasant,492636.3567,5456087.2474
Theft from Vehicle,2017,9,8,22,30,E 15TH AVE / SOPHIA ST,Mount Pleasant,492832.1053,5456082.9955
Theft from Vehicle,2017,11,20,19,30,E 15TH AVE / SOPHIA ST,Mount Pleasant,492832.1053,5456082.9955
Theft from Vehicle,2017,12,15,11,30,E 15TH AVE / SOPHIA ST,Mount Pleasant,492832.1053,5456082.9955
Theft from Vehicle,2017,12,11,12,0,E 16TH AVE / FINDLAY ST,Kensington-Cedar Cottage,495059.7511,5455948.9327
Theft from Vehicle,2017,2,5,21,13,E 16TH AVE / MAIN ST,Mount Pleasant,492633.3007,5455984.0304
Theft from Vehicle,2017,4,26,13,50,E 16TH AVE / MAIN ST,Mount Pleasant,492633.3007,5455984.0304
Theft from Vehicle,2017,8,31,19,0,E 16TH AVE / ONTARIO ST,Riley Park,492347.223,5455991.1461
Theft from Vehicle,2017,5,28,23,2,E 16TH AVE / WINDERMERE ST,Renfrew-Collingwood,497339.8217,5455867.9048
Theft from Vehicle,2017,11,24,16,0,E 17TH AVE / FRASER ST,Riley Park,493457.1804,5455866.6825
Theft from Vehicle,2017,6,23,21,0,E 17TH AVE / GARDEN DR,Kensington-Cedar Cottage,495758.7743,5455814.834
Theft from Vehicle,2017,4,30,23,0,E 17TH AVE / INVERNESS ST,Kensington-Cedar Cottage,494191.9959,5455846.3361
Theft from Vehicle,2017,11,26,0,10,E 17TH AVE / ONTARIO ST,Riley Park,492360.3451,5455887.6398
Theft from Vehicle,2017,2,5,18,0,E 17TH AVE / QUEBEC ST,Riley Park,492483.4813,5455887.4368
Theft from Vehicle,2017,6,29,0,0,E 18TH AVE / PENTICTON ST,Renfrew-Collingwood,496203.8467,5455698.3032
Theft from Vehicle,2017,6,6,16,30,E 18TH AVE / WELWYN ST,Kensington-Cedar Cottage,494954.3343,5455727.4881
Theft from Vehicle,2017,6,18,18,0,E 19TH AVE / FRASER ST,Riley Park,493453.4843,5455665.7575
Theft from Vehicle,2017,9,8,1,0,E 19TH AVE / MAIN ST,Riley Park,492659.3192,5455665.1702
Theft from Vehicle,2017,6,3,0,0,E 1ST AVE / MAIN ST,Mount Pleasant,492671.827,5457490.2349
Theft from Vehicle,2017,9,20,11,0,E 1ST AVE / NANAIMO ST,Hastings-Sunrise,495881.9559,5457406.9744
Theft from Vehicle,2017,11,15,17,0,E 1ST AVE / NOOTKA ST,Hastings-Sunrise,496983.1123,5457402.7073
Theft from Vehicle,2017,6,29,9,0,E 1ST AVE / QUEBEC ST,Mount Pleasant,492521.1503,5457494.0179
Theft from Vehicle,2017,4,5,21,20,E 1ST AVE / RENFREW ST,Hastings-Sunrise,496782.9851,5457402.4866
Theft from Vehicle,2017,8,10,17,0,E 1ST AVE / RENFREW ST,Hastings-Sunrise,496782.9851,5457402.4866
Theft from Vehicle,2017,8,23,19,30,E 1ST AVE / RENFREW ST,Hastings-Sunrise,496782.9851,5457402.4866
Theft from Vehicle,2017,9,1,22,30,E 1ST AVE / RENFREW ST,Hastings-Sunrise,496782.9851,5457402.4866
Theft from Vehicle,2017,2,2,10,0,E 1ST AVE / SCOTIA ST,Strathcona,492915.4961,5457295.4487
Theft from Vehicle,2017,8,13,3,0,E 1ST AVE / SCOTIA ST,Strathcona,492915.4961,5457295.4487
Theft from Vehicle,2017,10,23,19,30,E 1ST AVE / WOODLAND DR,Grandview-Woodland,494653.8229,5457431.737
Theft from Vehicle,2017,6,17,19,50,E 20TH AVE / FRASER ST,Riley Park,493451.1201,5455562.3054
Theft from Vehicle,2017,12,31,16,30,E 20TH AVE / MAIN ST,Riley Park,492654.6075,5455553.706
Theft from Vehicle,2017,5,30,15,0,E 21ST AVE / FLEMING ST,Kensington-Cedar Cottage,494761.9499,5455432.5109
Theft from Vehicle,2017,5,3,2,0,E 21ST AVE / ST GEORGE ST,Riley Park,493162.1029,5455471.3078
Theft from Vehicle,2017,12,7,18,0,E 22ND AVE / MAIN ST,Riley Park,492651.1174,5455359.8847
Theft from Vehicle,2017,4,5,20,0,E 22ND AVE / RENFREW ST,Renfrew-Collingwood,496777.5383,5455323.4559
Theft from Vehicle,2017,7,11,13,30,E 22ND AVE / RUPERT ST,Renfrew-Collingwood,497535.0786,5455315.8361
Theft from Vehicle,2017,10,15,19,30,E 22ND AVE / RUPERT ST,Renfrew-Collingwood,497535.0786,5455315.8361
Theft from Vehicle,2017,12,7,16,0,E 23RD AVE / MAIN ST,Riley Park,492648.7701,5455280.5681
Theft from Vehicle,2017,2,21,4,0,E 23RD AVE / ONTARIO ST,Riley Park,492360.8412,5455243.6961
Theft from Vehicle,2017,9,27,23,0,E 23RD AVE / RENFREW ST,Renfrew-Collingwood,496768.3071,5455213.7854
Theft from Vehicle,2017,12,6,19,45,E 23RD AVE / RUPERT ST,Renfrew-Collingwood,497534.9157,5455210.2872
Theft from Vehicle,2017,1,10,23,0,E 23RD AVE / SIDNEY ST,Kensington-Cedar Cottage,495443.7061,5455178.5702
Theft from Vehicle,2017,6,26,12,20,E 23RD AVE / VICTORIA DR,Kensington-Cedar Cottage,495265.7114,5455181.6109
Theft from Vehicle,2017,5,29,23,30,E 23RD AVE / WINDERMERE ST,Renfrew-Collingwood,497339.461,5455211.7785
Theft from Vehicle,2017,2,6,23,7,E 24TH AVE / RUPERT ST,Renfrew-Collingwood,497534.4274,5455111.3685
Theft from Vehicle,2017,10,13,20,0,E 24TH AVE / RUPERT ST,Renfrew-Collingwood,497534.4274,5455111.3685
Theft from Vehicle,2017,6,23,19,30,E 24TH AVE / WINDERMERE ST,Renfrew-Collingwood,497338.7213,5455111.4705
Theft from Vehicle,2017,11,4,21,0,E 25TH AVE / RUPERT ST,Renfrew-Collingwood,497534.5058,5455011.5263
Theft from Vehicle,2017,4,26,0,0,E 27TH AVE / NANAIMO ST,Kensington-Cedar Cottage,495876.492,5454835.2358
Theft from Vehicle,2017,11,14,22,0,E 27TH AVE / RUPERT ST,Renfrew-Collingwood,497532.3126,5454829.753
Theft from Vehicle,2017,1,22,19,0,E 28TH AVE / MAIN ST,Riley Park,492630.0261,5454777.6366
Theft from Vehicle,2017,2,3,8,0,E 28TH AVE / NANAIMO ST,Kensington-Cedar Cottage,495876.1371,5454739.3074
Theft from Vehicle,2017,5,28,0,0,E 28TH AVE / NANAIMO ST,Kensington-Cedar Cottage,495876.1371,5454739.3074
Theft from Vehicle,2017,6,9,20,0,E 28TH AVE / NANAIMO ST,Kensington-Cedar Cottage,495876.1371,5454739.3074
Theft from Vehicle,2017,10,20,15,0,E 28TH AVE / ST CATHERINES ST,Kensington-Cedar Cottage,493748.4792,5454748.2383
Theft from Vehicle,2017,7,15,10,30,E 28TH AVE / VICTORIA DR,Kensington-Cedar Cottage,495258.389,5454783.6497
Theft from Vehicle,2017,3,20,17,0,E 29TH AVE / EARLES ST,Renfrew-Collingwood,496931.167,5454642.5673
Theft from Vehicle,2017,9,4,11,20,E 29TH AVE / FRASER ST,Riley Park,493429.4708,5454647.6009
Theft from Vehicle,2017,9,27,20,30,E 29TH AVE / NOOTKA ST,Renfrew-Collingwood,496931.167,5454642.5673
Theft from Vehicle,2017,10,25,0,1,E 29TH AVE / NOOTKA ST,Renfrew-Collingwood,496931.167,5454642.5673
Theft from Vehicle,2017,11,3,20,0,E 2ND AVE / LAKEWOOD DR,Grandview-Woodland,495497.2986,5457321.3449
Theft from Vehicle,2017,12,16,14,0,E 2ND AVE / MAIN ST,Mount Pleasant,492668.0702,5457370.525
Theft from Vehicle,2017,5,28,21,15,E 2ND AVE / QUEBEC ST,Mount Pleasant,492527.6434,5457382.686
Theft from Vehicle,2017,12,25,13,0,E 2ND AVE / QUEBEC ST,Mount Pleasant,492527.6434,5457382.686
Theft from Vehicle,2017,11,5,16,0,E 2ND AVE / RENFREW ST,Hastings-Sunrise,496781.9953,5457303.3895
Theft from Vehicle,2017,3,4,21,0,E 2ND AVE / SCOTIA ST,Mount Pleasant,492855.8078,5457224.2768
Theft from Vehicle,2017,4,15,21,0,E 2ND AVE / SCOTIA ST,Mount Pleasant,492855.8078,5457224.2768
Theft from Vehicle,2017,6,7,21,0,E 2ND AVE / VICTORIA DR,Grandview-Woodland,495214.2818,5457325.2415
Theft from Vehicle,2017,10,30,8,30,E 2ND AVE / VICTORIA DR,Grandview-Woodland,495214.2818,5457325.2415
Theft from Vehicle,2017,9,18,20,0,E 30TH AVE / MAIN ST,Riley Park,492622.0495,5454505.9809
Theft from Vehicle,2017,11,17,18,30,E 30TH AVE / MAIN ST,Riley Park,492622.0495,5454505.9809
Theft from Vehicle,2017,8,21,11,0,E 30TH AVE / PRINCE EDWARD ST,Riley Park,492945.7974,5454531.9151
Theft from Vehicle,2017,10,19,21,0,E 30TH AVE / ST CATHERINES ST,Kensington-Cedar Cottage,493743.8539,5454501.5788
Theft from Vehicle,2017,10,1,21,30,E 31ST AVE / PRINCE ALBERT ST,Kensington-Cedar Cottage,493603.3531,5454424.4222
Theft from Vehicle,2017,4,29,20,0,E 33RD AVE / MAIN ST,Riley Park,492614.1963,5454196.961
Theft from Vehicle,2017,10,20,19,0,E 33RD AVE / MAIN ST,Riley Park,492614.1963,5454196.961
Theft from Vehicle,2017,9,18,7,30,E 33RD AVE / QUEBEC ST,Riley Park,492521.6625,5454199.887
Theft from Vehicle,2017,10,16,19,30,E 34TH AVE / KINGSWAY AVE,Renfrew-Collingwood,496222.8428,5454026.8919
Theft from Vehicle,2017,12,29,15,0,E 35TH AVE / FRASER ST,Riley Park,493419.8193,5453953.0104
Theft from Vehicle,2017,8,29,20,0,E 35TH AVE / PRINCE ALBERT ST,Kensington-Cedar Cottage,493594.315,5453950.1141
Theft from Vehicle,2017,1,30,20,0,E 35TH AVE / VICTORIA DR,Kensington-Cedar Cottage,495237.8184,5453930.282
Theft from Vehicle,2017,8,10,18,15,E 35TH AVE / VICTORIA DR,Kensington-Cedar Cottage,495237.8184,5453930.282
Theft from Vehicle,2017,10,25,17,0,E 36TH AVE / SOPHIA ST,Riley Park,492772.1343,5453929.7869
Theft from Vehicle,2017,7,27,23,6,E 36TH AVE / ST GEORGE ST,Riley Park,493084.8337,5453918.9359
Theft from Vehicle,2017,10,21,23,0,E 37TH AVE / FRASER ST,Riley Park,493414.714,5453756.4348
Theft from Vehicle,2017,3,6,22,0,E 37TH AVE / LANARK ST,Kensington-Cedar Cottage,494502.5124,5453784.912
Theft from Vehicle,2017,7,31,18,0,E 37TH AVE / PRINCE ALBERT ST,Kensington-Cedar Cottage,493589.5863,5453752.9266
Theft from Vehicle,2017,7,21,23,30,E 37TH AVE / VICTORIA DR,Kensington-Cedar Cottage,495235.4226,5453769.6549
Theft from Vehicle,2017,8,2,22,5,E 37TH AVE / VICTORIA DR,Kensington-Cedar Cottage,495235.4226,5453769.6549
Theft from Vehicle,2017,8,11,23,0,E 37TH AVE / VICTORIA DR,Kensington-Cedar Cottage,495235.4226,5453769.6549
Theft from Vehicle,2017,11,6,16,0,E 38TH AVE / MAIN ST,Riley Park,492599.1469,5453734.1359
Theft from Vehicle,2017,12,1,18,30,E 38TH AVE / VICTORIA DR,Kensington-Cedar Cottage,495232.3776,5453607.739
Theft from Vehicle,2017,10,23,16,30,E 39TH AVE / NANAIMO ST,Kensington-Cedar Cottage,495719.4719,5453568.0515
Theft from Vehicle,2017,7,1,14,0,E 3RD AVE / MAIN ST,Mount Pleasant,492665.2132,5457279.217
Theft from Vehicle,2017,5,11,20,56,E 3RD AVE / ONTARIO ST,Mount Pleasant,492384.1832,5457287.5236
Theft from Vehicle,2017,2,14,22,29,E 3RD AVE / QUEBEC ST,Mount Pleasant,492524.8337,5457280.6609
Theft from Vehicle,2017,3,6,21,0,E 3RD AVE / QUEBEC ST,Mount Pleasant,492524.8337,5457280.6609
Theft from Vehicle,2017,4,29,8,30,E 3RD AVE / QUEBEC ST,Mount Pleasant,492524.8337,5457280.6609
Theft from Vehicle,2017,5,20,20,6,E 3RD AVE / QUEBEC ST,Mount Pleasant,492524.8337,5457280.6609
Theft from Vehicle,2017,7,14,11,0,E 3RD AVE / RENFREW ST,Hastings-Sunrise,496779.8208,5457204.7382
Theft from Vehicle,2017,7,8,23,0,E 40TH AVE / NANAIMO ST,Kensington-Cedar Cottage,495718.7807,5453457.1149
Theft from Vehicle,2017,2,16,19,0,E 40TH AVE / QUEBEC ST,Riley Park,492453.16,5453536.2179
Theft from Vehicle,2017,2,25,9,30,E 41ST AVE / FRASER ST,Sunset,493407.6947,5453341.8347
Theft from Vehicle,2017,4,18,16,0,E 41ST AVE / FRASER ST,Sunset,493407.6947,5453341.8347
Theft from Vehicle,2017,12,18,8,47,E 41ST AVE / GLADSTONE ST,Kensington-Cedar Cottage,495478.3606,5453349.8511
Theft from Vehicle,2017,9,30,20,0,E 41ST AVE / KILLARNEY ST,Killarney,496655.9971,5453354.3572
Theft from Vehicle,2017,12,1,11,0,E 41ST AVE / VICTORIA DR,Victoria-Fraserview,495229.7602,5453325.7474
Theft from Vehicle,2017,12,15,20,0,E 42ND AVE / MAIN ST,Sunset,492614.3921,5453219.2318
Theft from Vehicle,2017,1,5,13,40,E 42ND AVE / VICTORIA DR,Victoria-Fraserview,495230.2321,5453256.6217
Theft from Vehicle,2017,10,12,22,0,E 43RD AVE / TODERICK ST,Killarney,497875.8209,5453115.5039
Theft from Vehicle,2017,11,16,14,0,E 43RD AVE / VICTORIA DR,Victoria-Fraserview,495226.4774,5453082.5218
Theft from Vehicle,2017,6,14,18,55,E 44TH AVE / VICTORIA DR,Victoria-Fraserview,495226.3632,5453068.1145
Theft from Vehicle,2017,11,14,19,45,E 45TH AVE / FRASER ST,Sunset,493401.3183,5452935.3051
Theft from Vehicle,2017,9,30,18,0,E 45TH AVE / PRINCE ALBERT ST,Sunset,493599.7398,5452930.9025
Theft from Vehicle,2017,8,1,6,11,E 46TH AVE / FRASER ST,Sunset,493398.1348,5452836.3008
Theft from Vehicle,2017,8,25,22,0,E 46TH AVE / MAIN ST,Sunset,492608.3334,5452860.4612
Theft from Vehicle,2017,7,20,15,0,E 47TH AVE / FRASER ST,Sunset,493396.1571,5452735.1281
Theft from Vehicle,2017,2,8,22,30,E 47TH AVE / NANAIMO ST,Victoria-Fraserview,495698.447,5452756.0502
Theft from Vehicle,2017,11,20,23,30,E 47TH AVE / WINDSOR ST,Sunset,493796.8761,5452728.2581
Theft from Vehicle,2017,12,16,14,0,E 48TH AVE / VICTORIA DR,Victoria-Fraserview,495215.8777,5452614.1839
Theft from Vehicle,2017,9,22,22,30,E 48TH AVE / WALES ST,Victoria-Fraserview,496228.4273,5452572.5316
Theft from Vehicle,2017,3,8,12,15,E 49TH AVE / ELLIOTT ST,Victoria-Fraserview,496015.1754,5452448.1829
Theft from Vehicle,2017,8,3,12,0,E 49TH AVE / FRASER ST,Sunset,493395.1363,5452521.6608
Theft from Vehicle,2017,12,5,20,4,E 49TH AVE / FRASER ST,Sunset,493395.1363,5452521.6608
Theft from Vehicle,2017,12,26,18,30,E 49TH AVE / FRASER ST,Sunset,493395.1363,5452521.6608
Theft from Vehicle,2017,8,9,21,0,E 49TH AVE / QUEBEC ST,Sunset,492441.8049,5452550.2567
Theft from Vehicle,2017,9,8,17,0,E 4TH AVE / ONTARIO ST,Mount Pleasant,492381.6348,5457184.581
Theft from Vehicle,2017,6,15,2,0,E 4TH AVE / SCOTIA ST,Mount Pleasant,492813.7151,5457174.2829
Theft from Vehicle,2017,11,8,22,0,E 4TH AVE / SCOTIA ST,Mount Pleasant,492813.7151,5457174.2829
Theft from Vehicle,2017,3,11,0,0,E 4TH AVE / SLOCAN ST,Hastings-Sunrise,496399.6423,5457102.108
Theft from Vehicle,2017,6,29,22,0,E 4TH AVE / VERNON DR,Strathcona,494283.9527,5457135.4836
Theft from Vehicle,2017,7,3,2,0,E 4TH AVE / VERNON DR,Strathcona,494283.9527,5457135.4836
Theft from Vehicle,2017,1,31,15,0,E 50TH AVE / MAIN ST,Sunset,492599.136,5452441.5415
Theft from Vehicle,2017,3,12,15,20,E 50TH AVE / MAIN ST,Sunset,492599.136,5452441.5415
Theft from Vehicle,2017,11,26,18,0,E 50TH AVE / VIVIAN ST,Killarney,496330.8103,5452336.8381
Theft from Vehicle,2017,7,24,15,30,E 51ST AVE / FRASER ST,Sunset,493385.3481,5452313.5741
Theft from Vehicle,2017,9,26,0,0,E 51ST AVE / WINDSOR ST,Sunset,493787.7853,5452304.8126
Theft from Vehicle,2017,6,14,20,0,E 52ND AVE / WINDSOR ST,Sunset,493786.186,5452210.242
Theft from Vehicle,2017,10,29,8,0,E 53RD AVE / FRASER ST,Sunset,493382.9555,5452110.2698
Theft from Vehicle,2017,8,13,14,0,E 55TH AVE / FRASER ST,Sunset,493380.3954,5451912.3911
Theft from Vehicle,2017,3,29,14,37,E 56TH AVE / FRASER ST,Sunset,493379.1249,5451818.398
Theft from Vehicle,2017,1,28,2,0,E 56TH AVE / ROSS ST,Sunset,493951.6311,5451806.2448
Theft from Vehicle,2017,11,15,20,15,E 57TH AVE / KNIGHT ST,Sunset,494388.7585,5451707.8865
Theft from Vehicle,2017,9,15,1,19,E 57TH AVE / MAIN ST,Sunset,492580.3112,5451747.2113
Theft from Vehicle,2017,12,20,20,30,E 58TH AVE / FRASER ST,Sunset,493374.5617,5451596.6651
Theft from Vehicle,2017,6,23,19,0,E 58TH AVE / KERR ST,Killarney,496981.4624,5451603.1808
Theft from Vehicle,2017,8,12,21,0,E 58TH AVE / KERR ST,Killarney,496981.4624,5451603.1808
Theft from Vehicle,2017,12,28,17,0,E 59TH AVE / MAIN ST,Sunset,492575.1876,5451554.9506
Theft from Vehicle,2017,4,9,18,30,E 5TH AVE / LILLOOET ST,Hastings-Sunrise,497161.3352,5456991.3704
Theft from Vehicle,2017,9,29,11,0,E 5TH AVE / MAIN ST,Mount Pleasant,492661.9547,5457079.0771
Theft from Vehicle,2017,11,14,6,30,E 5TH AVE / MAIN ST,Mount Pleasant,492661.9547,5457079.0771
Theft from Vehicle,2017,8,26,10,0,E 5TH AVE / QUEBEC ST,Mount Pleasant,492519.4823,5457083.004
Theft from Vehicle,2017,11,11,20,0,E 5TH AVE / QUEBEC ST,Mount Pleasant,492519.4823,5457083.004
Theft from Vehicle,2017,1,20,17,0,E 5TH AVE / SCOTIA ST,Mount Pleasant,492810.8816,5457071.6537
Theft from Vehicle,2017,8,11,16,30,E 5TH AVE / WOODLAND DR,Grandview-Woodland,494647.1844,5457031.1509
Theft from Vehicle,2017,8,18,16,0,E 62ND AVE / WINDSOR ST,Sunset,493758.8618,5451229.6459
Theft from Vehicle,2017,4,19,14,30,E 69TH AVE / MAIN ST,Sunset,492546.6262,5450731.734
Theft from Vehicle,2017,4,20,14,29,E 6TH AVE / GUELPH ST,Mount Pleasant,493097.2902,5456949.3554
Theft from Vehicle,2017,2,28,21,0,E 6TH AVE / MAIN ST,Mount Pleasant,492657.3796,5456975.419
Theft from Vehicle,2017,7,29,6,52,E 6TH AVE / MAIN ST,Mount Pleasant,492657.3796,5456975.419
Theft from Vehicle,2017,11,23,12,0,E 6TH AVE / MAIN ST,Mount Pleasant,492657.3796,5456975.419
Theft from Vehicle,2017,9,16,17,0,E 6TH AVE / PRINCE ALBERT ST,Mount Pleasant,493660.8224,5456941.5952
Theft from Vehicle,2017,2,10,18,0,E 6TH AVE / SCOTIA ST,Mount Pleasant,492807.9575,5456971.6379
Theft from Vehicle,2017,10,2,18,0,E 6TH AVE / SCOTIA ST,Mount Pleasant,492807.9575,5456971.6379
Theft from Vehicle,2017,12,19,1,0,E 6TH AVE / SCOTIA ST,Mount Pleasant,492807.9575,5456971.6379
Theft from Vehicle,2017,8,27,17,0,E 6TH AVE / ST GEORGE ST,Mount Pleasant,493235.2727,5456948.0162
Theft from Vehicle,2017,9,10,12,0,E 6TH AVE / WOODLAND DR,Grandview-Woodland,494645.6833,5456931.7667
Theft from Vehicle,2017,2,20,9,0,E 7TH AVE / MAIN ST,Mount Pleasant,492652.2311,5456870.0877
Theft from Vehicle,2017,6,6,18,0,E 7TH AVE / MAIN ST,Mount Pleasant,492652.2311,5456870.0877
Theft from Vehicle,2017,9,2,10,30,E 7TH AVE / MAIN ST,Mount Pleasant,492652.2311,5456870.0877
Theft from Vehicle,2017,9,24,8,30,E 7TH AVE / MAIN ST,Mount Pleasant,492652.2311,5456870.0877
Theft from Vehicle,2017,10,21,10,15,E 7TH AVE / MAIN ST,Mount Pleasant,492652.2311,5456870.0877
Theft from Vehicle,2017,10,22,9,30,E 7TH AVE / MAIN ST,Mount Pleasant,492652.2311,5456870.0877
Theft from Vehicle,2017,10,29,12,0,E 7TH AVE / MAIN ST,Mount Pleasant,492652.2311,5456870.0877
Theft from Vehicle,2017,12,6,7,30,E 7TH AVE / MAIN ST,Mount Pleasant,492652.2311,5456870.0877
Theft from Vehicle,2017,7,29,21,0,E 7TH AVE / NOOTKA ST,Hastings-Sunrise,496977.4207,5456788.3825
Theft from Vehicle,2017,12,17,0,0,E 7TH AVE / ONTARIO ST,Mount Pleasant,492373.8565,5456884.3864
Theft from Vehicle,2017,4,8,20,0,E 7TH AVE / PRINCE EDWARD ST,Mount Pleasant,493030.519,5456864.1713
Theft from Vehicle,2017,8,22,22,0,E 7TH AVE / QUEBEC ST,Mount Pleasant,492513.9031,5456879.8565
Theft from Vehicle,2017,12,10,18,0,E 7TH AVE / QUEBEC ST,Mount Pleasant,492513.9031,5456879.8565
Theft from Vehicle,2017,3,7,0,0,E 7TH AVE / SCOTIA ST,Mount Pleasant,492804.7121,5456871.233
Theft from Vehicle,2017,8,1,0,0,E 7TH AVE / ST GEORGE ST,Mount Pleasant,493236.4896,5456848.9292
Theft from Vehicle,2017,10,17,16,0,E 7TH AVE / ST GEORGE ST,Mount Pleasant,493236.4896,5456848.9292
Theft from Vehicle,2017,3,3,23,0,E 8TH AVE / KINGSWAY AVE,Mount Pleasant,492715.6297,5456773.6674
Theft from Vehicle,2017,11,7,21,0,E 8TH AVE / LAKEWOOD DR,Grandview-Woodland,495487.092,5456718.231
Theft from Vehicle,2017,11,26,23,54,E 8TH AVE / LAKEWOOD DR,Grandview-Woodland,495487.092,5456718.231
Theft from Vehicle,2017,9,17,0,0,E 8TH AVE / MAIN ST,Mount Pleasant,492649.7337,5456775.4592
Theft from Vehicle,2017,6,16,18,0,E 8TH AVE / NOOTKA ST,Hastings-Sunrise,496976.7821,5456685.6606
Theft from Vehicle,2017,2,17,7,20,E 8TH AVE / PRINCE EDWARD ST,Mount Pleasant,493020.4139,5456750.4348
Theft from Vehicle,2017,2,10,21,10,E 8TH AVE / QUEBEC ST,Mount Pleasant,492511.161,5456779.4302
Theft from Vehicle,2017,11,5,13,30,E 8TH AVE / QUEBEC ST,Mount Pleasant,492511.161,5456779.4302
Theft from Vehicle,2017,6,9,17,0,E 8TH AVE / SCOTIA ST,Mount Pleasant,492801.4894,5456771.1275
Theft from Vehicle,2017,9,28,9,0,E 8TH AVE / ST GEORGE ST,Mount Pleasant,493227.212,5456747.7595
Theft from Vehicle,2017,10,22,0,30,E 8TH AVE / ST GEORGE ST,Mount Pleasant,493227.212,5456747.7595
Theft from Vehicle,2017,11,8,1,0,E 8TH AVE / ST GEORGE ST,Mount Pleasant,493227.212,5456747.7595
Theft from Vehicle,2017,1,8,18,40,E 8TH AVE / ST GEORGE ST,Mount Pleasant,493234.8082,5456747.6545
Theft from Vehicle,2017,3,9,23,30,E BROADWAY AVE / GARDEN DR,Grandview-Woodland,495768.6127,5456610.3499
Theft from Vehicle,2017,8,17,18,0,E BROADWAY AVE / GLEN DR,Mount Pleasant,494078.2635,5456632.1765
Theft from Vehicle,2017,12,12,13,30,E BROADWAY AVE / GUELPH ST,Mount Pleasant,493091.4791,5456643.777
Theft from Vehicle,2017,6,3,10,0,E BROADWAY AVE / KINGSWAY AVE,Mount Pleasant,492749.5179,5456683.8055
Theft from Vehicle,2017,10,11,8,0,E BROADWAY AVE / LILLOOET ST,Hastings-Sunrise,497156.3599,5456571.2818
Theft from Vehicle,2017,10,21,12,0,E BROADWAY AVE / MAIN ST,Mount Pleasant,492648.2568,5456688.4973
Theft from Vehicle,2017,12,6,13,30,E BROADWAY AVE / MAIN ST,Mount Pleasant,492648.2568,5456688.4973
Theft from Vehicle,2017,11,2,13,45,E BROADWAY AVE / ONTARIO ST,Mount Pleasant,492368.8574,5456699.8393
Theft from Vehicle,2017,4,17,19,0,E BROADWAY AVE / QUEBEC ST,Mount Pleasant,492508.8625,5456694.3107
Theft from Vehicle,2017,7,20,7,30,E BROADWAY AVE / RENFREW ST,Hastings-Sunrise,496775.7646,5456576.9284
Theft from Vehicle,2017,2,22,13,30,E BROADWAY AVE / RUPERT ST,Hastings-Sunrise,497539.1887,5456571.0572
Theft from Vehicle,2017,6,11,14,0,E BROADWAY AVE / SLOCAN ST,Hastings-Sunrise,496392.2167,5456583.692
Theft from Vehicle,2017,12,2,0,0,E BROADWAY AVE / ST CATHERINES ST,Mount Pleasant,493796.3443,5456635.9224
Theft from Vehicle,2017,3,22,6,30,E BROADWAY AVE / ST GEORGE ST,Mount Pleasant,493233.5503,5456642.1552
Theft from Vehicle,2017,6,16,22,30,E BROADWAY AVE / ST GEORGE ST,Mount Pleasant,493233.5503,5456642.1552
Theft from Vehicle,2017,3,20,5,30,E BROADWAY AVE / VICTORIA DR,Kensington-Cedar Cottage,495204.1188,5456616.5709
Theft from Vehicle,2017,7,25,13,0,E CORDOVA ST / GORE AVE,Strathcona,492902.2756,5458837.7713
Theft from Vehicle,2017,10,27,6,0,E CORDOVA ST / GORE AVE,Strathcona,492902.2756,5458837.7713
Theft from Vehicle,2017,11,1,18,30,E CORDOVA ST / GORE AVE,Strathcona,492902.2756,5458837.7713
Theft from Vehicle,2017,11,12,8,12,E CORDOVA ST / HEATLEY AVE,Strathcona,493491.1797,5458819.8111
Theft from Vehicle,2017,4,15,22,0,E CORDOVA ST / MAIN ST,Strathcona,492754.0167,5458842.0559
Theft from Vehicle,2017,5,3,2,5,E CORDOVA ST / MAIN ST,Strathcona,492754.0167,5458842.0559
Theft from Vehicle,2017,7,3,21,33,E CORDOVA ST / MAIN ST,Strathcona,492754.0167,5458842.0559
Theft from Vehicle,2017,11,8,16,0,E CORDOVA ST / RAYMUR AVE,Strathcona,494006.6664,5458800.86
Theft from Vehicle,2017,12,12,11,15,E GEORGIA ST / HEATLEY AVE,Strathcona,493478.5714,5458407.872
Theft from Vehicle,2017,2,15,8,33,E GEORGIA ST / MAIN ST,Strathcona,492743.2456,5458428.5255
Theft from Vehicle,2017,2,28,9,0,E GEORGIA ST / MAIN ST,Strathcona,492743.2456,5458428.5255
Theft from Vehicle,2017,3,12,15,0,E GEORGIA ST / MAIN ST,Strathcona,492743.2456,5458428.5255
Theft from Vehicle,2017,3,20,8,0,E GEORGIA ST / MAIN ST,Strathcona,492743.2456,5458428.5255
Theft from Vehicle,2017,3,30,18,55,E GEORGIA ST / MAIN ST,Strathcona,492743.2456,5458428.5255
Theft from Vehicle,2017,5,15,22,30,E GEORGIA ST / MAIN ST,Strathcona,492743.2456,5458428.5255
Theft from Vehicle,2017,6,24,13,30,E GEORGIA ST / MAIN ST,Strathcona,492743.2456,5458428.5255
Theft from Vehicle,2017,7,21,19,30,E GEORGIA ST / MAIN ST,Strathcona,492743.2456,5458428.5255
Theft from Vehicle,2017,7,24,5,53,E GEORGIA ST / MAIN ST,Strathcona,492743.2456,5458428.5255
Theft from Vehicle,2017,8,2,10,45,E GEORGIA ST / MAIN ST,Strathcona,492743.2456,5458428.5255
Theft from Vehicle,2017,9,27,23,0,E GEORGIA ST / MAIN ST,Strathcona,492743.2456,5458428.5255
Theft from Vehicle,2017,10,11,13,30,E GEORGIA ST / MAIN ST,Strathcona,492743.2456,5458428.5255
Theft from Vehicle,2017,11,7,12,0,E GEORGIA ST / MAIN ST,Strathcona,492743.2456,5458428.5255
Theft from Vehicle,2017,11,17,11,0,E GEORGIA ST / MAIN ST,Strathcona,492743.2456,5458428.5255
Theft from Vehicle,2017,12,15,19,15,E GEORGIA ST / MAIN ST,Strathcona,492743.2456,5458428.5255
Theft from Vehicle,2017,12,18,9,15,E GEORGIA ST / MAIN ST,Strathcona,492743.2456,5458428.5255
Theft from Vehicle,2017,12,19,20,0,E GEORGIA ST / MAIN ST,Strathcona,492743.2456,5458428.5255
Theft from Vehicle,2017,10,11,4,15,E GEORGIA ST / MCLEAN DR,Grandview-Woodland,494608.9274,5458422.5328
Theft from Vehicle,2017,4,8,1,0,E GEORGIA ST / NANAIMO ST,Grandview-Woodland,495886.3165,5458394.3811
Theft from Vehicle,2017,6,7,11,24,E GEORGIA ST / SALSBURY DR,Grandview-Woodland,495028.6961,5458413.9336
Theft from Vehicle,2017,11,23,21,0,E GEORGIA ST / VICTORIA DR,Grandview-Woodland,495227.7243,5458404.7963
Theft from Vehicle,2017,1,13,20,30,E HASTINGS ST / GORE AVE,Strathcona,492911.3556,5458733.3363
Theft from Vehicle,2017,12,1,7,0,E HASTINGS ST / GORE AVE,Strathcona,492911.3556,5458733.3363
Theft from Vehicle,2017,4,29,0,5,E HASTINGS ST / HAWKS AVE,Strathcona,493660.6757,5458707.8862
Theft from Vehicle,2017,10,5,16,0,E HASTINGS ST / JACKSON AVE,Strathcona,493205.0709,5458724.5945
Theft from Vehicle,2017,11,24,11,20,E HASTINGS ST / KAMLOOPS ST,Hastings-Sunrise,496030.2701,5458713.9247
Theft from Vehicle,2017,1,18,17,50,E HASTINGS ST / MAIN ST,Strathcona,492749.7912,5458737.3828
Theft from Vehicle,2017,4,2,9,30,E HASTINGS ST / MAIN ST,Strathcona,492749.7912,5458737.3828
Theft from Vehicle,2017,5,11,6,0,E HASTINGS ST / MAIN ST,Strathcona,492749.7912,5458737.3828
Theft from Vehicle,2017,8,7,8,0,E HASTINGS ST / MAIN ST,Strathcona,492749.7912,5458737.3828
Theft from Vehicle,2017,12,16,5,30,E HASTINGS ST / MAIN ST,Strathcona,492749.7912,5458737.3828
Theft from Vehicle,2017,5,9,0,0,E HASTINGS ST / PRINCESS AVE,Strathcona,493347.6086,5458719.8515
Theft from Vehicle,2017,10,8,19,55,E HASTINGS ST / PRINCESS AVE,Strathcona,493347.6086,5458719.8515
Theft from Vehicle,2017,12,4,16,0,E HASTINGS ST / PRINCESS AVE,Strathcona,493347.6086,5458719.8515
Theft from Vehicle,2017,9,13,6,15,E HASTINGS ST / RAYMUR AVE,Strathcona,493995.8664,5458696.3354
Theft from Vehicle,2017,7,14,19,45,E HASTINGS ST / RENFREW ST,Hastings-Sunrise,496797.3881,5458712.2128
Theft from Vehicle,2017,4,26,21,0,E HASTINGS ST / SALSBURY DR,Grandview-Woodland,495033.2587,5458722.9723
Theft from Vehicle,2017,10,6,21,0,E HASTINGS ST / TEMPLETON DR,Grandview-Woodland,495653.3692,5458714.9996
Theft from Vehicle,2017,8,30,7,36,E HASTINGS ST / VERNON DR,Strathcona,494242.7219,5458709.836
Theft from Vehicle,2017,11,2,15,0,E HASTINGS ST / VERNON DR,Strathcona,494242.7219,5458709.836
Theft from Vehicle,2017,8,14,7,15,E HASTINGS ST / VICTORIA DR,Grandview-Woodland,495230.8338,5458719.5966
Theft from Vehicle,2017,11,17,4,15,E HASTINGS ST / WOODLAND DR,Grandview-Woodland,494717.6465,5458729.0477
Theft from Vehicle,2017,10,24,23,0,E KENT AVE N / JELLICOE ST,Killarney,496525.823,5450410.2119
Theft from Vehicle,2017,11,15,11,16,E KENT AVE S / FRASER ST,Sunset,493358.258,5450571.8331
Theft from Vehicle,2017,11,12,19,30,E KING EDWARD AVE / MAIN ST,Riley Park,492644.3214,5455116.0199
Theft from Vehicle,2017,12,14,8,45,E KING EDWARD AVE / MAIN ST,Riley Park,492644.3214,5455116.0199
Theft from Vehicle,2017,12,5,18,30,E PENDER ST / GORE AVE,Strathcona,492922.9609,5458624.6964
Theft from Vehicle,2017,12,15,12,0,E PENDER ST / GORE AVE,Strathcona,492922.9609,5458624.6964
Theft from Vehicle,2017,12,16,19,0,E PENDER ST / GORE AVE,Strathcona,492922.9609,5458624.6964
Theft from Vehicle,2017,9,20,16,12,E PENDER ST / HEATLEY AVE,Strathcona,493485.406,5458609.8651
Theft from Vehicle,2017,3,12,14,0,E PENDER ST / JACKSON AVE,Strathcona,493201.5345,5458617.1973
Theft from Vehicle,2017,8,18,22,0,E PENDER ST / LILLOOET ST,Hastings-Sunrise,497174.7214,5458605.5707
Theft from Vehicle,2017,1,20,10,0,E PENDER ST / MAIN ST,Strathcona,492748.7552,5458629.9818
Theft from Vehicle,2017,8,6,2,0,E PENDER ST / MAIN ST,Strathcona,492748.7552,5458629.9818
Theft from Vehicle,2017,12,2,14,15,E PENDER ST / MAIN ST,Strathcona,492748.7552,5458629.9818
Theft from Vehicle,2017,12,16,9,23,E PENDER ST / MAIN ST,Strathcona,492748.7552,5458629.9818
Theft from Vehicle,2017,8,16,0,0,E PENDER ST / MCLEAN DR,Grandview-Woodland,494609.1444,5458621.595
Theft from Vehicle,2017,8,30,12,0,E PENDER ST / SEMLIN DR,Grandview-Woodland,495370.2026,5458611.4408
Theft from Vehicle,2017,9,4,23,0,E PENDER ST / SKEENA ST,Hastings-Sunrise,497939.4636,5458606.6653
Theft from Vehicle,2017,9,17,12,0,E PENDER ST / VERNON DR,Strathcona,494239.8673,5458587.7845
Theft from Vehicle,2017,4,12,13,45,E PENDER ST / VICTORIA DR,Grandview-Woodland,495229.7809,5458611.8948
Theft from Vehicle,2017,12,12,2,15,E PENDER ST / VICTORIA DR,Grandview-Woodland,495229.7809,5458611.8948
Theft from Vehicle,2017,7,22,21,0,E PENDER ST / WOODLAND DR,Grandview-Woodland,494715.3232,5458619.7024
Theft from Vehicle,2017,11,19,22,0,E PENDER ST / WOODLAND DR,Grandview-Woodland,494715.3232,5458619.7024
Theft from Vehicle,2017,5,15,14,30,EARLES ST / KINGSWAY AVE,Renfrew-Collingwood,496446.9677,5453866.6585
Theft from Vehicle,2017,9,11,19,30,EARLES ST / KINGSWAY AVE,Renfrew-Collingwood,496446.9677,5453866.6585
Theft from Vehicle,2017,8,13,22,30,ETON ST / WALL ST,Grandview-Woodland,495581.9434,5459423.003
Theft from Vehicle,2017,12,2,18,30,EUCLID AVE / TYNE ST,Renfrew-Collingwood,497782.8787,5453600.3518
Theft from Vehicle,2017,2,11,23,0,EXPO BLVD / GRIFFITHS WAY,Central Business District,491971.9246,5458354.2686
Theft from Vehicle,2017,3,16,18,30,EXPO BLVD / GRIFFITHS WAY,Central Business District,491971.9246,5458354.2686
Theft from Vehicle,2017,6,2,11,9,EXPO BLVD / GRIFFITHS WAY,Central Business District,491971.9246,5458354.2686
Theft from Vehicle,2017,12,26,18,30,EXPO BLVD / GRIFFITHS WAY,Central Business District,491971.9246,5458354.2686
Theft from Vehicle,2017,3,9,18,0,FIR ST / W 10TH AVE,Fairview,489736.3959,5456666.6667
Theft from Vehicle,2017,8,8,17,0,FIR ST / W 12TH AVE,Fairview,489730.6813,5456462.6125
Theft from Vehicle,2017,3,3,20,0,FIR ST / W 13TH AVE,Fairview,489727.3406,5456352.7045
Theft from Vehicle,2017,11,23,11,30,FIR ST / W 13TH AVE,Fairview,489727.3406,5456352.7045
Theft from Vehicle,2017,5,31,18,0,FIR ST / W 16TH AVE,Fairview,489718.7213,5456046.5349
Theft from Vehicle,2017,10,23,21,0,FIR ST / W 16TH AVE,Fairview,489718.7213,5456046.5349
Theft from Vehicle,2017,9,12,20,0,FIR ST / W 2ND AVE,Fairview,489757.903,5457448.6571
Theft from Vehicle,2017,10,6,11,30,FIR ST / W 6TH AVE,Fairview,489746.729,5457060.787
Theft from Vehicle,2017,10,9,0,0,FIR ST / W 6TH AVE,Fairview,489746.729,5457060.787
Theft from Vehicle,2017,2,13,8,0,FOLEY ST / GREAT NORTHERN WAY,Strathcona,493703.0382,5457053.6625
Theft from Vehicle,2017,6,25,22,15,FORGE WALK / SITKA SQ,Fairview,490616.7235,5457145.2079
Theft from Vehicle,2017,11,12,16,0,FRANCES ST / VERNON DR,Strathcona,494238.5982,5458529.3656
Theft from Vehicle,2017,3,30,8,1,FRANCES ST / WOODLAND DR,Grandview-Woodland,494713.5898,5458519.6279
Theft from Vehicle,2017,6,9,23,0,FRANCES ST / WOODLAND DR,Grandview-Woodland,494713.5898,5458519.6279
Theft from Vehicle,2017,11,2,23,0,FRANKLIN ST / TEMPLETON DR,Grandview-Woodland,495653.7551,5458816.3196
Theft from Vehicle,2017,4,15,22,0,FRANKLIN ST / WOODLAND DR,Grandview-Woodland,494717.1548,5458831.0137
Theft from Vehicle,2017,4,27,6,10,FRANKLIN ST / WOODLAND DR,Grandview-Woodland,494717.1548,5458831.0137
Theft from Vehicle,2017,4,9,19,0,FRASER ST / KINGSWAY AVE,Kensington-Cedar Cottage,493463.7914,5455970.0072
Theft from Vehicle,2017,5,31,18,0,FRASER ST / KINGSWAY AVE,Kensington-Cedar Cottage,493463.7914,5455970.0072
Theft from Vehicle,2017,3,20,20,0,GARDEN DR / GRANT ST,Grandview-Woodland,495782.9095,5457605.8484
Theft from Vehicle,2017,12,27,15,0,GEORGE ST / PARKER ST,Strathcona,494180.9845,5458128.7343
Theft from Vehicle,2017,1,14,15,0,GLADSTONE ST / SOUTHSIDE DR,Victoria-Fraserview,495461.8034,5450562.5312
Theft from Vehicle,2017,7,21,22,0,GLEN DR / TERMINAL AVE,Strathcona,494077.7928,5457460.8646
Theft from Vehicle,2017,1,13,18,0,GORE AVE / KEEFER ST,Strathcona,492931.226,5458524.6097
Theft from Vehicle,2017,2,20,10,30,GORE AVE / KEEFER ST,Strathcona,492931.226,5458524.6097
Theft from Vehicle,2017,3,25,14,0,GORE AVE / KEEFER ST,Strathcona,492931.226,5458524.6097
Theft from Vehicle,2017,10,8,20,0,GORE AVE / KEEFER ST,Strathcona,492931.226,5458524.6097
Theft from Vehicle,2017,10,22,0,0,GORE AVE / POWELL ST,Strathcona,492893.5328,5458938.3815
Theft from Vehicle,2017,10,31,12,0,GORE AVE / POWELL ST,Strathcona,492893.5328,5458938.3815
Theft from Vehicle,2017,6,29,21,18,GORE AVE / PRIOR ST,Strathcona,492952.8033,5458230.7822
Theft from Vehicle,2017,8,22,1,0,GORE AVE / PRIOR ST,Strathcona,492952.8033,5458230.7822
Theft from Vehicle,2017,9,7,15,0,GORE AVE / PRIOR ST,Strathcona,492952.8033,5458230.7822
Theft from Vehicle,2017,10,25,17,0,GORE AVE / PRIOR ST,Strathcona,492952.8033,5458230.7822
Theft from Vehicle,2017,4,9,0,0,GORE AVE / RAILWAY ST,Strathcona,492882.5912,5459065.2192
Theft from Vehicle,2017,10,12,21,30,GORE AVE / RAILWAY ST,Strathcona,492882.5912,5459065.2192
Theft from Vehicle,2017,11,13,17,0,GORE AVE / RAILWAY ST,Strathcona,492882.5912,5459065.2192
Theft from Vehicle,2017,9,4,17,45,GORE AVE / UNION ST,Strathcona,492947.3789,5458322.4402
Theft from Vehicle,2017,12,31,8,0,GORE AVE / UNION ST,Strathcona,492947.3789,5458322.4402
Theft from Vehicle,2017,11,9,20,0,GRANDVIEW HWY / KASLO ST,Renfrew-Collingwood,496580.4835,5456159.3042
Theft from Vehicle,2017,7,26,0,0,GRANDVIEW HWY / NOOTKA ST,Renfrew-Collingwood,496973.3113,5456154.5492
Theft from Vehicle,2017,5,9,7,30,GRANDVIEW HWY / RENFREW ST,Renfrew-Collingwood,496771.1183,5456159.7259
Theft from Vehicle,2017,8,6,22,23,GRANDVIEW HWY / RENFREW ST,Renfrew-Collingwood,496771.1183,5456159.7259
Theft from Vehicle,2017,6,1,15,23,GRANDVIEW HWY / RUPERT ST,Renfrew-Collingwood,497535.95,5456151.797
Theft from Vehicle,2017,6,4,20,0,GRANDVIEW HWY / RUPERT ST,Renfrew-Collingwood,497535.95,5456151.797
Theft from Vehicle,2017,6,18,8,39,GRANDVIEW HWY / RUPERT ST,Renfrew-Collingwood,497535.95,5456151.797
Theft from Vehicle,2017,6,18,12,15,GRANDVIEW HWY / RUPERT ST,Renfrew-Collingwood,497535.95,5456151.797
Theft from Vehicle,2017,12,9,11,30,GRANDVIEW HWY / RUPERT ST,Renfrew-Collingwood,497535.95,5456151.797
Theft from Vehicle,2017,7,25,15,0,GRANDVIEW HWY / SLOCAN ST,Renfrew-Collingwood,496392.8314,5456125.4079
Theft from Vehicle,2017,1,23,23,0,GRANT ST / PENTICTON ST,Hastings-Sunrise,496211.2928,5457623.9243
Theft from Vehicle,2017,9,8,17,0,GRANVILLE BRDG / GRANVILLE ST,Fairview,489927.4941,5457132.844
Theft from Vehicle,2017,10,7,20,0,GRANVILLE BRDG / SEYMOUR ST,Central Business District,490463.7101,5457908.2565
Theft from Vehicle,2017,11,25,22,30,GRANVILLE BRDG / SEYMOUR ST,Central Business District,490463.7101,5457908.2565
Theft from Vehicle,2017,5,8,6,43,GRANVILLE ST / HELMCKEN ST,Central Business District,490936.8716,5458390.3172
Theft from Vehicle,2017,6,18,13,8,GRANVILLE ST / HELMCKEN ST,Central Business District,490936.8716,5458390.3172
Theft from Vehicle,2017,8,30,21,30,GRANVILLE ST / HELMCKEN ST,Central Business District,490936.8716,5458390.3172
Theft from Vehicle,2017,9,27,11,0,GRANVILLE ST / HELMCKEN ST,Central Business District,490936.8716,5458390.3172
Theft from Vehicle,2017,10,6,9,0,GRANVILLE ST / HELMCKEN ST,Central Business District,490936.8716,5458390.3172
Theft from Vehicle,2017,11,8,17,0,GRANVILLE ST / HELMCKEN ST,Central Business District,490936.8716,5458390.3172
Theft from Vehicle,2017,12,18,11,30,GRANVILLE ST / HELMCKEN ST,Central Business District,490936.8716,5458390.3172
Theft from Vehicle,2017,12,21,18,0,GRANVILLE ST / HELMCKEN ST,Central Business District,490936.8716,5458390.3172
Theft from Vehicle,2017,5,4,8,30,GRANVILLE ST / MATTHEWS AVE,Shaughnessy,489889.2989,5455607.2841
Theft from Vehicle,2017,2,27,1,0,GRANVILLE ST / NELSON ST,Central Business District,491050.9499,5458506.949
Theft from Vehicle,2017,12,22,20,0,GRANVILLE ST / NELSON ST,Central Business District,491050.9499,5458506.949
Theft from Vehicle,2017,2,24,17,0,GRANVILLE ST / PACIFIC ST,Central Business District,490581.4851,5458034.2564
Theft from Vehicle,2017,1,3,18,45,GRANVILLE ST / ROBSON ST,Central Business District,491285.8784,5458741.8424
Theft from Vehicle,2017,4,8,11,15,GRANVILLE ST / ROBSON ST,Central Business District,491285.8784,5458741.8424
Theft from Vehicle,2017,4,24,12,0,GRANVILLE ST / ROBSON ST,Central Business District,491285.8784,5458741.8424
Theft from Vehicle,2017,6,8,10,0,GRANVILLE ST / ROBSON ST,Central Business District,491285.8784,5458741.8424
Theft from Vehicle,2017,6,26,18,30,GRANVILLE ST / ROBSON ST,Central Business District,491285.8784,5458741.8424
Theft from Vehicle,2017,7,25,9,5,GRANVILLE ST / ROBSON ST,Central Business District,491285.8784,5458741.8424
Theft from Vehicle,2017,8,29,15,0,GRANVILLE ST / ROBSON ST,Central Business District,491285.8784,5458741.8424
Theft from Vehicle,2017,11,18,20,30,GRANVILLE ST / ROBSON ST,Central Business District,491285.8784,5458741.8424
Theft from Vehicle,2017,4,17,17,0,GRANVILLE ST / SMITHE ST,Central Business District,491170.9319,5458626.0412
Theft from Vehicle,2017,4,19,9,9,GRANVILLE ST / SMITHE ST,Central Business District,491170.9319,5458626.0412
Theft from Vehicle,2017,8,12,22,30,GRANVILLE ST / SMITHE ST,Central Business District,491170.9319,5458626.0412
Theft from Vehicle,2017,6,3,14,15,GRANVILLE ST / W 10TH AVE,Fairview,489920.1141,5456661.9913
Theft from Vehicle,2017,8,28,15,0,GRANVILLE ST / W 10TH AVE,Fairview,489920.1141,5456661.9913
Theft from Vehicle,2017,10,8,18,10,GRANVILLE ST / W 10TH AVE,Fairview,489920.1141,5456661.9913
Theft from Vehicle,2017,10,19,14,15,GRANVILLE ST / W 10TH AVE,Fairview,489920.1141,5456661.9913
Theft from Vehicle,2017,12,12,20,0,GRANVILLE ST / W 11TH AVE,Fairview,489917.6613,5456558.7524
Theft from Vehicle,2017,8,20,17,30,GRANVILLE ST / W 12TH AVE,Fairview,489908.3964,5456457.6927
Theft from Vehicle,2017,8,24,20,0,GRANVILLE ST / W 12TH AVE,Fairview,489908.3964,5456457.6927
Theft from Vehicle,2017,11,14,23,0,GRANVILLE ST / W 12TH AVE,Fairview,489908.3964,5456457.6927
Theft from Vehicle,2017,7,12,18,0,GRANVILLE ST / W 13TH AVE,Fairview,489905.8745,5456348.1495
Theft from Vehicle,2017,5,26,12,15,GRANVILLE ST / W 14TH AVE,Fairview,489905.8739,5456248.708
Theft from Vehicle,2017,10,16,14,40,GRANVILLE ST / W 14TH AVE,Fairview,489905.8739,5456248.708
Theft from Vehicle,2017,12,11,17,0,GRANVILLE ST / W 14TH AVE,Fairview,489905.8739,5456248.708
Theft from Vehicle,2017,8,2,18,0,GRANVILLE ST / W 36TH AVE,Shaughnessy,489853.3294,5454032.5449
Theft from Vehicle,2017,4,11,17,0,GRANVILLE ST / W 41ST AVE,Kerrisdale,489835.554,5453516.5475
Theft from Vehicle,2017,12,21,18,14,GRANVILLE ST / W 41ST AVE,Kerrisdale,489835.554,5453516.5475
Theft from Vehicle,2017,8,18,22,0,GRANVILLE ST / W 63RD AVE,Marpole,489778.0993,5451254.8465
Theft from Vehicle,2017,12,5,16,45,GRANVILLE ST / W 7TH AVE,Fairview,489923.7054,5456962.5684
Theft from Vehicle,2017,2,3,16,0,GRANVILLE ST / W BROADWAY AVE,Fairview,489918.7797,5456767.6956
Theft from Vehicle,2017,5,19,14,0,GRANVILLE ST / W BROADWAY AVE,Fairview,489918.7797,5456767.6956
Theft from Vehicle,2017,2,15,8,30,GRANVILLE ST / W CORDOVA ST,Central Business District,491792.7299,5459252.2043
Theft from Vehicle,2017,3,31,8,0,GRANVILLE ST / W CORDOVA ST,Central Business District,491792.7299,5459252.2043
Theft from Vehicle,2017,3,31,18,45,GRANVILLE ST / W CORDOVA ST,Central Business District,491792.7299,5459252.2043
Theft from Vehicle,2017,4,1,11,30,GRANVILLE ST / W CORDOVA ST,Central Business District,491792.7299,5459252.2043
Theft from Vehicle,2017,4,5,8,50,GRANVILLE ST / W CORDOVA ST,Central Business District,491792.7299,5459252.2043
Theft from Vehicle,2017,4,15,12,0,GRANVILLE ST / W CORDOVA ST,Central Business District,491792.7299,5459252.2043
Theft from Vehicle,2017,4,16,14,15,GRANVILLE ST / W CORDOVA ST,Central Business District,491792.7299,5459252.2043
Theft from Vehicle,2017,4,22,14,0,GRANVILLE ST / W CORDOVA ST,Central Business District,491792.7299,5459252.2043
Theft from Vehicle,2017,4,23,14,0,GRANVILLE ST / W CORDOVA ST,Central Business District,491792.7299,5459252.2043
Theft from Vehicle,2017,4,27,21,0,GRANVILLE ST / W CORDOVA ST,Central Business District,491792.7299,5459252.2043
Theft from Vehicle,2017,4,28,6,45,GRANVILLE ST / W CORDOVA ST,Central Business District,491792.7299,5459252.2043
Theft from Vehicle,2017,4,28,8,30,GRANVILLE ST / W CORDOVA ST,Central Business District,491792.7299,5459252.2043
Theft from Vehicle,2017,5,3,17,53,GRANVILLE ST / W CORDOVA ST,Central Business District,491792.7299,5459252.2043
Theft from Vehicle,2017,5,6,18,30,GRANVILLE ST / W CORDOVA ST,Central Business District,491792.7299,5459252.2043
Theft from Vehicle,2017,5,7,13,45,GRANVILLE ST / W CORDOVA ST,Central Business District,491792.7299,5459252.2043
Theft from Vehicle,2017,5,7,18,0,GRANVILLE ST / W CORDOVA ST,Central Business District,491792.7299,5459252.2043
Theft from Vehicle,2017,5,9,12,0,GRANVILLE ST / W CORDOVA ST,Central Business District,491792.7299,5459252.2043
Theft from Vehicle,2017,5,13,7,50,GRANVILLE ST / W CORDOVA ST,Central Business District,491792.7299,5459252.2043
Theft from Vehicle,2017,5,13,14,41,GRANVILLE ST / W CORDOVA ST,Central Business District,491792.7299,5459252.2043
Theft from Vehicle,2017,5,17,6,45,GRANVILLE ST / W CORDOVA ST,Central Business District,491792.7299,5459252.2043
Theft from Vehicle,2017,5,21,20,22,GRANVILLE ST / W CORDOVA ST,Central Business District,491792.7299,5459252.2043
Theft from Vehicle,2017,5,23,11,58,GRANVILLE ST / W CORDOVA ST,Central Business District,491792.7299,5459252.2043
Theft from Vehicle,2017,6,2,8,0,GRANVILLE ST / W CORDOVA ST,Central Business District,491792.7299,5459252.2043
Theft from Vehicle,2017,6,3,16,40,GRANVILLE ST / W CORDOVA ST,Central Business District,491792.7299,5459252.2043
Theft from Vehicle,2017,6,5,15,0,GRANVILLE ST / W CORDOVA ST,Central Business District,491792.7299,5459252.2043
Theft from Vehicle,2017,6,5,17,0,GRANVILLE ST / W CORDOVA ST,Central Business District,491792.7299,5459252.2043
Theft from Vehicle,2017,6,9,18,0,GRANVILLE ST / W CORDOVA ST,Central Business District,491792.7299,5459252.2043
Theft from Vehicle,2017,6,9,19,46,GRANVILLE ST / W CORDOVA ST,Central Business District,491792.7299,5459252.2043
Theft from Vehicle,2017,6,10,22,0,GRANVILLE ST / W CORDOVA ST,Central Business District,491792.7299,5459252.2043
Theft from Vehicle,2017,6,29,7,0,GRANVILLE ST / W CORDOVA ST,Central Business District,491792.7299,5459252.2043
Theft from Vehicle,2017,6,29,18,30,GRANVILLE ST / W CORDOVA ST,Central Business District,491792.7299,5459252.2043
Theft from Vehicle,2017,7,1,13,30,GRANVILLE ST / W CORDOVA ST,Central Business District,491792.7299,5459252.2043
Theft from Vehicle,2017,7,1,15,10,GRANVILLE ST / W CORDOVA ST,Central Business District,491792.7299,5459252.2043
Theft from Vehicle,2017,7,4,9,0,GRANVILLE ST / W CORDOVA ST,Central Business District,491792.7299,5459252.2043
Theft from Vehicle,2017,7,4,14,30,GRANVILLE ST / W CORDOVA ST,Central Business District,491792.7299,5459252.2043
Theft from Vehicle,2017,7,9,7,30,GRANVILLE ST / W CORDOVA ST,Central Business District,491792.7299,5459252.2043
Theft from Vehicle,2017,7,10,11,30,GRANVILLE ST / W CORDOVA ST,Central Business District,491792.7299,5459252.2043
Theft from Vehicle,2017,7,10,14,0,GRANVILLE ST / W CORDOVA ST,Central Business District,491792.7299,5459252.2043
Theft from Vehicle,2017,7,11,8,30,GRANVILLE ST / W CORDOVA ST,Central Business District,491792.7299,5459252.2043
Theft from Vehicle,2017,7,15,22,10,GRANVILLE ST / W CORDOVA ST,Central Business District,491792.7299,5459252.2043
Theft from Vehicle,2017,7,16,9,30,GRANVILLE ST / W CORDOVA ST,Central Business District,491792.7299,5459252.2043
Theft from Vehicle,2017,7,18,19,54,GRANVILLE ST / W CORDOVA ST,Central Business District,491792.7299,5459252.2043
Theft from Vehicle,2017,7,20,7,0,GRANVILLE ST / W CORDOVA ST,Central Business District,491792.7299,5459252.2043
Theft from Vehicle,2017,7,20,15,45,GRANVILLE ST / W CORDOVA ST,Central Business District,491792.7299,5459252.2043
Theft from Vehicle,2017,7,20,18,30,GRANVILLE ST / W CORDOVA ST,Central Business District,491792.7299,5459252.2043
Theft from Vehicle,2017,7,22,18,0,GRANVILLE ST / W CORDOVA ST,Central Business District,491792.7299,5459252.2043
Theft from Vehicle,2017,7,23,7,50,GRANVILLE ST / W CORDOVA ST,Central Business District,491792.7299,5459252.2043
Theft from Vehicle,2017,7,27,7,0,GRANVILLE ST / W CORDOVA ST,Central Business District,491792.7299,5459252.2043
Theft from Vehicle,2017,7,27,15,0,GRANVILLE ST / W CORDOVA ST,Central Business District,491792.7299,5459252.2043
Theft from Vehicle,2017,8,3,8,0,GRANVILLE ST / W CORDOVA ST,Central Business District,491792.7299,5459252.2043
Theft from Vehicle,2017,8,4,19,25,GRANVILLE ST / W CORDOVA ST,Central Business District,491792.7299,5459252.2043
Theft from Vehicle,2017,8,6,14,0,GRANVILLE ST / W CORDOVA ST,Central Business District,491792.7299,5459252.2043
Theft from Vehicle,2017,8,11,9,0,GRANVILLE ST / W CORDOVA ST,Central Business District,491792.7299,5459252.2043
Theft from Vehicle,2017,8,11,12,0,GRANVILLE ST / W CORDOVA ST,Central Business District,491792.7299,5459252.2043
Theft from Vehicle,2017,8,13,14,30,GRANVILLE ST / W CORDOVA ST,Central Business District,491792.7299,5459252.2043
Theft from Vehicle,2017,8,20,10,52,GRANVILLE ST / W CORDOVA ST,Central Business District,491792.7299,5459252.2043
Theft from Vehicle,2017,8,21,16,0,GRANVILLE ST / W CORDOVA ST,Central Business District,491792.7299,5459252.2043
Theft from Vehicle,2017,8,30,2,0,GRANVILLE ST / W CORDOVA ST,Central Business District,491792.7299,5459252.2043
Theft from Vehicle,2017,8,31,22,46,GRANVILLE ST / W CORDOVA ST,Central Business District,491792.7299,5459252.2043
Theft from Vehicle,2017,9,2,7,0,GRANVILLE ST / W CORDOVA ST,Central Business District,491792.7299,5459252.2043
Theft from Vehicle,2017,1,7,21,0,GRANVILLE ST / W CORDOVA ST,Central Business District,491792.7303,5459252.2046
Theft from Vehicle,2017,8,26,1,54,GRANVILLE ST / W GEORGIA ST,Central Business District,491408.2273,5458864.9384
Theft from Vehicle,2017,6,2,0,30,GRANVILLE ST / W HASTINGS ST,Central Business District,491720.6978,5459179.6516
Theft from Vehicle,2017,6,8,17,30,GRANVILLE ST / W HASTINGS ST,Central Business District,491720.6978,5459179.6516
Theft from Vehicle,2017,7,14,14,0,GRANVILLE ST / W HASTINGS ST,Central Business District,491720.6978,5459179.6516
Theft from Vehicle,2017,5,11,21,0,GRANVILLE ST / W PENDER ST,Central Business District,491647.8257,5459106.3332
Theft from Vehicle,2017,8,7,21,18,GRANVILLE ST / W PENDER ST,Central Business District,491647.8257,5459106.3332
Theft from Vehicle,2017,11,15,10,30,HAMILTON ST / HELMCKEN ST,Central Business District,491193.7642,5458136.898
Theft from Vehicle,2017,3,14,8,30,HAMILTON ST / MAINLAND ST,Central Business District,491454.4118,5458341.8519
Theft from Vehicle,2017,10,2,2,0,HAMILTON ST / NELSON ST,Central Business District,491307.1931,5458252.3556
Theft from Vehicle,2017,1,3,18,0,HAMILTON ST / ROBSON ST,Central Business District,491566.3725,5458460.3763
Theft from Vehicle,2017,6,2,22,0,HAMILTON ST / ROBSON ST,Central Business District,491566.3725,5458460.3763
Theft from Vehicle,2017,7,20,0,15,HAMILTON ST / ROBSON ST,Central Business District,491566.3725,5458460.3763
Theft from Vehicle,2017,11,15,6,0,HAMILTON ST / ROBSON ST,Central Business District,491566.3725,5458460.3763
Theft from Vehicle,2017,11,17,15,45,HAMILTON ST / ROBSON ST,Central Business District,491566.3725,5458460.3763
Theft from Vehicle,2017,11,30,20,0,HAMILTON ST / ROBSON ST,Central Business District,491566.3725,5458460.3763
Theft from Vehicle,2017,8,29,17,45,HAMILTON ST / W GEORGIA ST,Central Business District,491689.9639,5458582.1207
Theft from Vehicle,2017,12,18,21,0,HAMILTON ST / W GEORGIA ST,Central Business District,491689.9639,5458582.1207
Theft from Vehicle,2017,12,23,23,0,HAMILTON ST / W GEORGIA ST,Central Business District,491689.9639,5458582.1207
Theft from Vehicle,2017,1,5,15,0,HAMILTON ST / W HASTINGS ST,Central Business District,492002.8333,5458896.815
Theft from Vehicle,2017,1,20,22,45,HAMILTON ST / W HASTINGS ST,Central Business District,492002.8333,5458896.815
Theft from Vehicle,2017,1,25,10,0,HAMILTON ST / W PENDER ST,Central Business District,491930.305,5458824.3934
Theft from Vehicle,2017,2,8,20,0,HAMILTON ST / W PENDER ST,Central Business District,491930.305,5458824.3934
Theft from Vehicle,2017,9,19,21,30,HAMILTON ST / W PENDER ST,Central Business District,491930.305,5458824.3934
Theft from Vehicle,2017,11,29,19,0,HAMILTON ST / W PENDER ST,Central Business District,491930.305,5458824.3934
Theft from Vehicle,2017,1,15,23,0,HAMILTON ST / W PENDER ST,Central Business District,491930.3051,5458824.393
Theft from Vehicle,2017,7,23,22,0,HARO ST / THURLOW ST,West End,490842.9498,5459023.4696
Theft from Vehicle,2017,8,3,23,0,HARO ST / THURLOW ST,West End,490842.9498,5459023.4696
Theft from Vehicle,2017,1,11,23,45,HAROLD ST / KINGSWAY AVE,Renfrew-Collingwood,497458.5364,5453428.045
Theft from Vehicle,2017,7,23,12,50,HAROLD ST / SCHOOL AVE,Killarney,497380.2801,5453298.1685
Theft from Vehicle,2017,12,4,14,0,HAROLD ST / SCHOOL AVE,Killarney,497380.2801,5453298.1685
Theft from Vehicle,2017,12,17,23,30,HARWOOD ST / JERVIS ST,West End,490032.9237,5458745.1503
Theft from Vehicle,2017,11,14,18,30,HARWOOD ST / NICOLA ST,West End,489845.1596,5458931.2496
Theft from Vehicle,2017,9,4,20,0,HARWOOD ST / THURLOW ST,West End,490302.8405,5458478.1573
Theft from Vehicle,2017,12,1,22,0,HARWOOD ST / THURLOW ST,West End,490302.8405,5458478.1573
Theft from Vehicle,2017,1,18,14,0,HAWKS AVE / KEEFER ST,Strathcona,493654.832,5458503.2387
Theft from Vehicle,2017,4,7,15,30,HEATHER ST / W 13TH AVE,Fairview,491269.3265,5456313.7225
Theft from Vehicle,2017,9,3,22,0,HEATHER ST / W 24TH AVE,South Cambie,491240.9955,5455263.918
Theft from Vehicle,2017,11,5,2,0,HEATHER ST / W 24TH AVE,South Cambie,491240.9955,5455263.918
Theft from Vehicle,2017,6,10,19,15,HEATHER ST / W 31ST AVE,South Cambie,491226.0575,5454507.4612
Theft from Vehicle,2017,9,5,23,30,HEATHER ST / W 33RD AVE,South Cambie,491219.1464,5454272.9143
Theft from Vehicle,2017,5,5,0,0,HEATHER ST / W BROADWAY AVE,Fairview,491276.9102,5456732.5898
Theft from Vehicle,2017,3,4,5,57,HEATLEY AVE / KEEFER ST,Strathcona,493476.9593,5458504.5756
Theft from Vehicle,2017,3,11,1,10,HEATLEY AVE / POWELL ST,Strathcona,493493.7201,5458920.1509
Theft from Vehicle,2017,10,30,21,30,HEATLEY AVE / PRIOR ST,Strathcona,493472.8163,5458207.8376
Theft from Vehicle,2017,7,25,8,30,HEBB AVE / NOOTKA ST,Renfrew-Collingwood,497080.2371,5456319.3524
Theft from Vehicle,2017,1,5,16,0,HELMCKEN ST / HOMER ST,Central Business District,491149.8021,5458177.612
Theft from Vehicle,2017,10,24,17,45,HELMCKEN ST / HOMER ST,Central Business District,491149.8021,5458177.612
Theft from Vehicle,2017,12,8,19,0,HELMCKEN ST / HORNBY ST,Central Business District,490792.8379,5458530.21
Theft from Vehicle,2017,3,27,11,25,HELMCKEN ST / HOWE ST,Central Business District,490862.9336,5458462.1455
Theft from Vehicle,2017,5,19,19,0,HELMCKEN ST / HOWE ST,Central Business District,490862.9336,5458462.1455
Theft from Vehicle,2017,9,17,0,0,HELMCKEN ST / HOWE ST,Central Business District,490862.9336,5458462.1455
Theft from Vehicle,2017,11,7,16,30,HELMCKEN ST / HOWE ST,Central Business District,490862.9336,5458462.1455
Theft from Vehicle,2017,12,22,18,30,HELMCKEN ST / HOWE ST,Central Business District,490862.9336,5458462.1455
Theft from Vehicle,2017,4,17,22,51,HELMCKEN ST / SEYMOUR ST,Central Business District,491008.8955,5458315.7708
Theft from Vehicle,2017,7,23,14,0,HELMCKEN ST / SEYMOUR ST,Central Business District,491008.8955,5458315.7708
Theft from Vehicle,2017,4,14,21,0,HEMLOCK ST / W 10TH AVE,Fairview,490094.7063,5456656.3941
Theft from Vehicle,2017,1,31,19,0,HIGHBURY ST / W 11TH AVE,West Point Grey,486332.7043,5456662.9306
Theft from Vehicle,2017,8,15,1,20,HIGHBURY ST / W 4TH AVE,West Point Grey,486350.2957,5457336.1396
Theft from Vehicle,2017,6,15,18,30,HIGHBURY ST / W 8TH AVE,West Point Grey,486341.7982,5456961.4684
Theft from Vehicle,2017,12,3,14,59,HOMER ST / PACIFIC BLVD,Central Business District,490842.1761,5457816.5218
Theft from Vehicle,2017,9,10,9,30,HOMER ST / ROBSON ST,Central Business District,491498.8753,5458530.8298
Theft from Vehicle,2017,10,12,15,0,HOMER ST / ROBSON ST,Central Business District,491498.8753,5458530.8298
Theft from Vehicle,2017,3,26,16,54,HOMER ST / SMITHE ST,Central Business District,491384.7673,5458415.9002
Theft from Vehicle,2017,5,6,18,0,HOMER ST / SMITHE ST,Central Business District,491384.7673,5458415.9002
Theft from Vehicle,2017,1,11,21,0,HOMER ST / W CORDOVA ST,Central Business District,492003.712,5459040.6801
Theft from Vehicle,2017,1,14,17,30,HOMER ST / W CORDOVA ST,Central Business District,492003.712,5459040.6801
Theft from Vehicle,2017,1,26,20,0,HOMER ST / W CORDOVA ST,Central Business District,492003.712,5459040.6801
Theft from Vehicle,2017,2,24,22,0,HOMER ST / W CORDOVA ST,Central Business District,492003.712,5459040.6801
Theft from Vehicle,2017,3,17,22,40,HOMER ST / W CORDOVA ST,Central Business District,492003.712,5459040.6801
Theft from Vehicle,2017,3,19,3,0,HOMER ST / W CORDOVA ST,Central Business District,492003.712,5459040.6801
Theft from Vehicle,2017,6,25,15,0,HOMER ST / W CORDOVA ST,Central Business District,492003.712,5459040.6801
Theft from Vehicle,2017,9,26,23,0,HOMER ST / W CORDOVA ST,Central Business District,492003.712,5459040.6801
Theft from Vehicle,2017,10,11,21,0,HOMER ST / W CORDOVA ST,Central Business District,492003.712,5459040.6801
Theft from Vehicle,2017,11,26,14,30,HOMER ST / W CORDOVA ST,Central Business District,492003.712,5459040.6801
Theft from Vehicle,2017,12,3,13,30,HOMER ST / W CORDOVA ST,Central Business District,492003.712,5459040.6801
Theft from Vehicle,2017,12,16,23,40,HOMER ST / W CORDOVA ST,Central Business District,492003.712,5459040.6801
Theft from Vehicle,2017,1,10,10,30,HOMER ST / W CORDOVA ST,Central Business District,492003.712,5459040.6799
Theft from Vehicle,2017,10,1,21,9,HOMER ST / W GEORGIA ST,Central Business District,491620.9984,5458653.2413
Theft from Vehicle,2017,10,2,19,0,HOMER ST / W GEORGIA ST,Central Business District,491620.9984,5458653.2413
Theft from Vehicle,2017,10,3,20,15,HOMER ST / W GEORGIA ST,Central Business District,491620.9984,5458653.2413
Theft from Vehicle,2017,1,3,5,55,HOMER ST / W HASTINGS ST,Central Business District,491931.8761,5458968.1236
Theft from Vehicle,2017,1,9,9,45,HOMER ST / W HASTINGS ST,Central Business District,491931.8761,5458968.1236
Theft from Vehicle,2017,1,15,0,16,HOMER ST / W HASTINGS ST,Central Business District,491931.8761,5458968.1236
Theft from Vehicle,2017,1,14,11,30,HOMER ST / W HASTINGS ST,Central Business District,491931.8766,5458968.1231
Theft from Vehicle,2017,2,15,19,0,HOMER ST / W HASTINGS ST,Central Business District,491931.8766,5458968.1231
Theft from Vehicle,2017,2,21,23,13,HOMER ST / W HASTINGS ST,Central Business District,491931.8766,5458968.1231
Theft from Vehicle,2017,2,27,16,30,HOMER ST / W HASTINGS ST,Central Business District,491931.8766,5458968.1231
Theft from Vehicle,2017,3,5,23,25,HOMER ST / W HASTINGS ST,Central Business District,491931.8766,5458968.1231
Theft from Vehicle,2017,4,10,13,45,HOMER ST / W HASTINGS ST,Central Business District,491931.8766,5458968.1231
Theft from Vehicle,2017,4,29,23,10,HOMER ST / W HASTINGS ST,Central Business District,491931.8766,5458968.1231
Theft from Vehicle,2017,6,1,18,0,HOMER ST / W HASTINGS ST,Central Business District,491931.8766,5458968.1231
Theft from Vehicle,2017,6,5,10,18,HOMER ST / W HASTINGS ST,Central Business District,491931.8766,5458968.1231
Theft from Vehicle,2017,6,26,22,42,HOMER ST / W HASTINGS ST,Central Business District,491931.8766,5458968.1231
Theft from Vehicle,2017,6,28,10,0,HOMER ST / W HASTINGS ST,Central Business District,491931.8766,5458968.1231
Theft from Vehicle,2017,8,29,15,0,HOMER ST / W HASTINGS ST,Central Business District,491931.8766,5458968.1231
Theft from Vehicle,2017,9,17,10,30,HOMER ST / W HASTINGS ST,Central Business District,491931.8766,5458968.1231
Theft from Vehicle,2017,9,21,20,30,HOMER ST / W HASTINGS ST,Central Business District,491931.8766,5458968.1231
Theft from Vehicle,2017,10,9,0,10,HOMER ST / W HASTINGS ST,Central Business District,491931.8766,5458968.1231
Theft from Vehicle,2017,10,17,17,0,HOMER ST / W HASTINGS ST,Central Business District,491931.8766,5458968.1231
Theft from Vehicle,2017,10,20,19,45,HOMER ST / W HASTINGS ST,Central Business District,491931.8766,5458968.1231
Theft from Vehicle,2017,11,17,10,0,HOMER ST / W HASTINGS ST,Central Business District,491931.8766,5458968.1231
Theft from Vehicle,2017,12,1,20,0,HOMER ST / W HASTINGS ST,Central Business District,491931.8766,5458968.1231
Theft from Vehicle,2017,12,7,1,50,HOMER ST / W HASTINGS ST,Central Business District,491931.8766,5458968.1231
Theft from Vehicle,2017,12,16,1,0,HOMER ST / W HASTINGS ST,Central Business District,491931.8766,5458968.1231
Theft from Vehicle,2017,12,24,23,20,HOMER ST / W HASTINGS ST,Central Business District,491931.8766,5458968.1231
Theft from Vehicle,2017,5,29,22,30,HOMER ST / W PENDER ST,Central Business District,491860.155,5458896.0568
Theft from Vehicle,2017,6,11,13,0,HOMER ST / W PENDER ST,Central Business District,491860.155,5458896.0568
Theft from Vehicle,2017,6,29,23,43,HOMER ST / W PENDER ST,Central Business District,491860.155,5458896.0568
Theft from Vehicle,2017,8,10,23,30,HOMER ST / W PENDER ST,Central Business District,491860.155,5458896.0568
Theft from Vehicle,2017,8,11,20,40,HOMER ST / W PENDER ST,Central Business District,491860.155,5458896.0568
Theft from Vehicle,2017,8,22,22,0,HOMER ST / W PENDER ST,Central Business District,491860.155,5458896.0568
Theft from Vehicle,2017,12,22,18,0,HOMER ST / W PENDER ST,Central Business District,491860.155,5458896.0568
Theft from Vehicle,2017,7,13,5,58,HORLEY ST / MANOR ST,Renfrew-Collingwood,496875.7116,5453933.9903
Theft from Vehicle,2017,9,15,22,0,HORLEY ST / MOSS ST,Renfrew-Collingwood,496669.8707,5454060.6992
Theft from Vehicle,2017,10,30,8,0,HORLEY ST / RUPERT ST,Renfrew-Collingwood,497017.7903,5453842.8298
Theft from Vehicle,2017,8,26,23,0,HORNBY ST / NELSON ST,Central Business District,490909.8511,5458649.9239
Theft from Vehicle,2017,12,3,23,30,HORNBY ST / NELSON ST,Central Business District,490909.8511,5458649.9239
Theft from Vehicle,2017,12,31,15,15,HORNBY ST / NELSON ST,Central Business District,490909.8511,5458649.9239
Theft from Vehicle,2017,1,25,12,30,HORNBY ST / PACIFIC ST,Central Business District,490443.8997,5458177.7725
Theft from Vehicle,2017,8,17,17,0,HORNBY ST / PACIFIC ST,Central Business District,490443.8997,5458177.7725
Theft from Vehicle,2017,9,16,0,0,HORNBY ST / SMITHE ST,Central Business District,491027.1656,5458765.1155
Theft from Vehicle,2017,10,25,0,18,HORNBY ST / SMITHE ST,Central Business District,491027.1656,5458765.1155
Theft from Vehicle,2017,11,21,11,0,HORNBY ST / SMITHE ST,Central Business District,491027.1656,5458765.1155
Theft from Vehicle,2017,1,25,23,0,HORNBY ST / W GEORGIA ST,Central Business District,491266.1032,5459007.3499
Theft from Vehicle,2017,1,28,17,50,HORNBY ST / W GEORGIA ST,Central Business District,491266.1032,5459007.3499
Theft from Vehicle,2017,3,1,10,0,HORNBY ST / W HASTINGS ST,Central Business District,491576.8378,5459323.6358
Theft from Vehicle,2017,7,11,16,0,HORNBY ST / W PENDER ST,Central Business District,491501.3279,5459246.9334
Theft from Vehicle,2017,11,25,13,0,HORNBY ST / W PENDER ST,Central Business District,491501.3279,5459246.9334
Theft from Vehicle,2017,2,23,21,0,HOWE ST / NELSON ST,Central Business District,490978.3734,5458580.1297
Theft from Vehicle,2017,6,6,23,30,HOWE ST / NELSON ST,Central Business District,490978.3734,5458580.1297
Theft from Vehicle,2017,6,8,22,30,HOWE ST / NELSON ST,Central Business District,490978.3734,5458580.1297
Theft from Vehicle,2017,8,1,22,0,HOWE ST / NELSON ST,Central Business District,490978.3734,5458580.1297
Theft from Vehicle,2017,8,2,19,30,HOWE ST / NELSON ST,Central Business District,490978.3734,5458580.1297
Theft from Vehicle,2017,10,7,15,0,HOWE ST / NELSON ST,Central Business District,490978.3734,5458580.1297
Theft from Vehicle,2017,10,13,21,0,HOWE ST / NELSON ST,Central Business District,490978.3734,5458580.1297
Theft from Vehicle,2017,10,21,9,0,HOWE ST / NELSON ST,Central Business District,490978.3734,5458580.1297
Theft from Vehicle,2017,11,5,20,15,HOWE ST / NELSON ST,Central Business District,490978.3734,5458580.1297
Theft from Vehicle,2017,11,16,7,3,HOWE ST / NELSON ST,Central Business District,490978.3734,5458580.1297
Theft from Vehicle,2017,11,18,20,0,HOWE ST / NELSON ST,Central Business District,490978.3734,5458580.1297
Theft from Vehicle,2017,11,20,1,0,HOWE ST / NELSON ST,Central Business District,490978.3734,5458580.1297
Theft from Vehicle,2017,11,27,23,0,HOWE ST / NELSON ST,Central Business District,490978.3734,5458580.1297
Theft from Vehicle,2017,12,12,22,4,HOWE ST / NELSON ST,Central Business District,490978.3734,5458580.1297
Theft from Vehicle,2017,12,12,23,0,HOWE ST / NELSON ST,Central Business District,490978.3734,5458580.1297
Theft from Vehicle,2017,12,25,21,0,HOWE ST / NELSON ST,Central Business District,490978.3734,5458580.1297
Theft from Vehicle,2017,12,28,23,0,HOWE ST / NELSON ST,Central Business District,490978.3734,5458580.1297
Theft from Vehicle,2017,1,13,23,0,HOWE ST / ROBSON ST,Central Business District,491211.4749,5458814.3895
Theft from Vehicle,2017,3,8,23,0,HOWE ST / ROBSON ST,Central Business District,491211.4749,5458814.3895
Theft from Vehicle,2017,3,19,16,40,HOWE ST / ROBSON ST,Central Business District,491211.4749,5458814.3895
Theft from Vehicle,2017,8,27,18,0,HOWE ST / ROBSON ST,Central Business District,491211.4749,5458814.3895
Theft from Vehicle,2017,9,18,20,45,HOWE ST / ROBSON ST,Central Business District,491211.4749,5458814.3895
Theft from Vehicle,2017,10,7,14,20,HOWE ST / ROBSON ST,Central Business District,491211.4749,5458814.3895
Theft from Vehicle,2017,11,18,23,0,HOWE ST / ROBSON ST,Central Business District,491211.4749,5458814.3895
Theft from Vehicle,2017,12,2,1,30,HOWE ST / ROBSON ST,Central Business District,491211.4749,5458814.3895
Theft from Vehicle,2017,12,24,20,30,HOWE ST / ROBSON ST,Central Business District,491211.4749,5458814.3895
Theft from Vehicle,2017,1,22,1,59,HOWE ST / SMITHE ST,Central Business District,491095.1705,5458699.548
Theft from Vehicle,2017,3,6,2,0,HOWE ST / SMITHE ST,Central Business District,491095.1705,5458699.548
Theft from Vehicle,2017,3,7,1,45,HOWE ST / SMITHE ST,Central Business District,491095.1705,5458699.548
Theft from Vehicle,2017,3,12,1,57,HOWE ST / SMITHE ST,Central Business District,491095.1705,5458699.548
Theft from Vehicle,2017,4,30,1,30,HOWE ST / SMITHE ST,Central Business District,491095.1705,5458699.548
Theft from Vehicle,2017,7,15,20,25,HOWE ST / SMITHE ST,Central Business District,491095.1705,5458699.548
Theft from Vehicle,2017,7,16,0,0,HOWE ST / SMITHE ST,Central Business District,491095.1705,5458699.548
Theft from Vehicle,2017,8,13,0,30,HOWE ST / SMITHE ST,Central Business District,491095.1705,5458699.548
Theft from Vehicle,2017,8,23,23,0,HOWE ST / SMITHE ST,Central Business District,491095.1705,5458699.548
Theft from Vehicle,2017,9,19,1,0,HOWE ST / SMITHE ST,Central Business District,491095.1705,5458699.548
Theft from Vehicle,2017,10,8,22,0,HOWE ST / SMITHE ST,Central Business District,491095.1705,5458699.548
Theft from Vehicle,2017,10,10,19,0,HOWE ST / SMITHE ST,Central Business District,491095.1705,5458699.548
Theft from Vehicle,2017,11,26,20,0,HOWE ST / SMITHE ST,Central Business District,491095.1705,5458699.548
Theft from Vehicle,2017,11,27,22,30,HOWE ST / SMITHE ST,Central Business District,491095.1705,5458699.548
Theft from Vehicle,2017,12,23,23,45,HOWE ST / SMITHE ST,Central Business District,491095.1705,5458699.548
Theft from Vehicle,2017,2,9,22,0,HOWE ST / W CORDOVA ST,Central Business District,491719.4859,5459323.804
Theft from Vehicle,2017,6,19,8,30,HOWE ST / W CORDOVA ST,Central Business District,491719.4859,5459323.804
Theft from Vehicle,2017,11,7,22,18,HOWE ST / W CORDOVA ST,Central Business District,491719.4859,5459323.804
Theft from Vehicle,2017,12,18,18,30,HOWE ST / W CORDOVA ST,Central Business District,491719.4859,5459323.804
Theft from Vehicle,2017,1,21,23,0,HOWE ST / W GEORGIA ST,Central Business District,491334.3345,5458937.8604
Theft from Vehicle,2017,12,2,1,0,HOWE ST / W GEORGIA ST,Central Business District,491334.3345,5458937.8604
Theft from Vehicle,2017,1,17,18,0,HOWE ST / W HASTINGS ST,Central Business District,491647.3291,5459253.0571
Theft from Vehicle,2017,7,9,21,50,HOWE ST / W HASTINGS ST,Central Business District,491647.3291,5459253.0571
Theft from Vehicle,2017,9,21,20,30,HOWE ST / W HASTINGS ST,Central Business District,491647.3291,5459253.0571
Theft from Vehicle,2017,6,30,18,0,HOWE ST / W PENDER ST,Central Business District,491575.303,5459176.0038
Theft from Vehicle,2017,2,15,0,0,HUDSON ST / W 76TH AVE,Marpole,490147.0425,5449865.1657
Theft from Vehicle,2017,7,4,23,4,INDUSTRIAL AVE / WESTERN ST,Strathcona,492724.9374,5457526.533
Theft from Vehicle,2017,3,27,15,0,JACKSON AVE / KEEFER ST,Strathcona,493198.7768,5458516.5684
Theft from Vehicle,2017,4,9,0,5,JACKSON AVE / KEEFER ST,Strathcona,493198.7768,5458516.5684
Theft from Vehicle,2017,9,14,10,0,JACKSON AVE / KEEFER ST,Strathcona,493198.7768,5458516.5684
Theft from Vehicle,2017,7,31,23,30,JACKSON AVE / POWELL ST,Strathcona,493211.1922,5458928.7189
Theft from Vehicle,2017,8,26,17,30,JACKSON AVE / POWELL ST,Strathcona,493211.1922,5458928.7189
Theft from Vehicle,2017,11,17,8,30,JACKSON AVE / POWELL ST,Strathcona,493211.1922,5458928.7189
Theft from Vehicle,2017,12,4,15,50,JACKSON AVE / POWELL ST,Strathcona,493211.1922,5458928.7189
Theft from Vehicle,2017,6,13,22,0,JACKSON AVE / UNION ST,Strathcona,493192.7899,5458315.6458
Theft from Vehicle,2017,8,15,19,0,JERVIS ST / MELVILLE ST,Central Business District,490852.0239,5459576.8527
Theft from Vehicle,2017,11,9,0,0,JERVIS ST / NELSON ST,West End,490420.3439,5459135.3049
Theft from Vehicle,2017,3,20,20,0,JERVIS ST / PACIFIC ST,West End,489954.9826,5458667.6386
Theft from Vehicle,2017,5,17,1,0,JERVIS ST / PACIFIC ST,West End,489954.9826,5458667.6386
Theft from Vehicle,2017,3,26,3,10,JERVIS ST / ROBSON ST,West End,490652.6246,5459369.109
Theft from Vehicle,2017,3,24,0,0,JERVIS ST / W CORDOVA ST,Central Business District,490989.1037,5459710.3422
Theft from Vehicle,2017,12,27,22,0,JERVIS ST / W GEORGIA ST,West End,490773.7932,5459495.0508
Theft from Vehicle,2017,9,8,10,0,JERVIS ST / W HASTINGS ST,Central Business District,490917.96,5459639.9556
Theft from Vehicle,2017,12,9,9,0,JERVIS ST / W PENDER ST,Central Business District,490868.7488,5459594.2682
Theft from Vehicle,2017,5,10,2,0,JOYCE ST / KINGSWAY AVE,Renfrew-Collingwood,497384.3161,5453488.0778
Theft from Vehicle,2017,6,19,22,0,JOYCE ST / KINGSWAY AVE,Renfrew-Collingwood,497384.3161,5453488.0778
Theft from Vehicle,2017,8,7,14,45,JOYCE ST / KINGSWAY AVE,Renfrew-Collingwood,497384.3161,5453488.0778
Theft from Vehicle,2017,10,24,20,45,JOYCE ST / KINGSWAY AVE,Renfrew-Collingwood,497384.3161,5453488.0778
Theft from Vehicle,2017,12,17,0,0,JOYCE ST / KINGSWAY AVE,Renfrew-Collingwood,497384.3161,5453488.0778
Theft from Vehicle,2017,3,13,16,0,JOYCE ST / VANNESS AVE,Renfrew-Collingwood,497681.6363,5453940.94
Theft from Vehicle,2017,11,10,21,0,JOYCE ST / VANNESS AVE,Renfrew-Collingwood,497681.6363,5453940.94
Theft from Vehicle,2017,10,12,16,45,JOYCE ST / WELLINGTON AVE,Renfrew-Collingwood,497807.0369,5454140.9054
Theft from Vehicle,2017,7,1,13,30,KAMLOOPS ST / PARKER ST,Hastings-Sunrise,496022.747,5458117.4103
Theft from Vehicle,2017,12,1,23,0,KAMLOOPS ST / TRIUMPH ST,Hastings-Sunrise,496030.3289,5459017.9432
Theft from Vehicle,2017,2,1,22,30,KEEFER PL / TAYLOR ST,Central Business District,492282.1356,5458527.8841
Theft from Vehicle,2017,3,9,5,58,KEEFER PL / TAYLOR ST,Central Business District,492282.1356,5458527.8841
Theft from Vehicle,2017,7,22,15,0,KEEFER PL / TAYLOR ST,Central Business District,492282.1356,5458527.8841
Theft from Vehicle,2017,8,2,22,0,KEEFER PL / TAYLOR ST,Central Business District,492282.1356,5458527.8841
Theft from Vehicle,2017,9,30,21,30,KEEFER PL / TAYLOR ST,Central Business District,492282.1356,5458527.8841
Theft from Vehicle,2017,10,3,21,30,KEEFER PL / TAYLOR ST,Central Business District,492282.1356,5458527.8841
Theft from Vehicle,2017,11,4,20,0,KEEFER PL / TAYLOR ST,Central Business District,492282.1356,5458527.8841
Theft from Vehicle,2017,4,15,19,30,KEEFER ST / MAIN ST,Strathcona,492745.8373,5458530.0657
Theft from Vehicle,2017,6,5,13,15,KEEFER ST / MAIN ST,Strathcona,492745.8373,5458530.0657
Theft from Vehicle,2017,6,21,22,30,KEEFER ST / MAIN ST,Strathcona,492745.8373,5458530.0657
Theft from Vehicle,2017,6,22,19,15,KEEFER ST / MAIN ST,Strathcona,492745.8373,5458530.0657
Theft from Vehicle,2017,11,25,22,30,KEEFER ST / MAIN ST,Strathcona,492745.8373,5458530.0657
Theft from Vehicle,2017,12,8,20,55,KEEFER ST / MAIN ST,Strathcona,492745.8373,5458530.0657
Theft from Vehicle,2017,12,23,20,0,KEEFER ST / MAIN ST,Strathcona,492745.8373,5458530.0657
Theft from Vehicle,2017,6,11,20,0,KEEFER ST / QUEBEC ST,Central Business District,492569.9919,5458508.4776
Theft from Vehicle,2017,8,7,13,0,KEEFER ST / QUEBEC ST,Central Business District,492569.9919,5458508.4776
Theft from Vehicle,2017,8,9,8,0,KEEFER ST / QUEBEC ST,Central Business District,492569.9919,5458508.4776
Theft from Vehicle,2017,10,28,21,0,KEEFER ST / QUEBEC ST,Central Business District,492569.9919,5458508.4776
Theft from Vehicle,2017,12,7,12,30,KEEFER ST / QUEBEC ST,Central Business District,492569.9919,5458508.4776
Theft from Vehicle,2017,9,1,21,56,KERR ST / KINGSWAY AVE,Renfrew-Collingwood,497121.1755,5453652.1741
Theft from Vehicle,2017,10,12,22,0,KERR ST / KINGSWAY AVE,Renfrew-Collingwood,497121.1755,5453652.1741
Theft from Vehicle,2017,8,17,19,0,KERR ST / SCHOOL AVE,Renfrew-Collingwood,497070.6336,5453504.1004
Theft from Vehicle,2017,7,2,20,0,KERSLAND DR / W 33RD AVE,Riley Park,491488.5497,5454256.8941
Theft from Vehicle,2017,8,30,20,20,KINGSWAY AVE / LINCOLN ST,Killarney,498072.0579,5453265.099
Theft from Vehicle,2017,9,21,2,33,KINGSWAY AVE / LINCOLN ST,Killarney,498072.0579,5453265.099
Theft from Vehicle,2017,9,27,22,0,KINGSWAY AVE / MCHARDY ST,Renfrew-Collingwood,497180.1413,5453623.6282
Theft from Vehicle,2017,5,19,21,53,KINGSWAY AVE / ORMIDALE ST,Killarney,498174.3038,5453272.068
Theft from Vehicle,2017,9,30,21,0,KINGSWAY AVE / ORMIDALE ST,Killarney,498174.3038,5453272.068
Theft from Vehicle,2017,3,16,18,0,KINGSWAY AVE / RUPERT ST,Renfrew-Collingwood,496918.1785,5453685.4235
Theft from Vehicle,2017,11,13,0,49,KINGSWAY AVE / RUPERT ST,Renfrew-Collingwood,496918.1785,5453685.4235
Theft from Vehicle,2017,12,16,18,30,KINGSWAY AVE / RUPERT ST,Renfrew-Collingwood,496918.1785,5453685.4235
Theft from Vehicle,2017,12,15,0,15,KINGSWAY AVE / SIDNEY ST,Kensington-Cedar Cottage,495358.9025,5454638.3759
Theft from Vehicle,2017,2,16,17,10,KINGSWAY AVE / SLOCAN ST,Renfrew-Collingwood,496064.4396,5454138.462
Theft from Vehicle,2017,12,3,0,0,KINGSWAY AVE / SLOCAN ST,Renfrew-Collingwood,496064.4396,5454138.462
Theft from Vehicle,2017,3,13,8,30,KINGSWAY AVE / ST GEORGE ST,Mount Pleasant,493226.3033,5456115.6166
Theft from Vehicle,2017,10,23,13,15,KINGSWAY AVE / VICTORIA DR,Kensington-Cedar Cottage,495256.4701,5454709.8234
Theft from Vehicle,2017,11,27,7,25,KINGSWAY AVE / WESSEX ST,Renfrew-Collingwood,497519.6665,5453379.681
Theft from Vehicle,2017,8,23,20,30,KINGSWAY AVE / WINDSOR ST,Kensington-Cedar Cottage,493907.8261,5455678.5314
Theft from Vehicle,2017,3,19,12,15,KITCHENER ST / SALSBURY DR,Grandview-Woodland,495077.8662,5457710.1108
Theft from Vehicle,2017,5,5,10,0,KULLAHUN DR / SW MARINE DR,Musqueam,485058.2443,5453840.1155
Theft from Vehicle,2017,9,8,21,30,LABURNUM ST / W 39TH AVE,Shaughnessy,489042.9831,5453742.8868
Theft from Vehicle,2017,8,4,17,15,LABURNUM ST / W 41ST AVE,Kerrisdale,489036.268,5453536.3682
Theft from Vehicle,2017,10,15,23,0,LAKEWOOD DR / TURNER ST,Grandview-Woodland,495508.8789,5458486.7928
Theft from Vehicle,2017,3,31,16,0,LAMEYS MILL RD / THE CASTINGS ST,Fairview,490493.2269,5457084.8426
Theft from Vehicle,2017,6,24,18,0,LARCH ST / W 39TH AVE,Arbutus Ridge,488158.0757,5453763.8292
Theft from Vehicle,2017,3,24,17,30,LARCH ST / W 41ST AVE,Arbutus Ridge,488152.0933,5453557.9876
Theft from Vehicle,2017,10,4,11,20,LARCH ST / W BROADWAY AVE,Kitsilano,488183.8241,5456814.9156
Theft from Vehicle,2017,3,9,22,0,LARCH ST / YORK AVE,Kitsilano,488205.6298,5457687.4276
Theft from Vehicle,2017,8,20,2,0,LAUREL ST / W 12TH AVE,Fairview,490872.801,5456434.5685
Theft from Vehicle,2017,6,16,18,35,LAUREL ST / W 14TH AVE,Fairview,490951.4138,5456220.1415
Theft from Vehicle,2017,10,12,19,30,LAUREL ST / W 20TH AVE,South Cambie,490929.7156,5455642.4044
Theft from Vehicle,2017,7,8,1,0,LAUREL ST / W 22ND AVE,South Cambie,490930.5998,5455440.704
Theft from Vehicle,2017,11,22,5,0,LAUREL ST / W 26TH AVE,South Cambie,490906.883,5455045.4056
Theft from Vehicle,2017,11,11,15,0,LAUREL ST / W 27TH AVE,South Cambie,490917.9366,5454941.8258
Theft from Vehicle,2017,9,19,2,0,LAUREL ST / W 7TH AVE,Fairview,490970.7353,5456935.9367
Theft from Vehicle,2017,11,11,20,0,LAUREL ST / W 7TH AVE,Fairview,490970.7353,5456935.9367
Theft from Vehicle,2017,11,30,22,0,MACDONALD ST / W 2ND AVE,Kitsilano,487762.6395,5457500.6941
Theft from Vehicle,2017,2,10,18,30,MACDONALD ST / W 4TH AVE,Kitsilano,487757.8752,5457304.7212
Theft from Vehicle,2017,6,4,16,15,MAIN ST / MILROSS AVE,Central Business District,492729.3594,5458147.1262
Theft from Vehicle,2017,7,2,0,0,MAIN ST / MILROSS AVE,Central Business District,492729.3594,5458147.1262
Theft from Vehicle,2017,4,10,11,28,MAIN ST / NATIONAL AVE,Central Business District,492726.4871,5458024.673
Theft from Vehicle,2017,7,26,0,0,MAIN ST / NATIONAL AVE,Central Business District,492726.4871,5458024.673
Theft from Vehicle,2017,8,28,12,20,MAIN ST / NATIONAL AVE,Central Business District,492726.4871,5458024.673
Theft from Vehicle,2017,3,18,21,39,MAIN ST / POWELL ST,Strathcona,492759.2547,5458942.4691
Theft from Vehicle,2017,3,23,11,0,MAIN ST / POWELL ST,Strathcona,492759.2547,5458942.4691
Theft from Vehicle,2017,3,24,16,15,MAIN ST / POWELL ST,Strathcona,492759.2547,5458942.4691
Theft from Vehicle,2017,8,11,21,20,MAIN ST / POWELL ST,Strathcona,492759.2547,5458942.4691
Theft from Vehicle,2017,8,14,11,45,MAIN ST / POWELL ST,Strathcona,492759.2547,5458942.4691
Theft from Vehicle,2017,10,5,16,50,MAIN ST / POWELL ST,Strathcona,492759.2547,5458942.4691
Theft from Vehicle,2017,10,19,15,0,MAIN ST / POWELL ST,Strathcona,492759.2547,5458942.4691
Theft from Vehicle,2017,11,29,10,15,MAIN ST / POWELL ST,Strathcona,492759.2547,5458942.4691
Theft from Vehicle,2017,3,14,17,30,MAIN ST / PRIOR ST,Central Business District,492731.4661,5458227.744
Theft from Vehicle,2017,4,22,17,30,MAIN ST / PRIOR ST,Central Business District,492731.4661,5458227.744
Theft from Vehicle,2017,6,18,14,0,MAIN ST / PRIOR ST,Central Business District,492731.4661,5458227.744
Theft from Vehicle,2017,7,22,10,0,MAIN ST / PRIOR ST,Central Business District,492731.4661,5458227.744
Theft from Vehicle,2017,8,2,19,30,MAIN ST / PRIOR ST,Central Business District,492731.4661,5458227.744
Theft from Vehicle,2017,8,6,20,0,MAIN ST / PRIOR ST,Central Business District,492731.4661,5458227.744
Theft from Vehicle,2017,12,11,18,0,MAIN ST / PRIOR ST,Central Business District,492731.4661,5458227.744
Theft from Vehicle,2017,12,28,19,10,MAIN ST / PRIOR ST,Central Business District,492731.4661,5458227.744
Theft from Vehicle,2017,1,11,11,33,MAIN ST / PRIOR ST,Central Business District,492731.4661,5458227.7444
Theft from Vehicle,2017,1,3,20,0,MAIN ST / SE MARINE DR,Sunset,492554.4729,5450922.3789
Theft from Vehicle,2017,6,11,1,3,MAIN ST / TERMINAL AVE,Mount Pleasant,492718.2454,5457784.5846
Theft from Vehicle,2017,8,7,10,45,MAIN ST / TERMINAL AVE,Mount Pleasant,492718.2454,5457784.5846
Theft from Vehicle,2017,8,12,11,3,MAIN ST / TERMINAL AVE,Mount Pleasant,492718.2454,5457784.5846
Theft from Vehicle,2017,9,15,16,30,MAIN ST / TERMINAL AVE,Mount Pleasant,492718.2454,5457784.5846
Theft from Vehicle,2017,10,25,0,0,MAIN ST / TERMINAL AVE,Mount Pleasant,492718.2454,5457784.5846
Theft from Vehicle,2017,10,29,19,42,MAIN ST / TERMINAL AVE,Mount Pleasant,492718.2454,5457784.5846
Theft from Vehicle,2017,4,27,0,3,MAIN ST / UNION ST,Central Business District,492733.6621,5458331.7978
Theft from Vehicle,2017,6,12,18,0,MAIN ST / UNION ST,Central Business District,492733.6621,5458331.7978
Theft from Vehicle,2017,8,6,19,0,MAIN ST / UNION ST,Central Business District,492733.6621,5458331.7978
Theft from Vehicle,2017,6,9,8,50,MAIN ST / WATSON ST,Riley Park,492661.6522,5455739.4838
Theft from Vehicle,2017,5,5,18,0,MAINLAND ST / NELSON ST,Central Business District,491346.2927,5458214.8487
Theft from Vehicle,2017,6,5,19,20,MAINLAND ST / NELSON ST,Central Business District,491346.2927,5458214.8487
Theft from Vehicle,2017,9,29,4,10,MAINLAND ST / NELSON ST,Central Business District,491346.2927,5458214.8487
Theft from Vehicle,2017,11,12,1,0,MAINLAND ST / NELSON ST,Central Business District,491346.2927,5458214.8487
Theft from Vehicle,2017,5,13,15,30,MANITOBA ST / SW MARINE DR,Marpole,491990.0002,5451041.7547
Theft from Vehicle,2017,6,21,3,0,MANITOBA ST / W 10TH AVE,Mount Pleasant,492224.161,5456598.921
Theft from Vehicle,2017,10,29,18,0,MANITOBA ST / W 18TH AVE,Riley Park,492199.2333,5455776.706
Theft from Vehicle,2017,7,18,8,0,MANITOBA ST / W 22ND AVE,Riley Park,492188.7605,5455365.458
Theft from Vehicle,2017,4,22,9,50,MANITOBA ST / W 3RD AVE,Mount Pleasant,492243.9557,5457292.5656
Theft from Vehicle,2017,7,10,23,43,MANITOBA ST / W 3RD AVE,Mount Pleasant,492243.9557,5457292.5656
Theft from Vehicle,2017,10,28,22,0,MANITOBA ST / W 46TH AVE,Oakridge,492113.1111,5452875.6448
Theft from Vehicle,2017,12,20,14,0,MANITOBA ST / W 69TH AVE,Marpole,491978.6424,5450753.8096
Theft from Vehicle,2017,1,20,8,0,MANITOBA ST / W 6TH AVE,Mount Pleasant,492233.3904,5456987.883
Theft from Vehicle,2017,9,9,6,26,MANITOBA ST / W 6TH AVE,Mount Pleasant,492233.3904,5456987.883
Theft from Vehicle,2017,1,30,17,0,MANITOBA ST / W 7TH AVE,Mount Pleasant,492230.848,5456887.4433
Theft from Vehicle,2017,3,28,19,15,MANITOBA ST / W 7TH AVE,Mount Pleasant,492230.848,5456887.4433
Theft from Vehicle,2017,12,12,15,45,MANITOBA ST / W 7TH AVE,Mount Pleasant,492230.848,5456887.4433
Theft from Vehicle,2017,5,8,17,30,MANITOBA ST / W 8TH AVE,Mount Pleasant,492229.6222,5456787.4585
Theft from Vehicle,2017,6,14,10,0,MAPLE ST / W 10TH AVE,Kitsilano,489044.6389,5456684.3435
Theft from Vehicle,2017,8,11,14,54,MAPLE ST / W 13TH AVE,Kitsilano,489036.9749,5456372.4245
Theft from Vehicle,2017,2,9,18,0,MAPLE ST / W 3RD AVE,Kitsilano,489062.0592,5457369.6763
Theft from Vehicle,2017,8,22,18,0,MAPLE ST / W 45TH AVE,Kerrisdale,488920.296,5453125.8708
Theft from Vehicle,2017,7,15,13,45,MAPLE ST / W 5TH AVE,Kitsilano,489056.9389,5457172.5135
Theft from Vehicle,2017,9,6,20,0,MAPLE ST / W BROADWAY AVE,Kitsilano,489047.1288,5456790.7841
Theft from Vehicle,2017,6,21,21,38,MAPLE ST / YORK AVE,Kitsilano,489067.1636,5457661.2672
Theft from Vehicle,2017,6,29,17,30,MARINASIDE CRES / PACIFIC BLVD,Central Business District,491633.64,5457941.8074
Theft from Vehicle,2017,6,30,10,1,MARINASIDE CRES / PACIFIC BLVD,Central Business District,491633.64,5457941.8074
Theft from Vehicle,2017,1,16,6,20,MARKET HILL / MOBERLY RD,Fairview,491316.0856,5457108.7701
Theft from Vehicle,2017,9,22,20,0,MARPOLE AVE / MCRAE AVE,Fairview,489940.3912,5456052.9622
Theft from Vehicle,2017,12,1,15,0,MARPOLE AVE / W 16TH AVE,Fairview,489900.6101,5456041.1288
Theft from Vehicle,2017,10,12,17,30,MCGEER ST / VANNESS AVE,Renfrew-Collingwood,497545.1969,5454030.6463
Theft from Vehicle,2017,8,17,22,0,MCLEAN DR / NAPIER ST,Grandview-Woodland,494583.3261,5458017.8418
Theft from Vehicle,2017,9,25,20,40,MCLEAN DR / POWELL ST,Grandview-Woodland,494614.3351,5458945.531
Theft from Vehicle,2017,9,29,6,32,MCLEAN DR / POWELL ST,Grandview-Woodland,494614.3351,5458945.531
Theft from Vehicle,2017,3,25,20,36,MELVILLE ST / THURLOW ST,Central Business District,491128.8817,5459308.5771
Theft from Vehicle,2017,10,28,14,0,MELVILLE ST / THURLOW ST,Central Business District,491128.8817,5459308.5771
Theft from Vehicle,2017,12,6,11,0,MILROSS AVE / QUEBEC ST,Central Business District,492575.4393,5458152.2454
Theft from Vehicle,2017,12,28,17,0,MONMOUTH AVE / RUBY ST,Renfrew-Collingwood,498083.4956,5454102.638
Theft from Vehicle,2017,11,2,23,44,N CASSIAR ST / OXFORD ST,Hastings-Sunrise,497759.2648,5459214.6505
Theft from Vehicle,2017,4,22,0,0,N KAMLOOPS ST / OXFORD ST,Hastings-Sunrise,496030.9384,5459216.7941
Theft from Vehicle,2017,7,31,16,0,N NANAIMO ST / OXFORD ST,Grandview-Woodland,495889.121,5459217.4096
Theft from Vehicle,2017,5,5,18,29,N RENFREW ST / OXFORD ST,Hastings-Sunrise,496796.2981,5459213.4597
Theft from Vehicle,2017,11,6,22,0,NANAIMO ST / NAPIER ST,Grandview-Woodland,495884.6981,5458001.3944
Theft from Vehicle,2017,1,6,14,30,NATIONAL AVE / QUEBEC ST,Central Business District,492582.7998,5458030.6633
Theft from Vehicle,2017,7,10,18,47,NATIONAL AVE / QUEBEC ST,Central Business District,492582.7998,5458030.6633
Theft from Vehicle,2017,8,17,23,8,NATIONAL AVE / QUEBEC ST,Central Business District,492582.7998,5458030.6633
Theft from Vehicle,2017,10,20,13,30,NATIONAL AVE / QUEBEC ST,Central Business District,492582.7998,5458030.6633
Theft from Vehicle,2017,11,17,16,53,NATIONAL AVE / QUEBEC ST,Central Business District,492582.7998,5458030.6633
Theft from Vehicle,2017,12,10,8,30,NATIONAL AVE / QUEBEC ST,Central Business District,492582.7998,5458030.6633
Theft from Vehicle,2017,12,12,14,0,NATIONAL AVE / QUEBEC ST,Central Business District,492582.7998,5458030.6633
Theft from Vehicle,2017,5,21,13,30,NATIONAL AVE / STATION ST,Strathcona,492791.7461,5458019.6086
Theft from Vehicle,2017,12,12,20,0,NATIONAL AVE / STATION ST,Strathcona,492791.7465,5458019.609
Theft from Vehicle,2017,10,5,19,0,NELSON ST / NICOLA ST,West End,490232.7005,5459319.5015
Theft from Vehicle,2017,6,16,14,0,NELSON ST / PACIFIC BLVD,Central Business District,491633.64,5457941.8074
Theft from Vehicle,2017,6,21,19,0,NELSON ST / PACIFIC BLVD,Central Business District,491633.64,5457941.8074
Theft from Vehicle,2017,10,27,18,30,NELSON ST / PACIFIC BLVD,Central Business District,491633.64,5457941.8074
Theft from Vehicle,2017,12,7,16,0,NELSON ST / PACIFIC BLVD,Central Business District,491633.64,5457941.8074
Theft from Vehicle,2017,7,30,3,19,NELSON ST / RICHARDS ST,Central Business District,491193.2215,5458365.5321
Theft from Vehicle,2017,9,30,19,30,NELSON ST / RICHARDS ST,Central Business District,491193.2215,5458365.5321
Theft from Vehicle,2017,10,23,21,45,NELSON ST / RICHARDS ST,Central Business District,491193.2215,5458365.5321
Theft from Vehicle,2017,10,31,20,0,NELSON ST / RICHARDS ST,Central Business District,491193.2215,5458365.5321
Theft from Vehicle,2017,11,22,23,45,NELSON ST / RICHARDS ST,Central Business District,491193.2215,5458365.5321
Theft from Vehicle,2017,3,8,19,30,NELSON ST / SEYMOUR ST,Central Business District,491125.6598,5458434.4889
Theft from Vehicle,2017,3,20,1,0,NELSON ST / SEYMOUR ST,Central Business District,491125.6598,5458434.4889
Theft from Vehicle,2017,3,30,21,0,NELSON ST / SEYMOUR ST,Central Business District,491125.6598,5458434.4889
Theft from Vehicle,2017,4,27,0,30,NELSON ST / SEYMOUR ST,Central Business District,491125.6598,5458434.4889
Theft from Vehicle,2017,6,24,4,28,NELSON ST / SEYMOUR ST,Central Business District,491125.6598,5458434.4889
Theft from Vehicle,2017,6,29,23,30,NELSON ST / SEYMOUR ST,Central Business District,491125.6598,5458434.4889
Theft from Vehicle,2017,7,8,1,0,NELSON ST / SEYMOUR ST,Central Business District,491125.6598,5458434.4889
Theft from Vehicle,2017,8,4,0,0,NELSON ST / SEYMOUR ST,Central Business District,491125.6598,5458434.4889
Theft from Vehicle,2017,8,5,19,0,NELSON ST / SEYMOUR ST,Central Business District,491125.6598,5458434.4889
Theft from Vehicle,2017,8,8,18,5,NELSON ST / SEYMOUR ST,Central Business District,491125.6598,5458434.4889
Theft from Vehicle,2017,8,11,11,0,NELSON ST / SEYMOUR ST,Central Business District,491125.6598,5458434.4889
Theft from Vehicle,2017,9,2,11,0,NELSON ST / SEYMOUR ST,Central Business District,491125.6598,5458434.4889
Theft from Vehicle,2017,9,29,20,0,NELSON ST / SEYMOUR ST,Central Business District,491125.6598,5458434.4889
Theft from Vehicle,2017,10,18,19,30,NELSON ST / SEYMOUR ST,Central Business District,491125.6598,5458434.4889
Theft from Vehicle,2017,11,26,4,49,NELSON ST / SEYMOUR ST,Central Business District,491125.6598,5458434.4889
Theft from Vehicle,2017,1,12,18,48,NELSON ST / SEYMOUR ST,Central Business District,491125.6602,5458434.4891
Theft from Vehicle,2017,4,4,18,30,NELSON ST / THURLOW ST,West End,490687.3281,5458867.5358
Theft from Vehicle,2017,10,28,16,0,NELSON ST / THURLOW ST,West End,490687.3281,5458867.5358
Theft from Vehicle,2017,3,11,18,15,NICOLA ST / ROBSON ST,West End,490465.2077,5459553.9859
Theft from Vehicle,2017,5,17,22,0,NICOLA ST / ROBSON ST,West End,490465.2077,5459553.9859
Theft from Vehicle,2017,8,13,0,21,NICOLA ST / W HASTINGS ST,Central Business District,490663.613,5459754.8762
Theft from Vehicle,2017,1,13,16,30,OAK ST / SW MARINE DR,Marpole,490497.1151,5450214.5795
Theft from Vehicle,2017,8,24,8,30,OAK ST / SW MARINE DR,Marpole,490497.1151,5450214.5795
Theft from Vehicle,2017,5,23,20,15,OAK ST / W 12TH AVE,Fairview,490780.5493,5456427.6613
Theft from Vehicle,2017,5,6,20,0,OAK ST / W 17TH AVE,Shaughnessy,490740.3442,5455948.7807
Theft from Vehicle,2017,1,6,2,45,OAK ST / W 18TH AVE,Shaughnessy,490737.3647,5455847.4648
Theft from Vehicle,2017,5,6,18,0,OAK ST / W 33RD AVE,Shaughnessy,490695.89,5454303.6901
Theft from Vehicle,2017,2,18,0,0,OAK ST / W 49TH AVE,Oakridge,490658.6893,5452647.9524
Theft from Vehicle,2017,5,1,19,30,OAK ST / W 49TH AVE,Oakridge,490658.6893,5452647.9524
Theft from Vehicle,2017,12,14,17,30,OAK ST / W 67TH AVE,Marpole,490517.896,5450891.7113
Theft from Vehicle,2017,2,10,17,0,OAK ST / W 70TH AVE,Marpole,490512.4468,5450639.3698
Theft from Vehicle,2017,12,16,17,0,OAK ST / W 71ST AVE,Marpole,490503.6385,5450466.1838
Theft from Vehicle,2017,10,24,18,10,OAK ST / W 8TH AVE,Fairview,490790.3051,5456848.2446
Theft from Vehicle,2017,6,23,14,0,OAK ST / WOLFE AVE,Shaughnessy,490728.1621,5455546.6199
Theft from Vehicle,2017,12,16,15,0,OBEN ST / VANNESS AVE,Renfrew-Collingwood,498093.2301,5453652.2647
Theft from Vehicle,2017,12,31,20,58,OBEN ST / VANNESS AVE,Renfrew-Collingwood,498093.2301,5453652.2647
Theft from Vehicle,2017,1,23,19,30,ONTARIO ST / W 14TH AVE,Mount Pleasant,492344.5952,5456194.6005
Theft from Vehicle,2017,1,30,22,30,ONTARIO ST / W 14TH AVE,Mount Pleasant,492344.5952,5456194.6005
Theft from Vehicle,2017,11,7,6,18,ONTARIO ST / W 19TH AVE,Riley Park,492367.1894,5455672.8079
Theft from Vehicle,2017,12,5,19,0,ONTARIO ST / W 19TH AVE,Riley Park,492367.1894,5455672.8079
Theft from Vehicle,2017,6,9,0,0,ONTARIO ST / W 23RD AVE,Riley Park,492360.8412,5455243.6961
Theft from Vehicle,2017,1,28,19,50,ONTARIO ST / W 3RD AVE,Mount Pleasant,492384.1832,5457287.5236
Theft from Vehicle,2017,3,4,19,0,ONTARIO ST / W 3RD AVE,Mount Pleasant,492384.1832,5457287.5236
Theft from Vehicle,2017,3,11,15,30,ONTARIO ST / W 4TH AVE,Mount Pleasant,492381.6348,5457184.581
Theft from Vehicle,2017,8,4,14,0,ONTARIO ST / W BROADWAY AVE,Mount Pleasant,492368.8574,5456699.8393
Theft from Vehicle,2017,2,14,18,30,OSLER ST / W 33RD AVE,Shaughnessy,490529.3969,5454313.8569
Theft from Vehicle,2017,1,19,9,0,OSLER ST / W 67TH AVE,Marpole,490418.3438,5450894.029
Theft from Vehicle,2017,6,5,8,0,OSLER ST / W 67TH AVE,Marpole,490418.3438,5450894.029
Theft from Vehicle,2017,11,8,13,8,OSLER ST / W 71ST AVE,Marpole,490407.8696,5450468.1379
Theft from Vehicle,2017,5,1,17,0,OSLER ST / W KING EDWARD AVE,Shaughnessy,490553.4002,5455183.2914
Theft from Vehicle,2017,7,21,16,0,PACIFIC BLVD / PAT QUINN WAY,Central Business District,492167.97,5458269.6515
Theft from Vehicle,2017,7,28,13,0,PACIFIC BLVD / PAT QUINN WAY,Central Business District,492167.97,5458269.6515
Theft from Vehicle,2017,8,21,19,20,PACIFIC BLVD / PAT QUINN WAY,Central Business District,492167.97,5458269.6515
Theft from Vehicle,2017,10,13,23,0,PACIFIC BLVD / PAT QUINN WAY,Central Business District,492167.97,5458269.6515
Theft from Vehicle,2017,2,18,19,40,PACIFIC BLVD / QUEBEC ST,Central Business District,492526.2515,5458182.7731
Theft from Vehicle,2017,10,30,21,35,PACIFIC BLVD / TERRY FOX WAY,Central Business District,491811.533,5458035.7116
Theft from Vehicle,2017,12,5,19,0,PACIFIC ST / RICHARDS ST,Central Business District,490724.32,5457894.4159
Theft from Vehicle,2017,10,11,17,30,PACIFIC ST / SEYMOUR MEWS,Central Business District,490655.1015,5457962.036
Theft from Vehicle,2017,2,17,19,0,PACIFIC ST / SEYMOUR ST,Central Business District,490633.116,5457983.4961
Theft from Vehicle,2017,1,12,20,0,PACIFIC ST / THURLOW ST,West End,490222.778,5458397.6332
Theft from Vehicle,2017,5,7,21,30,PANDORA ST / PENTICTON ST,Hastings-Sunrise,496221.7537,5458916.2987
Theft from Vehicle,2017,8,4,17,30,PANDORA ST / SEMLIN DR,Grandview-Woodland,495375.3814,5458923.0593
Theft from Vehicle,2017,6,17,7,0,PANDORA ST / WOODLAND DR,Grandview-Woodland,494720.4431,5458930.0085
Theft from Vehicle,2017,11,17,2,0,PARKER ST / SEMLIN DR,Grandview-Woodland,495367.1976,5458109.8747
Theft from Vehicle,2017,4,18,3,0,PENDRELL ST / THURLOW ST,West End,490533.9846,5458713.4146
Theft from Vehicle,2017,6,13,3,43,PENDRELL ST / THURLOW ST,West End,490533.9846,5458713.4146
Theft from Vehicle,2017,9,4,10,17,PENDRELL ST / THURLOW ST,West End,490533.9846,5458713.4146
Theft from Vehicle,2017,11,25,19,0,PENDRELL ST / THURLOW ST,West End,490533.9846,5458713.4146
Theft from Vehicle,2017,12,14,23,30,PENDRELL ST / THURLOW ST,West End,490533.9846,5458713.4146
Theft from Vehicle,2017,1,22,9,0,PINE CRES / W 19TH AVE,Shaughnessy,489378.5981,5455770.1214
Theft from Vehicle,2017,3,29,16,0,PINE ST / W 11TH AVE,Fairview,489562.5968,5456565.4729
Theft from Vehicle,2017,10,4,1,0,PINE ST / W 14TH AVE,Fairview,489553.8623,5456256.7022
Theft from Vehicle,2017,10,13,10,0,PINE ST / W 3RD AVE,Fairview,489582.0127,5457354.771
Theft from Vehicle,2017,2,23,7,28,PINE ST / W 5TH AVE,Fairview,489576.7196,5457160.7209
Theft from Vehicle,2017,10,22,15,0,PINE ST / W 5TH AVE,Fairview,489576.7196,5457160.7209
Theft from Vehicle,2017,12,16,22,0,PINE ST / W 6TH AVE,Fairview,489574.0078,5457065.5971
Theft from Vehicle,2017,2,25,0,0,PINE ST / W 7TH AVE,Fairview,489572.8324,5456971.5157
Theft from Vehicle,2017,10,22,15,0,PINE ST / W 7TH AVE,Fairview,489572.8324,5456971.5157
Theft from Vehicle,2017,3,10,22,15,PINE ST / W BROADWAY AVE,Fairview,489565.7987,5456776.4358
Theft from Vehicle,2017,12,11,23,30,PINE ST / W BROADWAY AVE,Fairview,489565.7987,5456776.4358
Theft from Vehicle,2017,10,5,23,0,POINT GREY RD / WATERLOO ST,Kitsilano,486936.1711,5457682.87
Theft from Vehicle,2017,4,11,19,30,POWELL ST / PRINCESS AVE,Strathcona,493352.1547,5458924.4443
Theft from Vehicle,2017,11,7,21,0,POWELL ST / PRINCESS AVE,Strathcona,493352.1547,5458924.4443
Theft from Vehicle,2017,3,25,13,33,POWELL ST / SALSBURY DR,Grandview-Woodland,495036.4897,5459054.804
Theft from Vehicle,2017,2,4,10,0,POWELL ST / WOODLAND DR,Grandview-Woodland,494721.9535,5458973.0084
Theft from Vehicle,2017,8,27,21,0,POWELL ST / WOODLAND DR,Grandview-Woodland,494721.9535,5458973.0084
Theft from Vehicle,2017,5,14,0,30,PRINCESS AVE / UNION ST,Strathcona,493334.0208,5458310.5586
Theft from Vehicle,2017,10,28,23,0,PRIOR ST / QUEBEC ST,Central Business District,492570.8344,5458232.5509
Theft from Vehicle,2017,1,4,18,5,PRIOR ST / STATION ST,Strathcona,492797.8902,5458224.2305
Theft from Vehicle,2017,3,2,22,0,PRIOR ST / STATION ST,Strathcona,492797.8902,5458224.2305
Theft from Vehicle,2017,9,6,23,0,PRIOR ST / STATION ST,Strathcona,492797.8902,5458224.2305
Theft from Vehicle,2017,10,11,21,12,PRIOR ST / STATION ST,Strathcona,492797.8902,5458224.2305
Theft from Vehicle,2017,11,9,22,0,PRIOR ST / STATION ST,Strathcona,492797.8902,5458224.2305
Theft from Vehicle,2017,2,2,17,30,QUEBEC ST / SWITCHMEN ST,Mount Pleasant,492554.6265,5457613.4002
Theft from Vehicle,2017,3,6,6,40,QUEBEC ST / TERMINAL AVE,Central Business District,492591.8664,5457814.576
Theft from Vehicle,2017,4,28,20,30,QUEBEC ST / TERMINAL AVE,Central Business District,492591.8664,5457814.576
Theft from Vehicle,2017,5,5,7,0,QUEBEC ST / TERMINAL AVE,Central Business District,492591.8664,5457814.576
Theft from Vehicle,2017,6,4,23,30,QUEBEC ST / TERMINAL AVE,Central Business District,492591.8664,5457814.576
Theft from Vehicle,2017,6,6,19,0,QUEBEC ST / TERMINAL AVE,Central Business District,492591.8664,5457814.576
Theft from Vehicle,2017,9,14,9,47,QUEBEC ST / TERMINAL AVE,Central Business District,492591.8664,5457814.576
Theft from Vehicle,2017,2,28,16,0,QUEBEC ST / UNION ST,Central Business District,492572.4805,5458325.9089
Theft from Vehicle,2017,12,31,22,0,QUEBEC ST / UNION ST,Central Business District,492572.4805,5458325.9089
Theft from Vehicle,2017,9,15,6,0,RENFREW ST / VIRTUAL WAY,Renfrew-Collingwood,496775.2185,5456478.3012
Theft from Vehicle,2017,1,15,9,0,RICHARDS ST / ROBSON ST,Central Business District,491427.0969,5458601.6678
Theft from Vehicle,2017,2,17,6,0,RICHARDS ST / ROBSON ST,Central Business District,491427.0969,5458601.6678
Theft from Vehicle,2017,2,26,3,15,RICHARDS ST / ROBSON ST,Central Business District,491427.0969,5458601.6678
Theft from Vehicle,2017,3,9,13,0,RICHARDS ST / ROBSON ST,Central Business District,491427.0969,5458601.6678
Theft from Vehicle,2017,3,15,4,30,RICHARDS ST / ROBSON ST,Central Business District,491427.0969,5458601.6678
Theft from Vehicle,2017,3,29,12,20,RICHARDS ST / ROBSON ST,Central Business District,491427.0969,5458601.6678
Theft from Vehicle,2017,4,7,17,0,RICHARDS ST / ROBSON ST,Central Business District,491427.0969,5458601.6678
Theft from Vehicle,2017,5,3,19,41,RICHARDS ST / ROBSON ST,Central Business District,491427.0969,5458601.6678
Theft from Vehicle,2017,6,15,17,30,RICHARDS ST / ROBSON ST,Central Business District,491427.0969,5458601.6678
Theft from Vehicle,2017,7,9,22,42,RICHARDS ST / ROBSON ST,Central Business District,491427.0969,5458601.6678
Theft from Vehicle,2017,7,13,15,50,RICHARDS ST / ROBSON ST,Central Business District,491427.0969,5458601.6678
Theft from Vehicle,2017,8,4,18,30,RICHARDS ST / ROBSON ST,Central Business District,491427.0969,5458601.6678
Theft from Vehicle,2017,8,18,0,0,RICHARDS ST / ROBSON ST,Central Business District,491427.0969,5458601.6678
Theft from Vehicle,2017,8,28,21,30,RICHARDS ST / ROBSON ST,Central Business District,491427.0969,5458601.6678
Theft from Vehicle,2017,9,23,18,20,RICHARDS ST / ROBSON ST,Central Business District,491427.0969,5458601.6678
Theft from Vehicle,2017,9,23,19,0,RICHARDS ST / ROBSON ST,Central Business District,491427.0969,5458601.6678
Theft from Vehicle,2017,10,22,9,0,RICHARDS ST / ROBSON ST,Central Business District,491427.0969,5458601.6678
Theft from Vehicle,2017,10,23,21,0,RICHARDS ST / ROBSON ST,Central Business District,491427.0969,5458601.6678
Theft from Vehicle,2017,11,18,6,0,RICHARDS ST / ROBSON ST,Central Business District,491427.0969,5458601.6678
Theft from Vehicle,2017,11,24,13,40,RICHARDS ST / ROBSON ST,Central Business District,491427.0969,5458601.6678
Theft from Vehicle,2017,1,13,22,0,RICHARDS ST / SMITHE ST,Central Business District,491309.973,5458483.966
Theft from Vehicle,2017,3,1,21,30,RICHARDS ST / SMITHE ST,Central Business District,491309.973,5458483.966
Theft from Vehicle,2017,3,25,20,0,RICHARDS ST / SMITHE ST,Central Business District,491309.973,5458483.966
Theft from Vehicle,2017,5,14,18,0,RICHARDS ST / SMITHE ST,Central Business District,491309.973,5458483.966
Theft from Vehicle,2017,6,18,0,0,RICHARDS ST / SMITHE ST,Central Business District,491309.973,5458483.966
Theft from Vehicle,2017,7,21,19,0,RICHARDS ST / SMITHE ST,Central Business District,491309.973,5458483.966
Theft from Vehicle,2017,8,3,19,45,RICHARDS ST / SMITHE ST,Central Business District,491309.973,5458483.966
Theft from Vehicle,2017,8,14,21,40,RICHARDS ST / SMITHE ST,Central Business District,491309.973,5458483.966
Theft from Vehicle,2017,8,15,11,0,RICHARDS ST / SMITHE ST,Central Business District,491309.973,5458483.966
Theft from Vehicle,2017,9,26,22,0,RICHARDS ST / SMITHE ST,Central Business District,491309.973,5458483.966
Theft from Vehicle,2017,9,30,16,0,RICHARDS ST / SMITHE ST,Central Business District,491309.973,5458483.966
Theft from Vehicle,2017,10,6,16,40,RICHARDS ST / SMITHE ST,Central Business District,491309.973,5458483.966
Theft from Vehicle,2017,10,21,20,42,RICHARDS ST / SMITHE ST,Central Business District,491309.973,5458483.966
Theft from Vehicle,2017,11,25,21,30,RICHARDS ST / SMITHE ST,Central Business District,491309.973,5458483.966
Theft from Vehicle,2017,12,30,15,30,RICHARDS ST / SMITHE ST,Central Business District,491309.973,5458483.966
Theft from Vehicle,2017,1,29,22,0,RICHARDS ST / W CORDOVA ST,Central Business District,491933.4618,5459112.1543
Theft from Vehicle,2017,7,3,22,0,RICHARDS ST / W CORDOVA ST,Central Business District,491933.4618,5459112.1543
Theft from Vehicle,2017,12,9,0,55,RICHARDS ST / W CORDOVA ST,Central Business District,491933.4618,5459112.1543
Theft from Vehicle,2017,1,25,0,0,RICHARDS ST / W GEORGIA ST,Central Business District,491549.4236,5458724.1668
Theft from Vehicle,2017,2,19,11,55,RICHARDS ST / W GEORGIA ST,Central Business District,491549.4236,5458724.1668
Theft from Vehicle,2017,3,17,14,31,RICHARDS ST / W GEORGIA ST,Central Business District,491549.4236,5458724.1668
Theft from Vehicle,2017,3,29,21,0,RICHARDS ST / W GEORGIA ST,Central Business District,491549.4236,5458724.1668
Theft from Vehicle,2017,4,10,23,4,RICHARDS ST / W GEORGIA ST,Central Business District,491549.4236,5458724.1668
Theft from Vehicle,2017,4,12,20,5,RICHARDS ST / W GEORGIA ST,Central Business District,491549.4236,5458724.1668
Theft from Vehicle,2017,5,20,22,33,RICHARDS ST / W GEORGIA ST,Central Business District,491549.4236,5458724.1668
Theft from Vehicle,2017,6,4,10,47,RICHARDS ST / W GEORGIA ST,Central Business District,491549.4236,5458724.1668
Theft from Vehicle,2017,6,15,17,45,RICHARDS ST / W GEORGIA ST,Central Business District,491549.4236,5458724.1668
Theft from Vehicle,2017,6,20,11,0,RICHARDS ST / W GEORGIA ST,Central Business District,491549.4236,5458724.1668
Theft from Vehicle,2017,7,11,18,0,RICHARDS ST / W GEORGIA ST,Central Business District,491549.4236,5458724.1668
Theft from Vehicle,2017,7,23,18,0,RICHARDS ST / W GEORGIA ST,Central Business District,491549.4236,5458724.1668
Theft from Vehicle,2017,8,8,15,45,RICHARDS ST / W GEORGIA ST,Central Business District,491549.4236,5458724.1668
Theft from Vehicle,2017,9,6,17,30,RICHARDS ST / W GEORGIA ST,Central Business District,491549.4236,5458724.1668
Theft from Vehicle,2017,9,23,19,30,RICHARDS ST / W GEORGIA ST,Central Business District,491549.4236,5458724.1668
Theft from Vehicle,2017,10,16,18,30,RICHARDS ST / W GEORGIA ST,Central Business District,491549.4236,5458724.1668
Theft from Vehicle,2017,10,21,10,30,RICHARDS ST / W GEORGIA ST,Central Business District,491549.4236,5458724.1668
Theft from Vehicle,2017,11,9,17,30,RICHARDS ST / W GEORGIA ST,Central Business District,491549.4236,5458724.1668
Theft from Vehicle,2017,11,30,22,0,RICHARDS ST / W GEORGIA ST,Central Business District,491549.4236,5458724.1668
Theft from Vehicle,2017,12,1,22,30,RICHARDS ST / W GEORGIA ST,Central Business District,491549.4236,5458724.1668
Theft from Vehicle,2017,1,8,19,30,RICHARDS ST / W GEORGIA ST,Central Business District,491549.4238,5458724.1665
Theft from Vehicle,2017,4,6,9,0,RICHARDS ST / W HASTINGS ST,Central Business District,491861.3846,5459038.6983
Theft from Vehicle,2017,7,17,21,0,RICHARDS ST / W HASTINGS ST,Central Business District,491861.3846,5459038.6983
Theft from Vehicle,2017,9,29,22,0,RICHARDS ST / W HASTINGS ST,Central Business District,491861.3846,5459038.6983
Theft from Vehicle,2017,10,12,6,45,RICHARDS ST / W HASTINGS ST,Central Business District,491861.3846,5459038.6983
Theft from Vehicle,2017,11,8,0,44,RICHARDS ST / W HASTINGS ST,Central Business District,491861.3846,5459038.6983
Theft from Vehicle,2017,1,4,22,0,RICHARDS ST / W PENDER ST,Central Business District,491791.7544,5458968.7534
Theft from Vehicle,2017,1,13,12,30,RICHARDS ST / W PENDER ST,Central Business District,491791.7547,5458968.7535
Theft from Vehicle,2017,1,28,17,0,RICHARDS ST / W PENDER ST,Central Business District,491791.7547,5458968.7535
Theft from Vehicle,2017,2,11,14,0,RICHARDS ST / W PENDER ST,Central Business District,491791.7547,5458968.7535
Theft from Vehicle,2017,2,25,20,0,RICHARDS ST / W PENDER ST,Central Business District,491791.7547,5458968.7535
Theft from Vehicle,2017,3,5,15,40,RICHARDS ST / W PENDER ST,Central Business District,491791.7547,5458968.7535
Theft from Vehicle,2017,4,12,14,0,RICHARDS ST / W PENDER ST,Central Business District,491791.7547,5458968.7535
Theft from Vehicle,2017,4,12,18,30,RICHARDS ST / W PENDER ST,Central Business District,491791.7547,5458968.7535
Theft from Vehicle,2017,4,22,13,30,RICHARDS ST / W PENDER ST,Central Business District,491791.7547,5458968.7535
Theft from Vehicle,2017,4,28,22,0,RICHARDS ST / W PENDER ST,Central Business District,491791.7547,5458968.7535
Theft from Vehicle,2017,5,13,17,30,RICHARDS ST / W PENDER ST,Central Business District,491791.7547,5458968.7535
Theft from Vehicle,2017,6,19,21,0,RICHARDS ST / W PENDER ST,Central Business District,491791.7547,5458968.7535
Theft from Vehicle,2017,6,21,21,46,RICHARDS ST / W PENDER ST,Central Business District,491791.7547,5458968.7535
Theft from Vehicle,2017,7,16,1,55,RICHARDS ST / W PENDER ST,Central Business District,491791.7547,5458968.7535
Theft from Vehicle,2017,7,18,22,0,RICHARDS ST / W PENDER ST,Central Business District,491791.7547,5458968.7535
Theft from Vehicle,2017,8,9,17,30,RICHARDS ST / W PENDER ST,Central Business District,491791.7547,5458968.7535
Theft from Vehicle,2017,8,10,14,18,RICHARDS ST / W PENDER ST,Central Business District,491791.7547,5458968.7535
Theft from Vehicle,2017,8,18,6,10,RICHARDS ST / W PENDER ST,Central Business District,491791.7547,5458968.7535
Theft from Vehicle,2017,8,27,5,40,RICHARDS ST / W PENDER ST,Central Business District,491791.7547,5458968.7535
Theft from Vehicle,2017,8,29,10,0,RICHARDS ST / W PENDER ST,Central Business District,491791.7547,5458968.7535
Theft from Vehicle,2017,9,27,20,30,RICHARDS ST / W PENDER ST,Central Business District,491791.7547,5458968.7535
Theft from Vehicle,2017,9,29,1,30,RICHARDS ST / W PENDER ST,Central Business District,491791.7547,5458968.7535
Theft from Vehicle,2017,10,5,17,16,RICHARDS ST / W PENDER ST,Central Business District,491791.7547,5458968.7535
Theft from Vehicle,2017,10,7,19,0,RICHARDS ST / W PENDER ST,Central Business District,491791.7547,5458968.7535
Theft from Vehicle,2017,11,12,15,30,RICHARDS ST / W PENDER ST,Central Business District,491791.7547,5458968.7535
Theft from Vehicle,2017,12,7,7,0,RICHARDS ST / W PENDER ST,Central Business District,491791.7547,5458968.7535
Theft from Vehicle,2017,12,9,13,0,RICHARDS ST / W PENDER ST,Central Business District,491791.7547,5458968.7535
Theft from Vehicle,2017,12,12,16,0,RICHARDS ST / W PENDER ST,Central Business District,491791.7547,5458968.7535
Theft from Vehicle,2017,3,15,19,30,RICHARDS ST / WATER ST,Central Business District,491933.4618,5459112.1543
Theft from Vehicle,2017,1,13,8,0,ROBSON ST / SEYMOUR ST,Central Business District,491359.8109,5458669.91
Theft from Vehicle,2017,2,4,8,30,ROBSON ST / SEYMOUR ST,Central Business District,491359.8109,5458669.91
Theft from Vehicle,2017,2,10,7,0,ROBSON ST / SEYMOUR ST,Central Business District,491359.8109,5458669.91
Theft from Vehicle,2017,3,28,18,0,ROBSON ST / SEYMOUR ST,Central Business District,491359.8109,5458669.91
Theft from Vehicle,2017,4,7,14,0,ROBSON ST / SEYMOUR ST,Central Business District,491359.8109,5458669.91
Theft from Vehicle,2017,4,8,23,0,ROBSON ST / SEYMOUR ST,Central Business District,491359.8109,5458669.91
Theft from Vehicle,2017,5,1,17,7,ROBSON ST / SEYMOUR ST,Central Business District,491359.8109,5458669.91
Theft from Vehicle,2017,5,18,17,40,ROBSON ST / SEYMOUR ST,Central Business District,491359.8109,5458669.91
Theft from Vehicle,2017,5,18,18,10,ROBSON ST / SEYMOUR ST,Central Business District,491359.8109,5458669.91
Theft from Vehicle,2017,5,19,21,30,ROBSON ST / SEYMOUR ST,Central Business District,491359.8109,5458669.91
Theft from Vehicle,2017,6,7,18,0,ROBSON ST / SEYMOUR ST,Central Business District,491359.8109,5458669.91
Theft from Vehicle,2017,6,30,13,0,ROBSON ST / SEYMOUR ST,Central Business District,491359.8109,5458669.91
Theft from Vehicle,2017,9,6,20,45,ROBSON ST / SEYMOUR ST,Central Business District,491359.8109,5458669.91
Theft from Vehicle,2017,9,13,20,0,ROBSON ST / SEYMOUR ST,Central Business District,491359.8109,5458669.91
Theft from Vehicle,2017,9,17,15,30,ROBSON ST / SEYMOUR ST,Central Business District,491359.8109,5458669.91
Theft from Vehicle,2017,11,9,21,0,ROBSON ST / SEYMOUR ST,Central Business District,491359.8109,5458669.91
Theft from Vehicle,2017,11,11,17,0,ROBSON ST / SEYMOUR ST,Central Business District,491359.8109,5458669.91
Theft from Vehicle,2017,11,13,16,30,ROBSON ST / SEYMOUR ST,Central Business District,491359.8109,5458669.91
Theft from Vehicle,2017,12,24,17,55,ROBSON ST / SEYMOUR ST,Central Business District,491359.8109,5458669.91
Theft from Vehicle,2017,3,4,21,0,ROBSON ST / THURLOW ST,West End,490920.4236,5459101.6058
Theft from Vehicle,2017,4,23,23,0,ROBSON ST / THURLOW ST,West End,490920.4236,5459101.6058
Theft from Vehicle,2017,5,4,20,0,ROBSON ST / THURLOW ST,West End,490920.4236,5459101.6058
Theft from Vehicle,2017,6,28,19,30,ROBSON ST / THURLOW ST,West End,490920.4236,5459101.6058
Theft from Vehicle,2017,10,13,10,0,ROBSON ST / THURLOW ST,West End,490920.4236,5459101.6058
Theft from Vehicle,2017,11,3,20,0,ROBSON ST / THURLOW ST,West End,490920.4236,5459101.6058
Theft from Vehicle,2017,12,3,20,23,ROBSON ST / THURLOW ST,West End,490920.4236,5459101.6058
Theft from Vehicle,2017,11,11,23,0,ROSE ST / WILLIAM ST,Grandview-Woodland,495424.13,5457891.2548
Theft from Vehicle,2017,12,1,7,0,RUPERT ST / VANNESS AVE,Renfrew-Collingwood,497251.5956,5454214.2595
Theft from Vehicle,2017,8,11,14,30,SASAMAT ST / W 10TH AVE,West Point Grey,484785.3497,5456806.8898
Theft from Vehicle,2017,6,19,8,54,SASAMAT ST / W 6TH AVE,West Point Grey,484798.6413,5457191.171
Theft from Vehicle,2017,12,20,18,30,SELKIRK ST / W 39TH AVE,Shaughnessy,490355.3307,5453694.6183
Theft from Vehicle,2017,10,16,23,0,SELKIRK ST / W KING EDWARD AVE,Shaughnessy,490393.1648,5455164.1459
Theft from Vehicle,2017,1,15,17,0,SEYMOUR ST / SMITHE ST,Central Business District,491242.0155,5458550.5313
Theft from Vehicle,2017,1,27,21,0,SEYMOUR ST / SMITHE ST,Central Business District,491242.0155,5458550.5313
Theft from Vehicle,2017,2,2,17,40,SEYMOUR ST / SMITHE ST,Central Business District,491242.0155,5458550.5313
Theft from Vehicle,2017,2,7,11,30,SEYMOUR ST / SMITHE ST,Central Business District,491242.0155,5458550.5313
Theft from Vehicle,2017,2,19,10,0,SEYMOUR ST / SMITHE ST,Central Business District,491242.0155,5458550.5313
Theft from Vehicle,2017,3,5,18,30,SEYMOUR ST / SMITHE ST,Central Business District,491242.0155,5458550.5313
Theft from Vehicle,2017,3,10,19,0,SEYMOUR ST / SMITHE ST,Central Business District,491242.0155,5458550.5313
Theft from Vehicle,2017,3,11,17,30,SEYMOUR ST / SMITHE ST,Central Business District,491242.0155,5458550.5313
Theft from Vehicle,2017,3,18,6,13,SEYMOUR ST / SMITHE ST,Central Business District,491242.0155,5458550.5313
Theft from Vehicle,2017,3,30,18,30,SEYMOUR ST / SMITHE ST,Central Business District,491242.0155,5458550.5313
Theft from Vehicle,2017,4,13,0,0,SEYMOUR ST / SMITHE ST,Central Business District,491242.0155,5458550.5313
Theft from Vehicle,2017,4,13,15,0,SEYMOUR ST / SMITHE ST,Central Business District,491242.0155,5458550.5313
Theft from Vehicle,2017,5,5,10,0,SEYMOUR ST / SMITHE ST,Central Business District,491242.0155,5458550.5313
Theft from Vehicle,2017,5,14,16,40,SEYMOUR ST / SMITHE ST,Central Business District,491242.0155,5458550.5313
Theft from Vehicle,2017,5,24,19,0,SEYMOUR ST / SMITHE ST,Central Business District,491242.0155,5458550.5313
Theft from Vehicle,2017,6,11,14,32,SEYMOUR ST / SMITHE ST,Central Business District,491242.0155,5458550.5313
Theft from Vehicle,2017,6,15,8,30,SEYMOUR ST / SMITHE ST,Central Business District,491242.0155,5458550.5313
Theft from Vehicle,2017,6,15,21,30,SEYMOUR ST / SMITHE ST,Central Business District,491242.0155,5458550.5313
Theft from Vehicle,2017,8,13,22,50,SEYMOUR ST / SMITHE ST,Central Business District,491242.0155,5458550.5313
Theft from Vehicle,2017,8,28,10,0,SEYMOUR ST / SMITHE ST,Central Business District,491242.0155,5458550.5313
Theft from Vehicle,2017,9,3,0,0,SEYMOUR ST / SMITHE ST,Central Business District,491242.0155,5458550.5313
Theft from Vehicle,2017,9,12,17,30,SEYMOUR ST / SMITHE ST,Central Business District,491242.0155,5458550.5313
Theft from Vehicle,2017,9,30,12,45,SEYMOUR ST / SMITHE ST,Central Business District,491242.0155,5458550.5313
Theft from Vehicle,2017,10,13,20,15,SEYMOUR ST / SMITHE ST,Central Business District,491242.0155,5458550.5313
Theft from Vehicle,2017,11,7,11,28,SEYMOUR ST / SMITHE ST,Central Business District,491242.0155,5458550.5313
Theft from Vehicle,2017,11,10,9,0,SEYMOUR ST / SMITHE ST,Central Business District,491242.0155,5458550.5313
Theft from Vehicle,2017,11,26,21,3,SEYMOUR ST / SMITHE ST,Central Business District,491242.0155,5458550.5313
Theft from Vehicle,2017,12,3,11,45,SEYMOUR ST / SMITHE ST,Central Business District,491242.0155,5458550.5313
Theft from Vehicle,2017,12,8,22,30,SEYMOUR ST / SMITHE ST,Central Business District,491242.0155,5458550.5313
Theft from Vehicle,2017,12,14,10,11,SEYMOUR ST / SMITHE ST,Central Business District,491242.0155,5458550.5313
Theft from Vehicle,2017,1,30,8,0,SEYMOUR ST / W CORDOVA ST,Central Business District,491865.6971,5459181.0137
Theft from Vehicle,2017,5,24,8,30,SEYMOUR ST / W CORDOVA ST,Central Business District,491865.6971,5459181.0137
Theft from Vehicle,2017,6,6,21,18,SEYMOUR ST / W CORDOVA ST,Central Business District,491865.6971,5459181.0137
Theft from Vehicle,2017,7,11,15,0,SEYMOUR ST / W CORDOVA ST,Central Business District,491865.6971,5459181.0137
Theft from Vehicle,2017,7,25,15,0,SEYMOUR ST / W CORDOVA ST,Central Business District,491865.6971,5459181.0137
Theft from Vehicle,2017,8,5,15,30,SEYMOUR ST / W CORDOVA ST,Central Business District,491865.6971,5459181.0137
Theft from Vehicle,2017,1,8,10,45,SEYMOUR ST / W GEORGIA ST,Central Business District,491480.6323,5458792.376
Theft from Vehicle,2017,1,8,12,30,SEYMOUR ST / W GEORGIA ST,Central Business District,491480.6323,5458792.376
Theft from Vehicle,2017,1,7,15,15,SEYMOUR ST / W GEORGIA ST,Central Business District,491480.6327,5458792.3716
Theft from Vehicle,2017,3,28,7,15,SEYMOUR ST / W GEORGIA ST,Central Business District,491480.6327,5458792.3716
Theft from Vehicle,2017,3,29,18,40,SEYMOUR ST / W GEORGIA ST,Central Business District,491480.6327,5458792.3716
Theft from Vehicle,2017,4,1,19,20,SEYMOUR ST / W GEORGIA ST,Central Business District,491480.6327,5458792.3716
Theft from Vehicle,2017,4,10,15,0,SEYMOUR ST / W GEORGIA ST,Central Business District,491480.6327,5458792.3716
Theft from Vehicle,2017,4,15,18,20,SEYMOUR ST / W GEORGIA ST,Central Business District,491480.6327,5458792.3716
Theft from Vehicle,2017,5,6,9,55,SEYMOUR ST / W GEORGIA ST,Central Business District,491480.6327,5458792.3716
Theft from Vehicle,2017,5,16,19,0,SEYMOUR ST / W GEORGIA ST,Central Business District,491480.6327,5458792.3716
Theft from Vehicle,2017,5,17,15,0,SEYMOUR ST / W GEORGIA ST,Central Business District,491480.6327,5458792.3716
Theft from Vehicle,2017,6,15,7,20,SEYMOUR ST / W GEORGIA ST,Central Business District,491480.6327,5458792.3716
Theft from Vehicle,2017,6,15,9,0,SEYMOUR ST / W GEORGIA ST,Central Business District,491480.6327,5458792.3716
Theft from Vehicle,2017,6,20,18,0,SEYMOUR ST / W GEORGIA ST,Central Business District,491480.6327,5458792.3716
Theft from Vehicle,2017,6,24,18,0,SEYMOUR ST / W GEORGIA ST,Central Business District,491480.6327,5458792.3716
Theft from Vehicle,2017,6,25,17,0,SEYMOUR ST / W GEORGIA ST,Central Business District,491480.6327,5458792.3716
Theft from Vehicle,2017,6,28,11,20,SEYMOUR ST / W GEORGIA ST,Central Business District,491480.6327,5458792.3716
Theft from Vehicle,2017,7,1,1,0,SEYMOUR ST / W GEORGIA ST,Central Business District,491480.6327,5458792.3716
Theft from Vehicle,2017,7,3,13,30,SEYMOUR ST / W GEORGIA ST,Central Business District,491480.6327,5458792.3716
Theft from Vehicle,2017,8,3,15,30,SEYMOUR ST / W GEORGIA ST,Central Business District,491480.6327,5458792.3716
Theft from Vehicle,2017,8,11,14,40,SEYMOUR ST / W GEORGIA ST,Central Business District,491480.6327,5458792.3716
Theft from Vehicle,2017,11,10,18,0,SEYMOUR ST / W GEORGIA ST,Central Business District,491480.6327,5458792.3716
Theft from Vehicle,2017,11,11,16,0,SEYMOUR ST / W GEORGIA ST,Central Business District,491480.6327,5458792.3716
Theft from Vehicle,2017,11,18,19,0,SEYMOUR ST / W GEORGIA ST,Central Business District,491480.6327,5458792.3716
Theft from Vehicle,2017,11,30,18,30,SEYMOUR ST / W GEORGIA ST,Central Business District,491480.6327,5458792.3716
Theft from Vehicle,2017,12,2,20,0,SEYMOUR ST / W GEORGIA ST,Central Business District,491480.6327,5458792.3716
Theft from Vehicle,2017,12,8,6,0,SEYMOUR ST / W GEORGIA ST,Central Business District,491480.6327,5458792.3716
Theft from Vehicle,2017,12,23,18,30,SEYMOUR ST / W GEORGIA ST,Central Business District,491480.6327,5458792.3716
Theft from Vehicle,2017,5,12,7,0,SEYMOUR ST / W HASTINGS ST,Central Business District,491792.6233,5459107.6049
Theft from Vehicle,2017,5,12,18,0,SEYMOUR ST / W HASTINGS ST,Central Business District,491792.6233,5459107.6049
Theft from Vehicle,2017,8,6,23,0,SEYMOUR ST / W HASTINGS ST,Central Business District,491792.6233,5459107.6049
Theft from Vehicle,2017,8,31,2,0,SEYMOUR ST / W HASTINGS ST,Central Business District,491792.6233,5459107.6049
Theft from Vehicle,2017,9,20,13,30,SEYMOUR ST / W HASTINGS ST,Central Business District,491792.6233,5459107.6049
Theft from Vehicle,2017,10,1,12,0,SEYMOUR ST / W HASTINGS ST,Central Business District,491792.6233,5459107.6049
Theft from Vehicle,2017,12,1,23,0,SEYMOUR ST / W HASTINGS ST,Central Business District,491792.6233,5459107.6049
Theft from Vehicle,2017,12,31,20,47,SEYMOUR ST / W HASTINGS ST,Central Business District,491792.6233,5459107.6049
Theft from Vehicle,2017,1,11,7,0,SEYMOUR ST / W PENDER ST,Central Business District,491721.6233,5459035.9169
Theft from Vehicle,2017,1,13,9,0,SEYMOUR ST / W PENDER ST,Central Business District,491721.6233,5459035.9166
Theft from Vehicle,2017,2,17,18,0,SEYMOUR ST / W PENDER ST,Central Business District,491721.6233,5459035.9166
Theft from Vehicle,2017,3,20,23,47,SEYMOUR ST / W PENDER ST,Central Business District,491721.6233,5459035.9166
Theft from Vehicle,2017,4,6,9,0,SEYMOUR ST / W PENDER ST,Central Business District,491721.6233,5459035.9166
Theft from Vehicle,2017,4,6,9,10,SEYMOUR ST / W PENDER ST,Central Business District,491721.6233,5459035.9166
Theft from Vehicle,2017,4,8,22,45,SEYMOUR ST / W PENDER ST,Central Business District,491721.6233,5459035.9166
Theft from Vehicle,2017,4,20,7,30,SEYMOUR ST / W PENDER ST,Central Business District,491721.6233,5459035.9166
Theft from Vehicle,2017,4,30,21,0,SEYMOUR ST / W PENDER ST,Central Business District,491721.6233,5459035.9166
Theft from Vehicle,2017,5,9,8,30,SEYMOUR ST / W PENDER ST,Central Business District,491721.6233,5459035.9166
Theft from Vehicle,2017,5,15,19,30,SEYMOUR ST / W PENDER ST,Central Business District,491721.6233,5459035.9166
Theft from Vehicle,2017,6,9,18,0,SEYMOUR ST / W PENDER ST,Central Business District,491721.6233,5459035.9166
Theft from Vehicle,2017,6,9,19,0,SEYMOUR ST / W PENDER ST,Central Business District,491721.6233,5459035.9166
Theft from Vehicle,2017,6,16,0,0,SEYMOUR ST / W PENDER ST,Central Business District,491721.6233,5459035.9166
Theft from Vehicle,2017,6,16,20,30,SEYMOUR ST / W PENDER ST,Central Business District,491721.6233,5459035.9166
Theft from Vehicle,2017,6,20,16,0,SEYMOUR ST / W PENDER ST,Central Business District,491721.6233,5459035.9166
Theft from Vehicle,2017,8,10,20,0,SEYMOUR ST / W PENDER ST,Central Business District,491721.6233,5459035.9166
Theft from Vehicle,2017,8,15,12,0,SEYMOUR ST / W PENDER ST,Central Business District,491721.6233,5459035.9166
Theft from Vehicle,2017,8,20,16,0,SEYMOUR ST / W PENDER ST,Central Business District,491721.6233,5459035.9166
Theft from Vehicle,2017,8,26,18,0,SEYMOUR ST / W PENDER ST,Central Business District,491721.6233,5459035.9166
Theft from Vehicle,2017,8,29,22,0,SEYMOUR ST / W PENDER ST,Central Business District,491721.6233,5459035.9166
Theft from Vehicle,2017,8,31,15,0,SEYMOUR ST / W PENDER ST,Central Business District,491721.6233,5459035.9166
Theft from Vehicle,2017,9,3,16,15,SEYMOUR ST / W PENDER ST,Central Business District,491721.6233,5459035.9166
Theft from Vehicle,2017,9,3,17,0,SEYMOUR ST / W PENDER ST,Central Business District,491721.6233,5459035.9166
Theft from Vehicle,2017,10,14,17,22,SEYMOUR ST / W PENDER ST,Central Business District,491721.6233,5459035.9166
Theft from Vehicle,2017,11,8,16,30,SEYMOUR ST / W PENDER ST,Central Business District,491721.6233,5459035.9166
Theft from Vehicle,2017,11,16,20,30,SEYMOUR ST / W PENDER ST,Central Business District,491721.6233,5459035.9166
Theft from Vehicle,2017,11,26,17,30,SEYMOUR ST / W PENDER ST,Central Business District,491721.6233,5459035.9166
Theft from Vehicle,2017,11,27,16,50,SEYMOUR ST / W PENDER ST,Central Business District,491721.6233,5459035.9166
Theft from Vehicle,2017,12,16,18,30,SEYMOUR ST / W PENDER ST,Central Business District,491721.6233,5459035.9166
Theft from Vehicle,2017,8,16,3,30,SKEENA ST / TRIUMPH ST,Hastings-Sunrise,497940.8516,5459012.9717
Theft from Vehicle,2017,8,5,21,0,SPRUCE ST / W 10TH AVE,Fairview,490611.5467,5456643.7146
Theft from Vehicle,2017,10,4,21,45,SPRUCE ST / W 12TH AVE,Fairview,490606.6353,5456435.0338
Theft from Vehicle,2017,9,4,22,0,SPRUCE ST / W 13TH AVE,Fairview,490604.7483,5456331.0588
Theft from Vehicle,2017,5,5,9,30,SPRUCE ST / W BROADWAY AVE,Fairview,490614.2457,5456750.2555
Theft from Vehicle,2017,11,11,0,0,SPYGLASS PL / TURNING LANE,Fairview,491611.9875,5457298.8183
Theft from Vehicle,2017,8,22,5,0,STATION ST / TERMINAL AVE,Strathcona,492825.734,5457754.5895
Theft from Vehicle,2017,7,16,19,30,SW MARINE DR / YUKON ST,Marpole,491619.4262,5450905.431
Theft from Vehicle,2017,11,7,18,0,SW MARINE DR / YUKON ST,Marpole,491619.4262,5450905.431
Theft from Vehicle,2017,5,20,9,50,TAYLOR ST / W PENDER ST,Central Business District,492319.9982,5458667.077
Theft from Vehicle,2017,6,8,12,45,TAYLOR ST / W PENDER ST,Central Business District,492319.9982,5458667.077
Theft from Vehicle,2017,8,10,16,6,TAYLOR ST / W PENDER ST,Central Business District,492319.9982,5458667.077
Theft from Vehicle,2017,9,3,22,0,TAYLOR ST / W PENDER ST,Central Business District,492319.9982,5458667.077
Theft from Vehicle,2017,9,13,21,0,TAYLOR ST / W PENDER ST,Central Business District,492319.9982,5458667.077
Theft from Vehicle,2017,9,22,22,5,TAYLOR ST / W PENDER ST,Central Business District,492319.9982,5458667.077
Theft from Vehicle,2017,10,24,18,30,TERMINAL AVE / THORNTON ST,Strathcona,493207.6334,5457654.2838
Theft from Vehicle,2017,3,9,21,0,THURLOW ST / W GEORGIA ST,West End,491045.4368,5459226.3904
Theft from Vehicle,2017,6,19,20,45,THURLOW ST / W GEORGIA ST,West End,491045.4368,5459226.3904
Theft from Vehicle,2017,7,21,6,0,THURLOW ST / W PENDER ST,Central Business District,491241.8488,5459422.6459
Theft from Vehicle,2017,10,9,15,30,TODD ST / VANNESS AVE,Renfrew-Collingwood,496750.3627,5454527.1542
Theft from Vehicle,2017,5,18,19,30,TRAFALGAR ST / W 1ST AVE,Kitsilano,488036.3215,5457595.3546
Theft from Vehicle,2017,7,11,22,0,TRAFALGAR ST / W 3RD AVE,Kitsilano,488031.8473,5457394.5669
Theft from Vehicle,2017,10,6,19,0,TRAFALGAR ST / W 5TH AVE,Kitsilano,488028.7805,5457198.613
Theft from Vehicle,2017,10,6,20,30,TRAFALGAR ST / W 7TH AVE,Kitsilano,488023.6551,5457013.1686
Theft from Vehicle,2017,7,13,18,0,TRAFALGAR ST / W BROADWAY AVE,Kitsilano,488021.6734,5456821.6813
Theft from Vehicle,2017,3,24,17,45,TRUTCH ST / W 14TH AVE,Kitsilano,487188.7252,5456340.1981
Theft from Vehicle,2017,12,6,22,0,TRUTCH ST / W 7TH AVE,Kitsilano,487205.2877,5457029.2854
Theft from Vehicle,2017,12,14,10,30,TURNER ST / VICTORIA DR,Grandview-Woodland,495228.6798,5458491.2758
Theft from Vehicle,2017,11,10,21,0,VALLEY DR / W 21ST AVE,Arbutus Ridge,488205.643,5455663.9637
Theft from Vehicle,2017,2,7,21,0,VINE ST / W 10TH AVE,Kitsilano,488528.4104,5456697.2902
Theft from Vehicle,2017,7,16,16,0,VINE ST / W 18TH AVE,Arbutus Ridge,488506.2018,5455957.5736
Theft from Vehicle,2017,6,12,3,21,VINE ST / W 1ST AVE,Kitsilano,488548.7983,5457578.6657
Theft from Vehicle,2017,12,7,23,0,VINE ST / W 33RD AVE,Arbutus Ridge,488379.4367,5454393.2813
Theft from Vehicle,2017,10,17,7,30,VINE ST / W 4TH AVE,Kitsilano,488541.8578,5457281.4432
Theft from Vehicle,2017,6,8,9,0,VINE ST / W BROADWAY AVE,Kitsilano,488530.7518,5456804.9438
Theft from Vehicle,2017,3,10,19,0,W 10TH AVE / WATERLOO ST,Kitsilano,486915.4067,5456751.84
Theft from Vehicle,2017,4,21,19,30,W 10TH AVE / WILLOW ST,Fairview,491135.1011,5456629.0497
Theft from Vehicle,2017,11,23,0,0,W 12TH AVE / YUKON ST,Mount Pleasant,491778.9973,5456408.2891
Theft from Vehicle,2017,2,13,17,0,W 15TH AVE / WATERLOO ST,Kitsilano,486904.8906,5456246.3604
Theft from Vehicle,2017,9,5,8,36,W 15TH AVE / WILLOW ST,Fairview,491118.9694,5456114.4008
Theft from Vehicle,2017,8,15,17,0,W 15TH AVE / WILLOW ST,Fairview,491118.9696,5456114.401
Theft from Vehicle,2017,12,19,8,0,W 16TH AVE / WALLACE ST,Dunbar-Southlands,486096.467,5456147.3778
Theft from Vehicle,2017,11,23,6,2,W 19TH AVE / YUKON ST,Riley Park,491804.3653,5455688.0879
Theft from Vehicle,2017,12,3,18,0,W 19TH AVE / YUKON ST,Riley Park,491804.3653,5455688.0879
Theft from Vehicle,2017,10,27,21,0,W 22ND AVE / YUKON ST,Riley Park,491794.4502,5455377.6596
Theft from Vehicle,2017,4,18,18,0,W 38TH AVE / WEST BLVD,Arbutus Ridge,488681.9443,5453849.3062
Theft from Vehicle,2017,10,11,15,0,W 41ST AVE / YEW ST,Arbutus Ridge,488461.3559,5453550.994
Theft from Vehicle,2017,10,23,16,15,W 41ST AVE / YEW ST,Arbutus Ridge,488461.3559,5453550.994
Theft from Vehicle,2017,4,30,1,0,W 42ND AVE / WILLOW ST,Oakridge,490979.8661,5453351.9011
Theft from Vehicle,2017,12,6,17,30,W 43RD AVE / WEST BLVD,Kerrisdale,488668.8289,5453337.1171
Theft from Vehicle,2017,5,18,12,0,W 7TH AVE / WILLOW ST,Fairview,491140.4774,5456931.6473
Theft from Vehicle,2017,8,11,21,45,W 8TH AVE / WATERLOO ST,Kitsilano,486917.9293,5456946.8055
Theft from Vehicle,2017,8,24,10,0,W BROADWAY AVE / WILLOW ST,Fairview,491136.8871,5456735.326
Theft from Vehicle,2017,11,6,11,30,W BROADWAY AVE / WILLOW ST,Fairview,491136.8871,5456735.326
Theft from Vehicle,2017,10,9,16,30,W BROADWAY AVE / YUKON ST,Mount Pleasant,491786.4166,5456719.0206
Theft from Vehicle,2017,1,23,17,40,W CORDOVA ST / WATER ST,Central Business District,491933.4618,5459112.1543
Theft from Vehicle,2017,9,18,16,0,W CORDOVA ST / WATER ST,Central Business District,491933.4618,5459112.1543
Theft from Vehicle,2017,1,27,16,30,X ALEXANDER ST,Central Business District,492433.9356,5458966.4657
Theft from Vehicle,2017,7,10,21,0,X ALEXANDER ST,Central Business District,492433.9356,5458966.4657
Theft from Vehicle,2017,11,30,1,15,X ALEXANDER ST,Central Business District,492433.9356,5458966.4657
Theft from Vehicle,2017,10,19,18,30,X ALEXANDER ST,Central Business District,492441.3004,5458972.0734
Theft from Vehicle,2017,3,10,20,50,X ATHLETES WAY,Mount Pleasant,492388.4557,5457648.476
Theft from Vehicle,2017,6,28,19,15,X ATHLETES WAY,Mount Pleasant,492388.4557,5457648.476
Theft from Vehicle,2017,8,12,20,0,X ATHLETES WAY,Mount Pleasant,492388.4557,5457648.476
Theft from Vehicle,2017,8,13,15,45,X ATHLETES WAY,Mount Pleasant,492388.4557,5457648.476
Theft from Vehicle,2017,2,17,17,0,X DIEPPE PL,Renfrew-Collingwood,498061.6689,5455975.9878
Theft from Vehicle,2017,3,18,19,30,X DIEPPE PL,Renfrew-Collingwood,498061.6689,5455975.9878
Theft from Vehicle,2017,11,16,20,0,X E 19TH AVE,Riley Park,492390.842,5455667.3778
Theft from Vehicle,2017,4,9,18,0,X E 20TH AVE,Riley Park,492385.3297,5455555.121
Theft from Vehicle,2017,1,16,22,45,X E 6TH AVE,Mount Pleasant,492388.7458,5456987.55
Theft from Vehicle,2017,4,10,19,0,X E CORDOVA ST,Central Business District,492422.0463,5458861.8561
Theft from Vehicle,2017,5,10,10,16,X E CORDOVA ST,Central Business District,492422.0463,5458861.8561
Theft from Vehicle,2017,8,9,5,56,X E CORDOVA ST,Central Business District,492422.0463,5458861.8561
Theft from Vehicle,2017,12,27,0,30,X E CORDOVA ST,Central Business District,492422.0463,5458861.8561
Theft from Vehicle,2017,1,2,11,1,X NK_LOC ST,Strathcona,492757.4868,5458792.469
Theft from Vehicle,2017,1,4,0,0,X NK_LOC ST,Strathcona,492765.9374,5458793.3032
Theft from Vehicle,2017,1,8,9,0,X NK_LOC ST,Strathcona,492765.9374,5458793.3032
Theft from Vehicle,2017,1,11,19,0,X NK_LOC ST,Strathcona,492765.9374,5458793.3032
Theft from Vehicle,2017,1,16,12,33,X NK_LOC ST,Strathcona,492765.9374,5458793.3032
Theft from Vehicle,2017,2,1,12,0,X NK_LOC ST,Strathcona,492765.9374,5458793.3032
Theft from Vehicle,2017,2,9,17,26,X NK_LOC ST,Strathcona,492765.9374,5458793.3032
Theft from Vehicle,2017,2,9,18,0,X NK_LOC ST,Strathcona,492765.9374,5458793.3032
Theft from Vehicle,2017,2,12,17,0,X NK_LOC ST,Strathcona,492765.9374,5458793.3032
Theft from Vehicle,2017,2,13,0,0,X NK_LOC ST,Strathcona,492765.9374,5458793.3032
Theft from Vehicle,2017,2,23,12,0,X NK_LOC ST,Strathcona,492765.9374,5458793.3032
Theft from Vehicle,2017,2,23,13,39,X NK_LOC ST,Strathcona,492765.9374,5458793.3032
Theft from Vehicle,2017,3,2,11,0,X NK_LOC ST,Strathcona,492765.9374,5458793.3032
Theft from Vehicle,2017,3,24,0,0,X NK_LOC ST,Strathcona,492765.9374,5458793.3032
Theft from Vehicle,2017,3,31,17,0,X NK_LOC ST,Strathcona,492765.9374,5458793.3032
Theft from Vehicle,2017,4,13,22,32,X NK_LOC ST,Strathcona,492765.9374,5458793.3032
Theft from Vehicle,2017,4,21,0,0,X NK_LOC ST,Strathcona,492765.9374,5458793.3032
Theft from Vehicle,2017,5,11,0,0,X NK_LOC ST,Strathcona,492765.9374,5458793.3032
Theft from Vehicle,2017,5,13,0,0,X NK_LOC ST,Strathcona,492765.9374,5458793.3032
Theft from Vehicle,2017,5,17,19,0,X NK_LOC ST,Strathcona,492765.9374,5458793.3032
Theft from Vehicle,2017,5,31,11,0,X NK_LOC ST,Strathcona,492765.9374,5458793.3032
Theft from Vehicle,2017,6,6,9,48,X NK_LOC ST,Strathcona,492765.9374,5458793.3032
Theft from Vehicle,2017,6,15,16,36,X NK_LOC ST,Strathcona,492765.9374,5458793.3032
Theft from Vehicle,2017,6,30,18,30,X NK_LOC ST,Strathcona,492765.9374,5458793.3032
Theft from Vehicle,2017,7,7,21,0,X NK_LOC ST,Strathcona,492765.9374,5458793.3032
Theft from Vehicle,2017,7,8,13,24,X NK_LOC ST,Strathcona,492765.9374,5458793.3032
Theft from Vehicle,2017,7,12,9,34,X NK_LOC ST,Strathcona,492765.9374,5458793.3032
Theft from Vehicle,2017,7,14,0,0,X NK_LOC ST,Strathcona,492765.9374,5458793.3032
Theft from Vehicle,2017,7,14,10,0,X NK_LOC ST,Strathcona,492765.9374,5458793.3032
Theft from Vehicle,2017,7,18,17,0,X NK_LOC ST,Strathcona,492765.9374,5458793.3032
Theft from Vehicle,2017,7,19,19,11,X NK_LOC ST,Strathcona,492765.9374,5458793.3032
Theft from Vehicle,2017,7,27,12,0,X NK_LOC ST,Strathcona,492765.9374,5458793.3032
Theft from Vehicle,2017,7,31,14,9,X NK_LOC ST,Strathcona,492765.9374,5458793.3032
Theft from Vehicle,2017,8,3,19,0,X NK_LOC ST,Strathcona,492765.9374,5458793.3032
Theft from Vehicle,2017,8,10,6,0,X NK_LOC ST,Strathcona,492765.9374,5458793.3032
Theft from Vehicle,2017,8,14,11,22,X NK_LOC ST,Strathcona,492765.9374,5458793.3032
Theft from Vehicle,2017,8,14,16,29,X NK_LOC ST,Strathcona,492765.9374,5458793.3032
Theft from Vehicle,2017,8,27,21,0,X NK_LOC ST,Strathcona,492765.9374,5458793.3032
Theft from Vehicle,2017,8,30,0,0,X NK_LOC ST,Strathcona,492765.9374,5458793.3032
Theft from Vehicle,2017,9,5,20,0,X NK_LOC ST,Strathcona,492765.9374,5458793.3032
Theft from Vehicle,2017,9,16,8,0,X NK_LOC ST,Strathcona,492765.9374,5458793.3032
Theft from Vehicle,2017,9,19,17,0,X NK_LOC ST,Strathcona,492765.9374,5458793.3032
Theft from Vehicle,2017,9,21,18,39,X NK_LOC ST,Strathcona,492765.9374,5458793.3032
Theft from Vehicle,2017,9,25,9,30,X NK_LOC ST,Strathcona,492765.9374,5458793.3032
Theft from Vehicle,2017,10,6,11,0,X NK_LOC ST,Strathcona,492765.9374,5458793.3032
Theft from Vehicle,2017,10,11,17,40,X NK_LOC ST,Strathcona,492765.9374,5458793.3032
Theft from Vehicle,2017,10,14,20,0,X NK_LOC ST,Strathcona,492765.9374,5458793.3032
Theft from Vehicle,2017,10,18,15,15,X NK_LOC ST,Strathcona,492765.9374,5458793.3032
Theft from Vehicle,2017,10,28,12,0,X NK_LOC ST,Strathcona,492765.9374,5458793.3032
Theft from Vehicle,2017,11,29,0,0,X NK_LOC ST,Strathcona,492765.9374,5458793.3032
Theft from Vehicle,2017,12,1,0,0,X NK_LOC ST,Strathcona,492765.9374,5458793.3032
Theft from Vehicle,2017,12,9,6,0,X NK_LOC ST,Strathcona,492765.9374,5458793.3032
Theft from Vehicle,2017,12,13,20,30,X NK_LOC ST,Strathcona,492765.9374,5458793.3032
Theft from Vehicle,2017,12,27,0,0,X NK_LOC ST,Strathcona,492765.9374,5458793.3032
Theft from Vehicle,2017,12,3,15,0,X SEMANA CRES,Musqueam,485307.8044,5453626.3194
Theft from Vehicle,2017,12,19,12,0,X W 20TH AVE,Riley Park,492353.2277,5455555.8356
Theft from Vehicle,2017,4,12,22,0,X W 22ND AVE,Riley Park,492346.5046,5455356.7926
Theft from Vehicle,2017,10,15,18,0,X W 22ND AVE,Riley Park,492346.7417,5455365.9336
Theft from Vehicle,2017,12,1,17,30,X W 3RD AVE,Mount Pleasant,492377.4506,5457292.3407
Theft from Vehicle,2017,6,13,19,30,X W KING EDWARD AVE,Riley Park,492346.8954,5455133.5444
Theft from Vehicle,2017,1,11,15,50,X W PENDER ST,Central Business District,492374.3744,5458647.5397
Theft from Vehicle,2017,1,26,18,0,YEW ST / YORK AVE,Kitsilano,488723.8953,5457670.3984
Theft from Vehicle,2017,5,12,19,0,YEW ST / YORK AVE,Kitsilano,488723.8953,5457670.3984
Theft from Vehicle,2017,9,8,19,30,YEW ST / YORK AVE,Kitsilano,488723.8953,5457670.3984
Theft of Bicycle,2017,9,2,3,38,10XX ALBERNI ST,West End,491098.6067,5459083.1288
Theft of Bicycle,2017,9,26,9,15,10XX BARCLAY ST,West End,490903.5756,5458800.6793
Theft of Bicycle,2017,3,9,6,45,10XX BEACH AVE,West End,490197.8719,5458238.7921
Theft of Bicycle,2017,4,16,19,0,10XX BEACH AVE,West End,490197.8719,5458238.7921
Theft of Bicycle,2017,6,4,13,0,10XX BEACH AVE,West End,490197.8719,5458238.7921
Theft of Bicycle,2017,8,6,12,0,10XX BEACH AVE,West End,490197.8719,5458238.7921
Theft of Bicycle,2017,9,27,14,58,10XX BEACH AVE,West End,490197.8719,5458238.7921
Theft of Bicycle,2017,10,10,5,30,10XX BEACH AVE,West End,490197.8719,5458238.7921
Theft of Bicycle,2017,10,15,13,0,10XX BEACH AVE,West End,490197.8719,5458238.7921
Theft of Bicycle,2017,3,29,22,30,10XX BEACH AVE,West End,490228.7807,5458208.3497
Theft of Bicycle,2017,6,14,18,4,10XX BEACH AVE,West End,490228.7807,5458208.3497
Theft of Bicycle,2017,8,2,20,30,10XX BEACH AVE,Central Business District,490268.432,5458142.577
Theft of Bicycle,2017,2,20,6,50,10XX BROUGHTON ST,West End,490217.5983,5459141.2169
Theft of Bicycle,2017,3,27,10,52,10XX BROUGHTON ST,West End,490217.5983,5459141.2169
Theft of Bicycle,2017,6,10,20,17,10XX BROUGHTON ST,West End,490217.5983,5459141.2169
Theft of Bicycle,2017,4,26,8,1,10XX BROUGHTON ST,West End,490247.1512,5459171.0415
Theft of Bicycle,2017,4,15,12,0,10XX BURNABY ST,West End,490421.9484,5458518.728
Theft of Bicycle,2017,5,19,13,11,10XX BURNABY ST,West End,490421.9484,5458518.728
Theft of Bicycle,2017,5,4,7,30,10XX BURRARD ST,West End,490729.6302,5458622.1395
Theft of Bicycle,2017,5,28,13,45,10XX BURRARD ST,West End,490729.6302,5458622.1395
Theft of Bicycle,2017,8,28,7,30,10XX BURRARD ST,West End,490729.6302,5458622.1395
Theft of Bicycle,2017,10,10,9,0,10XX BURRARD ST,West End,490729.6302,5458622.1395
Theft of Bicycle,2017,11,6,12,0,10XX BURRARD ST,West End,490729.6302,5458622.1395
Theft of Bicycle,2017,10,15,4,55,10XX BURRARD ST,Central Business District,490729.9102,5458609.3957
Theft of Bicycle,2017,9,26,17,0,10XX BURRARD ST,Central Business District,490835.5218,5458718.9971
Theft of Bicycle,2017,4,26,22,46,10XX CANADA PL,Central Business District,491400.6862,5459577.9445
Theft of Bicycle,2017,5,28,21,57,10XX CANADA PL,Central Business District,491400.6862,5459577.9445
Theft of Bicycle,2017,6,28,19,56,10XX CANADA PL,Central Business District,491400.6862,5459577.9445
Theft of Bicycle,2017,7,14,19,0,10XX CANADA PL,Central Business District,491400.6862,5459577.9445
Theft of Bicycle,2017,9,2,0,0,10XX CANADA PL,Central Business District,491400.6862,5459577.9445
Theft of Bicycle,2017,5,22,17,25,10XX CANADA PL,Central Business District,491493.3146,5459541.9753
Theft of Bicycle,2017,7,24,13,0,10XX CANADA PL,Central Business District,491493.3146,5459541.9753
Theft of Bicycle,2017,8,18,0,32,10XX CANADA PL,Central Business District,491493.3146,5459541.9753
Theft of Bicycle,2017,8,28,11,34,10XX CANADA PL,Central Business District,491493.3146,5459541.9753
Theft of Bicycle,2017,9,5,17,0,10XX CANADA PL,Central Business District,491493.3146,5459541.9753
Theft of Bicycle,2017,10,14,20,0,10XX CANADA PL,Central Business District,491493.3146,5459541.9753
Theft of Bicycle,2017,6,2,10,3,10XX CANADA PL,Central Business District,491493.3146,5459541.9753
Theft of Bicycle,2017,9,15,2,58,10XX CANADA PL,Central Business District,491521.6898,5459519.9872
Theft of Bicycle,2017,8,10,9,15,10XX CANADA PL,Central Business District,491599.7453,5459486.8307
Theft of Bicycle,2017,8,17,6,0,10XX CANADA PL,Central Business District,491599.7453,5459486.8307
Theft of Bicycle,2017,8,19,20,30,10XX CANADA PL,Central Business District,491599.7453,5459486.8307
Theft of Bicycle,2017,8,16,23,0,10XX CARDERO ST,West End,490084.6296,5459333.9793
Theft of Bicycle,2017,7,27,20,0,10XX CHILCO ST,West End,489630.9262,5459762.3784
Theft of Bicycle,2017,8,30,21,0,10XX DAVIE ST,West End,490568.9791,5458529.4289
Theft of Bicycle,2017,8,12,21,20,10XX DAVIE ST,West End,490596.5134,5458489.4363
Theft of Bicycle,2017,7,9,13,34,10XX DUNSMUIR ST,Central Business District,491237.7903,5459258.9505
Theft of Bicycle,2017,10,17,0,0,10XX E 20TH AVE,Kensington-Cedar Cottage,493950.6211,5455546.6527
Theft of Bicycle,2017,3,10,9,0,10XX E 39TH AVE,Kensington-Cedar Cottage,493877.1926,5453544.7881
Theft of Bicycle,2017,7,1,22,0,10XX E BROADWAY AVE,Mount Pleasant,493995.79,5456628.7503
Theft of Bicycle,2017,8,10,5,55,10XX E HASTINGS ST,Strathcona,494058.4805,5458689.8113
Theft of Bicycle,2017,10,11,21,30,10XX E PENDER ST,Strathcona,494057.654,5458588.0021
Theft of Bicycle,2017,7,1,12,30,10XX EXPO BLVD,Central Business District,491546.0895,5458011.0024
Theft of Bicycle,2017,8,11,20,0,10XX EXPO BLVD,Central Business District,491546.0895,5458011.0024
Theft of Bicycle,2017,8,29,8,32,10XX EXPO BLVD,Central Business District,491546.0895,5458011.0024
Theft of Bicycle,2017,11,13,1,36,10XX EXPO BLVD,Central Business District,491546.0895,5458011.0024
Theft of Bicycle,2017,10,19,11,49,10XX GRANVILLE ST,Central Business District,491007.0556,5458468.6107
Theft of Bicycle,2017,4,9,9,0,10XX GRANVILLE ST,Central Business District,491050.796,5458500.2531
Theft of Bicycle,2017,8,3,20,0,10XX GRANVILLE ST,Central Business District,491050.796,5458500.2531
Theft of Bicycle,2017,11,7,17,30,10XX GRANVILLE ST,Central Business District,491050.796,5458500.2531
Theft of Bicycle,2017,12,7,17,30,10XX HAMILTON ST,Central Business District,491263.5322,5458201.3895
Theft of Bicycle,2017,3,7,0,0,10XX HARO ST,West End,490899.0253,5458974.0656
Theft of Bicycle,2017,8,29,18,20,10XX HARWOOD ST,West End,490411.2998,5458361.2055
Theft of Bicycle,2017,6,23,18,0,10XX HOMER ST,Central Business District,491198.5704,5458233.8344
Theft of Bicycle,2017,8,31,20,0,10XX HOMER ST,Central Business District,491198.5704,5458233.8344
Theft of Bicycle,2017,6,17,10,0,10XX IRONWORK PASS,Fairview,490707.7672,5457250.2325
Theft of Bicycle,2017,8,1,20,45,10XX LAGOON DR,Stanley Park,489311.1176,5460044.4649
Theft of Bicycle,2017,3,10,20,0,10XX MAIN ST,Strathcona,492743.5459,5458101.4995
Theft of Bicycle,2017,5,12,18,30,10XX MAIN ST,Strathcona,492743.646,5458105.3536
Theft of Bicycle,2017,5,8,17,0,10XX MAIN ST,Strathcona,492744.1467,5458124.6243
Theft of Bicycle,2017,5,21,22,30,10XX MAIN ST,Strathcona,492744.1467,5458124.6243
Theft of Bicycle,2017,6,20,16,30,10XX MAINLAND ST,Central Business District,491346.1971,5458208.1626
Theft of Bicycle,2017,8,18,19,21,10XX MARINASIDE CRES,Central Business District,491363.3924,5457865.2988
Theft of Bicycle,2017,8,24,9,0,10XX MARINASIDE CRES,Central Business District,491399.9852,5457863.3141
Theft of Bicycle,2017,7,23,0,0,10XX MCLEAN DR,Grandview-Woodland,494580.4197,5458111.143
Theft of Bicycle,2017,4,30,10,0,10XX NANTON AVE,Shaughnessy,490629.8143,5454852.1838
Theft of Bicycle,2017,1,12,22,20,10XX NELSON ST,West End,490745.0262,5458804.0745
Theft of Bicycle,2017,7,1,19,30,10XX NELSON ST,West End,490794.8878,5458754.7884
Theft of Bicycle,2017,6,28,13,0,10XX PACIFIC ST,West End,490246.1686,5458368.0315
Theft of Bicycle,2017,10,16,21,0,10XX PACIFIC ST,West End,490285.016,5458342.4257
Theft of Bicycle,2017,8,13,0,55,10XX PACIFIC ST,West End,490298.1327,5458316.5676
Theft of Bicycle,2017,8,30,14,30,10XX RAYMUR AVE,Strathcona,494011.8703,5458691.2305
Theft of Bicycle,2017,6,24,13,30,10XX RICHARDS ST,Central Business District,491186.5265,5458365.2987
Theft of Bicycle,2017,9,30,22,30,10XX ROBSON ST,West End,491067.6246,5458962.5695
Theft of Bicycle,2017,10,24,0,0,10XX SALSBURY DR,Grandview-Woodland,495089.8228,5458101.134
Theft of Bicycle,2017,2,1,12,0,10XX SCANTLINGS AVE,Fairview,490694.6487,5457189.9531
Theft of Bicycle,2017,10,18,12,30,10XX SEYMOUR ST,Central Business District,491033.5778,5458334.346
Theft of Bicycle,2017,8,6,0,0,10XX SMITHE ST,West End,490889.6581,5458932.8868
Theft of Bicycle,2017,8,16,3,0,10XX SMITHE ST,West End,490889.6581,5458932.8868
Theft of Bicycle,2017,4,5,23,0,10XX W 10TH AVE,Fairview,490690.2069,5456645.8653
Theft of Bicycle,2017,7,17,16,0,10XX W 14TH AVE,Fairview,490720.8525,5456221.5641
Theft of Bicycle,2017,4,15,15,0,10XX W 8TH AVE,Fairview,490679.0433,5456855.3442
Theft of Bicycle,2017,4,21,11,0,10XX W CORDOVA ST,Central Business District,491529.18,5459453.2429
Theft of Bicycle,2017,10,15,14,45,10XX W CORDOVA ST,Central Business District,491529.18,5459453.2429
Theft of Bicycle,2017,10,12,15,0,10XX W CORDOVA ST,Central Business District,491545.8618,5459437.9982
Theft of Bicycle,2017,8,15,11,0,10XX W GEORGIA ST,West End,491057.9911,5459207.5202
Theft of Bicycle,2017,10,30,7,30,10XX W GEORGIA ST,Central Business District,491115.4503,5459163.4771
Theft of Bicycle,2017,11,14,4,25,10XX W GEORGIA ST,Central Business District,491115.4503,5459163.4771
Theft of Bicycle,2017,5,8,8,0,10XX W GEORGIA ST,West End,491128.8583,5459137.3262
Theft of Bicycle,2017,6,29,14,15,10XX W GEORGIA ST,West End,491185.5521,5459081.171
Theft of Bicycle,2017,7,20,10,0,10XX W GEORGIA ST,West End,491185.5521,5459081.171
Theft of Bicycle,2017,6,23,17,22,10XX W HASTINGS ST,Central Business District,491385.9008,5459438.5889
Theft of Bicycle,2017,7,17,8,30,10XX W PENDER ST,Central Business District,491332.2968,5459374.751
Theft of Bicycle,2017,7,5,8,30,10XX W PENDER ST,Central Business District,491422.0657,5459316.4087
Theft of Bicycle,2017,2,12,9,0,11XX ALBERNI ST,West End,490986.55,5459207.8939
Theft of Bicycle,2017,6,29,21,30,11XX ALBERNI ST,West End,490995.6077,5459186.3898
Theft of Bicycle,2017,4,16,16,30,11XX BEACH AVE,West End,490085.9345,5458429.7442
Theft of Bicycle,2017,6,14,16,0,11XX BURNABY ST,West End,490296.5923,5458630.1312
Theft of Bicycle,2017,11,25,21,45,11XX BURRARD ST,Central Business District,490677.08,5458555.7996
Theft of Bicycle,2017,8,31,9,13,11XX BURRARD ST,Central Business District,490679.2699,5458558.0211
Theft of Bicycle,2017,7,31,10,58,11XX BURRARD ST,Central Business District,490718.6878,5458598.0078
Theft of Bicycle,2017,4,24,17,50,11XX COMMERCIAL DR,Grandview-Woodland,494945.8632,5458011.0862
Theft of Bicycle,2017,7,12,9,0,11XX COTTON DR,Grandview-Woodland,494824.2449,5457961.6985
Theft of Bicycle,2017,9,1,23,0,11XX DAVIE ST,West End,490342.085,5458757.1874
Theft of Bicycle,2017,10,21,0,15,11XX DAVIE ST,West End,490356.9763,5458741.9948
Theft of Bicycle,2017,5,12,17,0,11XX DAVIE ST,West End,490359.3808,5458726.4785
Theft of Bicycle,2017,8,29,15,0,11XX DAVIE ST,West End,490359.3808,5458726.4785
Theft of Bicycle,2017,11,11,6,0,11XX DAVIE ST,West End,490359.3808,5458726.4785
Theft of Bicycle,2017,8,27,8,22,11XX DAVIE ST,West End,490374.8458,5458723.7637
Theft of Bicycle,2017,8,19,12,15,11XX DAVIE ST,West End,490419.5195,5458678.186
Theft of Bicycle,2017,3,5,1,30,11XX DENMAN ST,West End,489805.7152,5459513.7443
Theft of Bicycle,2017,11,20,6,45,11XX E 14TH AVE,Mount Pleasant,494176.353,5456126.6277
Theft of Bicycle,2017,9,7,19,7,11XX E BROADWAY AVE,Mount Pleasant,494156.7966,5456635.6571
Theft of Bicycle,2017,6,18,22,0,11XX E PENDER ST,Strathcona,494170.2521,5458594.1831
Theft of Bicycle,2017,8,14,2,45,11XX FORGE WALK,Fairview,490531.2866,5457192.6024
Theft of Bicycle,2017,12,5,0,0,11XX FORGE WALK,Fairview,490541.7865,5457177.8117
Theft of Bicycle,2017,9,5,16,0,11XX FORGE WALK,Fairview,490550.5552,5457181.256
Theft of Bicycle,2017,7,19,15,30,11XX GILFORD ST,West End,489647.8884,5459582.8633
Theft of Bicycle,2017,6,19,21,0,11XX GILFORD ST,West End,489675.857,5459611.2429
Theft of Bicycle,2017,8,18,22,45,11XX GILFORD ST,West End,489675.857,5459611.2429
Theft of Bicycle,2017,4,21,21,0,11XX HAMILTON ST,Central Business District,491166.9549,5458116.4206
Theft of Bicycle,2017,9,29,6,12,11XX HAMILTON ST,Central Business District,491193.5174,5458130.1656
Theft of Bicycle,2017,3,27,7,37,11XX HARO ST,West End,490745.984,5459116.4138
Theft of Bicycle,2017,5,7,22,0,11XX HARWOOD ST,West End,490189.1062,5458584.0363
Theft of Bicycle,2017,6,29,23,0,11XX HARWOOD ST,West End,490219.7126,5458566.6651
Theft of Bicycle,2017,4,5,17,0,11XX HOWE ST,Central Business District,490750.961,5458355.2275
Theft of Bicycle,2017,5,11,14,15,11XX HOWE ST,Central Business District,490759.735,5458364.1154
Theft of Bicycle,2017,6,3,12,30,11XX HOWE ST,Central Business District,490823.3469,5458428.5529
Theft of Bicycle,2017,7,14,23,30,11XX HOWE ST,Central Business District,490851.7894,5458444.3488
Theft of Bicycle,2017,12,9,20,34,11XX MAINLAND ST,Central Business District,491120.6417,5457992.484
Theft of Bicycle,2017,4,13,22,30,11XX MAPLE ST,Kitsilano,489087.4973,5458126.4754
Theft of Bicycle,2017,7,1,22,0,11XX MARINASIDE CRES,Central Business District,491297.0431,5457829.6382
Theft of Bicycle,2017,8,27,12,15,11XX MARINASIDE CRES,Central Business District,491297.0431,5457829.6382
Theft of Bicycle,2017,8,17,11,45,11XX MARINASIDE CRES,Central Business District,491361.783,5457854.9422
Theft of Bicycle,2017,9,1,0,0,11XX MELVILLE ST,Central Business District,490992.0392,5459447.3352
Theft of Bicycle,2017,8,22,19,0,11XX MELVILLE ST,Central Business District,491019.485,5459408.0579
Theft of Bicycle,2017,8,23,9,0,11XX MELVILLE ST,Central Business District,491019.485,5459408.0579
Theft of Bicycle,2017,9,19,8,30,11XX MELVILLE ST,Central Business District,491062.5082,5459366.4325
Theft of Bicycle,2017,6,9,6,30,11XX MELVILLE ST,Central Business District,491120.8969,5459309.9409
Theft of Bicycle,2017,6,26,13,30,11XX MELVILLE ST,Central Business District,491120.8969,5459309.9409
Theft of Bicycle,2017,6,7,9,30,11XX NELSON ST,West End,490604.5715,5458943.6516
Theft of Bicycle,2017,12,13,10,0,11XX NELSON ST,West End,490617.0178,5458944.1501
Theft of Bicycle,2017,7,30,1,25,11XX PACIFIC BLVD,Central Business District,491348.3111,5457969.3454
Theft of Bicycle,2017,2,8,17,0,11XX PACIFIC ST,West End,490119.6934,5458507.5014
Theft of Bicycle,2017,12,24,9,30,11XX PACIFIC ST,West End,490205.8962,5458408.09
Theft of Bicycle,2017,6,27,4,0,11XX PACIFIC ST,West End,490221.3405,5458405.5505
Theft of Bicycle,2017,7,3,19,0,11XX QUEBEC ST,Central Business District,492589.121,5458019.4356
Theft of Bicycle,2017,9,15,0,0,11XX RICHARDS ST,Central Business District,490979.6695,5458144.8689
Theft of Bicycle,2017,6,23,14,0,11XX SEYMOUR ST,Central Business District,490914.1464,5458227.8689
Theft of Bicycle,2017,10,9,3,0,11XX SEYMOUR ST,Central Business District,490942.7722,5458256.3754
Theft of Bicycle,2017,7,4,9,55,11XX STATION ST,Strathcona,492835.0141,5457933.8959
Theft of Bicycle,2017,8,28,19,3,11XX STATION ST,Strathcona,492835.0141,5457933.8959
Theft of Bicycle,2017,9,24,11,0,11XX STATION ST,Strathcona,492835.0141,5457933.8959
Theft of Bicycle,2017,10,4,22,0,11XX STATION ST,Strathcona,492835.0141,5457933.8959
Theft of Bicycle,2017,7,12,18,0,11XX W 11TH AVE,Fairview,490447.8928,5456549.1237
Theft of Bicycle,2017,10,22,16,41,11XX W 12TH AVE,Fairview,490561.7719,5456441.7956
Theft of Bicycle,2017,8,25,22,15,11XX W 7TH AVE,Fairview,490486.3678,5456943.6883
Theft of Bicycle,2017,9,14,15,0,11XX W GEORGIA ST,Central Business District,490915.2728,5459361.0787
Theft of Bicycle,2017,9,18,16,45,11XX W GEORGIA ST,Central Business District,490915.2728,5459361.0787
Theft of Bicycle,2017,9,14,5,0,11XX W GEORGIA ST,Central Business District,490952.0114,5459324.8748
Theft of Bicycle,2017,10,14,15,54,11XX W GEORGIA ST,Central Business District,490952.0114,5459324.8748
Theft of Bicycle,2017,12,17,8,43,11XX W GEORGIA ST,Central Business District,490952.0114,5459324.8748
Theft of Bicycle,2017,6,22,5,10,11XX W GEORGIA ST,Central Business District,490967.3192,5459309.7898
Theft of Bicycle,2017,6,27,18,30,11XX W GEORGIA ST,Central Business District,490997.9348,5459279.6198
Theft of Bicycle,2017,8,6,17,15,11XX W GEORGIA ST,West End,491037.4399,5459227.8519
Theft of Bicycle,2017,9,22,13,30,11XX W GEORGIA ST,West End,491037.4399,5459227.8519
Theft of Bicycle,2017,9,27,12,0,11XX W HASTINGS ST,Central Business District,491081.4483,5459569.169
Theft of Bicycle,2017,7,1,12,15,11XX W HASTINGS ST,Central Business District,491127.8585,5459549.2833
Theft of Bicycle,2017,6,5,19,0,11XX W PENDER ST,Central Business District,491126.3161,5459480.1844
Theft of Bicycle,2017,8,22,9,0,11XX W PENDER ST,Central Business District,491171.8637,5459449.436
Theft of Bicycle,2017,8,1,17,0,11XX W PENDER ST,Central Business District,491208.8622,5459432.618
Theft of Bicycle,2017,8,22,8,20,11XX W PENDER ST,Central Business District,491208.8622,5459432.618
Theft of Bicycle,2017,5,31,19,0,11XX W PENDER ST,Central Business District,491233.528,5459421.406
Theft of Bicycle,2017,12,17,12,0,12XX ALBERNI ST,West End,490836.2954,5459340.7102
Theft of Bicycle,2017,3,28,5,12,12XX BARCLAY ST,West End,490545.5346,5459177.0468
Theft of Bicycle,2017,10,23,20,37,12XX BEACH AVE,West End,489972.4024,5458602.8763
Theft of Bicycle,2017,9,23,15,0,12XX BEACH AVE,West End,490015.3204,5458537.2774
Theft of Bicycle,2017,9,25,9,0,12XX BEACH AVE,West End,490015.3204,5458537.2774
Theft of Bicycle,2017,8,6,18,0,12XX BEACH AVE,West End,490016.2521,5458519.1515
Theft of Bicycle,2017,6,13,18,50,12XX BIDWELL ST,West End,489724.3832,5459200.669
Theft of Bicycle,2017,5,29,17,30,12XX BROUGHTON ST,West End,490029.135,5458951.7808
Theft of Bicycle,2017,5,31,14,32,12XX BURNABY ST,West End,490181.7841,5458744.299
Theft of Bicycle,2017,7,2,20,0,12XX BUTE ST,West End,490293.0814,5458777.1089
Theft of Bicycle,2017,4,2,19,0,12XX CARDERO ST,West End,489898.5604,5459149.7632
Theft of Bicycle,2017,5,16,17,30,12XX CARTWRIGHT ST,Fairview,490312.173,5457441.5487
Theft of Bicycle,2017,4,28,0,0,12XX DAVIE ST,West End,490242.4023,5458856.7083
Theft of Bicycle,2017,4,13,22,0,12XX E 11TH AVE,Mount Pleasant,494279.6336,5456416.5257
Theft of Bicycle,2017,11,17,8,0,12XX E 12TH AVE,Mount Pleasant,494268.921,5456318.0647
Theft of Bicycle,2017,9,5,11,38,12XX E 16TH AVE,Kensington-Cedar Cottage,494312.4367,5455941.2286
Theft of Bicycle,2017,5,24,22,0,12XX E 19TH AVE,Kensington-Cedar Cottage,494305.532,5455638.5031
Theft of Bicycle,2017,3,21,12,0,12XX E 26TH AVE,Kensington-Cedar Cottage,494299.6579,5454970.6198
Theft of Bicycle,2017,12,17,0,0,12XX E 27TH AVE,Kensington-Cedar Cottage,494181.9854,5454855.7272
Theft of Bicycle,2017,2,27,15,30,12XX E 27TH AVE,Kensington-Cedar Cottage,494273.0196,5454853.744
Theft of Bicycle,2017,5,1,0,0,12XX E 8TH AVE,Mount Pleasant,494265.2432,5456729.0512
Theft of Bicycle,2017,8,22,19,0,12XX E BROADWAY AVE,Mount Pleasant,494286.8874,5456633.8485
Theft of Bicycle,2017,8,5,13,30,12XX GRANVILLE ST,Central Business District,490728.975,5458172.9029
Theft of Bicycle,2017,8,22,20,24,12XX GRANVILLE ST,Central Business District,490818.9602,5458265.1838
Theft of Bicycle,2017,1,9,4,0,12XX HARO ST,West End,490610.5416,5459264.9136
Theft of Bicycle,2017,8,6,0,0,12XX HARO ST,West End,490631.7927,5459230.5575
Theft of Bicycle,2017,12,28,12,0,12XX HARO ST,West End,490649.1332,5459213.7511
Theft of Bicycle,2017,9,18,12,0,12XX HOMER ST,Central Business District,491004.4732,5458039.2664
Theft of Bicycle,2017,9,2,11,18,12XX HORNBY ST,Central Business District,490622.337,5458348.6453
Theft of Bicycle,2017,8,6,15,0,12XX HOWE ST,Central Business District,490737.4206,5458341.6008
Theft of Bicycle,2017,3,15,12,0,12XX JERVIS ST,West End,490177.3186,5458900.1345
Theft of Bicycle,2017,1,20,16,0,12XX KINGSWAY AVE,Kensington-Cedar Cottage,494242.5994,5455444.2227
Theft of Bicycle,2017,8,8,12,0,12XX MARINASIDE CRES,Central Business District,491201.6589,5457735.3235
Theft of Bicycle,2017,9,5,15,30,12XX MARINASIDE CRES,Central Business District,491268.6824,5457797.0202
Theft of Bicycle,2017,10,26,13,14,12XX MARINASIDE CRES,Central Business District,491268.6824,5457797.0202
Theft of Bicycle,2017,6,1,0,0,12XX NELSON ST,West End,490505.6538,5459055.626
Theft of Bicycle,2017,5,6,21,30,12XX NICOLA ST,West End,489900.0307,5458991.8457
Theft of Bicycle,2017,7,30,11,0,12XX PACIFIC BLVD,Central Business District,491172.7587,5457915.2893
Theft of Bicycle,2017,5,23,7,58,12XX RICHARDS ST,Central Business District,490851.8218,5458026.6393
Theft of Bicycle,2017,9,12,19,0,12XX RICHARDS ST,Central Business District,490851.8218,5458026.6393
Theft of Bicycle,2017,6,6,12,0,12XX W 7TH AVE,Fairview,490403.8383,5456954.9588
Theft of Bicycle,2017,2,22,11,30,12XX W 8TH AVE,Fairview,490381.3033,5456853.3113
Theft of Bicycle,2017,6,21,0,0,12XX W BROADWAY AVE,Fairview,490341.7582,5456752.9558
Theft of Bicycle,2017,7,30,17,0,12XX W BROADWAY AVE,Fairview,490341.7582,5456752.9558
Theft of Bicycle,2017,8,18,16,30,12XX W CORDOVA ST,Central Business District,490999.681,5459695.0485
Theft of Bicycle,2017,4,4,22,0,12XX W GEORGIA ST,Central Business District,490844.865,5459430.8445
Theft of Bicycle,2017,8,19,13,4,12XX W GEORGIA ST,West End,490879.2601,5459383.7585
Theft of Bicycle,2017,4,29,8,22,12XX W GEORGIA ST,Central Business District,490885.7068,5459390.2434
Theft of Bicycle,2017,5,30,5,15,12XX W PENDER ST,Central Business District,490896.774,5459586.2181
Theft of Bicycle,2017,12,2,0,30,12XX WOODLAND DR,Grandview-Woodland,494655.8417,5457907.4339
Theft of Bicycle,2017,3,13,22,30,12XX WOODLAND DR,Grandview-Woodland,494655.8417,5457907.4339
Theft of Bicycle,2017,8,25,19,0,13XX ADANAC ST,Grandview-Woodland,494411.7384,5458321.3936
Theft of Bicycle,2017,6,21,18,26,13XX ARBUTUS ST,Kitsilano,488900.5851,5457975.5879
Theft of Bicycle,2017,6,24,15,45,13XX ARBUTUS ST,Kitsilano,488900.5851,5457975.5879
Theft of Bicycle,2017,7,27,20,30,13XX ARBUTUS ST,Kitsilano,488900.5851,5457975.5879
Theft of Bicycle,2017,7,30,19,0,13XX ARBUTUS ST,Kitsilano,488900.5851,5457975.5879
Theft of Bicycle,2017,7,31,18,30,13XX ARBUTUS ST,Kitsilano,488900.5851,5457975.5879
Theft of Bicycle,2017,8,12,17,47,13XX ARBUTUS ST,Kitsilano,488900.5851,5457975.5879
Theft of Bicycle,2017,8,28,15,0,13XX ARBUTUS ST,Kitsilano,488900.5851,5457975.5879
Theft of Bicycle,2017,6,10,21,30,13XX ARBUTUS ST,Kitsilano,488908.5068,5457931.3578
Theft of Bicycle,2017,5,22,15,0,13XX ARBUTUS ST,Kitsilano,488909.8417,5457979.5228
Theft of Bicycle,2017,7,11,12,38,13XX BARCLAY ST,West End,490447.6802,5459259.5019
Theft of Bicycle,2017,8,17,22,0,13XX BARCLAY ST,West End,490447.6802,5459259.5019
Theft of Bicycle,2017,6,11,13,0,13XX BIRCH WALK,Fairview,490215.1958,5457295.7102
Theft of Bicycle,2017,6,12,10,0,13XX BURRARD ST,Central Business District,490409.456,5458288.5075
Theft of Bicycle,2017,12,13,18,5,13XX BURRARD ST,Central Business District,490409.456,5458288.5075
Theft of Bicycle,2017,3,7,9,0,13XX BUTE ST,West End,490171.0339,5458653.4215
Theft of Bicycle,2017,5,22,21,31,13XX CARTWRIGHT ST,Fairview,490271.568,5457451.4066
Theft of Bicycle,2017,6,7,16,15,13XX CARTWRIGHT ST,Fairview,490271.568,5457451.4066
Theft of Bicycle,2017,4,22,9,0,13XX CHESS ST,Strathcona,493704.0596,5457795.7191
Theft of Bicycle,2017,5,1,0,0,13XX COMOX ST,West End,490283.8307,5459108.2429
Theft of Bicycle,2017,12,7,9,0,13XX COTTON DR,Grandview-Woodland,494801.5571,5457805.7984
Theft of Bicycle,2017,10,27,17,0,13XX COTTON DR,Grandview-Woodland,494802.6206,5457765.2543
Theft of Bicycle,2017,12,6,0,0,13XX COTTON DR,Grandview-Woodland,494802.6206,5457765.2543
Theft of Bicycle,2017,12,8,9,0,13XX COTTON DR,Grandview-Woodland,494802.6206,5457765.2543
Theft of Bicycle,2017,12,8,20,0,13XX COTTON DR,Grandview-Woodland,494802.6206,5457765.2543
Theft of Bicycle,2017,6,12,10,0,13XX CYPRESS ST,Kitsilano,489257.359,5457961.025
Theft of Bicycle,2017,6,6,8,30,13XX DISCOVERY ST,West Point Grey,485246.8717,5458027.4871
Theft of Bicycle,2017,8,31,8,30,13XX DISCOVERY ST,West Point Grey,485246.8717,5458027.4871
Theft of Bicycle,2017,7,21,14,0,13XX E 15TH AVE,Mount Pleasant,494419.9438,5455993.1974
Theft of Bicycle,2017,11,21,0,0,13XX E 19TH AVE,Kensington-Cedar Cottage,494343.701,5455637.4914
Theft of Bicycle,2017,11,26,16,49,13XX GRAVELEY ST,Grandview-Woodland,494417.886,5457531.542
Theft of Bicycle,2017,10,19,19,30,13XX HARWOOD ST,West End,489998.3881,5458773.3473
Theft of Bicycle,2017,6,24,18,0,13XX HOMER ST,Central Business District,490884.6307,5457917.275
Theft of Bicycle,2017,9,24,14,54,13XX HORNBY ST,Central Business District,490494.7193,5458221.5286
Theft of Bicycle,2017,9,30,18,0,13XX HORNBY ST,Central Business District,490494.7193,5458221.5286
Theft of Bicycle,2017,8,9,17,30,13XX HORNBY ST,Central Business District,490497.5549,5458237.1793
Theft of Bicycle,2017,1,18,12,0,13XX JERVIS ST,West End,489988.409,5458694.4324
Theft of Bicycle,2017,7,23,3,45,13XX LAURIER AVE,Shaughnessy,490177.0445,5455346.2735
Theft of Bicycle,2017,7,23,3,50,13XX LAURIER AVE,Shaughnessy,490177.0445,5455346.2735
Theft of Bicycle,2017,10,15,16,45,13XX MAIN ST,Central Business District,492714.0067,5457797.3141
Theft of Bicycle,2017,10,6,23,30,13XX PARK DR,Marpole,490023.9726,5451528.1605
Theft of Bicycle,2017,5,14,13,0,13XX RAILSPUR ALLY,Fairview,490243.2018,5457506.0603
Theft of Bicycle,2017,8,20,7,15,13XX RICHARDS ST,Central Business District,490818.5242,5457993.5133
Theft of Bicycle,2017,8,25,23,0,13XX ROBSON ST,West End,490593.8235,5459434.2141
Theft of Bicycle,2017,5,31,2,48,13XX SW MARINE DR,Marpole,490141.3177,5450042.1893
Theft of Bicycle,2017,4,1,0,0,13XX W 11TH AVE,Fairview,490233.489,5456544.6526
Theft of Bicycle,2017,12,7,8,30,13XX W 13TH AVE,Fairview,490181.405,5456346.5509
Theft of Bicycle,2017,7,15,18,0,13XX W 14TH AVE,Fairview,490162.1182,5456245.4948
Theft of Bicycle,2017,11,1,8,0,13XX W 15TH AVE,Fairview,490177.3236,5456141.3095
Theft of Bicycle,2017,11,1,21,30,13XX W 15TH AVE,Fairview,490177.3236,5456141.3095
Theft of Bicycle,2017,8,27,18,30,13XX W 4TH AVE,Fairview,490272.314,5457060.8657
Theft of Bicycle,2017,9,30,17,58,13XX W 7TH AVE,Fairview,490216.905,5456959.6169
Theft of Bicycle,2017,6,13,20,0,13XX W 8TH AVE,Fairview,490264.8911,5456864.6333
Theft of Bicycle,2017,5,8,6,43,13XX W GEORGIA ST,Central Business District,490743.9602,5459530.9152
Theft of Bicycle,2017,4,1,23,30,13XX W PENDER ST,Central Business District,490797.3138,5459620.4887
Theft of Bicycle,2017,6,23,17,0,13XX W PENDER ST,Central Business District,490797.3138,5459620.4887
Theft of Bicycle,2017,6,14,2,0,13XX WALNUT ST,Kitsilano,489163.3889,5457943.2167
Theft of Bicycle,2017,10,19,9,42,13XX WOODLAND DR,Grandview-Woodland,494662.0401,5457779.8785
Theft of Bicycle,2017,7,1,20,0,14XX ALBERNI ST,West End,490626.7411,5459555.304
Theft of Bicycle,2017,7,22,16,0,14XX ANDERSON ST,Fairview,490163.2828,5457625.1165
Theft of Bicycle,2017,8,20,14,0,14XX ANDERSON ST,Fairview,490163.2828,5457625.1165
Theft of Bicycle,2017,2,12,16,45,14XX ANDERSON ST,Fairview,490173.4443,5457688.6179
Theft of Bicycle,2017,4,14,18,56,14XX ANDERSON ST,Fairview,490173.4443,5457688.6179
Theft of Bicycle,2017,4,16,13,30,14XX ANDERSON ST,Fairview,490173.4443,5457688.6179
Theft of Bicycle,2017,4,16,14,0,14XX ANDERSON ST,Fairview,490173.4443,5457688.6179
Theft of Bicycle,2017,4,21,16,0,14XX ANDERSON ST,Fairview,490173.4443,5457688.6179
Theft of Bicycle,2017,4,22,11,15,14XX ANDERSON ST,Fairview,490173.4443,5457688.6179
Theft of Bicycle,2017,5,7,15,0,14XX ANDERSON ST,Fairview,490173.4443,5457688.6179
Theft of Bicycle,2017,5,17,12,0,14XX ANDERSON ST,Fairview,490173.4443,5457688.6179
Theft of Bicycle,2017,5,26,14,30,14XX ANDERSON ST,Fairview,490173.4443,5457688.6179
Theft of Bicycle,2017,6,3,16,15,14XX ANDERSON ST,Fairview,490173.4443,5457688.6179
Theft of Bicycle,2017,6,3,16,30,14XX ANDERSON ST,Fairview,490173.4443,5457688.6179
Theft of Bicycle,2017,6,4,15,30,14XX ANDERSON ST,Fairview,490173.4443,5457688.6179
Theft of Bicycle,2017,6,26,20,30,14XX ANDERSON ST,Fairview,490173.4443,5457688.6179
Theft of Bicycle,2017,7,15,14,0,14XX ANDERSON ST,Fairview,490173.4443,5457688.6179
Theft of Bicycle,2017,7,20,19,0,14XX ANDERSON ST,Fairview,490173.4443,5457688.6179
Theft of Bicycle,2017,8,6,16,30,14XX ANDERSON ST,Fairview,490173.4443,5457688.6179
Theft of Bicycle,2017,8,18,6,0,14XX ANDERSON ST,Fairview,490173.4443,5457688.6179
Theft of Bicycle,2017,8,18,12,0,14XX ANDERSON ST,Fairview,490173.4443,5457688.6179
Theft of Bicycle,2017,9,16,14,30,14XX ANDERSON ST,Fairview,490173.4443,5457688.6179
Theft of Bicycle,2017,9,25,14,20,14XX ANDERSON ST,Fairview,490173.4443,5457688.6179
Theft of Bicycle,2017,10,9,15,30,14XX ANDERSON ST,Fairview,490173.4443,5457688.6179
Theft of Bicycle,2017,4,30,18,31,14XX ANDERSON ST,Fairview,490182.9059,5457689.8753
Theft of Bicycle,2017,5,22,17,0,14XX ARBUTUS ST,Kitsilano,488894.956,5457772.4579
Theft of Bicycle,2017,6,5,12,56,14XX ARBUTUS ST,Kitsilano,488894.956,5457772.4579
Theft of Bicycle,2017,6,5,19,43,14XX ARBUTUS ST,Kitsilano,488894.956,5457772.4579
Theft of Bicycle,2017,3,12,7,58,14XX BURNABY ST,West End,489961.2773,5458963.2842
Theft of Bicycle,2017,6,10,16,0,14XX CARTWRIGHT ST,Fairview,490106.5517,5457539.9662
Theft of Bicycle,2017,8,31,13,0,14XX CARTWRIGHT ST,Fairview,490106.5517,5457539.9662
Theft of Bicycle,2017,9,3,11,0,14XX CARTWRIGHT ST,Fairview,490106.5517,5457539.9662
Theft of Bicycle,2017,5,24,12,0,14XX CARTWRIGHT ST,Fairview,490145.4683,5457517.8402
Theft of Bicycle,2017,5,26,20,0,14XX CARTWRIGHT ST,Fairview,490145.4683,5457517.8402
Theft of Bicycle,2017,4,30,15,0,14XX CARTWRIGHT ST,Fairview,490162.8981,5457490.2788
Theft of Bicycle,2017,5,3,14,32,14XX COMMERCIAL DR,Grandview-Woodland,494940.0794,5457649.7131
Theft of Bicycle,2017,10,17,10,0,14XX COTTON DR,Grandview-Woodland,494801.1927,5457696.0254
Theft of Bicycle,2017,11,8,12,30,14XX COTTON DR,Grandview-Woodland,494801.1927,5457696.0254
Theft of Bicycle,2017,6,18,2,0,14XX CREEKSIDE DR,Fairview,489763.7089,5457804.739
Theft of Bicycle,2017,8,1,11,42,14XX CREEKSIDE DR,Fairview,489763.7089,5457804.739
Theft of Bicycle,2017,7,28,20,0,14XX CYPRESS ST,Kitsilano,489245.8822,5457844.1949
Theft of Bicycle,2017,5,18,12,0,14XX E 7TH AVE,Grandview-Woodland,494533.973,5456824.97
Theft of Bicycle,2017,5,23,9,40,14XX E 7TH AVE,Grandview-Woodland,494533.973,5456824.97
Theft of Bicycle,2017,5,29,16,0,14XX E 7TH AVE,Grandview-Woodland,494533.973,5456824.97
Theft of Bicycle,2017,11,1,6,30,14XX E 7TH AVE,Grandview-Woodland,494533.973,5456824.97
Theft of Bicycle,2017,5,28,17,0,14XX E HASTINGS ST,Grandview-Woodland,494563.7471,5458727.4016
Theft of Bicycle,2017,5,5,18,0,14XX E HASTINGS ST,Grandview-Woodland,494592.7539,5458736.0127
Theft of Bicycle,2017,11,9,17,0,14XX E KING EDWARD AVE,Kensington-Cedar Cottage,494582.916,5455079.367
Theft of Bicycle,2017,9,15,9,3,14XX HARO ST,West End,490445.5346,5459425.2998
Theft of Bicycle,2017,2,1,22,0,14XX HARWOOD ST,West End,489896.3253,5458874.123
Theft of Bicycle,2017,5,1,23,0,14XX HORNBY ST,Central Business District,490417.1304,5458144.0255
Theft of Bicycle,2017,8,29,8,30,14XX HOWE ST,Central Business District,490437.6662,5458041.3659
Theft of Bicycle,2017,4,17,15,0,14XX JOHNSTON ST,Fairview,490250.0735,5457600.5625
Theft of Bicycle,2017,5,6,15,9,14XX MAIN ST,Strathcona,492736.8147,5457852.6647
Theft of Bicycle,2017,8,3,15,15,14XX MAPLE ST,Kitsilano,489079.1828,5457828.4158
Theft of Bicycle,2017,12,9,16,30,14XX MARPOLE AVE,Fairview,489950.6298,5456068.7424
Theft of Bicycle,2017,7,3,10,0,14XX NAPIER ST,Grandview-Woodland,494536.4977,5458023.5898
Theft of Bicycle,2017,4,4,19,55,14XX NELSON ST,West End,490291.7731,5459268.1785
Theft of Bicycle,2017,2,14,7,0,14XX QUEBEC ST,Central Business District,492586.5863,5457740.9297
Theft of Bicycle,2017,4,27,11,0,14XX QUEBEC ST,Central Business District,492586.5863,5457740.9297
Theft of Bicycle,2017,5,3,9,30,14XX QUEBEC ST,Central Business District,492586.5863,5457740.9297
Theft of Bicycle,2017,5,7,19,8,14XX QUEBEC ST,Central Business District,492586.5863,5457740.9297
Theft of Bicycle,2017,5,20,14,10,14XX QUEBEC ST,Central Business District,492586.5863,5457740.9297
Theft of Bicycle,2017,6,30,20,38,14XX QUEBEC ST,Central Business District,492586.5863,5457740.9297
Theft of Bicycle,2017,7,5,14,17,14XX QUEBEC ST,Central Business District,492586.5863,5457740.9297
Theft of Bicycle,2017,7,9,18,30,14XX QUEBEC ST,Central Business District,492586.5863,5457740.9297
Theft of Bicycle,2017,7,31,12,0,14XX QUEBEC ST,Central Business District,492586.5863,5457740.9297
Theft of Bicycle,2017,8,8,13,0,14XX QUEBEC ST,Central Business District,492586.5863,5457740.9297
Theft of Bicycle,2017,8,9,16,30,14XX QUEBEC ST,Central Business District,492586.5863,5457740.9297
Theft of Bicycle,2017,8,10,17,0,14XX QUEBEC ST,Central Business District,492586.5863,5457740.9297
Theft of Bicycle,2017,8,13,17,44,14XX QUEBEC ST,Central Business District,492586.5863,5457740.9297
Theft of Bicycle,2017,8,21,14,0,14XX QUEBEC ST,Central Business District,492586.5863,5457740.9297
Theft of Bicycle,2017,8,21,16,0,14XX QUEBEC ST,Central Business District,492586.5863,5457740.9297
Theft of Bicycle,2017,9,16,14,0,14XX QUEBEC ST,Central Business District,492586.5863,5457740.9297
Theft of Bicycle,2017,10,15,16,30,14XX QUEBEC ST,Central Business District,492586.5863,5457740.9297
Theft of Bicycle,2017,10,24,8,20,14XX QUEBEC ST,Central Business District,492586.5863,5457740.9297
Theft of Bicycle,2017,8,26,17,0,14XX QUEBEC ST,Central Business District,492588.0646,5457795.3523
Theft of Bicycle,2017,4,30,9,30,14XX QUEBEC ST,Mount Pleasant,492612.2716,5457798.0918
Theft of Bicycle,2017,7,4,12,0,14XX RICHARDS ST,Central Business District,490703.8911,5457866.9404
Theft of Bicycle,2017,8,21,9,0,14XX RICHARDS ST,Central Business District,490703.8911,5457866.9404
Theft of Bicycle,2017,8,11,0,0,14XX STRATHMORE MEWS,Central Business District,490775.3821,5457825.1561
Theft of Bicycle,2017,8,25,18,0,14XX STRATHMORE MEWS,Central Business District,490775.3821,5457825.1561
Theft of Bicycle,2017,11,12,20,41,14XX STRATHMORE MEWS,Central Business District,490775.3821,5457825.1561
Theft of Bicycle,2017,7,28,22,0,14XX W 12TH AVE,Fairview,490078.7448,5456457.1226
Theft of Bicycle,2017,8,24,15,0,14XX W 5TH AVE,Fairview,490038.877,5457122.804
Theft of Bicycle,2017,9,4,13,30,14XX W 5TH AVE,Fairview,490038.877,5457122.804
Theft of Bicycle,2017,10,1,12,0,14XX W 7TH AVE,Fairview,489954.229,5456966.3141
Theft of Bicycle,2017,2,27,17,0,14XX W GEORGIA ST,West End,490653.4977,5459607.8663
Theft of Bicycle,2017,4,13,20,17,15XX BARCLAY ST,West End,490266.5416,5459439.2911
Theft of Bicycle,2017,5,7,20,54,15XX BARCLAY ST,West End,490266.5416,5459439.2911
Theft of Bicycle,2017,2,15,1,0,15XX BEACH AVE,West End,489711.5714,5458917.3673
Theft of Bicycle,2017,10,31,0,0,15XX CHARLES ST,Grandview-Woodland,494729.8256,5457818.3655
Theft of Bicycle,2017,11,3,16,0,15XX CHARLES ST,Grandview-Woodland,494729.8256,5457818.3655
Theft of Bicycle,2017,7,16,17,0,15XX COMMERCIAL DR,Grandview-Woodland,494939.6353,5457622.9999
Theft of Bicycle,2017,6,28,17,30,15XX COMOX ST,West End,490103.9929,5459287.1878
Theft of Bicycle,2017,7,12,22,0,15XX DAVIE ST,West End,489962.7286,5459119.1835
Theft of Bicycle,2017,7,23,10,0,15XX DURANLEAU ST,Fairview,490099.0899,5457565.2806
Theft of Bicycle,2017,2,17,0,0,15XX E 1ST AVE,Grandview-Woodland,494714.0569,5457426.1212
Theft of Bicycle,2017,7,21,18,0,15XX E 4TH AVE,Grandview-Woodland,494708.9934,5457123.1672
Theft of Bicycle,2017,11,19,18,0,15XX E 4TH AVE,Grandview-Woodland,494708.9934,5457123.1672
Theft of Bicycle,2017,6,16,20,0,15XX E BROADWAY AVE,Kensington-Cedar Cottage,494740.4926,5456618.3656
Theft of Bicycle,2017,6,17,0,30,15XX E BROADWAY AVE,Kensington-Cedar Cottage,494740.4926,5456618.3656
Theft of Bicycle,2017,7,23,23,30,15XX FRANCES ST,Grandview-Woodland,494612.1656,5458517.3125
Theft of Bicycle,2017,8,1,16,16,15XX HARO ST,West End,490381.4337,5459475.1777
Theft of Bicycle,2017,7,6,12,0,15XX HARWOOD ST,West End,489802.5012,5458979.5298
Theft of Bicycle,2017,7,11,23,0,15XX HOMER MEWS,Central Business District,490757.5884,5457635.3544
Theft of Bicycle,2017,10,29,16,57,15XX JOHNSTON ST,Fairview,490199.6787,5457675.3444
Theft of Bicycle,2017,12,31,14,30,15XX JOHNSTON ST,Fairview,490201.5975,5457659.0802
Theft of Bicycle,2017,10,20,11,0,15XX KAMLOOPS ST,Hastings-Sunrise,496026.6172,5457585.1095
Theft of Bicycle,2017,4,2,22,33,15XX MAIN ST,Mount Pleasant,492697.1529,5457656.0542
Theft of Bicycle,2017,5,13,14,49,15XX MAIN ST,Mount Pleasant,492697.1529,5457656.0542
Theft of Bicycle,2017,7,7,22,10,15XX MAIN ST,Mount Pleasant,492697.1529,5457656.0542
Theft of Bicycle,2017,7,9,15,46,15XX MAIN ST,Mount Pleasant,492697.1529,5457656.0542
Theft of Bicycle,2017,8,30,6,30,15XX MAIN ST,Mount Pleasant,492697.1529,5457656.0542
Theft of Bicycle,2017,9,10,14,25,15XX MAIN ST,Mount Pleasant,492697.1529,5457656.0542
Theft of Bicycle,2017,10,1,14,6,15XX MAIN ST,Mount Pleasant,492697.1529,5457656.0542
Theft of Bicycle,2017,5,7,12,0,15XX MARINER WALK,Fairview,489857.1223,5457470.7329
Theft of Bicycle,2017,4,16,15,30,15XX OLD BRIDGE ST,Fairview,490170.3912,5457488.195
Theft of Bicycle,2017,5,6,18,0,15XX PENDRELL ST,West End,490076.0898,5459164.04
Theft of Bicycle,2017,5,8,12,41,15XX PENDRELL ST,West End,490076.0898,5459164.04
Theft of Bicycle,2017,7,6,17,0,15XX POWELL ST,Grandview-Woodland,494622.6262,5458952.3666
Theft of Bicycle,2017,7,5,19,0,15XX QUEBEC ST,Mount Pleasant,492610.4515,5457742.6134
Theft of Bicycle,2017,5,1,0,0,15XX ROBSON ST,West End,490441.61,5459583.9461
Theft of Bicycle,2017,5,1,15,27,15XX ROBSON ST,West End,490441.61,5459583.9461
Theft of Bicycle,2017,8,5,22,0,15XX VINE ST,Kitsilano,488556.6044,5457723.4344
Theft of Bicycle,2017,7,12,22,30,15XX W 11TH AVE,Fairview,489822.2421,5456555.9857
Theft of Bicycle,2017,4,15,23,4,15XX W 11TH AVE,Fairview,489822.4152,5456565.1281
Theft of Bicycle,2017,8,10,0,8,15XX W 12TH AVE,Fairview,489906.7298,5456453.165
Theft of Bicycle,2017,9,22,0,0,15XX W 14TH AVE,Fairview,489770.4326,5456256.2478
Theft of Bicycle,2017,9,30,21,0,15XX W 14TH AVE,Fairview,489770.4326,5456256.2478
Theft of Bicycle,2017,3,31,6,30,15XX W 1ST AVE,Fairview,489747.3419,5457601.2815
Theft of Bicycle,2017,7,23,15,0,15XX W 2ND AVE,Fairview,489942.4468,5457434.8332
Theft of Bicycle,2017,4,1,11,0,15XX W 2ND AVE,Fairview,489942.4468,5457434.8332
Theft of Bicycle,2017,7,11,15,0,15XX W 2ND AVE,Fairview,489963.0603,5457418.1395
Theft of Bicycle,2017,10,20,0,0,15XX W 8TH AVE,Fairview,489769.1783,5456868.6879
Theft of Bicycle,2017,1,3,0,19,15XX W BROADWAY AVE,Fairview,489909.736,5456763.2782
Theft of Bicycle,2017,6,12,7,35,15XX W GEORGIA ST,West End,490584.3614,5459678.0064
Theft of Bicycle,2017,7,6,13,30,15XX YEW ST,Kitsilano,488730.929,5457768.3574
Theft of Bicycle,2017,11,12,12,0,16XX ADANAC ST,Grandview-Woodland,494802.3183,5458312.313
Theft of Bicycle,2017,4,27,19,0,16XX ALBERNI ST,West End,490406.645,5459762.5174
Theft of Bicycle,2017,10,6,23,0,16XX ARBUTUS ST,Kitsilano,488899.5143,5457602.5058
Theft of Bicycle,2017,6,14,10,30,16XX BARCLAY ST,West End,490167.8962,5459549.645
Theft of Bicycle,2017,10,2,18,0,16XX BARCLAY ST,West End,490228.3212,5459489.6168
Theft of Bicycle,2017,9,4,13,0,16XX BAYSHORE DR,Central Business District,490592.1237,5459859.7313
Theft of Bicycle,2017,5,24,6,0,16XX BAYSHORE DR,Central Business District,490598.522,5459866.264
Theft of Bicycle,2017,9,2,10,40,16XX BAYSHORE DR,Central Business District,490598.522,5459866.264
Theft of Bicycle,2017,7,29,14,0,16XX BEACH AVE,West End,489681.3949,5458937.0073
Theft of Bicycle,2017,8,29,23,0,16XX COLUMBIA ST,Mount Pleasant,492047.3729,5457636.4098
Theft of Bicycle,2017,7,1,0,0,16XX COMMERCIAL DR,Grandview-Woodland,494928.6811,5457525.9813
Theft of Bicycle,2017,6,16,19,37,16XX COMMERCIAL DR,Grandview-Woodland,494937.8234,5457525.8018
Theft of Bicycle,2017,9,5,11,13,16XX COMOX ST,West End,490022.0092,5459381.2968
Theft of Bicycle,2017,8,3,20,0,16XX CYPRESS ST,Kitsilano,489240.3116,5457638.353
Theft of Bicycle,2017,8,15,12,0,16XX DURANLEAU ST,Fairview,490105.4127,5457698.2852
Theft of Bicycle,2017,6,12,20,0,16XX E 10TH AVE,Kensington-Cedar Cottage,494876.6989,5456512.6818
Theft of Bicycle,2017,6,25,8,0,16XX E 13TH AVE,Kensington-Cedar Cottage,494835.6298,5456221.0009
Theft of Bicycle,2017,6,15,23,0,16XX E 13TH AVE,Kensington-Cedar Cottage,494846.1715,5456211.8327
Theft of Bicycle,2017,1,3,6,52,16XX E 1ST AVE,Grandview-Woodland,494860.7599,5457421.8826
Theft of Bicycle,2017,7,11,0,0,16XX E 22ND AVE,Kensington-Cedar Cottage,494814.2361,5455295.1419
Theft of Bicycle,2017,9,2,20,50,16XX E 6TH AVE,Grandview-Woodland,494900.2097,5456922.3114
Theft of Bicycle,2017,1,17,22,0,16XX E 8TH AVE,Grandview-Woodland,494896.0823,5456695.5084
Theft of Bicycle,2017,7,19,16,30,16XX E BROADWAY AVE,Kensington-Cedar Cottage,494783.0627,5456617.7764
Theft of Bicycle,2017,11,7,19,0,16XX E BROADWAY AVE,Kensington-Cedar Cottage,494783.0627,5456617.7764
Theft of Bicycle,2017,4,26,18,0,16XX E GEORGIA ST,Grandview-Woodland,494763.2053,5458413.7467
Theft of Bicycle,2017,1,3,22,0,16XX GRANT ST,Grandview-Woodland,494895.6329,5457626.6884
Theft of Bicycle,2017,7,29,19,0,16XX GRANVILLE ST,Central Business District,490419.584,5457877.1578
Theft of Bicycle,2017,6,12,14,0,16XX HARWOOD ST,West End,489706.0039,5459074.7076
Theft of Bicycle,2017,10,5,20,0,16XX HARWOOD ST,West End,489706.0039,5459074.7076
Theft of Bicycle,2017,8,14,17,0,16XX HOWE ST,Central Business District,490352.7197,5457942.9899
Theft of Bicycle,2017,3,4,14,30,16XX JOHNSTON ST,Fairview,490123.891,5457767.4784
Theft of Bicycle,2017,4,29,12,0,16XX JOHNSTON ST,Fairview,490123.891,5457767.4784
Theft of Bicycle,2017,5,5,14,0,16XX JOHNSTON ST,Fairview,490123.891,5457767.4784
Theft of Bicycle,2017,5,13,14,30,16XX JOHNSTON ST,Fairview,490123.891,5457767.4784
Theft of Bicycle,2017,6,17,13,30,16XX JOHNSTON ST,Fairview,490123.891,5457767.4784
Theft of Bicycle,2017,7,14,17,30,16XX JOHNSTON ST,Fairview,490123.8911,5457767.4783
Theft of Bicycle,2017,7,20,17,0,16XX JOHNSTON ST,Fairview,490123.8911,5457767.4783
Theft of Bicycle,2017,7,30,17,0,16XX JOHNSTON ST,Fairview,490123.8911,5457767.4783
Theft of Bicycle,2017,8,17,16,30,16XX JOHNSTON ST,Fairview,490123.8911,5457767.4783
Theft of Bicycle,2017,10,1,15,30,16XX JOHNSTON ST,Fairview,490123.8911,5457767.4783
Theft of Bicycle,2017,12,30,14,30,16XX JOHNSTON ST,Fairview,490123.8911,5457767.4783
Theft of Bicycle,2017,4,9,14,20,16XX JOHNSTON ST,Fairview,490173.1766,5457692.2953
Theft of Bicycle,2017,3,7,10,0,16XX MAIN ST,Mount Pleasant,492681.9429,5457603.4113
Theft of Bicycle,2017,7,11,8,0,16XX MAIN ST,Mount Pleasant,492681.9429,5457603.4113
Theft of Bicycle,2017,3,19,14,25,16XX MAIN ST,Mount Pleasant,492683.523,5457608.8799
Theft of Bicycle,2017,5,22,21,0,16XX MAIN ST,Strathcona,492713.4614,5457636.6962
Theft of Bicycle,2017,6,16,20,20,16XX MANITOBA ST,Mount Pleasant,492247.5433,5457645.9637
Theft of Bicycle,2017,2,21,18,0,16XX NAPIER ST,Grandview-Woodland,494923.2387,5458018.9232
Theft of Bicycle,2017,4,26,23,1,16XX NAPIER ST,Grandview-Woodland,494923.2387,5458018.9232
Theft of Bicycle,2017,6,12,12,0,16XX NAPIER ST,Grandview-Woodland,494923.2387,5458018.9232
Theft of Bicycle,2017,10,16,11,0,16XX NAPIER ST,Grandview-Woodland,494923.2387,5458018.9232
Theft of Bicycle,2017,7,1,20,57,16XX PENDRELL ST,West End,489915.7313,5459322.8049
Theft of Bicycle,2017,8,2,20,56,16XX QUEBEC ST,Mount Pleasant,492588.7135,5457658.0048
Theft of Bicycle,2017,8,17,16,45,16XX SALT ST,Mount Pleasant,492286.5827,5457524.8483
Theft of Bicycle,2017,9,23,16,30,16XX SALT ST,Mount Pleasant,492286.5827,5457524.8483
Theft of Bicycle,2017,4,3,13,0,16XX STATION ST,Strathcona,492870.6858,5457576.0099
Theft of Bicycle,2017,6,21,19,36,16XX STATION ST,Strathcona,492870.6858,5457576.0099
Theft of Bicycle,2017,6,1,16,0,16XX W 3RD AVE,Fairview,489751.246,5457345.1595
Theft of Bicycle,2017,3,21,18,0,16XX W 6TH AVE,Fairview,489632.077,5457059.4061
Theft of Bicycle,2017,4,8,3,21,16XX W 6TH AVE,Fairview,489632.077,5457059.4061
Theft of Bicycle,2017,10,6,15,0,16XX W 7TH AVE,Fairview,489654.8148,5456964.8832
Theft of Bicycle,2017,8,16,9,0,16XX W 8TH AVE,Fairview,489730.3782,5456870.8351
Theft of Bicycle,2017,5,18,2,58,16XX W KING EDWARD AVE,Shaughnessy,489573.9056,5455214.4595
Theft of Bicycle,2017,4,29,7,30,16XX WOODLAND DR,Grandview-Woodland,494650.4712,5457491.4759
Theft of Bicycle,2017,7,18,16,30,17XX ALBERNI ST,West End,490318.2146,5459863.148
Theft of Bicycle,2017,7,23,15,0,17XX ALBERNI ST,West End,490318.2146,5459863.148
Theft of Bicycle,2017,6,10,17,0,17XX ARBUTUS ST,Kitsilano,488888.8369,5457545.2822
Theft of Bicycle,2017,1,31,0,0,17XX BARCLAY ST,West End,490028.6975,5459674.5729
Theft of Bicycle,2017,7,5,15,23,17XX BARCLAY ST,West End,490094.3597,5459609.7254
Theft of Bicycle,2017,9,2,15,30,17XX BEACH AVE,West End,489615.8598,5459101.3916
Theft of Bicycle,2017,5,13,21,0,17XX BEACH AVE,West End,489625.6148,5459220.6134
Theft of Bicycle,2017,7,18,17,0,17XX BEACH AVE,West End,489625.6148,5459220.6134
Theft of Bicycle,2017,8,9,19,30,17XX BEACH AVE,West End,489625.6148,5459220.6134
Theft of Bicycle,2017,1,21,16,0,17XX BEACH AVE,West End,489639.0715,5459330.226
Theft of Bicycle,2017,5,20,15,24,17XX BEACH AVE,West End,489639.0953,5459330.3813
Theft of Bicycle,2017,5,26,18,0,17XX BEACH AVE,West End,489639.0953,5459330.3813
Theft of Bicycle,2017,6,19,20,30,17XX BEACH AVE,West End,489639.0953,5459330.3813
Theft of Bicycle,2017,6,26,16,0,17XX BEACH AVE,West End,489639.0953,5459330.3813
Theft of Bicycle,2017,7,3,8,15,17XX BEACH AVE,West End,489639.0953,5459330.3813
Theft of Bicycle,2017,7,9,15,49,17XX BEACH AVE,West End,489639.0953,5459330.3813
Theft of Bicycle,2017,7,17,20,0,17XX BEACH AVE,West End,489639.0953,5459330.3813
Theft of Bicycle,2017,6,12,20,0,17XX CHARLES ST,Grandview-Woodland,494939.7939,5457808.271
Theft of Bicycle,2017,5,13,11,0,17XX COLUMBIA ST,Mount Pleasant,492045.7034,5457494.3988
Theft of Bicycle,2017,5,29,8,17,17XX COLUMBIA ST,Mount Pleasant,492045.7034,5457494.3988
Theft of Bicycle,2017,10,16,23,55,17XX COLUMBIA ST,Mount Pleasant,492045.8483,5457503.1063
Theft of Bicycle,2017,9,24,18,0,17XX COMOX ST,West End,489905.1971,5459484.9822
Theft of Bicycle,2017,3,22,12,0,17XX COTTON DR,Grandview-Woodland,494797.4675,5457407.0029
Theft of Bicycle,2017,10,29,17,0,17XX COTTON DR,Grandview-Woodland,494797.4675,5457407.0029
Theft of Bicycle,2017,7,19,21,0,17XX DAVIE ST,West End,489740.2257,5459340.8544
Theft of Bicycle,2017,2,16,9,0,17XX DAVIE ST,West End,489742.2009,5459351.788
Theft of Bicycle,2017,4,9,0,0,17XX E 14TH AVE,Kensington-Cedar Cottage,494988.1509,5456115.7384
Theft of Bicycle,2017,6,8,0,0,17XX E 22ND AVE,Kensington-Cedar Cottage,495000.3065,5455281.3954
Theft of Bicycle,2017,10,16,9,0,17XX E 22ND AVE,Kensington-Cedar Cottage,495000.3065,5455281.3954
Theft of Bicycle,2017,11,23,17,30,17XX E 33RD AVE,Kensington-Cedar Cottage,494895.642,5454156.4209
Theft of Bicycle,2017,11,1,0,0,17XX E 34TH AVE,Kensington-Cedar Cottage,494909.2523,5454054.8732
Theft of Bicycle,2017,9,18,8,25,17XX E 55TH AVE,Victoria-Fraserview,494873.97,5451913.7515
Theft of Bicycle,2017,11,7,14,46,17XX E 55TH AVE,Victoria-Fraserview,494873.97,5451913.7515
Theft of Bicycle,2017,4,15,16,0,17XX E BROADWAY AVE,Grandview-Woodland,494956.5836,5456624.4345
Theft of Bicycle,2017,4,12,17,30,17XX E BROADWAY AVE,Kensington-Cedar Cottage,495037.9953,5456613.9613
Theft of Bicycle,2017,7,1,8,15,17XX E BROADWAY AVE,Kensington-Cedar Cottage,495037.9953,5456613.9613
Theft of Bicycle,2017,11,16,19,0,17XX FRANCES ST,Grandview-Woodland,494942.7709,5458519.3309
Theft of Bicycle,2017,3,11,12,21,17XX HARO ST,West End,490170.3784,5459700.883
Theft of Bicycle,2017,4,18,14,20,17XX KINGSWAY AVE,Kensington-Cedar Cottage,495019.4595,5454886.6337
Theft of Bicycle,2017,2,9,21,0,17XX PENDRELL ST,West End,489824.3722,5459410.4504
Theft of Bicycle,2017,8,12,21,30,17XX PENDRELL ST,West End,489850.44,5459397.7613
Theft of Bicycle,2017,9,30,21,30,17XX TRAFALGAR ST,Kitsilano,488030.9852,5457546.6478
Theft of Bicycle,2017,12,1,0,0,17XX W 10TH AVE,Fairview,489436.5367,5456678.8093
Theft of Bicycle,2017,8,26,11,30,17XX W 12TH AVE,Fairview,489521.9945,5456464.3654
Theft of Bicycle,2017,8,10,20,30,17XX W 13TH AVE,Fairview,489408.342,5456357.6707
Theft of Bicycle,2017,8,3,2,0,17XX W 14TH AVE,Fairview,489459.483,5456265.3859
Theft of Bicycle,2017,6,5,16,30,17XX W 4TH AVE,Fairview,489463.4431,5457253.4101
Theft of Bicycle,2017,6,3,0,0,17XX W 59TH AVE,Marpole,489296.4012,5451675.1884
Theft of Bicycle,2017,9,1,18,0,17XX W 7TH AVE,Fairview,489456.093,5456969.9319
Theft of Bicycle,2017,7,12,18,0,17XX W 8TH AVE,Fairview,489449.9724,5456878.683
Theft of Bicycle,2017,8,4,4,30,17XX W BROADWAY AVE,Fairview,489465.7496,5456774.6309
Theft of Bicycle,2017,8,21,9,26,17XX W GEORGIA ST,West End,490277.202,5459988.0893
Theft of Bicycle,2017,11,21,3,15,18XX ALBERNI ST,West End,490152.8132,5460025.7145
Theft of Bicycle,2017,3,22,17,0,18XX CHARLES ST,Grandview-Woodland,495085.1993,5457814.3936
Theft of Bicycle,2017,3,30,17,0,18XX COMOX ST,West End,489766.8439,5459637.2389
Theft of Bicycle,2017,8,7,20,0,18XX CROWE ST,Mount Pleasant,491876.0096,5457293.1414
Theft of Bicycle,2017,8,23,5,7,18XX CROWE ST,Mount Pleasant,491876.0096,5457293.1414
Theft of Bicycle,2017,9,16,22,0,18XX CROWE ST,Mount Pleasant,491876.0096,5457293.1414
Theft of Bicycle,2017,10,7,20,0,18XX CROWE ST,Mount Pleasant,491876.0096,5457293.1414
Theft of Bicycle,2017,7,17,22,8,18XX E 14TH AVE,Kensington-Cedar Cottage,495063.7389,5456105.5609
Theft of Bicycle,2017,2,9,12,43,18XX E 16TH AVE,Kensington-Cedar Cottage,495095.7142,5455951.4204
Theft of Bicycle,2017,3,18,22,26,18XX E 2ND AVE,Grandview-Woodland,495104.6173,5457331.2826
Theft of Bicycle,2017,2,20,18,0,18XX E 41ST AVE,Kensington-Cedar Cottage,495060.5599,5453323.1708
Theft of Bicycle,2017,9,1,13,0,18XX E 8TH AVE,Grandview-Woodland,495123.517,5456718.4329
Theft of Bicycle,2017,8,6,8,0,18XX E HASTINGS ST,Grandview-Woodland,495039.1078,5458718.2997
Theft of Bicycle,2017,10,11,17,15,18XX E HASTINGS ST,Grandview-Woodland,495077.01,5458717.6521
Theft of Bicycle,2017,10,24,2,0,18XX E PENDER ST,Grandview-Woodland,495197.286,5458616.8442
Theft of Bicycle,2017,9,24,20,0,18XX FRANCES ST,Grandview-Woodland,495036.039,5458508.113
Theft of Bicycle,2017,11,1,0,0,18XX FRANCES ST,Grandview-Woodland,495036.039,5458508.113
Theft of Bicycle,2017,10,21,10,24,18XX FRANCES ST,Grandview-Woodland,495142.7393,5458505.9048
Theft of Bicycle,2017,5,28,10,0,18XX FRANCES ST,Grandview-Woodland,495157.9822,5458505.5893
Theft of Bicycle,2017,3,2,12,30,18XX GRAVELEY ST,Grandview-Woodland,495158.513,5457531.6496
Theft of Bicycle,2017,11,5,14,0,18XX MCSPADDEN AVE,Grandview-Woodland,495059.8426,5457078.4846
Theft of Bicycle,2017,10,4,20,0,18XX RENFREW ST,Hastings-Sunrise,496785.7084,5457264.3718
Theft of Bicycle,2017,3,25,14,0,18XX ROBSON ST,West End,490077.5105,5459931.6458
Theft of Bicycle,2017,7,4,19,7,18XX ROBSON ST,West End,490142.2971,5459867.8689
Theft of Bicycle,2017,4,3,14,0,18XX SPYGLASS PL,Fairview,491609.8186,5457422.8141
Theft of Bicycle,2017,3,9,22,45,18XX W 10TH AVE,Kitsilano,489297.3934,5456682.3878
Theft of Bicycle,2017,3,25,18,0,18XX W 10TH AVE,Kitsilano,489343.7318,5456672.0244
Theft of Bicycle,2017,9,1,1,15,18XX W 12TH AVE,Kitsilano,489304.979,5456471.6983
Theft of Bicycle,2017,11,13,11,30,18XX W 3RD AVE,Kitsilano,489245.8763,5457369.6238
Theft of Bicycle,2017,3,31,15,6,18XX W 4TH AVE,Kitsilano,489399.54,5457255.1956
Theft of Bicycle,2017,9,8,18,0,18XX W 7TH AVE,Kitsilano,489374.7481,5456972.22
Theft of Bicycle,2017,7,6,22,0,18XX W 8TH AVE,Kitsilano,489311.5159,5456882.5198
Theft of Bicycle,2017,5,10,18,30,18XX W BROADWAY AVE,Kitsilano,489246.907,5456780.7198
Theft of Bicycle,2017,6,10,9,0,18XX W BROADWAY AVE,Kitsilano,489390.2991,5456785.8676
Theft of Bicycle,2017,9,25,19,9,18XX YEW ST,Kitsilano,488721.6473,5457405.7066
Theft of Bicycle,2017,5,31,23,0,18XX YORK AVE,Kitsilano,489268.9258,5457651.2607
Theft of Bicycle,2017,8,16,19,15,19XX BARCLAY ST,West End,489876.9222,5459823.9334
Theft of Bicycle,2017,6,16,8,0,19XX CHARLES ST,Grandview-Woodland,495342.8128,5457810.9147
Theft of Bicycle,2017,2,26,8,0,19XX DUNBAR ST,Kitsilano,486636.4555,5457341.5546
Theft of Bicycle,2017,4,12,20,0,19XX DUNBAR ST,Kitsilano,486645.5427,5457339.3535
Theft of Bicycle,2017,8,23,17,30,19XX E 11TH AVE,Kensington-Cedar Cottage,495274.7161,5456403.5775
Theft of Bicycle,2017,9,29,19,30,19XX E 11TH AVE,Kensington-Cedar Cottage,495274.7161,5456403.5775
Theft of Bicycle,2017,10,2,17,0,19XX E 11TH AVE,Kensington-Cedar Cottage,495274.7161,5456403.5775
Theft of Bicycle,2017,9,13,11,1,19XX E 13TH AVE,Kensington-Cedar Cottage,495255.3996,5456205.9083
Theft of Bicycle,2017,11,17,22,0,19XX E 13TH AVE,Kensington-Cedar Cottage,495255.3996,5456205.9083
Theft of Bicycle,2017,3,29,17,51,19XX FRANKLIN ST,Grandview-Woodland,495303.1155,5458816.7573
Theft of Bicycle,2017,9,11,3,0,19XX HARO ST,West End,489916.7766,5459951.4528
Theft of Bicycle,2017,3,26,1,30,19XX KITCHENER ST,Grandview-Woodland,495243.2261,5457701.6191
Theft of Bicycle,2017,6,3,15,0,19XX POWELL ST,Grandview-Woodland,495319.2012,5459127.4114
Theft of Bicycle,2017,7,3,19,0,19XX ROBSON ST,West End,490033.0291,5459988.8383
Theft of Bicycle,2017,9,4,11,0,19XX SCOTIA ST,Mount Pleasant,492854.9715,5457216.1849
Theft of Bicycle,2017,9,8,8,48,19XX SCOTIA ST,Mount Pleasant,492854.9715,5457216.1849
Theft of Bicycle,2017,3,2,22,30,19XX TRAFALGAR ST,Kitsilano,488026.2333,5457340.9847
Theft of Bicycle,2017,5,23,22,0,19XX VENABLES ST,Grandview-Woodland,495321.136,5458214.6274
Theft of Bicycle,2017,5,29,8,0,19XX VINE ST,Kitsilano,488548.4782,5457373.2698
Theft of Bicycle,2017,5,4,19,0,19XX W 11TH AVE,Kitsilano,489064.1013,5456576.8507
Theft of Bicycle,2017,7,14,22,30,19XX W 14TH AVE,Kitsilano,489063.5204,5456276.4693
Theft of Bicycle,2017,4,8,13,0,19XX W 14TH AVE,Kitsilano,489178.7412,5456274.6142
Theft of Bicycle,2017,12,15,8,30,19XX W 15TH AVE,Kitsilano,489059.6936,5456161.5569
Theft of Bicycle,2017,9,15,5,30,19XX W 1ST AVE,Kitsilano,489100.7228,5457559.182
Theft of Bicycle,2017,7,6,19,0,19XX W 6TH AVE,Kitsilano,489073.7828,5457074.0284
Theft of Bicycle,2017,7,14,21,0,19XX W 7TH AVE,Kitsilano,489142.7177,5456987.9148
Theft of Bicycle,2017,6,20,19,0,19XX WHYTE AVE,Kitsilano,489204.4844,5458080.2723
Theft of Bicycle,2017,10,3,6,14,19XX WYLIE ST,Mount Pleasant,491713.7029,5457284.1314
Theft of Bicycle,2017,7,1,1,30,19XX WYLIE ST,Mount Pleasant,491718.5323,5457263.894
Theft of Bicycle,2017,8,28,17,30,1X N RENFREW ST,Hastings-Sunrise,496794.7505,5459130.7342
Theft of Bicycle,2017,5,2,9,0,1X W 14TH AVE,Mount Pleasant,492320.1852,5456190.7012
Theft of Bicycle,2017,9,7,15,15,1X W 16TH AVE,Mount Pleasant,492329.6495,5455996.4169
Theft of Bicycle,2017,2,15,0,0,1X W 4TH AVE,Mount Pleasant,492355.4027,5457180.751
Theft of Bicycle,2017,6,17,16,0,1X WATER ST,Central Business District,492396.2784,5458979.5438
Theft of Bicycle,2017,5,12,16,0,1XX ATHLETES WAY,Mount Pleasant,492236.8455,5457643.6113
Theft of Bicycle,2017,7,10,20,0,1XX CAMBIE ST,Central Business District,492100.6555,5459102.4598
Theft of Bicycle,2017,5,13,15,57,1XX DAVIE ST,Central Business District,491207.4821,5457903.3934
Theft of Bicycle,2017,2,26,17,0,1XX DAVIE ST,Central Business District,491263.0873,5457816.8748
Theft of Bicycle,2017,4,28,9,0,1XX E 1ST AVE,Mount Pleasant,492567.7345,5457488.1715
Theft of Bicycle,2017,7,16,0,0,1XX E 27TH AVE,Riley Park,492529.7092,5454943.6331
Theft of Bicycle,2017,8,28,8,0,1XX E 38TH AVE,Riley Park,492524.7056,5453741.221
Theft of Bicycle,2017,11,9,9,0,1XX E 49TH AVE,Sunset,492443.2024,5452545.6413
Theft of Bicycle,2017,5,17,8,0,1XX E 4TH AVE,Mount Pleasant,492581.8589,5457184.0857
Theft of Bicycle,2017,11,13,0,0,1XX E 51ST AVE,Sunset,492530.0593,5452331.3004
Theft of Bicycle,2017,1,1,0,0,1XX E 7TH AVE,Mount Pleasant,492532.7952,5456874.594
Theft of Bicycle,2017,10,2,17,30,1XX E 7TH AVE,Mount Pleasant,492580.7298,5456872.8427
Theft of Bicycle,2017,9,18,21,15,1XX E 8TH AVE,Mount Pleasant,492565.0861,5456782.4607
Theft of Bicycle,2017,8,8,23,0,1XX E 8TH AVE,Mount Pleasant,492589.0448,5456772.6272
Theft of Bicycle,2017,8,8,23,30,1XX E 8TH AVE,Mount Pleasant,492589.0448,5456772.6272
Theft of Bicycle,2017,9,12,14,0,1XX E 8TH AVE,Mount Pleasant,492589.0448,5456772.6272
Theft of Bicycle,2017,1,30,12,2,1XX E CORDOVA ST,Central Business District,492569.3686,5458843.9296
Theft of Bicycle,2017,7,15,12,10,1XX E GEORGIA ST,Central Business District,492708.6744,5458434.4423
Theft of Bicycle,2017,9,7,0,0,1XX E GEORGIA ST,Central Business District,492742.3504,5458433.1357
Theft of Bicycle,2017,11,13,17,30,1XX E GEORGIA ST,Central Business District,492742.3504,5458433.1357
Theft of Bicycle,2017,3,25,9,40,1XX E HASTINGS ST,Central Business District,492566.4957,5458738.913
Theft of Bicycle,2017,6,9,2,0,1XX E HASTINGS ST,Central Business District,492566.4957,5458738.913
Theft of Bicycle,2017,8,29,14,23,1XX E HASTINGS ST,Central Business District,492636.1816,5458736.5923
Theft of Bicycle,2017,6,2,16,20,1XX E HASTINGS ST,Central Business District,492636.486,5458745.7312
Theft of Bicycle,2017,8,12,20,2,1XX E HASTINGS ST,Central Business District,492654.52,5458735.9815
Theft of Bicycle,2017,1,25,2,0,1XX E HASTINGS ST,Central Business District,492708.1305,5458743.3452
Theft of Bicycle,2017,8,31,22,0,1XX E PENDER ST,Central Business District,492565.8345,5458632.4699
Theft of Bicycle,2017,9,18,18,0,1XX E PENDER ST,Central Business District,492565.8345,5458632.4699
Theft of Bicycle,2017,11,1,19,15,1XX E PENDER ST,Central Business District,492565.8345,5458632.4699
Theft of Bicycle,2017,5,28,18,0,1XX E WATERFRONT RD,Central Business District,492595.4533,5459081.3277
Theft of Bicycle,2017,7,5,11,0,1XX KEEFER PL,Central Business District,492124.2018,5458571.754
Theft of Bicycle,2017,10,25,14,5,1XX KEEFER ST,Central Business District,492573.2407,5458504.7326
Theft of Bicycle,2017,5,12,21,20,1XX KEEFER ST,Central Business District,492714.1813,5458526.5288
Theft of Bicycle,2017,2,1,0,0,1XX KEEFER ST,Central Business District,492725.4136,5458526.1607
Theft of Bicycle,2017,7,15,11,45,1XX N NANAIMO ST,Hastings-Sunrise,495893.7739,5459246.6669
Theft of Bicycle,2017,10,29,13,43,1XX NATIONAL AVE,Central Business District,492588.0833,5458017.0992
Theft of Bicycle,2017,9,15,23,0,1XX POWELL ST,Central Business District,492634.7564,5458941.6021
Theft of Bicycle,2017,9,9,14,0,1XX REGIMENT SQ,Central Business District,491971.2156,5458448.7678
Theft of Bicycle,2017,8,5,8,45,1XX ROUNDHOUSE MEWS,Central Business District,491092.419,5457867.4662
Theft of Bicycle,2017,11,6,13,0,1XX ROUNDHOUSE MEWS,Central Business District,491092.419,5457867.4662
Theft of Bicycle,2017,12,11,9,0,1XX ROUNDHOUSE MEWS,Central Business District,491092.419,5457867.4662
Theft of Bicycle,2017,8,7,8,25,1XX SWITCHMEN ST,Mount Pleasant,492569.2308,5457604.6619
Theft of Bicycle,2017,8,22,9,0,1XX SWITCHMEN ST,Mount Pleasant,492655.4138,5457580.2552
Theft of Bicycle,2017,8,30,7,56,1XX TERMINAL AVE,Central Business District,492699.2641,5457805.8817
Theft of Bicycle,2017,3,20,12,0,1XX W 11TH AVE,Mount Pleasant,492131.7646,5456496.8264
Theft of Bicycle,2017,3,4,13,0,1XX W 13TH AVE,Mount Pleasant,492121.8689,5456303.5829
Theft of Bicycle,2017,7,22,23,15,1XX W 1ST AVE,Mount Pleasant,492105.0048,5457497.4609
Theft of Bicycle,2017,8,8,23,0,1XX W 1ST AVE,Mount Pleasant,492120.8653,5457518.3307
Theft of Bicycle,2017,8,8,13,33,1XX W 1ST AVE,Mount Pleasant,492220.7215,5457492.7297
Theft of Bicycle,2017,9,11,4,46,1XX W 20TH AVE,Riley Park,492111.3801,5455562.0931
Theft of Bicycle,2017,1,18,8,30,1XX W 49TH AVE,Oakridge,492098.9575,5452560.1737
Theft of Bicycle,2017,9,11,15,20,1XX W 49TH AVE,Oakridge,492102.3675,5452559.9667
Theft of Bicycle,2017,9,11,18,0,1XX W 49TH AVE,Oakridge,492102.3675,5452559.9667
Theft of Bicycle,2017,9,12,16,30,1XX W 49TH AVE,Oakridge,492102.3675,5452559.9667
Theft of Bicycle,2017,9,15,8,0,1XX W 49TH AVE,Oakridge,492102.3675,5452559.9667
Theft of Bicycle,2017,9,19,18,0,1XX W 49TH AVE,Oakridge,492102.3675,5452559.9667
Theft of Bicycle,2017,9,21,8,20,1XX W 49TH AVE,Oakridge,492102.3675,5452559.9667
Theft of Bicycle,2017,9,28,9,30,1XX W 49TH AVE,Oakridge,492102.3675,5452559.9667
Theft of Bicycle,2017,6,20,18,0,1XX W 4TH AVE,Mount Pleasant,492140.6531,5457195.5568
Theft of Bicycle,2017,8,7,16,30,1XX W 8TH AVE,Mount Pleasant,492119.0795,5456786.0916
Theft of Bicycle,2017,7,27,14,30,1XX W BROADWAY AVE,Mount Pleasant,492055.1079,5456715.7147
Theft of Bicycle,2017,4,16,12,0,1XX W BROADWAY AVE,Mount Pleasant,492165.7798,5456701.8709
Theft of Bicycle,2017,6,22,16,45,1XX W BROADWAY AVE,Mount Pleasant,492165.7798,5456701.8709
Theft of Bicycle,2017,8,24,16,0,1XX W BROADWAY AVE,Mount Pleasant,492165.7798,5456701.8709
Theft of Bicycle,2017,9,18,9,0,1XX W BROADWAY AVE,Mount Pleasant,492165.7798,5456701.8709
Theft of Bicycle,2017,9,19,19,0,1XX W BROADWAY AVE,Mount Pleasant,492165.7798,5456701.8709
Theft of Bicycle,2017,10,23,13,40,1XX W BROADWAY AVE,Mount Pleasant,492165.7798,5456701.8709
Theft of Bicycle,2017,12,14,18,45,1XX W BROADWAY AVE,Mount Pleasant,492165.7798,5456701.8709
Theft of Bicycle,2017,7,11,19,0,1XX W CORDOVA ST,Central Business District,492202.3298,5458917.2378
Theft of Bicycle,2017,8,18,20,0,1XX W CORDOVA ST,Central Business District,492202.3298,5458917.2378
Theft of Bicycle,2017,7,30,18,30,1XX W CORDOVA ST,Central Business District,492219.6123,5458912.6556
Theft of Bicycle,2017,6,7,13,59,1XX W CORDOVA ST,Central Business District,492226.5253,5458910.8227
Theft of Bicycle,2017,7,16,22,45,1XX W CORDOVA ST,Central Business District,492226.5253,5458910.8227
Theft of Bicycle,2017,8,10,20,30,1XX W CORDOVA ST,Central Business District,492226.5253,5458910.8227
Theft of Bicycle,2017,9,18,18,0,1XX W GEORGIA ST,Central Business District,491795.0971,5458476.1282
Theft of Bicycle,2017,7,10,16,41,1XX W HASTINGS ST,Central Business District,492029.2548,5458865.5109
Theft of Bicycle,2017,11,13,15,0,1XX W HASTINGS ST,Central Business District,492086.6642,5458841.3733
Theft of Bicycle,2017,9,29,14,10,1XX W HASTINGS ST,Central Business District,492116.9317,5458841.821
Theft of Bicycle,2017,10,5,13,30,1XX W HASTINGS ST,Central Business District,492148.0205,5458832.4733
Theft of Bicycle,2017,9,13,14,45,1XX W HASTINGS ST,Central Business District,492148.8419,5458822.678
Theft of Bicycle,2017,7,10,7,32,1XX W HASTINGS ST,Central Business District,492182.5636,5458822.087
Theft of Bicycle,2017,7,20,11,0,1XX W HASTINGS ST,Central Business District,492182.5636,5458822.087
Theft of Bicycle,2017,4,9,16,37,1XX W HASTINGS ST,Central Business District,492197.2022,5458808.1371
Theft of Bicycle,2017,7,19,17,30,1XX W HASTINGS ST,Central Business District,492197.2022,5458808.1371
Theft of Bicycle,2017,7,24,11,0,1XX W HASTINGS ST,Central Business District,492197.2022,5458808.1371
Theft of Bicycle,2017,7,21,8,0,1XX W PENDER ST,Central Business District,492112.5032,5458719.2341
Theft of Bicycle,2017,8,9,22,15,1XX W PENDER ST,Central Business District,492112.5032,5458719.2341
Theft of Bicycle,2017,6,6,18,0,1XX WALTER HARDWICK AVE,Mount Pleasant,492105.9069,5457588.3476
Theft of Bicycle,2017,6,22,22,0,1XX WALTER HARDWICK AVE,Mount Pleasant,492236.746,5457575.6108
Theft of Bicycle,2017,3,13,21,0,1XX WATER ST,Central Business District,492219.6153,5459027.2808
Theft of Bicycle,2017,5,9,15,30,1XX WATER ST,Central Business District,492231.9528,5459033.4505
Theft of Bicycle,2017,8,4,14,30,1XX WATER ST,Central Business District,492236.2458,5459022.8396
Theft of Bicycle,2017,8,18,19,14,1XX WATER ST,Central Business District,492236.2458,5459022.8396
Theft of Bicycle,2017,12,8,7,16,1XX WATER ST,Central Business District,492248.5834,5459029.0093
Theft of Bicycle,2017,1,21,14,0,1XX WATER ST,Central Business District,492251.0364,5459018.8895
Theft of Bicycle,2017,7,19,15,10,1XX WATER ST,Central Business District,492254.5394,5459017.9543
Theft of Bicycle,2017,11,8,22,45,1XX WATER ST,Central Business District,492254.5394,5459017.9543
Theft of Bicycle,2017,5,16,13,50,20XX ALMA ST,West Point Grey,486484.4111,5457255.4503
Theft of Bicycle,2017,5,7,1,0,20XX BAYSWATER ST,Kitsilano,487558.0708,5457273.5469
Theft of Bicycle,2017,7,7,8,30,20XX BEACH AVE,Stanley Park,489350.0146,5459785.3194
Theft of Bicycle,2017,10,2,12,30,20XX BEACH AVE,Stanley Park,489350.0146,5459785.3194
Theft of Bicycle,2017,3,3,12,0,20XX E 22ND AVE,Kensington-Cedar Cottage,495305.3798,5455274.4846
Theft of Bicycle,2017,11,1,11,22,20XX E 2ND AVE,Grandview-Woodland,495401.8914,5457318.12
Theft of Bicycle,2017,11,15,17,0,20XX E 8TH AVE,Grandview-Woodland,495466.5274,5456713.8894
Theft of Bicycle,2017,5,18,12,0,20XX E GEORGIA ST,Grandview-Woodland,495499.7081,5458401.2821
Theft of Bicycle,2017,1,24,22,0,20XX FRANKLIN ST,Grandview-Woodland,495452.3165,5458815.0513
Theft of Bicycle,2017,5,23,17,0,20XX GRANDVIEW HWY N,Kensington-Cedar Cottage,495419.7821,5456478.9603
Theft of Bicycle,2017,9,9,8,0,20XX GRANT ST,Grandview-Woodland,495392.3691,5457618.8917
Theft of Bicycle,2017,8,9,22,0,20XX HARO ST,West End,489856.2552,5459998.847
Theft of Bicycle,2017,9,5,8,16,20XX KINGSWAY AVE,Kensington-Cedar Cottage,495281.809,5454697.7236
Theft of Bicycle,2017,11,2,17,0,20XX MACDONALD ST,Kitsilano,487760.6449,5457252.1773
Theft of Bicycle,2017,8,20,9,41,20XX MCNICOLL AVE,Kitsilano,489029.7067,5458173.6889
Theft of Bicycle,2017,12,26,23,0,20XX PINE ST,Fairview,489583.6268,5457246.0418
Theft of Bicycle,2017,8,21,21,30,20XX SCOTIA ST,Mount Pleasant,492816.8414,5457121.8577
Theft of Bicycle,2017,11,6,13,0,20XX TRIMBLE ST,West Point Grey,485025.5206,5457368.3387
Theft of Bicycle,2017,5,20,17,30,20XX TRIUMPH ST,Grandview-Woodland,495381.5674,5459016.4177
Theft of Bicycle,2017,2,22,21,0,20XX TRIUMPH ST,Grandview-Woodland,495424.2365,5459016.205
Theft of Bicycle,2017,2,13,0,0,20XX TRIUMPH ST,Grandview-Woodland,495424.2821,5459025.3489
Theft of Bicycle,2017,8,27,23,0,20XX TURNER ST,Grandview-Woodland,495466.9378,5458482.7433
Theft of Bicycle,2017,7,13,19,0,20XX VINE ST,Kitsilano,488534.1363,5457196.2325
Theft of Bicycle,2017,3,11,15,0,20XX W 11TH AVE,Kitsilano,488891.713,5456581.5322
Theft of Bicycle,2017,8,4,0,0,20XX W 15TH AVE,Kitsilano,489016.3142,5456162.9548
Theft of Bicycle,2017,3,4,20,0,20XX W 17TH AVE,Shaughnessy,488991.2829,5455964.6182
Theft of Bicycle,2017,10,1,0,0,20XX W 2ND AVE,Kitsilano,488916.1082,5457466.1144
Theft of Bicycle,2017,6,8,7,1,20XX W 2ND AVE,Kitsilano,489018.0015,5457472.6187
Theft of Bicycle,2017,3,10,18,0,20XX W 3RD AVE,Kitsilano,488963.7963,5457376.5942
Theft of Bicycle,2017,3,30,0,0,20XX W 3RD AVE,Kitsilano,488963.7963,5457376.5942
Theft of Bicycle,2017,10,25,20,30,20XX W 42ND AVE,Kerrisdale,488923.7316,5453425.3419
Theft of Bicycle,2017,7,9,9,30,20XX W 4TH AVE,Kitsilano,489000.9711,5457274.7486
Theft of Bicycle,2017,1,25,16,0,20XX W 4TH AVE,Kitsilano,489017.6072,5457274.342
Theft of Bicycle,2017,11,18,22,0,20XX W 5TH AVE,Kitsilano,488911.4124,5457180.4058
Theft of Bicycle,2017,5,28,0,0,20XX W 5TH AVE,Kitsilano,488954.6619,5457170.273
Theft of Bicycle,2017,8,19,17,0,20XX W KING EDWARD AVE,Shaughnessy,488911.2357,5455426.2851
Theft of Bicycle,2017,6,11,17,5,20XX YUKON ST,Mount Pleasant,491805.0417,5457198.0683
Theft of Bicycle,2017,7,21,21,30,2144B W 14TH AVE,Kitsilano,488781.3376,5456274.3282
Theft of Bicycle,2017,3,15,17,0,21XX BRIAR AVE,Arbutus Ridge,488807.6312,5455224.3573
Theft of Bicycle,2017,5,1,15,25,21XX DUNDAS ST,Grandview-Woodland,495523.1566,5459113.5919
Theft of Bicycle,2017,9,14,8,0,21XX E 10TH AVE,Kensington-Cedar Cottage,495622.2338,5456509.5431
Theft of Bicycle,2017,9,27,18,52,21XX E 19TH AVE,Kensington-Cedar Cottage,495502.1574,5455582.5058
Theft of Bicycle,2017,9,19,8,45,21XX E 37TH AVE,Kensington-Cedar Cottage,495439.4615,5453791.4122
Theft of Bicycle,2017,2,23,6,30,21XX E HASTINGS ST,Grandview-Woodland,495584.7345,5458710.5863
Theft of Bicycle,2017,4,24,0,0,21XX E PENDER ST,Grandview-Woodland,495631.7909,5458606.096
Theft of Bicycle,2017,12,16,17,0,21XX ETON ST,Grandview-Woodland,495597.4541,5459418.0046
Theft of Bicycle,2017,3,25,15,45,21XX FRANKLIN ST,Grandview-Woodland,495550.222,5458813.542
Theft of Bicycle,2017,4,27,8,0,21XX KEITH DR,Strathcona,494231.8666,5456981.4793
Theft of Bicycle,2017,2,13,19,30,21XX MAIN ST,Mount Pleasant,492674.7762,5457027.2343
Theft of Bicycle,2017,7,28,22,0,21XX PANDORA ST,Grandview-Woodland,495563.3592,5458925.4883
Theft of Bicycle,2017,9,7,20,0,21XX W 12TH AVE,Kitsilano,488726.6225,5456489.9516
Theft of Bicycle,2017,4,15,22,0,21XX W 12TH AVE,Kitsilano,488759.5521,5456489.1914
Theft of Bicycle,2017,7,9,23,30,21XX W 12TH AVE,Kitsilano,488765.9269,5456479.8978
Theft of Bicycle,2017,5,21,15,36,21XX W 38TH AVE,Arbutus Ridge,488539.453,5453857.5258
Theft of Bicycle,2017,7,6,14,0,21XX W 3RD AVE,Kitsilano,488810.6343,5457371.0913
Theft of Bicycle,2017,9,29,14,0,21XX W 4TH AVE,Kitsilano,488880.5766,5457268.5468
Theft of Bicycle,2017,9,18,15,0,21XX W BROADWAY AVE,Kitsilano,488729.2641,5456794.8784
Theft of Bicycle,2017,3,15,19,0,21XX W BROADWAY AVE,Kitsilano,488785.2667,5456793.3212
Theft of Bicycle,2017,8,14,22,30,21XX WATERSIDE AVE,Victoria-Fraserview,495337.7604,5450559.7352
Theft of Bicycle,2017,6,30,7,0,21XX YUKON ST,Mount Pleasant,491799.3122,5457013.2528
Theft of Bicycle,2017,1,25,0,0,22XX ALMA ST,Kitsilano,486489.6721,5457124.2579
Theft of Bicycle,2017,2,18,14,0,22XX ALMA ST,Kitsilano,486489.6721,5457124.2579
Theft of Bicycle,2017,2,24,16,24,22XX CAMBIE ST,Mount Pleasant,491656.6642,5456918.9056
Theft of Bicycle,2017,8,3,15,30,22XX CAMBIE ST,Mount Pleasant,491656.6642,5456918.9056
Theft of Bicycle,2017,8,3,21,0,22XX CAMBIE ST,Mount Pleasant,491656.6642,5456918.9056
Theft of Bicycle,2017,8,4,16,20,22XX CAMBIE ST,Mount Pleasant,491656.6642,5456918.9056
Theft of Bicycle,2017,10,4,13,25,22XX CAMBIE ST,Mount Pleasant,491656.6642,5456918.9056
Theft of Bicycle,2017,10,17,19,31,22XX CAMBIE ST,Mount Pleasant,491656.6642,5456918.9056
Theft of Bicycle,2017,8,6,14,0,22XX CAMBIE ST,Mount Pleasant,491657.3891,5456963.481
Theft of Bicycle,2017,5,10,9,0,22XX CAMBRIDGE ST,Grandview-Woodland,495736.9627,5459323.9371
Theft of Bicycle,2017,7,4,3,33,22XX COMMERCIAL DR,Grandview-Woodland,494920.4954,5456847.7091
Theft of Bicycle,2017,9,11,19,0,22XX COMMERCIAL DR,Grandview-Woodland,494930.0076,5456874.7607
Theft of Bicycle,2017,3,29,11,45,22XX COMMERCIAL DR,Grandview-Woodland,494930.6664,5456923.2888
Theft of Bicycle,2017,5,8,13,0,22XX COMMERCIAL DR,Grandview-Woodland,494930.6664,5456923.2888
Theft of Bicycle,2017,4,1,0,0,22XX CORNWALL AVE,Kitsilano,488721.0813,5457765.601
Theft of Bicycle,2017,4,21,13,28,22XX E HASTINGS ST,Grandview-Woodland,495743.5436,5458719.2934
Theft of Bicycle,2017,6,10,9,0,22XX EDDINGTON DR,Arbutus Ridge,488485.573,5454829.6284
Theft of Bicycle,2017,8,3,8,0,22XX EDDINGTON DR,Arbutus Ridge,488485.573,5454829.6284
Theft of Bicycle,2017,8,6,8,0,22XX EDDINGTON DR,Arbutus Ridge,488485.573,5454829.6284
Theft of Bicycle,2017,4,12,9,0,22XX ETON ST,Grandview-Woodland,495721.0678,5459425.86
Theft of Bicycle,2017,7,17,0,0,22XX ETON ST,Grandview-Woodland,495733.6479,5459425.9601
Theft of Bicycle,2017,12,26,0,0,22XX FRANKLIN ST,Grandview-Woodland,495695.835,5458810.9456
Theft of Bicycle,2017,8,27,10,40,22XX GARDEN DR,Grandview-Woodland,495776.0265,5456834.8566
Theft of Bicycle,2017,7,1,15,0,22XX KINGSWAY AVE,Kensington-Cedar Cottage,495504.2814,5454526.1176
Theft of Bicycle,2017,5,13,10,0,22XX MAPLE ST,Kitsilano,489049.8757,5457052.1849
Theft of Bicycle,2017,9,22,23,0,22XX MCBAIN AVE,Arbutus Ridge,488487.3736,5455158.275
Theft of Bicycle,2017,3,20,8,0,22XX MCGILL ST,Grandview-Woodland,495660.5355,5459526.7353
Theft of Bicycle,2017,5,25,7,0,22XX OAK ST,Fairview,490788.8271,5456990.2842
Theft of Bicycle,2017,9,8,23,30,22XX PINE ST,Fairview,489569.4009,5457062.8317
Theft of Bicycle,2017,4,6,19,30,22XX PRINCE ALBERT ST,Mount Pleasant,493665.0538,5456907.0515
Theft of Bicycle,2017,5,7,21,0,22XX PRINCE ALBERT ST,Mount Pleasant,493665.0538,5456907.0515
Theft of Bicycle,2017,5,11,16,24,22XX SKIPPER PL,Victoria-Fraserview,495530.0295,5450490.4957
Theft of Bicycle,2017,6,19,22,30,22XX TRAFALGAR ST,Kitsilano,488028.9634,5457036.7072
Theft of Bicycle,2017,6,26,22,0,22XX TRUTCH ST,Kitsilano,487212.2134,5457117.9783
Theft of Bicycle,2017,8,20,1,0,22XX VINE ST,Kitsilano,488540.1905,5457072.074
Theft of Bicycle,2017,7,4,2,0,22XX W 12TH AVE,Kitsilano,488644.5341,5456484.1664
Theft of Bicycle,2017,10,19,2,54,22XX W 13TH AVE,Kitsilano,488682.6007,5456377.7269
Theft of Bicycle,2017,5,20,23,30,22XX W 14TH AVE,Kitsilano,488643.0336,5456279.9976
Theft of Bicycle,2017,11,12,0,0,22XX W 16TH AVE,Kitsilano,488566.2326,5456083.304
Theft of Bicycle,2017,4,3,14,45,22XX W 41ST AVE,Kerrisdale,488458.0919,5453546.5117
Theft of Bicycle,2017,6,30,17,0,22XX W 6TH AVE,Kitsilano,488564.8797,5457096.6427
Theft of Bicycle,2017,12,2,9,0,22XX W 6TH AVE,Kitsilano,488564.8797,5457096.6427
Theft of Bicycle,2017,8,24,0,0,22XX W 7TH AVE,Kitsilano,488661.2134,5457001.1604
Theft of Bicycle,2017,8,13,21,10,22XX W 8TH AVE,Kitsilano,488645.6971,5456900.3287
Theft of Bicycle,2017,2,23,14,0,22XX W 8TH AVE,Kitsilano,488655.6201,5456900.1853
Theft of Bicycle,2017,5,5,18,0,23XX BIRCH ST,Fairview,490270.0948,5456911.342
Theft of Bicycle,2017,5,18,23,30,23XX BRUNSWICK ST,Mount Pleasant,492948.1065,5456782.9374
Theft of Bicycle,2017,4,11,17,6,23XX CAMBIE ST,Mount Pleasant,491655.4471,5456826.9493
Theft of Bicycle,2017,4,14,16,31,23XX CAMBIE ST,Mount Pleasant,491656.5425,5456910.8391
Theft of Bicycle,2017,5,24,18,0,23XX CORNWALL AVE,Kitsilano,488541.6732,5457779.4259
Theft of Bicycle,2017,5,27,14,45,23XX CORNWALL AVE,Kitsilano,488541.6732,5457779.4259
Theft of Bicycle,2017,5,29,15,20,23XX CORNWALL AVE,Kitsilano,488541.6732,5457779.4259
Theft of Bicycle,2017,6,6,20,51,23XX CORNWALL AVE,Kitsilano,488541.6732,5457779.4259
Theft of Bicycle,2017,6,20,16,30,23XX CORNWALL AVE,Kitsilano,488541.6732,5457779.4259
Theft of Bicycle,2017,7,6,18,30,23XX CORNWALL AVE,Kitsilano,488541.6732,5457779.4259
Theft of Bicycle,2017,7,12,16,0,23XX CORNWALL AVE,Kitsilano,488541.6732,5457779.4259
Theft of Bicycle,2017,8,7,17,50,23XX CORNWALL AVE,Kitsilano,488541.6732,5457779.4259
Theft of Bicycle,2017,8,31,16,30,23XX CORNWALL AVE,Kitsilano,488541.6732,5457779.4259
Theft of Bicycle,2017,9,4,5,0,23XX E HASTINGS ST,Grandview-Woodland,495819.7144,5458719.0576
Theft of Bicycle,2017,11,21,12,0,23XX GRAVELEY ST,Grandview-Woodland,495800.4743,5457512.3675
Theft of Bicycle,2017,6,14,15,34,23XX HARRISON DR,Victoria-Fraserview,495836.852,5450762.0779
Theft of Bicycle,2017,1,14,18,0,23XX MAPLE ST,Kitsilano,489056.4172,5456956.56
Theft of Bicycle,2017,4,8,20,16,23XX OXFORD ST,Grandview-Woodland,495826.6911,5459213.7272
Theft of Bicycle,2017,6,9,4,45,23XX OXFORD ST,Grandview-Woodland,495826.6911,5459213.7272
Theft of Bicycle,2017,9,14,8,20,23XX ST CATHERINES ST,Mount Pleasant,493795.6443,5456793.5996
Theft of Bicycle,2017,6,24,9,0,23XX TRINITY ST,Grandview-Woodland,495822.8767,5459616.0343
Theft of Bicycle,2017,5,31,18,45,23XX W 1ST AVE,Kitsilano,488396.4331,5457578.2182
Theft of Bicycle,2017,5,7,17,0,23XX W 2ND AVE,Kitsilano,488403.8775,5457488.5826
Theft of Bicycle,2017,12,3,19,30,23XX W BROADWAY AVE,Kitsilano,488525.4491,5456800.5175
Theft of Bicycle,2017,8,20,17,0,23XX WOODLAND DR,Grandview-Woodland,494648.302,5456789.0982
Theft of Bicycle,2017,10,30,23,0,24XX ADANAC ST,Hastings-Sunrise,495887.5773,5458298.4942
Theft of Bicycle,2017,11,4,18,0,24XX BAYSWATER ST,Kitsilano,487537.5593,5456861.7947
Theft of Bicycle,2017,1,15,12,0,24XX BAYSWATER ST,Kitsilano,487546.754,5456863.5308
Theft of Bicycle,2017,9,9,22,0,24XX CAROLINA ST,Mount Pleasant,493371.6683,5456664.5605
Theft of Bicycle,2017,7,16,22,0,24XX COLUMBIA ST,Mount Pleasant,492030.2529,5456777.6735
Theft of Bicycle,2017,7,6,22,30,24XX E 8TH AVE,Hastings-Sunrise,495920.8392,5456685.9369
Theft of Bicycle,2017,5,2,22,30,24XX GALT ST,Renfrew-Collingwood,496000.9012,5454291.6219
Theft of Bicycle,2017,11,1,19,0,24XX HEATHER ST,Fairview,491277.2163,5456830.2155
Theft of Bicycle,2017,3,22,0,0,24XX HEATHER ST,Fairview,491284.5794,5456794.3871
Theft of Bicycle,2017,3,30,20,0,24XX KAMLOOPS ST,Hastings-Sunrise,496014.6473,5456684.7339
Theft of Bicycle,2017,9,12,19,29,24XX KAMLOOPS ST,Hastings-Sunrise,496023.7695,5456688.9133
Theft of Bicycle,2017,1,1,11,40,24XX MACDONALD ST,Kitsilano,487768.3656,5456836.7109
Theft of Bicycle,2017,9,16,1,30,24XX MAIN ST,Mount Pleasant,492665.6726,5456748.0726
Theft of Bicycle,2017,6,25,0,0,24XX OXFORD ST,Hastings-Sunrise,496014.3152,5459212.2942
Theft of Bicycle,2017,3,27,3,0,24XX PANDORA ST,Hastings-Sunrise,495974.388,5458921.8571
Theft of Bicycle,2017,9,29,18,0,24XX POINT GREY RD,Kitsilano,488308.1076,5457871.9807
Theft of Bicycle,2017,8,15,1,0,24XX ST CATHERINES ST,Mount Pleasant,493792.5494,5456662.1285
Theft of Bicycle,2017,6,18,18,0,24XX VENABLES ST,Hastings-Sunrise,496001.7398,5458214.314
Theft of Bicycle,2017,8,4,16,30,24XX W 12TH AVE,Kitsilano,488299.4792,5456496.168
Theft of Bicycle,2017,1,13,20,0,24XX W 1ST AVE,Kitsilano,488325.8671,5457580.0902
Theft of Bicycle,2017,2,20,8,0,24XX W 1ST AVE,Kitsilano,488372.9826,5457578.8493
Theft of Bicycle,2017,8,8,20,30,24XX W 2ND AVE,Kitsilano,488279.8009,5457491.797
Theft of Bicycle,2017,4,2,17,30,24XX W 3RD AVE,Kitsilano,488233.2476,5457385.0932
Theft of Bicycle,2017,6,30,12,0,24XX W 3RD AVE,Kitsilano,488294.0543,5457392.743
Theft of Bicycle,2017,7,5,18,0,24XX W 4TH AVE,Kitsilano,488271.8271,5457286.7396
Theft of Bicycle,2017,4,6,12,0,24XX W 4TH AVE,Kitsilano,488271.8271,5457286.7396
Theft of Bicycle,2017,7,6,0,0,24XX W 4TH AVE,Kitsilano,488271.8271,5457286.7396
Theft of Bicycle,2017,5,29,23,55,24XX W 7TH AVE,Kitsilano,488213.4931,5457002.5286
Theft of Bicycle,2017,5,30,16,0,24XX W 7TH AVE,Kitsilano,488351.5362,5457008.902
Theft of Bicycle,2017,8,19,12,0,24XX YALE ST,Hastings-Sunrise,495990.0754,5459773.0867
Theft of Bicycle,2017,8,7,21,0,24XX YORK AVE,Kitsilano,488251.3657,5457690.4593
Theft of Bicycle,2017,11,18,22,0,25XX ADANAC ST,Hastings-Sunrise,496080.6069,5458298.4787
Theft of Bicycle,2017,8,17,20,30,25XX ADANAC ST,Hastings-Sunrise,496207.5187,5458307.6228
Theft of Bicycle,2017,10,19,20,0,25XX ARBUTUS ST,Kitsilano,488875.5337,5456721.5873
Theft of Bicycle,2017,8,24,15,15,25XX CAMBIE ST,Mount Pleasant,491653.4931,5456718.4611
Theft of Bicycle,2017,7,8,11,45,25XX CAROLINA ST,Mount Pleasant,493380.4594,5456638.4615
Theft of Bicycle,2017,3,31,18,30,25XX COMMERCIAL DR,Kensington-Cedar Cottage,494916.4742,5456563.9055
Theft of Bicycle,2017,6,7,21,0,25XX E 17TH AVE,Renfrew-Collingwood,496030.5253,5455787.128
Theft of Bicycle,2017,3,29,21,0,25XX EDGAR CRES,Arbutus Ridge,488127.8061,5454826.2583
Theft of Bicycle,2017,2,28,15,0,25XX GRANVILLE ST,Fairview,489923.3913,5456764.5822
Theft of Bicycle,2017,6,20,9,0,25XX LAKEWOOD DR,Kensington-Cedar Cottage,495491.3791,5456610.8855
Theft of Bicycle,2017,9,14,9,0,25XX LAKEWOOD DR,Kensington-Cedar Cottage,495491.3791,5456610.8855
Theft of Bicycle,2017,9,18,9,0,25XX LAKEWOOD DR,Kensington-Cedar Cottage,495491.3791,5456610.8855
Theft of Bicycle,2017,12,3,22,44,25XX MAIN ST,Mount Pleasant,492648.2162,5456620.9634
Theft of Bicycle,2017,9,20,10,30,25XX MAIN ST,Mount Pleasant,492664.2454,5456685.7332
Theft of Bicycle,2017,10,30,19,0,25XX MANITOBA ST,Mount Pleasant,492231.1677,5456680.4283
Theft of Bicycle,2017,1,25,12,30,25XX MANITOBA ST,Mount Pleasant,492231.2277,5456682.441
Theft of Bicycle,2017,3,9,14,10,25XX MAPLE ST,Kitsilano,489050.9756,5456759.7241
Theft of Bicycle,2017,3,6,0,0,25XX MCGILL ST,Hastings-Sunrise,496122.6699,5459558.7881
Theft of Bicycle,2017,8,31,19,0,25XX PRINCE ALBERT ST,Mount Pleasant,493660.9545,5456614.6337
Theft of Bicycle,2017,9,23,12,0,25XX QUEBEC ST,Mount Pleasant,492503.5211,5456667.5289
Theft of Bicycle,2017,9,23,14,0,25XX QUEBEC ST,Mount Pleasant,492503.5211,5456667.5289
Theft of Bicycle,2017,9,11,12,0,25XX W 10TH AVE,Kitsilano,488094.112,5456705.4884
Theft of Bicycle,2017,7,30,6,0,25XX W 13TH AVE,Kitsilano,488097.8241,5456403.511
Theft of Bicycle,2017,7,19,1,0,25XX W 15TH AVE,Kitsilano,488123.8363,5456194.9252
Theft of Bicycle,2017,8,3,12,0,25XX W 2ND AVE,Kitsilano,488128.8448,5457495.7035
Theft of Bicycle,2017,3,8,4,25,25XX W 2ND AVE,Kitsilano,488173.3589,5457494.5443
Theft of Bicycle,2017,3,21,23,30,25XX W 41ST AVE,Arbutus Ridge,488125.1551,5453563.093
Theft of Bicycle,2017,3,15,19,0,25XX W 5TH AVE,Kitsilano,488112.8121,5457192.8286
Theft of Bicycle,2017,5,29,22,0,25XX W 8TH AVE,Kitsilano,488175.1355,5456921.3007
Theft of Bicycle,2017,8,16,15,15,25XX W BROADWAY AVE,Kitsilano,488178.769,5456810.5506
Theft of Bicycle,2017,9,6,15,0,25XX WILLOW ST,Fairview,491141.43,5456733.5594
Theft of Bicycle,2017,7,10,21,0,25XX YORK AVE,Kitsilano,488048.1223,5457688.0915
Theft of Bicycle,2017,6,17,19,6,26XX ADANAC ST,Hastings-Sunrise,496257.7972,5458298.5694
Theft of Bicycle,2017,9,3,18,0,26XX COLUMBIA ST,Mount Pleasant,492028.1912,5456570.2314
Theft of Bicycle,2017,6,13,21,0,26XX COMMERCIAL DR,Kensington-Cedar Cottage,494915.7505,5456515.6033
Theft of Bicycle,2017,8,28,7,30,26XX COMMERCIAL DR,Kensington-Cedar Cottage,494924.894,5456515.511
Theft of Bicycle,2017,10,19,0,0,26XX CYPRESS ST,Kitsilano,489222.2107,5456631.5058
Theft of Bicycle,2017,7,3,0,0,26XX E 6TH AVE,Hastings-Sunrise,496224.8582,5456895.2549
Theft of Bicycle,2017,5,18,0,0,26XX E BROADWAY AVE,Renfrew-Collingwood,496207.025,5456579.2015
Theft of Bicycle,2017,5,18,8,30,26XX E BROADWAY AVE,Renfrew-Collingwood,496207.025,5456579.2015
Theft of Bicycle,2017,6,15,12,11,26XX E BROADWAY AVE,Renfrew-Collingwood,496207.025,5456579.2015
Theft of Bicycle,2017,9,18,8,30,26XX E BROADWAY AVE,Renfrew-Collingwood,496207.025,5456579.2015
Theft of Bicycle,2017,8,23,18,30,26XX ETON ST,Hastings-Sunrise,496349.726,5459447.4551
Theft of Bicycle,2017,7,30,23,0,26XX ETON ST,Hastings-Sunrise,496368.0689,5459438.135
Theft of Bicycle,2017,6,5,9,0,26XX FRANKLIN ST,Hastings-Sunrise,496270.3338,5458818.35
Theft of Bicycle,2017,10,28,12,0,26XX KINGSWAY AVE,Renfrew-Collingwood,496316.9415,5453965.1358
Theft of Bicycle,2017,10,30,0,0,26XX KINGSWAY AVE,Renfrew-Collingwood,496316.9415,5453965.1358
Theft of Bicycle,2017,7,16,13,30,26XX LARCH ST,Kitsilano,488181.1519,5456614.4266
Theft of Bicycle,2017,9,5,20,45,26XX LARCH ST,Kitsilano,488181.1519,5456614.4266
Theft of Bicycle,2017,10,6,19,30,26XX LARCH ST,Kitsilano,488181.1519,5456614.4266
Theft of Bicycle,2017,10,19,9,0,26XX LARCH ST,Kitsilano,488181.1519,5456614.4266
Theft of Bicycle,2017,9,28,8,0,26XX LAUREL ST,Fairview,490883.8467,5456629.1953
Theft of Bicycle,2017,10,2,1,0,26XX MCGILL ST,Hastings-Sunrise,496301.8547,5459548.2979
Theft of Bicycle,2017,5,10,21,0,26XX VANNESS AVE,Renfrew-Collingwood,496323.3326,5454838.6021
Theft of Bicycle,2017,9,14,16,1,26XX VICTORIA DR,Kensington-Cedar Cottage,495207.6431,5456503.3089
Theft of Bicycle,2017,10,17,14,0,26XX VICTORIA DR,Kensington-Cedar Cottage,495207.6431,5456503.3089
Theft of Bicycle,2017,6,16,0,0,26XX W 11TH AVE,Kitsilano,487924.1087,5456620.1532
Theft of Bicycle,2017,10,10,11,45,26XX W 36TH AVE,Arbutus Ridge,488008.5095,5454079.8829
Theft of Bicycle,2017,8,9,19,0,26XX W 4TH AVE,Kitsilano,488025.9097,5457293.5382
Theft of Bicycle,2017,8,13,7,35,26XX W 7TH AVE,Kitsilano,487976.5745,5457018.0932
Theft of Bicycle,2017,5,29,0,30,26XX WATSON ST,Mount Pleasant,492700.9864,5456508.4858
Theft of Bicycle,2017,7,4,10,45,27XX COOPERATIVE WAY,Renfrew-Collingwood,496559.0733,5456087.7239
Theft of Bicycle,2017,7,5,23,0,27XX E 16TH AVE,Renfrew-Collingwood,496453.6045,5455858.5918
Theft of Bicycle,2017,9,26,9,0,27XX E 29TH AVE,Renfrew-Collingwood,496548.7357,5454644.6705
Theft of Bicycle,2017,7,24,22,24,27XX E 51ST AVE,Killarney,496369.3479,5452209.5106
Theft of Bicycle,2017,8,20,0,0,27XX E 5TH AVE,Hastings-Sunrise,496530.7331,5456989.8246
Theft of Bicycle,2017,12,23,0,0,27XX E HASTINGS ST,Hastings-Sunrise,496499.7971,5458717.137
Theft of Bicycle,2017,8,8,12,0,27XX GRAVELEY ST,Hastings-Sunrise,496479.7444,5457514.911
Theft of Bicycle,2017,8,5,17,0,27XX LAUREL ST,Fairview,490869.1925,5456463.6238
Theft of Bicycle,2017,9,25,8,45,27XX LAUREL ST,Fairview,490869.1925,5456463.6238
Theft of Bicycle,2017,10,30,8,30,27XX LAUREL ST,Fairview,490869.1925,5456463.6238
Theft of Bicycle,2017,7,12,23,4,27XX POINT GREY RD,Kitsilano,487905.5233,5457725.9189
Theft of Bicycle,2017,6,11,4,33,27XX PRINCE EDWARD ST,Mount Pleasant,493007.2142,5456436.9842
Theft of Bicycle,2017,3,15,15,30,27XX TRINITY ST,Hastings-Sunrise,496504.5912,5459667.2424
Theft of Bicycle,2017,6,3,23,0,27XX TRINITY ST,Hastings-Sunrise,496504.5912,5459667.2424
Theft of Bicycle,2017,12,14,20,0,27XX W 13TH AVE,Kitsilano,487804.7245,5456429.204
Theft of Bicycle,2017,7,18,19,0,27XX W 17TH AVE,Arbutus Ridge,487811.5931,5456042.9463
Theft of Bicycle,2017,6,25,10,30,27XX W 20TH AVE,Arbutus Ridge,487806.5849,5455777.9591
Theft of Bicycle,2017,3,14,9,0,27XX W 2ND AVE,Kitsilano,487852.3939,5457493.7343
Theft of Bicycle,2017,5,9,22,0,27XX W 2ND AVE,Kitsilano,487876.7368,5457502.2344
Theft of Bicycle,2017,10,23,16,30,27XX W 5TH AVE,Kitsilano,487858.6332,5457196.4289
Theft of Bicycle,2017,8,10,13,0,27XX W BROADWAY AVE,Kitsilano,487846.3908,5456828.7646
Theft of Bicycle,2017,9,11,19,20,27XX W BROADWAY AVE,Kitsilano,487846.3908,5456828.7646
Theft of Bicycle,2017,7,21,13,11,28XX ASH ST,Fairview,491445.767,5456413.342
Theft of Bicycle,2017,8,17,6,0,28XX BENTALL ST,Renfrew-Collingwood,497676.5279,5456177.0145
Theft of Bicycle,2017,10,4,15,0,28XX CAMBIE ST,Mount Pleasant,491636.2048,5456319.3779
Theft of Bicycle,2017,6,10,8,0,28XX CLARK DR,Mount Pleasant,494351.0166,5456303.9105
Theft of Bicycle,2017,5,31,0,0,28XX E 10TH AVE,Renfrew-Collingwood,496765.9162,5456464.9064
Theft of Bicycle,2017,10,7,8,0,28XX E 24TH AVE,Renfrew-Collingwood,496637.7776,5455120.2474
Theft of Bicycle,2017,5,26,19,0,28XX E 44TH AVE,Killarney,496492.0367,5453056.6679
Theft of Bicycle,2017,8,19,14,0,28XX E 4TH AVE,Hastings-Sunrise,496705.3926,5457106.0715
Theft of Bicycle,2017,8,28,17,0,28XX E 4TH AVE,Hastings-Sunrise,496705.3926,5457106.0715
Theft of Bicycle,2017,8,30,16,0,28XX E 4TH AVE,Hastings-Sunrise,496705.3926,5457106.0715
Theft of Bicycle,2017,10,5,0,0,28XX E 5TH AVE,Hastings-Sunrise,496680.833,5456989.4349
Theft of Bicycle,2017,9,25,16,0,28XX E HASTINGS ST,Hastings-Sunrise,496777.0097,5458716.784
Theft of Bicycle,2017,8,6,21,0,28XX FRASER ST,Mount Pleasant,493505.7291,5456284.6103
Theft of Bicycle,2017,2,13,11,30,28XX GRANVILLE ST,Fairview,489912.4077,5456433.2867
Theft of Bicycle,2017,2,7,18,0,28XX MAIN ST,Mount Pleasant,492638.9835,5456306.6956
Theft of Bicycle,2017,5,29,17,0,28XX PANDORA ST,Hastings-Sunrise,496666.9748,5458918.7332
Theft of Bicycle,2017,9,12,20,54,28XX PANDORA ST,Hastings-Sunrise,496787.3689,5458909.0507
Theft of Bicycle,2017,2,15,19,0,28XX POINT GREY RD,Kitsilano,487767.8464,5457641.7139
Theft of Bicycle,2017,12,13,1,0,28XX ST GEORGE ST,Mount Pleasant,493233.0751,5456267.8585
Theft of Bicycle,2017,10,6,12,0,28XX W 20TH AVE,Arbutus Ridge,487769.9324,5455778.4552
Theft of Bicycle,2017,12,14,19,0,28XX W 20TH AVE,Arbutus Ridge,487776.3754,5455769.2666
Theft of Bicycle,2017,8,25,23,0,28XX W 22ND AVE,Arbutus Ridge,487783.8534,5455567.3166
Theft of Bicycle,2017,9,18,22,0,28XX W 31ST AVE,Arbutus Ridge,487700.6261,5454612.5944
Theft of Bicycle,2017,8,12,5,30,28XX W 33RD AVE,Arbutus Ridge,487678.8536,5454411.9556
Theft of Bicycle,2017,2,15,10,0,28XX W 4TH AVE,Kitsilano,487595.7416,5457304.2108
Theft of Bicycle,2017,2,15,14,30,28XX W 4TH AVE,Kitsilano,487595.7416,5457304.2108
Theft of Bicycle,2017,2,16,14,0,28XX W 4TH AVE,Kitsilano,487595.7416,5457304.2108
Theft of Bicycle,2017,11,8,8,0,28XX W 6TH AVE,Kitsilano,487729.9419,5457106.7684
Theft of Bicycle,2017,6,16,5,0,28XX YEW ST,Kitsilano,488695.1512,5456455.3258
Theft of Bicycle,2017,11,23,18,0,29XX ALDER ST,Fairview,490434.6021,5456323.9894
Theft of Bicycle,2017,8,25,19,0,29XX E HASTINGS ST,Hastings-Sunrise,496808.7101,5458716.797
Theft of Bicycle,2017,5,22,16,0,29XX FRASER ST,Mount Pleasant,493504.2788,5456142.0964
Theft of Bicycle,2017,8,17,16,0,29XX MAIN ST,Mount Pleasant,492637.6715,5456237.8605
Theft of Bicycle,2017,6,17,8,12,29XX MAIN ST,Mount Pleasant,492647.6338,5456284.3271
Theft of Bicycle,2017,8,27,2,0,29XX MAIN ST,Mount Pleasant,492647.6338,5456284.3271
Theft of Bicycle,2017,9,30,16,0,29XX ONTARIO ST,Mount Pleasant,492350.7659,5456273.3484
Theft of Bicycle,2017,7,18,5,0,29XX W 14TH AVE,Kitsilano,487574.3165,5456327.541
Theft of Bicycle,2017,5,10,10,0,29XX W 19TH AVE,Arbutus Ridge,487430.6564,5455872.2695
Theft of Bicycle,2017,5,30,18,0,29XX W 32ND AVE,Dunbar-Southlands,487499.7975,5454508.0583
Theft of Bicycle,2017,7,6,8,0,29XX W BROADWAY AVE,Kitsilano,487623.5692,5456823.9531
Theft of Bicycle,2017,7,23,15,0,2X E 19TH AVE,Riley Park,492413.4594,5455666.4354
Theft of Bicycle,2017,1,3,15,0,2X TEMPLETON DR,Grandview-Woodland,495653.0544,5459088.3422
Theft of Bicycle,2017,1,5,9,58,2X W HASTINGS ST,Central Business District,492357.3899,5458772.2719
Theft of Bicycle,2017,2,11,7,37,2X W HASTINGS ST,Central Business District,492367.1438,5458760.0134
Theft of Bicycle,2017,4,5,4,30,2X W HASTINGS ST,Central Business District,492367.1438,5458760.0134
Theft of Bicycle,2017,7,21,17,30,2X W PENDER ST,Central Business District,492338.2639,5458666.8655
Theft of Bicycle,2017,10,17,9,0,2X WATER ST,Central Business District,492387.0354,5458991.6611
Theft of Bicycle,2017,7,12,8,30,2XX BURRARD ST,Central Business District,491603.6933,5459486.0136
Theft of Bicycle,2017,8,4,14,17,2XX CAMBIE ST,Central Business District,492089.7796,5459064.9449
Theft of Bicycle,2017,9,8,19,35,2XX CENTRAL ST,Strathcona,492757.9072,5457632.8168
Theft of Bicycle,2017,8,16,17,30,2XX DAVIE ST,Central Business District,491120.9834,5457982.6979
Theft of Bicycle,2017,6,7,19,34,2XX DUNLEVY AVE,Strathcona,493061.6671,5458907.6233
Theft of Bicycle,2017,5,27,9,15,2XX E 10TH AVE,Mount Pleasant,492675.7772,5456591.8125
Theft of Bicycle,2017,3,29,17,30,2XX E 12TH AVE,Mount Pleasant,492769.4478,5456382.6233
Theft of Bicycle,2017,9,2,15,0,2XX E 15TH AVE,Mount Pleasant,492768.094,5456079.8165
Theft of Bicycle,2017,6,16,21,30,2XX E 16TH AVE,Riley Park,492634.4794,5455979.4355
Theft of Bicycle,2017,10,16,14,12,2XX E 1ST AVE,Strathcona,492686.8204,5457493.7793
Theft of Bicycle,2017,12,3,20,30,2XX E 26TH AVE,Riley Park,492708.4418,5454977.4776
Theft of Bicycle,2017,10,16,21,0,2XX E 2ND AVE,Mount Pleasant,492769.6251,5457321.6435
Theft of Bicycle,2017,5,3,18,30,2XX E 37TH AVE,Riley Park,492712.6166,5453829.6569
Theft of Bicycle,2017,4,22,8,0,2XX E 51ST AVE,Sunset,492640.699,5452337.1952
Theft of Bicycle,2017,8,24,5,19,2XX E 62ND AVE,Sunset,492575.5279,5451285.586
Theft of Bicycle,2017,2,28,23,0,2XX E 6TH AVE,Mount Pleasant,492670.2148,5456971.5223
Theft of Bicycle,2017,6,29,4,0,2XX E 6TH AVE,Mount Pleasant,492670.2148,5456971.5223
Theft of Bicycle,2017,6,12,20,30,2XX E 6TH AVE,Mount Pleasant,492739.9085,5456969.2661
Theft of Bicycle,2017,1,29,12,0,2XX E 7TH AVE,Mount Pleasant,492737.3296,5456877.7008
Theft of Bicycle,2017,7,17,7,11,2XX E GEORGIA ST,Strathcona,492760.2979,5458423.5689
Theft of Bicycle,2017,5,24,15,23,2XX E GEORGIA ST,Strathcona,492820.5789,5458431.3596
Theft of Bicycle,2017,12,14,20,0,2XX E HASTINGS ST,Strathcona,492751.4507,5458732.7678
Theft of Bicycle,2017,11,15,19,30,2XX E PENDER ST,Strathcona,492750.3323,5458625.3598
Theft of Bicycle,2017,8,22,8,50,2XX GRANVILLE ST,Central Business District,491834.3586,5459287.6725
Theft of Bicycle,2017,7,22,10,30,2XX HOWE ST,Central Business District,491753.5426,5459360.8787
Theft of Bicycle,2017,8,21,7,30,2XX HOWE ST,Central Business District,491753.5426,5459360.8787
Theft of Bicycle,2017,8,23,8,0,2XX HOWE ST,Central Business District,491753.5426,5459360.8787
Theft of Bicycle,2017,4,13,0,30,2XX KEEFER ST,Strathcona,492747.3889,5458525.4461
Theft of Bicycle,2017,11,23,7,0,2XX KEEFER ST,Strathcona,492805.7824,5458523.7273
Theft of Bicycle,2017,1,17,8,45,2XX KINGSWAY AVE,Mount Pleasant,492818.1106,5456579.6697
Theft of Bicycle,2017,1,3,12,0,2XX MAIN ST,Strathcona,492763.5584,5458937.2107
Theft of Bicycle,2017,5,21,17,0,2XX N GARDEN DR,Grandview-Woodland,495804.7536,5459343.8107
Theft of Bicycle,2017,5,21,9,0,2XX N TEMPLETON DR,Grandview-Woodland,495664.9238,5459354.9789
Theft of Bicycle,2017,6,5,19,0,2XX PEVERIL AVE,Riley Park,492056.0968,5454956.9667
Theft of Bicycle,2017,8,2,12,0,2XX POWELL ST,Strathcona,492851.0043,5458944.2503
Theft of Bicycle,2017,6,29,12,55,2XX PRINCESS AVE,Strathcona,493356.5277,5458903.1068
Theft of Bicycle,2017,8,19,23,30,2XX ROBSON ST,Central Business District,491595.1747,5458438.6344
Theft of Bicycle,2017,10,3,16,30,2XX TERMINAL AVE,Strathcona,492773.7361,5457763.7943
Theft of Bicycle,2017,6,24,18,30,2XX THURLOW ST,Central Business District,491398.5292,5459568.4128
Theft of Bicycle,2017,8,12,2,0,2XX UNION ST,Strathcona,492748.0568,5458325.6211
Theft of Bicycle,2017,8,14,15,26,2XX UNION ST,Strathcona,492748.0568,5458325.6211
Theft of Bicycle,2017,6,29,3,5,2XX UNION ST,Strathcona,492769.0012,5458333.9566
Theft of Bicycle,2017,6,21,22,30,2XX W 19TH AVE,Riley Park,491928.1386,5455688.7581
Theft of Bicycle,2017,7,18,6,0,2XX W 1ST AVE,Mount Pleasant,491861.5468,5457386.0382
Theft of Bicycle,2017,7,10,23,30,2XX W 20TH AVE,Riley Park,491939.7447,5455567.3279
Theft of Bicycle,2017,8,11,13,48,2XX W 6TH AVE,Mount Pleasant,492025.8238,5456997.6966
Theft of Bicycle,2017,12,15,11,59,2XX W BROADWAY AVE,Mount Pleasant,492020.7366,5456707.8306
Theft of Bicycle,2017,4,10,18,28,2XX W HASTINGS ST,Central Business District,492024.3978,5458870.112
Theft of Bicycle,2017,7,14,12,30,2XX W HASTINGS ST,Central Business District,492024.3978,5458870.112
Theft of Bicycle,2017,8,4,13,45,2XX WATER ST,Central Business District,492171.3868,5459040.1604
Theft of Bicycle,2017,5,15,15,0,30XX ALBERTA ST,Mount Pleasant,491919.6689,5456192.1257
Theft of Bicycle,2017,8,20,12,56,30XX CAMBIE ST,Fairview,491625.3636,5456169.5454
Theft of Bicycle,2017,9,6,18,0,30XX CLARK DR,Mount Pleasant,494348.2359,5456064.8519
Theft of Bicycle,2017,9,1,6,0,30XX KINGSWAY AVE,Renfrew-Collingwood,497078.1448,5453664.9388
Theft of Bicycle,2017,5,17,7,30,30XX KNIGHT ST,Kensington-Cedar Cottage,494422.8259,5456107.8432
Theft of Bicycle,2017,7,9,22,0,30XX LAUREL ST,Fairview,490946.7905,5456208.8406
Theft of Bicycle,2017,4,30,17,10,30XX MAIN ST,Mount Pleasant,492645.7523,5456182.9742
Theft of Bicycle,2017,7,3,7,30,30XX OAK ST,Fairview,490780.0701,5456192.6262
Theft of Bicycle,2017,2,14,9,0,30XX ONTARIO ST,Mount Pleasant,492346.6279,5456143.9333
Theft of Bicycle,2017,3,12,8,0,30XX ONTARIO ST,Mount Pleasant,492346.6279,5456143.9333
Theft of Bicycle,2017,10,6,20,0,30XX TRAFALGAR ST,Kitsilano,487999.8594,5456255.5845
Theft of Bicycle,2017,4,25,23,0,30XX W 12TH AVE,Kitsilano,487425.1298,5456540.4761
Theft of Bicycle,2017,5,1,22,0,30XX W 8TH AVE,Kitsilano,487464.2519,5456938.2781
Theft of Bicycle,2017,9,7,23,0,30XX W BROADWAY AVE,Kitsilano,487477.5775,5456829.5597
Theft of Bicycle,2017,5,7,17,0,31XX ASH ST,Fairview,491400.0288,5456035.9424
Theft of Bicycle,2017,2,21,15,58,31XX CROWN ST,West Point Grey,485871.7817,5456236.4026
Theft of Bicycle,2017,3,7,0,21,31XX E 16TH AVE,Renfrew-Collingwood,497260.3369,5455872.8633
Theft of Bicycle,2017,11,17,8,12,31XX E 22ND AVE,Renfrew-Collingwood,497244.581,5455311.3508
Theft of Bicycle,2017,6,14,10,6,31XX E 27TH AVE,Renfrew-Collingwood,497304.9381,5454836.7436
Theft of Bicycle,2017,7,8,14,0,31XX E 7TH AVE,Hastings-Sunrise,497192.9462,5456791.5114
Theft of Bicycle,2017,6,9,9,45,31XX GRANDVIEW HWY,Renfrew-Collingwood,497311.413,5456155.9402
Theft of Bicycle,2017,7,9,14,0,31XX MILLER DR,Hastings-Sunrise,497139.1882,5459126.7286
Theft of Bicycle,2017,8,17,22,0,31XX ST CATHERINES ST,Mount Pleasant,493771.6834,5456002.1667
Theft of Bicycle,2017,8,5,18,0,31XX W 14TH AVE,Kitsilano,487225.137,5456343.8341
Theft of Bicycle,2017,11,28,7,45,31XX W 16TH AVE,Kitsilano,487281.1165,5456139.1158
Theft of Bicycle,2017,5,13,10,40,31XX W 4TH AVE,Kitsilano,487269.971,5457318.8985
Theft of Bicycle,2017,3,25,12,0,31XX W 4TH AVE,Kitsilano,487283.3555,5457309.5684
Theft of Bicycle,2017,5,26,0,0,31XX W 4TH AVE,Kitsilano,487310.5041,5457318.3378
Theft of Bicycle,2017,7,9,7,30,31XX W 6TH AVE,Kitsilano,487255.3905,5457128.482
Theft of Bicycle,2017,6,1,9,40,32XX E BROADWAY AVE,Renfrew-Collingwood,497345.9724,5456566.4068
Theft of Bicycle,2017,10,5,10,0,32XX FINDLAY ST,Kensington-Cedar Cottage,495063.1877,5455916.1958
Theft of Bicycle,2017,2,9,21,0,32XX FLEMING ST,Kensington-Cedar Cottage,494845.6558,5455908.9569
Theft of Bicycle,2017,6,29,19,45,32XX KINGSWAY AVE,Renfrew-Collingwood,497382.2877,5453495.2105
Theft of Bicycle,2017,9,4,22,46,32XX TUPPER ST,South Cambie,491563.3227,5455995.5456
Theft of Bicycle,2017,10,12,11,53,32XX TUPPER ST,South Cambie,491563.3227,5455995.5456
Theft of Bicycle,2017,10,22,18,0,32XX TURNER ST,Hastings-Sunrise,497535.5691,5458474.701
Theft of Bicycle,2017,9,5,14,0,32XX W 16TH AVE,Arbutus Ridge,487087.1601,5456117.2724
Theft of Bicycle,2017,10,9,17,0,32XX W 5TH AVE,Kitsilano,487140.6642,5457216.542
Theft of Bicycle,2017,10,9,18,0,32XX W 5TH AVE,Kitsilano,487140.6642,5457216.542
Theft of Bicycle,2017,3,28,8,0,32XX W KING EDWARD AVE,Dunbar-Southlands,487101.1048,5455280.7699
Theft of Bicycle,2017,11,1,2,0,32XX WILLOW ST,South Cambie,491124.1964,5456006.2759
Theft of Bicycle,2017,7,3,9,30,33XX DUNBAR ST,Dunbar-Southlands,486533.8804,5456079.0453
Theft of Bicycle,2017,8,6,14,40,33XX E 25TH AVE,Renfrew-Collingwood,497669.4539,5455007.8624
Theft of Bicycle,2017,3,17,18,4,33XX E 29TH AVE,Renfrew-Collingwood,497561.1292,5454633.1863
Theft of Bicycle,2017,12,11,20,0,33XX GARDEN DR,Kensington-Cedar Cottage,495754.1476,5455799.2724
Theft of Bicycle,2017,7,16,11,0,33XX MAIN ST,Riley Park,492650.6285,5455798.3804
Theft of Bicycle,2017,7,16,0,0,33XX OAK ST,South Cambie,490744.3864,5455928.3279
Theft of Bicycle,2017,5,21,12,48,33XX SOPHIA ST,Riley Park,492829.0066,5455846.1763
Theft of Bicycle,2017,8,22,22,30,33XX SOPHIA ST,Riley Park,492829.6467,5455875.2209
Theft of Bicycle,2017,7,30,0,0,33XX ST GEORGE ST,Riley Park,493169.0861,5455862.7468
Theft of Bicycle,2017,6,29,6,0,33XX VICTORIA DR,Kensington-Cedar Cottage,495192.0937,5455770.7776
Theft of Bicycle,2017,11,2,19,0,33XX VICTORIA DR,Kensington-Cedar Cottage,495192.0937,5455770.7776
Theft of Bicycle,2017,6,14,0,0,33XX W BROADWAY AVE,Kitsilano,486981.4121,5456852.382
Theft of Bicycle,2017,2,28,0,0,33XX WINDSOR ST,Kensington-Cedar Cottage,493908.8829,5455830.5038
Theft of Bicycle,2017,6,2,22,0,33XX YUKON ST,Riley Park,491815.7582,5455896.6182
Theft of Bicycle,2017,5,27,18,0,34XX CAROLINA ST,Riley Park,493306.3716,5455751.7577
Theft of Bicycle,2017,5,27,9,0,34XX E 27TH AVE,Renfrew-Collingwood,497764.6849,5454831.5835
Theft of Bicycle,2017,3,19,12,0,34XX E GEORGIA ST,Hastings-Sunrise,497773.6233,5458394.2375
Theft of Bicycle,2017,1,7,13,44,34XX E GEORGIA ST,Hastings-Sunrise,497831.0019,5458384.9293
Theft of Bicycle,2017,8,28,9,0,34XX KINGSWAY AVE,Renfrew-Collingwood,497634.0761,5453286.5094
Theft of Bicycle,2017,7,15,18,39,34XX KINGSWAY AVE,Renfrew-Collingwood,497668.4783,5453264.6694
Theft of Bicycle,2017,4,20,1,0,34XX ONTARIO ST,Riley Park,492367.7159,5455754.6568
Theft of Bicycle,2017,7,4,14,0,34XX ONTARIO ST,Riley Park,492367.7159,5455754.6568
Theft of Bicycle,2017,7,4,14,30,34XX ONTARIO ST,Riley Park,492367.7159,5455754.6568
Theft of Bicycle,2017,10,19,18,15,34XX SLOCAN ST,Renfrew-Collingwood,496398.1391,5455669.9424
Theft of Bicycle,2017,7,30,0,0,34XX TERRA VITA PL,Hastings-Sunrise,497799.0951,5458203.9569
Theft of Bicycle,2017,3,11,14,0,34XX W 15TH AVE,Kitsilano,486900.0264,5456241.8959
Theft of Bicycle,2017,5,8,20,0,34XX W 2ND AVE,Kitsilano,486893.557,5457528.319
Theft of Bicycle,2017,6,1,20,30,34XX W 2ND AVE,Kitsilano,486926.8005,5457518.5695
Theft of Bicycle,2017,3,14,17,0,34XX W 3RD AVE,Kitsilano,486790.5283,5457422.4114
Theft of Bicycle,2017,11,7,6,0,34XX W 41ST AVE,Dunbar-Southlands,486764.851,5453565.1906
Theft of Bicycle,2017,3,5,0,0,34XX W BROADWAY AVE,Kitsilano,486867.1058,5456855.5891
Theft of Bicycle,2017,12,15,21,0,35XX E 43RD AVE,Killarney,497966.1535,5453118.8634
Theft of Bicycle,2017,6,12,5,0,35XX E 43RD AVE,Killarney,497966.1535,5453118.8634
Theft of Bicycle,2017,5,23,15,54,35XX E GEORGIA ST,Hastings-Sunrise,498083.1934,5458385.3965
Theft of Bicycle,2017,6,7,18,20,35XX MAIN ST,Riley Park,492652.216,5455610.2651
Theft of Bicycle,2017,9,21,13,0,35XX SPARROW PL,Killarney,498139.7629,5451155.2855
Theft of Bicycle,2017,5,15,12,0,35XX W 1ST AVE,Kitsilano,486735.6348,5457623.1423
Theft of Bicycle,2017,9,1,0,0,35XX W 22ND AVE,Dunbar-Southlands,486545.0952,5455577.1211
Theft of Bicycle,2017,10,5,21,29,35XX W 23RD AVE,Dunbar-Southlands,486577.7988,5455475.3851
Theft of Bicycle,2017,3,29,14,0,35XX W 30TH AVE,Dunbar-Southlands,486648.6963,5454735.87
Theft of Bicycle,2017,10,4,16,30,35XX W 30TH AVE,Dunbar-Southlands,486667.4359,5454735.5465
Theft of Bicycle,2017,5,11,16,0,35XX W 42ND AVE,Dunbar-Southlands,486618.5789,5453458.856
Theft of Bicycle,2017,6,25,5,0,35XX W 42ND AVE,Dunbar-Southlands,486632.4298,5453458.9043
Theft of Bicycle,2017,7,11,16,0,35XX W 6TH AVE,Kitsilano,486731.5041,5457143.1694
Theft of Bicycle,2017,1,9,11,0,35XX W BROADWAY AVE,Kitsilano,486759.6072,5456858.6056
Theft of Bicycle,2017,6,29,15,0,35XX W BROADWAY AVE,Kitsilano,486759.6072,5456858.6056
Theft of Bicycle,2017,7,17,20,43,35XX W BROADWAY AVE,Kitsilano,486764.7332,5456849.3144
Theft of Bicycle,2017,7,12,22,30,35XX WELWYN ST,Kensington-Cedar Cottage,494956.6957,5455588.0982
Theft of Bicycle,2017,10,30,19,0,36XX ADANAC ST,Hastings-Sunrise,498137.4822,5458301.3741
Theft of Bicycle,2017,8,26,12,0,36XX COQUIHALLA DR,Killarney,498087.4749,5452266.4078
Theft of Bicycle,2017,9,6,17,0,36XX KINGSWAY AVE,Killarney,498073.5449,5453260.6108
Theft of Bicycle,2017,9,13,19,30,36XX KINGSWAY AVE,Killarney,498073.5449,5453260.6108
Theft of Bicycle,2017,7,24,17,0,36XX ONTARIO ST,Riley Park,492373.8139,5455482.7711
Theft of Bicycle,2017,8,29,0,0,36XX PANDORA ST,Hastings-Sunrise,498185.6375,5458906.2603
Theft of Bicycle,2017,5,10,17,0,36XX VANNESS AVE,Renfrew-Collingwood,498256.3276,5453592.7436
Theft of Bicycle,2017,11,1,13,25,36XX VICTORIA DR,Kensington-Cedar Cottage,495182.477,5455564.0843
Theft of Bicycle,2017,11,3,7,30,36XX VICTORIA DR,Kensington-Cedar Cottage,495201.587,5455553.6351
Theft of Bicycle,2017,7,13,17,0,36XX W 11TH AVE,Kitsilano,486523.6764,5456653.3214
Theft of Bicycle,2017,8,16,20,42,36XX W 16TH AVE,Dunbar-Southlands,486481.9527,5456132.3294
Theft of Bicycle,2017,10,8,0,0,36XX W 17TH AVE,Dunbar-Southlands,486471.9481,5456078.8652
Theft of Bicycle,2017,10,28,9,0,36XX W 2ND AVE,Kitsilano,486580.827,5457525.956
Theft of Bicycle,2017,7,10,3,15,36XX W 4TH AVE,Kitsilano,486561.7807,5457326.9697
Theft of Bicycle,2017,9,1,9,30,36XX W 4TH AVE,Kitsilano,486624.7129,5457325.7838
Theft of Bicycle,2017,6,17,18,0,36XX W 6TH AVE,Kitsilano,486588.2312,5457147.2039
Theft of Bicycle,2017,7,27,14,6,36XX W 6TH AVE,Kitsilano,486590.7957,5457137.9665
Theft of Bicycle,2017,11,4,15,30,36XX W BROADWAY AVE,Kitsilano,486533.7425,5456864.8539
Theft of Bicycle,2017,3,16,0,0,36XX W BROADWAY AVE,Kitsilano,486568.8149,5456863.9004
Theft of Bicycle,2017,9,2,14,0,36XX W BROADWAY AVE,Kitsilano,486624.0978,5456853.2501
Theft of Bicycle,2017,4,24,18,30,36XX WILLIAM ST,Hastings-Sunrise,498180.5563,5457924.3101
Theft of Bicycle,2017,8,23,22,0,36XX WILLIAM ST,Hastings-Sunrise,498267.0665,5457924.4107
Theft of Bicycle,2017,6,27,15,0,37XX CAMBIE ST,South Cambie,491606.335,5455478.4032
Theft of Bicycle,2017,5,20,22,0,37XX FRASER ST,Kensington-Cedar Cottage,493450.0921,5455423.4361
Theft of Bicycle,2017,8,17,17,0,37XX W 39TH AVE,Dunbar-Southlands,486349.8027,5453752.5207
Theft of Bicycle,2017,4,11,17,0,37XX W 7TH AVE,West Point Grey,486470.9023,5457055.3253
Theft of Bicycle,2017,8,31,0,0,37XX W 7TH AVE,West Point Grey,486470.9023,5457055.3253
Theft of Bicycle,2017,8,6,0,0,38XX ANGUS DR,Shaughnessy,489390.7853,5455402.7806
Theft of Bicycle,2017,5,3,19,0,38XX GLEN DR,Kensington-Cedar Cottage,494046.1314,5455250.9921
Theft of Bicycle,2017,6,9,7,50,38XX OAK ST,Shaughnessy,490719.3725,5455409.4491
Theft of Bicycle,2017,10,17,11,0,38XX POINT GREY RD,West Point Grey,486196.6249,5457654.1716
Theft of Bicycle,2017,8,31,12,0,38XX QUEBEC ST,Riley Park,492515.74,5455322.0325
Theft of Bicycle,2017,5,30,0,0,38XX SOPHIA ST,Riley Park,492817.2785,5455358.0969
Theft of Bicycle,2017,10,31,21,0,38XX SOPHIA ST,Riley Park,492817.2785,5455358.0969
Theft of Bicycle,2017,4,19,8,30,38XX W 11TH AVE,West Point Grey,486237.3942,5456669.9774
Theft of Bicycle,2017,1,24,16,5,38XX W 2ND AVE,West Point Grey,486329.1646,5457541.1716
Theft of Bicycle,2017,12,16,20,17,38XX W 8TH AVE,West Point Grey,486214.9831,5456959.9116
Theft of Bicycle,2017,10,22,11,0,38XX W KING EDWARD AVE,Dunbar-Southlands,486123.7857,5455288.8971
Theft of Bicycle,2017,11,14,13,16,38XX W KING EDWARD AVE,Dunbar-Southlands,486298.5692,5455256.74
Theft of Bicycle,2017,6,21,23,0,39XX DUNBAR ST,Dunbar-Southlands,486528.6809,5455469.7205
Theft of Bicycle,2017,10,10,21,30,39XX KNIGHT ST,Kensington-Cedar Cottage,494454.3935,5455220.0718
Theft of Bicycle,2017,5,12,8,30,39XX W 10TH AVE,West Point Grey,486061.241,5456771.5701
Theft of Bicycle,2017,6,21,20,12,39XX WELWYN ST,Kensington-Cedar Cottage,494909.0554,5455213.2999
Theft of Bicycle,2017,12,15,1,0,3X E 4TH AVE,Mount Pleasant,492436.9417,5457178.6099
Theft of Bicycle,2017,6,25,17,0,3X N SLOCAN ST,Hastings-Sunrise,496417.7438,5459153.6396
Theft of Bicycle,2017,10,26,12,49,3X SMITHE ST,Central Business District,491788.0426,5458016.558
Theft of Bicycle,2017,11,25,12,0,3X SMITHE ST,Central Business District,491788.0426,5458016.558
Theft of Bicycle,2017,6,8,18,0,3X W BROADWAY AVE,Mount Pleasant,492318.572,5456705.834
Theft of Bicycle,2017,9,1,0,0,3X W PENDER ST,Central Business District,492312.8772,5458673.7778
Theft of Bicycle,2017,2,8,12,0,3XX ABBOTT ST,Central Business District,492213.7305,5458862.1489
Theft of Bicycle,2017,6,17,0,0,3XX ABBOTT ST,Central Business District,492237.1355,5458911.0666
Theft of Bicycle,2017,11,25,16,0,3XX ABBOTT ST,Central Business District,492237.1355,5458911.0666
Theft of Bicycle,2017,9,7,18,0,3XX BURRARD ST,Central Business District,491500.126,5459398.7449
Theft of Bicycle,2017,8,16,18,30,3XX BUTE ST,Central Business District,491124.6825,5459610.5052
Theft of Bicycle,2017,11,7,17,0,3XX CAMBIE ST,Central Business District,492042.647,5458903.9556
Theft of Bicycle,2017,8,5,12,45,3XX CAMBIE ST,Central Business District,492065.0689,5458977.2305
Theft of Bicycle,2017,7,25,13,45,3XX CARRALL ST,Central Business District,492411.5931,5458842.4215
Theft of Bicycle,2017,11,5,12,0,3XX COLUMBIA ST,Central Business District,492569.8402,5458844.9941
Theft of Bicycle,2017,3,31,16,38,3XX COLUMBIA ST,Central Business District,492569.8969,5458847.0253
Theft of Bicycle,2017,8,16,16,40,3XX COLUMBIA ST,Central Business District,492569.8969,5458847.0253
Theft of Bicycle,2017,6,26,15,5,3XX DAVIE ST,Central Business District,491094.9017,5457995.8742
Theft of Bicycle,2017,3,4,12,27,3XX E 1ST AVE,Strathcona,493044.8062,5457207.8496
Theft of Bicycle,2017,8,14,15,57,3XX E 1ST AVE,Strathcona,493044.8062,5457207.8496
Theft of Bicycle,2017,4,19,8,30,3XX E 23RD AVE,Riley Park,492842.4519,5455281.8921
Theft of Bicycle,2017,9,3,0,0,3XX E 37TH AVE,Riley Park,492905.6731,5453832.277
Theft of Bicycle,2017,12,26,1,0,3XX E 41ST AVE,Riley Park,492755.0855,5453375.5831
Theft of Bicycle,2017,8,16,8,15,3XX E 45TH AVE,Sunset,492902.7732,5452947.2243
Theft of Bicycle,2017,7,3,20,0,3XX E 8TH AVE,Mount Pleasant,492809.208,5456775.4777
Theft of Bicycle,2017,8,20,21,6,3XX E HASTINGS ST,Strathcona,492915.7127,5458728.6332
Theft of Bicycle,2017,10,8,17,0,3XX E HASTINGS ST,Strathcona,492944.4406,5458727.7819
Theft of Bicycle,2017,9,19,14,49,3XX E HASTINGS ST,Strathcona,492978.914,5458726.7604
Theft of Bicycle,2017,5,10,23,0,3XX E HASTINGS ST,Strathcona,492978.9141,5458726.7604
Theft of Bicycle,2017,12,3,6,37,3XX E HASTINGS ST,Strathcona,492996.1508,5458726.2497
Theft of Bicycle,2017,3,30,13,0,3XX KEEFER ST,Strathcona,492933.5402,5458519.9661
Theft of Bicycle,2017,6,4,20,44,3XX KINGSWAY AVE,Mount Pleasant,492963.3812,5456374.2077
Theft of Bicycle,2017,8,2,2,0,3XX POWELL ST,Strathcona,493025.0012,5458929.7536
Theft of Bicycle,2017,8,17,19,8,3XX PRINCESS AVE,Strathcona,493355.7372,5458822.5129
Theft of Bicycle,2017,11,25,16,0,3XX RENFREW ST,Hastings-Sunrise,496795.9891,5458797.2597
Theft of Bicycle,2017,4,27,9,0,3XX TERMINAL AVE,Strathcona,492999.2875,5457727.81
Theft of Bicycle,2017,6,13,9,15,3XX TERMINAL AVE,Strathcona,492999.2875,5457727.81
Theft of Bicycle,2017,8,30,11,18,3XX TERMINAL AVE,Strathcona,492999.2875,5457727.81
Theft of Bicycle,2017,11,10,18,0,3XX W 11TH AVE,Mount Pleasant,491870.7291,5456512.337
Theft of Bicycle,2017,7,17,2,0,3XX W 19TH AVE,Riley Park,491844.9936,5455682.2321
Theft of Bicycle,2017,7,6,22,0,3XX W 1ST AVE,Mount Pleasant,491796.384,5457337.7329
Theft of Bicycle,2017,7,14,16,45,3XX W 2ND AVE,Mount Pleasant,491828.3396,5457232.9806
Theft of Bicycle,2017,5,12,18,0,3XX W 4TH AVE,Mount Pleasant,491924.4952,5457191.8066
Theft of Bicycle,2017,6,2,18,15,3XX W 4TH AVE,Mount Pleasant,491924.4952,5457191.8066
Theft of Bicycle,2017,9,22,19,30,3XX W 4TH AVE,Mount Pleasant,491924.4952,5457191.8066
Theft of Bicycle,2017,5,1,20,55,3XX W BROADWAY AVE,Mount Pleasant,491909.5999,5456710.9745
Theft of Bicycle,2017,8,11,18,20,3XX W BROADWAY AVE,Mount Pleasant,491909.5999,5456710.9745
Theft of Bicycle,2017,10,31,11,15,3XX W BROADWAY AVE,Mount Pleasant,491909.5999,5456710.9745
Theft of Bicycle,2017,10,17,20,39,3XX W CORDOVA ST,Central Business District,492056.7028,5458980.3981
Theft of Bicycle,2017,2,16,12,30,3XX W GEORGIA ST,Central Business District,491651.5374,5458615.1804
Theft of Bicycle,2017,4,24,18,30,3XX W GEORGIA ST,Central Business District,491651.5374,5458615.1804
Theft of Bicycle,2017,5,20,13,0,3XX W GEORGIA ST,Central Business District,491651.5374,5458615.1804
Theft of Bicycle,2017,7,13,16,0,3XX W GEORGIA ST,Central Business District,491651.5374,5458615.1804
Theft of Bicycle,2017,8,28,10,0,3XX W GEORGIA ST,Central Business District,491651.5374,5458615.1804
Theft of Bicycle,2017,8,29,16,0,3XX W GEORGIA ST,Central Business District,491651.5374,5458615.1804
Theft of Bicycle,2017,9,14,9,30,3XX W GEORGIA ST,Central Business District,491651.5374,5458615.1804
Theft of Bicycle,2017,10,21,14,0,3XX W GEORGIA ST,Central Business District,491651.5374,5458615.1804
Theft of Bicycle,2017,12,10,18,1,3XX W GEORGIA ST,Central Business District,491651.5374,5458615.1804
Theft of Bicycle,2017,7,17,18,30,3XX W GEORGIA ST,Central Business District,491684.6126,5458581.0716
Theft of Bicycle,2017,8,22,8,30,3XX W GEORGIA ST,Central Business District,491684.6126,5458581.0716
Theft of Bicycle,2017,9,4,14,0,3XX W GEORGIA ST,Central Business District,491684.6126,5458581.0716
Theft of Bicycle,2017,10,20,18,0,3XX W GEORGIA ST,Central Business District,491684.6126,5458581.0716
Theft of Bicycle,2017,2,20,11,40,3XX W HASTINGS ST,Central Business District,491969.9152,5458936.3779
Theft of Bicycle,2017,5,9,9,15,3XX WATER ST,Central Business District,491956.8492,5459110.0996
Theft of Bicycle,2017,5,6,20,0,3XX WATER ST,Central Business District,491974.3862,5459104.9878
Theft of Bicycle,2017,5,24,16,0,3XX WATER ST,Central Business District,491974.3862,5459104.9878
Theft of Bicycle,2017,8,3,13,0,3XX WATER ST,Central Business District,491974.3862,5459104.9878
Theft of Bicycle,2017,1,20,8,50,3XX WATER ST,Central Business District,491975.9409,5459104.5343
Theft of Bicycle,2017,12,13,18,0,3XX WATER ST,Central Business District,491998.1327,5459088.5413
Theft of Bicycle,2017,10,4,9,45,3XX WATER ST,Central Business District,492047.8209,5459074.0576
Theft of Bicycle,2017,9,23,19,30,3XX WATER ST,Central Business District,492079.972,5459064.6859
Theft of Bicycle,2017,6,14,16,0,40XX ALICE ST,Kensington-Cedar Cottage,495205.3448,5455178.2394
Theft of Bicycle,2017,4,22,16,30,40XX CAMBIE ST,South Cambie,491598.2162,5455172.1305
Theft of Bicycle,2017,10,13,2,30,40XX CYPRESS ST,Shaughnessy,489179.2822,5455275.5253
Theft of Bicycle,2017,3,1,12,0,40XX KNIGHT ST,Kensington-Cedar Cottage,494475.9563,5455120.7778
Theft of Bicycle,2017,8,13,0,0,40XX KNIGHT ST,Kensington-Cedar Cottage,494475.9563,5455120.7778
Theft of Bicycle,2017,6,11,7,36,40XX MAIN ST,Riley Park,492640.2157,5455135.6616
Theft of Bicycle,2017,7,19,18,30,40XX MILLER ST,Kensington-Cedar Cottage,495002.1315,5455095.0807
Theft of Bicycle,2017,9,24,10,34,40XX PARKWAY DR,Arbutus Ridge,488764.6362,5455266.3489
Theft of Bicycle,2017,10,5,17,15,40XX VICTORIA DR,Kensington-Cedar Cottage,495260.0778,5455122.0583
Theft of Bicycle,2017,10,13,17,0,40XX W 11TH AVE,West Point Grey,485882.4503,5456668.9953
Theft of Bicycle,2017,11,29,10,10,41XX FRASER ST,Kensington-Cedar Cottage,493443.2476,5455099.3336
Theft of Bicycle,2017,5,12,8,35,41XX GLADSTONE ST,Kensington-Cedar Cottage,495591.7122,5455036.8243
Theft of Bicycle,2017,6,30,7,0,41XX HEATHER ST,South Cambie,491233.4821,5455116.8446
Theft of Bicycle,2017,7,13,14,33,41XX INVERNESS ST,Kensington-Cedar Cottage,494176.8038,5455000.9706
Theft of Bicycle,2017,9,18,21,0,41XX NANAIMO ST,Renfrew-Collingwood,495881.324,5454963.0925
Theft of Bicycle,2017,12,10,18,6,41XX W 11TH AVE,West Point Grey,485613.6067,5456688.7712
Theft of Bicycle,2017,7,17,22,48,41XX W 13TH AVE,West Point Grey,485652.5635,5456485.4041
Theft of Bicycle,2017,6,27,22,0,41XX W 29TH AVE,Dunbar-Southlands,485679.3702,5454850.728
Theft of Bicycle,2017,3,11,0,0,42XX BALKAN ST,Riley Park,493046.1056,5454904.6724
Theft of Bicycle,2017,3,11,21,52,42XX DUNBAR ST,Dunbar-Southlands,486516.4442,5455132.9432
Theft of Bicycle,2017,7,7,23,0,42XX FRASER ST,Kensington-Cedar Cottage,493442.2773,5454982.6357
Theft of Bicycle,2017,9,8,20,0,42XX MAIN ST,Riley Park,492644.0332,5454981.6358
Theft of Bicycle,2017,9,7,15,0,42XX W 12TH AVE,West Point Grey,485370.6862,5456594.3557
Theft of Bicycle,2017,3,27,0,0,43XX JAMES ST,Riley Park,492441.1016,5454849.6392
Theft of Bicycle,2017,6,27,7,15,43XX MAIN ST,Riley Park,492639.6358,5454882.9194
Theft of Bicycle,2017,7,25,4,0,43XX SKEENA ST,Renfrew-Collingwood,497918.0269,5454800.7433
Theft of Bicycle,2017,8,3,12,0,43XX W 10TH AVE,West Point Grey,485094.0424,5456794.3865
Theft of Bicycle,2017,5,17,2,0,43XX W 9TH AVE,West Point Grey,485050.2809,5456901.6651
Theft of Bicycle,2017,2,11,15,0,43XX YEW ST,Arbutus Ridge,488744.0987,5454990.8067
Theft of Bicycle,2017,9,28,23,0,442E E 15TH AVE,Mount Pleasant,493066.2888,5456069.2897
Theft of Bicycle,2017,7,15,14,0,44XX BELMONT AVE,West Point Grey,484907.4723,5457900.1417
Theft of Bicycle,2017,8,26,13,30,44XX MAIN ST,Riley Park,492622.776,5454677.1016
Theft of Bicycle,2017,11,7,15,27,44XX MAIN ST,Riley Park,492623.6584,5454710.2477
Theft of Bicycle,2017,4,16,18,0,44XX MAIN ST,Riley Park,492624.8617,5454755.4471
Theft of Bicycle,2017,9,7,20,15,44XX MAIN ST,Riley Park,492632.0347,5454681.2859
Theft of Bicycle,2017,6,27,8,0,44XX OAK ST,South Cambie,490713.7244,5454765.0249
Theft of Bicycle,2017,7,13,19,18,44XX OAK ST,South Cambie,490713.7244,5454765.0249
Theft of Bicycle,2017,10,28,7,0,44XX OAK ST,South Cambie,490713.7244,5454765.0249
Theft of Bicycle,2017,7,4,8,0,44XX W 10TH AVE,West Point Grey,484855.5198,5456809.6746
Theft of Bicycle,2017,7,4,19,0,44XX W 10TH AVE,West Point Grey,484868.2077,5456809.3512
Theft of Bicycle,2017,7,19,17,15,44XX W 10TH AVE,West Point Grey,484944.1022,5456798.2695
Theft of Bicycle,2017,5,17,8,0,44XX W 6TH AVE,West Point Grey,484830.3543,5457185.5446
Theft of Bicycle,2017,7,10,13,19,44XX WALLACE ST,Dunbar-Southlands,486111.777,5454946.8483
Theft of Bicycle,2017,3,9,17,45,45XX CLANCY LORANGER WAY,Riley Park,492081.9537,5454487.393
Theft of Bicycle,2017,5,27,15,0,45XX CLANCY LORANGER WAY,Riley Park,492098.3488,5454510.5986
Theft of Bicycle,2017,9,8,12,0,45XX CLANCY LORANGER WAY,Riley Park,492098.3488,5454510.5986
Theft of Bicycle,2017,10,24,12,45,45XX DUNBAR ST,Dunbar-Southlands,486512.3837,5454820.8508
Theft of Bicycle,2017,7,9,18,55,45XX FRASER ST,Kensington-Cedar Cottage,493433.9709,5454644.0552
Theft of Bicycle,2017,9,13,5,30,45XX HEATHER ST,South Cambie,491226.1877,5454660.0741
Theft of Bicycle,2017,7,2,21,0,45XX JOYCE ST,Renfrew-Collingwood,498045.8261,5454531.3861
Theft of Bicycle,2017,6,13,9,0,45XX W 10TH AVE,West Point Grey,484623.5439,5456815.567
Theft of Bicycle,2017,8,6,14,0,45XX W 10TH AVE,West Point Grey,484623.5439,5456815.567
Theft of Bicycle,2017,6,25,8,0,46XX DUCHESS ST,Renfrew-Collingwood,496524.485,5454462.821
Theft of Bicycle,2017,6,13,15,0,46XX TODD ST,Renfrew-Collingwood,496659.2753,5454375.3641
Theft of Bicycle,2017,6,15,12,0,46XX TODD ST,Renfrew-Collingwood,496659.2753,5454375.3641
Theft of Bicycle,2017,6,17,2,0,46XX VICTORIA DR,Kensington-Cedar Cottage,495255.3341,5454519.5773
Theft of Bicycle,2017,7,23,0,0,47XX ARBUTUS ST,Arbutus Ridge,488837.7766,5454527.011
Theft of Bicycle,2017,3,26,2,0,47XX CAMBIE ST,South Cambie,491394.1481,5454490.9341
Theft of Bicycle,2017,3,6,19,14,4X E 11TH AVE,Mount Pleasant,492422.5914,5456497.4623
Theft of Bicycle,2017,11,1,8,0,4X E 45TH AVE,Sunset,492366.613,5452971.112
Theft of Bicycle,2017,10,22,9,0,4X POWELL ST,Central Business District,492488.9691,5458946.0694
Theft of Bicycle,2017,7,18,12,50,4X POWELL ST,Central Business District,492491.8634,5458955.1271
Theft of Bicycle,2017,11,1,10,0,4X W 8TH AVE,Mount Pleasant,492301.8943,5456789.9901
Theft of Bicycle,2017,8,6,13,30,4XX BEACH CRES,Central Business District,490765.6635,5457655.3079
Theft of Bicycle,2017,7,4,13,30,4XX BROUGHTON ST,Central Business District,490825.5765,5459741.7636
Theft of Bicycle,2017,7,5,8,0,4XX BURRARD ST,Central Business District,491495.7649,5459381.6396
Theft of Bicycle,2017,5,29,17,45,4XX CAMBIE ST,Central Business District,492019.228,5458826.8007
Theft of Bicycle,2017,10,22,13,0,4XX CAMPBELL AVE,Strathcona,493826.8833,5458662.7915
Theft of Bicycle,2017,5,13,4,6,4XX CARRALL ST,Central Business District,492416.4161,5458738.6978
Theft of Bicycle,2017,3,22,20,29,4XX CARRALL ST,Central Business District,492416.8603,5458750.3277
Theft of Bicycle,2017,7,15,22,0,4XX DAVIE ST,Central Business District,491027.644,5458060.8377
Theft of Bicycle,2017,9,26,17,0,4XX DUNLEVY AVE,Strathcona,493064.8573,5458695.5858
Theft of Bicycle,2017,5,27,8,54,4XX DUNSMUIR ST,Central Business District,491742.7772,5458778.6831
Theft of Bicycle,2017,8,20,9,40,4XX E 15TH AVE,Mount Pleasant,492987.9132,5456074.6327
Theft of Bicycle,2017,10,4,8,30,4XX E 24TH AVE,Riley Park,492999.2491,5455178.6986
Theft of Bicycle,2017,1,27,0,0,4XX E 35TH AVE,Riley Park,493019.4923,5454013.5966
Theft of Bicycle,2017,9,16,12,0,4XX E 6TH AVE,Mount Pleasant,493224.5262,5456952.6929
Theft of Bicycle,2017,8,4,14,40,4XX E BROADWAY AVE,Mount Pleasant,493181.4004,5456647.3232
Theft of Bicycle,2017,7,19,10,0,4XX GRANVILLE ST,Central Business District,491672.3316,5459124.5032
Theft of Bicycle,2017,8,5,15,30,4XX GRANVILLE ST,Central Business District,491687.506,5459139.7702
Theft of Bicycle,2017,7,19,13,0,4XX GRANVILLE ST,Central Business District,491689.4942,5459154.7421
Theft of Bicycle,2017,11,10,18,45,4XX GRANVILLE ST,Central Business District,491689.4942,5459154.7421
Theft of Bicycle,2017,7,17,15,0,4XX GRANVILLE ST,Central Business District,491710.6789,5459176.0569
Theft of Bicycle,2017,9,27,10,15,4XX HORNBY ST,Central Business District,491579.0173,5459319.3327
Theft of Bicycle,2017,8,15,16,50,4XX HOWE ST,Central Business District,491602.6147,5459198.5262
Theft of Bicycle,2017,7,18,14,2,4XX INDUSTRIAL AVE,Strathcona,493078.2417,5457411.7438
Theft of Bicycle,2017,4,3,13,0,4XX MAIN ST,Strathcona,492753.8351,5458682.6081
Theft of Bicycle,2017,11,5,18,0,4XX MAIN ST,Strathcona,492754.3319,5458734.1167
Theft of Bicycle,2017,8,26,18,0,4XX MOBERLY RD,Fairview,491430.1474,5457321.9854
Theft of Bicycle,2017,11,14,23,0,4XX N SLOCAN ST,Hastings-Sunrise,496418.4332,5459558.5933
Theft of Bicycle,2017,3,4,11,30,4XX N WINDERMERE ST,Hastings-Sunrise,497371.991,5459560.1051
Theft of Bicycle,2017,7,8,20,0,4XX PIPELINE RD,Stanley Park,490117.5187,5460671.1
Theft of Bicycle,2017,6,8,19,0,4XX POWELL ST,Strathcona,493090.7718,5458936.8957
Theft of Bicycle,2017,10,4,9,0,4XX SEYMOUR ST,Central Business District,491768.6138,5459076.8657
Theft of Bicycle,2017,9,7,21,0,4XX STANLEY PARK DR,Stanley Park,490208.4917,5460474.9899
Theft of Bicycle,2017,5,9,21,0,4XX SW MARINE DR,Marpole,491493.8637,5450824.4742
Theft of Bicycle,2017,8,3,7,0,4XX SW MARINE DR,Marpole,491505.0938,5450831.2375
Theft of Bicycle,2017,6,10,20,33,4XX SW MARINE DR,Marpole,491535.9765,5450849.8365
Theft of Bicycle,2017,8,24,18,10,4XX W 12TH AVE,Mount Pleasant,491704.6052,5456413.6324
Theft of Bicycle,2017,10,4,16,0,4XX W 12TH AVE,Mount Pleasant,491704.6052,5456413.6324
Theft of Bicycle,2017,7,1,0,0,4XX W 14TH AVE,Mount Pleasant,491689.0624,5456219.1567
Theft of Bicycle,2017,6,9,5,30,4XX W 20TH AVE,Riley Park,491793.4117,5455581.1446
Theft of Bicycle,2017,12,15,19,0,4XX W 8TH AVE,Mount Pleasant,491676.0062,5456801.3364
Theft of Bicycle,2017,11,3,14,0,4XX W 8TH AVE,Mount Pleasant,491780.8507,5456795.8593
Theft of Bicycle,2017,6,7,14,0,4XX W 8TH AVE,Mount Pleasant,491783.5129,5456795.7591
Theft of Bicycle,2017,8,24,19,0,4XX W 8TH AVE,Mount Pleasant,491783.5129,5456795.7591
Theft of Bicycle,2017,7,22,8,30,4XX W BROADWAY AVE,Mount Pleasant,491655.7594,5456717.2172
Theft of Bicycle,2017,10,4,18,0,4XX W BROADWAY AVE,Mount Pleasant,491655.7594,5456717.2172
Theft of Bicycle,2017,8,15,16,0,4XX W CORDOVA ST,Central Business District,492003.5175,5459047.4003
Theft of Bicycle,2017,5,19,10,15,4XX W CORDOVA ST,Central Business District,492004.8652,5459046.0291
Theft of Bicycle,2017,6,23,17,0,4XX W GEORGIA ST,Central Business District,491616.5934,5458651.1697
Theft of Bicycle,2017,6,12,20,50,4XX W GEORGIA ST,Central Business District,491623.0297,5458657.6649
Theft of Bicycle,2017,6,24,12,10,4XX W GEORGIA ST,Central Business District,491623.0297,5458657.6649
Theft of Bicycle,2017,7,12,21,45,4XX W GEORGIA ST,Central Business District,491623.0297,5458657.6649
Theft of Bicycle,2017,9,18,18,14,4XX W GEORGIA ST,Central Business District,491623.0297,5458657.6649
Theft of Bicycle,2017,11,22,13,0,4XX W GEORGIA ST,Central Business District,491623.0297,5458657.6649
Theft of Bicycle,2017,10,1,1,30,4XX W PENDER ST,Central Business District,491818.7626,5458933.3769
Theft of Bicycle,2017,7,9,21,13,4XX W PENDER ST,Central Business District,491834.2502,5458916.9166
Theft of Bicycle,2017,7,1,6,0,4XX W PENDER ST,Central Business District,491839.5607,5458924.6164
Theft of Bicycle,2017,2,23,12,0,4XX W PENDER ST,Central Business District,491854.4859,5458895.41
Theft of Bicycle,2017,2,1,22,40,4XX W PENDER ST,Central Business District,491855.8349,5458893.9762
Theft of Bicycle,2017,10,22,19,30,4XX W PENDER ST,Central Business District,491855.8349,5458893.9762
Theft of Bicycle,2017,10,1,17,0,50XX CLARENDON ST,Renfrew-Collingwood,495968.4527,5453995.0055
Theft of Bicycle,2017,10,12,22,0,50XX HOY ST,Renfrew-Collingwood,498177.5529,5454053.3456
Theft of Bicycle,2017,6,22,19,0,50XX JOYCE ST,Renfrew-Collingwood,497678.1933,5453944.0557
Theft of Bicycle,2017,7,23,15,20,50XX JOYCE ST,Renfrew-Collingwood,497678.1933,5453944.0557
Theft of Bicycle,2017,8,18,19,45,50XX JOYCE ST,Renfrew-Collingwood,497678.1933,5453944.0557
Theft of Bicycle,2017,10,2,7,45,50XX JOYCE ST,Renfrew-Collingwood,497678.1933,5453944.0557
Theft of Bicycle,2017,7,13,0,0,50XX JOYCE ST,Renfrew-Collingwood,497714.1584,5454001.4149
Theft of Bicycle,2017,10,3,15,0,50XX WILLOW ST,South Cambie,490993.808,5454156.2091
Theft of Bicycle,2017,8,8,22,0,51XX CULLODEN ST,Kensington-Cedar Cottage,494237.9093,5453889.132
Theft of Bicycle,2017,6,14,10,0,53XX EAST BLVD,Shaughnessy,488728.2556,5453895.5874
Theft of Bicycle,2017,7,8,12,0,54XX COLLEGE ST,Renfrew-Collingwood,496765.4314,5453609.445
Theft of Bicycle,2017,8,17,12,0,54XX DUNDEE ST,Renfrew-Collingwood,496541.4261,5453627.8376
Theft of Bicycle,2017,11,24,22,0,54XX KILLARNEY ST,Renfrew-Collingwood,496654.1971,5453735.3728
Theft of Bicycle,2017,1,14,18,0,54XX VINE ST,Arbutus Ridge,488358.9571,5453787.651
Theft of Bicycle,2017,6,29,0,0,55XX BOUNDARY RD,Renfrew-Collingwood,498276.617,5453485.7613
Theft of Bicycle,2017,7,15,18,30,55XX CARNARVON ST,Dunbar-Southlands,487397.6803,5453716.4308
Theft of Bicycle,2017,3,26,19,30,56XX BOUNDARY RD,Renfrew-Collingwood,498277.1506,5453318.596
Theft of Bicycle,2017,7,11,7,30,58XX DUMFRIES ST,Victoria-Fraserview,494592.295,5453118.7644
Theft of Bicycle,2017,6,4,14,0,58XX LINCOLN ST,Killarney,498077.1061,5453225.6219
Theft of Bicycle,2017,2,20,13,0,58XX ONTARIO ST,Oakridge,492303.4832,5453214.3756
Theft of Bicycle,2017,2,18,6,0,58XX TISDALL ST,Oakridge,491082.9838,5453306.1501
Theft of Bicycle,2017,11,21,8,0,59XX PRINCE ALBERT ST,Sunset,493597.9799,5453066.97
Theft of Bicycle,2017,12,8,16,4,5X ATHLETES WAY,Mount Pleasant,492324.0253,5457650.3016
Theft of Bicycle,2017,4,11,18,27,5X ATHLETES WAY,Mount Pleasant,492324.0253,5457650.3016
Theft of Bicycle,2017,5,12,18,40,5X ATHLETES WAY,Mount Pleasant,492324.0253,5457650.3016
Theft of Bicycle,2017,8,19,12,27,5X DUNLEVY AVE,Strathcona,493068.305,5459125.3779
Theft of Bicycle,2017,10,17,18,38,5X E 10TH AVE,Mount Pleasant,492442.9935,5456597.3574
Theft of Bicycle,2017,7,29,12,53,5X E CORDOVA ST,Central Business District,492492.1655,5458853.6387
Theft of Bicycle,2017,8,28,12,57,5X E HASTINGS ST,Central Business District,492488.8309,5458750.5478
Theft of Bicycle,2017,9,17,1,0,5X KEEFER PL,Central Business District,492235.0142,5458535.2604
Theft of Bicycle,2017,9,4,19,0,5X KEEFER PL,Central Business District,492249.4812,5458540.9871
Theft of Bicycle,2017,10,5,10,0,5X KEEFER ST,Central Business District,492488.273,5458505.4713
Theft of Bicycle,2017,9,1,16,30,5X RENFREW ST,Hastings-Sunrise,496795.5707,5459063.4605
Theft of Bicycle,2017,10,7,15,40,"5X STANLEY PARK CSWY ""STANLEY PARK""",Stanley Park,490068.6462,5460232.4145
Theft of Bicycle,2017,2,26,16,0,5X W 1ST AVE,Mount Pleasant,492321.2658,5457511.9134
Theft of Bicycle,2017,8,17,9,20,5X W 2ND AVE,Mount Pleasant,492308.8268,5457399.0707
Theft of Bicycle,2017,7,26,8,17,5X W BROADWAY AVE,Mount Pleasant,492296.8461,5456706.4479
Theft of Bicycle,2017,6,30,21,0,5X W CORDOVA ST,Central Business District,492324.5597,5458890.877
Theft of Bicycle,2017,8,23,8,0,5X W CORDOVA ST,Central Business District,492324.5597,5458890.877
Theft of Bicycle,2017,9,14,14,38,5X WATER ST,Central Business District,492340.8601,5459004.1307
Theft of Bicycle,2017,10,5,17,15,5X WATER ST,Central Business District,492340.8601,5459004.1307
Theft of Bicycle,2017,3,15,0,15,5XX ABBOTT ST,Central Business District,492179.0127,5458664.6518
Theft of Bicycle,2017,6,11,16,0,5XX BEATTY ST,Central Business District,492040.7921,5458645.7712
Theft of Bicycle,2017,2,27,22,0,5XX BEATTY ST,Central Business District,492060.4284,5458678.6651
Theft of Bicycle,2017,3,17,8,50,5XX BEATTY ST,Central Business District,492110.5044,5458716.3533
Theft of Bicycle,2017,5,11,13,20,5XX BURRARD ST,Central Business District,491363.1981,5459263.0536
Theft of Bicycle,2017,8,15,5,45,5XX BURRARD ST,Central Business District,491373.7948,5459260.588
Theft of Bicycle,2017,2,2,11,30,5XX BURRARD ST,Central Business District,491418.3505,5459316.4819
Theft of Bicycle,2017,10,20,6,0,5XX BURRARD ST,Central Business District,491418.3505,5459316.4819
Theft of Bicycle,2017,11,8,6,0,5XX CAMPBELL AVE,Strathcona,493833.6427,5458584.744
Theft of Bicycle,2017,8,31,10,30,5XX CARRALL ST,Central Business District,492412.9541,5458641.5634
Theft of Bicycle,2017,9,14,18,30,5XX DENMAN ST,Central Business District,490360.1516,5460087.7302
Theft of Bicycle,2017,5,31,18,0,5XX DUNSMUIR ST,Central Business District,491623.6399,5458898.3022
Theft of Bicycle,2017,6,1,13,0,5XX DUNSMUIR ST,Central Business District,491623.6399,5458898.3022
Theft of Bicycle,2017,7,10,9,0,5XX E 10TH AVE,Mount Pleasant,493282.1274,5456539.8254
Theft of Bicycle,2017,9,8,18,0,5XX E 11TH AVE,Mount Pleasant,493267.5454,5456431.1327
Theft of Bicycle,2017,3,19,21,50,5XX E 15TH AVE,Mount Pleasant,493271.5042,5456055.4112
Theft of Bicycle,2017,8,10,3,42,5XX E 53RD AVE,Sunset,493186.4381,5452120.4102
Theft of Bicycle,2017,8,2,1,0,5XX GORE AVE,Strathcona,492927.6397,5458623.5918
Theft of Bicycle,2017,4,21,18,30,5XX GRANVILLE ST,Central Business District,491572.1125,5459023.5366
Theft of Bicycle,2017,7,14,13,0,5XX GRANVILLE ST,Central Business District,491621.817,5459086.6109
Theft of Bicycle,2017,6,7,17,50,5XX GRANVILLE ST,Central Business District,491650.0977,5459102.1318
Theft of Bicycle,2017,9,16,22,0,5XX HAMILTON ST,Central Business District,491932.5281,5458820.1407
Theft of Bicycle,2017,11,10,19,0,5XX HORNBY ST,Central Business District,491411.7849,5459146.657
Theft of Bicycle,2017,7,17,8,0,5XX HORNBY ST,Central Business District,491460.5243,5459210.8692
Theft of Bicycle,2017,9,13,8,30,5XX HORNBY ST,Central Business District,491460.5243,5459210.8692
Theft of Bicycle,2017,10,7,15,5,5XX HORNBY ST,Central Business District,491460.5243,5459210.8692
Theft of Bicycle,2017,9,5,16,50,5XX HORNBY ST,Central Business District,491471.3913,5459209.0036
Theft of Bicycle,2017,11,14,9,0,5XX HORNBY ST,Central Business District,491471.3913,5459209.0036
Theft of Bicycle,2017,8,9,12,0,5XX HORNBY ST,Central Business District,491503.7047,5459242.8033
Theft of Bicycle,2017,10,5,9,0,5XX LILLOOET ST,Hastings-Sunrise,497170.1303,5458536.8072
Theft of Bicycle,2017,8,1,10,23,5XX MAIN ST,Strathcona,492753.2377,5458626.8509
Theft of Bicycle,2017,5,30,18,0,5XX MOBERLY RD,Fairview,491459.0412,5457237.7741
Theft of Bicycle,2017,5,20,12,0,5XX MOBERLY RD,Fairview,491459.1525,5457230.6685
Theft of Bicycle,2017,5,27,12,0,5XX MOBERLY RD,Fairview,491459.1525,5457230.6685
Theft of Bicycle,2017,6,6,18,0,5XX MOBERLY RD,Fairview,491459.1525,5457230.6685
Theft of Bicycle,2017,7,6,21,26,5XX NELSON ST,Central Business District,491188.906,5458363.4038
Theft of Bicycle,2017,5,19,16,30,5XX PACIFIC ST,Central Business District,490719.0485,5457893.1741
Theft of Bicycle,2017,10,5,13,0,5XX PACIFIC ST,Central Business District,490719.0485,5457893.1741
Theft of Bicycle,2017,6,17,14,30,5XX PIPELINE RD,Stanley Park,490121.6349,5460719.3199
Theft of Bicycle,2017,9,1,13,15,5XX PIPELINE RD,Stanley Park,490121.6349,5460719.3199
Theft of Bicycle,2017,7,10,0,0,5XX PRIOR ST,Strathcona,493270.5787,5458219.079
Theft of Bicycle,2017,11,3,22,0,5XX PRIOR ST,Strathcona,493284.1941,5458218.6358
Theft of Bicycle,2017,10,7,17,0,5XX RAYMUR AVE,Strathcona,493977.9741,5458578.871
Theft of Bicycle,2017,1,13,11,0,5XX RICHARDS ST,Central Business District,491770.0479,5458940.4552
Theft of Bicycle,2017,4,15,23,0,5XX RICHARDS ST,Central Business District,491773.218,5458943.6416
Theft of Bicycle,2017,2,20,13,30,5XX RICHARDS ST,Central Business District,491778.2237,5458961.6366
Theft of Bicycle,2017,1,16,8,5,5XX RICHARDS ST,Central Business District,491789.2019,5458959.7059
Theft of Bicycle,2017,6,15,21,54,5XX RICHARDS ST,Central Business District,491793.8958,5458964.4233
Theft of Bicycle,2017,7,25,8,30,5XX SEYMOUR ST,Central Business District,491656.1246,5458976.4335
Theft of Bicycle,2017,9,26,8,50,5XX SEYMOUR ST,Central Business District,491656.1246,5458976.4335
Theft of Bicycle,2017,5,10,18,0,5XX SEYMOUR ST,Central Business District,491656.1246,5458976.4335
Theft of Bicycle,2017,8,7,15,30,5XX SEYMOUR ST,Central Business District,491669.3618,5458976.7879
Theft of Bicycle,2017,9,12,17,45,5XX SEYMOUR ST,Central Business District,491701.7912,5459009.4518
Theft of Bicycle,2017,9,13,17,0,5XX SEYMOUR ST,Central Business District,491701.7912,5459009.4518
Theft of Bicycle,2017,8,19,2,0,5XX SEYMOUR ST,Central Business District,491712.8024,5459020.5426
Theft of Bicycle,2017,5,10,8,30,5XX SMITHE ST,Central Business District,491285.9921,5458501.0564
Theft of Bicycle,2017,12,6,0,0,5XX SMITHE ST,Central Business District,491289.7491,5458510.1763
Theft of Bicycle,2017,12,16,0,0,5XX SMITHE ST,Central Business District,491305.8042,5458481.6496
Theft of Bicycle,2017,3,31,14,0,5XX STANLEY PARK DR,Stanley Park,490398.5472,5460519.5092
Theft of Bicycle,2017,8,22,22,30,5XX UNION ST,Strathcona,493196.8622,5458310.9241
Theft of Bicycle,2017,1,8,23,0,5XX VICTORIA DR,Grandview-Woodland,495234.2215,5458599.6556
Theft of Bicycle,2017,8,21,8,30,5XX W 10TH AVE,Fairview,491575.213,5456620.9238
Theft of Bicycle,2017,7,30,21,15,5XX W 10TH AVE,Fairview,491631.8984,5456610.3811
Theft of Bicycle,2017,9,5,12,30,5XX W 10TH AVE,Fairview,491631.8984,5456610.3811
Theft of Bicycle,2017,10,8,12,45,5XX W 12TH AVE,Fairview,491525.979,5456417.3884
Theft of Bicycle,2017,10,17,17,33,5XX W 12TH AVE,Fairview,491525.979,5456417.3884
Theft of Bicycle,2017,11,11,19,0,5XX W 12TH AVE,Fairview,491525.979,5456417.3884
Theft of Bicycle,2017,3,17,13,37,5XX W 13TH AVE,Fairview,491488.8692,5456312.817
Theft of Bicycle,2017,8,21,12,0,5XX W 13TH AVE,Fairview,491585.4569,5456309.9349
Theft of Bicycle,2017,7,13,22,0,5XX W 19TH AVE,South Cambie,491496.1175,5455720.4006
Theft of Bicycle,2017,9,1,17,0,5XX W 6TH AVE,Fairview,491546.1254,5457007.0592
Theft of Bicycle,2017,9,12,0,10,5XX W 7TH AVE,Fairview,491510.8135,5456917.3491
Theft of Bicycle,2017,9,7,22,30,5XX W 7TH AVE,Fairview,491569.2273,5456915.778
Theft of Bicycle,2017,9,10,8,0,5XX W 7TH AVE,Fairview,491569.2273,5456915.778
Theft of Bicycle,2017,8,23,8,30,5XX W 8TH AVE,Fairview,491465.9545,5456834.5168
Theft of Bicycle,2017,4,16,12,0,5XX W 8TH AVE,Fairview,491621.2791,5456819.6521
Theft of Bicycle,2017,8,25,16,15,5XX W 8TH AVE,Fairview,491639.0932,5456813.8108
Theft of Bicycle,2017,9,14,15,0,5XX W BROADWAY AVE,Fairview,491596.6627,5456728.0631
Theft of Bicycle,2017,7,21,18,50,5XX W BROADWAY AVE,Fairview,491632.6411,5456717.9633
Theft of Bicycle,2017,6,8,20,19,5XX W GEORGIA ST,Central Business District,491538.4024,5458728.6564
Theft of Bicycle,2017,8,15,12,0,5XX W GEORGIA ST,Central Business District,491545.1308,5458721.9848
Theft of Bicycle,2017,9,29,8,30,5XX W HASTINGS ST,Central Business District,491803.3216,5459090.4113
Theft of Bicycle,2017,9,20,17,59,5XX W HASTINGS ST,Central Business District,491826.9425,5459079.6858
Theft of Bicycle,2017,2,6,15,54,5XX W HASTINGS ST,Central Business District,491853.3244,5459053.2481
Theft of Bicycle,2017,7,17,19,30,5XX W HASTINGS ST,Central Business District,491853.3244,5459053.2482
Theft of Bicycle,2017,8,24,9,0,5XX W HASTINGS ST,Central Business District,491853.3244,5459053.2482
Theft of Bicycle,2017,10,5,18,30,5XX W HASTINGS ST,Central Business District,491853.3244,5459053.2482
Theft of Bicycle,2017,6,28,9,0,5XX W HASTINGS ST,Central Business District,491856.0854,5459037.536
Theft of Bicycle,2017,9,13,9,30,5XX W HASTINGS ST,Central Business District,491856.0854,5459037.536
Theft of Bicycle,2017,8,25,10,0,5XX W KING EDWARD AVE,South Cambie,491566.5883,5455130.5212
Theft of Bicycle,2017,8,9,18,30,5XX W PENDER ST,Central Business District,491786.4885,5458967.4663
Theft of Bicycle,2017,8,11,21,42,5XX W PENDER ST,Central Business District,491786.4885,5458967.4663
Theft of Bicycle,2017,9,29,9,0,60XX FRASER ST,Sunset,493406.5421,5452954.1194
Theft of Bicycle,2017,3,20,14,20,60XX FRASER ST,Sunset,493406.7474,5452960.0705
Theft of Bicycle,2017,6,30,9,30,60XX ROSS ST,Sunset,493986.5604,5452939.4083
Theft of Bicycle,2017,6,20,19,1,60XX WEST BLVD,Kerrisdale,488660.113,5453166.2802
Theft of Bicycle,2017,12,29,15,25,61XX TISDALL ST,Oakridge,491137.254,5453018.3311
Theft of Bicycle,2017,9,26,23,30,61XX TISDALL ST,Oakridge,491144.9996,5452961.3331
Theft of Bicycle,2017,11,15,0,0,61XX WILLOW ST,Oakridge,491020.4003,5453001.2025
Theft of Bicycle,2017,6,17,11,4,62XX VIVIAN ST,Victoria-Fraserview,496338.8666,5452683.2741
Theft of Bicycle,2017,8,13,22,30,63XX CAMBIE ST,Oakridge,491504.8658,5452715.5801
Theft of Bicycle,2017,9,5,20,30,63XX TYNE ST,Killarney,497650.3674,5452592.3018
Theft of Bicycle,2017,9,8,15,0,64XX CAMBIE ST,Oakridge,491531.247,5452605.5356
Theft of Bicycle,2017,10,14,18,0,64XX COLLINGWOOD ST,Kerrisdale,486742.0031,5452773.3779
Theft of Bicycle,2017,6,15,20,0,64XX ELM ST,Kerrisdale,488032.9673,5452800.5574
Theft of Bicycle,2017,12,31,22,0,65XX CHAMBORD PL,Killarney,498115.7668,5452422.8013
Theft of Bicycle,2017,5,6,1,0,65XX RALEIGH ST,Killarney,496554.6997,5452358.6063
Theft of Bicycle,2017,11,22,7,0,66XX ASH ST,Oakridge,491403.3805,5452466.7875
Theft of Bicycle,2017,12,15,18,12,66XX CAMBIE ST,Oakridge,491497.8827,5452456.2755
Theft of Bicycle,2017,7,10,7,13,66XX TUAM PL,Killarney,498031.9081,5452274.7002
Theft of Bicycle,2017,11,5,17,3,69XX DAWSON ST,Killarney,496425.6568,5451944.4881
Theft of Bicycle,2017,7,29,12,0,69XX DUMFRIES ST,Victoria-Fraserview,494557.0903,5452072.4564
Theft of Bicycle,2017,9,11,8,0,69XX VICTORIA DR,Victoria-Fraserview,495208.147,5452048.7733
Theft of Bicycle,2017,5,20,22,50,6X SMITHE ST,Central Business District,491637.659,5458137.9144
Theft of Bicycle,2017,6,26,22,0,6X SMITHE ST,Central Business District,491637.659,5458137.9144
Theft of Bicycle,2017,7,2,16,50,6X SMITHE ST,Central Business District,491637.659,5458137.9144
Theft of Bicycle,2017,7,4,14,0,6X W CORDOVA ST,Central Business District,492299.8946,5458898.3505
Theft of Bicycle,2017,7,31,20,26,6X W CORDOVA ST,Central Business District,492299.8946,5458898.3505
Theft of Bicycle,2017,4,23,0,1,6XX ABBOTT ST,Central Business District,492175.5702,5458452.6432
Theft of Bicycle,2017,7,15,22,0,6XX ABBOTT ST,Central Business District,492175.5894,5458454.9149
Theft of Bicycle,2017,7,6,17,0,6XX ABBOTT ST,Central Business District,492176.4182,5458552.5976
Theft of Bicycle,2017,8,23,15,23,6XX ALEXANDER ST,Strathcona,493359.6386,5459029.7829
Theft of Bicycle,2017,10,3,11,20,6XX BEATTY ST,Central Business District,491844.7214,5458448.4166
Theft of Bicycle,2017,7,25,20,0,6XX BURRARD ST,Central Business District,491291.2754,5459190.58
Theft of Bicycle,2017,9,29,9,30,6XX BURRARD ST,Central Business District,491291.2754,5459190.58
Theft of Bicycle,2017,7,28,10,30,6XX CAMBIE ST,Central Business District,491821.6156,5458582.7287
Theft of Bicycle,2017,11,1,9,0,6XX CITADEL PRDE,Central Business District,491918.4625,5458447.7233
Theft of Bicycle,2017,7,18,8,50,6XX DAVIE ST,Central Business District,490841.3384,5458260.6145
Theft of Bicycle,2017,8,29,15,20,6XX DAVIE ST,Central Business District,490841.3384,5458260.6145
Theft of Bicycle,2017,9,14,19,50,6XX DENMAN ST,West End,490237.3376,5459962.9433
Theft of Bicycle,2017,9,16,20,0,6XX DUNSMUIR ST,Central Business District,491603.2,5458918.828
Theft of Bicycle,2017,9,23,22,45,6XX DUNSMUIR ST,Central Business District,491605.4096,5458929.5405
Theft of Bicycle,2017,10,6,21,0,6XX E 10TH AVE,Mount Pleasant,493460.3303,5456528.2759
Theft of Bicycle,2017,1,14,21,0,6XX E 7TH AVE,Mount Pleasant,493401.7309,5456841.562
Theft of Bicycle,2017,1,17,12,0,6XX E 7TH AVE,Mount Pleasant,493442.5004,5456841.1333
Theft of Bicycle,2017,9,14,5,3,6XX E HASTINGS ST,Strathcona,493351.7101,5458715.1683
Theft of Bicycle,2017,7,16,8,51,6XX E HASTINGS ST,Strathcona,493351.9542,5458724.3091
Theft of Bicycle,2017,7,21,21,0,6XX E HASTINGS ST,Strathcona,493351.9542,5458724.3091
Theft of Bicycle,2017,6,7,7,58,6XX EXPO BLVD,Central Business District,492087.6904,5458440.4284
Theft of Bicycle,2017,8,30,12,30,6XX EXPO BLVD,Central Business District,492087.6904,5458440.4284
Theft of Bicycle,2017,9,3,0,2,6XX EXPO BLVD,Central Business District,492087.6904,5458440.4284
Theft of Bicycle,2017,9,18,12,45,6XX GRANVILLE ST,Central Business District,491518.7559,5458982.7543
Theft of Bicycle,2017,6,22,11,30,6XX GRANVILLE ST,Central Business District,491535.0184,5458986.1559
Theft of Bicycle,2017,8,2,19,30,6XX GRANVILLE ST,Central Business District,491535.0184,5458986.1559
Theft of Bicycle,2017,8,21,10,0,6XX GRANVILLE ST,Central Business District,491535.0184,5458986.1559
Theft of Bicycle,2017,9,23,12,0,6XX GRANVILLE ST,Central Business District,491535.0184,5458986.1559
Theft of Bicycle,2017,9,11,15,55,6XX HELMCKEN ST,Central Business District,491005.4732,5458325.8931
Theft of Bicycle,2017,3,17,20,0,6XX JACKSON AVE,Strathcona,493201.5626,5458455.4208
Theft of Bicycle,2017,9,3,10,0,6XX KEEFER ST,Strathcona,493344.3704,5458507.7023
Theft of Bicycle,2017,8,4,20,0,6XX MAIN ST,Strathcona,492750.33,5458526.9029
Theft of Bicycle,2017,8,20,15,30,6XX PIPELINE RD,Stanley Park,490125.8751,5460848.1903
Theft of Bicycle,2017,7,28,9,55,6XX PRINCESS AVE,Strathcona,493344.8706,5458510.781
Theft of Bicycle,2017,7,18,23,1,6XX QUEBEC ST,Central Business District,492575.0648,5458503.4569
Theft of Bicycle,2017,6,1,12,15,6XX RICHARDS ST,Central Business District,491675.3442,5458845.2428
Theft of Bicycle,2017,9,29,19,0,6XX SALSBURY DR,Grandview-Woodland,495025.2377,5458488.4761
Theft of Bicycle,2017,4,15,8,0,6XX SE MARINE DR,Sunset,493216.0007,5450929.1811
Theft of Bicycle,2017,10,13,15,0,6XX SEYMOUR ST,Central Business District,491609.751,5458916.7392
Theft of Bicycle,2017,5,4,20,38,6XX STAMPS LAND,Fairview,491399.9928,5457344.4715
Theft of Bicycle,2017,5,17,19,0,6XX STAMPS LAND,Fairview,491399.9928,5457344.4715
Theft of Bicycle,2017,5,27,19,0,6XX STAMPS LAND,Fairview,491399.9928,5457344.4715
Theft of Bicycle,2017,6,4,23,30,6XX STAMPS LAND,Fairview,491399.9928,5457344.4715
Theft of Bicycle,2017,6,30,20,30,6XX STAMPS LAND,Fairview,491399.9928,5457344.4715
Theft of Bicycle,2017,8,19,17,30,6XX STAMPS LAND,Fairview,491399.9928,5457344.4715
Theft of Bicycle,2017,4,24,20,0,6XX STAMPS LAND,Fairview,491400.2536,5457335.3312
Theft of Bicycle,2017,5,4,17,30,6XX STAMPS LAND,Fairview,491400.2536,5457335.3312
Theft of Bicycle,2017,5,27,22,0,6XX STAMPS LAND,Fairview,491400.2536,5457335.3312
Theft of Bicycle,2017,6,4,15,0,6XX STAMPS LAND,Fairview,491400.2536,5457335.3312
Theft of Bicycle,2017,6,21,21,7,6XX STAMPS LAND,Fairview,491400.2536,5457335.3312
Theft of Bicycle,2017,6,30,18,30,6XX STAMPS LAND,Fairview,491400.2536,5457335.3312
Theft of Bicycle,2017,7,3,18,30,6XX STAMPS LAND,Fairview,491400.2536,5457335.3312
Theft of Bicycle,2017,7,6,20,30,6XX STAMPS LAND,Fairview,491400.2536,5457335.3312
Theft of Bicycle,2017,7,7,16,30,6XX STAMPS LAND,Fairview,491400.2536,5457335.3312
Theft of Bicycle,2017,7,14,18,0,6XX STAMPS LAND,Fairview,491400.2536,5457335.3312
Theft of Bicycle,2017,10,9,14,0,6XX STAMPS LAND,Fairview,491400.2536,5457335.3312
Theft of Bicycle,2017,7,30,22,38,6XX STAMPS LAND,Fairview,491400.533,5457344.4868
Theft of Bicycle,2017,4,23,16,30,6XX STAMPS LAND,Fairview,491415.4494,5457339.4571
Theft of Bicycle,2017,5,6,15,0,6XX STAMPS LAND,Fairview,491415.4494,5457339.4571
Theft of Bicycle,2017,6,10,17,0,6XX STAMPS LAND,Fairview,491415.4494,5457339.4571
Theft of Bicycle,2017,6,11,15,30,6XX STAMPS LAND,Fairview,491415.4494,5457339.4571
Theft of Bicycle,2017,7,15,20,0,6XX STAMPS LAND,Fairview,491415.4494,5457339.4571
Theft of Bicycle,2017,6,23,14,55,6XX W 10TH AVE,Fairview,491440.5616,5456615.2054
Theft of Bicycle,2017,10,2,14,0,6XX W 10TH AVE,Fairview,491440.5616,5456615.2054
Theft of Bicycle,2017,10,11,12,0,6XX W 17TH AVE,South Cambie,491264.7028,5455937.7447
Theft of Bicycle,2017,10,28,23,30,6XX W 20TH AVE,South Cambie,491365.323,5455624.4778
Theft of Bicycle,2017,2,23,16,30,6XX W 41ST AVE,Oakridge,491253.1721,5453429.8565
Theft of Bicycle,2017,6,16,20,45,6XX W 41ST AVE,Oakridge,491253.1721,5453429.8565
Theft of Bicycle,2017,6,20,18,14,6XX W 41ST AVE,Oakridge,491253.1721,5453429.8565
Theft of Bicycle,2017,9,23,12,0,6XX W 41ST AVE,Oakridge,491253.1721,5453429.8565
Theft of Bicycle,2017,10,9,17,0,6XX W 41ST AVE,Oakridge,491253.1721,5453429.8565
Theft of Bicycle,2017,10,13,9,0,6XX W 41ST AVE,Oakridge,491253.1721,5453429.8565
Theft of Bicycle,2017,10,6,18,0,6XX W 49TH AVE,Oakridge,491303.0822,5452603.262
Theft of Bicycle,2017,6,17,0,0,6XX W 6TH AVE,Fairview,491326.7824,5457013.8448
Theft of Bicycle,2017,6,14,10,0,6XX W 6TH AVE,Fairview,491340.0064,5457013.6763
Theft of Bicycle,2017,3,4,0,0,6XX W 71ST AVE,Marpole,491180.1728,5450515.2174
Theft of Bicycle,2017,5,1,8,10,6XX W BROADWAY AVE,Fairview,491444.2989,5456722.9692
Theft of Bicycle,2017,5,18,16,20,6XX W BROADWAY AVE,Fairview,491444.5744,5456732.1091
Theft of Bicycle,2017,7,24,10,0,6XX W CORDOVA ST,Central Business District,491860.3153,5459179.8769
Theft of Bicycle,2017,7,26,13,58,6XX W CORDOVA ST,Central Business District,491860.3153,5459179.8769
Theft of Bicycle,2017,8,5,18,28,6XX W CORDOVA ST,Central Business District,491860.3153,5459179.8769
Theft of Bicycle,2017,4,6,21,0,6XX W CORDOVA ST,Central Business District,491866.7009,5459186.4219
Theft of Bicycle,2017,6,14,20,45,6XX W CORDOVA ST,Central Business District,491866.7009,5459186.4219
Theft of Bicycle,2017,6,20,22,37,6XX W CORDOVA ST,Central Business District,491866.7009,5459186.4219
Theft of Bicycle,2017,7,6,17,0,6XX W CORDOVA ST,Central Business District,491866.7009,5459186.4219
Theft of Bicycle,2017,9,11,18,20,6XX W CORDOVA ST,Central Business District,491866.7009,5459186.4219
Theft of Bicycle,2017,12,11,14,40,6XX W GEORGIA ST,Central Business District,491439.7827,5458826.841
Theft of Bicycle,2017,6,30,13,13,6XX W GEORGIA ST,Central Business District,491477.174,5458789.3651
Theft of Bicycle,2017,7,16,12,0,6XX W GEORGIA ST,Central Business District,491477.174,5458789.3651
Theft of Bicycle,2017,7,28,8,0,70XX HEATHER ST,Oakridge,490982.9388,5452030.6612
Theft of Bicycle,2017,4,28,1,0,70XX WALES ST,Victoria-Fraserview,496162.2755,5451887.6627
Theft of Bicycle,2017,11,23,20,30,71XX CHAMPLAIN CRES,Killarney,497646.2451,5451797.7503
Theft of Bicycle,2017,6,21,18,0,71XX KILLARNEY ST,Killarney,496693.2612,5451793.0464
Theft of Bicycle,2017,9,22,9,0,71XX NEAL ST,Oakridge,491102.9371,5451943.1572
Theft of Bicycle,2017,5,1,2,0,72XX BLAKE ST,Killarney,497874.0301,5451680.1703
Theft of Bicycle,2017,7,1,19,32,74XX STANLEY PARK DR,Stanley Park,488646.928,5460991.5874
Theft of Bicycle,2017,7,11,18,0,74XX STANLEY PARK DR,Stanley Park,488646.928,5460991.5874
Theft of Bicycle,2017,7,11,21,47,74XX STANLEY PARK DR,Stanley Park,488648.6935,5460991.8411
Theft of Bicycle,2017,1,23,11,55,75XX STANLEY PARK DR,Stanley Park,488626.0377,5460984.242
Theft of Bicycle,2017,8,6,1,0,75XX STANLEY PARK DR,Stanley Park,488627.398,5460985.7478
Theft of Bicycle,2017,7,16,23,30,78XX JASPER CRES,Victoria-Fraserview,495004.8826,5451155.8955
Theft of Bicycle,2017,4,24,15,0,79XX GRANVILLE ST,Marpole,489772.5489,5451179.2196
Theft of Bicycle,2017,7,21,16,8,79XX GRANVILLE ST,Marpole,489772.5489,5451179.2196
Theft of Bicycle,2017,8,2,17,0,7X E 17TH AVE,Riley Park,492456.701,5455893.0258
Theft of Bicycle,2017,1,30,19,23,7X E 21ST AVE,Riley Park,492479.121,5455452.6455
Theft of Bicycle,2017,9,29,14,0,7X W 2ND AVE,Mount Pleasant,492283.0167,5457399.7581
Theft of Bicycle,2017,11,10,14,26,7X W HASTINGS ST,Central Business District,492256.9786,5458791.146
Theft of Bicycle,2017,3,16,15,0,7X WALTER HARDWICK AVE,Mount Pleasant,492288.7362,5457582.7834
Theft of Bicycle,2017,6,2,7,0,7X WALTER HARDWICK AVE,Mount Pleasant,492288.7362,5457582.7834
Theft of Bicycle,2017,7,29,20,46,7XX BEATTY ST,Central Business District,491741.5615,5458358.1736
Theft of Bicycle,2017,3,3,0,0,7XX BROUGHTON ST,West End,490625.1157,5459548.5542
Theft of Bicycle,2017,6,26,12,45,7XX BURRARD ST,Central Business District,491117.4327,5458996.1484
Theft of Bicycle,2017,7,21,10,0,7XX CAMBIE ST,Central Business District,491664.0423,5458409.5524
Theft of Bicycle,2017,11,19,18,0,7XX CAMPBELL AVE,Strathcona,493817.934,5458365.0956
Theft of Bicycle,2017,9,6,18,0,7XX CARDERO ST,West End,490397.7095,5459662.6263
Theft of Bicycle,2017,11,10,2,30,7XX DENMAN ST,West End,490164.5582,5459890.1082
Theft of Bicycle,2017,9,25,8,0,7XX DENMAN ST,West End,490228.2862,5459941.3993
Theft of Bicycle,2017,5,26,21,23,7XX DUNSMUIR ST,Central Business District,491531.2005,5458991.1556
Theft of Bicycle,2017,10,1,14,0,7XX DUNSMUIR ST,Central Business District,491531.2005,5458991.1556
Theft of Bicycle,2017,3,1,0,0,7XX E 10TH AVE,Mount Pleasant,493618.8454,5456525.7437
Theft of Bicycle,2017,8,19,11,0,7XX E 17TH AVE,Kensington-Cedar Cottage,493475.5683,5455861.7007
Theft of Bicycle,2017,6,26,20,0,7XX E 40TH AVE,Kensington-Cedar Cottage,493599.9403,5453446.2758
Theft of Bicycle,2017,5,12,17,30,7XX E 6TH AVE,Mount Pleasant,493536.328,5456938.9669
Theft of Bicycle,2017,5,29,18,30,7XX E 6TH AVE,Mount Pleasant,493536.328,5456938.9669
Theft of Bicycle,2017,4,15,0,15,7XX E 6TH AVE,Mount Pleasant,493536.4707,5456948.1098
Theft of Bicycle,2017,6,29,21,0,7XX E BROADWAY AVE,Mount Pleasant,493576.1734,5456643.0714
Theft of Bicycle,2017,8,31,21,0,7XX E PENDER ST,Strathcona,493552.9356,5458602.9782
Theft of Bicycle,2017,9,14,7,0,7XX GRANVILLE ST,Central Business District,491365.5518,5458815.5167
Theft of Bicycle,2017,11,14,12,30,7XX GRANVILLE ST,Central Business District,491365.5518,5458815.5167
Theft of Bicycle,2017,1,2,16,30,7XX GRANVILLE ST,Central Business District,491371.9005,5458834.8757
Theft of Bicycle,2017,8,25,9,0,7XX GRANVILLE ST,Central Business District,491407.7996,5458858.0224
Theft of Bicycle,2017,11,16,11,0,7XX GRANVILLE ST,Central Business District,491407.7996,5458858.0224
Theft of Bicycle,2017,9,1,12,31,7XX HAMILTON ST,Central Business District,491595.323,5458495.3119
Theft of Bicycle,2017,6,9,20,30,7XX HOMER ST,Central Business District,491525.0727,5458563.5625
Theft of Bicycle,2017,8,6,10,0,7XX HOMER ST,Central Business District,491525.0727,5458563.5625
Theft of Bicycle,2017,9,30,12,30,7XX HORNBY ST,Central Business District,491265.7192,5459000.4383
Theft of Bicycle,2017,6,11,0,0,7XX JACKSON AVE,Strathcona,493190.5117,5458391.3093
Theft of Bicycle,2017,10,29,16,0,7XX JERVIS ST,West End,490665.6613,5459376.0485
Theft of Bicycle,2017,6,1,13,6,7XX MAIN ST,Strathcona,492747.721,5458426.6466
Theft of Bicycle,2017,6,27,14,0,7XX MALKIN AVE,Strathcona,493595.9908,5458007.2799
Theft of Bicycle,2017,6,27,19,0,7XX MALKIN AVE,Strathcona,493595.9908,5458007.2799
Theft of Bicycle,2017,7,27,20,24,7XX MILLYARD ST,Fairview,491218.3292,5457113.9614
Theft of Bicycle,2017,1,2,12,38,7XX MILLYARD ST,Fairview,491224.0966,5457131.7551
Theft of Bicycle,2017,1,1,12,0,7XX NICOLA ST,West End,490473.2674,5459568.327
Theft of Bicycle,2017,8,30,19,29,7XX PACIFIC BLVD,Central Business District,491970.8693,5458157.5031
Theft of Bicycle,2017,8,31,12,0,7XX PACIFIC BLVD,Central Business District,491970.8693,5458157.5031
Theft of Bicycle,2017,1,28,8,50,7XX PACIFIC BLVD,Central Business District,492008.4222,5458175.6527
Theft of Bicycle,2017,2,13,15,0,7XX PACIFIC BLVD,Central Business District,492008.4222,5458175.6527
Theft of Bicycle,2017,5,13,13,4,7XX PACIFIC BLVD,Central Business District,492008.4222,5458175.6527
Theft of Bicycle,2017,5,21,20,30,7XX PACIFIC BLVD,Central Business District,492008.4222,5458175.6527
Theft of Bicycle,2017,5,28,8,30,7XX PACIFIC BLVD,Central Business District,492008.4222,5458175.6527
Theft of Bicycle,2017,6,23,23,24,7XX PACIFIC BLVD,Central Business District,492008.4222,5458175.6527
Theft of Bicycle,2017,7,30,2,20,7XX PACIFIC BLVD,Central Business District,492008.4222,5458175.6527
Theft of Bicycle,2017,8,4,15,0,7XX PACIFIC BLVD,Central Business District,492008.4222,5458175.6527
Theft of Bicycle,2017,8,20,18,0,7XX PACIFIC BLVD,Central Business District,492008.4222,5458175.6527
Theft of Bicycle,2017,9,14,17,7,7XX PACIFIC BLVD,Central Business District,492008.4222,5458175.6527
Theft of Bicycle,2017,9,15,8,41,7XX PACIFIC BLVD,Central Business District,492008.4222,5458175.6527
Theft of Bicycle,2017,9,24,13,30,7XX PACIFIC BLVD,Central Business District,492008.4222,5458175.6527
Theft of Bicycle,2017,5,4,21,25,7XX PACIFIC BLVD,Central Business District,492069.7024,5458224.3254
Theft of Bicycle,2017,9,26,8,15,7XX PACIFIC BLVD,Central Business District,492069.7024,5458224.3254
Theft of Bicycle,2017,9,19,11,0,7XX RICHARDS ST,Central Business District,491548.989,5458717.2612
Theft of Bicycle,2017,9,16,19,45,7XX ROBSON ST,Central Business District,491215.7446,5458816.612
Theft of Bicycle,2017,7,25,0,0,7XX SALSBURY DR,Grandview-Woodland,495024.0556,5458338.2669
Theft of Bicycle,2017,1,25,8,30,7XX TEMPLETON DR,Grandview-Woodland,495645.2791,5458368.444
Theft of Bicycle,2017,6,21,8,30,7XX TEMPLETON DR,Grandview-Woodland,495645.2791,5458368.444
Theft of Bicycle,2017,11,29,8,30,7XX TEMPLETON DR,Grandview-Woodland,495645.2791,5458368.444
Theft of Bicycle,2017,6,27,7,0,7XX TEMPLETON DR,Grandview-Woodland,495654.6089,5458390.4856
Theft of Bicycle,2017,12,9,17,0,7XX THURLOW ST,West End,490937.9534,5459112.7056
Theft of Bicycle,2017,4,8,20,0,7XX UNION ST,Strathcona,493501.9041,5458301.5496
Theft of Bicycle,2017,7,4,1,0,7XX W 16TH AVE,South Cambie,491173.6021,5456029.5261
Theft of Bicycle,2017,9,21,13,0,7XX W 16TH AVE,Fairview,491215.3909,5456037.0896
Theft of Bicycle,2017,12,1,17,0,7XX W 17TH AVE,South Cambie,491156.4015,5455932.5768
Theft of Bicycle,2017,5,12,7,0,7XX W 24TH AVE,South Cambie,491217.7382,5455260.0152
Theft of Bicycle,2017,6,30,7,5,7XX W 24TH AVE,South Cambie,491228.5396,5455259.7035
Theft of Bicycle,2017,4,18,11,23,7XX W 27TH AVE,South Cambie,491136.5663,5454940.6408
Theft of Bicycle,2017,4,2,9,35,7XX W 64TH AVE,Marpole,491205.335,5451065.435
Theft of Bicycle,2017,8,6,18,0,7XX W 8TH AVE,Fairview,491255.8333,5456839.955
Theft of Bicycle,2017,8,9,15,57,7XX W BROADWAY AVE,Fairview,491213.7034,5456738.3978
Theft of Bicycle,2017,8,25,15,0,7XX W GEORGIA ST,Central Business District,491402.7991,5458863.8718
Theft of Bicycle,2017,6,23,6,50,7XX W HASTINGS ST,Central Business District,491715.263,5459178.6216
Theft of Bicycle,2017,7,21,15,45,7XX W PENDER ST,Central Business District,491607.7847,5459138.4593
Theft of Bicycle,2017,7,17,12,1,7XX W PENDER ST,Central Business District,491643.4738,5459104.1741
Theft of Bicycle,2017,9,21,20,0,80XX CARTIER ST,Marpole,489969.4748,5451126.3874
Theft of Bicycle,2017,2,26,20,0,80XX NUNAVUT LANE,Marpole,491533.0581,5451029.4574
Theft of Bicycle,2017,4,17,1,0,81XX CAMBIE ST,Marpole,491457.3456,5450905.7843
Theft of Bicycle,2017,8,1,18,0,81XX NUNAVUT LANE,Marpole,491530.8191,5450939.1497
Theft of Bicycle,2017,7,14,20,0,85XX CARTIER ST,Marpole,489965.4547,5450668.2036
Theft of Bicycle,2017,5,30,9,59,85XX CORNISH ST,Marpole,489651.0626,5450663.8824
Theft of Bicycle,2017,7,1,19,0,85XX STANLEY PARK DR,Stanley Park,489093.8494,5460345.8273
Theft of Bicycle,2017,7,8,16,37,85XX STANLEY PARK DR,Stanley Park,489093.8494,5460345.8273
Theft of Bicycle,2017,7,16,18,29,85XX STANLEY PARK DR,Stanley Park,489093.8494,5460345.8273
Theft of Bicycle,2017,7,29,17,30,85XX STANLEY PARK DR,Stanley Park,489093.8494,5460345.8273
Theft of Bicycle,2017,9,2,15,0,85XX STANLEY PARK DR,Stanley Park,489093.8494,5460345.8273
Theft of Bicycle,2017,1,7,20,0,86XX SHAUGHNESSY ST,Marpole,490617.6994,5450564.5735
Theft of Bicycle,2017,7,16,6,0,87XX LAUREL ST,Marpole,490803.4388,5450418.6711
Theft of Bicycle,2017,6,16,19,0,87XX OSLER ST,Marpole,490402.8086,5450444.9574
Theft of Bicycle,2017,5,30,9,30,87XX SW MARINE DR,Marpole,489641.0838,5450444.7442
Theft of Bicycle,2017,8,2,18,30,8X EXPO BLVD,Central Business District,492283.9607,5458374.5952
Theft of Bicycle,2017,7,8,15,0,8X PACIFIC BLVD,Central Business District,492266.4699,5458261.6836
Theft of Bicycle,2017,9,16,22,0,8X PACIFIC BLVD,Central Business District,492266.4699,5458261.6836
Theft of Bicycle,2017,10,12,13,55,8X PACIFIC BLVD,Central Business District,492266.4699,5458261.6836
Theft of Bicycle,2017,11,17,16,30,8X PACIFIC BLVD,Central Business District,492266.4699,5458261.6836
Theft of Bicycle,2017,12,8,19,7,8X PACIFIC BLVD,Central Business District,492266.4699,5458261.6836
Theft of Bicycle,2017,8,4,14,0,8X W 18TH AVE,Riley Park,492228.0472,5455771.1477
Theft of Bicycle,2017,9,14,17,30,8X W 1ST AVE,Mount Pleasant,492272.5777,5457513.4638
Theft of Bicycle,2017,10,5,18,30,8X W 1ST AVE,Mount Pleasant,492272.5777,5457513.4638
Theft of Bicycle,2017,6,2,22,20,8X W 1ST AVE,Mount Pleasant,492272.5777,5457513.4638
Theft of Bicycle,2017,6,23,18,45,8X W 1ST AVE,Mount Pleasant,492272.5777,5457513.4638
Theft of Bicycle,2017,7,26,22,0,8X W 38TH AVE,Riley Park,492169.5229,5453746.6486
Theft of Bicycle,2017,7,4,20,0,8X W GEORGIA ST,Central Business District,492064.8293,5458267.5594
Theft of Bicycle,2017,7,21,23,0,8X W PENDER ST,Central Business District,492206.8702,5458693.4618
Theft of Bicycle,2017,8,1,18,0,8X W PENDER ST,Central Business District,492206.8702,5458693.4618
Theft of Bicycle,2017,9,12,18,30,8X W PENDER ST,Central Business District,492206.8702,5458693.4618
Theft of Bicycle,2017,10,20,18,50,8X W PENDER ST,Central Business District,492206.8702,5458693.4618
Theft of Bicycle,2017,2,12,19,30,8X W PENDER ST,Central Business District,492206.8702,5458693.4618
Theft of Bicycle,2017,2,24,15,45,8X W PENDER ST,Central Business District,492206.8702,5458693.4618
Theft of Bicycle,2017,3,23,18,30,8X W PENDER ST,Central Business District,492206.8702,5458693.4618
Theft of Bicycle,2017,4,5,12,30,8X W PENDER ST,Central Business District,492206.8702,5458693.4618
Theft of Bicycle,2017,5,4,17,0,8X W PENDER ST,Central Business District,492206.8702,5458693.4618
Theft of Bicycle,2017,6,25,15,0,8XX AVISON WAY,Stanley Park,490531.2051,5460907.1265
Theft of Bicycle,2017,7,2,10,0,8XX AVISON WAY,Stanley Park,490531.2051,5460907.1265
Theft of Bicycle,2017,10,15,12,0,8XX AVISON WAY,Stanley Park,490531.2051,5460907.1265
Theft of Bicycle,2017,9,20,18,30,8XX BEATTY ST,Central Business District,491663.5479,5458280.4556
Theft of Bicycle,2017,4,13,17,18,8XX BURRARD ST,West End,491011.453,5458904.2617
Theft of Bicycle,2017,7,10,15,47,8XX BURRARD ST,West End,491011.453,5458904.2617
Theft of Bicycle,2017,6,7,17,7,8XX BURRARD ST,Central Business District,491070.8735,5458950.4669
Theft of Bicycle,2017,8,29,18,34,8XX BURRARD ST,Central Business District,491070.8735,5458950.4669
Theft of Bicycle,2017,5,4,18,0,8XX CARDERO ST,West End,490351.8004,5459604.0042
Theft of Bicycle,2017,7,17,15,0,8XX CARDERO ST,West End,490359.1642,5459611.0523
Theft of Bicycle,2017,1,22,16,0,8XX CASSIAR ST,Hastings-Sunrise,497769.7536,5458233.7137
Theft of Bicycle,2017,4,26,11,42,8XX CASSIAR ST,Hastings-Sunrise,497769.7536,5458233.7137
Theft of Bicycle,2017,11,10,2,0,8XX DAVIE ST,Central Business District,490714.4899,5458386.2592
Theft of Bicycle,2017,9,8,21,0,8XX DAVIE ST,Central Business District,490744.2316,5458344.193
Theft of Bicycle,2017,8,15,20,30,8XX DRAKE ST,Central Business District,490628.2456,5458227.8681
Theft of Bicycle,2017,5,23,12,0,8XX DUNSMUIR ST,Central Business District,491407.2384,5459126.8839
Theft of Bicycle,2017,6,30,14,19,8XX E 14TH AVE,Mount Pleasant,493748.5569,5456122.592
Theft of Bicycle,2017,5,17,18,0,8XX E 23RD AVE,Kensington-Cedar Cottage,493686.67,5455253.4012
Theft of Bicycle,2017,5,25,18,0,8XX E 6TH AVE,Mount Pleasant,493719.4658,5456936.7725
Theft of Bicycle,2017,4,24,19,15,8XX E HASTINGS ST,Strathcona,493821.0592,5458707.2403
Theft of Bicycle,2017,9,2,21,0,8XX E HASTINGS ST,Strathcona,493821.0592,5458707.2403
Theft of Bicycle,2017,3,24,17,0,8XX GILFORD ST,West End,490025.8325,5459961.3942
Theft of Bicycle,2017,6,14,21,0,8XX GRANVILLE ST,Central Business District,491257.1342,5458719.3744
Theft of Bicycle,2017,8,16,15,30,8XX GRANVILLE ST,Central Business District,491285.6749,5458735.1475
Theft of Bicycle,2017,8,23,14,50,8XX GREAT NORTHERN WAY,Strathcona,493811.5021,5457026.5273
Theft of Bicycle,2017,9,29,22,0,8XX GRIFFITHS WAY,Central Business District,492026.4501,5458303.3812
Theft of Bicycle,2017,9,30,18,30,8XX GRIFFITHS WAY,Central Business District,492026.4501,5458303.3812
Theft of Bicycle,2017,10,4,16,0,8XX HAMILTON ST,Central Business District,491470.4846,5458354.6744
Theft of Bicycle,2017,8,29,11,10,8XX HAWKS AVE,Strathcona,493654.6794,5458295.2831
Theft of Bicycle,2017,12,7,14,0,8XX HAWKS AVE,Strathcona,493654.7667,5458298.0341
Theft of Bicycle,2017,8,4,16,33,8XX HEATLEY AVE,Strathcona,493479.7433,5458285.9532
Theft of Bicycle,2017,3,29,21,0,8XX HOMER ST,Central Business District,491402.38,5458427.1507
Theft of Bicycle,2017,7,11,13,0,8XX HOMER ST,Central Business District,491433.0262,5458458.0175
Theft of Bicycle,2017,1,24,18,0,8XX HOMER ST,Central Business District,491433.1043,5458471.0744
Theft of Bicycle,2017,6,6,9,0,8XX HOMER ST,Central Business District,491433.1043,5458471.0744
Theft of Bicycle,2017,6,21,23,0,8XX HOMER ST,Central Business District,491457.1834,5458495.3268
Theft of Bicycle,2017,6,12,19,28,8XX HOMER ST,Central Business District,491465.9394,5458504.1459
Theft of Bicycle,2017,6,3,6,0,8XX HOMER ST,Central Business District,491474.6174,5458499.9081
Theft of Bicycle,2017,9,21,14,10,8XX HOMER ST,Central Business District,491498.6965,5458524.1606
Theft of Bicycle,2017,1,14,16,0,8XX HORNBY ST,Central Business District,491142.0092,5458874.6606
Theft of Bicycle,2017,9,9,23,0,8XX HORNBY ST,Central Business District,491144.3589,5458877.0343
Theft of Bicycle,2017,9,18,9,0,8XX HORNBY ST,Central Business District,491144.3589,5458877.0343
Theft of Bicycle,2017,10,23,6,30,8XX HORNBY ST,Central Business District,491144.3589,5458877.0343
Theft of Bicycle,2017,2,15,9,4,8XX HOWE ST,Central Business District,491166.5753,5458763.6294
Theft of Bicycle,2017,6,16,14,21,8XX MALKIN AVE,Strathcona,493699.2115,5457955.1127
Theft of Bicycle,2017,11,20,23,0,8XX SALSBURY DR,Grandview-Woodland,495023.3295,5458249.0824
Theft of Bicycle,2017,5,22,8,0,8XX SEYMOUR ST,Central Business District,491280.7107,5458596.256
Theft of Bicycle,2017,10,5,13,0,8XX SEYMOUR ST,Central Business District,491280.7107,5458596.256
Theft of Bicycle,2017,1,7,17,0,8XX SEYMOUR ST,Central Business District,491285.7593,5458601.3723
Theft of Bicycle,2017,10,26,16,47,8XX SEYMOUR ST,Central Business District,491314.3365,5458617.3149
Theft of Bicycle,2017,9,25,0,0,8XX SEYMOUR ST,Central Business District,491334.6742,5458637.926
Theft of Bicycle,2017,9,27,8,20,8XX SMITHE ST,Central Business District,491089.957,5458698.2236
Theft of Bicycle,2017,2,13,0,0,8XX THURLOW ST,West End,490870.7094,5459057.9603
Theft of Bicycle,2017,3,13,12,0,8XX THURLOW ST,West End,490870.7094,5459057.9603
Theft of Bicycle,2017,7,25,16,0,8XX W 12TH AVE,Fairview,491033.0002,5456432.316
Theft of Bicycle,2017,9,11,17,0,8XX W 12TH AVE,Fairview,491033.0002,5456432.316
Theft of Bicycle,2017,9,12,18,0,8XX W 13TH AVE,Fairview,491118.6634,5456312.4688
Theft of Bicycle,2017,5,5,18,30,8XX W 14TH AVE,Fairview,491070.497,5456211.6421
Theft of Bicycle,2017,10,14,16,0,8XX W 17TH AVE,South Cambie,491015.334,5455946.1379
Theft of Bicycle,2017,7,16,11,0,8XX W 18TH AVE,South Cambie,491010.316,5455843.944
Theft of Bicycle,2017,5,21,21,0,8XX W 19TH AVE,South Cambie,490980.3778,5455734.6489
Theft of Bicycle,2017,2,15,12,0,8XX W 7TH AVE,Fairview,491112.7067,5456936.9226
Theft of Bicycle,2017,3,1,7,45,8XX W BROADWAY AVE,Fairview,491131.5842,5456730.9355
Theft of Bicycle,2017,4,2,19,0,8XX W GEORGIA ST,Central Business District,491330.084,5458935.6635
Theft of Bicycle,2017,9,27,11,0,8XX W GEORGIA ST,Central Business District,491330.084,5458935.6635
Theft of Bicycle,2017,9,16,8,0,8XX W GEORGIA ST,Central Business District,491336.6087,5458942.07
Theft of Bicycle,2017,10,17,13,15,8XX W GEORGIA ST,Central Business District,491336.6087,5458942.07
Theft of Bicycle,2017,6,14,18,30,8XX W HASTINGS ST,Central Business District,491616.2861,5459277.6688
Theft of Bicycle,2017,7,26,9,0,8XX W HASTINGS ST,Central Business District,491638.9833,5459267.8831
Theft of Bicycle,2017,12,11,18,30,8XX W HASTINGS ST,Central Business District,491641.9795,5459251.9436
Theft of Bicycle,2017,6,29,19,0,8XX W PENDER ST,Central Business District,491549.038,5459194.8529
Theft of Bicycle,2017,4,12,10,30,8XX W PENDER ST,Central Business District,491570.9721,5459173.8223
Theft of Bicycle,2017,4,12,11,39,8XX W PENDER ST,Central Business District,491570.9721,5459173.8223
Theft of Bicycle,2017,9,27,11,40,8XX W PENDER ST,Central Business District,491570.9721,5459173.8223
Theft of Bicycle,2017,1,29,0,30,900K DAVIE ST,Central Business District,490675.909,5458411.3696
Theft of Bicycle,2017,8,20,18,0,9X ALEXANDER ST,Central Business District,492557.3209,5459000.8065
Theft of Bicycle,2017,4,21,18,30,9X E 2ND AVE,Mount Pleasant,492521.0945,5457399.2827
Theft of Bicycle,2017,8,12,11,0,9X KEEFER PL,Central Business District,492174.0475,5458550.9114
Theft of Bicycle,2017,4,15,12,0,9XX BEACH AVE,Central Business District,490339.5715,5458085.5683
Theft of Bicycle,2017,1,30,18,0,9XX BURRARD ST,West End,490888.5062,5458783.6333
Theft of Bicycle,2017,4,20,20,0,9XX BURRARD ST,West End,490888.5062,5458783.6333
Theft of Bicycle,2017,6,13,15,0,9XX BURRARD ST,West End,490888.5062,5458783.6333
Theft of Bicycle,2017,7,26,13,0,9XX BURRARD ST,West End,490888.5062,5458783.6333
Theft of Bicycle,2017,8,8,19,30,9XX BURRARD ST,West End,490888.5062,5458783.6333
Theft of Bicycle,2017,8,13,17,45,9XX BURRARD ST,West End,490888.5062,5458783.6333
Theft of Bicycle,2017,9,18,20,30,9XX BURRARD ST,West End,490888.5062,5458783.6333
Theft of Bicycle,2017,9,27,20,0,9XX BURRARD ST,West End,490888.5062,5458783.6333
Theft of Bicycle,2017,10,12,17,30,9XX BURRARD ST,West End,490888.5062,5458783.6333
Theft of Bicycle,2017,10,15,9,50,9XX BURRARD ST,West End,490888.5062,5458783.6333
Theft of Bicycle,2017,6,8,19,0,9XX BURRARD ST,Central Business District,490952.9374,5458833.2026
Theft of Bicycle,2017,6,14,18,57,9XX BURRARD ST,Central Business District,490952.9374,5458833.2026
Theft of Bicycle,2017,8,19,21,0,9XX BURRARD ST,Central Business District,490952.9374,5458833.2026
Theft of Bicycle,2017,8,23,22,0,9XX BURRARD ST,Central Business District,490952.9374,5458833.2026
Theft of Bicycle,2017,8,31,19,0,9XX BURRARD ST,Central Business District,490952.9374,5458833.2026
Theft of Bicycle,2017,10,11,18,30,9XX BURRARD ST,Central Business District,490952.9374,5458833.2026
Theft of Bicycle,2017,10,16,18,15,9XX BURRARD ST,Central Business District,490952.9374,5458833.2026
Theft of Bicycle,2017,3,14,19,30,9XX BUTE ST,West End,490541.9474,5459027.7584
Theft of Bicycle,2017,6,4,16,0,9XX BUTE ST,West End,490541.9474,5459027.7584
Theft of Bicycle,2017,3,18,15,0,9XX CANADA PL,Central Business District,491609.2906,5459492.6338
Theft of Bicycle,2017,6,9,2,5,9XX CANADA PL,Central Business District,491609.2906,5459492.6338
Theft of Bicycle,2017,7,2,12,30,9XX CANADA PL,Central Business District,491609.2906,5459492.6338
Theft of Bicycle,2017,7,13,10,56,9XX CANADA PL,Central Business District,491609.2906,5459492.6338
Theft of Bicycle,2017,7,19,18,45,9XX CANADA PL,Central Business District,491609.2906,5459492.6338
Theft of Bicycle,2017,8,4,20,11,9XX CANADA PL,Central Business District,491609.2906,5459492.6338
Theft of Bicycle,2017,8,8,8,0,9XX CANADA PL,Central Business District,491609.2906,5459492.6338
Theft of Bicycle,2017,8,11,11,0,9XX CANADA PL,Central Business District,491609.2906,5459492.6338
Theft of Bicycle,2017,8,11,20,30,9XX CANADA PL,Central Business District,491609.2906,5459492.6338
Theft of Bicycle,2017,8,18,20,30,9XX CANADA PL,Central Business District,491609.2906,5459492.6338
Theft of Bicycle,2017,9,2,13,15,9XX CANADA PL,Central Business District,491609.2906,5459492.6338
Theft of Bicycle,2017,10,26,8,15,9XX CANADA PL,Central Business District,491609.2906,5459492.6338
Theft of Bicycle,2017,6,2,7,0,9XX CANADA PL,Central Business District,491688.8172,5459447.7285
Theft of Bicycle,2017,8,19,20,31,9XX CANADA PL,Central Business District,491688.8172,5459447.7285
Theft of Bicycle,2017,9,7,14,59,9XX CANADA PL,Central Business District,491688.8172,5459447.7285
Theft of Bicycle,2017,3,7,12,37,9XX CARDERO ST,West End,490207.3873,5459455.1613
Theft of Bicycle,2017,9,12,22,0,9XX COOPERAGE WAY,Central Business District,491785.5716,5457952.599
Theft of Bicycle,2017,1,24,6,30,9XX DAVIE ST,Central Business District,490654.9614,5458431.9631
Theft of Bicycle,2017,9,11,16,45,9XX E 10TH AVE,Mount Pleasant,493799.7617,5456522.6393
Theft of Bicycle,2017,11,1,0,0,9XX E 11TH AVE,Mount Pleasant,493864.1154,5456422.4875
Theft of Bicycle,2017,9,16,1,0,9XX E 13TH AVE,Mount Pleasant,493829.7,5456223.3202
Theft of Bicycle,2017,2,23,12,0,9XX E HASTINGS ST,Strathcona,493870.7475,5458696.3241
Theft of Bicycle,2017,8,17,17,0,9XX E HASTINGS ST,Strathcona,493870.7475,5458696.3241
Theft of Bicycle,2017,4,15,11,6,9XX EXPO BLVD,Central Business District,491614.7785,5458083.717
Theft of Bicycle,2017,6,5,15,26,9XX EXPO BLVD,Central Business District,491614.7785,5458083.717
Theft of Bicycle,2017,10,12,22,0,9XX EXPO BLVD,Central Business District,491614.7785,5458083.717
Theft of Bicycle,2017,5,21,23,44,9XX GRANVILLE ST,Central Business District,491076.1837,5458525.5538
Theft of Bicycle,2017,6,7,19,0,9XX GRANVILLE ST,Central Business District,491152.6031,5458614.2902
Theft of Bicycle,2017,3,12,18,30,9XX HORNBY ST,Central Business District,490916.9189,5458663.2714
Theft of Bicycle,2017,6,25,19,47,9XX HORNBY ST,Central Business District,490984.4345,5458729.5653
Theft of Bicycle,2017,8,19,21,30,9XX HORNBY ST,Central Business District,490984.4345,5458729.5653
Theft of Bicycle,2017,8,21,9,30,9XX HORNBY ST,Central Business District,490984.4345,5458729.5653
Theft of Bicycle,2017,6,12,2,20,9XX MAIN ST,Central Business District,492725.7598,5458184.397
Theft of Bicycle,2017,8,25,17,35,9XX MAIN ST,Central Business District,492725.9248,5458190.7121
Theft of Bicycle,2017,3,2,1,2,9XX MAIN ST,Central Business District,492726.1723,5458200.1847
Theft of Bicycle,2017,6,8,22,30,9XX MAIN ST,Central Business District,492726.1723,5458200.1847
Theft of Bicycle,2017,8,3,2,8,9XX MAIN ST,Central Business District,492726.1723,5458200.1847
Theft of Bicycle,2017,6,3,19,30,9XX MAIN ST,Strathcona,492746.6503,5458220.9778
Theft of Bicycle,2017,7,14,17,40,9XX MAIN ST,Strathcona,492746.6503,5458220.9778
Theft of Bicycle,2017,9,9,20,0,9XX MAIN ST,Strathcona,492746.6503,5458220.9778
Theft of Bicycle,2017,12,1,0,0,9XX NELSON ST,Central Business District,490846.0834,5458717.3349
Theft of Bicycle,2017,7,29,3,19,9XX PRINCESS AVE,Strathcona,493324.6757,5458174.0161
Theft of Bicycle,2017,8,29,21,0,9XX RICHARDS ST,Central Business District,491227.0639,5458406.3747
Theft of Bicycle,2017,11,20,14,0,9XX RICHARDS ST,Central Business District,491227.0639,5458406.3747
Theft of Bicycle,2017,6,27,7,10,9XX SALSBURY DR,Grandview-Woodland,495082.0402,5458189.889
Theft of Bicycle,2017,1,24,9,0,9XX SCHOOL GR,Fairview,490734.7594,5457208.8724
Theft of Bicycle,2017,5,18,11,0,9XX SCHOOL GR,Fairview,490734.7594,5457208.8724
Theft of Bicycle,2017,10,6,21,46,9XX SCHOOL GR,Fairview,490734.7594,5457208.8724
Theft of Bicycle,2017,10,16,8,30,9XX SCHOOL GR,Fairview,490734.7594,5457208.8724
Theft of Bicycle,2017,7,18,0,1,9XX SEYMOUR ST,Central Business District,491125.9219,5458441.2075
Theft of Bicycle,2017,7,5,8,30,9XX SEYMOUR ST,Central Business District,491241.7534,5458543.8127
Theft of Bicycle,2017,7,7,14,55,9XX SEYMOUR ST,Central Business District,491241.7534,5458543.8127
Theft of Bicycle,2017,9,6,11,30,9XX W 12TH AVE,Fairview,490946.5396,5456425.485
Theft of Bicycle,2017,12,14,0,0,9XX W 14TH AVE,Fairview,490821.8928,5456228.052
Theft of Bicycle,2017,11,2,12,0,9XX W 16TH AVE,Fairview,490793.1725,5456049.9036
Theft of Bicycle,2017,7,28,18,0,9XX W 71ST AVE,Marpole,490687.5471,5450467.022
Theft of Bicycle,2017,5,19,0,0,9XX W 7TH AVE,Fairview,490938.0972,5456941.3426
Theft of Bicycle,2017,6,7,21,43,9XX W CORDOVA ST,Central Business District,491637.4587,5459386.5999
Theft of Bicycle,2017,7,4,13,0,9XX W HASTINGS ST,Central Business District,491499.5999,5459389.1782
Theft of Bicycle,2017,10,30,18,0,9XX W HASTINGS ST,Central Business District,491499.5999,5459389.1782
Theft of Bicycle,2017,6,28,20,57,9XX W KING EDWARD AVE,South Cambie,490741.884,5455154.5457
Theft of Bicycle,2017,11,8,15,30,ABBOTT ST / KEEFER PL,Central Business District,492171.8765,5458556.189
Theft of Bicycle,2017,12,2,15,30,ABBOTT ST / KEEFER PL,Central Business District,492171.8765,5458556.189
Theft of Bicycle,2017,4,25,0,59,ABBOTT ST / W CORDOVA ST,Central Business District,492233.1575,5458913.7943
Theft of Bicycle,2017,6,25,21,54,ABBOTT ST / W CORDOVA ST,Central Business District,492233.1575,5458913.7943
Theft of Bicycle,2017,12,8,18,30,ABBOTT ST / W CORDOVA ST,Central Business District,492233.1575,5458913.7943
Theft of Bicycle,2017,3,6,11,0,ABBOTT ST / W HASTINGS ST,Central Business District,492203.9207,5458810.8912
Theft of Bicycle,2017,6,22,0,0,ABBOTT ST / W HASTINGS ST,Central Business District,492203.9207,5458810.8912
Theft of Bicycle,2017,9,14,9,0,ABBOTT ST / WATER ST,Central Business District,492260.9735,5459020.9682
Theft of Bicycle,2017,1,12,17,17,ABBOTT ST / WATER ST,Central Business District,492260.9736,5459020.968
Theft of Bicycle,2017,7,1,15,26,ALBERNI ST / DENMAN ST,West End,490227.3948,5459946.9941
Theft of Bicycle,2017,4,5,23,0,ALBERNI ST / THURLOW ST,West End,491003.6115,5459185.0023
Theft of Bicycle,2017,9,23,19,30,ALBERTA ST / W 49TH AVE,Oakridge,491775.9009,5452580.4815
Theft of Bicycle,2017,9,5,9,15,ALDER CRSS / W 6TH AVE,Fairview,490389.4,5457052.3935
Theft of Bicycle,2017,2,23,15,0,ALDER ST / W 6TH AVE,Fairview,490451.9078,5457043.7372
Theft of Bicycle,2017,3,2,5,12,ALMA ST / W 4TH AVE,Kitsilano,486491.6006,5457332.8651
Theft of Bicycle,2017,7,12,19,0,ALMA ST / W 4TH AVE,Kitsilano,486491.6006,5457332.8651
Theft of Bicycle,2017,8,6,21,2,ALMA ST / W BROADWAY AVE,Kitsilano,486476.439,5456861.838
Theft of Bicycle,2017,4,20,20,6,ANDERSON ST / CARTWRIGHT ST,Fairview,490102.7315,5457550.0251
Theft of Bicycle,2017,10,8,14,30,ANDERSON ST / CARTWRIGHT ST,Fairview,490102.7315,5457550.0251
Theft of Bicycle,2017,5,31,17,0,ANDERSON ST / JOHNSTON ST,Fairview,490178.7294,5457692.7106
Theft of Bicycle,2017,7,13,11,0,ARBUTUS ST / W 11TH AVE,Kitsilano,488867.8971,5456586.7768
Theft of Bicycle,2017,6,2,0,5,ARBUTUS ST / W 5TH AVE,Kitsilano,488882.6799,5457176.4879
Theft of Bicycle,2017,11,25,10,30,ASH ST / W 12TH AVE,Fairview,491441.2314,5456415.0912
Theft of Bicycle,2017,3,31,21,0,ATHLETES WAY / SALT ST,Mount Pleasant,492284.6069,5457646.8447
Theft of Bicycle,2017,7,28,17,0,AVISON WAY / STANLEY PARK DR,Stanley Park,490489.4165,5460577.3746
Theft of Bicycle,2017,6,4,12,40,BALSAM ST / W 4TH AVE,Kitsilano,488371.4432,5457288.8598
Theft of Bicycle,2017,3,31,16,1,BARCLAY ST / BURRARD ST,West End,490911.1598,5458799.38
Theft of Bicycle,2017,9,18,17,30,BARCLAY ST / BURRARD ST,West End,490911.1598,5458799.38
Theft of Bicycle,2017,7,9,19,0,BAYSWATER ST / W BROADWAY AVE,Kitsilano,487541.3302,5456832.2973
Theft of Bicycle,2017,6,27,12,0,BEACH AVE / BROUGHTON ST,West End,489852.9442,5458767.4913
Theft of Bicycle,2017,10,22,8,45,BEACH AVE / DAVIE ST,West End,489646.6964,5459446.4527
Theft of Bicycle,2017,8,8,13,41,BEACH AVE / DAVIE ST,West End,489646.6968,5459446.4531
Theft of Bicycle,2017,1,5,20,43,BEATTY ST / ROBSON ST,Central Business District,491710.822,5458320.9708
Theft of Bicycle,2017,1,5,17,0,BEATTY ST / ROBSON ST,Central Business District,491710.8223,5458320.971
Theft of Bicycle,2017,7,4,19,15,BIDWELL ST / ROBSON ST,West End,490264.7788,5459755.1459
Theft of Bicycle,2017,5,7,8,58,BIDWELL ST / W GEORGIA ST,West End,490393.366,5459881.4775
Theft of Bicycle,2017,4,10,1,0,BIRCH ST / W 12TH AVE,Fairview,490262.6258,5456447.8936
Theft of Bicycle,2017,4,29,13,0,BIRCH ST / W BROADWAY AVE,Fairview,490271.0705,5456759.2785
Theft of Bicycle,2017,10,11,19,44,BLENHEIM ST / W 4TH AVE,Kitsilano,487073.2981,5457319.7723
Theft of Bicycle,2017,9,29,7,15,BRUNSWICK ST / E 8TH AVE,Mount Pleasant,492934.9147,5456767.261
Theft of Bicycle,2017,4,17,16,0,BURRARD ST / COMOX ST,West End,490757.4553,5458643.8634
Theft of Bicycle,2017,9,2,7,0,BURRARD ST / COMOX ST,West End,490757.4553,5458643.8634
Theft of Bicycle,2017,8,29,10,0,BURRARD ST / DAVIE ST,West End,490604.1485,5458488.3285
Theft of Bicycle,2017,5,21,14,0,BURRARD ST / MELVILLE ST,Central Business District,491271.8546,5459162.6245
Theft of Bicycle,2017,9,21,11,50,BURRARD ST / MELVILLE ST,Central Business District,491271.8546,5459162.6245
Theft of Bicycle,2017,5,8,11,45,BURRARD ST / ROBSON ST,West End,491068.8642,5458954.9168
Theft of Bicycle,2017,7,4,14,0,BURRARD ST / SMITHE ST,West End,490950.9629,5458837.6465
Theft of Bicycle,2017,8,29,23,0,BURRARD ST / SMITHE ST,West End,490950.9629,5458837.6465
Theft of Bicycle,2017,12,4,9,0,BURRARD ST / W BROADWAY AVE,Fairview,489395.3772,5456781.1522
Theft of Bicycle,2017,9,15,19,15,BURRARD ST / W CORDOVA ST,Central Business District,491550.3179,5459441.3252
Theft of Bicycle,2017,9,27,16,0,BURRARD ST / W HASTINGS ST,Central Business District,491494.5414,5459386.9078
Theft of Bicycle,2017,7,20,7,0,BURRARD ST / W PENDER ST,Central Business District,491426.8765,5459318.3757
Theft of Bicycle,2017,8,5,23,30,BUTE ST / DAVIE ST,West End,490301.4017,5458792.1624
Theft of Bicycle,2017,12,15,8,30,BUTE ST / W HASTINGS ST,Central Business District,491073.0496,5459567.7935
Theft of Bicycle,2017,8,29,18,30,CAMBIE ST / ROBSON ST,Central Business District,491638.2791,5458390.1404
Theft of Bicycle,2017,9,28,18,0,CAMBIE ST / ROBSON ST,Central Business District,491638.2791,5458390.1404
Theft of Bicycle,2017,8,8,11,45,CAMBIE ST / SW MARINE DR,Marpole,491461.7771,5450810.0599
Theft of Bicycle,2017,6,11,10,0,CAMBIE ST / W 41ST AVE,Oakridge,491528.4075,5453418.2887
Theft of Bicycle,2017,9,15,13,15,CAMBIE ST / W 7TH AVE,Fairview,491643.103,5456918.3636
Theft of Bicycle,2017,8,2,15,30,CAMBIE ST / W 8TH AVE,Fairview,491641.6548,5456817.7824
Theft of Bicycle,2017,8,27,12,0,CAMBIE ST / W 8TH AVE,Fairview,491641.6548,5456817.7824
Theft of Bicycle,2017,10,6,0,0,CAMBIE ST / W 8TH AVE,Fairview,491641.6548,5456817.7824
Theft of Bicycle,2017,10,7,0,0,CAMBIE ST / W 8TH AVE,Fairview,491641.6548,5456817.7824
Theft of Bicycle,2017,6,23,10,45,CAMBIE ST / W BROADWAY AVE,Fairview,491638.4264,5456722.3837
Theft of Bicycle,2017,9,13,14,50,CAMBIE ST / W CORDOVA ST,Central Business District,492061.6988,5458981.8422
Theft of Bicycle,2017,8,24,8,0,CAMBIE ST / W GEORGIA ST,Central Business District,491761.0359,5458513.5215
Theft of Bicycle,2017,8,17,18,30,CAMBIE ST / W HASTINGS ST,Central Business District,492028.3046,5458872.7095
Theft of Bicycle,2017,9,4,18,0,CAMBIE ST / W HASTINGS ST,Central Business District,492028.3046,5458872.7095
Theft of Bicycle,2017,10,25,16,0,CAMBIE ST / W HASTINGS ST,Central Business District,492028.3046,5458872.7095
Theft of Bicycle,2017,12,2,22,21,CAMBIE ST / W HASTINGS ST,Central Business District,492028.3046,5458872.7095
Theft of Bicycle,2017,7,21,12,0,CAMBIE ST / W KING EDWARD AVE,South Cambie,491594.3705,5455134.4799
Theft of Bicycle,2017,10,16,12,0,CAMBIE ST / W KING EDWARD AVE,South Cambie,491594.3705,5455134.4799
Theft of Bicycle,2017,9,28,20,0,CAMBIE ST / WATER ST,Central Business District,492085.8223,5459067.7429
Theft of Bicycle,2017,9,28,0,40,CAMPBELL AVE / E HASTINGS ST,Strathcona,493832.6693,5458702.288
Theft of Bicycle,2017,6,26,11,15,CARDERO ST / DAVIE ST,West End,489915.3257,5459172.7169
Theft of Bicycle,2017,8,23,5,13,CARDERO ST / DAVIE ST,West End,489915.3257,5459172.7169
Theft of Bicycle,2017,6,6,21,0,CARRALL ST / E CORDOVA ST,Central Business District,492416.8338,5458858.141
Theft of Bicycle,2017,9,28,18,55,CARRALL ST / E HASTINGS ST,Central Business District,492412.3483,5458751.9869
Theft of Bicycle,2017,11,7,17,0,CARRALL ST / E PENDER ST,Central Business District,492408.4365,5458642.8001
Theft of Bicycle,2017,6,7,16,41,CARRALL ST / W HASTINGS ST,Central Business District,492412.3483,5458751.9869
Theft of Bicycle,2017,7,17,18,50,CARTWRIGHT ST / OLD BRIDGE ST,Fairview,490167.7578,5457492.0892
Theft of Bicycle,2017,10,2,19,30,CENTRAL ST / MAIN ST,Mount Pleasant,492699.2545,5457646.8566
Theft of Bicycle,2017,8,6,0,57,CLARK DR / VENABLES ST,Grandview-Woodland,494379.9919,5458225.4454
Theft of Bicycle,2017,8,14,10,0,COLLINGWOOD ST / W 4TH AVE,Kitsilano,486778.9302,5457327.12
Theft of Bicycle,2017,7,4,21,59,COLLINGWOOD ST / W BROADWAY AVE,Kitsilano,486769.0695,5456853.7667
Theft of Bicycle,2017,6,16,9,0,COLUMBIA ST / E HASTINGS ST,Central Business District,492562.434,5458743.6228
Theft of Bicycle,2017,7,19,22,56,COLUMBIA ST / E HASTINGS ST,Central Business District,492562.434,5458743.6228
Theft of Bicycle,2017,5,17,23,0,COLUMBIA ST / W 10TH AVE,Mount Pleasant,492033.6669,5456604.2855
Theft of Bicycle,2017,6,19,13,30,COLUMBIA ST / W 1ST AVE,Mount Pleasant,492041.292,5457516.2581
Theft of Bicycle,2017,6,26,21,0,COLUMBIA ST / W 1ST AVE,Mount Pleasant,492041.292,5457516.2581
Theft of Bicycle,2017,10,9,10,0,COLUMBIA ST / W 6TH AVE,Mount Pleasant,492036.3823,5456992.8226
Theft of Bicycle,2017,6,17,21,0,COMMERCIAL DR / E 10TH AVE,Kensington-Cedar Cottage,494920.3383,5456517.151
Theft of Bicycle,2017,5,13,0,30,COMMERCIAL DR / E 1ST AVE,Grandview-Woodland,494931.3198,5457427.4717
Theft of Bicycle,2017,4,24,19,16,COMMERCIAL DR / E 6TH AVE,Grandview-Woodland,494926.136,5456926.3865
Theft of Bicycle,2017,3,29,9,27,COMMERCIAL DR / E BROADWAY AVE,Kensington-Cedar Cottage,494921.9034,5456620.4275
Theft of Bicycle,2017,6,28,17,0,COMMERCIAL DR / E BROADWAY AVE,Kensington-Cedar Cottage,494921.9034,5456620.4275
Theft of Bicycle,2017,7,6,12,30,COMMERCIAL DR / E BROADWAY AVE,Kensington-Cedar Cottage,494921.9034,5456620.4275
Theft of Bicycle,2017,9,11,16,2,COMMERCIAL DR / E BROADWAY AVE,Kensington-Cedar Cottage,494921.9034,5456620.4275
Theft of Bicycle,2017,9,16,12,0,COMMERCIAL DR / E BROADWAY AVE,Kensington-Cedar Cottage,494921.9034,5456620.4275
Theft of Bicycle,2017,11,20,18,30,COMMERCIAL DR / E BROADWAY AVE,Kensington-Cedar Cottage,494921.9034,5456620.4275
Theft of Bicycle,2017,12,22,17,0,COMMERCIAL DR / E BROADWAY AVE,Kensington-Cedar Cottage,494921.9034,5456620.4275
Theft of Bicycle,2017,7,15,15,10,COMMERCIAL DR / GRANT ST,Grandview-Woodland,494935.1183,5457625.9968
Theft of Bicycle,2017,5,10,18,40,COMMERCIAL DR / PARKER ST,Grandview-Woodland,494942.3462,5458113.9738
Theft of Bicycle,2017,7,19,10,0,COMOX ST / DENMAN ST,West End,489841.3547,5459556.3822
Theft of Bicycle,2017,9,3,11,55,COMOX ST / DENMAN ST,West End,489841.3547,5459556.3822
Theft of Bicycle,2017,9,13,21,30,COMOX ST / DENMAN ST,West End,489841.3547,5459556.3822
Theft of Bicycle,2017,10,2,14,0,COMOX ST / DENMAN ST,West End,489841.3547,5459556.3822
Theft of Bicycle,2017,8,21,21,51,CORNWALL AVE / MAPLE ST,Kitsilano,489072.3897,5457761.3881
Theft of Bicycle,2017,12,17,16,0,COURTENAY ST / W 8TH AVE,West Point Grey,485348.8788,5456984.1453
Theft of Bicycle,2017,7,22,0,1,CYPRESS ST / W 1ST AVE,Kitsilano,489242.7157,5457559.8997
Theft of Bicycle,2017,9,23,17,0,CYPRESS ST / W 4TH AVE,Kitsilano,489234.7387,5457264.3233
Theft of Bicycle,2017,7,24,20,45,CYPRESS ST / W 6TH AVE,Kitsilano,489229.5375,5457074.7764
Theft of Bicycle,2017,9,11,14,20,DAVIE ST / DENMAN ST,West End,489686.5485,5459400.7084
Theft of Bicycle,2017,2,12,20,54,DAVIE ST / GRANVILLE ST,Central Business District,490821.3138,5458274.1462
Theft of Bicycle,2017,7,17,15,6,DAVIE ST / HORNBY ST,Central Business District,490680.2603,5458413.5032
Theft of Bicycle,2017,10,10,16,50,DAVIE ST / HOWE ST,Central Business District,490748.5908,5458346.3187
Theft of Bicycle,2017,7,23,16,0,DAVIE ST / THURLOW ST,West End,490456.6509,5458633.7717
Theft of Bicycle,2017,8,5,19,0,DAVIE ST / THURLOW ST,West End,490456.6509,5458633.7717
Theft of Bicycle,2017,9,4,7,0,DAVIE ST / THURLOW ST,West End,490456.6509,5458633.7717
Theft of Bicycle,2017,6,14,14,0,DUNBAR ST / W 4TH AVE,Kitsilano,486640.7147,5457330.055
Theft of Bicycle,2017,5,26,16,30,DUNDAS ST / KAMLOOPS ST,Hastings-Sunrise,496030.4284,5459114.7728
Theft of Bicycle,2017,6,2,14,30,DUNDAS ST / WALL ST,Grandview-Woodland,495365.3465,5459123.164
Theft of Bicycle,2017,7,12,19,0,DUNSMUIR ST / GRANVILLE ST,Central Business District,491535.5949,5458993.2258
Theft of Bicycle,2017,8,30,15,0,DUNSMUIR ST / GRANVILLE ST,Central Business District,491535.5949,5458993.2258
Theft of Bicycle,2017,8,29,17,0,DUNSMUIR ST / HORNBY ST,Central Business District,491393.3974,5459134.0403
Theft of Bicycle,2017,8,18,10,0,DUNSMUIR ST / HOWE ST,Central Business District,491464.146,5459064.7485
Theft of Bicycle,2017,6,24,14,30,DUNSMUIR ST / RICHARDS ST,Central Business District,491675.884,5458852.2984
Theft of Bicycle,2017,2,21,14,0,DUNSMUIR ST / SEYMOUR ST,Central Business District,491607.5141,5458920.9821
Theft of Bicycle,2017,9,19,11,0,DUNSMUIR ST / SEYMOUR ST,Central Business District,491607.5141,5458920.9821
Theft of Bicycle,2017,6,15,15,0,E 10TH AVE / MAIN ST,Mount Pleasant,492651.7038,5456587.8094
Theft of Bicycle,2017,10,31,19,30,E 11TH AVE / PRINCE EDWARD ST,Mount Pleasant,493002.7823,5456439.5355
Theft of Bicycle,2017,10,3,18,31,E 12TH AVE / WINDSOR ST,Mount Pleasant,493935.2931,5456328.6037
Theft of Bicycle,2017,4,19,17,0,E 13TH AVE / MAIN ST,Mount Pleasant,492643.1159,5456287.4457
Theft of Bicycle,2017,5,22,9,30,E 15TH AVE / MAIN ST,Mount Pleasant,492636.3567,5456087.2474
Theft of Bicycle,2017,9,5,20,0,E 16TH AVE / ONTARIO ST,Riley Park,492347.223,5455991.1461
Theft of Bicycle,2017,5,12,23,39,E 20TH AVE / MAIN ST,Riley Park,492654.6075,5455553.706
Theft of Bicycle,2017,10,8,14,0,E 20TH AVE / MAIN ST,Riley Park,492654.6075,5455553.706
Theft of Bicycle,2017,3,10,15,55,E 23RD AVE / SOPHIA ST,Riley Park,492818.8472,5455277.876
Theft of Bicycle,2017,9,13,10,0,E 24TH AVE / PRINCE EDWARD ST,Riley Park,492959.3644,5455174.9619
Theft of Bicycle,2017,7,29,1,0,E 24TH AVE / ST CATHERINES ST,Kensington-Cedar Cottage,493753.468,5455155.0151
Theft of Bicycle,2017,3,14,17,15,E 27TH AVE / MAIN ST,Riley Park,492638.2779,5454944.5259
Theft of Bicycle,2017,8,20,14,30,E 27TH AVE / MAIN ST,Riley Park,492638.2779,5454944.5259
Theft of Bicycle,2017,6,29,14,58,E 29TH AVE / MAIN ST,Riley Park,492626.2711,5454636.589
Theft of Bicycle,2017,5,3,2,0,E 2ND AVE / MAIN ST,Mount Pleasant,492668.0702,5457370.525
Theft of Bicycle,2017,8,31,9,0,E 2ND AVE / QUEBEC ST,Mount Pleasant,492527.6434,5457382.686
Theft of Bicycle,2017,2,1,16,0,E 2ND AVE / WOODLAND DR,Grandview-Woodland,494651.3337,5457332.6976
Theft of Bicycle,2017,6,25,7,40,E 30TH AVE / NANAIMO ST,Kensington-Cedar Cottage,495728.7741,5454232.6217
Theft of Bicycle,2017,5,31,19,30,E 32ND AVE / MAIN ST,Riley Park,492617.6934,5454362.5548
Theft of Bicycle,2017,7,17,19,0,E 32ND AVE / MAIN ST,Riley Park,492617.6934,5454362.5548
Theft of Bicycle,2017,7,25,19,0,E 3RD AVE / MAIN ST,Mount Pleasant,492665.2132,5457279.217
Theft of Bicycle,2017,8,11,16,30,E 5TH AVE / WOODLAND DR,Grandview-Woodland,494647.1844,5457031.1509
Theft of Bicycle,2017,6,19,20,30,E 6TH AVE / MAIN ST,Mount Pleasant,492657.3796,5456975.419
Theft of Bicycle,2017,9,17,12,24,E 6TH AVE / MAIN ST,Mount Pleasant,492657.3796,5456975.419
Theft of Bicycle,2017,3,6,20,0,E 7TH AVE / MAIN ST,Mount Pleasant,492652.2311,5456870.0877
Theft of Bicycle,2017,9,19,4,0,E 8TH AVE / KINGSWAY AVE,Mount Pleasant,492715.6297,5456773.6674
Theft of Bicycle,2017,8,30,19,0,E 8TH AVE / LAKEWOOD DR,Grandview-Woodland,495487.092,5456718.231
Theft of Bicycle,2017,7,17,16,30,E 8TH AVE / QUEBEC ST,Mount Pleasant,492511.161,5456779.4302
Theft of Bicycle,2017,8,6,17,0,E BROADWAY AVE / FRASER ST,Mount Pleasant,493514.798,5456639.1488
Theft of Bicycle,2017,8,2,14,0,E BROADWAY AVE / RUPERT ST,Hastings-Sunrise,497539.1887,5456571.0572
Theft of Bicycle,2017,7,15,14,0,E CORDOVA ST / HEATLEY AVE,Strathcona,493491.1801,5458819.8106
Theft of Bicycle,2017,7,17,8,0,E CORDOVA ST / POWELL ST,Strathcona,493769.665,5458909.748
Theft of Bicycle,2017,7,21,17,10,E CORDOVA ST / PRINCESS AVE,Strathcona,493351.2191,5458824.1471
Theft of Bicycle,2017,7,5,15,10,E GEORGIA ST / MAIN ST,Strathcona,492743.2456,5458428.5255
Theft of Bicycle,2017,6,4,1,0,E HASTINGS ST / KAMLOOPS ST,Hastings-Sunrise,496030.2701,5458713.9247
Theft of Bicycle,2017,7,8,9,20,E HASTINGS ST / MAIN ST,Strathcona,492749.7912,5458737.3828
Theft of Bicycle,2017,9,1,0,0,E HASTINGS ST / NANAIMO ST,Grandview-Woodland,495887.5447,5458714.2743
Theft of Bicycle,2017,6,21,21,30,E HASTINGS ST / SLOCAN ST,Hastings-Sunrise,496411.7736,5458712.862
Theft of Bicycle,2017,10,29,10,0,E HASTINGS ST / VERNON DR,Strathcona,494242.7219,5458709.836
Theft of Bicycle,2017,11,7,16,30,E PENDER ST / GLEN DR,Strathcona,494085.6001,5458591.8287
Theft of Bicycle,2017,1,27,17,0,E PENDER ST / MAIN ST,Strathcona,492748.7552,5458629.9818
Theft of Bicycle,2017,8,13,15,30,E PENDER ST / TEMPLETON DR,Grandview-Woodland,495652.2544,5458610.6
Theft of Bicycle,2017,4,23,12,26,EXPO BLVD / QUEBEC ST,Central Business District,492559.1084,5458210.5213
Theft of Bicycle,2017,1,2,16,30,FIR ST / W BROADWAY AVE,Fairview,489739.4853,5456770.7837
Theft of Bicycle,2017,7,4,21,26,GORE AVE / KEEFER ST,Strathcona,492931.226,5458524.6097
Theft of Bicycle,2017,5,25,21,20,GRANVILLE ST / HELMCKEN ST,Central Business District,490936.8716,5458390.3172
Theft of Bicycle,2017,7,21,23,30,GRANVILLE ST / HELMCKEN ST,Central Business District,490936.8716,5458390.3172
Theft of Bicycle,2017,9,8,10,1,GRANVILLE ST / HELMCKEN ST,Central Business District,490936.8716,5458390.3172
Theft of Bicycle,2017,3,7,19,52,GRANVILLE ST / ROBSON ST,Central Business District,491285.8784,5458741.8424
Theft of Bicycle,2017,8,1,16,0,GRANVILLE ST / ROBSON ST,Central Business District,491285.8784,5458741.8424
Theft of Bicycle,2017,9,18,16,30,GRANVILLE ST / ROBSON ST,Central Business District,491285.8784,5458741.8424
Theft of Bicycle,2017,7,13,11,0,GRANVILLE ST / W 10TH AVE,Fairview,489920.1141,5456661.9913
Theft of Bicycle,2017,11,8,18,55,GRANVILLE ST / W 10TH AVE,Fairview,489920.1141,5456661.9913
Theft of Bicycle,2017,9,15,16,0,GRANVILLE ST / W 6TH AVE,Fairview,489926.1468,5457055.9913
Theft of Bicycle,2017,2,20,16,23,GRANVILLE ST / W GEORGIA ST,Central Business District,491408.2273,5458864.9384
Theft of Bicycle,2017,5,15,15,0,GRANVILLE ST / W GEORGIA ST,Central Business District,491408.2273,5458864.9384
Theft of Bicycle,2017,5,24,17,40,GRANVILLE ST / W GEORGIA ST,Central Business District,491408.2273,5458864.9384
Theft of Bicycle,2017,9,14,16,30,GRANVILLE ST / W GEORGIA ST,Central Business District,491408.2273,5458864.9384
Theft of Bicycle,2017,3,31,10,0,GRANVILLE ST / W HASTINGS ST,Central Business District,491720.6978,5459179.6516
Theft of Bicycle,2017,4,17,14,40,GRANVILLE ST / W HASTINGS ST,Central Business District,491720.6978,5459179.6516
Theft of Bicycle,2017,7,19,16,10,GRANVILLE ST / W HASTINGS ST,Central Business District,491720.6978,5459179.6516
Theft of Bicycle,2017,7,19,15,0,GRANVILLE ST / W PENDER ST,Central Business District,491647.8257,5459106.3332
Theft of Bicycle,2017,8,19,16,58,GRANVILLE ST / W PENDER ST,Central Business District,491647.8257,5459106.3332
Theft of Bicycle,2017,10,7,12,0,GRANVILLE ST / W PENDER ST,Central Business District,491647.8257,5459106.3332
Theft of Bicycle,2017,4,7,22,0,HAMILTON ST / W HASTINGS ST,Central Business District,492002.8333,5458896.815
Theft of Bicycle,2017,11,25,13,0,HEATHER ST / W 12TH AVE,Fairview,491273.3827,5456421.7065
Theft of Bicycle,2017,9,13,9,0,HELMCKEN ST / HOWE ST,Central Business District,490862.9336,5458462.1455
Theft of Bicycle,2017,9,15,8,30,HOMER ST / W GEORGIA ST,Central Business District,491620.9984,5458653.2413
Theft of Bicycle,2017,6,16,21,41,HOMER ST / W PENDER ST,Central Business District,491860.155,5458896.0568
Theft of Bicycle,2017,6,2,9,0,HORNBY ST / NELSON ST,Central Business District,490909.8511,5458649.9239
Theft of Bicycle,2017,6,27,19,0,HORNBY ST / NELSON ST,Central Business District,490909.8511,5458649.9239
Theft of Bicycle,2017,7,21,14,0,HORNBY ST / NELSON ST,Central Business District,490909.8511,5458649.9239
Theft of Bicycle,2017,5,16,18,30,HORNBY ST / SMITHE ST,Central Business District,491027.1656,5458765.1155
Theft of Bicycle,2017,6,18,1,0,HORNBY ST / W PENDER ST,Central Business District,491501.3279,5459246.9334
Theft of Bicycle,2017,8,21,9,20,HORNBY ST / W PENDER ST,Central Business District,491501.3279,5459246.9334
Theft of Bicycle,2017,11,26,16,15,HOWE ST / W GEORGIA ST,Central Business District,491334.3345,5458937.8604
Theft of Bicycle,2017,7,7,10,0,HUDSON ST / W 39TH AVE,Shaughnessy,490189.7699,5453703.1376
Theft of Bicycle,2017,8,18,16,0,ISLAND PARK WALK / OLD BRIDGE WALK,Fairview,490108.9445,5457424.7798
Theft of Bicycle,2017,3,22,9,0,JACKSON AVE / POWELL ST,Strathcona,493211.1922,5458928.7189
Theft of Bicycle,2017,8,23,15,30,KEEFER ST / MAIN ST,Strathcona,492745.8373,5458530.0657
Theft of Bicycle,2017,9,1,22,30,KINGSWAY AVE / MAIN ST,Mount Pleasant,492652.2311,5456870.0877
Theft of Bicycle,2017,5,26,2,0,KINGSWAY AVE / NANAIMO ST,Renfrew-Collingwood,495769.332,5454345.5671
Theft of Bicycle,2017,7,13,10,0,LAKEWOOD DR / NAPIER ST,Grandview-Woodland,495504.9815,5458006.7941
Theft of Bicycle,2017,7,4,13,30,LAUREL ST / W 10TH AVE,Fairview,490879.4776,5456635.3713
Theft of Bicycle,2017,7,28,16,35,LAUREL ST / W 10TH AVE,Fairview,490879.4776,5456635.3713
Theft of Bicycle,2017,7,21,7,0,LAUREL ST / W 12TH AVE,Fairview,490872.801,5456434.5685
Theft of Bicycle,2017,10,7,10,30,LAUREL ST / W 12TH AVE,Fairview,490872.801,5456434.5685
Theft of Bicycle,2017,7,21,2,0,MACDONALD ST / W 17TH AVE,Arbutus Ridge,487750.6829,5456048.8388
Theft of Bicycle,2017,10,24,18,0,MAIN ST / PRIOR ST,Central Business District,492731.4661,5458227.744
Theft of Bicycle,2017,6,2,22,3,MAIN ST / TERMINAL AVE,Mount Pleasant,492718.2454,5457784.5846
Theft of Bicycle,2017,11,11,7,45,MAIN ST / TERMINAL AVE,Mount Pleasant,492718.2454,5457784.5846
Theft of Bicycle,2017,11,26,3,15,MAIN ST / TERMINAL AVE,Mount Pleasant,492718.2454,5457784.5846
Theft of Bicycle,2017,12,12,12,0,MAIN ST / TERMINAL AVE,Mount Pleasant,492718.2454,5457784.5846
Theft of Bicycle,2017,3,19,16,0,MANITOBA ST / W 1ST AVE,Mount Pleasant,492242.3692,5457496.4204
Theft of Bicycle,2017,5,30,17,15,MANITOBA ST / W 1ST AVE,Mount Pleasant,492242.3692,5457496.4204
Theft of Bicycle,2017,6,11,19,0,MANITOBA ST / W 1ST AVE,Mount Pleasant,492242.3692,5457496.4204
Theft of Bicycle,2017,12,16,16,59,MANITOBA ST / W 3RD AVE,Mount Pleasant,492243.9557,5457292.5656
Theft of Bicycle,2017,4,21,22,45,MANITOBA ST / WALTER HARDWICK AVE,Mount Pleasant,492242.9008,5457580.0157
Theft of Bicycle,2017,8,15,23,45,MAPLE ST / W 2ND AVE,Kitsilano,489062.3618,5457466.8946
Theft of Bicycle,2017,8,2,20,15,MAPLE ST / W 4TH AVE,Kitsilano,489059.2981,5457268.7497
Theft of Bicycle,2017,5,7,11,0,NELSON ST / SEYMOUR ST,Central Business District,491125.6598,5458434.4889
Theft of Bicycle,2017,9,23,15,46,NELSON ST / SEYMOUR ST,Central Business District,491125.6598,5458434.4889
Theft of Bicycle,2017,10,30,8,0,OAK ST / W 12TH AVE,Fairview,490780.5493,5456427.6613
Theft of Bicycle,2017,9,24,17,0,PACIFIC ST / SEYMOUR ST,Central Business District,490633.116,5457983.4961
Theft of Bicycle,2017,5,27,18,13,PINE ST / W BROADWAY AVE,Fairview,489565.7987,5456776.4358
Theft of Bicycle,2017,10,1,20,0,RICHARDS ST / SMITHE ST,Central Business District,491309.9733,5458483.9659
Theft of Bicycle,2017,8,3,16,0,RICHARDS ST / W CORDOVA ST,Central Business District,491933.4618,5459112.1543
Theft of Bicycle,2017,2,17,19,30,RICHARDS ST / W GEORGIA ST,Central Business District,491549.4236,5458724.1668
Theft of Bicycle,2017,4,23,14,17,RICHARDS ST / W GEORGIA ST,Central Business District,491549.4236,5458724.1668
Theft of Bicycle,2017,8,9,22,52,RICHARDS ST / W HASTINGS ST,Central Business District,491861.3846,5459038.6983
Theft of Bicycle,2017,1,31,21,17,RICHARDS ST / W PENDER ST,Central Business District,491791.7547,5458968.7535
Theft of Bicycle,2017,7,24,19,0,SALT ST / W 1ST AVE,Mount Pleasant,492281.7659,5457508.5702
Theft of Bicycle,2017,7,26,18,15,SALT ST / WALTER HARDWICK AVE,Mount Pleasant,492282.8126,5457578.3241
Theft of Bicycle,2017,8,27,18,15,SEYMOUR ST / W PENDER ST,Central Business District,491721.6233,5459035.9166
Theft of Bicycle,2017,10,2,14,42,SPRUCE ST / W 6TH AVE,Fairview,490621.1332,5457038.877
Theft of Bicycle,2017,7,24,19,20,STEPHENS ST / W 6TH AVE,Kitsilano,487893.4811,5457107.3039
Theft of Bicycle,2017,8,10,0,7,THURLOW ST / W CORDOVA ST,Central Business District,491334.2612,5459516.0704
Theft of Bicycle,2017,4,27,22,0,THURLOW ST / W GEORGIA ST,West End,491045.4368,5459226.3904
Theft of Bicycle,2017,8,16,7,0,THURLOW ST / W GEORGIA ST,West End,491045.4368,5459226.3904
Theft of Bicycle,2017,6,11,1,0,THURLOW ST / W PENDER ST,Central Business District,491241.8488,5459422.6459
Theft of Bicycle,2017,7,1,20,0,VINE ST / W 10TH AVE,Kitsilano,488528.4104,5456697.2902
Theft of Bicycle,2017,7,20,14,30,VINE ST / W 4TH AVE,Kitsilano,488541.8578,5457281.4432
Theft of Bicycle,2017,10,13,10,37,VINE ST / W 4TH AVE,Kitsilano,488541.8578,5457281.4432
Theft of Bicycle,2017,4,24,20,0,VINE ST / W 5TH AVE,Kitsilano,488538.3726,5457187.0553
Theft of Bicycle,2017,7,6,21,0,W 2ND AVE / YEW ST,Kitsilano,488718.8845,5457475.8373
Theft of Bicycle,2017,5,8,15,0,W 41ST AVE / YEW ST,Arbutus Ridge,488461.3559,5453550.994
Theft of Bicycle,2017,11,30,9,0,W 4TH AVE / YEW ST,Kitsilano,488713.6098,5457277.2743
Theft of Bicycle,2017,5,9,18,30,W 5TH AVE / YUKON ST,Mount Pleasant,491797.6414,5457103.0877
Theft of Bicycle,2017,11,25,17,30,W BROADWAY AVE / YEW ST,Kitsilano,488701.1796,5456800.2331
Theft of Bicycle,2017,5,25,18,30,X ALEXANDER ST,Central Business District,492436.3905,5458968.3349
Theft of Bicycle,2017,4,3,15,50,X ATHLETES WAY,Mount Pleasant,492388.4557,5457648.476
Theft of Bicycle,2017,4,28,23,24,X ATHLETES WAY,Mount Pleasant,492388.4557,5457648.476
Theft of Bicycle,2017,5,5,18,30,X ATHLETES WAY,Mount Pleasant,492388.4557,5457648.476
Theft of Bicycle,2017,5,10,19,0,X ATHLETES WAY,Mount Pleasant,492388.4557,5457648.476
Theft of Bicycle,2017,5,27,21,45,X ATHLETES WAY,Mount Pleasant,492388.4557,5457648.476
Theft of Bicycle,2017,5,27,23,30,X ATHLETES WAY,Mount Pleasant,492388.4557,5457648.476
Theft of Bicycle,2017,7,4,21,0,X ATHLETES WAY,Mount Pleasant,492388.4557,5457648.476
Theft of Bicycle,2017,7,5,20,0,X ATHLETES WAY,Mount Pleasant,492388.4557,5457648.476
Theft of Bicycle,2017,7,23,13,30,X ATHLETES WAY,Mount Pleasant,492388.4557,5457648.476
Theft of Bicycle,2017,8,4,14,0,X ATHLETES WAY,Mount Pleasant,492388.4557,5457648.476
Theft of Bicycle,2017,8,10,20,0,X ATHLETES WAY,Mount Pleasant,492388.4557,5457648.476
Theft of Bicycle,2017,8,21,19,0,X ATHLETES WAY,Mount Pleasant,492388.4557,5457648.476
Theft of Bicycle,2017,8,23,18,30,X ATHLETES WAY,Mount Pleasant,492388.4557,5457648.476
Theft of Bicycle,2017,9,7,15,0,X ATHLETES WAY,Mount Pleasant,492388.4557,5457648.476
Theft of Bicycle,2017,10,4,18,30,X ATHLETES WAY,Mount Pleasant,492388.4557,5457648.476
Theft of Bicycle,2017,10,17,23,0,X E 43RD AVE,Sunset,492313.9175,5453143.0163
Theft of Bicycle,2017,6,2,21,0,X E BROADWAY AVE,Mount Pleasant,492373.2379,5456704.2419
Theft of Bicycle,2017,10,23,18,25,X E PENDER ST,Central Business District,492424.6428,5458637.6334
Theft of Bicycle,2017,10,25,18,0,X KINGSWAY AVE,Mount Pleasant,492669.4602,5456863.0683
Theft of Bicycle,2017,1,1,0,11,X NK_LOC ST,Strathcona,492765.9374,5458793.3032
Theft of Bicycle,2017,1,15,18,0,X NK_LOC ST,Strathcona,492765.9374,5458793.3032
Theft of Bicycle,2017,7,31,22,30,X NK_LOC ST,Strathcona,492765.9374,5458793.3032
Theft of Bicycle,2017,8,22,14,0,X NK_LOC ST,Strathcona,492765.9374,5458793.3032
Theft of Bicycle,2017,9,4,14,0,X NK_LOC ST,Strathcona,492765.9374,5458793.3032
Theft of Bicycle,2017,10,13,14,30,X NK_LOC ST,Strathcona,492765.9374,5458793.3032
Theft of Bicycle,2017,6,1,16,58,X SMITHE MEWS,Central Business District,491851.2182,5457903.2015
Theft of Bicycle,2017,1,6,7,0,X W CORDOVA ST,Central Business District,492402.9504,5458857.5704
Theft of Bicycle,2017,7,20,22,0,YEW ST / YORK AVE,Kitsilano,488723.8953,5457670.3984
Theft of Vehicle,2017,2,2,17,0,10XX ALBERNI ST,West End,491059.4824,5459122.4178
Theft of Vehicle,2017,6,26,16,30,10XX ALBERNI ST,West End,491141.1181,5459040.4392
Theft of Vehicle,2017,4,26,14,0,10XX BEACH AVE,Central Business District,490269.91,5458141.1263
Theft of Vehicle,2017,6,5,20,0,10XX BURNABY ST,West End,490513.2643,5458412.646
Theft of Vehicle,2017,8,5,7,10,10XX BURRARD ST,West End,490729.8291,5458622.3417
Theft of Vehicle,2017,10,22,19,0,10XX BURRARD ST,West End,490729.8291,5458622.3417
Theft of Vehicle,2017,11,9,16,0,10XX BURRARD ST,West End,490729.8291,5458622.3417
Theft of Vehicle,2017,12,5,15,0,10XX BURRARD ST,West End,490729.8291,5458622.3417
Theft of Vehicle,2017,5,6,23,30,10XX BURRARD ST,Central Business District,490832.7942,5458716.1406
Theft of Vehicle,2017,6,15,9,0,10XX BUTE ST,West End,490422.681,5458907.0773
Theft of Vehicle,2017,7,29,10,30,10XX CANADA PL,Central Business District,491493.3778,5459541.9474
Theft of Vehicle,2017,12,1,17,0,10XX CANADA PL,Central Business District,491590.1798,5459490.89
Theft of Vehicle,2017,10,28,10,20,10XX CHILCO ST,West End,489707.2332,5459840.4196
Theft of Vehicle,2017,9,18,7,0,10XX COMOX ST,West End,490746.896,5458647.9492
Theft of Vehicle,2017,6,4,14,0,10XX DENMAN ST,West End,489919.4242,5459627.6947
Theft of Vehicle,2017,3,5,8,34,10XX DOUGLAS CRES,Shaughnessy,490690.5178,5455755.7256
Theft of Vehicle,2017,7,14,20,0,10XX E 15TH AVE,Mount Pleasant,493938.6396,5456015.5148
Theft of Vehicle,2017,7,23,23,0,10XX E 52ND AVE,Sunset,493794.9255,5452205.4817
Theft of Vehicle,2017,1,6,21,30,10XX E 57TH AVE,Sunset,493786.7623,5451711.939
Theft of Vehicle,2017,5,31,15,0,10XX E 63RD AVE,Sunset,493799.7866,5451122.6753
Theft of Vehicle,2017,2,9,1,30,10XX E 64TH AVE,Sunset,493818.0997,5451028.6888
Theft of Vehicle,2017,5,19,7,10,10XX E 7TH AVE,Mount Pleasant,494011.1441,5456833.5462
Theft of Vehicle,2017,4,26,18,0,10XX E KENT AVE N,Sunset,493846.5284,5450670.0158
Theft of Vehicle,2017,10,27,21,0,10XX E PENDER ST,Strathcona,493990.4809,5458590.3184
Theft of Vehicle,2017,4,1,21,58,10XX HOWE ST,Central Business District,490912.2593,5458506.0209
Theft of Vehicle,2017,8,31,18,30,10XX KINGSWAY AVE,Kensington-Cedar Cottage,493973.5265,5455626.2586
Theft of Vehicle,2017,7,13,10,36,10XX KINGSWAY AVE,Kensington-Cedar Cottage,493996.2479,5455609.9022
Theft of Vehicle,2017,10,5,11,0,10XX LAKEWOOD DR,Grandview-Woodland,495510.8646,5458098.378
Theft of Vehicle,2017,7,3,16,0,10XX LE ROI ST,Hastings-Sunrise,497085.7773,5458063.5736
Theft of Vehicle,2017,5,1,0,0,10XX NELSON ST,West End,490793.2792,5458756.378
Theft of Vehicle,2017,5,9,18,15,10XX NELSON ST,West End,490793.2792,5458756.378
Theft of Vehicle,2017,4,9,22,0,10XX PACIFIC ST,West End,490344.5513,5458270.5463
Theft of Vehicle,2017,12,6,16,14,10XX PACIFIC ST,West End,490351.6917,5458276.3433
Theft of Vehicle,2017,5,8,8,48,10XX PACIFIC ST,West End,490358.5943,5458256.622
Theft of Vehicle,2017,1,4,21,0,10XX RICHARDS ST,Central Business District,491127.0236,5458305.7226
Theft of Vehicle,2017,1,4,7,40,10XX RICHARDS ST,Central Business District,491180.0977,5458345.9226
Theft of Vehicle,2017,11,1,22,0,10XX RUPERT ST,Hastings-Sunrise,497559.908,5458111.5087
Theft of Vehicle,2017,3,3,19,0,10XX SE MARINE DR,Sunset,493873.1291,5450918.867
Theft of Vehicle,2017,9,13,19,0,10XX SW MARINE DR,Marpole,490456.6943,5450204.966
Theft of Vehicle,2017,11,11,14,0,10XX SW MARINE DR,Marpole,490456.6943,5450204.966
Theft of Vehicle,2017,11,12,19,0,10XX SW MARINE DR,Marpole,490456.6943,5450204.966
Theft of Vehicle,2017,12,15,16,0,10XX W 14TH AVE,Fairview,490767.3696,5456220.3189
Theft of Vehicle,2017,2,8,6,35,10XX W 41ST AVE,Oakridge,490667.2996,5453460.364
Theft of Vehicle,2017,6,6,8,0,10XX W BROADWAY AVE,Fairview,490778.893,5456741.4677
Theft of Vehicle,2017,8,21,0,55,10XX W BROADWAY AVE,Fairview,490778.893,5456741.4677
Theft of Vehicle,2017,3,21,7,30,10XX W GEORGIA ST,Central Business District,491088.6115,5459190.0607
Theft of Vehicle,2017,5,2,7,41,10XX W PENDER ST,Central Business District,491299.6618,5459391.3875
Theft of Vehicle,2017,6,6,9,30,11XX ALBERNI ST,West End,490894.9534,5459283.8872
Theft of Vehicle,2017,8,16,1,0,11XX BARCLAY ST,West End,490708.97,5459014.6209
Theft of Vehicle,2017,5,20,22,30,11XX BIDWELL ST,West End,489955.319,5459433.0949
Theft of Vehicle,2017,8,14,16,24,11XX BROUGHTON ST,West End,490120.4144,5459031.0221
Theft of Vehicle,2017,1,11,15,13,11XX COMMERCIAL DR,Grandview-Woodland,494945.8412,5458009.0578
Theft of Vehicle,2017,3,24,15,0,11XX DAVIE ST,West End,490360.0777,5458725.7671
Theft of Vehicle,2017,5,4,12,0,11XX DAVIE ST,West End,490360.0777,5458725.7671
Theft of Vehicle,2017,12,2,10,0,11XX DAVIE ST,West End,490360.0777,5458725.7671
Theft of Vehicle,2017,12,23,2,30,11XX DAVIE ST,West End,490366.6079,5458732.1678
Theft of Vehicle,2017,6,22,1,15,11XX DAVIE ST,West End,490425.6625,5458658.8553
Theft of Vehicle,2017,6,15,7,48,11XX DAVIE ST,West End,490445.6231,5458638.4909
Theft of Vehicle,2017,4,30,19,0,11XX DENMAN ST,West End,489780.4771,5459501.1811
Theft of Vehicle,2017,7,15,14,30,11XX E 13TH AVE,Mount Pleasant,494086.9062,5456220.6775
Theft of Vehicle,2017,12,30,11,21,11XX E 13TH AVE,Mount Pleasant,494086.9062,5456220.6775
Theft of Vehicle,2017,6,12,17,30,11XX E PENDER ST,Strathcona,494093.1937,5458587.0559
Theft of Vehicle,2017,2,18,11,0,11XX E PENDER ST,Strathcona,494166.864,5458585.1249
Theft of Vehicle,2017,4,1,23,0,11XX HARWOOD ST,West End,490259.9148,5458514.1177
Theft of Vehicle,2017,4,17,19,0,11XX HARWOOD ST,West End,490259.9148,5458514.1177
Theft of Vehicle,2017,11,7,23,0,11XX HARWOOD ST,West End,490291.7498,5458482.6829
Theft of Vehicle,2017,9,10,13,30,11XX HOMER ST,Central Business District,491100.1043,5458121.7293
Theft of Vehicle,2017,8,17,0,0,11XX KEEFER ST,Strathcona,494091.8934,5458483.9544
Theft of Vehicle,2017,10,17,20,0,11XX KEEFER ST,Strathcona,494091.8934,5458483.9544
Theft of Vehicle,2017,5,10,23,30,11XX KEEFER ST,Strathcona,494097.5473,5458493.0875
Theft of Vehicle,2017,5,7,2,0,11XX KINGSWAY AVE,Kensington-Cedar Cottage,494078.1411,5455551.1932
Theft of Vehicle,2017,4,30,12,0,11XX LAURIER AVE,Shaughnessy,490542.1453,5455328.2961
Theft of Vehicle,2017,4,25,18,30,11XX NANAIMO ST,Hastings-Sunrise,495889.3457,5458026.15
Theft of Vehicle,2017,8,14,0,0,11XX NANAIMO ST,Hastings-Sunrise,495889.3457,5458026.15
Theft of Vehicle,2017,2,7,20,30,11XX NELSON ST,West End,490676.296,5458872.085
Theft of Vehicle,2017,7,19,1,30,11XX ODLUM DR,Grandview-Woodland,494483.8219,5458006.2206
Theft of Vehicle,2017,10,26,0,0,11XX ODLUM DR,Grandview-Woodland,494483.8219,5458006.2206
Theft of Vehicle,2017,4,9,22,0,11XX PACIFIC ST,West End,490112.3146,5458514.902
Theft of Vehicle,2017,2,14,18,0,11XX PENDRELL ST,West End,490448.9859,5458805.0424
Theft of Vehicle,2017,11,27,1,0,11XX SEYMOUR ST,Central Business District,491006.3825,5458306.8154
Theft of Vehicle,2017,6,13,12,0,11XX STATION ST,Strathcona,492834.924,5457930.2559
Theft of Vehicle,2017,9,25,7,0,11XX UNION ST,Strathcona,494088.8267,5458285.405
Theft of Vehicle,2017,12,29,13,0,11XX VENABLES ST,Strathcona,494120.5358,5458235.958
Theft of Vehicle,2017,11,11,19,30,11XX VICTORIA DR,Grandview-Woodland,495227.5259,5457918.0928
Theft of Vehicle,2017,10,27,17,30,11XX W 11TH AVE,Fairview,490524.2694,5456547.4783
Theft of Vehicle,2017,8,11,17,0,11XX W 11TH AVE,Fairview,490600.4489,5456536.6906
Theft of Vehicle,2017,6,30,18,0,11XX W 33RD AVE,Shaughnessy,490511.7569,5454310.333
Theft of Vehicle,2017,8,28,5,0,11XX W 70TH AVE,Marpole,490379.1717,5450646.9295
Theft of Vehicle,2017,2,13,16,0,12XX BEACH AVE,West End,490017.8954,5458516.6392
Theft of Vehicle,2017,5,10,13,0,12XX BURNABY ST,West End,490151.5668,5458788.482
Theft of Vehicle,2017,8,28,19,30,12XX BURNABY ST,West End,490152.2575,5458787.7725
Theft of Vehicle,2017,6,5,22,57,12XX BURNABY ST,West End,490160.1998,5458766.4917
Theft of Vehicle,2017,7,18,22,0,12XX BUTE ST,West End,490271.2664,5458754.7897
Theft of Vehicle,2017,5,26,22,0,12XX BUTE ST,West End,490290.0318,5458787.0704
Theft of Vehicle,2017,5,1,22,30,12XX CARDERO ST,West End,489831.6868,5459079.6264
Theft of Vehicle,2017,4,24,4,41,12XX E 19TH AVE,Kensington-Cedar Cottage,494235.4624,5455649.53
Theft of Vehicle,2017,3,13,21,0,12XX E 27TH AVE,Kensington-Cedar Cottage,494183.6288,5454855.6913
Theft of Vehicle,2017,10,24,16,0,12XX E 59TH AVE,Sunset,494055.8319,5451514.9742
Theft of Vehicle,2017,10,21,3,0,12XX E 64TH AVE,Sunset,494148.6827,5451027.4459
Theft of Vehicle,2017,3,10,0,0,12XX E 67TH AVE,Sunset,494044.0115,5450747.3974
Theft of Vehicle,2017,8,4,0,0,12XX E 67TH AVE,Sunset,494044.0115,5450747.3974
Theft of Vehicle,2017,2,9,19,0,12XX E GEORGIA ST,Strathcona,494243.6498,5458423.868
Theft of Vehicle,2017,4,12,19,0,12XX E GEORGIA ST,Strathcona,494243.6498,5458423.868
Theft of Vehicle,2017,4,5,2,23,12XX FRANKLIN ST,Strathcona,494252.165,5458835.761
Theft of Vehicle,2017,5,17,12,0,12XX GRANVILLE ST,Central Business District,490766.3325,5458211.2139
Theft of Vehicle,2017,4,13,20,30,12XX HARO ST,West End,490598.0268,5459264.3867
Theft of Vehicle,2017,12,29,23,0,12XX HARO ST,West End,490598.0268,5459264.3867
Theft of Vehicle,2017,4,6,16,0,12XX HARO ST,West End,490679.4718,5459184.4171
Theft of Vehicle,2017,5,8,22,0,12XX HARWOOD ST,West End,490134.3732,5458638.113
Theft of Vehicle,2017,7,5,1,0,12XX HARWOOD ST,West End,490136.4368,5458636.0668
Theft of Vehicle,2017,7,17,0,0,12XX HOWE ST,Central Business District,490733.2331,5458324.4637
Theft of Vehicle,2017,10,3,18,0,12XX MARINASIDE CRES,Central Business District,491272.7556,5457788.3485
Theft of Vehicle,2017,3,13,11,6,12XX MELVILLE ST,Central Business District,490884.6131,5459551.5798
Theft of Vehicle,2017,9,3,15,30,12XX ROBSON ST,West End,490739.482,5459288.7975
Theft of Vehicle,2017,11,21,6,50,12XX THORNTON ST,Strathcona,493311.8647,5458060.484
Theft of Vehicle,2017,10,11,18,51,12XX THURLOW ST,West End,490456.2577,5458626.6287
Theft of Vehicle,2017,2,21,12,30,12XX VENABLES ST,Strathcona,494331.5318,5458231.2779
Theft of Vehicle,2017,8,11,19,0,12XX VICTORIA DR,Grandview-Woodland,495226.6851,5457861.7611
Theft of Vehicle,2017,6,24,18,44,12XX W 6TH AVE,Fairview,490441.9388,5457038.6594
Theft of Vehicle,2017,7,2,15,30,12XX W 7TH AVE,Fairview,490437.015,5456954.1095
Theft of Vehicle,2017,5,4,12,0,12XX W KING EDWARD AVE,Shaughnessy,490226.6793,5455195.7862
Theft of Vehicle,2017,10,19,21,0,13XX ALBERNI ST,West End,490667.2323,5459516.388
Theft of Vehicle,2017,5,26,18,40,13XX ARBUTUS ST,Kitsilano,488900.4675,5457971.3549
Theft of Vehicle,2017,3,6,21,0,13XX BARCLAY ST,West End,490491.5327,5459216.8039
Theft of Vehicle,2017,5,21,0,0,13XX BURNABY ST,West End,490047.2975,5458891.6543
Theft of Vehicle,2017,4,19,20,0,13XX BURNABY ST,West End,490063.0699,5458863.7223
Theft of Vehicle,2017,1,13,3,53,13XX BURRARD ST,Central Business District,490488.505,5458367.5339
Theft of Vehicle,2017,2,12,9,0,13XX COMOX ST,West End,490334.0111,5459059.6191
Theft of Vehicle,2017,6,6,13,0,13XX COTTON DR,Grandview-Woodland,494803.8126,5457807.4837
Theft of Vehicle,2017,6,6,23,0,13XX DAVIE ST,West End,490161.1109,5458924.2355
Theft of Vehicle,2017,12,22,16,30,13XX E 1ST AVE,Grandview-Woodland,494490.6511,5457438.045
Theft of Vehicle,2017,2,2,15,0,13XX E 2ND AVE,Grandview-Woodland,494439.8146,5457339.0477
Theft of Vehicle,2017,4,8,2,0,13XX E 33RD AVE,Kensington-Cedar Cottage,494279.6138,5454158.5605
Theft of Vehicle,2017,12,6,14,33,13XX E 35TH AVE,Kensington-Cedar Cottage,494341.6037,5453972.9054
Theft of Vehicle,2017,5,27,22,0,13XX E 3RD AVE,Grandview-Woodland,494428.958,5457239.0936
Theft of Vehicle,2017,3,30,8,45,13XX E 41ST AVE,Kensington-Cedar Cottage,494333.3247,5453337.419
Theft of Vehicle,2017,12,24,23,0,13XX E 47TH AVE,Sunset,494183.4205,5452769.9618
Theft of Vehicle,2017,3,7,18,0,13XX E 63RD AVE,Sunset,494191.4991,5451119.055
Theft of Vehicle,2017,10,18,9,0,13XX E 63RD AVE,Sunset,494324.061,5451119.3323
Theft of Vehicle,2017,8,14,17,21,13XX E HASTINGS ST,Grandview-Woodland,494419.2444,5458739.2092
Theft of Vehicle,2017,1,26,6,40,13XX E KENT AVE N,Sunset,494282.4885,5450726.1732
Theft of Vehicle,2017,8,5,18,25,13XX FRANCES ST,Grandview-Woodland,494396.5106,5458521.8298
Theft of Vehicle,2017,10,23,17,0,13XX FRANCES ST,Grandview-Woodland,494427.017,5458521.1914
Theft of Vehicle,2017,7,10,11,7,13XX GRAVELEY ST,Grandview-Woodland,494398.1424,5457531.8356
Theft of Vehicle,2017,6,11,2,0,13XX GRAVELEY ST,Grandview-Woodland,494418.9859,5457531.5254
Theft of Vehicle,2017,2,20,15,0,13XX HARO ST,West End,490568.9576,5459292.8576
Theft of Vehicle,2017,8,24,17,0,13XX HARO ST,West End,490568.9576,5459292.8576
Theft of Vehicle,2017,1,13,20,14,13XX HARWOOD ST,West End,489997.6244,5458774.114
Theft of Vehicle,2017,6,20,0,30,13XX MAPLE ST,Kitsilano,489083.8768,5457970.241
Theft of Vehicle,2017,5,11,22,0,13XX NICOLA ST,West End,489844.3296,5458924.1426
Theft of Vehicle,2017,10,18,3,30,13XX SALSBURY DR,Grandview-Woodland,495075.5344,5457758.7118
Theft of Vehicle,2017,5,3,0,0,13XX SEYMOUR ST,Central Business District,490699.6717,5457993.6499
Theft of Vehicle,2017,10,4,20,0,13XX W 53RD AVE,Oakridge,489993.5792,5452203.8593
Theft of Vehicle,2017,8,11,19,30,13XX W 64TH AVE,Marpole,490072.0418,5451158.1099
Theft of Vehicle,2017,11,15,19,0,13XX W 64TH AVE,Marpole,490218.3394,5451144.6387
Theft of Vehicle,2017,3,11,14,0,13XX W 70TH AVE,Marpole,490020.9855,5450656.6537
Theft of Vehicle,2017,3,7,16,28,14XX BARCLAY ST,West End,490342.8284,5459363.4756
Theft of Vehicle,2017,5,23,2,0,14XX BARCLAY ST,West End,490378.3866,5459327.5326
Theft of Vehicle,2017,5,13,16,30,14XX CAROLINA ST,Strathcona,493523.6501,5457704.9283
Theft of Vehicle,2017,9,9,18,0,14XX E 11TH AVE,Kensington-Cedar Cottage,494502.1116,5456413.2851
Theft of Vehicle,2017,8,11,13,0,14XX E 21ST AVE,Kensington-Cedar Cottage,494474.369,5455434.5232
Theft of Vehicle,2017,10,14,9,0,14XX E 63RD AVE,Victoria-Fraserview,494394.8737,5451119.3865
Theft of Vehicle,2017,3,4,14,30,14XX E 7TH AVE,Grandview-Woodland,494509.6374,5456825.4699
Theft of Vehicle,2017,8,25,15,0,14XX E 7TH AVE,Grandview-Woodland,494509.6374,5456825.4699
Theft of Vehicle,2017,4,1,13,0,14XX E BROADWAY AVE,Grandview-Woodland,494525.8901,5456630.5808
Theft of Vehicle,2017,3,2,22,30,14XX E GEORGIA ST,Grandview-Woodland,494496.9045,5458419.2359
Theft of Vehicle,2017,10,8,20,0,14XX GRAVELEY ST,Grandview-Woodland,494521.7217,5457529.9973
Theft of Vehicle,2017,12,26,12,0,14XX GRAVELEY ST,Grandview-Woodland,494521.7217,5457529.9973
Theft of Vehicle,2017,9,26,13,30,14XX GRAVELEY ST,Grandview-Woodland,494568.3888,5457529.3081
Theft of Vehicle,2017,12,25,23,30,14XX GRAVELEY ST,Grandview-Woodland,494568.3888,5457529.3081
Theft of Vehicle,2017,1,15,15,13,14XX HARWOOD ST,West End,489917.5273,5458853.1179
Theft of Vehicle,2017,6,10,14,30,14XX HARWOOD ST,West End,489924.7046,5458849.1076
Theft of Vehicle,2017,8,30,23,30,14XX HOWE ST,Central Business District,490507.7843,5458099.4474
Theft of Vehicle,2017,12,8,16,0,14XX LAURIER AVE,Shaughnessy,489888.9129,5455345.6456
Theft of Vehicle,2017,8,4,14,0,14XX MINTO CRES,Shaughnessy,489883.5311,5454455.8679
Theft of Vehicle,2017,9,30,17,0,14XX NELSON ST,West End,490292.8212,5459254.3702
Theft of Vehicle,2017,12,27,17,4,14XX QUEBEC ST,Mount Pleasant,492586.2532,5457734.6766
Theft of Vehicle,2017,8,13,19,0,14XX ROBSON ST,West End,490542.7452,5459472.1427
Theft of Vehicle,2017,10,1,21,0,14XX SEMLIN DR,Grandview-Woodland,495356.6022,5457662.871
Theft of Vehicle,2017,11,20,17,30,14XX SW MARINE DR,Marpole,489874.3614,5450193.517
Theft of Vehicle,2017,10,7,11,26,14XX VICTORIA DR,Grandview-Woodland,495224.4604,5457701.6959
Theft of Vehicle,2017,1,8,21,0,14XX W 14TH AVE,Fairview,490074.9957,5456238.6763
Theft of Vehicle,2017,11,4,0,15,14XX W 45TH AVE,Oakridge,489954.8339,5453091.3583
Theft of Vehicle,2017,10,20,15,36,14XX W GEORGIA ST,West End,490652.4855,5459608.8933
Theft of Vehicle,2017,12,10,22,0,14XX WILLIAM ST,Grandview-Woodland,494538.3804,5457923.7763
Theft of Vehicle,2017,4,17,20,30,15XX ADANAC ST,Grandview-Woodland,494612.1305,5458318.2
Theft of Vehicle,2017,3,30,18,20,15XX BOUNDARY RD,Hastings-Sunrise,498273.8596,5457604.192
Theft of Vehicle,2017,2,17,19,10,15XX CLARK DR,Grandview-Woodland,494377.8193,5457568.7013
Theft of Vehicle,2017,11,17,0,0,15XX COMMERCIAL DR,Grandview-Woodland,494939.5988,5457621.0585
Theft of Vehicle,2017,6,10,12,0,15XX E 20TH AVE,Kensington-Cedar Cottage,494655.5347,5455530.1287
Theft of Vehicle,2017,3,13,20,0,15XX E 26TH AVE,Kensington-Cedar Cottage,494741.5175,5455002.9912
Theft of Vehicle,2017,7,4,19,0,15XX E 49TH AVE,Victoria-Fraserview,494645.8421,5452504.4974
Theft of Vehicle,2017,4,23,0,0,15XX E 4TH AVE,Grandview-Woodland,494739.0716,5457122.9209
Theft of Vehicle,2017,9,8,20,0,15XX E BROADWAY AVE,Kensington-Cedar Cottage,494668.3725,5456619.3642
Theft of Vehicle,2017,2,15,0,0,15XX E KENT AVE N,Victoria-Fraserview,494536.8837,5450755.794
Theft of Vehicle,2017,6,16,21,0,15XX GRAVELEY ST,Grandview-Woodland,494662.7308,5457527.9088
Theft of Vehicle,2017,9,15,12,0,15XX GRAVELEY ST,Grandview-Woodland,494700.8464,5457527.3117
Theft of Vehicle,2017,6,30,10,0,15XX HARWOOD ST,West End,489839.446,5458930.4514
Theft of Vehicle,2017,9,4,3,59,15XX HOWE ST,Central Business District,490411.6225,5458001.9741
Theft of Vehicle,2017,5,28,10,42,15XX MAIN ST,Mount Pleasant,492697.8332,5457658.4092
Theft of Vehicle,2017,5,25,22,0,15XX MATTHEWS AVE,Shaughnessy,489750.2031,5455578.4495
Theft of Vehicle,2017,9,16,12,0,15XX NELSON ST,West End,490225.2814,5459320.425
Theft of Vehicle,2017,6,26,17,38,15XX RAND AVE,Marpole,489588.2959,5450352.8135
Theft of Vehicle,2017,11,12,19,30,15XX RENFREW ST,Hastings-Sunrise,496788.1352,5457617.9385
Theft of Vehicle,2017,11,20,15,3,15XX SE MARINE DR,Victoria-Fraserview,494486.3945,5450912.7361
Theft of Vehicle,2017,10,1,16,50,15XX VINE ST,Kitsilano,488557.7014,5457772.9759
Theft of Vehicle,2017,12,1,18,15,15XX W 13TH AVE,Fairview,489896.8308,5456343.8069
Theft of Vehicle,2017,9,28,7,31,15XX W 1ST AVE,Fairview,489811.3325,5457645.5782
Theft of Vehicle,2017,10,27,23,30,15XX W 4TH AVE,Fairview,489882.8872,5457256.5412
Theft of Vehicle,2017,1,19,22,0,15XX W 57TH AVE,Kerrisdale,489748.0003,5451854.2863
Theft of Vehicle,2017,2,13,20,0,15XX W 68TH AVE,Marpole,489564.848,5450868.1079
Theft of Vehicle,2017,12,24,6,15,15XX WOODLAND DR,Grandview-Woodland,494652.221,5457578.8873
Theft of Vehicle,2017,6,26,16,0,15XX WOODLAND DR,Grandview-Woodland,494662.3538,5457629.1743
Theft of Vehicle,2017,6,1,19,0,16XX BARCLAY ST,West End,490198.1158,5459506.7343
Theft of Vehicle,2017,5,9,15,11,16XX BAYSHORE DR,Central Business District,490596.6783,5459868.0693
Theft of Vehicle,2017,12,9,13,0,16XX COMOX ST,West End,490068.2347,5459335.7802
Theft of Vehicle,2017,10,18,14,44,16XX DAVIE ST,West End,489906.4127,5459175.1542
Theft of Vehicle,2017,11,4,17,0,16XX DAVIE ST,West End,489906.4127,5459175.1542
Theft of Vehicle,2017,8,23,14,0,16XX E 10TH AVE,Kensington-Cedar Cottage,494828.8125,5456521.9378
Theft of Vehicle,2017,12,1,13,43,16XX E 12TH AVE,Kensington-Cedar Cottage,494819.8354,5456312.1862
Theft of Vehicle,2017,9,6,5,0,16XX E 1ST AVE,Grandview-Woodland,494856.0732,5457431.2335
Theft of Vehicle,2017,7,13,20,0,16XX E 21ST AVE,Kensington-Cedar Cottage,494768.3394,5455427.7897
Theft of Vehicle,2017,3,26,20,0,16XX E 33RD AVE,Kensington-Cedar Cottage,494808.4651,5454149.3214
Theft of Vehicle,2017,4,20,18,0,16XX E 64TH AVE,Victoria-Fraserview,494626.313,5451017.8132
Theft of Vehicle,2017,2,9,11,20,16XX E 6TH AVE,Grandview-Woodland,494787.0968,5456924.4808
Theft of Vehicle,2017,9,16,23,16,16XX E HASTINGS ST,Grandview-Woodland,494815.0001,5458721.4259
Theft of Vehicle,2017,4,12,21,30,16XX E KENT AVE S,Victoria-Fraserview,494677.2178,5450703.7465
Theft of Vehicle,2017,3,10,21,0,16XX E PENDER ST,Grandview-Woodland,494723.357,5458614.9868
Theft of Vehicle,2017,5,15,19,30,16XX FRANCES ST,Grandview-Woodland,494864.6918,5458511.9106
Theft of Vehicle,2017,9,9,10,30,16XX GRANT ST,Grandview-Woodland,494802.4373,5457627.8592
Theft of Vehicle,2017,12,6,17,0,16XX GRAVELEY ST,Grandview-Woodland,494801.1359,5457525.7754
Theft of Vehicle,2017,1,25,18,0,16XX GRAVELEY ST,Grandview-Woodland,494821.67,5457534.7005
Theft of Vehicle,2017,1,18,18,0,16XX HARO ST,West End,490294.6443,5459566.5865
Theft of Vehicle,2017,4,29,21,30,16XX JOHNSTON ST,Fairview,490124.9546,5457766.1695
Theft of Vehicle,2017,6,7,20,30,16XX ONTARIO ST,Mount Pleasant,492385.0288,5457533.6844
Theft of Vehicle,2017,11,14,21,0,16XX PENDRELL ST,West End,489916.532,5459322.0236
Theft of Vehicle,2017,3,11,20,54,16XX SALSBURY DR,Grandview-Woodland,495078.9376,5457486.8859
Theft of Vehicle,2017,5,10,4,0,16XX TRAFALGAR ST,Kitsilano,488044.6458,5457691.2874
Theft of Vehicle,2017,10,6,22,20,16XX VENABLES ST,Grandview-Woodland,494943.2192,5458208.9501
Theft of Vehicle,2017,11,9,17,0,16XX W 5TH AVE,Fairview,489670.7483,5457164.4241
Theft of Vehicle,2017,7,3,19,30,17XX BARCLAY ST,West End,490103.0211,5459601.1709
Theft of Vehicle,2017,11,13,1,0,17XX BURRARD ST,Fairview,489419.4108,5457523.1056
Theft of Vehicle,2017,4,1,18,50,17XX COMOX ST,West End,489888.1719,5459515.3215
Theft of Vehicle,2017,11,24,20,0,17XX COTTRELL ST,Strathcona,493899.9701,5457446.692
Theft of Vehicle,2017,8,18,4,30,17XX DAVIE ST,West End,489742.0455,5459351.9429
Theft of Vehicle,2017,11,20,22,0,17XX DAVIE ST,West End,489742.0455,5459351.9429
Theft of Vehicle,2017,10,8,17,0,17XX DAVIE ST,West End,489782.4678,5459311.7257
Theft of Vehicle,2017,4,9,18,50,17XX E 28TH AVE,Kensington-Cedar Cottage,494906.3945,5454699.2442
Theft of Vehicle,2017,7,23,22,0,17XX E 2ND AVE,Grandview-Woodland,494989.2914,5457332.8269
Theft of Vehicle,2017,1,24,12,0,17XX E 33RD AVE,Kensington-Cedar Cottage,494899.4528,5454156.3331
Theft of Vehicle,2017,2,15,2,0,17XX E 33RD AVE,Kensington-Cedar Cottage,494899.4528,5454156.3331
Theft of Vehicle,2017,11,17,17,0,17XX E 37TH AVE,Kensington-Cedar Cottage,494806.206,5453774.0231
Theft of Vehicle,2017,2,4,21,0,17XX E 3RD AVE,Grandview-Woodland,494944.9203,5457223.2413
Theft of Vehicle,2017,9,11,21,0,17XX E GEORGIA ST,Grandview-Woodland,494921.8411,5458420.2667
Theft of Vehicle,2017,12,1,0,0,17XX GRANT ST,Grandview-Woodland,494974.7063,5457621.3902
Theft of Vehicle,2017,9,10,12,0,17XX HARO ST,West End,490126.1592,5459731.1584
Theft of Vehicle,2017,10,2,23,0,17XX KITCHENER ST,Grandview-Woodland,494943.6241,5457706.5276
Theft of Vehicle,2017,9,3,7,38,17XX QUEBEC ST,Mount Pleasant,492523.5785,5457415.4789
Theft of Vehicle,2017,9,20,0,0,17XX ROBSON ST,West End,490168.5069,5459855.102
Theft of Vehicle,2017,3,21,14,30,17XX VENABLES ST,Grandview-Woodland,494950.8631,5458208.7815
Theft of Vehicle,2017,12,20,18,0,17XX VENABLES ST,Grandview-Woodland,494950.8631,5458208.7815
Theft of Vehicle,2017,1,23,18,0,17XX VINE ST,Kitsilano,488553.2514,5457573.635
Theft of Vehicle,2017,10,23,19,0,17XX W 14TH AVE,Fairview,489459.8349,5456265.3705
Theft of Vehicle,2017,7,6,21,0,17XX W 29TH AVE,Shaughnessy,489436.535,5454756.3499
Theft of Vehicle,2017,7,19,17,0,17XX W 2ND AVE,Fairview,489432.6876,5457452.0191
Theft of Vehicle,2017,5,9,21,10,17XX W 38TH AVE,Shaughnessy,489454.4094,5453808.0821
Theft of Vehicle,2017,10,22,21,0,18XX BALACLAVA ST,Kitsilano,487365.2889,5457507.9221
Theft of Vehicle,2017,1,4,0,0,18XX CROWE ST,Mount Pleasant,491862.2149,5457312.4911
Theft of Vehicle,2017,4,9,21,0,18XX DISCOVERY ST,West Point Grey,485249.316,5457598.9451
Theft of Vehicle,2017,8,28,9,30,18XX E 10TH AVE,Kensington-Cedar Cottage,495145.3175,5456520.1418
Theft of Vehicle,2017,7,10,18,20,18XX E 14TH AVE,Kensington-Cedar Cottage,495071.3948,5456114.6016
Theft of Vehicle,2017,12,11,20,7,18XX E 39TH AVE,Kensington-Cedar Cottage,495062.9194,5453532.9367
Theft of Vehicle,2017,7,31,16,50,18XX E 3RD AVE,Grandview-Woodland,495072.744,5457221.453
Theft of Vehicle,2017,5,22,6,12,18XX E 55TH AVE,Victoria-Fraserview,494964.216,5451946.7488
Theft of Vehicle,2017,11,10,22,0,18XX E 8TH AVE,Grandview-Woodland,495192.6249,5456717.4484
Theft of Vehicle,2017,12,7,20,30,18XX E GEORGIA ST,Grandview-Woodland,495038.5316,5458409.0657
Theft of Vehicle,2017,10,16,0,30,18XX E GEORGIA ST,Grandview-Woodland,495137.7137,5458415.2534
Theft of Vehicle,2017,11,23,12,0,18XX E HASTINGS ST,Grandview-Woodland,495065.6393,5458717.8464
Theft of Vehicle,2017,4,25,7,50,18XX E HASTINGS ST,Grandview-Woodland,495079.3488,5458717.6124
Theft of Vehicle,2017,11,8,3,40,18XX E PENDER ST,Grandview-Woodland,495041.5152,5458609.507
Theft of Vehicle,2017,10,7,19,0,18XX E PENDER ST,Grandview-Woodland,495187.0714,5458607.8181
Theft of Vehicle,2017,4,27,0,0,18XX FRANCES ST,Grandview-Woodland,495156.7658,5458505.6142
Theft of Vehicle,2017,9,14,1,0,18XX FRANCES ST,Grandview-Woodland,495164.2522,5458514.6052
Theft of Vehicle,2017,4,17,17,30,18XX FRANKLIN ST,Grandview-Woodland,495044.1825,5458820.7217
Theft of Vehicle,2017,10,11,1,0,18XX FRANKLIN ST,Grandview-Woodland,495047.8094,5458820.6562
Theft of Vehicle,2017,9,6,23,0,18XX FRANKLIN ST,Grandview-Woodland,495167.5001,5458818.4951
Theft of Vehicle,2017,7,28,15,30,18XX GRANT ST,Grandview-Woodland,495085.1125,5457611.8048
Theft of Vehicle,2017,11,30,0,0,18XX GRANT ST,Grandview-Woodland,495085.1125,5457611.8048
Theft of Vehicle,2017,11,1,18,30,18XX GREER AVE,Kitsilano,489351.2352,5457871.797
Theft of Vehicle,2017,3,7,18,0,18XX KITCHENER ST,Grandview-Woodland,495086.3161,5457705.3413
Theft of Vehicle,2017,9,5,20,0,18XX KITCHENER ST,Grandview-Woodland,495086.3161,5457705.3413
Theft of Vehicle,2017,12,18,17,0,18XX MCLEAN DR,Grandview-Woodland,494506.6435,5457297.4392
Theft of Vehicle,2017,4,11,19,12,18XX PANDORA ST,Grandview-Woodland,495103.0109,5458929.4644
Theft of Vehicle,2017,5,25,18,0,18XX SCOTIA ST,Mount Pleasant,492916.0148,5457288.9526
Theft of Vehicle,2017,12,16,21,0,18XX SE MARINE DR,Victoria-Fraserview,495026.2184,5450861.9364
Theft of Vehicle,2017,7,23,1,0,18XX TRIUMPH ST,Grandview-Woodland,495101.9973,5458993.4458
Theft of Vehicle,2017,10,14,18,30,18XX UPLAND DR,Victoria-Fraserview,495027.246,5451688.1166
Theft of Vehicle,2017,8,17,18,0,18XX W 29TH AVE,Shaughnessy,489227.928,5454769.9981
Theft of Vehicle,2017,5,29,19,0,18XX W 6TH AVE,Kitsilano,489394.0042,5457066.0948
Theft of Vehicle,2017,8,6,16,20,18XX W BROADWAY AVE,Kitsilano,489252.7147,5456780.5577
Theft of Vehicle,2017,9,26,4,0,18XX W BROADWAY AVE,Kitsilano,489252.7147,5456780.5577
Theft of Vehicle,2017,7,20,19,0,19XX ALBERNI ST,West End,490076.4347,5460088.4941
Theft of Vehicle,2017,5,25,23,0,19XX ALBERNI ST,West End,490105.2549,5460059.3193
Theft of Vehicle,2017,8,3,16,30,19XX BALSAM ST,Kitsilano,488377.7306,5457381.2667
Theft of Vehicle,2017,2,17,19,15,19XX BARCLAY ST,West End,489837.4126,5459876.2802
Theft of Vehicle,2017,2,17,20,0,19XX BARCLAY ST,West End,489837.4126,5459876.2802
Theft of Vehicle,2017,5,13,16,0,19XX CHARLES ST,Grandview-Woodland,495311.1097,5457802.2194
Theft of Vehicle,2017,3,2,20,0,19XX E 22ND AVE,Kensington-Cedar Cottage,495167.8018,5455277.2858
Theft of Vehicle,2017,4,23,23,25,19XX E 22ND AVE,Kensington-Cedar Cottage,495167.8018,5455277.2858
Theft of Vehicle,2017,12,22,11,30,19XX E 43RD AVE,Victoria-Fraserview,495129.5209,5453078.4468
Theft of Vehicle,2017,5,21,0,0,19XX E 4TH AVE,Grandview-Woodland,495218.5363,5457118.4342
Theft of Vehicle,2017,5,30,18,30,19XX E 61ST AVE,Victoria-Fraserview,495098.1289,5451310.5285
Theft of Vehicle,2017,5,29,13,14,19XX E HASTINGS ST,Grandview-Woodland,495323.4557,5458722.542
Theft of Vehicle,2017,12,13,15,0,19XX E KENT AVE S,Victoria-Fraserview,495051.6304,5450545.572
Theft of Vehicle,2017,7,19,0,0,19XX GARDEN DR,Grandview-Woodland,495771.962,5457184.4802
Theft of Vehicle,2017,12,17,15,0,19XX GRANT ST,Grandview-Woodland,495224.8577,5457610.8323
Theft of Vehicle,2017,10,28,11,52,19XX HARO ST,West End,489921.9176,5459933.4163
Theft of Vehicle,2017,10,31,17,30,19XX HIGHBURY ST,West Point Grey,486358.0296,5457433.5574
Theft of Vehicle,2017,5,18,20,30,19XX LILLOOET ST,Hastings-Sunrise,497158.0623,5457109.3121
Theft of Vehicle,2017,4,17,15,0,19XX MAIN ST,Mount Pleasant,492675.3757,5457254.8133
Theft of Vehicle,2017,2,9,12,0,19XX NOOTKA ST,Hastings-Sunrise,496985.4211,5457201.5059
Theft of Vehicle,2017,1,15,22,30,19XX SASAMAT PL,West Point Grey,484882.723,5457442.3835
Theft of Vehicle,2017,2,12,16,30,19XX W 49TH AVE,Kerrisdale,489105.204,5452716.6624
Theft of Vehicle,2017,9,8,18,45,19XX W 4TH AVE,Kitsilano,489203.5255,5457269.6845
Theft of Vehicle,2017,1,9,18,30,19XX W 7TH AVE,Kitsilano,489144.6244,5456987.8796
Theft of Vehicle,2017,11,29,17,0,19XX WHYTE AVE,Kitsilano,489211.1881,5458080.0842
Theft of Vehicle,2017,9,14,11,0,1XX ALEXANDER ST,Central Business District,492669.106,5459030.3615
Theft of Vehicle,2017,4,9,10,0,1XX DRAKE ST,Central Business District,491161.169,5457700.6089
Theft of Vehicle,2017,5,8,21,15,1XX E 14TH AVE,Mount Pleasant,492499.3094,5456184.7707
Theft of Vehicle,2017,7,26,18,30,1XX E 20TH AVE,Riley Park,492521.8774,5455552.2918
Theft of Vehicle,2017,10,9,14,0,1XX E 27TH AVE,Riley Park,492492.1935,5454944.9058
Theft of Vehicle,2017,6,1,5,15,1XX E 3RD AVE,Mount Pleasant,492614.4082,5457284.3081
Theft of Vehicle,2017,3,11,6,35,1XX E 43RD AVE,Sunset,492463.7476,5453129.618
Theft of Vehicle,2017,6,10,3,50,1XX E 53RD AVE,Sunset,492536.1094,5452140.2034
Theft of Vehicle,2017,11,10,16,0,1XX E BROADWAY AVE,Mount Pleasant,492561.7273,5456687.5299
Theft of Vehicle,2017,4,6,23,0,1XX E CORDOVA ST,Central Business District,492585.3551,5458852.5211
Theft of Vehicle,2017,11,25,4,0,1XX E CORDOVA ST,Central Business District,492606.1449,5458851.795
Theft of Vehicle,2017,9,11,2,0,1XX E HASTINGS ST,Central Business District,492571.6489,5458738.7436
Theft of Vehicle,2017,7,15,4,30,1XX E WATERFRONT RD,Central Business District,492593.6691,5459081.3661
Theft of Vehicle,2017,10,11,16,30,1XX GARDEN DR,Grandview-Woodland,495803.6476,5458994.7734
Theft of Vehicle,2017,9,23,19,0,1XX GORE AVE,Strathcona,492889.8036,5459034.9232
Theft of Vehicle,2017,9,2,15,0,1XX GORE AVE,Strathcona,492891.8857,5459010.7567
Theft of Vehicle,2017,9,3,0,0,1XX KAMLOOPS ST,Hastings-Sunrise,496034.9016,5459016.4468
Theft of Vehicle,2017,9,28,19,0,1XX KEEFER ST,Central Business District,492579.935,5458506.9319
Theft of Vehicle,2017,10,26,18,0,1XX N KASLO ST,Hastings-Sunrise,496599.1962,5459230.8975
Theft of Vehicle,2017,9,8,6,30,1XX N RENFREW ST,Hastings-Sunrise,496800.8425,5459219.3308
Theft of Vehicle,2017,7,2,10,0,1XX N SKEENA ST,Hastings-Sunrise,497945.5777,5459271.5052
Theft of Vehicle,2017,2,26,17,0,1XX SEMLIN DR,Grandview-Woodland,495381.889,5459016.0179
Theft of Vehicle,2017,5,15,4,11,1XX SKEENA ST,Hastings-Sunrise,497945.4163,5459011.4506
Theft of Vehicle,2017,6,29,23,0,1XX W 11TH AVE,Mount Pleasant,492146.0197,5456505.7652
Theft of Vehicle,2017,5,13,16,0,1XX W 11TH AVE,Mount Pleasant,492167.0717,5456496.3156
Theft of Vehicle,2017,9,16,12,0,1XX W 17TH AVE,Riley Park,492048.0269,5455895.8527
Theft of Vehicle,2017,10,9,20,0,1XX W 18TH AVE,Riley Park,492110.1354,5455774.962
Theft of Vehicle,2017,5,21,14,0,1XX W 4TH AVE,Mount Pleasant,492175.2241,5457185.5807
Theft of Vehicle,2017,5,23,19,0,1XX W 8TH AVE,Mount Pleasant,492151.8172,5456785.1419
Theft of Vehicle,2017,7,21,17,0,1XX W BROADWAY AVE,Mount Pleasant,492122.1375,5456712.873
Theft of Vehicle,2017,8,10,16,49,1XX W BROADWAY AVE,Mount Pleasant,492129.2264,5456712.5725
Theft of Vehicle,2017,9,14,15,0,1XX W BROADWAY AVE,Mount Pleasant,492200.1153,5456709.5675
Theft of Vehicle,2017,12,1,20,30,1XX W BROADWAY AVE,Mount Pleasant,492213.9058,5456699.8307
Theft of Vehicle,2017,5,11,10,32,1XX W CORDOVA ST,Central Business District,492183.8605,5458931.5946
Theft of Vehicle,2017,5,11,10,32,1XX W CORDOVA ST,Central Business District,492185.6625,5458931.117
Theft of Vehicle,2017,6,26,14,1,1XX W CORDOVA ST,Central Business District,492204.058,5458916.7796
Theft of Vehicle,2017,10,3,0,1,1XX W CORDOVA ST,Central Business District,492222.8846,5458911.7877
Theft of Vehicle,2017,2,23,22,34,1XX W GEORGIA ST,Central Business District,491773.9448,5458495.4985
Theft of Vehicle,2017,3,9,18,15,1XX W GEORGIA ST,Central Business District,491773.9448,5458495.4985
Theft of Vehicle,2017,3,12,18,0,1XX W GEORGIA ST,Central Business District,491773.9448,5458495.4985
Theft of Vehicle,2017,11,9,10,0,1XX W HASTINGS ST,Central Business District,492094.3811,5458839.053
Theft of Vehicle,2017,11,4,12,0,1XX W KENT AVE N,Marpole,492033.0931,5450462.026
Theft of Vehicle,2017,4,26,16,0,1XX W KENT AVE S,Marpole,492130.0702,5450412.3969
Theft of Vehicle,2017,2,25,18,15,1XX WATER ST,Central Business District,492203.2678,5459031.6462
Theft of Vehicle,2017,8,16,5,1,1XX WATER ST,Central Business District,492251.0364,5459018.8895
Theft of Vehicle,2017,10,28,22,0,1XX WOODLAND DR,Grandview-Woodland,494726.4774,5458971.5579
Theft of Vehicle,2017,11,7,18,57,200K ALEXANDER ST,Strathcona,492767.8903,5459039.1965
Theft of Vehicle,2017,1,26,18,40,20XX ALMA ST,West Point Grey,486484.4547,5457256.7299
Theft of Vehicle,2017,9,28,22,39,20XX BARCLAY ST,West End,489742.7441,5459975.2361
Theft of Vehicle,2017,8,1,9,16,20XX BEACH AVE,West End,489498.1147,5459651.8109
Theft of Vehicle,2017,12,1,15,0,20XX E 13TH AVE,Kensington-Cedar Cottage,495447.6043,5456211.9842
Theft of Vehicle,2017,9,15,7,45,20XX E 19TH AVE,Kensington-Cedar Cottage,495462.2383,5455589.5243
Theft of Vehicle,2017,11,18,14,0,20XX E 1ST AVE,Grandview-Woodland,495393.284,5457428.5274
Theft of Vehicle,2017,9,15,18,0,20XX E 22ND AVE,Kensington-Cedar Cottage,495412.2022,5455273.586
Theft of Vehicle,2017,1,13,22,45,20XX E 25TH AVE,Kensington-Cedar Cottage,495272.6382,5455078.7073
Theft of Vehicle,2017,8,25,21,0,20XX E 28TH AVE,Kensington-Cedar Cottage,495267.0275,5454779.0463
Theft of Vehicle,2017,8,22,22,0,20XX E 28TH AVE,Kensington-Cedar Cottage,495343.3314,5454778.7662
Theft of Vehicle,2017,9,13,22,0,20XX E 2ND AVE,Grandview-Woodland,495406.3479,5457327.2016
Theft of Vehicle,2017,9,18,15,0,20XX E 37TH AVE,Kensington-Cedar Cottage,495314.4476,5453790.1715
Theft of Vehicle,2017,6,6,5,12,20XX E 3RD AVE,Grandview-Woodland,495406.8318,5457216.9714
Theft of Vehicle,2017,6,9,18,30,20XX FERNDALE ST,Grandview-Woodland,495379.9082,5458542.8652
Theft of Vehicle,2017,8,29,19,0,20XX GRAVELEY ST,Grandview-Woodland,495366.2634,5457518.5981
Theft of Vehicle,2017,5,9,23,0,20XX HARO ST,West End,489855.4698,5459999.6123
Theft of Vehicle,2017,11,22,19,0,20XX KITCHENER ST,Grandview-Woodland,495368.6273,5457700.6745
Theft of Vehicle,2017,11,7,12,0,20XX LARCH ST,Kitsilano,488200.5351,5457291.6633
Theft of Vehicle,2017,4,30,21,0,20XX NELSON ST,West End,489593.5409,5459958.8558
Theft of Vehicle,2017,10,31,17,0,20XX PANDORA ST,Grandview-Woodland,495382.2486,5458918.3029
Theft of Vehicle,2017,11,28,15,0,20XX TRIUMPH ST,Grandview-Woodland,495384.3479,5459016.404
Theft of Vehicle,2017,2,19,14,0,20XX W 5TH AVE,Kitsilano,489048.1213,5457168.1417
Theft of Vehicle,2017,4,6,18,30,20XX W 8TH AVE,Kitsilano,489025.9658,5456889.8226
Theft of Vehicle,2017,7,7,16,0,20XX WALL ST,Grandview-Woodland,495375.017,5459139.7935
Theft of Vehicle,2017,6,8,20,0,21XX E 33RD AVE,Kensington-Cedar Cottage,495509.3023,5454118.7992
Theft of Vehicle,2017,5,8,23,45,21XX E 38TH AVE,Kensington-Cedar Cottage,495368.6123,5453688.0552
Theft of Vehicle,2017,2,28,17,0,21XX E 39TH AVE,Kensington-Cedar Cottage,495357.4402,5453567.5092
Theft of Vehicle,2017,10,17,0,0,21XX E 4TH AVE,Grandview-Woodland,495530.7137,5457106.9763
Theft of Vehicle,2017,5,26,13,0,21XX E 52ND AVE,Victoria-Fraserview,495348.7431,5452155.6877
Theft of Vehicle,2017,1,28,14,0,21XX FERNDALE ST,Grandview-Woodland,495554.6908,5458542.3523
Theft of Vehicle,2017,1,8,19,0,21XX GRAVELEY ST,Grandview-Woodland,495541.4933,5457515.8541
Theft of Vehicle,2017,12,29,10,30,21XX KINGSWAY AVE,Kensington-Cedar Cottage,495409.5697,5454595.4819
Theft of Vehicle,2017,1,21,2,36,21XX MAIN ST,Mount Pleasant,492656.7375,5457064.5755
Theft of Vehicle,2017,11,4,12,30,21XX PANDORA ST,Grandview-Woodland,495587.1626,5458914.5086
Theft of Vehicle,2017,4,13,22,0,21XX PARKER ST,Grandview-Woodland,495513.293,5458098.5789
Theft of Vehicle,2017,8,11,12,0,21XX RUPERT ST,Hastings-Sunrise,497534.6166,5456921.8851
Theft of Vehicle,2017,1,24,18,0,21XX TRIUMPH ST,Grandview-Woodland,495523.4593,5459015.712
Theft of Vehicle,2017,11,16,21,0,21XX TRIUMPH ST,Grandview-Woodland,495523.4593,5459015.712
Theft of Vehicle,2017,6,6,21,30,21XX W 13TH AVE,Kitsilano,488851.724,5456371.918
Theft of Vehicle,2017,10,11,22,30,21XX W 15TH AVE,Kitsilano,488812.122,5456168.6858
Theft of Vehicle,2017,8,17,20,0,21XX W 15TH AVE,Kitsilano,488819.0889,5456177.6908
Theft of Vehicle,2017,6,7,11,32,21XX W 4TH AVE,Kitsilano,488877.1312,5457268.6321
Theft of Vehicle,2017,8,17,16,30,21XX W 57TH AVE,Kerrisdale,488704.9736,5451880.5603
Theft of Vehicle,2017,10,31,19,30,22XX CAMBRIDGE ST,Grandview-Woodland,495747.6062,5459314.5962
Theft of Vehicle,2017,9,5,21,0,22XX DUNDAS ST,Grandview-Woodland,495683.01,5459123.0402
Theft of Vehicle,2017,7,16,11,30,22XX E 1ST AVE,Grandview-Woodland,495705.2329,5457413.0316
Theft of Vehicle,2017,4,21,19,0,22XX E 28TH AVE,Kensington-Cedar Cottage,495614.454,5454777.7271
Theft of Vehicle,2017,9,23,22,0,22XX E 37TH AVE,Kensington-Cedar Cottage,495491.3167,5453789.3881
Theft of Vehicle,2017,7,9,0,0,22XX E 43RD AVE,Victoria-Fraserview,495549.6982,5453162.506
Theft of Vehicle,2017,1,23,21,0,22XX E 44TH AVE,Victoria-Fraserview,495544.6901,5453055.761
Theft of Vehicle,2017,1,31,17,0,22XX E 4TH AVE,Grandview-Woodland,495639.1366,5457107.1
Theft of Vehicle,2017,9,22,0,10,22XX E 4TH AVE,Grandview-Woodland,495639.1366,5457107.1
Theft of Vehicle,2017,11,4,13,30,22XX E 4TH AVE,Grandview-Woodland,495639.1366,5457107.1
Theft of Vehicle,2017,8,18,0,0,22XX HEATHER ST,Fairview,491279.4744,5456962.2096
Theft of Vehicle,2017,6,7,19,0,22XX HEATHER ST,Fairview,491289.773,5457014.3533
Theft of Vehicle,2017,11,20,15,10,22XX MCGILL ST,Grandview-Woodland,495726.3255,5459516.4999
Theft of Vehicle,2017,6,13,17,20,22XX NEWPORT AVE,Victoria-Fraserview,495541.093,5451385.5124
Theft of Vehicle,2017,4,11,7,4,22XX PARKER ST,Grandview-Woodland,495703.7635,5458097.2041
Theft of Vehicle,2017,10,13,19,30,22XX PORTSIDE CRT,Victoria-Fraserview,495494.0349,5450453.9179
Theft of Vehicle,2017,5,8,18,0,22XX PRINCE ALBERT ST,Mount Pleasant,493665.0415,5456905.7942
Theft of Vehicle,2017,6,8,22,30,22XX SCOTIA ST,Mount Pleasant,492812.3647,5456966.4697
Theft of Vehicle,2017,3,5,14,0,22XX SKEENA ST,Hastings-Sunrise,497923.1873,5456768.69
Theft of Vehicle,2017,11,29,16,0,22XX ST CATHERINES ST,Mount Pleasant,493807.1173,5456935.9066
Theft of Vehicle,2017,7,30,14,30,22XX TRIUMPH ST,Grandview-Woodland,495664.4353,5459015.0149
Theft of Vehicle,2017,5,10,15,0,22XX TRIUMPH ST,Grandview-Woodland,495695.8983,5459023.8867
Theft of Vehicle,2017,1,30,12,0,22XX W 13TH AVE,Kitsilano,488592.0094,5456381.1809
Theft of Vehicle,2017,10,19,21,0,22XX W 43RD AVE,Kerrisdale,488403.0796,5453340.2736
Theft of Vehicle,2017,6,7,18,0,22XX YORK AVE,Kitsilano,488715.1316,5457666.0485
Theft of Vehicle,2017,4,21,18,0,23XX BONACCORD DR,Victoria-Fraserview,495777.0788,5450895.2191
Theft of Vehicle,2017,6,29,19,0,23XX BONNYVALE AVE,Victoria-Fraserview,495721.7387,5451587.151
Theft of Vehicle,2017,12,5,14,25,23XX BURRARD ST,Fairview,489401.8251,5456896.3129
Theft of Vehicle,2017,11,25,21,0,23XX E 19TH AVE,Kensington-Cedar Cottage,495783.7319,5455452.741
Theft of Vehicle,2017,9,18,20,30,23XX E 33RD AVE,Renfrew-Collingwood,495757.8448,5454118.7182
Theft of Vehicle,2017,11,6,0,0,23XX E 40TH AVE,Renfrew-Collingwood,495832.7959,5453460.5822
Theft of Vehicle,2017,10,18,19,0,23XX ETON ST,Grandview-Woodland,495828.8296,5459414.877
Theft of Vehicle,2017,11,15,16,0,23XX HERMON DR,Hastings-Sunrise,497807.7848,5456721.8401
Theft of Vehicle,2017,9,21,0,0,23XX MCLEAN DR,Grandview-Woodland,494497.3652,5456766.5918
Theft of Vehicle,2017,9,7,21,30,23XX MCLEAN DR,Grandview-Woodland,494507.1659,5456825.1453
Theft of Vehicle,2017,5,17,19,0,23XX OXFORD ST,Grandview-Woodland,495804.5907,5459214.0428
Theft of Vehicle,2017,7,27,0,0,23XX QUEBEC ST,Mount Pleasant,492518.3358,5456874.7123
Theft of Vehicle,2017,4,17,16,0,23XX RENFREW ST,Hastings-Sunrise,496770.5614,5456743.3904
Theft of Vehicle,2017,3,14,21,30,23XX W 15TH AVE,Kitsilano,488503.9806,5456178.6889
Theft of Vehicle,2017,8,6,17,0,23XX W 3RD AVE,Kitsilano,488450.9394,5457388.9616
Theft of Vehicle,2017,8,22,14,20,23XX W 3RD AVE,Kitsilano,488535.4539,5457377.823
Theft of Vehicle,2017,6,24,1,57,23XX W 8TH AVE,Kitsilano,488503.4392,5456911.6878
Theft of Vehicle,2017,7,10,13,30,23XX WALL ST,Grandview-Woodland,495722.5032,5459652.1921
Theft of Vehicle,2017,10,10,19,0,24XX ADANAC ST,Hastings-Sunrise,495970.1435,5458298.4852
Theft of Vehicle,2017,10,30,20,0,24XX BALSAM ST,Kitsilano,488364.9164,5456904.8766
Theft of Vehicle,2017,9,24,21,0,24XX BROCK ST,Renfrew-Collingwood,495973.6255,5454556.1192
Theft of Vehicle,2017,5,4,12,0,24XX CAMBRIDGE ST,Hastings-Sunrise,495917.8229,5459337.0398
Theft of Vehicle,2017,7,20,17,30,24XX DUNDAS ST,Hastings-Sunrise,495941.3988,5459119.9087
Theft of Vehicle,2017,3,1,9,0,24XX E 10TH AVE,Renfrew-Collingwood,495884.544,5456469.2118
Theft of Vehicle,2017,11,11,14,30,24XX E 18TH AVE,Renfrew-Collingwood,495943.4993,5455694.8591
Theft of Vehicle,2017,8,17,22,30,24XX E 38TH AVE,Renfrew-Collingwood,495842.0413,5453676.0044
Theft of Vehicle,2017,6,12,22,0,24XX E 39TH AVE,Renfrew-Collingwood,495885.7595,5453572.1735
Theft of Vehicle,2017,3,4,16,30,24XX E 3RD AVE,Hastings-Sunrise,496014.819,5457197.8988
Theft of Vehicle,2017,7,6,0,0,24XX E 51ST AVE,Victoria-Fraserview,495826.9298,5452199.8296
Theft of Vehicle,2017,8,12,22,30,24XX FRANKLIN ST,Hastings-Sunrise,495984.0369,5458809.7595
Theft of Vehicle,2017,8,11,12,0,24XX MAIN ST,Mount Pleasant,492666.0427,5456764.2893
Theft of Vehicle,2017,3,6,22,0,24XX MCBAIN AVE,Arbutus Ridge,488344.0694,5455059.8471
Theft of Vehicle,2017,12,15,0,0,24XX OXFORD ST,Hastings-Sunrise,495927.4893,5459221.8154
Theft of Vehicle,2017,5,14,21,0,24XX PANDORA ST,Hastings-Sunrise,495911.7629,5458921.9524
Theft of Vehicle,2017,1,29,3,0,24XX PANDORA ST,Hastings-Sunrise,495974.388,5458921.8571
Theft of Vehicle,2017,6,5,18,0,24XX SCOTIA ST,Mount Pleasant,492805.8932,5456766.4658
Theft of Vehicle,2017,12,8,4,30,24XX W 23RD AVE,Arbutus Ridge,488292.9654,5455455.1285
Theft of Vehicle,2017,4,26,17,0,24XX W 3RD AVE,Kitsilano,488212.9101,5457385.5944
Theft of Vehicle,2017,8,12,11,0,24XX WALL ST,Hastings-Sunrise,495996.3283,5459813.4888
Theft of Vehicle,2017,11,1,22,0,24XX WALL ST,Hastings-Sunrise,495996.3283,5459813.4888
Theft of Vehicle,2017,10,1,19,30,25XX BIRCH ST,Fairview,490275.5105,5456753.8101
Theft of Vehicle,2017,11,13,17,30,25XX BIRCH ST,Fairview,490275.5105,5456753.8101
Theft of Vehicle,2017,3,29,18,30,25XX E 10TH AVE,Renfrew-Collingwood,496048.8701,5456478.209
Theft of Vehicle,2017,6,21,20,0,25XX E 11TH AVE,Renfrew-Collingwood,496057.2331,5456374.9219
Theft of Vehicle,2017,3,27,20,0,25XX E 1ST AVE,Hastings-Sunrise,496140.3759,5457430.9922
Theft of Vehicle,2017,8,13,22,0,25XX E 4TH AVE,Hastings-Sunrise,496064.8839,5457098.5818
Theft of Vehicle,2017,1,16,18,0,25XX E 8TH AVE,Hastings-Sunrise,496158.9289,5456685.0637
Theft of Vehicle,2017,6,18,23,0,25XX E 8TH AVE,Hastings-Sunrise,496189.0772,5456684.912
Theft of Vehicle,2017,10,9,7,0,25XX E PENDER ST,Hastings-Sunrise,496039.0461,5458605.4203
Theft of Vehicle,2017,7,14,13,0,25XX FRASER ST,Mount Pleasant,493519.2973,5456633.578
Theft of Vehicle,2017,11,4,17,0,25XX GRAVELEY ST,Hastings-Sunrise,496092.1067,5457524.4974
Theft of Vehicle,2017,5,12,11,0,25XX SLOCAN ST,Renfrew-Collingwood,496396.909,5456565.6461
Theft of Vehicle,2017,1,28,17,45,25XX ST GEORGE ST,Mount Pleasant,493238.0545,5456636.5888
Theft of Vehicle,2017,11,27,9,0,25XX VENABLES ST,Hastings-Sunrise,496174.262,5458205.074
Theft of Vehicle,2017,5,13,14,45,25XX W 12TH AVE,Kitsilano,488144.7721,5456499.4009
Theft of Vehicle,2017,7,3,14,0,25XX W 1ST AVE,Kitsilano,488194.4007,5457583.7067
Theft of Vehicle,2017,9,22,10,0,25XX W 1ST AVE,Kitsilano,488194.4007,5457583.7067
Theft of Vehicle,2017,6,28,12,0,25XX W 6TH AVE,Kitsilano,488065.8756,5457098.6353
Theft of Vehicle,2017,9,1,6,0,25XX WILLIAM ST,Hastings-Sunrise,496033.5471,5457928.2254
Theft of Vehicle,2017,12,3,20,0,25XX WILLIAM ST,Hastings-Sunrise,496082.9763,5457937.3574
Theft of Vehicle,2017,8,17,7,0,25XX WILLOW ST,Fairview,491131.833,5456706.665
Theft of Vehicle,2017,11,8,12,44,26XX ADANAC ST,Hastings-Sunrise,496314.4666,5458307.8387
Theft of Vehicle,2017,12,14,18,0,26XX ALBERTA ST,Mount Pleasant,491918.9744,5456579.7027
Theft of Vehicle,2017,1,15,16,0,26XX DUNBAR ST,Kitsilano,486630.1383,5456725.3195
Theft of Vehicle,2017,4,4,22,0,26XX DUNBAR ST,Kitsilano,486630.1383,5456725.3195
Theft of Vehicle,2017,3,18,22,30,26XX E 24TH AVE,Renfrew-Collingwood,496354.9354,5455120.778
Theft of Vehicle,2017,12,9,20,0,26XX E 38TH AVE,Renfrew-Collingwood,496145.8869,5453674.3578
Theft of Vehicle,2017,2,12,19,0,26XX E 45TH AVE,Victoria-Fraserview,496013.5083,5452951.6253
Theft of Vehicle,2017,6,11,3,45,26XX E 52ND AVE,Victoria-Fraserview,496009.4552,5452128.2911
Theft of Vehicle,2017,7,11,9,47,26XX E 56TH AVE,Victoria-Fraserview,496047.5292,5451802.9995
Theft of Vehicle,2017,9,3,15,4,26XX E BROADWAY AVE,Hastings-Sunrise,496344.0999,5456588.2853
Theft of Vehicle,2017,3,25,23,0,26XX E GEORGIA ST,Hastings-Sunrise,496227.491,5458389.0102
Theft of Vehicle,2017,12,25,18,0,26XX E HASTINGS ST,Hastings-Sunrise,496314.0754,5458717.7034
Theft of Vehicle,2017,3,1,22,0,26XX E HASTINGS ST,Hastings-Sunrise,496317.5748,5458708.5497
Theft of Vehicle,2017,7,28,13,37,26XX E HASTINGS ST,Hastings-Sunrise,496317.5748,5458708.5497
Theft of Vehicle,2017,5,9,6,40,26XX FRANKLIN ST,Hastings-Sunrise,496272.2913,5458818.3484
Theft of Vehicle,2017,2,28,18,0,26XX GRANT ST,Hastings-Sunrise,496220.9928,5457619.331
Theft of Vehicle,2017,10,29,21,35,26XX KASLO ST,Renfrew-Collingwood,496572.464,5456452.8707
Theft of Vehicle,2017,3,10,18,0,26XX KITCHENER ST,Hastings-Sunrise,496290.068,5457732.1378
Theft of Vehicle,2017,2,10,18,0,26XX MANITOBA ST,Mount Pleasant,492228.5155,5456593.67
Theft of Vehicle,2017,2,26,20,0,26XX OXFORD ST,Hastings-Sunrise,496230.5406,5459212.0048
Theft of Vehicle,2017,8,23,11,0,26XX PINE ST,Fairview,489566.4679,5456665.901
Theft of Vehicle,2017,7,19,11,0,26XX SKEENA ST,Renfrew-Collingwood,497930.4961,5456487.5403
Theft of Vehicle,2017,8,11,20,0,26XX W BROADWAY AVE,Kitsilano,487918.6483,5456818.093
Theft of Vehicle,2017,7,27,18,0,26XX WILLIAM ST,Hastings-Sunrise,496225.7222,5457928.1857
Theft of Vehicle,2017,11,14,22,0,26XX WILLIAM ST,Hastings-Sunrise,496346.6889,5457928.245
Theft of Vehicle,2017,8,6,14,8,26XX YUKON ST,Mount Pleasant,491789.0157,5456605.7567
Theft of Vehicle,2017,7,28,17,0,27XX ARBUTUS ST,Kitsilano,488868.4343,5456493.1837
Theft of Vehicle,2017,3,6,13,0,27XX CAMBRIDGE ST,Hastings-Sunrise,496423.4418,5459327.0265
Theft of Vehicle,2017,9,5,12,7,27XX E 12TH AVE,Renfrew-Collingwood,496447.8046,5456225.0921
Theft of Vehicle,2017,1,17,8,10,27XX E 16TH AVE,Renfrew-Collingwood,496404.9042,5455849.9288
Theft of Vehicle,2017,3,17,13,51,27XX E 18TH AVE,Renfrew-Collingwood,496399.3887,5455692.2527
Theft of Vehicle,2017,2,16,0,0,27XX E 1ST AVE,Hastings-Sunrise,496411.5443,5457399.5537
Theft of Vehicle,2017,11,26,0,0,27XX E 1ST AVE,Hastings-Sunrise,496532.1754,5457399.7341
Theft of Vehicle,2017,8,6,1,30,27XX E 21ST AVE,Renfrew-Collingwood,496551.791,5455412.0398
Theft of Vehicle,2017,5,23,0,0,27XX E 27TH AVE,Renfrew-Collingwood,496461.9371,5454838.734
Theft of Vehicle,2017,8,29,0,0,27XX E 2ND AVE,Hastings-Sunrise,496410.4676,5457298.7417
Theft of Vehicle,2017,3,24,21,0,27XX E 4TH AVE,Hastings-Sunrise,496524.3,5457106.2441
Theft of Vehicle,2017,3,2,23,0,27XX E 51ST AVE,Victoria-Fraserview,496227.2671,5452212.5516
Theft of Vehicle,2017,1,5,21,0,27XX E 52ND AVE,Victoria-Fraserview,496266.1561,5452119.4993
Theft of Vehicle,2017,5,16,1,0,27XX E 54TH AVE,Killarney,496387.0633,5451940.8207
Theft of Vehicle,2017,5,4,22,5,27XX E HASTINGS ST,Hastings-Sunrise,496518.4406,5458707.93
Theft of Vehicle,2017,7,31,12,0,27XX EUCLID AVE,Renfrew-Collingwood,496337.0983,5454482.5428
Theft of Vehicle,2017,5,22,22,0,27XX GRANT ST,Hastings-Sunrise,496414.6073,5457618.9006
Theft of Vehicle,2017,2,15,22,0,27XX GRANT ST,Hastings-Sunrise,496435.4747,5457627.9961
Theft of Vehicle,2017,5,6,17,0,27XX KINGSWAY AVE,Renfrew-Collingwood,496374.2451,5453924.1819
Theft of Vehicle,2017,4,19,20,17,27XX NAPIER ST,Hastings-Sunrise,496416.8107,5458020.3981
Theft of Vehicle,2017,2,1,21,0,27XX PANDORA ST,Hastings-Sunrise,496421.9685,5458910.699
Theft of Vehicle,2017,3,6,20,58,27XX PARKER ST,Hastings-Sunrise,496418.3844,5458112.6234
Theft of Vehicle,2017,3,9,4,0,27XX PINE ST,Fairview,489556.6852,5456494.0146
Theft of Vehicle,2017,10,4,15,0,27XX SPRUCE ST,Fairview,490613.6525,5456535.6618
Theft of Vehicle,2017,3,9,17,0,27XX VENABLES ST,Hastings-Sunrise,496440.1431,5458205.4963
Theft of Vehicle,2017,7,15,22,0,27XX VENABLES ST,Hastings-Sunrise,496440.8621,5458214.6436
Theft of Vehicle,2017,6,9,22,0,27XX W 16TH AVE,Arbutus Ridge,487918.8435,5456095.7224
Theft of Vehicle,2017,12,20,12,11,27XX W 3RD AVE,Kitsilano,487815.2759,5457404.3287
Theft of Vehicle,2017,3,26,23,0,27XX WILLIAM ST,Hastings-Sunrise,496480.2696,5457927.9455
Theft of Vehicle,2017,3,31,21,0,27XX WOODLAND DR,Kensington-Cedar Cottage,494643.8751,5456410.8621
Theft of Vehicle,2017,10,27,18,0,28XX E 16TH AVE,Renfrew-Collingwood,496750.6307,5455845.218
Theft of Vehicle,2017,7,14,17,30,28XX E 22ND AVE,Renfrew-Collingwood,496759.9341,5455328.0941
Theft of Vehicle,2017,5,30,19,0,28XX E 5TH AVE,Hastings-Sunrise,496591.5202,5456989.5499
Theft of Vehicle,2017,5,15,0,0,28XX E KENT AVE S,Killarney,496436.7732,5450365.2351
Theft of Vehicle,2017,5,26,1,40,28XX E KENT AVE S,Killarney,496436.7732,5450365.2351
Theft of Vehicle,2017,3,3,20,45,28XX E PENDER ST,Hastings-Sunrise,496614.663,5458603.0937
Theft of Vehicle,2017,10,19,3,30,28XX ETON ST,Hastings-Sunrise,496673.2603,5459445.0622
Theft of Vehicle,2017,9,3,14,0,28XX FRANKLIN ST,Hastings-Sunrise,496616.1496,5458808.3534
Theft of Vehicle,2017,12,30,0,50,28XX GRANT ST,Hastings-Sunrise,496597.6807,5457618.4998
Theft of Vehicle,2017,11,25,19,30,28XX GRANT ST,Hastings-Sunrise,496741.3998,5457627.7205
Theft of Vehicle,2017,9,12,19,45,28XX MAIN ST,Mount Pleasant,492639.0023,5456307.5315
Theft of Vehicle,2017,10,7,0,0,28XX SE MARINE DR,Killarney,496375.1917,5450522.0822
Theft of Vehicle,2017,3,21,19,0,28XX TRIUMPH ST,Hastings-Sunrise,496779.6162,5459009.7507
Theft of Vehicle,2017,2,19,21,0,28XX W 17TH AVE,Arbutus Ridge,487779.4373,5456043.6384
Theft of Vehicle,2017,7,21,23,0,28XX W 41ST AVE,Kerrisdale,487751.8653,5453558.8019
Theft of Vehicle,2017,6,10,10,0,28XX W 7TH AVE,Kitsilano,487661.7222,5457015.5877
Theft of Vehicle,2017,12,7,22,0,28XX W BROADWAY AVE,Kitsilano,487758.481,5456822.1317
Theft of Vehicle,2017,4,9,23,0,28XX YALE ST,Hastings-Sunrise,496611.3538,5459770.2458
Theft of Vehicle,2017,3,8,19,0,29XX E 16TH AVE,Renfrew-Collingwood,496789.954,5455844.7963
Theft of Vehicle,2017,2,10,0,0,29XX E 16TH AVE,Renfrew-Collingwood,496902.4509,5455853.6438
Theft of Vehicle,2017,5,26,18,59,29XX E 1ST AVE,Hastings-Sunrise,496792.9963,5457397.9257
Theft of Vehicle,2017,4,20,19,0,29XX E 26TH AVE,Renfrew-Collingwood,496916.3925,5454918.0577
Theft of Vehicle,2017,8,9,6,1,29XX E 4TH AVE,Hastings-Sunrise,496789.2569,5457096.88
Theft of Vehicle,2017,8,21,7,0,29XX E 52ND AVE,Killarney,496662.4613,5452101.8367
Theft of Vehicle,2017,7,18,22,0,29XX E 8TH AVE,Hastings-Sunrise,496776.4305,5456681.9409
Theft of Vehicle,2017,3,14,12,0,29XX E GEORGIA ST,Hastings-Sunrise,496802.1129,5458387.6339
Theft of Vehicle,2017,3,19,0,0,29XX E GEORGIA ST,Hastings-Sunrise,496838.8685,5458387.3594
Theft of Vehicle,2017,7,16,1,28,29XX E HASTINGS ST,Hastings-Sunrise,496816.2611,5458716.8049
Theft of Vehicle,2017,1,9,8,0,29XX EUCLID AVE,Renfrew-Collingwood,496697.5237,5454262.263
Theft of Vehicle,2017,8,22,12,0,29XX GRANT ST,Hastings-Sunrise,496797.6853,5457618.5265
Theft of Vehicle,2017,12,20,20,0,29XX LAUREL ST,Fairview,490957.7964,5456317.0152
Theft of Vehicle,2017,7,2,1,48,29XX NOOTKA ST,Renfrew-Collingwood,496977.8449,5456151.467
Theft of Vehicle,2017,5,4,9,30,29XX QUEBEC ST,Mount Pleasant,492496.8658,5456201.8387
Theft of Vehicle,2017,10,21,23,0,29XX RUPERT ST,Renfrew-Collingwood,497550.7225,5456118.3968
Theft of Vehicle,2017,12,3,20,30,29XX SASAMAT ST,West Point Grey,484782.1075,5456498.4381
Theft of Vehicle,2017,11,29,20,0,29XX SKEENA ST,Renfrew-Collingwood,497919.2329,5456147.6301
Theft of Vehicle,2017,6,21,21,0,2X JACKSON AVE,Strathcona,493220.7767,5459095.5984
Theft of Vehicle,2017,9,21,18,0,2X W 14TH AVE,Mount Pleasant,492319.5287,5456189.823
Theft of Vehicle,2017,5,9,15,30,2X W PENDER ST,Central Business District,492338.0294,5458666.9244
Theft of Vehicle,2017,10,9,6,0,2XX ALEXANDER ST,Strathcona,492802.5273,5459037.9583
Theft of Vehicle,2017,6,13,6,45,2XX CENTRAL ST,Strathcona,492756.5842,5457623.4532
Theft of Vehicle,2017,8,12,18,0,2XX DUNLEVY AVE,Strathcona,493061.6216,5458905.949
Theft of Vehicle,2017,11,19,19,0,2XX DUNSMUIR ST,Central Business District,491879.7227,5458643.1784
Theft of Vehicle,2017,7,11,16,30,2XX E 11TH AVE,Mount Pleasant,492841.7294,5456479.5849
Theft of Vehicle,2017,5,8,5,42,2XX E 14TH AVE,Mount Pleasant,492643.3471,5456181.5566
Theft of Vehicle,2017,4,17,12,0,2XX E 19TH AVE,Riley Park,492821.3294,5455675.5613
Theft of Vehicle,2017,11,9,9,0,2XX E 20TH AVE,Riley Park,492660.6439,5455579.5229
Theft of Vehicle,2017,8,11,18,0,2XX E 21ST AVE,Riley Park,492663.0194,5455478.0408
Theft of Vehicle,2017,10,15,23,0,2XX E 23RD AVE,Riley Park,492657.2488,5455275.8541
Theft of Vehicle,2017,12,22,20,30,2XX E 23RD AVE,Riley Park,492657.2488,5455275.8541
Theft of Vehicle,2017,2,8,21,45,2XX E 24TH AVE,Riley Park,492776.1205,5455183.233
Theft of Vehicle,2017,4,19,21,0,2XX E 2ND AVE,Mount Pleasant,492761.7431,5457329.4236
Theft of Vehicle,2017,7,1,0,0,2XX E 36TH AVE,Riley Park,492614.5368,5453939.9994
Theft of Vehicle,2017,6,7,22,30,2XX E 50TH AVE,Sunset,492600.5255,5452436.9274
Theft of Vehicle,2017,9,14,22,0,2XX E 53RD AVE,Sunset,492592.1202,5452129.3215
Theft of Vehicle,2017,5,19,1,30,2XX E 61ST AVE,Sunset,492571.2511,5451357.3687
Theft of Vehicle,2017,9,15,8,30,2XX E 7TH AVE,Mount Pleasant,492745.4655,5456877.4721
Theft of Vehicle,2017,2,14,11,0,2XX E GEORGIA ST,Strathcona,492752.9791,5458423.7334
Theft of Vehicle,2017,8,26,23,0,2XX E HASTINGS ST,Strathcona,492757.755,5458732.61
Theft of Vehicle,2017,11,27,11,18,2XX E HASTINGS ST,Strathcona,492847.009,5458739.5216
Theft of Vehicle,2017,11,11,22,0,2XX E PENDER ST,Strathcona,492757.3267,5458625.1479
Theft of Vehicle,2017,9,26,10,49,2XX E WATERFRONT RD,Strathcona,492790.2136,5459123.4335
Theft of Vehicle,2017,8,21,17,51,2XX GRANVILLE ST,Central Business District,491833.5672,5459286.8751
Theft of Vehicle,2017,12,15,6,15,2XX INDUSTRIAL AVE,Strathcona,492730.0331,5457519.1745
Theft of Vehicle,2017,7,21,15,30,2XX JACKSON AVE,Strathcona,493215.6171,5458923.6049
Theft of Vehicle,2017,8,22,21,10,2XX KINGSWAY AVE,Mount Pleasant,492820.4414,5456576.0876
Theft of Vehicle,2017,7,5,23,30,2XX LAKEWOOD DR,Grandview-Woodland,495519.6762,5458914.2446
Theft of Vehicle,2017,9,8,20,0,2XX N NANAIMO ST,Grandview-Woodland,495884.4387,5459333.4698
Theft of Vehicle,2017,7,2,15,30,2XX PENTICTON ST,Hastings-Sunrise,496226.2588,5458911.1146
Theft of Vehicle,2017,5,16,8,44,2XX RAYMUR AVE,Strathcona,494013.0308,5458850.2516
Theft of Vehicle,2017,1,22,9,48,2XX TEMPLETON DR,Grandview-Woodland,495661.0206,5458913.5869
Theft of Vehicle,2017,10,6,18,0,2XX W 10TH AVE,Mount Pleasant,491993.855,5456609.8964
Theft of Vehicle,2017,2,22,0,30,2XX W 13TH AVE,Mount Pleasant,492023.3978,5456292.8055
Theft of Vehicle,2017,5,8,16,45,2XX W 19TH AVE,Riley Park,491997.014,5455677.4368
Theft of Vehicle,2017,11,7,15,30,2XX W 63RD AVE,Marpole,491857.1646,5451180.7273
Theft of Vehicle,2017,9,7,20,55,2XX W 7TH AVE,Mount Pleasant,491953.6229,5456891.7151
Theft of Vehicle,2017,5,14,9,0,2XX W 7TH AVE,Mount Pleasant,492030.9849,5456898.3409
Theft of Vehicle,2017,8,16,17,30,30XX BIRCH ST,Fairview,490261.0071,5456232.972
Theft of Vehicle,2017,5,20,1,0,30XX E 1ST AVE,Hastings-Sunrise,496992.2668,5457398.0756
Theft of Vehicle,2017,12,12,23,0,30XX E 26TH AVE,Renfrew-Collingwood,496997.0635,5454917.5431
Theft of Vehicle,2017,9,23,19,15,30XX E 51ST AVE,Killarney,496893.3658,5452261.7908
Theft of Vehicle,2017,10,9,15,30,30XX E GEORGIA ST,Hastings-Sunrise,497150.4248,5458395.2812
Theft of Vehicle,2017,4,7,0,0,30XX E KENT AVE N,Killarney,496838.0058,5450449.1194
Theft of Vehicle,2017,12,18,19,30,30XX E PENDER ST,Hastings-Sunrise,496994.7813,5458601.6966
Theft of Vehicle,2017,9,28,20,0,30XX GRANT ST,Hastings-Sunrise,497009.9784,5457626.6378
Theft of Vehicle,2017,1,16,1,7,30XX HEATHER ST,Fairview,491268.3392,5456206.6608
Theft of Vehicle,2017,4,26,12,30,30XX LAUREL ST,Fairview,490955.9628,5456215.084
Theft of Vehicle,2017,10,10,12,5,30XX SLOCAN ST,Renfrew-Collingwood,496391.3972,5455973.1559
Theft of Vehicle,2017,11,8,16,0,30XX W 44TH AVE,Kerrisdale,487362.0723,5453246.6157
Theft of Vehicle,2017,12,13,12,0,30XX WELLINGTON AVE,Renfrew-Collingwood,497041.9442,5454625.8318
Theft of Vehicle,2017,12,13,12,0,30XX WILLOW ST,Fairview,491125.6716,5456202.0642
Theft of Vehicle,2017,1,15,8,0,31XX BLANCA ST,West Point Grey,484333.8788,5456310.7458
Theft of Vehicle,2017,11,4,8,41,31XX CLARK DR,Mount Pleasant,494331.5104,5455953.5633
Theft of Vehicle,2017,5,15,20,0,31XX E 16TH AVE,Renfrew-Collingwood,497188.9645,5455873.2098
Theft of Vehicle,2017,7,12,23,0,31XX E 21ST AVE,Renfrew-Collingwood,497160.0571,5455409.5132
Theft of Vehicle,2017,3,26,16,0,31XX E 23RD AVE,Renfrew-Collingwood,497292.6826,5455207.1237
Theft of Vehicle,2017,11,15,7,0,31XX E 23RD AVE,Renfrew-Collingwood,497311.6313,5455207.157
Theft of Vehicle,2017,5,31,18,0,31XX E 45TH AVE,Killarney,497181.4559,5452948.6048
Theft of Vehicle,2017,7,6,2,24,31XX E 47TH AVE,Killarney,497117.8583,5452774.7695
Theft of Vehicle,2017,4,20,19,30,31XX E 54TH AVE,Killarney,497015.3881,5451926.5666
Theft of Vehicle,2017,10,7,3,0,31XX E 54TH AVE,Killarney,497025.5436,5451926.5683
Theft of Vehicle,2017,5,16,22,0,31XX E 58TH AVE,Killarney,496988.1186,5451598.4073
Theft of Vehicle,2017,10,9,11,0,31XX E 62ND AVE,Killarney,497233.4492,5451207.496
Theft of Vehicle,2017,1,11,21,0,31XX E 6TH AVE,Hastings-Sunrise,497169.3606,5456880.9417
Theft of Vehicle,2017,11,2,12,0,31XX E 6TH AVE,Hastings-Sunrise,497179.8324,5456880.878
Theft of Vehicle,2017,3,10,20,0,31XX E GEORGIA ST,Hastings-Sunrise,497183.9144,5458386.1627
Theft of Vehicle,2017,3,13,19,0,31XX E GEORGIA ST,Hastings-Sunrise,497292.7263,5458386.6782
Theft of Vehicle,2017,9,13,21,30,31XX GARDEN DR,Kensington-Cedar Cottage,495763.9665,5455997.016
Theft of Vehicle,2017,2,1,12,9,31XX KINGS AVE,Renfrew-Collingwood,497196.1403,5454330.4538
Theft of Vehicle,2017,6,20,19,0,31XX KITCHENER ST,Hastings-Sunrise,497177.8533,5457721.1971
Theft of Vehicle,2017,10,4,18,0,31XX OAK ST,Fairview,490748.652,5456062.2246
Theft of Vehicle,2017,4,23,20,30,31XX RIVERWALK AVE,Killarney,496940.576,5450371.7588
Theft of Vehicle,2017,8,24,19,0,31XX RIVERWALK AVE,Killarney,497066.3292,5450354.8672
Theft of Vehicle,2017,3,4,9,0,31XX ST CATHERINES ST,Mount Pleasant,493781.6928,5456026.479
Theft of Vehicle,2017,5,17,20,0,31XX W 43RD AVE,Kerrisdale,487290.4856,5453343.9525
Theft of Vehicle,2017,12,27,5,4,31XX W BROADWAY AVE,Kitsilano,487331.5476,5456833.6487
Theft of Vehicle,2017,9,22,18,0,31XX WAVERLEY AVE,Killarney,497015.5135,5452685.0703
Theft of Vehicle,2017,7,19,21,0,31XX WELLINGTON AVE,Renfrew-Collingwood,497186.8498,5454526.9626
Theft of Vehicle,2017,11,24,17,0,31XX WINDSOR ST,Mount Pleasant,493922.9935,5456012.4754
Theft of Vehicle,2017,5,29,15,45,31XX YEW ST,Kitsilano,488689.362,5456174.2367
Theft of Vehicle,2017,8,5,18,13,32XX E 14TH AVE,Renfrew-Collingwood,497368.0037,5456050.628
Theft of Vehicle,2017,8,25,21,0,32XX E 20TH AVE,Renfrew-Collingwood,497341.9917,5455502.8469
Theft of Vehicle,2017,9,6,16,30,32XX E 20TH AVE,Renfrew-Collingwood,497460.149,5455510.3292
Theft of Vehicle,2017,5,24,1,30,32XX E 25TH AVE,Renfrew-Collingwood,497409.6562,5455006.1318
Theft of Vehicle,2017,11,14,0,0,32XX E 27TH AVE,Renfrew-Collingwood,497503.2557,5454834.6824
Theft of Vehicle,2017,8,29,18,22,32XX E 49TH AVE,Killarney,497337.8612,5452438.4387
Theft of Vehicle,2017,1,14,20,30,32XX E 58TH AVE,Killarney,497336.5824,5451603.6868
Theft of Vehicle,2017,3,12,0,0,32XX E GEORGIA ST,Hastings-Sunrise,497406.154,5458386.2147
Theft of Vehicle,2017,1,16,20,0,32XX FLEMING ST,Kensington-Cedar Cottage,494835.0371,5455866.8669
Theft of Vehicle,2017,5,2,19,30,32XX FLEMING ST,Kensington-Cedar Cottage,494845.2024,5455895.9726
Theft of Vehicle,2017,4,17,18,0,32XX FLEMING ST,Kensington-Cedar Cottage,494847.2562,5455954.8218
Theft of Vehicle,2017,1,7,7,30,32XX KINGSWAY AVE,Renfrew-Collingwood,497348.3283,5453519.9385
Theft of Vehicle,2017,8,25,9,0,32XX MARMION AVE,Killarney,497319.7816,5453205.002
Theft of Vehicle,2017,7,9,1,0,32XX MARMION AVE,Killarney,497392.3701,5453204.4178
Theft of Vehicle,2017,8,14,2,30,32XX NAPIER ST,Hastings-Sunrise,497449.8215,5458018.9791
Theft of Vehicle,2017,12,28,11,19,32XX NEW BRIGHTON RD,Hastings-Sunrise,497375.7815,5459558.8142
Theft of Vehicle,2017,8,31,18,0,32XX VENABLES ST,Hastings-Sunrise,497385.809,5458202.5949
Theft of Vehicle,2017,7,8,8,27,32XX VENABLES ST,Hastings-Sunrise,497397.0105,5458202.6211
Theft of Vehicle,2017,5,29,15,30,32XX W 14TH AVE,Kitsilano,487181.5769,5456335.8102
Theft of Vehicle,2017,4,11,16,30,32XX WOODLAND DR,Kensington-Cedar Cottage,494599.6344,5455974.4915
Theft of Vehicle,2017,3,13,22,0,33XX ADANAC ST,Hastings-Sunrise,497561.816,5458294.769
Theft of Vehicle,2017,1,24,21,30,33XX BALSAM ST,Arbutus Ridge,488339.5113,5456008.7019
Theft of Vehicle,2017,4,12,18,0,33XX CHARLES ST,Hastings-Sunrise,497563.2842,5457827.2374
Theft of Vehicle,2017,9,16,19,0,33XX DIEPPE DR,Renfrew-Collingwood,498170.9986,5455855.8644
Theft of Vehicle,2017,6,8,12,0,33XX E 25TH AVE,Renfrew-Collingwood,497596.4422,5455007.4271
Theft of Vehicle,2017,6,29,8,0,33XX E 44TH AVE,Killarney,497550.8591,5453035.5446
Theft of Vehicle,2017,10,25,4,10,33XX E 46TH AVE,Killarney,497505.9514,5452844.7716
Theft of Vehicle,2017,3,29,16,0,33XX E 5TH AVE,Hastings-Sunrise,497552.5297,5456984.1661
Theft of Vehicle,2017,9,3,18,0,33XX E 5TH AVE,Hastings-Sunrise,497552.5297,5456984.1661
Theft of Vehicle,2017,3,13,16,0,33XX E GEORGIA ST,Hastings-Sunrise,497558.8191,5458385.4871
Theft of Vehicle,2017,7,23,0,0,33XX PARKER ST,Hastings-Sunrise,497561.8607,5458111.5767
Theft of Vehicle,2017,5,1,21,0,33XX PARKER ST,Hastings-Sunrise,497586.7349,5458120.678
Theft of Vehicle,2017,2,1,8,21,33XX PARKER ST,Hastings-Sunrise,497599.2016,5458111.5126
Theft of Vehicle,2017,10,9,23,0,33XX PARKER ST,Hastings-Sunrise,497599.2016,5458111.5126
Theft of Vehicle,2017,8,12,7,0,33XX SAWMILL CRES,Killarney,497552.4038,5450462.2201
Theft of Vehicle,2017,5,22,7,0,33XX SE MARINE DR,Killarney,497504.1332,5450621.9589
Theft of Vehicle,2017,5,27,17,0,33XX SLOCAN ST,Renfrew-Collingwood,496399.8756,5455773.4291
Theft of Vehicle,2017,1,31,17,30,33XX W 36TH AVE,Dunbar-Southlands,486930.2394,5454092.1591
Theft of Vehicle,2017,10,21,20,0,34XX ADANAC ST,Hastings-Sunrise,497770.7547,5458293.1826
Theft of Vehicle,2017,5,30,5,29,34XX ANZIO DR,Renfrew-Collingwood,497813.2991,5455494.9257
Theft of Vehicle,2017,7,16,9,59,34XX ANZIO DR,Renfrew-Collingwood,497819.206,5455488.9815
Theft of Vehicle,2017,2,14,17,0,34XX ARCHIMEDES ST,Renfrew-Collingwood,497681.5022,5453567.1932
Theft of Vehicle,2017,8,9,9,42,34XX DIEPPE DR,Renfrew-Collingwood,498202.8653,5455665.101
Theft of Vehicle,2017,6,30,15,0,34XX DUNDAS ST,Hastings-Sunrise,497763.5327,5459111.0051
Theft of Vehicle,2017,5,26,22,30,34XX E 24TH AVE,Renfrew-Collingwood,497808.3918,5455108.8765
Theft of Vehicle,2017,11,12,22,30,34XX E 24TH AVE,Renfrew-Collingwood,497918.138,5455109.283
Theft of Vehicle,2017,1,5,22,0,34XX E 25TH AVE,Renfrew-Collingwood,497826.1908,5455008.6536
Theft of Vehicle,2017,6,28,22,20,34XX E 2ND AVE,Hastings-Sunrise,497754.6081,5457295.1902
Theft of Vehicle,2017,10,15,22,0,34XX FLEMING ST,Kensington-Cedar Cottage,494795.67,5455681.2212
Theft of Vehicle,2017,12,14,23,0,34XX FLEMING ST,Kensington-Cedar Cottage,494804.9114,5455725.7548
Theft of Vehicle,2017,3,2,12,0,34XX HEATHER ST,South Cambie,491260.2321,5455830.5479
Theft of Vehicle,2017,12,2,13,0,34XX KINGSWAY AVE,Killarney,497769.2529,5453239.5829
Theft of Vehicle,2017,6,19,20,0,34XX MANITOBA ST,Riley Park,492203.6752,5455771.5382
Theft of Vehicle,2017,10,5,19,0,34XX TURNER ST,Hastings-Sunrise,497817.2959,5458475.8684
Theft of Vehicle,2017,10,5,21,0,34XX TURNER ST,Hastings-Sunrise,497828.1739,5458475.8244
Theft of Vehicle,2017,9,25,17,0,34XX TURNER ST,Hastings-Sunrise,497886.6956,5458484.7319
Theft of Vehicle,2017,9,30,21,20,34XX W 11TH AVE,Kitsilano,486912.0329,5456643.5269
Theft of Vehicle,2017,11,16,18,30,34XX W 33RD AVE,Dunbar-Southlands,486875.4996,5454408.9881
Theft of Vehicle,2017,12,11,21,30,34XX W 35TH AVE,Dunbar-Southlands,486768.8425,5454199.0943
Theft of Vehicle,2017,1,13,20,0,34XX WELLINGTON AVE,Renfrew-Collingwood,497751.1692,5454181.0841
Theft of Vehicle,2017,10,21,22,51,35XX ADANAC ST,Hastings-Sunrise,497943.5361,5458293.0902
Theft of Vehicle,2017,3,10,22,0,35XX CAMBRIDGE ST,Hastings-Sunrise,498013.6247,5459322.8393
Theft of Vehicle,2017,9,23,23,0,35XX COLUMBIA ST,Riley Park,492011.8249,5455679.9632
Theft of Vehicle,2017,7,10,22,0,35XX COMMERCIAL ST,Kensington-Cedar Cottage,495044.2959,5455566.7379
Theft of Vehicle,2017,8,4,0,0,35XX E 26TH AVE,Renfrew-Collingwood,497987.3788,5454915.0278
Theft of Vehicle,2017,11,21,22,0,35XX E 27TH AVE,Renfrew-Collingwood,498011.6319,5454820.1169
Theft of Vehicle,2017,8,24,20,30,35XX E 47TH AVE,Killarney,497896.3988,5452619.1466
Theft of Vehicle,2017,10,7,21,0,35XX E GEORGIA ST,Hastings-Sunrise,497948.0157,5458384.6727
Theft of Vehicle,2017,2,9,1,41,35XX E PENDER ST,Hastings-Sunrise,498105.0501,5458610.7883
Theft of Vehicle,2017,3,11,16,30,35XX GRANDVIEW HWY,Renfrew-Collingwood,498072.7748,5456160.7021
Theft of Vehicle,2017,4,5,16,30,35XX HURST AVE,Killarney,498086.4998,5451918.9649
Theft of Vehicle,2017,8,25,17,0,35XX LOUGHEED HWY,Hastings-Sunrise,497983.2127,5456806.0955
Theft of Vehicle,2017,3,11,22,0,35XX MATAPAN CRES,Renfrew-Collingwood,497934.1986,5456060.793
Theft of Vehicle,2017,10,6,19,0,35XX NAPLES WAY,Killarney,497936.8005,5450665.8873
Theft of Vehicle,2017,5,16,19,0,35XX W 15TH AVE,Kitsilano,486750.0636,5456245.2649
Theft of Vehicle,2017,12,14,22,3,35XX W 2ND AVE,Kitsilano,486709.6308,5457532.3
Theft of Vehicle,2017,6,21,21,0,35XX W 50TH AVE,Kerrisdale,486557.9123,5452655.597
Theft of Vehicle,2017,12,3,0,0,35XX W BROADWAY AVE,Kitsilano,486731.2652,5456859.3997
Theft of Vehicle,2017,6,24,11,0,35XX WELLINGTON AVE,Renfrew-Collingwood,497943.7025,5454060.7786
Theft of Vehicle,2017,3,22,8,7,35XX WILLIAM ST,Hastings-Sunrise,498064.6423,5457923.926
Theft of Vehicle,2017,7,7,17,0,36XX ADANAC ST,Hastings-Sunrise,498155.2022,5458301.4166
Theft of Vehicle,2017,8,26,20,0,36XX ADANAC ST,Hastings-Sunrise,498155.2022,5458301.4166
Theft of Vehicle,2017,3,10,0,0,36XX CAMBRIDGE ST,Hastings-Sunrise,498165.9303,5459322.8855
Theft of Vehicle,2017,7,24,0,0,36XX CITY EDGE PL,Killarney,498170.0789,5450552.018
Theft of Vehicle,2017,3,12,3,30,36XX E 27TH AVE,Renfrew-Collingwood,498099.4602,5454819.6119
Theft of Vehicle,2017,7,7,22,0,36XX E GEORGIA ST,Hastings-Sunrise,498136.5553,5458385.5199
Theft of Vehicle,2017,1,16,10,29,36XX LOUGHEED HWY,Hastings-Sunrise,498258.2919,5456982.7456
Theft of Vehicle,2017,8,15,0,0,36XX MAIN ST,Riley Park,492660.1143,5455582.5364
Theft of Vehicle,2017,3,22,9,15,36XX NAPIER ST,Hastings-Sunrise,498172.8412,5458015.3831
Theft of Vehicle,2017,3,11,8,50,36XX OXFORD ST,Hastings-Sunrise,498237.6,5459217.753
Theft of Vehicle,2017,2,12,20,0,36XX PRICE ST,Renfrew-Collingwood,498139.7647,5454189.2447
Theft of Vehicle,2017,7,31,22,0,36XX PRICE ST,Renfrew-Collingwood,498151.2887,5454193.6488
Theft of Vehicle,2017,9,23,14,0,36XX RAE AVE,Renfrew-Collingwood,498152.1198,5453790.8059
Theft of Vehicle,2017,6,1,18,0,36XX RAE AVE,Renfrew-Collingwood,498186.7071,5453769.3291
Theft of Vehicle,2017,4,20,22,0,36XX SE MARINE DR,Killarney,498129.6248,5450574.6636
Theft of Vehicle,2017,7,29,10,10,36XX W 11TH AVE,Kitsilano,486514.9821,5456653.5455
Theft of Vehicle,2017,6,2,1,10,36XX W 35TH AVE,Dunbar-Southlands,486509.4984,5454200.1605
Theft of Vehicle,2017,5,12,17,0,36XX W 3RD AVE,Kitsilano,486635.8411,5457426.7145
Theft of Vehicle,2017,3,21,16,52,37XX CLARK DR,Kensington-Cedar Cottage,494328.0733,5455405.6647
Theft of Vehicle,2017,7,11,23,0,37XX INVERNESS ST,Kensington-Cedar Cottage,494180.1412,5455428.2985
Theft of Vehicle,2017,10,12,19,0,37XX INVERNESS ST,Kensington-Cedar Cottage,494189.7508,5455440.6478
Theft of Vehicle,2017,8,23,22,0,37XX MAIN ST,Riley Park,492658.7109,5455446.8156
Theft of Vehicle,2017,9,3,0,30,37XX ONTARIO ST,Riley Park,492373.692,5455455.7764
Theft of Vehicle,2017,9,1,9,52,37XX PINE CRES,Shaughnessy,489301.8153,5455521.7511
Theft of Vehicle,2017,7,2,1,30,37XX W 24TH AVE,Dunbar-Southlands,486408.5714,5455377.7108
Theft of Vehicle,2017,6,28,18,19,37XX W 37TH AVE,Dunbar-Southlands,486321.3487,5453990.9261
Theft of Vehicle,2017,7,2,18,0,37XX W BROADWAY AVE,West Point Grey,486469.5332,5456866.4475
Theft of Vehicle,2017,10,5,15,43,37XX W BROADWAY AVE,West Point Grey,486469.5332,5456866.4475
Theft of Vehicle,2017,8,25,20,0,38XX INVERNESS ST,Kensington-Cedar Cottage,494176.6584,5455328.9568
Theft of Vehicle,2017,5,27,14,0,38XX MACDONALD ST,Arbutus Ridge,487793.5933,5455570.2919
Theft of Vehicle,2017,7,29,20,0,38XX POINT GREY RD,West Point Grey,486355.144,5457733.6175
Theft of Vehicle,2017,1,6,18,0,38XX RENFREW ST,Renfrew-Collingwood,496768.2634,5455241.6036
Theft of Vehicle,2017,5,20,10,0,38XX RENFREW ST,Renfrew-Collingwood,496804.53,5455271.5742
Theft of Vehicle,2017,7,11,6,0,38XX RENFREW ST,Renfrew-Collingwood,496804.53,5455271.5742
Theft of Vehicle,2017,9,16,18,0,38XX RENFREW ST,Renfrew-Collingwood,496804.53,5455271.5742
Theft of Vehicle,2017,12,5,16,0,38XX W 23RD AVE,Dunbar-Southlands,486155.7554,5455478.8344
Theft of Vehicle,2017,4,2,23,0,38XX W 30TH AVE,Dunbar-Southlands,486244.3127,5454730.8099
Theft of Vehicle,2017,4,28,11,0,38XX W 39TH AVE,Dunbar-Southlands,486292.4712,5453752.6945
Theft of Vehicle,2017,4,20,6,42,38XX W KING EDWARD AVE,Dunbar-Southlands,486265.0074,5455257.0498
Theft of Vehicle,2017,1,16,15,0,39XX FLEMING ST,Kensington-Cedar Cottage,494734.4662,5455284.5733
Theft of Vehicle,2017,9,26,22,0,39XX LAUREL ST,South Cambie,490932.3298,5455336.6592
Theft of Vehicle,2017,5,23,22,0,39XX MACKENZIE ST,Arbutus Ridge,487623.8253,5455469.6172
Theft of Vehicle,2017,1,12,20,0,39XX MAIN ST,Riley Park,492652.9347,5455265.7599
Theft of Vehicle,2017,5,18,18,0,39XX POINT GREY RD,West Point Grey,486117.3859,5457634.1124
Theft of Vehicle,2017,9,25,0,0,39XX W 51ST AVE,Musqueam,485986.3056,5452553.5634
Theft of Vehicle,2017,3,29,17,46,3X E 51ST AVE,Sunset,492345.7339,5452344.9282
Theft of Vehicle,2017,10,5,16,0,3X SMITHE ST,Central Business District,491792.4884,5458018.0704
Theft of Vehicle,2017,12,31,13,30,3X WATER ST,Central Business District,492359.1735,5458989.7138
Theft of Vehicle,2017,6,8,22,0,3XX ABBOTT ST,Central Business District,492230.7233,5458888.4988
Theft of Vehicle,2017,9,26,6,30,3XX ALEXANDER ST,Strathcona,492893.912,5459034.7296
Theft of Vehicle,2017,4,6,9,0,3XX CAMBIE ST,Central Business District,492064.4008,5458975.0476
Theft of Vehicle,2017,3,30,16,0,3XX COMMERCIAL DR,Grandview-Woodland,494885.8056,5458813.2142
Theft of Vehicle,2017,10,31,1,0,3XX DAVIE ST,Central Business District,491110.6579,5457979.9867
Theft of Vehicle,2017,7,17,18,0,3XX E 17TH AVE,Riley Park,492912.3541,5455872.8646
Theft of Vehicle,2017,7,8,5,33,3XX E 17TH AVE,Riley Park,492956.977,5455880.279
Theft of Vehicle,2017,9,29,14,0,3XX E 18TH AVE,Riley Park,492951.3473,5455783.0538
Theft of Vehicle,2017,11,13,14,0,3XX E 19TH AVE,Riley Park,492872.165,5455674.3508
Theft of Vehicle,2017,3,9,17,0,3XX E 23RD AVE,Riley Park,492826.8653,5455272.9868
Theft of Vehicle,2017,12,6,22,0,3XX E 40TH AVE,Riley Park,492766.7759,5453523.3642
Theft of Vehicle,2017,2,18,19,0,3XX E 53RD AVE,Sunset,492749.6723,5452124.519
Theft of Vehicle,2017,3,21,22,30,3XX E 58TH AVE,Sunset,492766.6881,5451649.8693
Theft of Vehicle,2017,8,13,21,0,3XX E 5TH AVE,Mount Pleasant,492914.1908,5457064.4386
Theft of Vehicle,2017,10,17,5,0,3XX E 65TH AVE,Sunset,492704.1258,5450993.5699
Theft of Vehicle,2017,5,19,17,0,3XX E 6TH AVE,Mount Pleasant,492919.4986,5456973.873
Theft of Vehicle,2017,7,19,9,0,3XX E 7TH AVE,Mount Pleasant,492876.6488,5456865.8208
Theft of Vehicle,2017,5,13,0,30,3XX E HASTINGS ST,Strathcona,492973.7185,5458726.9147
Theft of Vehicle,2017,7,13,22,40,3XX E PENDER ST,Strathcona,492929.588,5458619.91
Theft of Vehicle,2017,8,26,21,0,3XX GRANVILLE ST,Central Business District,491779.1428,5459232.0296
Theft of Vehicle,2017,8,16,22,0,3XX HEATLEY AVE,Strathcona,493495.6108,5458814.5024
Theft of Vehicle,2017,5,13,9,10,3XX KEEFER ST,Strathcona,492944.466,5458519.6381
Theft of Vehicle,2017,9,20,8,0,3XX KEEFER ST,Strathcona,492973.9282,5458527.9008
Theft of Vehicle,2017,5,26,19,30,3XX LAKEWOOD DR,Grandview-Woodland,495509.2205,5458792.3962
Theft of Vehicle,2017,9,19,7,30,3XX N GARDEN DR,Grandview-Woodland,495807.1157,5459494.6555
Theft of Vehicle,2017,8,26,11,33,3XX POWELL ST,Strathcona,492902.0617,5458933.5439
Theft of Vehicle,2017,3,23,7,30,3XX RAILWAY ST,Strathcona,492893.5695,5459064.228
Theft of Vehicle,2017,4,26,9,0,3XX RAILWAY ST,Strathcona,492893.5695,5459064.228
Theft of Vehicle,2017,12,7,15,30,3XX RAILWAY ST,Strathcona,492893.5695,5459064.228
Theft of Vehicle,2017,3,13,4,30,3XX SW MARINE DR,Marpole,491655.1559,5450916.4155
Theft of Vehicle,2017,4,21,0,0,3XX TEMPLETON DR,Grandview-Woodland,495649.0091,5458770.5817
Theft of Vehicle,2017,11,2,16,0,3XX VERNON DR,Strathcona,494249.6896,5458833.8928
Theft of Vehicle,2017,7,29,20,0,3XX W 4TH AVE,Mount Pleasant,491877.3148,5457193.0327
Theft of Vehicle,2017,5,10,17,0,3XX W 59TH AVE,Marpole,491812.8851,5451577.2106
Theft of Vehicle,2017,7,17,22,0,3XX W 5TH AVE,Mount Pleasant,491931.2422,5457094.7499
Theft of Vehicle,2017,10,7,2,20,3XX W 62ND AVE,Marpole,491786.2724,5451254.3224
Theft of Vehicle,2017,3,18,19,0,3XX W KENT AVE N,Marpole,491644.026,5450427.3175
Theft of Vehicle,2017,5,27,10,0,40XX CAMBIE ST,South Cambie,491598.2563,5455174.0367
Theft of Vehicle,2017,5,12,21,30,40XX COLUMBIA ST,Riley Park,491991.9848,5455226.1359
Theft of Vehicle,2017,2,22,9,0,40XX DUMFRIES ST,Kensington-Cedar Cottage,494656.0731,5455088.6174
Theft of Vehicle,2017,8,16,21,30,40XX KNIGHT ST,Kensington-Cedar Cottage,494475.9578,5455120.9598
Theft of Vehicle,2017,5,23,17,0,40XX MACDONALD ST,Arbutus Ridge,487790.8308,5455301.5549
Theft of Vehicle,2017,7,15,7,0,40XX PERRY ST,Kensington-Cedar Cottage,494816.2048,5455133.3208
Theft of Vehicle,2017,3,15,0,0,40XX THELLAIWHALTUN AVE,Musqueam,485795.2855,5452737.6247
Theft of Vehicle,2017,3,20,17,0,40XX W 28TH AVE,Dunbar-Southlands,485809.5393,5454946.0751
Theft of Vehicle,2017,2,24,18,0,40XX W 31ST AVE,Dunbar-Southlands,485893.5915,5454627.5417
Theft of Vehicle,2017,6,1,18,0,40XX W 33RD AVE,Dunbar-Southlands,485709.4427,5454419.2293
Theft of Vehicle,2017,10,13,17,30,41XX SKEENA ST,Renfrew-Collingwood,497918.527,5454954.2058
Theft of Vehicle,2017,12,17,4,0,41XX SOPHIA ST,Riley Park,492782.7272,5455031.9856
Theft of Vehicle,2017,1,31,0,0,41XX W 10TH AVE,West Point Grey,485657.8343,5456779.2748
Theft of Vehicle,2017,4,5,7,30,41XX W 16TH AVE,Dunbar-Southlands,485637.873,5456156.1508
Theft of Vehicle,2017,3,1,18,0,41XX YUKON ST,Riley Park,491839.6672,5455125.3883
Theft of Vehicle,2017,7,15,22,30,42XX COMMERCIAL ST,Kensington-Cedar Cottage,495069.3785,5454967.2476
Theft of Vehicle,2017,5,21,20,0,42XX DUMFRIES ST,Kensington-Cedar Cottage,494663.3697,5455002.9103
Theft of Vehicle,2017,12,23,22,0,42XX ELGIN ST,Kensington-Cedar Cottage,493977.4452,5454968.1456
Theft of Vehicle,2017,7,19,1,30,42XX KASLO ST,Renfrew-Collingwood,496576.5189,5454943.6663
Theft of Vehicle,2017,5,22,17,0,42XX RUPERT ST,Renfrew-Collingwood,497546.4061,5454920.6658
Theft of Vehicle,2017,4,22,12,0,42XX SOPHIA ST,Riley Park,492778.7255,5454891.0558
Theft of Vehicle,2017,10,21,19,30,42XX WATSON ST,Riley Park,492689.277,5454930.9688
Theft of Vehicle,2017,7,1,16,0,43XX ATLIN ST,Renfrew-Collingwood,496657.27,5454800.5397
Theft of Vehicle,2017,6,23,18,0,43XX FRASER ST,Riley Park,493430.5748,5454835.421
Theft of Vehicle,2017,11,1,5,0,43XX INVERNESS ST,Kensington-Cedar Cottage,494174.1733,5454858.6354
Theft of Vehicle,2017,1,5,21,0,43XX NOOTKA ST,Renfrew-Collingwood,496975.1215,5454825.0609
Theft of Vehicle,2017,5,9,19,0,43XX SOPHIA ST,Riley Park,492785.5804,5454809.8569
Theft of Vehicle,2017,5,17,0,0,43XX W 13TH AVE,West Point Grey,485137.8461,5456498.7521
Theft of Vehicle,2017,3,10,20,30,43XX W 16TH AVE,West Point Grey,485212.4323,5456191.2296
Theft of Vehicle,2017,4,9,21,0,43XX W 9TH AVE,West Point Grey,485118.2306,5456890.7461
Theft of Vehicle,2017,3,10,11,30,43XX WELWYN ST,Kensington-Cedar Cottage,494912.3436,5454860.4872
Theft of Vehicle,2017,7,25,10,0,43XX WELWYN ST,Kensington-Cedar Cottage,494912.3436,5454860.4872
Theft of Vehicle,2017,3,14,19,30,44XX DUMFRIES ST,Kensington-Cedar Cottage,494655.3294,5454644.4715
Theft of Vehicle,2017,9,20,7,0,44XX OAK ST,South Cambie,490713.7147,5454766.2936
Theft of Vehicle,2017,8,9,14,0,44XX W 6TH AVE,West Point Grey,485007.1104,5457179.6822
Theft of Vehicle,2017,3,6,10,0,45XX BELMONT AVE,West Point Grey,484712.0768,5457901.0208
Theft of Vehicle,2017,7,11,18,0,45XX EARLES ST,Renfrew-Collingwood,496930.1137,5454632.2554
Theft of Vehicle,2017,2,2,15,0,45XX GLADSTONE ST,Kensington-Cedar Cottage,495605.2786,5454679.2638
Theft of Vehicle,2017,1,24,21,45,45XX HOY ST,Renfrew-Collingwood,498180.6339,5454546.2065
Theft of Vehicle,2017,7,12,0,1,45XX JOYCE ST,Renfrew-Collingwood,498113.0845,5454612.5926
Theft of Vehicle,2017,7,31,20,0,45XX MAIN ST,Riley Park,492630.3196,5454620.3152
Theft of Vehicle,2017,2,13,21,0,45XX MOSS ST,Renfrew-Collingwood,497048.7956,5454616.2167
Theft of Vehicle,2017,3,2,17,0,46XX COMMERCIAL ST,Kensington-Cedar Cottage,495056.8535,5454517.641
Theft of Vehicle,2017,12,14,10,45,46XX W 16TH AVE,West Point Grey,484548.9587,5456211.8979
Theft of Vehicle,2017,1,11,19,0,46XX W 9TH AVE,West Point Grey,484557.5215,5456905.7204
Theft of Vehicle,2017,4,18,9,0,46XX WALDEN ST,Riley Park,492726.3864,5454500.5752
Theft of Vehicle,2017,10,2,20,0,47XX BLENHEIM ST,Dunbar-Southlands,487003.0475,5454619.0
Theft of Vehicle,2017,3,26,21,0,47XX GOTHARD ST,Renfrew-Collingwood,496136.7196,5454413.8255
Theft of Vehicle,2017,3,15,18,0,47XX HENRY ST,Kensington-Cedar Cottage,494350.8531,5454312.4827
Theft of Vehicle,2017,10,23,22,45,47XX LANARK ST,Kensington-Cedar Cottage,494547.3444,5454434.8252
Theft of Vehicle,2017,3,22,17,0,47XX MANOR ST,Renfrew-Collingwood,497185.3835,5454434.2384
Theft of Vehicle,2017,5,5,20,0,47XX ST CATHERINES ST,Kensington-Cedar Cottage,493746.2235,5454420.334
Theft of Vehicle,2017,7,13,2,44,48XX CAMBIE ST,Riley Park,491398.1095,5454383.4269
Theft of Vehicle,2017,9,19,18,0,48XX DUCHESS ST,Renfrew-Collingwood,496291.7629,5454226.2737
Theft of Vehicle,2017,2,15,0,0,48XX NARVAEZ DR,Arbutus Ridge,488277.7125,5454492.5274
Theft of Vehicle,2017,12,15,15,30,49XX HEATHER ST,South Cambie,491223.4841,5454265.252
Theft of Vehicle,2017,2,8,21,30,49XX MAIN ST,Riley Park,492607.1152,5454140.948
Theft of Vehicle,2017,12,2,21,0,4X E 23RD AVE,Riley Park,492423.065,5455248.4905
Theft of Vehicle,2017,6,29,23,30,4X E 69TH AVE,Sunset,492302.3794,5450745.8927
Theft of Vehicle,2017,7,10,4,40,4XX CARRALL ST,Central Business District,492416.8196,5458749.3415
Theft of Vehicle,2017,10,24,20,0,4XX E 17TH AVE,Riley Park,493124.2702,5455869.6499
Theft of Vehicle,2017,11,1,0,0,4XX E 18TH AVE,Riley Park,492984.3714,5455773.0622
Theft of Vehicle,2017,3,29,18,0,4XX E 21ST AVE,Riley Park,492976.5327,5455470.8892
Theft of Vehicle,2017,3,6,18,15,4XX E 30TH AVE,Riley Park,492951.7296,5454527.2606
Theft of Vehicle,2017,10,28,19,30,4XX E 38TH AVE,Riley Park,493097.583,5453713.5641
Theft of Vehicle,2017,11,20,14,30,4XX E 47TH AVE,Sunset,493004.117,5452751.5274
Theft of Vehicle,2017,10,10,18,30,4XX E 48TH AVE,Sunset,492914.8059,5452649.329
Theft of Vehicle,2017,4,2,17,0,4XX E 50TH AVE,Sunset,492909.8793,5452427.9688
Theft of Vehicle,2017,3,5,7,30,4XX E 54TH AVE,Sunset,493081.461,5452024.6045
Theft of Vehicle,2017,6,1,1,0,4XX E 58TH AVE,Sunset,492931.8384,5451614.0043
Theft of Vehicle,2017,7,7,22,0,4XX E 64TH AVE,Sunset,492876.2394,5451051.5922
Theft of Vehicle,2017,3,9,10,0,4XX E HASTINGS ST,Strathcona,493068.1692,5458724.1138
Theft of Vehicle,2017,6,14,21,0,4XX E KING EDWARD AVE,Riley Park,493016.4398,5455113.0265
Theft of Vehicle,2017,3,13,0,30,4XX E PENDER ST,Strathcona,493065.4797,5458615.6264
Theft of Vehicle,2017,8,19,21,30,4XX E PENDER ST,Strathcona,493065.4797,5458615.6264
Theft of Vehicle,2017,7,15,12,0,4XX E PENDER ST,Strathcona,493131.2517,5458614.1749
Theft of Vehicle,2017,8,25,0,0,4XX E PENDER ST,Strathcona,493131.2517,5458614.1749
Theft of Vehicle,2017,11,30,23,0,4XX E PENDER ST,Strathcona,493131.3949,5458623.318
Theft of Vehicle,2017,10,6,5,0,4XX E PENDER ST,Strathcona,493141.9091,5458623.0859
Theft of Vehicle,2017,10,25,21,0,4XX E PENDER ST,Strathcona,493141.9091,5458623.0859
Theft of Vehicle,2017,9,19,3,0,4XX EXPO BLVD,Central Business District,492193.9521,5458415.297
Theft of Vehicle,2017,11,15,21,30,4XX GORE AVE,Strathcona,492916.4817,5458728.3904
Theft of Vehicle,2017,4,7,18,15,4XX HOMER ST,Central Business District,491911.4897,5458941.1571
Theft of Vehicle,2017,11,21,13,0,4XX JACKSON AVE,Strathcona,493209.4638,5458719.0744
Theft of Vehicle,2017,3,17,17,30,4XX KEEFER ST,Strathcona,493131.752,5458514.009
Theft of Vehicle,2017,8,29,5,30,4XX N KAMLOOPS ST,Hastings-Sunrise,496027.8182,5459626.2683
Theft of Vehicle,2017,12,25,11,0,4XX N NANAIMO ST,Hastings-Sunrise,495909.1595,5459562.5878
Theft of Vehicle,2017,9,7,17,30,4XX POWELL ST,Strathcona,493071.1268,5458928.3353
Theft of Vehicle,2017,3,10,19,45,4XX PRINCESS AVE,Strathcona,493351.9607,5458714.3087
Theft of Vehicle,2017,8,10,17,30,4XX PRIOR ST,Strathcona,493076.2936,5458223.8831
Theft of Vehicle,2017,1,8,18,0,4XX PRIOR ST,Strathcona,493180.0871,5458212.7457
Theft of Vehicle,2017,10,11,0,0,4XX PRIOR ST,Strathcona,493180.0871,5458212.7457
Theft of Vehicle,2017,3,2,16,0,4XX SE MARINE DR,Sunset,492874.8497,5450893.5121
Theft of Vehicle,2017,1,27,18,0,4XX SE MARINE DR,Sunset,492937.4614,5450925.3432
Theft of Vehicle,2017,3,7,23,0,4XX UNION ST,Strathcona,493058.2583,5458314.7712
Theft of Vehicle,2017,6,19,21,30,4XX W 14TH AVE,Mount Pleasant,491767.8131,5456216.7683
Theft of Vehicle,2017,11,17,18,0,4XX W 19TH AVE,Riley Park,491794.7775,5455683.8488
Theft of Vehicle,2017,8,11,11,0,4XX W 6TH AVE,Mount Pleasant,491757.4084,5457007.8446
Theft of Vehicle,2017,6,1,6,38,4XX W GEORGIA ST,Central Business District,491603.6844,5458663.9615
Theft of Vehicle,2017,8,7,22,0,4XX WOODLAND DR,Grandview-Woodland,494722.101,5458723.4835
Theft of Vehicle,2017,1,28,4,0,50XX HOY ST,Renfrew-Collingwood,498177.5277,5454058.4906
Theft of Vehicle,2017,5,3,23,0,50XX MOSS ST,Renfrew-Collingwood,496639.941,5453984.3619
Theft of Vehicle,2017,3,21,18,0,51XX ANN ST,Renfrew-Collingwood,497902.8947,5453961.1759
Theft of Vehicle,2017,12,15,18,0,51XX CAMBIE ST,Riley Park,491516.5977,5454040.9871
Theft of Vehicle,2017,11,2,21,30,51XX HIGHGATE ST,Renfrew-Collingwood,495805.6402,5453931.2235
Theft of Vehicle,2017,11,20,19,38,51XX JOYCE ST,Renfrew-Collingwood,497649.5115,5453882.696
Theft of Vehicle,2017,3,11,17,30,52XX GLADSTONE ST,Kensington-Cedar Cottage,495484.0177,5453850.9135
Theft of Vehicle,2017,5,16,10,34,52XX OAK ST,Shaughnessy,490680.7249,5453854.8937
Theft of Vehicle,2017,4,2,18,0,52XX SOMERVILLE ST,Kensington-Cedar Cottage,493759.6682,5453863.7509
Theft of Vehicle,2017,9,7,8,0,52XX TAUNTON ST,Renfrew-Collingwood,497288.6065,5453884.6432
Theft of Vehicle,2017,2,12,12,0,53XX BALSAM ST,Arbutus Ridge,488259.385,5453950.3226
Theft of Vehicle,2017,2,14,20,34,53XX CECIL ST,Renfrew-Collingwood,497470.0964,5453772.6044
Theft of Vehicle,2017,5,9,0,0,53XX DUMFRIES ST,Kensington-Cedar Cottage,494596.6256,5453749.0136
Theft of Vehicle,2017,10,24,23,0,53XX OBEN ST,Renfrew-Collingwood,498077.0411,5453621.706
Theft of Vehicle,2017,9,24,0,37,53XX SLOCAN ST,Renfrew-Collingwood,496056.1651,5453763.0929
Theft of Vehicle,2017,12,23,10,19,54XX COLLEGE ST,Renfrew-Collingwood,496756.3821,5453625.7366
Theft of Vehicle,2017,8,29,1,0,54XX SLOCAN ST,Renfrew-Collingwood,496054.9662,5453633.6475
Theft of Vehicle,2017,3,8,1,0,54XX TYNE ST,Renfrew-Collingwood,497787.4837,5453599.0077
Theft of Vehicle,2017,12,15,14,30,55XX BALSAM ST,Arbutus Ridge,488263.8542,5453755.1934
Theft of Vehicle,2017,8,29,16,0,55XX DUNBAR ST,Dunbar-Southlands,486507.2227,5453711.9998
Theft of Vehicle,2017,5,21,13,0,55XX JOYCE ST,Renfrew-Collingwood,497391.5422,5453477.927
Theft of Vehicle,2017,9,22,21,0,55XX KERR ST,Renfrew-Collingwood,497065.7596,5453458.1255
Theft of Vehicle,2017,5,22,22,30,55XX ORMIDALE ST,Renfrew-Collingwood,498197.6505,5453500.5745
Theft of Vehicle,2017,5,3,21,0,55XX WALES ST,Renfrew-Collingwood,496242.5671,5453470.615
Theft of Vehicle,2017,3,13,20,0,56XX BALSAM ST,Arbutus Ridge,488261.1979,5453645.0342
Theft of Vehicle,2017,3,18,18,0,56XX BOUNDARY RD,Renfrew-Collingwood,498277.1506,5453318.596
Theft of Vehicle,2017,9,29,18,0,56XX INVERNESS ST,Kensington-Cedar Cottage,494197.1378,5453446.5357
Theft of Vehicle,2017,7,14,8,35,56XX KERR ST,Renfrew-Collingwood,497074.7655,5453437.0544
Theft of Vehicle,2017,9,11,0,0,56XX MAPLE ST,Shaughnessy,488935.0248,5453577.2318
Theft of Vehicle,2017,2,5,4,0,56XX STAMFORD ST,Renfrew-Collingwood,497708.4079,5453398.3526
Theft of Vehicle,2017,7,4,22,30,57XX ATHLONE ST,Oakridge,490073.179,5453427.7452
Theft of Vehicle,2017,1,1,19,0,57XX GLADSTONE ST,Victoria-Fraserview,495483.1181,5453336.1169
Theft of Vehicle,2017,5,13,13,0,57XX GRANVILLE ST,Kerrisdale,489831.8269,5453423.0585
Theft of Vehicle,2017,1,3,10,30,57XX JOYCE ST,Killarney,497280.7634,5453265.0993
Theft of Vehicle,2017,1,31,4,0,58XX FLEMING ST,Victoria-Fraserview,494694.6369,5453205.4651
Theft of Vehicle,2017,5,27,14,0,58XX FRASER ST,Sunset,493410.1866,5453230.0796
Theft of Vehicle,2017,12,27,0,54,58XX TISDALL ST,Oakridge,491082.4379,5453324.5291
Theft of Vehicle,2017,9,14,16,0,58XX TODERICK ST,Killarney,497871.9966,5453044.2402
Theft of Vehicle,2017,3,15,20,0,58XX TODERICK ST,Killarney,497880.4853,5453106.7496
Theft of Vehicle,2017,3,8,15,0,58XX TYNE ST,Killarney,497681.236,5453177.2324
Theft of Vehicle,2017,5,3,14,30,58XX WEST BLVD,Kerrisdale,488667.2539,5453384.9556
Theft of Vehicle,2017,3,31,22,0,59XX BOUNDARY RD,Killarney,498283.3535,5452967.8539
Theft of Vehicle,2017,1,9,22,37,59XX BOUNDARY RD,Killarney,498283.4149,5452960.7982
Theft of Vehicle,2017,11,4,23,45,59XX EARLES ST,Victoria-Fraserview,496441.0253,5453047.5076
Theft of Vehicle,2017,8,12,21,30,59XX ONTARIO ST,Oakridge,492301.3526,5453122.0922
Theft of Vehicle,2017,5,19,23,30,59XX ORMIDALE ST,Killarney,498181.2087,5453007.6916
Theft of Vehicle,2017,11,23,23,15,59XX VICTORIA DR,Victoria-Fraserview,495229.7218,5452979.2623
Theft of Vehicle,2017,3,14,18,30,5X E 15TH AVE,Mount Pleasant,492424.9147,5456096.6031
Theft of Vehicle,2017,9,21,21,30,5X E BROADWAY AVE,Mount Pleasant,492445.4691,5456701.3894
Theft of Vehicle,2017,8,31,18,0,5X E PENDER ST,Central Business District,492486.712,5458644.5204
Theft of Vehicle,2017,3,18,9,0,5X N NANAIMO ST,Grandview-Woodland,495884.5972,5459167.468
Theft of Vehicle,2017,8,7,14,0,5X TEMPLETON DR,Grandview-Woodland,495652.9805,5459069.5389
Theft of Vehicle,2017,9,27,22,0,5X W 17TH AVE,Riley Park,492280.5485,5455889.7934
Theft of Vehicle,2017,3,7,20,30,5X W 20TH AVE,Riley Park,492281.2542,5455557.516
Theft of Vehicle,2017,6,21,9,37,5X W 6TH AVE,Mount Pleasant,492303.6382,5456990.2172
Theft of Vehicle,2017,8,6,19,30,5XX BEACH CRES,Central Business District,490657.0765,5457830.7514
Theft of Vehicle,2017,7,17,1,56,5XX BURRARD ST,Central Business District,491374.3329,5459261.1093
Theft of Vehicle,2017,5,29,17,0,5XX CLARK DR,Grandview-Woodland,494391.6634,5458593.1865
Theft of Vehicle,2017,2,19,18,0,5XX E 10TH AVE,Mount Pleasant,493236.2109,5456539.7544
Theft of Vehicle,2017,10,26,21,0,5XX E 11TH AVE,Mount Pleasant,493266.8766,5456440.2885
Theft of Vehicle,2017,3,7,22,0,5XX E 12TH AVE,Mount Pleasant,493270.6605,5456332.3333
Theft of Vehicle,2017,11,27,7,33,5XX E 13TH AVE,Mount Pleasant,493235.1023,5456228.7855
Theft of Vehicle,2017,3,28,21,0,5XX E 19TH AVE,Riley Park,493247.4143,5455665.1171
Theft of Vehicle,2017,8,23,7,17,5XX E 21ST AVE,Riley Park,493209.7748,5455474.3023
Theft of Vehicle,2017,11,8,19,0,5XX E 47TH AVE,Sunset,493257.275,5452743.8065
Theft of Vehicle,2017,9,11,19,0,5XX E 5TH AVE,Mount Pleasant,493341.3143,5457052.949
Theft of Vehicle,2017,2,10,1,5,5XX E BROADWAY AVE,Mount Pleasant,493279.8267,5456636.9555
Theft of Vehicle,2017,9,30,19,0,5XX E HASTINGS ST,Strathcona,493264.4067,5458718.0456
Theft of Vehicle,2017,2,14,11,27,5XX EVANS AVE,Strathcona,493291.6013,5457763.4612
Theft of Vehicle,2017,10,11,14,0,5XX HEATLEY AVE,Strathcona,493489.8487,5458604.9321
Theft of Vehicle,2017,5,14,0,49,5XX HORNBY ST,Central Business District,491399.4543,5459146.9914
Theft of Vehicle,2017,4,19,11,14,5XX KEEFER ST,Strathcona,493205.7201,5458511.7887
Theft of Vehicle,2017,3,7,14,0,5XX KEEFER ST,Strathcona,493311.5199,5458508.6511
Theft of Vehicle,2017,9,19,19,0,5XX N NANAIMO ST,Hastings-Sunrise,495897.1007,5459767.9536
Theft of Vehicle,2017,5,29,13,0,5XX NANAIMO ST,Hastings-Sunrise,495891.2362,5458489.2961
Theft of Vehicle,2017,1,25,18,30,5XX PENTICTON ST,Hastings-Sunrise,496223.4796,5458560.6328
Theft of Vehicle,2017,1,17,6,37,5XX POWELL ST,Strathcona,493254.3493,5458922.8364
Theft of Vehicle,2017,11,17,16,0,5XX SALSBURY DR,Grandview-Woodland,495036.1595,5458609.0572
Theft of Vehicle,2017,6,23,22,15,5XX SKEENA ST,Hastings-Sunrise,497935.6675,5458511.6723
Theft of Vehicle,2017,8,14,18,0,5XX SMITHE ST,Central Business District,491262.343,5458537.0206
Theft of Vehicle,2017,7,15,17,23,5XX TAYLOR ST,Central Business District,492323.4808,5458662.465
Theft of Vehicle,2017,7,13,16,33,5XX TERMINAL AVE,Strathcona,493299.3068,5457625.023
Theft of Vehicle,2017,11,18,12,0,5XX UNION ST,Strathcona,493199.6868,5458310.8225
Theft of Vehicle,2017,12,15,16,0,5XX W 12TH AVE,Fairview,491464.2222,5456409.9034
Theft of Vehicle,2017,2,15,23,0,5XX W 17TH AVE,South Cambie,491532.7137,5455920.6391
Theft of Vehicle,2017,3,31,13,8,5XX W 64TH AVE,Marpole,491453.9338,5451060.7943
Theft of Vehicle,2017,3,23,20,30,5XX W 65TH AVE,Marpole,491277.7386,5450977.0671
Theft of Vehicle,2017,12,2,9,30,60XX CROWN ST,Kerrisdale,485892.9821,5453243.2952
Theft of Vehicle,2017,2,5,21,0,60XX ST GEORGE ST,Sunset,493162.8911,5453042.6828
Theft of Vehicle,2017,6,9,21,0,61XX ARLINGTON ST,Killarney,497983.0014,5452869.3841
Theft of Vehicle,2017,4,8,19,0,61XX BROOKS ST,Killarney,497452.5991,5452747.3554
Theft of Vehicle,2017,8,31,21,30,61XX CARTIER ST,Oakridge,490005.1421,5453091.6393
Theft of Vehicle,2017,7,25,23,0,61XX GLENDALOUGH PL,Dunbar-Southlands,486865.9421,5453120.9565
Theft of Vehicle,2017,10,18,22,0,61XX GLENDALOUGH PL,Dunbar-Southlands,486865.9421,5453120.9565
Theft of Vehicle,2017,12,27,20,0,62XX BROOKS ST,Killarney,497452.227,5452736.6317
Theft of Vehicle,2017,4,16,16,33,62XX KILLARNEY ST,Killarney,496685.3172,5452639.5079
Theft of Vehicle,2017,6,10,17,0,62XX KILLARNEY ST,Killarney,496685.3172,5452639.5079
Theft of Vehicle,2017,8,31,20,0,62XX KILLARNEY ST,Killarney,496685.3172,5452639.5079
Theft of Vehicle,2017,1,9,18,0,63XX ARLINGTON ST,Killarney,497974.4017,5452581.196
Theft of Vehicle,2017,7,23,22,0,63XX BEATRICE ST,Victoria-Fraserview,495112.4834,5452620.9934
Theft of Vehicle,2017,12,11,18,0,63XX DUMFRIES ST,Victoria-Fraserview,494579.9475,5452617.2753
Theft of Vehicle,2017,8,4,4,40,63XX FREMLIN ST,Oakridge,490761.5932,5452759.5973
Theft of Vehicle,2017,11,26,1,58,63XX KERR ST,Killarney,497021.9259,5452576.4198
Theft of Vehicle,2017,8,16,22,0,64XX LANARK ST,Victoria-Fraserview,494478.6954,5452602.2867
Theft of Vehicle,2017,11,1,0,0,64XX ONTARIO ST,Sunset,492294.9078,5452600.4737
Theft of Vehicle,2017,8,30,15,9,65XX BALSAM ST,Kerrisdale,488249.2772,5452624.8226
Theft of Vehicle,2017,1,11,22,0,65XX FLEMING ST,Victoria-Fraserview,494677.2879,5452488.8237
Theft of Vehicle,2017,10,12,18,0,65XX FREMLIN ST,Oakridge,490782.0561,5452637.853
Theft of Vehicle,2017,6,1,5,57,66XX ELLIOTT ST,Victoria-Fraserview,496017.2511,5452349.679
Theft of Vehicle,2017,3,30,8,39,66XX FRASER ST,Sunset,493391.5893,5452375.149
Theft of Vehicle,2017,3,4,23,0,67XX ARGYLE ST,Victoria-Fraserview,494764.457,5452257.0462
Theft of Vehicle,2017,11,15,20,45,67XX CARTIER ST,Oakridge,489991.3225,5452486.3921
Theft of Vehicle,2017,8,22,0,49,67XX LANARK ST,Victoria-Fraserview,494471.1063,5452279.8558
Theft of Vehicle,2017,10,7,1,0,67XX LANCASTER ST,Killarney,496886.328,5452244.6781
Theft of Vehicle,2017,10,30,21,30,67XX VIVIAN ST,Victoria-Fraserview,496320.6728,5452183.9273
Theft of Vehicle,2017,11,29,22,30,68XX BEECHWOOD ST,Kerrisdale,488559.1362,5452360.7413
Theft of Vehicle,2017,7,16,19,30,68XX CULLODEN ST,Sunset,494268.1278,5452205.1018
Theft of Vehicle,2017,10,31,19,0,68XX FRONTENAC ST,Killarney,498078.4584,5452112.3267
Theft of Vehicle,2017,6,11,18,0,68XX TODERICK ST,Killarney,497746.5967,5452110.5113
Theft of Vehicle,2017,5,14,4,0,69XX DAWSON ST,Killarney,496438.1044,5452033.6168
Theft of Vehicle,2017,3,4,15,30,69XX LABURNUM ST,Kerrisdale,488995.9275,5452218.3045
Theft of Vehicle,2017,1,17,23,0,69XX MCKINNON ST,Killarney,497164.7229,5452034.3458
Theft of Vehicle,2017,6,15,2,0,69XX ONTARIO ST,Sunset,492280.6305,5452076.424
Theft of Vehicle,2017,2,14,21,20,69XX QUEBEC ST,Sunset,492437.6408,5452135.7993
Theft of Vehicle,2017,4,19,1,0,6X E 61ST AVE,Sunset,492361.0126,5451372.2437
Theft of Vehicle,2017,3,15,22,30,6X W 26TH AVE,Riley Park,492236.4761,5455011.0362
Theft of Vehicle,2017,10,1,21,0,6XX ALEXANDER ST,Strathcona,493338.8789,5459021.3636
Theft of Vehicle,2017,11,21,20,30,6XX CAMBIE ST,Central Business District,491782.0985,5458528.7206
Theft of Vehicle,2017,8,20,19,0,6XX CAMBIE ST,Central Business District,491821.5648,5458582.6758
Theft of Vehicle,2017,6,16,16,0,6XX E 20TH AVE,Riley Park,493308.4771,5455563.777
Theft of Vehicle,2017,7,11,14,15,6XX E 28TH AVE,Riley Park,493292.2628,5454755.9187
Theft of Vehicle,2017,7,3,17,0,6XX E 60TH AVE,Sunset,493262.1695,5451431.0868
Theft of Vehicle,2017,5,23,20,0,6XX E 7TH AVE,Mount Pleasant,493386.3496,5456841.7285
Theft of Vehicle,2017,9,27,8,0,6XX E 7TH AVE,Mount Pleasant,493386.3496,5456841.7285
Theft of Vehicle,2017,5,30,7,30,6XX E 7TH AVE,Mount Pleasant,493399.2663,5456850.7332
Theft of Vehicle,2017,5,2,9,0,6XX E 8TH AVE,Mount Pleasant,493471.7314,5456739.3999
Theft of Vehicle,2017,10,1,18,0,6XX E CORDOVA ST,Strathcona,493358.0751,5458819.3608
Theft of Vehicle,2017,1,8,10,10,6XX E PENDER ST,Strathcona,493350.4794,5458617.1176
Theft of Vehicle,2017,8,14,9,0,6XX HAMILTON ST,Central Business District,491814.2011,5458700.6777
Theft of Vehicle,2017,9,12,21,30,6XX HEATLEY AVE,Strathcona,493475.0506,5458432.7824
Theft of Vehicle,2017,7,14,18,0,6XX INDUSTRIAL AVE,Strathcona,493307.0311,5457342.7747
Theft of Vehicle,2017,12,22,20,23,6XX INDUSTRIAL AVE,Strathcona,493375.232,5457325.0321
Theft of Vehicle,2017,4,12,5,58,6XX JACKSON AVE,Strathcona,493203.3034,5458514.9474
Theft of Vehicle,2017,5,22,14,48,6XX KINGSWAY AVE,Mount Pleasant,493415.4438,5456024.0167
Theft of Vehicle,2017,12,14,14,0,6XX MAIN ST,Strathcona,492750.0814,5458517.1633
Theft of Vehicle,2017,5,4,18,0,6XX MAIN ST,Strathcona,492750.2786,5458524.8718
Theft of Vehicle,2017,7,17,14,47,6XX MOBERLY RD,Fairview,491391.7931,5457132.8544
Theft of Vehicle,2017,12,30,9,30,6XX MOBERLY RD,Fairview,491416.0088,5457145.4874
Theft of Vehicle,2017,8,23,9,45,6XX NOOTKA ST,Hastings-Sunrise,496989.3986,5458482.0377
Theft of Vehicle,2017,12,24,16,45,6XX POWELL ST,Strathcona,493386.4134,5458927.9794
Theft of Vehicle,2017,6,4,20,0,6XX PRINCESS AVE,Strathcona,493344.8706,5458510.781
Theft of Vehicle,2017,11,17,19,0,6XX PRINCESS AVE,Strathcona,493344.8706,5458510.781
Theft of Vehicle,2017,6,16,9,16,6XX PRIOR ST,Strathcona,493338.7687,5458207.706
Theft of Vehicle,2017,7,11,17,20,6XX PRIOR ST,Strathcona,493351.7124,5458207.277
Theft of Vehicle,2017,8,6,0,0,6XX RICHARDS ST,Central Business District,491672.8153,5458842.68
Theft of Vehicle,2017,8,20,20,0,6XX RUPERT ST,Hastings-Sunrise,497561.2944,5458477.8678
Theft of Vehicle,2017,4,8,22,39,6XX SEYMOUR ST,Central Business District,491525.7096,5458831.5533
Theft of Vehicle,2017,12,8,19,0,6XX UNION ST,Strathcona,493390.7112,5458313.5668
Theft of Vehicle,2017,7,1,3,0,6XX W 17TH AVE,South Cambie,491292.3775,5455927.7889
Theft of Vehicle,2017,2,18,23,0,6XX W 32ND AVE,South Cambie,491333.5417,5454381.8293
Theft of Vehicle,2017,2,21,16,30,6XX W 41ST AVE,Oakridge,491253.2457,5453429.852
Theft of Vehicle,2017,5,25,11,15,6XX W 41ST AVE,Oakridge,491253.2457,5453429.852
Theft of Vehicle,2017,6,16,14,0,6XX W 41ST AVE,Oakridge,491253.2457,5453429.852
Theft of Vehicle,2017,9,22,12,0,6XX W 41ST AVE,Oakridge,491253.2457,5453429.852
Theft of Vehicle,2017,3,23,17,0,6XX W 45TH AVE,Oakridge,491405.689,5453012.3779
Theft of Vehicle,2017,11,23,22,30,6XX W 71ST AVE,Marpole,491320.1721,5450507.345
Theft of Vehicle,2017,9,18,14,12,6XX W WATERFRONT RD,Central Business District,491902.0827,5459346.4918
Theft of Vehicle,2017,12,10,7,0,70XX ELLIOTT ST,Victoria-Fraserview,496008.7547,5451927.4632
Theft of Vehicle,2017,3,14,18,0,70XX FLEMING ST,Victoria-Fraserview,494654.6184,5451937.6415
Theft of Vehicle,2017,7,6,21,30,70XX MONT ROYAL SQ,Killarney,497239.9466,5451926.648
Theft of Vehicle,2017,5,31,0,0,70XX MONT ROYAL SQ,Killarney,497248.0979,5451835.1129
Theft of Vehicle,2017,6,27,0,0,70XX OAK ST,Oakridge,490639.6762,5452218.2805
Theft of Vehicle,2017,3,16,1,0,71XX KERR ST,Killarney,496992.7756,5451811.0318
Theft of Vehicle,2017,10,3,23,0,73XX MAPLE ST,Kerrisdale,488901.8228,5451824.8191
Theft of Vehicle,2017,3,13,19,0,74XX CULLODEN ST,Sunset,494282.5425,5451611.386
Theft of Vehicle,2017,12,24,21,0,74XX WEST BLVD,Kerrisdale,489093.1885,5451716.0241
Theft of Vehicle,2017,10,2,20,30,74XX WEST BLVD,Kerrisdale,489094.9952,5451736.5752
Theft of Vehicle,2017,6,14,7,23,75XX BALACLAVA ST,Kerrisdale,487167.7813,5451588.1744
Theft of Vehicle,2017,5,17,18,0,75XX COLUMBIA ST,Marpole,491800.3357,5451487.5273
Theft of Vehicle,2017,1,30,23,45,76XX ONTARIO ST,Sunset,492259.888,5451393.1241
Theft of Vehicle,2017,9,8,6,59,77XX GRANVILLE ST,Marpole,489778.4459,5451395.2466
Theft of Vehicle,2017,5,20,1,0,77XX MAIN ST,Sunset,492564.2186,5451321.4925
Theft of Vehicle,2017,3,28,8,55,78XX JASPER CRES,Victoria-Fraserview,494997.6522,5451161.0689
Theft of Vehicle,2017,5,22,3,0,78XX THORNHILL DR,Victoria-Fraserview,495119.0002,5451190.8482
Theft of Vehicle,2017,7,12,17,30,78XX VICTORIA DR,Victoria-Fraserview,495185.6148,5451216.5672
Theft of Vehicle,2017,3,24,18,37,78XX WINDSOR ST,Sunset,493754.0492,5451187.8007
Theft of Vehicle,2017,11,28,21,0,79XX ARGYLE ST,Victoria-Fraserview,494757.4676,5451049.6842
Theft of Vehicle,2017,3,12,3,29,79XX GRANVILLE ST,Marpole,489772.5489,5451179.2196
Theft of Vehicle,2017,2,14,10,0,79XX GRANVILLE ST,Marpole,489781.5233,5451164.727
Theft of Vehicle,2017,10,21,13,59,79XX YUKON ST,Marpole,491655.3469,5451156.5989
Theft of Vehicle,2017,12,14,2,30,7X W HASTINGS ST,Central Business District,492259.0368,5458790.5641
Theft of Vehicle,2017,2,16,19,30,7XX ALEXANDER ST,Strathcona,493598.13,5459007.1491
Theft of Vehicle,2017,8,21,18,0,7XX DENMAN ST,West End,490175.5702,5459888.2279
Theft of Vehicle,2017,12,13,0,0,7XX DUNSMUIR ST,Central Business District,491485.3891,5459049.9518
Theft of Vehicle,2017,5,21,0,30,7XX E 14TH AVE,Mount Pleasant,493515.83,5456129.5377
Theft of Vehicle,2017,2,21,21,0,7XX E 16TH AVE,Mount Pleasant,493578.6545,5455966.5665
Theft of Vehicle,2017,10,6,22,30,7XX E 22ND AVE,Kensington-Cedar Cottage,493587.2998,5455356.3762
Theft of Vehicle,2017,8,12,16,0,7XX E 26TH AVE,Kensington-Cedar Cottage,493446.3523,5454981.1323
Theft of Vehicle,2017,1,26,21,0,7XX E 30TH AVE,Kensington-Cedar Cottage,493492.5206,5454526.861
Theft of Vehicle,2017,3,6,6,34,7XX E 33RD AVE,Kensington-Cedar Cottage,493552.0595,5454166.7321
Theft of Vehicle,2017,5,9,2,13,7XX E 39TH AVE,Kensington-Cedar Cottage,493432.3401,5453562.4606
Theft of Vehicle,2017,9,14,17,14,7XX E 53RD AVE,Sunset,493517.8043,5452130.5056
Theft of Vehicle,2017,5,2,0,0,7XX E 60TH AVE,Sunset,493498.9428,5451432.569
Theft of Vehicle,2017,5,14,17,29,7XX E 60TH AVE,Sunset,493498.9428,5451432.569
Theft of Vehicle,2017,2,14,23,0,7XX E 61ST AVE,Sunset,493384.2445,5451344.4957
Theft of Vehicle,2017,12,29,19,0,7XX E 6TH AVE,Mount Pleasant,493538.7365,5456948.0742
Theft of Vehicle,2017,4,5,18,0,7XX E 6TH AVE,Mount Pleasant,493630.1024,5456937.5025
Theft of Vehicle,2017,5,5,7,45,7XX E 7TH AVE,Mount Pleasant,493525.9702,5456840.1941
Theft of Vehicle,2017,5,20,15,47,7XX E 7TH AVE,Mount Pleasant,493616.522,5456838.9237
Theft of Vehicle,2017,7,7,19,0,7XX E CORDOVA ST,Strathcona,493499.7026,5458814.9541
Theft of Vehicle,2017,8,18,1,0,7XX E HASTINGS ST,Strathcona,493496.7915,5458711.1148
Theft of Vehicle,2017,11,9,4,19,7XX E PENDER ST,Strathcona,493493.8262,5458604.9978
Theft of Vehicle,2017,11,23,17,0,7XX GILFORD ST,West End,490112.8267,5460050.4268
Theft of Vehicle,2017,8,13,19,0,7XX JACKSON AVE,Strathcona,493190.4495,5458389.2587
Theft of Vehicle,2017,8,11,22,20,7XX KAMLOOPS ST,Hastings-Sunrise,496032.9853,5458389.4719
Theft of Vehicle,2017,11,22,2,0,7XX KOOTENAY ST,Hastings-Sunrise,498133.6607,5458388.6662
Theft of Vehicle,2017,5,15,4,36,7XX NATIONAL AVE,Strathcona,493654.4629,5457775.9489
Theft of Vehicle,2017,2,2,14,30,7XX PACIFIC BLVD,Central Business District,491994.1347,5458164.3011
Theft of Vehicle,2017,9,14,12,30,7XX PACIFIC BLVD,Central Business District,491994.1347,5458164.3011
Theft of Vehicle,2017,6,17,0,33,7XX PACIFIC BLVD,Central Business District,492005.8692,5458173.6213
Theft of Vehicle,2017,8,14,13,35,7XX PACIFIC BLVD,Central Business District,492005.8692,5458173.6213
Theft of Vehicle,2017,9,3,23,0,7XX PACIFIC BLVD,Central Business District,492005.8692,5458173.6213
Theft of Vehicle,2017,11,8,4,30,7XX PAT QUINN WAY,Central Business District,492175.4639,5458423.5574
Theft of Vehicle,2017,1,23,13,12,7XX POWELL ST,Strathcona,493512.1155,5458924.1667
Theft of Vehicle,2017,10,17,3,24,7XX PRINCESS AVE,Strathcona,493340.7474,5458377.0042
Theft of Vehicle,2017,10,23,15,0,7XX SAWYERS LANE,Fairview,491159.6957,5457104.364
Theft of Vehicle,2017,3,8,19,12,7XX SEYMOUR ST,Central Business District,491413.6384,5458730.9797
Theft of Vehicle,2017,3,28,15,41,7XX SW MARINE DR,Marpole,490974.9361,5450497.7295
Theft of Vehicle,2017,8,26,16,25,7XX THURLOW ST,West End,491046.5618,5459221.0707
Theft of Vehicle,2017,10,23,18,0,7XX UNION ST,Strathcona,493482.8422,5458301.9292
Theft of Vehicle,2017,7,18,0,0,7XX W 13TH AVE,Fairview,491176.4959,5456311.1644
Theft of Vehicle,2017,7,22,20,0,7XX W 20TH AVE,South Cambie,491176.4083,5455639.5107
Theft of Vehicle,2017,1,13,12,45,7XX W 59TH AVE,Marpole,491197.6541,5451589.9987
Theft of Vehicle,2017,11,30,12,30,7XX W BROADWAY AVE,Fairview,491257.1389,5456737.5491
Theft of Vehicle,2017,10,1,15,15,7XX W GEORGIA ST,Central Business District,491407.7443,5458871.8391
Theft of Vehicle,2017,12,6,0,26,7XX W PENDER ST,Central Business District,491641.0327,5459106.5195
Theft of Vehicle,2017,11,17,22,0,7XX WOODLAND DR,Grandview-Woodland,494715.8779,5458410.3757
Theft of Vehicle,2017,4,14,2,0,80XX CHAMPLAIN CRES,Killarney,497831.1817,5451096.0165
Theft of Vehicle,2017,8,20,22,0,80XX ELLIOTT ST,Killarney,495974.0411,5450847.3673
Theft of Vehicle,2017,3,13,21,50,80XX GRANVILLE ST,Marpole,489779.71,5451089.6448
Theft of Vehicle,2017,8,18,0,0,80XX OAK ST,Marpole,490528.3231,5451099.5344
Theft of Vehicle,2017,7,21,23,0,80XX PRINCE ALBERT ST,Sunset,493573.2461,5451050.4123
Theft of Vehicle,2017,6,9,8,30,82XX ELLIOTT ST,Killarney,495925.6733,5450665.4798
Theft of Vehicle,2017,7,29,14,0,82XX LAUREL ST,Marpole,490827.8534,5450962.9169
Theft of Vehicle,2017,6,17,0,0,82XX ONTARIO ST,Sunset,492235.0384,5450847.7242
Theft of Vehicle,2017,2,11,12,0,82XX ROSS ST,Sunset,493874.6325,5450685.1192
Theft of Vehicle,2017,8,18,22,30,82XX SHAUGHNESSY ST,Marpole,490616.0631,5450912.6387
Theft of Vehicle,2017,9,18,18,30,83XX SHAUGHNESSY ST,Marpole,490624.5876,5450880.1455
Theft of Vehicle,2017,6,16,17,30,83XX ST GEORGE ST,Sunset,493145.453,5450614.9304
Theft of Vehicle,2017,2,1,0,0,83XX VICTORIA DR,Victoria-Fraserview,495189.037,5450751.267
Theft of Vehicle,2017,4,11,20,0,84XX FREMLIN ST,Marpole,490722.2777,5450783.0377
Theft of Vehicle,2017,9,5,22,0,84XX JELLICOE ST,Killarney,496530.3158,5450481.4711
Theft of Vehicle,2017,3,3,3,39,85XX CORNISH ST,Marpole,489654.8671,5450759.1316
Theft of Vehicle,2017,6,14,16,0,85XX OAK ST,Marpole,490517.5835,5450665.6019
Theft of Vehicle,2017,7,11,8,27,85XX ONTARIO ST,Marpole,492218.2076,5450626.4344
Theft of Vehicle,2017,9,29,23,30,86XX FRENCH ST,Marpole,489852.7232,5450528.8379
Theft of Vehicle,2017,8,12,23,0,86XX MONTCALM ST,Marpole,490085.2134,5450513.7684
Theft of Vehicle,2017,4,7,12,0,86XX OAK ST,Marpole,490505.4942,5450553.3772
Theft of Vehicle,2017,7,28,18,0,86XX OAK ST,Marpole,490505.4942,5450553.3772
Theft of Vehicle,2017,6,1,15,0,86XX OSLER ST,Marpole,490405.5919,5450531.1105
Theft of Vehicle,2017,4,11,18,0,87XX ASH ST,Marpole,491328.7915,5450365.573
Theft of Vehicle,2017,1,11,0,0,87XX LAUREL ST,Marpole,490794.6143,5450427.9046
Theft of Vehicle,2017,2,14,22,30,87XX MONTCALM ST,Marpole,490073.3689,5450417.5335
Theft of Vehicle,2017,9,24,21,30,87XX SELKIRK ST,Marpole,490292.6427,5450464.8297
Theft of Vehicle,2017,10,2,21,30,87XX SELKIRK ST,Marpole,490292.6427,5450464.8297
Theft of Vehicle,2017,5,29,18,27,88XX HEATHER ST,Marpole,491030.1632,5450342.393
Theft of Vehicle,2017,5,24,0,0,88XX HEATHER ST,Marpole,491036.5303,5450332.3223
Theft of Vehicle,2017,8,22,12,0,8X PACIFIC BLVD,Central Business District,492272.4827,5458261.4787
Theft of Vehicle,2017,10,12,16,45,8X W PENDER ST,Central Business District,492208.5573,5458692.9973
Theft of Vehicle,2017,9,1,18,0,8XX BEATTY ST,Central Business District,491708.1753,5458311.8974
Theft of Vehicle,2017,11,20,13,0,8XX BIDWELL ST,West End,490222.6667,5459718.4756
Theft of Vehicle,2017,1,21,18,0,8XX BIDWELL ST,West End,490229.2161,5459712.0944
Theft of Vehicle,2017,11,2,8,30,8XX BROUGHTON ST,West End,490549.586,5459464.135
Theft of Vehicle,2017,6,8,21,0,8XX BURRARD ST,West End,491012.1029,5458904.9078
Theft of Vehicle,2017,8,30,0,0,8XX BUTE ST,West End,490766.3811,5459247.6084
Theft of Vehicle,2017,6,28,16,30,8XX CASSIAR ST,Hastings-Sunrise,497769.7586,5458234.4446
Theft of Vehicle,2017,2,11,15,0,8XX CHILCO ST,West End,489900.3612,5460048.6346
Theft of Vehicle,2017,8,30,1,24,8XX DURWARD AVE,Kensington-Cedar Cottage,493622.4708,5454237.693
Theft of Vehicle,2017,11,14,18,0,8XX E 55TH AVE,Sunset,493678.9301,5451909.475
Theft of Vehicle,2017,9,12,2,23,8XX E 6TH AVE,Mount Pleasant,493667.932,5456946.1371
Theft of Vehicle,2017,9,17,18,0,8XX E 8TH AVE,Mount Pleasant,493665.7497,5456737.222
Theft of Vehicle,2017,9,4,2,0,8XX E BROADWAY AVE,Mount Pleasant,493663.4142,5456632.9912
Theft of Vehicle,2017,2,17,22,30,8XX GARDEN DR,Grandview-Woodland,495794.7503,5458301.54
Theft of Vehicle,2017,7,8,6,0,8XX GRIFFITHS WAY,Central Business District,492028.4026,5458301.6596
Theft of Vehicle,2017,4,18,3,35,8XX HORNBY ST,Central Business District,491088.0434,5458833.1299
Theft of Vehicle,2017,3,22,18,0,8XX KEEFER ST,Strathcona,493663.2664,5458498.3958
Theft of Vehicle,2017,3,25,7,55,8XX ROBSON ST,Central Business District,491180.7065,5458852.9374
Theft of Vehicle,2017,4,3,3,17,8XX TERMINAL AVE,Strathcona,493866.7122,5457463.8013
Theft of Vehicle,2017,9,26,19,0,8XX THURLOW ST,West End,490870.7094,5459057.9603
Theft of Vehicle,2017,8,30,1,0,8XX VICTORIA DR,Grandview-Woodland,495232.6136,5458298.1664
Theft of Vehicle,2017,1,13,22,0,8XX W 14TH AVE,Fairview,490997.5303,5456223.1959
Theft of Vehicle,2017,8,2,20,0,8XX W 18TH AVE,South Cambie,490994.7366,5455835.2582
Theft of Vehicle,2017,12,11,15,0,8XX W 61ST AVE,Marpole,490909.8962,5451419.284
Theft of Vehicle,2017,3,11,19,30,8XX W 70TH AVE,Marpole,490750.2721,5450638.1251
Theft of Vehicle,2017,3,3,13,0,8XX W HASTINGS ST,Central Business District,491623.7342,5459283.1514
Theft of Vehicle,2017,7,1,10,30,8XX W KING EDWARD AVE,South Cambie,491015.7556,5455147.5701
Theft of Vehicle,2017,11,6,0,0,8XX WINDERMERE ST,Hastings-Sunrise,497368.8734,5458296.2487
Theft of Vehicle,2017,3,9,6,30,90XX SHAUGHNESSY ST,Marpole,490743.4056,5450048.6844
Theft of Vehicle,2017,11,1,0,0,9X E 14TH AVE,Mount Pleasant,492479.9652,5456194.4002
Theft of Vehicle,2017,6,24,0,0,9X E 27TH AVE,Riley Park,492473.0618,5454945.5475
Theft of Vehicle,2017,6,1,15,0,9X E 3RD AVE,Mount Pleasant,492507.2476,5457276.9388
Theft of Vehicle,2017,3,24,12,0,9X FALAISE PL,Renfrew-Collingwood,497902.2264,5455971.24
Theft of Vehicle,2017,12,2,18,0,9X TEMPLETON DR,Grandview-Woodland,495652.7895,5459021.117
Theft of Vehicle,2017,11,13,23,19,9XX BOUNDARY RD,Hastings-Sunrise,498276.1905,5458219.0476
Theft of Vehicle,2017,6,5,17,0,9XX BURRARD ST,West End,490887.1516,5458782.3097
Theft of Vehicle,2017,8,18,19,0,9XX BURRARD ST,Central Business District,490952.141,5458832.437
Theft of Vehicle,2017,10,13,6,56,9XX BUTE ST,West End,490610.7373,5459099.2457
Theft of Vehicle,2017,5,5,14,28,9XX CAMBIE ST,Central Business District,491503.5199,5458246.865
Theft of Vehicle,2017,12,22,4,59,9XX CANADA PL,Central Business District,491688.8495,5459447.7094
Theft of Vehicle,2017,1,15,20,30,9XX E 10TH AVE,Mount Pleasant,493802.6191,5456521.4465
Theft of Vehicle,2017,2,22,23,12,9XX E 10TH AVE,Mount Pleasant,493846.0427,5456530.8725
Theft of Vehicle,2017,9,16,12,0,9XX E 14TH AVE,Mount Pleasant,493885.3068,5456129.8916
Theft of Vehicle,2017,3,15,2,15,9XX E 51ST AVE,Sunset,493774.2492,5452309.669
Theft of Vehicle,2017,3,3,18,0,9XX E 8TH AVE,Mount Pleasant,493806.392,5456735.2721
Theft of Vehicle,2017,7,1,23,0,9XX E 8TH AVE,Mount Pleasant,493845.0623,5456734.7358
Theft of Vehicle,2017,9,29,23,0,9XX GRANVILLE ST,Central Business District,491168.1536,5458616.842
Theft of Vehicle,2017,7,28,18,45,9XX HELMCKEN ST,Central Business District,490785.8877,5458530.5997
Theft of Vehicle,2017,6,24,17,0,9XX HOWE ST,Central Business District,491006.7888,5458602.6439
Theft of Vehicle,2017,10,20,4,0,9XX MAIN ST,Central Business District,492725.7632,5458184.5315
Theft of Vehicle,2017,5,20,1,55,9XX MAIN ST,Strathcona,492746.5445,5458216.9188
Theft of Vehicle,2017,2,10,12,0,9XX NICOLA ST,West End,490386.6514,5459468.8981
Theft of Vehicle,2017,7,14,21,0,9XX RINGWOOD AVE,Kensington-Cedar Cottage,493749.7832,5454572.8122
Theft of Vehicle,2017,10,2,0,0,9XX SEMLIN DR,Grandview-Woodland,495363.6236,5458168.4177
Theft of Vehicle,2017,9,29,17,0,9XX SEMLIN DR,Grandview-Woodland,495373.3758,5458204.0017
Theft of Vehicle,2017,5,29,22,22,9XX SEYMOUR ST,Central Business District,491222.3293,5458524.4412
Theft of Vehicle,2017,1,3,23,47,9XX SEYMOUR ST,Central Business District,491232.9693,5458547.9668
Theft of Vehicle,2017,7,20,1,0,9XX SEYMOUR ST,Central Business District,491239.4264,5458541.4923
Theft of Vehicle,2017,7,25,23,0,9XX SEYMOUR ST,Central Business District,491239.4264,5458541.4923
Theft of Vehicle,2017,7,13,23,30,9XX TEMPLETON DR,Grandview-Woodland,495652.4491,5458205.6221
Theft of Vehicle,2017,5,10,16,0,9XX W 20TH AVE,South Cambie,490832.3058,5455640.5466
Theft of Vehicle,2017,10,19,17,30,9XX W 49TH AVE,Oakridge,490772.4068,5452637.1335
Theft of Vehicle,2017,10,21,22,0,ABBOTT ST / W PENDER ST,Central Business District,492175.4371,5458706.8534
Theft of Vehicle,2017,6,13,12,43,ADERA ST / W 57TH AVE,Kerrisdale,489527.914,5451858.6232
Theft of Vehicle,2017,1,4,11,58,ALBERTA ST / W 5TH AVE,Mount Pleasant,491938.4094,5457099.1219
Theft of Vehicle,2017,10,19,21,45,ALEXANDER ST / GORE AVE,Strathcona,492884.8125,5459039.5913
Theft of Vehicle,2017,4,29,0,0,ARBUTUS ST / CREELMAN AVE,Kitsilano,488905.4544,5457986.2658
Theft of Vehicle,2017,12,5,13,45,ARBUTUS ST / W BROADWAY AVE,Kitsilano,488872.9023,5456795.4582
Theft of Vehicle,2017,3,8,19,50,ASH ST / W 13TH AVE,Fairview,491438.9789,5456309.7315
Theft of Vehicle,2017,10,6,13,30,ASH ST / W 8TH AVE,Fairview,491453.9689,5456830.3422
Theft of Vehicle,2017,7,22,18,0,BALMORAL ST / E 55TH AVE,Victoria-Fraserview,495015.1731,5451952.0133
Theft of Vehicle,2017,6,8,0,0,BALSAM ST / W 39TH AVE,Arbutus Ridge,488259.4316,5453761.4442
Theft of Vehicle,2017,12,17,18,30,BARCLAY ST / DENMAN ST,West End,489997.8445,5459711.4683
Theft of Vehicle,2017,7,18,22,0,BEACH AVE / BUTE ST,West End,490026.1957,5458512.3032
Theft of Vehicle,2017,1,28,1,54,BEATTY ST / W GEORGIA ST,Central Business District,491835.3334,5458445.4738
Theft of Vehicle,2017,3,4,19,0,BEATTY ST / W PENDER ST,Central Business District,492111.7939,5458724.1647
Theft of Vehicle,2017,7,12,1,47,BEATTY ST / W PENDER ST,Central Business District,492111.7939,5458724.1647
Theft of Vehicle,2017,5,28,22,0,BIDWELL ST / DAVIE ST,West End,489801.6647,5459286.1766
Theft of Vehicle,2017,2,18,23,0,BRUCE ST / E 32ND AVE,Kensington-Cedar Cottage,494944.8121,5454312.4463
Theft of Vehicle,2017,4,17,20,0,BURNABY ST / THURLOW ST,West End,490381.7782,5458553.1254
Theft of Vehicle,2017,11,2,21,17,BURRARD ST / DAVIE ST,West End,490604.1485,5458488.3284
Theft of Vehicle,2017,10,17,22,5,BURRARD ST / SMITHE ST,West End,490950.9624,5458837.6462
Theft of Vehicle,2017,8,6,12,0,BUTE ST / COMOX ST,West End,490454.8515,5458946.3877
Theft of Vehicle,2017,12,5,18,40,BUTE ST / PENDRELL ST,West End,490376.2491,5458872.2069
Theft of Vehicle,2017,6,7,20,52,CAMBIE ST / W 10TH AVE,Fairview,491634.8887,5456614.8824
Theft of Vehicle,2017,4,30,12,30,CAMBIE ST / W 23RD AVE,Riley Park,491604.5699,5455264.7302
Theft of Vehicle,2017,6,3,2,20,CAMBIE ST / W CORDOVA ST,Central Business District,492061.6986,5458981.8421
Theft of Vehicle,2017,7,28,0,0,CAMPBELL AVE / E HASTINGS ST,Strathcona,493832.6688,5458702.2878
Theft of Vehicle,2017,3,11,11,0,CAMPBELL AVE / E PENDER ST,Strathcona,493829.4755,5458598.1799
Theft of Vehicle,2017,12,14,17,0,CAMPBELL AVE / E PENDER ST,Strathcona,493829.4755,5458598.1799
Theft of Vehicle,2017,7,18,20,0,CAROLINA ST / E 12TH AVE,Mount Pleasant,493372.3299,5456335.4449
Theft of Vehicle,2017,10,14,12,0,CAROLINA ST / E 8TH AVE,Mount Pleasant,493377.3567,5456745.6134
Theft of Vehicle,2017,6,10,19,0,CHAMPLAIN CRES / MATHESON CRES,Killarney,498013.2494,5450863.3464
Theft of Vehicle,2017,1,29,16,30,CHARLES ST / MCLEAN DR,Grandview-Woodland,494582.3557,5457815.1006
Theft of Vehicle,2017,3,24,8,0,CLARK DR / E 12TH AVE,Mount Pleasant,494355.7959,5456321.0856
Theft of Vehicle,2017,3,12,16,0,CLARK DR / E 15TH AVE,Mount Pleasant,494336.9207,5455995.1201
Theft of Vehicle,2017,4,13,2,13,CLARK DR / E BROADWAY AVE,Mount Pleasant,494352.284,5456628.3642
Theft of Vehicle,2017,5,4,18,17,CLARK DR / VENABLES ST,Grandview-Woodland,494379.9924,5458225.4456
Theft of Vehicle,2017,8,13,9,57,CLARK DR / VENABLES ST,Grandview-Woodland,494379.9924,5458225.4456
Theft of Vehicle,2017,5,12,0,30,COLUMBIA ST / E HASTINGS ST,Central Business District,492562.4333,5458743.6252
Theft of Vehicle,2017,5,14,13,43,COLUMBIA ST / E HASTINGS ST,Central Business District,492562.4333,5458743.6252
Theft of Vehicle,2017,11,25,0,40,COLUMBIA ST / KEEFER ST,Central Business District,492569.9922,5458508.4775
Theft of Vehicle,2017,12,10,18,0,COLUMBIA ST / KEEFER ST,Central Business District,492569.9922,5458508.4775
Theft of Vehicle,2017,1,10,21,30,COMMERCIAL DR / E 13TH AVE,Kensington-Cedar Cottage,494916.8002,5456215.8718
Theft of Vehicle,2017,10,16,11,0,COMMERCIAL DR / E 6TH AVE,Grandview-Woodland,494926.1361,5456926.3866
Theft of Vehicle,2017,12,25,12,0,COMMERCIAL DR / E BROADWAY AVE,Kensington-Cedar Cottage,494921.9032,5456620.4272
Theft of Vehicle,2017,12,16,17,45,COMMERCIAL DR / GRANDVIEW HWY N,Grandview-Woodland,494923.9672,5456775.6637
Theft of Vehicle,2017,1,6,12,0,COMMERCIAL DR / KITCHENER ST,Grandview-Woodland,494936.513,5457711.1521
Theft of Vehicle,2017,1,1,22,0,COMMERCIAL ST / E 28TH AVE,Kensington-Cedar Cottage,495058.8938,5454694.1672
Theft of Vehicle,2017,6,26,10,15,CORNWALL AVE / CYPRESS ST,Kitsilano,489248.1274,5457756.851
Theft of Vehicle,2017,5,23,20,0,CORNWALL AVE / WALNUT ST,Kitsilano,489162.957,5457759.0526
Theft of Vehicle,2017,12,19,11,0,COTTON DR / WILLIAM ST,Grandview-Woodland,494801.364,5457912.0634
Theft of Vehicle,2017,10,23,22,22,COTTRELL ST / TERMINAL AVE,Strathcona,493898.5941,5457459.059
Theft of Vehicle,2017,8,9,18,0,CYPRESS ST / W 12TH AVE,Kitsilano,489213.3741,5456478.5106
Theft of Vehicle,2017,5,15,21,0,CYPRESS ST / W 16TH AVE,Kitsilano,489203.7658,5456061.1281
Theft of Vehicle,2017,1,16,20,0,DAVIE ST / JERVIS ST,West End,490187.8745,5458904.0124
Theft of Vehicle,2017,10,26,22,0,DAVIE ST / MAINLAND ST,Central Business District,491115.8218,5457981.2725
Theft of Vehicle,2017,10,17,16,0,DRAKE ST / HORNBY ST,Central Business District,490564.5805,5458296.9376
Theft of Vehicle,2017,7,6,21,0,DUMFRIES ST / E 22ND AVE,Kensington-Cedar Cottage,494664.6413,5455294.131
Theft of Vehicle,2017,8,26,14,0,DUMFRIES ST / E 55TH AVE,Victoria-Fraserview,494504.8208,5451866.809
Theft of Vehicle,2017,12,1,1,52,DUMFRIES ST / KINGSWAY AVE,Kensington-Cedar Cottage,494661.6249,5455132.926
Theft of Vehicle,2017,5,18,21,0,DUNDAS ST / KAMLOOPS ST,Hastings-Sunrise,496030.4281,5459114.7732
Theft of Vehicle,2017,11,25,22,30,DUNDAS ST / LAKEWOOD DR,Grandview-Woodland,495518.9729,5459118.1456
Theft of Vehicle,2017,3,10,22,30,DUNDAS ST / N SLOCAN ST,Hastings-Sunrise,496413.076,5459114.7662
Theft of Vehicle,2017,11,9,12,30,DUNLEVY AVE / E HASTINGS ST,Strathcona,493061.1076,5458728.899
Theft of Vehicle,2017,11,17,2,30,DUNLEVY AVE / E HASTINGS ST,Strathcona,493061.1076,5458728.899
Theft of Vehicle,2017,3,3,8,30,E 10TH AVE / GUELPH ST,Mount Pleasant,493090.3147,5456533.364
Theft of Vehicle,2017,11,23,17,0,E 11TH AVE / NANAIMO ST,Kensington-Cedar Cottage,495879.9867,5456372.0944
Theft of Vehicle,2017,10,10,20,30,E 12TH AVE / LAKEWOOD DR,Kensington-Cedar Cottage,495483.6636,5456308.2935
Theft of Vehicle,2017,7,20,23,0,E 12TH AVE / SOPHIA ST,Mount Pleasant,492847.1508,5456385.0509
Theft of Vehicle,2017,3,8,19,0,E 13TH AVE / SOPHIA ST,Mount Pleasant,492844.5669,5456283.7113
Theft of Vehicle,2017,11,2,17,0,E 14TH AVE / FRASER ST,Mount Pleasant,493508.7604,5456134.1861
Theft of Vehicle,2017,1,21,22,0,E 14TH AVE / MAIN ST,Mount Pleasant,492641.3353,5456186.1716
Theft of Vehicle,2017,11,9,10,10,E 14TH AVE / RUPERT ST,Renfrew-Collingwood,497537.0537,5456052.6114
Theft of Vehicle,2017,8,30,0,30,E 15TH AVE / SOPHIA ST,Mount Pleasant,492839.5833,5456082.8328
Theft of Vehicle,2017,3,12,19,30,E 17TH AVE / SLOCAN ST,Renfrew-Collingwood,496395.1174,5455746.8669
Theft of Vehicle,2017,10,24,18,45,E 18TH AVE / PRINCE ALBERT ST,Kensington-Cedar Cottage,493627.9231,5455760.7035
Theft of Vehicle,2017,8,23,23,54,E 18TH AVE / WELWYN ST,Kensington-Cedar Cottage,494954.3343,5455727.4881
Theft of Vehicle,2017,5,17,18,30,E 19TH AVE / MAIN ST,Riley Park,492659.3187,5455665.1698
Theft of Vehicle,2017,11,4,21,0,E 1ST AVE / NANAIMO ST,Grandview-Woodland,495881.9547,5457406.9785
Theft of Vehicle,2017,3,25,18,0,E 1ST AVE / WOODLAND DR,Grandview-Woodland,494653.8229,5457431.7366
Theft of Vehicle,2017,3,13,0,0,E 21ST AVE / SLOCAN ST,Renfrew-Collingwood,496389.8389,5455421.0305
Theft of Vehicle,2017,6,22,16,0,E 22ND AVE / RENFREW ST,Renfrew-Collingwood,496777.5408,5455323.4604
Theft of Vehicle,2017,7,14,17,30,E 22ND AVE / RENFREW ST,Renfrew-Collingwood,496777.5408,5455323.4604
Theft of Vehicle,2017,10,15,22,0,E 23RD AVE / FRASER ST,Riley Park,493441.622,5455261.879
Theft of Vehicle,2017,7,1,19,30,E 23RD AVE / KAMLOOPS ST,Renfrew-Collingwood,496027.0981,5455217.7056
Theft of Vehicle,2017,7,1,22,0,E 27TH AVE / KASLO ST,Renfrew-Collingwood,496571.3917,5454833.1912
Theft of Vehicle,2017,4,17,17,0,E 27TH AVE / ST CATHERINES ST,Kensington-Cedar Cottage,493752.4018,5454869.454
Theft of Vehicle,2017,4,21,1,0,E 29TH AVE / REID ST,Renfrew-Collingwood,497414.1657,5454638.2835
Theft of Vehicle,2017,7,28,7,30,E 2ND AVE / QUEBEC ST,Mount Pleasant,492527.645,5457382.6866
Theft of Vehicle,2017,8,5,16,0,E 2ND AVE / SCOTIA ST,Mount Pleasant,492855.8078,5457224.2771
Theft of Vehicle,2017,5,28,1,0,E 31ST AVE / LANARK ST,Kensington-Cedar Cottage,494552.9228,5454476.4841
Theft of Vehicle,2017,10,13,22,30,E 32ND AVE / VICTORIA DR,Kensington-Cedar Cottage,495246.6534,5454307.3522
Theft of Vehicle,2017,9,11,17,0,E 33RD AVE / QUEBEC ST,Riley Park,492521.6625,5454199.8871
Theft of Vehicle,2017,7,20,18,0,E 34TH AVE / ST MARGARETS ST,Renfrew-Collingwood,495884.8101,5454015.1951
Theft of Vehicle,2017,1,1,1,0,E 3RD AVE / SKEENA ST,Hastings-Sunrise,497929.3691,5457198.4048
Theft of Vehicle,2017,5,20,0,0,E 41ST AVE / GLADSTONE ST,Kensington-Cedar Cottage,495478.3602,5453349.8507
Theft of Vehicle,2017,8,18,13,0,E 41ST AVE / STIRLING ST,Kensington-Cedar Cottage,495599.0372,5453343.5274
Theft of Vehicle,2017,11,22,6,40,E 41ST AVE / VICTORIA DR,Victoria-Fraserview,495229.7606,5453325.7475
Theft of Vehicle,2017,5,2,14,0,E 44TH AVE / FRASER ST,Sunset,493404.8861,5453038.7111
Theft of Vehicle,2017,7,24,6,35,E 45TH AVE / KNIGHT ST,Sunset,494383.8589,5452916.6731
Theft of Vehicle,2017,12,17,11,0,E 49TH AVE / INVERNESS ST,Sunset,494171.4065,5452508.3672
Theft of Vehicle,2017,6,9,10,30,E 49TH AVE / MAIN ST,Sunset,492599.4358,5452545.5844
Theft of Vehicle,2017,4,18,14,0,E 49TH AVE / MCKINNON ST,Killarney,497172.8922,5452435.6944
Theft of Vehicle,2017,5,18,22,48,E 49TH AVE / VICTORIA DR,Victoria-Fraserview,495211.6049,5452489.3887
Theft of Vehicle,2017,12,31,18,0,E 50TH AVE / MAIN ST,Sunset,492599.1359,5452441.541
Theft of Vehicle,2017,9,28,8,0,E 50TH AVE / QUEBEC ST,Sunset,492439.4047,5452446.1042
Theft of Vehicle,2017,3,6,10,0,E 51ST AVE / FLEMING ST,Victoria-Fraserview,494667.4791,5452286.2367
Theft of Vehicle,2017,6,6,0,0,E 51ST AVE / MCKINNON ST,Killarney,497165.8003,5452237.305
Theft of Vehicle,2017,3,24,17,34,E 52ND AVE / WINDSOR ST,Sunset,493786.1856,5452210.242
Theft of Vehicle,2017,11,18,17,0,E 52ND AVE / WINDSOR ST,Sunset,493786.1856,5452210.242
Theft of Vehicle,2017,10,4,5,11,E 54TH AVE / ROSS ST,Sunset,493955.4426,5451974.4296
Theft of Vehicle,2017,4,20,19,3,E 58TH AVE / MAIN ST,Sunset,492577.7716,5451651.6756
Theft of Vehicle,2017,7,3,9,0,E 5TH AVE / QUEBEC ST,Mount Pleasant,492519.4826,5457083.0039
Theft of Vehicle,2017,1,3,6,0,E 63RD AVE / SOPHIA ST,Sunset,492701.038,5451204.8982
Theft of Vehicle,2017,5,6,0,0,E 69TH AVE / ONTARIO ST,Marpole,492226.8154,5450744.282
Theft of Vehicle,2017,12,6,20,0,E 6TH AVE / MAIN ST,Mount Pleasant,492657.378,5456975.4162
Theft of Vehicle,2017,4,18,21,12,E 7TH AVE / MAIN ST,Mount Pleasant,492652.2319,5456870.089
Theft of Vehicle,2017,6,23,9,0,E 7TH AVE / MAIN ST,Mount Pleasant,492652.2319,5456870.089
Theft of Vehicle,2017,4,5,20,0,E 7TH AVE / MCLEAN DR,Grandview-Woodland,494502.6501,5456830.1863
Theft of Vehicle,2017,5,7,12,0,E 7TH AVE / PRINCE ALBERT ST,Mount Pleasant,493659.8498,5456842.8885
Theft of Vehicle,2017,7,18,0,0,E 8TH AVE / FRASER ST,Mount Pleasant,493517.3947,5456743.1787
Theft of Vehicle,2017,11,21,17,0,E 8TH AVE / QUEBEC ST,Mount Pleasant,492511.1612,5456779.4307
Theft of Vehicle,2017,11,21,19,0,E 8TH AVE / QUEBEC ST,Mount Pleasant,492511.1612,5456779.4307
Theft of Vehicle,2017,1,15,14,43,E 8TH AVE / ST CATHERINES ST,Mount Pleasant,493799.4374,5456739.9409
Theft of Vehicle,2017,5,2,17,48,E BROADWAY AVE / FRASER ST,Mount Pleasant,493514.7984,5456639.1484
Theft of Vehicle,2017,1,23,11,0,E BROADWAY AVE / MAIN ST,Mount Pleasant,492648.2569,5456688.4972
Theft of Vehicle,2017,8,5,16,0,E BROADWAY AVE / VICTORIA DR,Grandview-Woodland,495204.1196,5456616.572
Theft of Vehicle,2017,11,12,8,12,E CORDOVA ST / HEATLEY AVE,Strathcona,493491.1797,5458819.8111
Theft of Vehicle,2017,2,1,5,41,E CORDOVA ST / MAIN ST,Strathcona,492754.0167,5458842.0558
Theft of Vehicle,2017,10,1,0,1,E GEORGIA ST / MAIN ST,Strathcona,492743.2453,5458428.5255
Theft of Vehicle,2017,10,25,12,0,E GEORGIA ST / MAIN ST,Strathcona,492743.2453,5458428.5255
Theft of Vehicle,2017,4,24,8,0,E HASTINGS ST / GORE AVE,Strathcona,492911.3553,5458733.3368
Theft of Vehicle,2017,11,10,21,15,E HASTINGS ST / HAWKS AVE,Strathcona,493660.6756,5458707.8863
Theft of Vehicle,2017,2,15,23,0,E HASTINGS ST / JACKSON AVE,Strathcona,493205.0711,5458724.5948
Theft of Vehicle,2017,10,29,20,0,E HASTINGS ST / NANAIMO ST,Grandview-Woodland,495887.5446,5458714.2743
Theft of Vehicle,2017,4,15,22,0,E HASTINGS ST / PRINCESS AVE,Strathcona,493347.6087,5458719.8513
Theft of Vehicle,2017,7,21,14,0,E HASTINGS ST / PRINCESS AVE,Strathcona,493347.6087,5458719.8513
Theft of Vehicle,2017,8,21,18,0,E HASTINGS ST / PRINCESS AVE,Strathcona,493347.6087,5458719.8513
Theft of Vehicle,2017,10,25,20,2,E HASTINGS ST / TEMPLETON DR,Grandview-Woodland,495653.3692,5458714.9992
Theft of Vehicle,2017,3,2,0,0,E HASTINGS ST / VERNON DR,Strathcona,494242.7222,5458709.8363
Theft of Vehicle,2017,4,9,22,0,E KENT AVE N / JELLICOE ST,Killarney,496525.823,5450410.2119
Theft of Vehicle,2017,7,18,12,30,E KENT AVE N / PORTSIDE DR,Victoria-Fraserview,495518.8829,5450387.7485
Theft of Vehicle,2017,8,14,23,0,E KING EDWARD AVE / KNIGHT ST,Kensington-Cedar Cottage,494455.9081,5455085.2706
Theft of Vehicle,2017,3,3,11,55,E PENDER ST / JACKSON AVE,Strathcona,493201.5345,5458617.197
Theft of Vehicle,2017,3,18,21,30,E PENDER ST / JACKSON AVE,Strathcona,493201.5345,5458617.197
Theft of Vehicle,2017,8,29,19,0,E PENDER ST / JACKSON AVE,Strathcona,493201.5345,5458617.197
Theft of Vehicle,2017,12,26,2,0,ELM ST / W 41ST AVE,Arbutus Ridge,488049.728,5453560.0099
Theft of Vehicle,2017,5,30,11,30,ETON ST / WALL ST,Grandview-Woodland,495581.9429,5459423.003
Theft of Vehicle,2017,3,2,18,0,EXPO BLVD / NELSON ST,Central Business District,491563.6978,5458020.6776
Theft of Vehicle,2017,10,15,16,30,FRANKLIN ST / MCLEAN DR,Grandview-Woodland,494611.3882,5458833.1957
Theft of Vehicle,2017,3,14,21,0,GRANDVIEW HWY / SLOCAN ST,Renfrew-Collingwood,496392.8332,5456125.4031
Theft of Vehicle,2017,2,9,13,50,GRANVILLE ST / HELMCKEN ST,Central Business District,490936.8721,5458390.3175
Theft of Vehicle,2017,2,12,1,0,GRANVILLE ST / HELMCKEN ST,Central Business District,490936.8721,5458390.3175
Theft of Vehicle,2017,9,29,18,27,GRANVILLE ST / NELSON ST,Central Business District,491050.9496,5458506.9491
Theft of Vehicle,2017,3,18,15,0,GRANVILLE ST / W 70TH AVE,Marpole,489763.9713,5450647.5413
Theft of Vehicle,2017,3,31,12,50,GRANVILLE ST / W 70TH AVE,Marpole,489763.9713,5450647.5413
Theft of Vehicle,2017,9,13,16,0,GRANVILLE ST / W BROADWAY AVE,Fairview,489918.7795,5456767.6951
Theft of Vehicle,2017,8,20,5,52,GRANVILLE ST / W PENDER ST,Central Business District,491647.8262,5459106.3331
Theft of Vehicle,2017,2,11,2,30,HAMILTON ST / W HASTINGS ST,Central Business District,492002.8337,5458896.8149
Theft of Vehicle,2017,11,13,18,45,HEATHER ST / W 33RD AVE,South Cambie,491219.1468,5454272.9147
Theft of Vehicle,2017,9,21,19,0,HEATLEY AVE / KEEFER ST,Strathcona,493476.9581,5458504.5808
Theft of Vehicle,2017,10,1,23,30,HEATLEY AVE / KEEFER ST,Strathcona,493476.9581,5458504.5808
Theft of Vehicle,2017,3,6,14,0,HIGHBURY ST / W 7TH AVE,West Point Grey,486344.3149,5457051.9887
Theft of Vehicle,2017,5,7,19,31,HOMER ST / W CORDOVA ST,Central Business District,492003.712,5459040.6799
Theft of Vehicle,2017,7,15,13,30,HOMER ST / W PENDER ST,Central Business District,491860.1554,5458896.0571
Theft of Vehicle,2017,6,8,19,30,HORNBY ST / PACIFIC ST,Central Business District,490443.9012,5458177.7707
Theft of Vehicle,2017,4,12,21,25,HOWE ST / NELSON ST,Central Business District,490978.3731,5458580.1292
Theft of Vehicle,2017,7,17,5,41,HOWE ST / SMITHE ST,Central Business District,491095.1703,5458699.5476
Theft of Vehicle,2017,12,6,17,30,KINGSWAY AVE / VICTORIA DR,Kensington-Cedar Cottage,495256.4699,5454709.8237
Theft of Vehicle,2017,10,1,0,0,LARCH ST / W BROADWAY AVE,Kitsilano,488183.8237,5456814.9159
Theft of Vehicle,2017,5,17,11,45,LAUREL ST / W 15TH AVE,Fairview,490950.957,5456119.4104
Theft of Vehicle,2017,10,10,15,0,LAUREL ST / W 15TH AVE,Fairview,490950.957,5456119.4104
Theft of Vehicle,2017,10,24,13,30,LAUREL ST / W 23RD AVE,South Cambie,490927.8577,5455340.177
Theft of Vehicle,2017,9,14,15,0,MAIN ST / POWELL ST,Strathcona,492759.2545,5458942.4695
Theft of Vehicle,2017,10,18,15,0,MANITOBA ST / W 6TH AVE,Mount Pleasant,492233.3905,5456987.8826
Theft of Vehicle,2017,9,22,9,0,MANITOBA ST / W 8TH AVE,Mount Pleasant,492229.6226,5456787.4585
Theft of Vehicle,2017,12,26,13,3,MATHESON CRES / SE MARINE DR,Killarney,497749.494,5450589.4154
Theft of Vehicle,2017,8,26,23,0,MELVILLE ST / THURLOW ST,Central Business District,491128.8818,5459308.5768
Theft of Vehicle,2017,12,19,20,0,NAPIER ST / SALSBURY DR,Grandview-Woodland,495083.9132,5458012.8355
Theft of Vehicle,2017,11,6,19,30,NAPIER ST / SLOCAN ST,Hastings-Sunrise,496407.6808,5458025.0741
Theft of Vehicle,2017,7,19,20,20,NELSON ST / SEYMOUR ST,Central Business District,491125.6602,5458434.4891
Theft of Vehicle,2017,2,3,16,0,NW MARINE DR / TOLMIE ST,West Point Grey,484598.7055,5458039.8086
Theft of Vehicle,2017,6,29,22,47,OLYMPIC ST / SW MARINE DR,Dunbar-Southlands,486194.6098,5453287.6115
Theft of Vehicle,2017,7,23,2,23,PACIFIC ST / RICHARDS ST,Central Business District,490724.3202,5457894.4163
Theft of Vehicle,2017,3,13,22,30,PANDORA ST / PENTICTON ST,Hastings-Sunrise,496221.7537,5458916.2987
Theft of Vehicle,2017,10,10,9,0,PARKER ST / RAYMUR AVE,Strathcona,493988.4098,5458120.381
Theft of Vehicle,2017,4,7,20,0,PARKER ST / WINDERMERE ST,Hastings-Sunrise,497357.1945,5458070.0935
Theft of Vehicle,2017,8,1,15,0,PENDRELL ST / THURLOW ST,West End,490533.9848,5458713.4143
Theft of Vehicle,2017,8,17,18,0,PINE ST / W 14TH AVE,Fairview,489553.862,5456256.7018
Theft of Vehicle,2017,9,13,18,15,RICHARDS ST / ROBSON ST,Central Business District,491427.0972,5458601.6677
Theft of Vehicle,2017,1,14,20,17,RICHARDS ST / W CORDOVA ST,Central Business District,491933.462,5459112.1543
Theft of Vehicle,2017,2,11,15,30,ROBSON ST / SEYMOUR ST,Central Business District,491359.8113,5458669.9096
Theft of Vehicle,2017,7,23,17,0,SALT ST / W 1ST AVE,Mount Pleasant,492281.7671,5457508.5711
Theft of Vehicle,2017,12,26,14,0,SASAMAT ST / W 4TH AVE,West Point Grey,484800.9247,5457382.8464
Theft of Vehicle,2017,3,3,18,30,SELKIRK ST / W 70TH AVE,Marpole,490291.5743,5450644.419
Theft of Vehicle,2017,4,8,14,0,SEYMOUR ST / SMITHE ST,Central Business District,491242.0156,5458550.5317
Theft of Vehicle,2017,4,16,10,12,SEYMOUR ST / SMITHE ST,Central Business District,491242.0156,5458550.5317
Theft of Vehicle,2017,8,20,1,0,SEYMOUR ST / W PENDER ST,Central Business District,491721.6233,5459035.9169
Theft of Vehicle,2017,8,17,7,0,SLOCAN ST / TRIUMPH ST,Hastings-Sunrise,496412.9027,5459016.1353
Theft of Vehicle,2017,6,8,19,0,SPRUCE ST / W 13TH AVE,Fairview,490604.7483,5456331.059
Theft of Vehicle,2017,9,6,23,0,STEPHENS ST / W 12TH AVE,Kitsilano,487894.8757,5456524.1209
Theft of Vehicle,2017,11,19,0,50,TAYLOR ST / W PENDER ST,Central Business District,492319.9983,5458667.0727
Theft of Vehicle,2017,6,1,23,0,TEMPLETON DR / TRIUMPH ST,Grandview-Woodland,495657.3555,5459019.6484
Theft of Vehicle,2017,1,2,21,0,TERMINAL AVE / THORNTON ST,Strathcona,493207.633,5457654.2841
Theft of Vehicle,2017,1,21,1,58,THURLOW ST / W CORDOVA ST,Central Business District,491334.264,5459516.0723
Theft of Vehicle,2017,7,13,11,45,THURLOW ST / W CORDOVA ST,Central Business District,491334.264,5459516.0723
Theft of Vehicle,2017,11,24,20,0,THURLOW ST / W CORDOVA ST,Central Business District,491334.264,5459516.0723
Theft of Vehicle,2017,9,18,15,0,TRAFALGAR ST / W 5TH AVE,Kitsilano,488028.7801,5457198.6126
Theft of Vehicle,2017,6,23,12,0,TRAFALGAR ST / W 6TH AVE,Kitsilano,488026.4934,5457104.1783
Theft of Vehicle,2017,6,24,13,30,TRAFALGAR ST / YORK AVE,Kitsilano,488040.1346,5457692.9317
Theft of Vehicle,2017,1,6,20,0,TRIUMPH ST / VICTORIA DR,Grandview-Woodland,495233.6123,5459021.7004
Theft of Vehicle,2017,6,7,23,30,TRUTCH ST / W 5TH AVE,Kitsilano,487210.4943,5457219.1311
Theft of Vehicle,2017,8,7,15,55,VICTORIA DR / WILLIAM ST,Grandview-Woodland,495222.6965,5457900.2974
Theft of Vehicle,2017,2,14,7,27,W 10TH AVE / YEW ST,Kitsilano,488698.3623,5456693.1923
Theft of Vehicle,2017,9,14,0,0,W 48TH AVE / YUKON ST,Oakridge,491653.7943,5452690.1116
Theft of Vehicle,2017,2,13,15,0,W 4TH AVE / YEW ST,Kitsilano,488713.6101,5457277.2746
Theft of Vehicle,2017,7,17,11,45,W 8TH AVE / WILLOW ST,Fairview,491138.8846,5456836.9773
Theft of Vehicle,2017,7,2,20,0,X ALEXANDER ST,Central Business District,492445.4248,5458975.2139
Theft of Vehicle,2017,5,10,0,0,X NK_LOC ST,Strathcona,492757.4868,5458792.469
Theft of Vehicle,2017,6,2,18,30,X NK_LOC ST,Strathcona,492757.4868,5458792.469
Theft of Vehicle,2017,6,26,9,0,X NK_LOC ST,Strathcona,492757.4868,5458792.469
Theft of Vehicle,2017,11,27,17,41,X NK_LOC ST,Strathcona,492757.4868,5458792.469
Theft of Vehicle,2017,10,11,18,30,X W 2ND AVE,Mount Pleasant,492373.784,5457401.1001
Vehicle Collision or Pedestrian Struck (with Fatality),2017,8,14,8,15,10XX BLOCK W WATERFRONT RD,Central Business District,491522.0,5459526.0
Vehicle Collision or Pedestrian Struck (with Fatality),2017,12,20,6,52,12XX BLOCK PENDRELL ST,West End,490356.0,5458889.0
Vehicle Collision or Pedestrian Struck (with Fatality),2017,12,19,0,56,14XX BURRARD STREET BRDG,,490027.3016,5458076.9207
Vehicle Collision or Pedestrian Struck (with Fatality),2017,8,6,6,18,42XX BLOCK W 4TH AVE,West Point Grey,485442.0,5457333.0
Vehicle Collision or Pedestrian Struck (with Fatality),2017,4,2,21,17,4XX BLOCK SE MARINE DR,Sunset,492960.0,5450912.0
Vehicle Collision or Pedestrian Struck (with Fatality),2017,6,18,11,56,82XX BLOCK BOUNDARY RD,Killarney,498248.0,5450780.0
Vehicle Collision or Pedestrian Struck (with Fatality),2017,8,13,10,16,9XX BLOCK CANADA PL,Central Business District,491692.0,5459452.0
Vehicle Collision or Pedestrian Struck (with Fatality),2017,12,24,12,0,CAMBIE ST / DUNSMUIR ST,Central Business District,491886.0,5458643.0
Vehicle Collision or Pedestrian Struck (with Fatality),2017,1,1,19,51,COLLINGWOOD ST / W 5TH AVE,Kitsilano,486778.0,5457230.0
Vehicle Collision or Pedestrian Struck (with Fatality),2017,11,1,15,28,COLUMBIA ST / E PENDER ST,Central Business District,492561.0,5458637.0
Vehicle Collision or Pedestrian Struck (with Fatality),2017,4,23,5,6,COMMERCIAL DR / VICTORIA DVRS,Kensington-Cedar Cottage,495051.0,5455722.0
Vehicle Collision or Pedestrian Struck (with Fatality),2017,9,17,14,40,E 12TH AVE / COMMERCIAL DR,Kensington-Cedar Cottage,494917.0,5456315.0
Vehicle Collision or Pedestrian Struck (with Fatality),2017,8,22,10,33,E 41ST AVE / FRASER ST,Sunset,493407.0,5453341.0
Vehicle Collision or Pedestrian Struck (with Fatality),2017,12,13,11,38,SLOCAN ST / E 20TH AVE,Renfrew-Collingwood,496390.0,5455512.0
Vehicle Collision or Pedestrian Struck (with Fatality),2017,5,28,17,17,W 4TH AVE / ANDERSON ST,Fairview,489949.0,5457251.0
Vehicle Collision or Pedestrian Struck (with Fatality),2017,2,22,7,5,W BROADWAY AVE / MACDONALD ST,Kitsilano,487765.0,5456826.0
Vehicle Collision or Pedestrian Struck (with Injury),2017,5,14,11,5,10O BLOCK W HASTINGS ST,Central Business District,492397.0,5458756.0
Vehicle Collision or Pedestrian Struck (with Injury),2017,9,6,12,5,10XX BLOCK BURRARD ST,Central Business District,490816.0,5458705.0
Vehicle Collision or Pedestrian Struck (with Injury),2017,9,20,1,50,10XX BLOCK DAVIE ST,West End,490580.0,5458513.0
Vehicle Collision or Pedestrian Struck (with Injury),2017,2,6,12,12,10XX BLOCK DUNSMUIR ST,Central Business District,491299.0,5459226.0
Vehicle Collision or Pedestrian Struck (with Injury),2017,8,6,15,26,10XX BLOCK E 52ND AVE,Sunset,493816.0,5452210.0
Vehicle Collision or Pedestrian Struck (with Injury),2017,12,4,16,5,10XX BLOCK E KENT AVE N,Sunset,493772.0,5450656.0
Vehicle Collision or Pedestrian Struck (with Injury),2017,9,14,20,21,10XX BLOCK MARINASIDE CRES,Central Business District,491628.0,5457849.0
Vehicle Collision or Pedestrian Struck (with Injury),2017,5,9,8,47,10XX BLOCK ROBSON ST,West End,491044.0,5458979.0
Vehicle Collision or Pedestrian Struck (with Injury),2017,7,8,19,44,10XX BLOCK SEYMOUR ST,Central Business District,491106.0,5458415.0
Vehicle Collision or Pedestrian Struck (with Injury),2017,9,22,9,33,10XX BLOCK W HASTINGS ST,Central Business District,491461.0,5459401.0
Vehicle Collision or Pedestrian Struck (with Injury),2017,4,22,8,44,10XX W CORDOVA ST,Central Business District,491500.0,5459458.0
Vehicle Collision or Pedestrian Struck (with Injury),2017,1,13,20,11,11XX BEACH AVE,West End,490129.0,5458355.0
Vehicle Collision or Pedestrian Struck (with Injury),2017,8,14,18,57,11XX BLOCK DAVIE ST,West End,490431.0,5458660.0
Vehicle Collision or Pedestrian Struck (with Injury),2017,9,11,15,41,11XX BLOCK DAVIE ST,West End,490431.0,5458660.0
Vehicle Collision or Pedestrian Struck (with Injury),2017,2,8,15,40,11XX BLOCK E BROADWAY AVE,Mount Pleasant,494124.0,5456632.0
Vehicle Collision or Pedestrian Struck (with Injury),2017,5,31,1,24,11XX BLOCK E BROADWAY AVE,Mount Pleasant,494124.0,5456632.0
Vehicle Collision or Pedestrian Struck (with Injury),2017,8,11,1,7,11XX BLOCK GRANVILLE ST,Central Business District,490918.0,5458371.0
Vehicle Collision or Pedestrian Struck (with Injury),2017,11,18,21,28,11XX BLOCK HOMER ST,Central Business District,491130.0,5458158.0
Vehicle Collision or Pedestrian Struck (with Injury),2017,12,21,17,5,11XX BLOCK KINGSWAY AVE,Kensington-Cedar Cottage,494071.0,5455562.0
Vehicle Collision or Pedestrian Struck (with Injury),2017,12,16,18,36,11XX BLOCK PACIFIC BLVD,Central Business District,491297.0,5457967.0
Vehicle Collision or Pedestrian Struck (with Injury),2017,2,21,11,59,11XX BLOCK PACIFIC ST,West End,490197.0,5458424.0
Vehicle Collision or Pedestrian Struck (with Injury),2017,7,23,20,30,11XX BLOCK PACIFIC ST,West End,490197.0,5458424.0
Vehicle Collision or Pedestrian Struck (with Injury),2017,3,25,21,38,11XX BLOCK POWELL ST,Strathcona,494113.0,5458898.0
Vehicle Collision or Pedestrian Struck (with Injury),2017,1,9,10,50,11XX BLOCK ROBSON ST,West End,490895.0,5459127.0
Vehicle Collision or Pedestrian Struck (with Injury),2017,11,19,21,32,11XX BLOCK SEYMOUR ST,Central Business District,490990.0,5458297.0
Vehicle Collision or Pedestrian Struck (with Injury),2017,4,26,8,0,11XX BLOCK STANLEY PARK CSWY,Stanley Park,489685.0,5460802.0
Vehicle Collision or Pedestrian Struck (with Injury),2017,3,19,10,44,11XX BLOCK W 6TH AVE,Fairview,490593.0,5457040.0
Vehicle Collision or Pedestrian Struck (with Injury),2017,2,7,9,46,11XX GRANVILLE ST,Central Business District,490879.0,5458332.0
Vehicle Collision or Pedestrian Struck (with Injury),2017,1,4,13,50,11XX HORNBY ST,Central Business District,490774.0,5458511.0
Vehicle Collision or Pedestrian Struck (with Injury),2017,7,9,0,43,12XX BLOCK E 33RD AVE,Kensington-Cedar Cottage,494180.0,5454165.0
Vehicle Collision or Pedestrian Struck (with Injury),2017,6,11,18,46,12XX BLOCK HAMILTON ST,Central Business District,491019.0,5457962.0
Vehicle Collision or Pedestrian Struck (with Injury),2017,5,21,6,19,12XX BLOCK HOWE ST,Central Business District,490729.0,5458327.0
Vehicle Collision or Pedestrian Struck (with Injury),2017,2,25,11,41,12XX BLOCK KINGSWAY AVE,Kensington-Cedar Cottage,494209.0,5455463.0
Vehicle Collision or Pedestrian Struck (with Injury),2017,8,22,15,22,12XX BLOCK KINGSWAY AVE,Kensington-Cedar Cottage,494209.0,5455463.0
Vehicle Collision or Pedestrian Struck (with Injury),2017,9,2,14,57,12XX BLOCK STANLEY PARK DR,Stanley Park,491050.0,5460575.0
Vehicle Collision or Pedestrian Struck (with Injury),2017,12,6,18,0,12XX BLOCK W 33RD AVE,Shaughnessy,490342.0,5454325.0
Vehicle Collision or Pedestrian Struck (with Injury),2017,4,12,15,40,12XX BURRARD ST,West End,490585.0,5458470.0
Vehicle Collision or Pedestrian Struck (with Injury),2017,4,25,15,58,13XX BLOCK ADANAC ST,Grandview-Woodland,494419.0,5458326.0
Vehicle Collision or Pedestrian Struck (with Injury),2017,5,8,19,7,13XX BLOCK BURRARD ST,Central Business District,490467.0,5458352.0
Vehicle Collision or Pedestrian Struck (with Injury),2017,10,6,11,33,13XX BLOCK BURRARD ST,Central Business District,490467.0,5458352.0
Vehicle Collision or Pedestrian Struck (with Injury),2017,11,18,17,38,13XX BLOCK BURRARD ST,Central Business District,490467.0,5458352.0
Vehicle Collision or Pedestrian Struck (with Injury),2017,5,27,21,35,13XX BLOCK BUTE ST,West End,490203.0,5458692.0
Vehicle Collision or Pedestrian Struck (with Injury),2017,4,8,23,42,13XX BLOCK DAVIE ST,West End,490171.0,5458921.0
Vehicle Collision or Pedestrian Struck (with Injury),2017,10,26,23,3,13XX BLOCK E 1ST AVE,Grandview-Woodland,494397.0,5457435.0
Vehicle Collision or Pedestrian Struck (with Injury),2017,8,10,13,31,13XX BLOCK E 41ST AVE,Kensington-Cedar Cottage,494207.0,5453331.0
Vehicle Collision or Pedestrian Struck (with Injury),2017,6,6,17,38,13XX BLOCK PARK DR,Marpole,490204.0,5451444.0
Vehicle Collision or Pedestrian Struck (with Injury),2017,9,29,12,57,13XX BLOCK SE MARINE DR,Sunset,494131.0,5450921.0
Vehicle Collision or Pedestrian Struck (with Injury),2017,12,28,13,43,13XX BLOCK STATION ST,Strathcona,492868.0,5457733.0
Vehicle Collision or Pedestrian Struck (with Injury),2017,10,13,15,50,13XX BLOCK W BROADWAY AVE,Fairview,490242.0,5456760.0
Vehicle Collision or Pedestrian Struck (with Injury),2017,5,4,13,26,13XX GRANVILLE BRDG,Central Business District,490673.0,5458129.0
Vehicle Collision or Pedestrian Struck (with Injury),2017,6,30,11,57,13XX GRANVILLE BRDG,Central Business District,490673.0,5458129.0
Vehicle Collision or Pedestrian Struck (with Injury),2017,8,6,1,52,13XX GRANVILLE BRDG,Central Business District,490673.0,5458129.0
Vehicle Collision or Pedestrian Struck (with Injury),2017,11,27,13,17,13XX GRANVILLE BRDG,Central Business District,490673.0,5458129.0
Vehicle Collision or Pedestrian Struck (with Injury),2017,1,4,14,21,14XX ANDERSON ST,Fairview,490177.0,5457681.0
Vehicle Collision or Pedestrian Struck (with Injury),2017,4,25,20,11,14XX ANDERSON ST,Fairview,490177.0,5457681.0
Vehicle Collision or Pedestrian Struck (with Injury),2017,3,11,3,31,14XX BLOCK BEACH AVE,West End,489838.0,5458782.0
Vehicle Collision or Pedestrian Struck (with Injury),2017,11,24,21,10,14XX BLOCK COMMERCIAL DR,Grandview-Woodland,494936.0,5457697.0
Vehicle Collision or Pedestrian Struck (with Injury),2017,5,2,17,22,14XX BLOCK E 10TH AVE,Kensington-Cedar Cottage,494502.0,5456518.0
Vehicle Collision or Pedestrian Struck (with Injury),2017,5,23,3,18,14XX BLOCK E 1ST AVE,Grandview-Woodland,494537.0,5457433.0
Vehicle Collision or Pedestrian Struck (with Injury),2017,10,10,10,28,14XX BLOCK E 1ST AVE,Grandview-Woodland,494537.0,5457433.0
Vehicle Collision or Pedestrian Struck (with Injury),2017,8,17,19,17,14XX BLOCK E 27TH AVE,Kensington-Cedar Cottage,494476.0,5454854.0
Vehicle Collision or Pedestrian Struck (with Injury),2017,9,13,16,30,14XX BLOCK HORNBY ST,Central Business District,490427.0,5458161.0
Vehicle Collision or Pedestrian Struck (with Injury),2017,6,12,0,55,14XX BLOCK KINGSWAY AVE,Kensington-Cedar Cottage,494505.0,5455237.0
Vehicle Collision or Pedestrian Struck (with Injury),2017,3,24,0,11,14XX BLOCK MAIN ST,Strathcona,492732.0,5457843.0
Vehicle Collision or Pedestrian Struck (with Injury),2017,8,27,16,53,14XX BLOCK STANLEY PARK CSWY,Stanley Park,489496.0,5461080.0
Vehicle Collision or Pedestrian Struck (with Injury),2017,7,19,19,18,14XX BLOCK SW MARINE DR,Marpole,489871.0,5450201.0
Vehicle Collision or Pedestrian Struck (with Injury),2017,10,27,15,9,14XX BLOCK SW MARINE DR,Marpole,489871.0,5450201.0
Vehicle Collision or Pedestrian Struck (with Injury),2017,4,6,15,3,14XX BLOCK THURLOW ST,West End,490211.0,5458385.0
Vehicle Collision or Pedestrian Struck (with Injury),2017,7,18,15,40,14XX BLOCK W 11TH AVE,Fairview,490061.0,5456554.0
Vehicle Collision or Pedestrian Struck (with Injury),2017,1,12,18,46,14XX BLOCK W 41ST AVE,Oakridge,489983.0,5453508.0
Vehicle Collision or Pedestrian Struck (with Injury),2017,1,30,11,47,14XX BLOCK W 70TH AVE,Marpole,489936.0,5450654.0
Vehicle Collision or Pedestrian Struck (with Injury),2017,8,9,12,35,14XX BLOCK W 71ST AVE,Marpole,489940.0,5450480.0
Vehicle Collision or Pedestrian Struck (with Injury),2017,9,30,11,34,14XX SW MARINE DR,Marpole,489871.0,5450201.0
Vehicle Collision or Pedestrian Struck (with Injury),2017,10,23,20,45,15XX BLOCK POWELL ST,Grandview-Woodland,494632.0,5458950.0
Vehicle Collision or Pedestrian Struck (with Injury),2017,10,18,21,0,15XX BLOCK ROBSON ST,West End,490451.0,5459568.0
Vehicle Collision or Pedestrian Struck (with Injury),2017,4,19,13,5,15XX BLOCK W 15TH AVE,Fairview,489879.0,5456148.0
Vehicle Collision or Pedestrian Struck (with Injury),2017,9,6,11,55,15XX BLOCK W GEORGIA ST,West End,490576.0,5459693.0
Vehicle Collision or Pedestrian Struck (with Injury),2017,2,17,12,0,15XX GRANVILLE BRDG,,490358.4244,5457799.194
Vehicle Collision or Pedestrian Struck (with Injury),2017,4,17,15,39,15XX STANLEY PARK DR,Stanley Park,491334.0,5460632.0
Vehicle Collision or Pedestrian Struck (with Injury),2017,1,9,17,30,15XX W KING EDWARD AVE,Shaughnessy,489848.0,5455181.0
Vehicle Collision or Pedestrian Struck (with Injury),2017,11,13,14,38,16XX BLOCK COMMERCIAL DR,Grandview-Woodland,494933.0,5457512.0
Vehicle Collision or Pedestrian Struck (with Injury),2017,5,17,10,46,16XX BLOCK DAVIE ST,West End,489896.0,5459192.0
Vehicle Collision or Pedestrian Struck (with Injury),2017,1,15,3,50,16XX BLOCK E BROADWAY AVE,Kensington-Cedar Cottage,494782.0,5456622.0
Vehicle Collision or Pedestrian Struck (with Injury),2017,3,24,18,13,16XX BLOCK E BROADWAY AVE,Kensington-Cedar Cottage,494782.0,5456622.0
Vehicle Collision or Pedestrian Struck (with Injury),2017,6,8,10,36,16XX BLOCK E BROADWAY AVE,Kensington-Cedar Cottage,494782.0,5456622.0
Vehicle Collision or Pedestrian Struck (with Injury),2017,11,20,8,11,16XX BLOCK E KENT AVE N,Victoria-Fraserview,494582.0,5450753.0
Vehicle Collision or Pedestrian Struck (with Injury),2017,10,22,20,4,16XX BLOCK HENSHAW LANE,West End,490093.0,5459386.0
Vehicle Collision or Pedestrian Struck (with Injury),2017,9,2,14,13,16XX BLOCK ONTARIO ST,Mount Pleasant,492391.0,5457627.0
Vehicle Collision or Pedestrian Struck (with Injury),2017,11,9,22,19,16XX MACDONALD ST,Kitsilano,487767.0,5457639.0
Vehicle Collision or Pedestrian Struck (with Injury),2017,10,21,17,3,16XX NELSON ST,West End,490091.0,5459461.0
Vehicle Collision or Pedestrian Struck (with Injury),2017,11,28,0,30,17XX BARCLAY ST,West End,490017.0,5459693.0
Vehicle Collision or Pedestrian Struck (with Injury),2017,2,15,17,1,17XX BLOCK CLARK DR,Grandview-Woodland,494372.0,5457418.0
Vehicle Collision or Pedestrian Struck (with Injury),2017,7,11,0,0,17XX BLOCK MANITOBA ST,Mount Pleasant,492243.0,5457474.0
Vehicle Collision or Pedestrian Struck (with Injury),2017,5,5,7,39,17XX BLOCK W 3RD AVE,Fairview,489553.0,5457355.0
Vehicle Collision or Pedestrian Struck (with Injury),2017,10,27,13,59,17XX E 41ST AVE,Victoria-Fraserview,494990.0,5453312.0
Vehicle Collision or Pedestrian Struck (with Injury),2017,12,10,15,29,17XX E BROADWAY AVE,Kensington-Cedar Cottage,494939.0,5456620.0
Vehicle Collision or Pedestrian Struck (with Injury),2017,12,6,3,30,18XX BLOCK E 1ST AVE,Grandview-Woodland,495099.0,5457424.0
Vehicle Collision or Pedestrian Struck (with Injury),2017,10,31,13,58,18XX BLOCK SE MARINE DR,Victoria-Fraserview,494940.0,5450884.0
Vehicle Collision or Pedestrian Struck (with Injury),2017,9,26,11,6,18XX BLOCK STEWART ST,Grandview-Woodland,495090.0,5459155.0
Vehicle Collision or Pedestrian Struck (with Injury),2017,6,30,20,26,18XX BLOCK W 4TH AVE,Kitsilano,489376.0,5457260.0
Vehicle Collision or Pedestrian Struck (with Injury),2017,5,12,16,30,18XX SPYGLASS PL,Fairview,491616.0,5457460.0
Vehicle Collision or Pedestrian Struck (with Injury),2017,6,14,15,31,19XX BLOCK BURRARD ST,Kitsilano,489407.0,5457334.0
Vehicle Collision or Pedestrian Struck (with Injury),2017,9,7,7,7,19XX BLOCK TRIUMPH ST,Grandview-Woodland,495258.0,5459022.0
Vehicle Collision or Pedestrian Struck (with Injury),2017,1,17,17,30,19XX BLOCK W 41ST AVE,Kerrisdale,489086.0,5453535.0
Vehicle Collision or Pedestrian Struck (with Injury),2017,7,25,12,40,1XX BLOCK E 2ND AVE,Mount Pleasant,492549.0,5457382.0
Vehicle Collision or Pedestrian Struck (with Injury),2017,8,22,13,40,1XX BLOCK E 57TH AVE,Sunset,492450.0,5451753.0
Vehicle Collision or Pedestrian Struck (with Injury),2017,6,9,12,34,1XX BLOCK E 63RD AVE,Sunset,492404.0,5451172.0
Vehicle Collision or Pedestrian Struck (with Injury),2017,2,16,15,30,1XX BLOCK E CORDOVA ST,Central Business District,492600.0,5458847.0
Vehicle Collision or Pedestrian Struck (with Injury),2017,11,6,19,33,1XX BLOCK MAIN ST,Strathcona,492764.0,5459031.0
Vehicle Collision or Pedestrian Struck (with Injury),2017,1,26,15,58,1XX BLOCK MILROSS AVE,Central Business District,492601.0,5458151.0
Vehicle Collision or Pedestrian Struck (with Injury),2017,5,3,11,0,1XX BLOCK STANLEY PARK CSWY,Stanley Park,490046.0,5460241.0
Vehicle Collision or Pedestrian Struck (with Injury),2017,8,29,11,58,1XX BLOCK W PENDER ST,Central Business District,492144.0,5458716.0
Vehicle Collision or Pedestrian Struck (with Injury),2017,3,20,20,58,1XX E HASTINGS ST,Central Business District,492598.0,5458742.0
Vehicle Collision or Pedestrian Struck (with Injury),2017,6,8,16,5,1XX E PENDER ST,Central Business District,492597.0,5458636.0
Vehicle Collision or Pedestrian Struck (with Injury),2017,1,7,11,16,1XX WATER ST,Central Business District,492232.0,5459029.0
Vehicle Collision or Pedestrian Struck (with Injury),2017,3,29,7,30,20XX BLOCK DUNDAS ST,Grandview-Woodland,495402.0,5459119.0
Vehicle Collision or Pedestrian Struck (with Injury),2017,3,28,9,56,20XX BLOCK E 1ST AVE,Grandview-Woodland,495381.0,5457424.0
Vehicle Collision or Pedestrian Struck (with Injury),2017,4,10,12,26,20XX BLOCK GLEN DR,Strathcona,494084.0,5457130.0
Vehicle Collision or Pedestrian Struck (with Injury),2017,9,4,15,2,20XX BLOCK SE MARINE DR,Victoria-Fraserview,495206.0,5450753.0
Vehicle Collision or Pedestrian Struck (with Injury),2017,12,15,18,10,20XX BLOCK W 15TH AVE,Kitsilano,489003.0,5456168.0
Vehicle Collision or Pedestrian Struck (with Injury),2017,6,11,11,32,20XX BLOCK W 41ST AVE,Kerrisdale,488894.0,5453540.0
Vehicle Collision or Pedestrian Struck (with Injury),2017,12,11,22,20,20XX BLOCK W BROADWAY AVE,Kitsilano,489018.0,5456792.0
Vehicle Collision or Pedestrian Struck (with Injury),2017,11,27,15,57,20XX GRANVILLE BRDG,Fairview,489927.0,5457141.0
Vehicle Collision or Pedestrian Struck (with Injury),2017,5,23,13,57,20XX W 37TH AVE,Shaughnessy,488904.0,5453952.0
Vehicle Collision or Pedestrian Struck (with Injury),2017,3,7,11,43,21XX BLOCK KINGSWAY AVE,Kensington-Cedar Cottage,495383.0,5454621.0
Vehicle Collision or Pedestrian Struck (with Injury),2017,11,22,11,0,21XX CORNWALL AVE,Kitsilano,488813.0,5457768.0
Vehicle Collision or Pedestrian Struck (with Injury),2017,7,26,14,17,21XX E 53RD AVE,Victoria-Fraserview,495419.0,5452052.0
Vehicle Collision or Pedestrian Struck (with Injury),2017,7,11,13,52,21XX HEMLOCK ST,Fairview,490102.0,5457059.0
Vehicle Collision or Pedestrian Struck (with Injury),2017,11,3,3,33,22XX BLOCK CLARK DR,Mount Pleasant,494366.0,5456923.0
Vehicle Collision or Pedestrian Struck (with Injury),2017,12,16,19,37,22XX BLOCK COMMERCIAL DR,Grandview-Woodland,494926.0,5456910.0
Vehicle Collision or Pedestrian Struck (with Injury),2017,8,3,15,59,22XX BLOCK E BROADWAY AVE,Kensington-Cedar Cottage,495628.0,5456611.0
Vehicle Collision or Pedestrian Struck (with Injury),2017,11,11,19,1,22XX BLOCK RENFREW ST,Hastings-Sunrise,496776.0,5456872.0
Vehicle Collision or Pedestrian Struck (with Injury),2017,8,1,20,25,22XX KINGSWAY AVE,Kensington-Cedar Cottage,495646.0,5454433.0
Vehicle Collision or Pedestrian Struck (with Injury),2017,9,14,14,0,23XX BLOCK RUPERT ST,Hastings-Sunrise,497550.0,5456767.0
Vehicle Collision or Pedestrian Struck (with Injury),2017,1,26,22,20,23XX IRONWORKERS MEMORIAL BRDG,Hastings-Sunrise,498102.2667,5460027.7278
Vehicle Collision or Pedestrian Struck (with Injury),2017,5,4,20,33,23XX IRONWORKERS MEMORIAL BRDG,Hastings-Sunrise,498102.2667,5460027.7278
Vehicle Collision or Pedestrian Struck (with Injury),2017,7,22,4,50,23XX IRONWORKERS MEMORIAL BRDG,Hastings-Sunrise,498102.2667,5460027.7278
Vehicle Collision or Pedestrian Struck (with Injury),2017,8,13,6,43,23XX IRONWORKERS MEMORIAL BRDG,Hastings-Sunrise,498102.2667,5460027.7278
Vehicle Collision or Pedestrian Struck (with Injury),2017,11,22,6,55,23XX IRONWORKERS MEMORIAL BRDG,Hastings-Sunrise,498102.2667,5460027.7278
Vehicle Collision or Pedestrian Struck (with Injury),2017,6,16,18,31,23XX IRONWORKERS MEMORIAL BRDG,Hastings-Sunrise,498102.2667,5460027.7278
Vehicle Collision or Pedestrian Struck (with Injury),2017,9,21,12,34,23XX IRONWORKERS MEMORIAL BRDG,Hastings-Sunrise,498102.2667,5460027.7278
Vehicle Collision or Pedestrian Struck (with Injury),2017,10,20,4,51,23XX IRONWORKERS MEMORIAL BRDG,Hastings-Sunrise,498102.2667,5460027.7278
Vehicle Collision or Pedestrian Struck (with Injury),2017,11,11,22,14,23XX IRONWORKERS MEMORIAL BRDG,Hastings-Sunrise,498102.2667,5460027.7278
Vehicle Collision or Pedestrian Struck (with Injury),2017,3,23,18,46,23XX LIONS GT BRDG,Stanley Park,489639.0,5462046.0
Vehicle Collision or Pedestrian Struck (with Injury),2017,7,17,7,15,23XX LIONS GT BRDG,Stanley Park,489639.0,5462046.0
Vehicle Collision or Pedestrian Struck (with Injury),2017,3,20,14,28,23XX LIONS GT BRDG,Stanley Park,489655.0,5462075.0
Vehicle Collision or Pedestrian Struck (with Injury),2017,11,22,12,8,23XX W 4TH AVE,Kitsilano,488513.0,5457283.0
Vehicle Collision or Pedestrian Struck (with Injury),2017,4,13,4,30,24XX BLOCK CAMBIE ST,Mount Pleasant,491650.0,5456799.0
Vehicle Collision or Pedestrian Struck (with Injury),2017,4,23,5,59,24XX BLOCK E 1ST AVE,Hastings-Sunrise,495912.0,5457407.0
Vehicle Collision or Pedestrian Struck (with Injury),2017,10,7,2,11,24XX BLOCK E HASTINGS ST,Hastings-Sunrise,495911.0,5458714.0
Vehicle Collision or Pedestrian Struck (with Injury),2017,3,3,10,42,24XX BLOCK RUPERT ST,Hastings-Sunrise,497551.0,5456664.0
Vehicle Collision or Pedestrian Struck (with Injury),2017,6,27,11,37,24XX BLOCK SE MARINE DR,Killarney,495892.0,5450480.0
Vehicle Collision or Pedestrian Struck (with Injury),2017,12,9,20,41,25XX BLOCK E GEORGIA ST,Hastings-Sunrise,496060.0,5458394.0
Vehicle Collision or Pedestrian Struck (with Injury),2017,4,29,11,19,25XX BLOCK E HASTINGS ST,Hastings-Sunrise,496062.0,5458714.0
Vehicle Collision or Pedestrian Struck (with Injury),2017,4,23,16,41,26XX BLOCK RUPERT ST,Renfrew-Collingwood,497551.0,5456493.0
Vehicle Collision or Pedestrian Struck (with Injury),2017,8,1,12,28,26XX BLOCK W 41ST AVE,Arbutus Ridge,488029.0,5453561.0
Vehicle Collision or Pedestrian Struck (with Injury),2017,3,3,16,41,26XX TRANS CANADA HWY,Hastings-Sunrise,497696.0,5458294.0
Vehicle Collision or Pedestrian Struck (with Injury),2017,3,14,15,33,26XX TRANS CANADA HWY,Hastings-Sunrise,497696.0,5458294.0
Vehicle Collision or Pedestrian Struck (with Injury),2017,4,12,15,51,26XX TRANS CANADA HWY,Hastings-Sunrise,497696.0,5458294.0
Vehicle Collision or Pedestrian Struck (with Injury),2017,11,3,15,11,26XX TRANS CANADA HWY,Hastings-Sunrise,497696.0,5458294.0
Vehicle Collision or Pedestrian Struck (with Injury),2017,10,12,14,50,26XX TRANS CANADA HWY,Hastings-Sunrise,497713.0,5458543.0
Vehicle Collision or Pedestrian Struck (with Injury),2017,8,3,11,1,27XX BLOCK ARBUTUS ST,Kitsilano,488867.0,5456569.0
Vehicle Collision or Pedestrian Struck (with Injury),2017,4,18,12,50,27XX BLOCK E HASTINGS ST,Hastings-Sunrise,496444.0,5458713.0
Vehicle Collision or Pedestrian Struck (with Injury),2017,4,6,10,6,27XX BLOCK KINGSWAY AVE,Renfrew-Collingwood,496365.0,5453925.0
Vehicle Collision or Pedestrian Struck (with Injury),2017,2,16,16,42,27XX BLOCK RUPERT ST,Renfrew-Collingwood,497550.0,5456394.0
Vehicle Collision or Pedestrian Struck (with Injury),2017,9,29,19,1,27XX BLOCK TRANS CANADA HWY,Hastings-Sunrise,497985.0,5457394.0
Vehicle Collision or Pedestrian Struck (with Injury),2017,2,19,18,50,27XX BLOCK W 22ND AVE,Arbutus Ridge,487945.0,5455568.0
Vehicle Collision or Pedestrian Struck (with Injury),2017,11,22,21,51,27XX BLOCK W BROADWAY AVE,Kitsilano,487867.0,5456824.0
Vehicle Collision or Pedestrian Struck (with Injury),2017,2,17,18,13,27XX TRANS CANADA HWY,Hastings-Sunrise,498110.0,5457007.0
Vehicle Collision or Pedestrian Struck (with Injury),2017,2,20,0,58,27XX TRANS CANADA HWY,Renfrew-Collingwood,498129.0,5456788.0
Vehicle Collision or Pedestrian Struck (with Injury),2017,8,3,19,31,28XX BLOCK E 29TH AVE,Renfrew-Collingwood,496538.0,5454649.0
Vehicle Collision or Pedestrian Struck (with Injury),2017,8,24,7,41,28XX BLOCK E 29TH AVE,Renfrew-Collingwood,496538.0,5454649.0
Vehicle Collision or Pedestrian Struck (with Injury),2017,10,10,15,58,28XX BLOCK E 49TH AVE,Killarney,496477.0,5452443.0
Vehicle Collision or Pedestrian Struck (with Injury),2017,2,13,12,8,28XX BLOCK E HASTINGS ST,Hastings-Sunrise,496638.0,5458712.0
Vehicle Collision or Pedestrian Struck (with Injury),2017,6,9,12,46,28XX BLOCK GRANDVIEW HWY,Renfrew-Collingwood,496615.0,5456159.0
Vehicle Collision or Pedestrian Struck (with Injury),2017,6,10,17,8,28XX BLOCK GRANVILLE ST,Fairview,489908.0,5456439.0
Vehicle Collision or Pedestrian Struck (with Injury),2017,8,21,7,35,29XX BLOCK E 22ND AVE,Renfrew-Collingwood,496839.0,5455318.0
Vehicle Collision or Pedestrian Struck (with Injury),2017,11,23,10,6,29XX BLOCK FRASER ST,Mount Pleasant,493510.0,5456207.0
Vehicle Collision or Pedestrian Struck (with Injury),2017,12,1,21,7,29XX BLOCK KINGSWAY AVE,Renfrew-Collingwood,496708.0,5453719.0
Vehicle Collision or Pedestrian Struck (with Injury),2017,9,11,17,20,29XX BLOCK NANAIMO ST,Kensington-Cedar Cottage,495880.0,5456186.0
Vehicle Collision or Pedestrian Struck (with Injury),2017,1,31,9,55,29XX LIONS GT BRDG,Stanley Park,489780.4114,5462299.7311
Vehicle Collision or Pedestrian Struck (with Injury),2017,4,14,14,44,29XX LIONS GT BRDG,Stanley Park,489780.4114,5462299.7311
Vehicle Collision or Pedestrian Struck (with Injury),2017,10,30,12,36,29XX LIONS GT BRDG,Stanley Park,489780.4114,5462299.7311
Vehicle Collision or Pedestrian Struck (with Injury),2017,12,19,17,15,2XX BLOCK CARRALL ST,Central Business District,492420.0,5458965.0
Vehicle Collision or Pedestrian Struck (with Injury),2017,7,24,14,5,2XX BLOCK COLUMBIA ST,Central Business District,492568.0,5458925.0
Vehicle Collision or Pedestrian Struck (with Injury),2017,11,30,21,33,2XX BLOCK E 2ND AVE,Mount Pleasant,492715.0,5457344.0
Vehicle Collision or Pedestrian Struck (with Injury),2017,6,17,15,44,2XX BLOCK E CORDOVA ST,Strathcona,492782.0,5458841.0
Vehicle Collision or Pedestrian Struck (with Injury),2017,7,5,18,13,2XX BLOCK E CORDOVA ST,Strathcona,492782.0,5458841.0
Vehicle Collision or Pedestrian Struck (with Injury),2017,3,24,15,30,2XX BLOCK E HASTINGS ST,Strathcona,492779.0,5458737.0
Vehicle Collision or Pedestrian Struck (with Injury),2017,5,20,19,53,2XX BLOCK E HASTINGS ST,Strathcona,492779.0,5458737.0
Vehicle Collision or Pedestrian Struck (with Injury),2017,8,5,18,16,2XX BLOCK TERMINAL AVE,Strathcona,492752.0,5457775.0
Vehicle Collision or Pedestrian Struck (with Injury),2017,3,29,16,34,2XX BLOCK W 49TH AVE,Oakridge,491924.0,5452575.0
Vehicle Collision or Pedestrian Struck (with Injury),2017,6,7,20,56,2XX BLOCK W 49TH AVE,Oakridge,491924.0,5452575.0
Vehicle Collision or Pedestrian Struck (with Injury),2017,2,18,1,15,2XX BLOCK WATER ST,Central Business District,492173.0,5459044.0
Vehicle Collision or Pedestrian Struck (with Injury),2017,10,6,7,15,2XX SE MARINE DR,Sunset,492577.0,5450915.0
Vehicle Collision or Pedestrian Struck (with Injury),2017,11,14,12,14,30XX BLOCK E 41ST AVE,Killarney,496876.0,5453352.0
Vehicle Collision or Pedestrian Struck (with Injury),2017,4,19,19,22,30XX BLOCK GRANDVIEW HWY,Renfrew-Collingwood,497004.0,5456154.0
Vehicle Collision or Pedestrian Struck (with Injury),2017,1,17,8,44,30XX BLOCK SLOCAN ST,Renfrew-Collingwood,496395.0,5456019.0
Vehicle Collision or Pedestrian Struck (with Injury),2017,10,19,12,15,31XX BLOCK E 49TH AVE,Killarney,497041.0,5452437.0
Vehicle Collision or Pedestrian Struck (with Injury),2017,9,10,22,32,31XX BLOCK E HASTINGS ST,Hastings-Sunrise,497207.0,5458713.0
Vehicle Collision or Pedestrian Struck (with Injury),2017,9,24,6,45,31XX BLOCK FIR ST,Fairview,489721.0,5456137.0
Vehicle Collision or Pedestrian Struck (with Injury),2017,5,12,10,5,31XX BLOCK GRANDVIEW HWY,Renfrew-Collingwood,497188.0,5456151.0
Vehicle Collision or Pedestrian Struck (with Injury),2017,5,4,11,4,31XX BLOCK MAIN ST,Mount Pleasant,492636.0,5456070.0
Vehicle Collision or Pedestrian Struck (with Injury),2017,10,2,4,52,31XX BLOCK OAK ST,Fairview,490751.0,5456112.0
Vehicle Collision or Pedestrian Struck (with Injury),2017,12,5,16,57,31XX BLOCK W BROADWAY AVE,Kitsilano,487318.0,5456839.0
Vehicle Collision or Pedestrian Struck (with Injury),2017,12,18,12,30,31XX BLOCK W BROADWAY AVE,Kitsilano,487318.0,5456839.0
Vehicle Collision or Pedestrian Struck (with Injury),2017,8,25,10,48,31XX MCGILL ST,Hastings-Sunrise,497209.0,5459513.0
Vehicle Collision or Pedestrian Struck (with Injury),2017,12,23,13,47,32XX BLOCK ARBUTUS ST,Arbutus Ridge,488875.0,5456069.0
Vehicle Collision or Pedestrian Struck (with Injury),2017,12,6,13,40,32XX BLOCK BLENHEIM ST,Arbutus Ridge,487040.0,5456111.0
Vehicle Collision or Pedestrian Struck (with Injury),2017,6,7,17,40,32XX BLOCK COMMERCIAL DR,Kensington-Cedar Cottage,494935.0,5455915.0
Vehicle Collision or Pedestrian Struck (with Injury),2017,10,13,9,51,32XX BLOCK E 19TH AVE,Renfrew-Collingwood,497375.0,5455598.0
Vehicle Collision or Pedestrian Struck (with Injury),2017,7,29,17,58,32XX BLOCK E 54TH AVE,Killarney,497179.0,5451931.0
Vehicle Collision or Pedestrian Struck (with Injury),2017,7,30,18,0,32XX BLOCK E HASTINGS ST,Hastings-Sunrise,497393.0,5458713.0
Vehicle Collision or Pedestrian Struck (with Injury),2017,7,27,18,12,32XX BLOCK GRANDVIEW HWY,Renfrew-Collingwood,497372.0,5456152.0
Vehicle Collision or Pedestrian Struck (with Injury),2017,10,18,21,56,32XX BLOCK RUPERT ST,Renfrew-Collingwood,497545.0,5455847.0
Vehicle Collision or Pedestrian Struck (with Injury),2017,3,16,15,30,32XX BLOCK STANLEY PARK DR,Stanley Park,490525.0,5461129.0
Vehicle Collision or Pedestrian Struck (with Injury),2017,8,16,19,30,32XX BLOCK W 16TH AVE,Arbutus Ridge,487162.0,5456120.0
Vehicle Collision or Pedestrian Struck (with Injury),2017,2,3,8,14,33XX BLOCK ADANAC ST,Hastings-Sunrise,497585.0,5458299.0
Vehicle Collision or Pedestrian Struck (with Injury),2017,10,27,9,0,33XX BLOCK CAMBIE ST,Riley Park,491623.0,5455889.0
Vehicle Collision or Pedestrian Struck (with Injury),2017,4,25,16,28,33XX BLOCK GRANDVIEW HWY,Renfrew-Collingwood,497578.0,5456152.0
Vehicle Collision or Pedestrian Struck (with Injury),2017,8,1,11,5,33XX BLOCK KINGSWAY AVE,Renfrew-Collingwood,497423.0,5453457.0
Vehicle Collision or Pedestrian Struck (with Injury),2017,10,3,12,40,33XX BLOCK KINGSWAY AVE,Renfrew-Collingwood,497423.0,5453457.0
Vehicle Collision or Pedestrian Struck (with Injury),2017,4,12,15,38,33XX BLOCK OSLER ST,Shaughnessy,490301.0,5455890.0
Vehicle Collision or Pedestrian Struck (with Injury),2017,12,16,18,27,33XX BLOCK VANNESS AVE,Renfrew-Collingwood,497511.0,5454052.0
Vehicle Collision or Pedestrian Struck (with Injury),2017,7,31,11,54,33XX BLOCK W 41ST AVE,Dunbar-Southlands,486950.0,5453569.0
Vehicle Collision or Pedestrian Struck (with Injury),2017,9,24,18,59,33XX KINGSWAY AVE,Renfrew-Collingwood,497423.0,5453457.0
Vehicle Collision or Pedestrian Struck (with Injury),2017,8,17,1,55,34XX BLOCK BOUNDARY RD,Renfrew-Collingwood,498268.0,5455714.0
Vehicle Collision or Pedestrian Struck (with Injury),2017,10,23,17,29,34XX BLOCK CROWLEY DR,Renfrew-Collingwood,497664.0,5453832.0
Vehicle Collision or Pedestrian Struck (with Injury),2017,9,20,20,35,34XX BLOCK KINGSWAY AVE,Renfrew-Collingwood,497607.0,5453313.0
Vehicle Collision or Pedestrian Struck (with Injury),2017,3,26,13,48,34XX BLOCK LOUGHEED HWY,Hastings-Sunrise,497749.0,5456597.0
Vehicle Collision or Pedestrian Struck (with Injury),2017,1,26,2,46,34XX BLOCK SW MARINE DR,Dunbar-Southlands,486854.0,5453057.0
Vehicle Collision or Pedestrian Struck (with Injury),2017,5,22,17,20,35XX BLOCK E HASTINGS ST,Hastings-Sunrise,497972.0,5458709.0
Vehicle Collision or Pedestrian Struck (with Injury),2017,10,24,10,20,35XX GRAVELEY ST,Hastings-Sunrise,498083.0,5457507.0
Vehicle Collision or Pedestrian Struck (with Injury),2017,9,4,16,25,36XX BLOCK E 29TH AVE,Renfrew-Collingwood,498125.0,5454626.0
Vehicle Collision or Pedestrian Struck (with Injury),2017,1,28,5,24,36XX BLOCK E HASTINGS ST,Hastings-Sunrise,498155.0,5458709.0
Vehicle Collision or Pedestrian Struck (with Injury),2017,10,28,17,37,36XX BLOCK MACDONALD ST,Arbutus Ridge,487791.0,5455749.0
Vehicle Collision or Pedestrian Struck (with Injury),2017,9,3,15,23,36XX BLOCK MAIN ST,Riley Park,492655.0,5455569.0
Vehicle Collision or Pedestrian Struck (with Injury),2017,7,22,6,11,36XX BLOCK SE MARINE DR,Killarney,498147.0,5450581.0
Vehicle Collision or Pedestrian Struck (with Injury),2017,12,15,7,49,36XX BLOCK VICTORIA DR,Kensington-Cedar Cottage,495192.0,5455560.0
Vehicle Collision or Pedestrian Struck (with Injury),2017,4,27,15,2,36XX BLOCK W 5TH AVE,Kitsilano,486613.0,5457234.0
Vehicle Collision or Pedestrian Struck (with Injury),2017,4,12,10,58,36XX BLOCK W BROADWAY AVE,Kitsilano,486603.0,5456858.0
Vehicle Collision or Pedestrian Struck (with Injury),2017,4,21,12,41,36XX E 22ND AVE,Renfrew-Collingwood,498183.0,5455320.0
Vehicle Collision or Pedestrian Struck (with Injury),2017,1,22,14,56,36XX E HASTINGS ST,Hastings-Sunrise,498155.0,5458709.0
Vehicle Collision or Pedestrian Struck (with Injury),2017,2,12,2,32,38XX BLOCK CAMBIE ST,Riley Park,491607.0,5455368.0
Vehicle Collision or Pedestrian Struck (with Injury),2017,6,11,7,53,38XX BLOCK CAMBIE ST,Riley Park,491607.0,5455368.0
Vehicle Collision or Pedestrian Struck (with Injury),2017,3,28,16,58,39XX BLOCK BOYD DVRS,Renfrew-Collingwood,496900.0,5455220.0
Vehicle Collision or Pedestrian Struck (with Injury),2017,5,11,16,20,39XX BLOCK BOYD DVRS,Renfrew-Collingwood,496900.0,5455220.0
Vehicle Collision or Pedestrian Struck (with Injury),2017,11,17,8,16,39XX BLOCK OAK ST,South Cambie,490722.0,5455332.0
Vehicle Collision or Pedestrian Struck (with Injury),2017,8,24,18,51,3X E 53RD AVE,Sunset,492354.0,5452140.0
Vehicle Collision or Pedestrian Struck (with Injury),2017,8,23,14,45,3XX BLOCK ALEXANDER ST,Strathcona,492916.0,5459039.0
Vehicle Collision or Pedestrian Struck (with Injury),2017,8,31,21,27,3XX BLOCK ALEXANDER ST,Strathcona,492916.0,5459039.0
Vehicle Collision or Pedestrian Struck (with Injury),2017,2,2,16,3,3XX BLOCK CAMPBELL AVE,Strathcona,493835.0,5458784.0
Vehicle Collision or Pedestrian Struck (with Injury),2017,8,5,8,18,3XX BLOCK COLUMBIA ST,Central Business District,492564.0,5458785.0
Vehicle Collision or Pedestrian Struck (with Injury),2017,2,13,17,8,3XX BLOCK COLUMBIA ST,Central Business District,492565.0,5458824.0
Vehicle Collision or Pedestrian Struck (with Injury),2017,10,30,19,47,3XX BLOCK E 33RD AVE,Riley Park,492830.0,5454191.0
Vehicle Collision or Pedestrian Struck (with Injury),2017,11,11,20,42,3XX BLOCK E BROADWAY AVE,Mount Pleasant,492783.0,5456682.0
Vehicle Collision or Pedestrian Struck (with Injury),2017,11,12,18,24,3XX BLOCK GRANVILLE ST,Central Business District,491775.0,5459234.0
Vehicle Collision or Pedestrian Struck (with Injury),2017,9,11,16,15,3XX BLOCK HOWE ST,Central Business District,491710.0,5459315.0
Vehicle Collision or Pedestrian Struck (with Injury),2017,8,28,8,57,3XX BLOCK MAIN ST,Central Business District,492753.0,5458825.0
Vehicle Collision or Pedestrian Struck (with Injury),2017,7,10,11,32,3XX BLOCK N NANAIMO ST,Hastings-Sunrise,495892.0,5459457.0
Vehicle Collision or Pedestrian Struck (with Injury),2017,4,22,16,7,3XX BLOCK RAILWAY ST,Strathcona,492914.0,5459076.0
Vehicle Collision or Pedestrian Struck (with Injury),2017,3,30,16,46,3XX BLOCK STANLEY PARK CSWY,Stanley Park,490062.0,5460318.0
Vehicle Collision or Pedestrian Struck (with Injury),2017,7,5,7,47,3XX BLOCK UNION ST,Strathcona,492965.0,5458322.0
Vehicle Collision or Pedestrian Struck (with Injury),2017,12,22,14,35,3XX BLOCK W 1ST AVE,Mount Pleasant,491810.0,5457354.0
Vehicle Collision or Pedestrian Struck (with Injury),2017,11,25,18,0,3XX N RENFREW ST,Hastings-Sunrise,496798.0,5459454.0
Vehicle Collision or Pedestrian Struck (with Injury),2017,4,30,10,41,3XX POWELL ST,Strathcona,492922.0,5458937.0
Vehicle Collision or Pedestrian Struck (with Injury),2017,9,10,16,23,3XX SE MARINE DR,Sunset,492765.0,5450886.0
Vehicle Collision or Pedestrian Struck (with Injury),2017,11,20,14,18,40XX BLOCK KNIGHT ST,Kensington-Cedar Cottage,494471.0,5455125.0
Vehicle Collision or Pedestrian Struck (with Injury),2017,7,9,11,16,41XX BLOCK JOHN ST,Riley Park,492927.0,5455087.0
Vehicle Collision or Pedestrian Struck (with Injury),2017,8,7,13,25,41XX BLOCK QUEBEC ST,Riley Park,492489.0,5455099.0
Vehicle Collision or Pedestrian Struck (with Injury),2017,1,16,12,2,42XX BLOCK KNIGHT ST,Kensington-Cedar Cottage,494459.0,5454953.0
Vehicle Collision or Pedestrian Struck (with Injury),2017,4,8,15,57,43XX BLOCK DUNBAR ST,Dunbar-Southlands,486518.0,5455024.0
Vehicle Collision or Pedestrian Struck (with Injury),2017,6,23,21,30,43XX BLOCK NW MARINE DR,West Point Grey,485250.0,5457683.0
Vehicle Collision or Pedestrian Struck (with Injury),2017,2,8,16,23,43XX BLOCK RUPERT ST,Renfrew-Collingwood,497541.0,5454813.0
Vehicle Collision or Pedestrian Struck (with Injury),2017,11,1,14,36,44XX BLOCK ARBUTUS ST,Arbutus Ridge,488844.0,5454885.0
Vehicle Collision or Pedestrian Struck (with Injury),2017,9,2,15,26,45XX BLOCK ARBUTUS ST,Arbutus Ridge,488839.0,5454693.0
Vehicle Collision or Pedestrian Struck (with Injury),2017,6,5,15,52,45XX BLOCK HARRIET ST,Kensington-Cedar Cottage,493696.0,5454626.0
Vehicle Collision or Pedestrian Struck (with Injury),2017,1,8,18,0,45XX CLANCY LORANGER WAY,Riley Park,492086.0,5454496.0
Vehicle Collision or Pedestrian Struck (with Injury),2017,5,27,10,5,45XX W 10TH AVE,West Point Grey,484676.0,5456810.0
Vehicle Collision or Pedestrian Struck (with Injury),2017,11,14,14,58,46XX BLOCK EARLES ST,Renfrew-Collingwood,496806.0,5454444.0
Vehicle Collision or Pedestrian Struck (with Injury),2017,5,16,7,33,46XX BLOCK FRASER ST,Kensington-Cedar Cottage,493427.0,5454515.0
Vehicle Collision or Pedestrian Struck (with Injury),2017,12,13,11,44,46XX CAMBIE ST,Riley Park,491463.0,5454536.0
Vehicle Collision or Pedestrian Struck (with Injury),2017,9,4,14,57,47XX NW MARINE DR,West Point Grey,484328.0,5458168.0
Vehicle Collision or Pedestrian Struck (with Injury),2017,2,4,16,18,49XX BLOCK RUPERT ST,Renfrew-Collingwood,497240.0,5454196.0
Vehicle Collision or Pedestrian Struck (with Injury),2017,11,12,17,36,4XX BLOCK E 49TH AVE,Sunset,492941.0,5452537.0
Vehicle Collision or Pedestrian Struck (with Injury),2017,8,9,19,21,4XX BLOCK E 60TH AVE,Sunset,492906.0,5451446.0
Vehicle Collision or Pedestrian Struck (with Injury),2017,3,6,8,13,4XX BLOCK E KING EDWARD AVE,Riley Park,493005.0,5455109.0
Vehicle Collision or Pedestrian Struck (with Injury),2017,5,8,20,14,4XX BLOCK GREAT NORTHERN WAY,Mount Pleasant,493023.0,5457124.0
Vehicle Collision or Pedestrian Struck (with Injury),2017,10,6,13,35,4XX BLOCK HOWE ST,Central Business District,491630.0,5459234.0
Vehicle Collision or Pedestrian Struck (with Injury),2017,2,23,22,35,4XX BLOCK MCLEAN DR,Grandview-Woodland,494609.0,5458716.0
Vehicle Collision or Pedestrian Struck (with Injury),2017,11,3,19,20,4XX BLOCK NELSON ST,Central Business District,491247.0,5458313.0
Vehicle Collision or Pedestrian Struck (with Injury),2017,11,10,10,7,4XX BLOCK PRIOR ST,Strathcona,493071.0,5458219.0
Vehicle Collision or Pedestrian Struck (with Injury),2017,6,22,19,42,4XX BLOCK ROBSON ST,Central Business District,491481.0,5458549.0
Vehicle Collision or Pedestrian Struck (with Injury),2017,4,19,16,48,4XX BLOCK SE MARINE DR,Sunset,492960.0,5450912.0
Vehicle Collision or Pedestrian Struck (with Injury),2017,11,16,11,3,4XX BLOCK SE MARINE DR,Sunset,492960.0,5450912.0
Vehicle Collision or Pedestrian Struck (with Injury),2017,1,10,6,45,4XX BLOCK SW MARINE DR,Marpole,491595.0,5450891.0
Vehicle Collision or Pedestrian Struck (with Injury),2017,10,15,22,8,4XX BLOCK UNION ST,Strathcona,493075.0,5458319.0
Vehicle Collision or Pedestrian Struck (with Injury),2017,8,23,11,30,4XX BLOCK W 5TH AVE,Mount Pleasant,491776.0,5457104.0
Vehicle Collision or Pedestrian Struck (with Injury),2017,8,29,9,22,4XX BLOCK W 5TH AVE,Mount Pleasant,491776.0,5457104.0
Vehicle Collision or Pedestrian Struck (with Injury),2017,10,28,8,57,4XX MAIN ST,Strathcona,492749.0,5458648.0
Vehicle Collision or Pedestrian Struck (with Injury),2017,11,30,9,42,50XX BLOCK OAK ST,Shaughnessy,490695.0,5454280.0
Vehicle Collision or Pedestrian Struck (with Injury),2017,5,13,16,30,50XX BLOCK RUPERT ST,Renfrew-Collingwood,497175.0,5454092.0
Vehicle Collision or Pedestrian Struck (with Injury),2017,1,27,1,40,51XX BLOCK ARBUTUS ST,Arbutus Ridge,488695.0,5454149.0
Vehicle Collision or Pedestrian Struck (with Injury),2017,5,7,13,46,51XX BLOCK OAK ST,Shaughnessy,490690.0,5454066.0
Vehicle Collision or Pedestrian Struck (with Injury),2017,9,8,10,26,51XX BLOCK VICTORIA DR,Kensington-Cedar Cottage,495238.0,5453918.0
Vehicle Collision or Pedestrian Struck (with Injury),2017,11,5,16,36,55XX BLOCK CAMBIE ST,Riley Park,491555.0,5453612.0
Vehicle Collision or Pedestrian Struck (with Injury),2017,9,17,14,55,55XX BLOCK MAIN ST,Riley Park,492603.0,5453615.0
Vehicle Collision or Pedestrian Struck (with Injury),2017,12,17,15,16,55XX BLOCK OAK ST,South Cambie,490682.0,5453693.0
Vehicle Collision or Pedestrian Struck (with Injury),2017,5,26,9,40,55XX BLOCK RUPERT ST,Renfrew-Collingwood,496873.0,5453608.0
Vehicle Collision or Pedestrian Struck (with Injury),2017,5,27,13,17,55XX BLOCK RUPERT ST,Renfrew-Collingwood,496873.0,5453608.0
Vehicle Collision or Pedestrian Struck (with Injury),2017,12,21,18,0,56XX BLOCK OAK ST,Shaughnessy,490678.0,5453561.0
Vehicle Collision or Pedestrian Struck (with Injury),2017,4,19,15,27,57XX OAK ST,Oakridge,490674.0,5453383.0
Vehicle Collision or Pedestrian Struck (with Injury),2017,4,24,17,28,58XX BLOCK BEATRICE ST,Victoria-Fraserview,495126.0,5453196.0
Vehicle Collision or Pedestrian Struck (with Injury),2017,11,22,8,24,58XX BLOCK CHESTER ST,Sunset,493505.0,5453239.0
Vehicle Collision or Pedestrian Struck (with Injury),2017,8,30,10,21,58XX KNIGHT ST,Victoria-Fraserview,494385.0,5453131.0
Vehicle Collision or Pedestrian Struck (with Injury),2017,2,10,14,0,5900K BERKELEY ST,Victoria-Fraserview,495784.0,5453097.0
Vehicle Collision or Pedestrian Struck (with Injury),2017,4,21,16,2,5XX BLOCK E BROADWAY AVE,Mount Pleasant,493257.0,5456642.0
Vehicle Collision or Pedestrian Struck (with Injury),2017,2,16,4,36,5XX BLOCK POWELL ST,Strathcona,493235.0,5458928.0
Vehicle Collision or Pedestrian Struck (with Injury),2017,5,7,23,13,5XX BLOCK PRIOR ST,Strathcona,493214.0,5458216.0
Vehicle Collision or Pedestrian Struck (with Injury),2017,12,20,10,38,5XX BLOCK RENFREW ST,Hastings-Sunrise,496794.0,5458574.0
Vehicle Collision or Pedestrian Struck (with Injury),2017,4,24,16,34,5XX BLOCK RICHARDS ST,Central Business District,491773.0,5458950.0
Vehicle Collision or Pedestrian Struck (with Injury),2017,6,20,12,33,5XX BLOCK W 2ND AVE,Fairview,491612.0,5457071.0
Vehicle Collision or Pedestrian Struck (with Injury),2017,10,7,13,11,5XX BLOCK W 57TH AVE,Marpole,491444.0,5451815.0
Vehicle Collision or Pedestrian Struck (with Injury),2017,6,21,18,39,5XX BLOCK W CORDOVA ST,Central Business District,491928.0,5459118.0
Vehicle Collision or Pedestrian Struck (with Injury),2017,2,9,16,1,5XX BLOCK W GEORGIA ST,Central Business District,491540.0,5458733.0
Vehicle Collision or Pedestrian Struck (with Injury),2017,10,19,19,37,5XX KINGSWAY AVE,Mount Pleasant,493236.0,5456110.0
Vehicle Collision or Pedestrian Struck (with Injury),2017,6,10,8,30,5XX STANLEY PARK DR,Stanley Park,490443.0,5460544.0
Vehicle Collision or Pedestrian Struck (with Injury),2017,12,30,2,57,5XX W CORDOVA ST,Central Business District,491928.0,5459118.0
Vehicle Collision or Pedestrian Struck (with Injury),2017,8,22,15,30,5XX W HASTINGS ST,Central Business District,491827.0,5459073.0
Vehicle Collision or Pedestrian Struck (with Injury),2017,11,7,9,18,60XX BLOCK BATTISON ST,Killarney,497782.0,5452918.0
Vehicle Collision or Pedestrian Struck (with Injury),2017,8,18,2,0,60XX BLOCK RUPERT ST,Killarney,496864.0,5452919.0
Vehicle Collision or Pedestrian Struck (with Injury),2017,8,29,14,18,60XX BLOCK RUPERT ST,Killarney,496864.0,5452919.0
Vehicle Collision or Pedestrian Struck (with Injury),2017,7,18,12,44,60XX BLOCK VICTORIA DR,Victoria-Fraserview,495225.0,5452950.0
Vehicle Collision or Pedestrian Struck (with Injury),2017,1,30,11,3,63XX BLOCK FRASER ST,Sunset,493396.0,5452720.0
Vehicle Collision or Pedestrian Struck (with Injury),2017,1,22,5,10,63XX BLOCK WINDSOR ST,Sunset,493796.0,5452693.0
Vehicle Collision or Pedestrian Struck (with Injury),2017,4,7,6,44,63XX KNIGHT ST,Victoria-Fraserview,494376.0,5452732.0
Vehicle Collision or Pedestrian Struck (with Injury),2017,8,1,13,14,64XX BLOCK GRANVILLE ST,Oakridge,489823.0,5452776.0
Vehicle Collision or Pedestrian Struck (with Injury),2017,12,12,10,0,64XX BLOCK VIVIAN ST,Victoria-Fraserview,496338.0,5452543.0
Vehicle Collision or Pedestrian Struck (with Injury),2017,11,28,6,50,65XX BLOCK PRINCE ALBERT ST,Sunset,493591.0,5452495.0
Vehicle Collision or Pedestrian Struck (with Injury),2017,1,31,11,53,66XX BLOCK VICTORIA DR,Victoria-Fraserview,495208.0,5452347.0
Vehicle Collision or Pedestrian Struck (with Injury),2017,3,1,3,6,67XX BLOCK FRASER ST,Sunset,493385.0,5452298.0
Vehicle Collision or Pedestrian Struck (with Injury),2017,3,29,10,54,67XX BLOCK MAIN ST,Sunset,492596.0,5452317.0
Vehicle Collision or Pedestrian Struck (with Injury),2017,9,2,23,51,67XX STANLEY PARK DR,Stanley Park,488829.0,5461591.0
Vehicle Collision or Pedestrian Struck (with Injury),2017,7,3,16,23,68XX SALISH DR,Musqueam,485520.0,5452357.0
Vehicle Collision or Pedestrian Struck (with Injury),2017,2,11,2,38,6XX BLOCK COMMERCIAL DR,Grandview-Woodland,494876.0,5458492.0
Vehicle Collision or Pedestrian Struck (with Injury),2017,9,2,18,20,6XX BLOCK E 43RD AVE,Sunset,493255.0,5453142.0
Vehicle Collision or Pedestrian Struck (with Injury),2017,3,25,4,26,6XX BLOCK EXPO BLVD,Central Business District,492107.0,5458444.0
Vehicle Collision or Pedestrian Struck (with Injury),2017,5,6,2,26,6XX BLOCK EXPO BLVD,Central Business District,492107.0,5458444.0
Vehicle Collision or Pedestrian Struck (with Injury),2017,4,29,8,24,6XX BLOCK GRANVILLE ST,Central Business District,491514.0,5458972.0
Vehicle Collision or Pedestrian Struck (with Injury),2017,5,12,11,37,6XX BLOCK HELMCKEN ST,Central Business District,490991.0,5458334.0
Vehicle Collision or Pedestrian Struck (with Injury),2017,7,13,10,29,6XX BLOCK HORNBY ST,Central Business District,491372.0,5459113.0
Vehicle Collision or Pedestrian Struck (with Injury),2017,6,7,18,40,6XX BLOCK HOWE ST,Central Business District,491443.0,5459044.0
Vehicle Collision or Pedestrian Struck (with Injury),2017,11,23,18,57,6XX STANLEY PARK CSWY,Stanley Park,490016.0,5460571.0
Vehicle Collision or Pedestrian Struck (with Injury),2017,5,11,8,2,72XX BLOCK GRANVILLE ST,Kerrisdale,489799.0,5451962.0
Vehicle Collision or Pedestrian Struck (with Injury),2017,12,18,9,8,73XX BLOCK BLAKE ST,Killarney,497864.0,5451656.0
Vehicle Collision or Pedestrian Struck (with Injury),2017,9,19,16,45,73XX BLOCK CULLODEN ST,Sunset,494278.0,5451685.0
Vehicle Collision or Pedestrian Struck (with Injury),2017,12,23,14,9,74XX BLOCK GRANVILLE ST,Marpole,489791.0,5451723.0
Vehicle Collision or Pedestrian Struck (with Injury),2017,10,1,13,0,74XX KNIGHT ST,Sunset,494389.0,5451588.0
Vehicle Collision or Pedestrian Struck (with Injury),2017,4,11,23,1,78XX BLOCK BORDEN ST,Victoria-Fraserview,494607.0,5451197.0
Vehicle Collision or Pedestrian Struck (with Injury),2017,4,14,23,10,7XX BLOCK COMMERCIAL DR,Grandview-Woodland,494874.0,5458395.0
Vehicle Collision or Pedestrian Struck (with Injury),2017,3,13,0,30,7XX BLOCK DAVIE ST,Central Business District,490811.0,5458285.0
Vehicle Collision or Pedestrian Struck (with Injury),2017,7,18,18,44,7XX BLOCK E 28TH AVE,Kensington-Cedar Cottage,493457.0,5454755.0
Vehicle Collision or Pedestrian Struck (with Injury),2017,9,2,14,24,7XX BLOCK KINGSWAY AVE,Kensington-Cedar Cottage,493532.0,5455948.0
Vehicle Collision or Pedestrian Struck (with Injury),2017,5,19,11,48,7XX BLOCK MAIN ST,Strathcona,492742.0,5458401.0
Vehicle Collision or Pedestrian Struck (with Injury),2017,7,20,17,8,7XX BLOCK RAYMUR AVE,Strathcona,493947.0,5458409.0
Vehicle Collision or Pedestrian Struck (with Injury),2017,8,26,23,35,7XX BLOCK RICHARDS ST,Central Business District,491529.0,5458704.0
Vehicle Collision or Pedestrian Struck (with Injury),2017,2,18,17,41,7XX BLOCK ROBSON ST,Central Business District,491276.0,5458751.0
Vehicle Collision or Pedestrian Struck (with Injury),2017,6,22,18,40,7XX BLOCK SMITHE ST,Central Business District,491152.0,5458644.0
Vehicle Collision or Pedestrian Struck (with Injury),2017,2,14,19,21,7XX BLOCK TERMINAL AVE,Strathcona,493560.0,5457560.0
Vehicle Collision or Pedestrian Struck (with Injury),2017,6,18,1,21,7XX BLOCK W 41ST AVE,Oakridge,491188.0,5453438.0
Vehicle Collision or Pedestrian Struck (with Injury),2017,4,24,9,8,7XX E 63RD AVE,Sunset,493504.0,5451136.0
Vehicle Collision or Pedestrian Struck (with Injury),2017,1,8,16,59,7XX TERMINAL AVE,Strathcona,493587.0,5457571.0
Vehicle Collision or Pedestrian Struck (with Injury),2017,2,25,4,53,80XX BLOCK MAIN ST,Sunset,492562.0,5451099.0
Vehicle Collision or Pedestrian Struck (with Injury),2017,4,11,14,6,80XX BLOCK ROSS ST,Sunset,493942.0,5451062.0
Vehicle Collision or Pedestrian Struck (with Injury),2017,5,10,18,5,81XX BLOCK MAIN ST,Sunset,492560.0,5451057.0
Vehicle Collision or Pedestrian Struck (with Injury),2017,11,16,7,42,81XX BLOCK MAIN ST,Sunset,492560.0,5451057.0
Vehicle Collision or Pedestrian Struck (with Injury),2017,8,21,14,55,81XX KNIGHT STREET BRDG,Sunset,494372.0,5450871.0
Vehicle Collision or Pedestrian Struck (with Injury),2017,10,1,16,20,81XX KNIGHT STREET BRDG,Sunset,494372.0,5450871.0
Vehicle Collision or Pedestrian Struck (with Injury),2017,3,13,23,26,81XX KNIGHT STREET BRDG,Victoria-Fraserview,494387.0,5450877.0
Vehicle Collision or Pedestrian Struck (with Injury),2017,10,4,16,8,81XX KNIGHT STREET BRDG,Victoria-Fraserview,494387.0,5450877.0
Vehicle Collision or Pedestrian Struck (with Injury),2017,10,12,16,59,83XX OAK ST,Marpole,490517.0,5450860.0
Vehicle Collision or Pedestrian Struck (with Injury),2017,5,5,7,49,84XX BLOCK BOUNDARY RD,Killarney,498276.0,5450597.0
Vehicle Collision or Pedestrian Struck (with Injury),2017,10,18,15,3,84XX BLOCK GRANVILLE ST,Marpole,489769.0,5450831.0
Vehicle Collision or Pedestrian Struck (with Injury),2017,1,22,13,45,87XX BLOCK HUDSON ST,Marpole,490191.0,5450450.0
Vehicle Collision or Pedestrian Struck (with Injury),2017,3,28,18,18,8XX BLOCK BURRARD ST,Central Business District,491049.0,5458935.0
Vehicle Collision or Pedestrian Struck (with Injury),2017,6,7,8,9,8XX BLOCK BURRARD ST,Central Business District,491049.0,5458935.0
Vehicle Collision or Pedestrian Struck (with Injury),2017,9,14,16,20,8XX BLOCK BURRARD ST,Central Business District,491049.0,5458935.0
Vehicle Collision or Pedestrian Struck (with Injury),2017,4,6,19,44,8XX BLOCK DENMAN ST,West End,490130.0,5459848.0
Vehicle Collision or Pedestrian Struck (with Injury),2017,12,23,12,41,8XX BLOCK E 41ST AVE,Sunset,493646.0,5453338.0
Vehicle Collision or Pedestrian Struck (with Injury),2017,3,19,1,54,8XX BLOCK E HASTINGS ST,Strathcona,493689.0,5458707.0
Vehicle Collision or Pedestrian Struck (with Injury),2017,10,9,18,11,8XX BLOCK E KING EDWARD AVE,Kensington-Cedar Cottage,493638.0,5455097.0
Vehicle Collision or Pedestrian Struck (with Injury),2017,3,23,19,29,8XX BLOCK GRANVILLE ST,Central Business District,491267.0,5458723.0
Vehicle Collision or Pedestrian Struck (with Injury),2017,11,28,6,29,8XX BLOCK GRIFFITHS WAY,Central Business District,492043.0,5458282.0
Vehicle Collision or Pedestrian Struck (with Injury),2017,2,22,15,0,8XX BLOCK HELMCKEN ST,Central Business District,490845.0,5458479.0
Vehicle Collision or Pedestrian Struck (with Injury),2017,10,13,20,40,8XX BLOCK PACIFIC BLVD,Central Business District,491951.0,5458136.0
Vehicle Collision or Pedestrian Struck (with Injury),2017,12,5,14,0,8XX BLOCK POWELL ST,Strathcona,493684.0,5458914.0
Vehicle Collision or Pedestrian Struck (with Injury),2017,4,1,3,54,8XX BLOCK QUEBEC ST,Central Business District,492572.0,5458318.0
Vehicle Collision or Pedestrian Struck (with Injury),2017,12,4,12,45,8XX BLOCK SW MARINE DR,Marpole,490944.0,5450483.0
Vehicle Collision or Pedestrian Struck (with Injury),2017,11,14,5,5,8XX BLOCK W 10TH AVE,Fairview,491106.0,5456630.0
Vehicle Collision or Pedestrian Struck (with Injury),2017,6,16,18,10,8XX BLOCK W HASTINGS ST,Central Business District,491636.0,5459265.0
Vehicle Collision or Pedestrian Struck (with Injury),2017,7,18,12,40,8XX CAMBIE ST,Central Business District,491541.0,5458295.0
Vehicle Collision or Pedestrian Struck (with Injury),2017,1,26,13,49,8XX DUNSMUIR ST,Central Business District,491455.0,5459074.0
Vehicle Collision or Pedestrian Struck (with Injury),2017,12,21,11,26,8XX W 12TH AVE,Fairview,490984.0,5456429.0
Vehicle Collision or Pedestrian Struck (with Injury),2017,11,30,22,12,8XX W 12TH AVE,Fairview,491098.0,5456426.0
Vehicle Collision or Pedestrian Struck (with Injury),2017,5,10,0,37,9XX BLOCK CANADA PL,Central Business District,491692.0,5459452.0
Vehicle Collision or Pedestrian Struck (with Injury),2017,8,13,10,16,9XX BLOCK CANADA PL,Central Business District,491692.0,5459452.0
Vehicle Collision or Pedestrian Struck (with Injury),2017,12,29,1,45,9XX BLOCK GRANVILLE ST,Central Business District,491151.0,5458606.0
Vehicle Collision or Pedestrian Struck (with Injury),2017,2,27,13,42,9XX BLOCK GREAT NORTHERN WAY,Mount Pleasant,493827.0,5457017.0
Vehicle Collision or Pedestrian Struck (with Injury),2017,8,18,17,0,9XX BLOCK HOMER ST,Central Business District,491362.0,5458393.0
Vehicle Collision or Pedestrian Struck (with Injury),2017,10,1,10,21,9XX BLOCK LAGOON DR,Stanley Park,489792.0,5460057.0
Vehicle Collision or Pedestrian Struck (with Injury),2017,8,19,12,38,9XX BLOCK MAIN ST,Strathcona,492741.0,5458193.0
Vehicle Collision or Pedestrian Struck (with Injury),2017,5,11,21,54,9XX BLOCK NELSON ST,Central Business District,490897.0,5458662.0
Vehicle Collision or Pedestrian Struck (with Injury),2017,1,26,17,57,9XX BLOCK RICHARDS ST,Central Business District,491291.0,5458464.0
Vehicle Collision or Pedestrian Struck (with Injury),2017,9,20,11,5,9XX BLOCK STANLEY PARK DR,Stanley Park,490721.0,5460435.0
Vehicle Collision or Pedestrian Struck (with Injury),2017,9,28,19,1,9XX BLOCK SW MARINE DR,Marpole,490677.0,5450315.0
Vehicle Collision or Pedestrian Struck (with Injury),2017,7,26,9,48,9XX BLOCK W CORDOVA ST,Central Business District,491641.0,5459390.0
Vehicle Collision or Pedestrian Struck (with Injury),2017,8,24,18,27,9XX BLOCK W GEORGIA ST,Central Business District,491254.0,5459019.0
Vehicle Collision or Pedestrian Struck (with Injury),2017,1,26,10,19,9XX NELSON ST,Central Business District,490846.0,5458711.0
Vehicle Collision or Pedestrian Struck (with Injury),2017,8,18,14,0,9XX TERMINAL AVE,Strathcona,493928.0,5457452.0
Vehicle Collision or Pedestrian Struck (with Injury),2017,10,22,1,3,ABBOTT ST / W CORDOVA ST,Central Business District,492233.0,5458913.0
Vehicle Collision or Pedestrian Struck (with Injury),2017,3,23,22,43,ABBOTT ST / W HASTINGS ST,Central Business District,492203.0,5458810.0
Vehicle Collision or Pedestrian Struck (with Injury),2017,3,27,19,42,ABBOTT ST / W HASTINGS ST,Central Business District,492203.0,5458810.0
Vehicle Collision or Pedestrian Struck (with Injury),2017,10,7,3,11,ABBOTT ST / W PENDER ST,Central Business District,492175.0,5458706.0
Vehicle Collision or Pedestrian Struck (with Injury),2017,7,18,18,11,ALBERNI ST / BROUGHTON ST,West End,490629.0,5459546.0
Vehicle Collision or Pedestrian Struck (with Injury),2017,12,13,9,11,ALBERNI ST / CARDERO ST,West End,490457.0,5459718.0
Vehicle Collision or Pedestrian Struck (with Injury),2017,4,9,18,6,ALBERTA ST / W 46TH AVE,Oakridge,491771.0,5452885.0
Vehicle Collision or Pedestrian Struck (with Injury),2017,10,10,9,11,ALBERTA ST / W 49TH AVE,Oakridge,491775.0,5452580.0
Vehicle Collision or Pedestrian Struck (with Injury),2017,8,9,18,13,ALDER ST / W 12TH AVE,Fairview,490433.0,5456443.0
Vehicle Collision or Pedestrian Struck (with Injury),2017,12,5,14,13,ALEXANDER ST / MAIN ST,Central Business District,492764.0,5459043.0
Vehicle Collision or Pedestrian Struck (with Injury),2017,9,12,7,30,ALMA ST / W 10TH AVE,West Point Grey,486474.0,5456763.0
Vehicle Collision or Pedestrian Struck (with Injury),2017,5,4,10,11,ALMA ST / W BROADWAY AVE,West Point Grey,486476.0,5456861.0
Vehicle Collision or Pedestrian Struck (with Injury),2017,10,25,16,32,ARBUTUS ST / VALLEY DR,Arbutus Ridge,488840.0,5454723.0
Vehicle Collision or Pedestrian Struck (with Injury),2017,4,25,15,18,ARBUTUS ST / W 10TH AVE,Kitsilano,488870.0,5456688.0
Vehicle Collision or Pedestrian Struck (with Injury),2017,5,23,17,15,ARBUTUS ST / W 12TH AVE,Kitsilano,488863.0,5456482.0
Vehicle Collision or Pedestrian Struck (with Injury),2017,10,11,22,36,ARBUTUS ST / W 12TH AVE,Kitsilano,488863.0,5456482.0
Vehicle Collision or Pedestrian Struck (with Injury),2017,4,15,11,2,ARBUTUS ST / W 16TH AVE,Arbutus Ridge,488874.0,5456069.0
Vehicle Collision or Pedestrian Struck (with Injury),2017,11,23,20,37,ARBUTUS ST / W 16TH AVE,Arbutus Ridge,488874.0,5456069.0
Vehicle Collision or Pedestrian Struck (with Injury),2017,11,21,18,35,ARBUTUS ST / W 33RD AVE,Arbutus Ridge,488828.0,5454382.0
Vehicle Collision or Pedestrian Struck (with Injury),2017,10,2,20,20,ARBUTUS ST / W 37TH AVE,Arbutus Ridge,488684.0,5453957.0
Vehicle Collision or Pedestrian Struck (with Injury),2017,5,16,5,39,ARBUTUS ST / W BROADWAY AVE,Kitsilano,488872.0,5456795.0
Vehicle Collision or Pedestrian Struck (with Injury),2017,7,21,10,29,ARBUTUS ST / W KING EDWARD AVE,Arbutus Ridge,488856.0,5455442.0
Vehicle Collision or Pedestrian Struck (with Injury),2017,4,23,12,15,ARGYLE ST / SE MARINE DR,Victoria-Fraserview,494806.0,5450909.0
Vehicle Collision or Pedestrian Struck (with Injury),2017,10,11,8,19,ARLINGTON ST / E 49TH AVE,Killarney,497949.0,5452274.0
Vehicle Collision or Pedestrian Struck (with Injury),2017,9,25,12,32,ASH ST / SW MARINE DR,Marpole,491335.0,5450729.0
Vehicle Collision or Pedestrian Struck (with Injury),2017,8,3,10,15,ASH ST / W 10TH AVE,Fairview,491445.0,5456619.0
Vehicle Collision or Pedestrian Struck (with Injury),2017,10,5,9,8,ASH ST / W 13TH AVE,Fairview,491438.0,5456309.0
Vehicle Collision or Pedestrian Struck (with Injury),2017,7,14,1,35,ASH ST / W 49TH AVE,Oakridge,491399.0,5452601.0
Vehicle Collision or Pedestrian Struck (with Injury),2017,8,12,14,10,BALSAM ST / W BROADWAY AVE,Kitsilano,488358.0,5456809.0
Vehicle Collision or Pedestrian Struck (with Injury),2017,5,20,18,37,BARCLAY ST / BROUGHTON ST,West End,490399.0,5459318.0
Vehicle Collision or Pedestrian Struck (with Injury),2017,10,15,12,0,BAYSWATER ST / POINT GREY RD,Kitsilano,487561.0,5457605.0
Vehicle Collision or Pedestrian Struck (with Injury),2017,10,21,16,18,BEATRICE ST / E 47TH AVE,Victoria-Fraserview,495119.0,5452762.0
Vehicle Collision or Pedestrian Struck (with Injury),2017,8,7,21,18,BEATTY ST / NELSON ST,Central Business District,491478.0,5458090.0
Vehicle Collision or Pedestrian Struck (with Injury),2017,11,21,20,36,BEATTY ST / ROBSON ST,Central Business District,491710.0,5458320.0
Vehicle Collision or Pedestrian Struck (with Injury),2017,11,24,2,10,BEATTY ST / W GEORGIA ST,Central Business District,491835.0,5458445.0
Vehicle Collision or Pedestrian Struck (with Injury),2017,9,14,16,7,BIDWELL ST / DAVIE ST,West End,489801.0,5459286.0
Vehicle Collision or Pedestrian Struck (with Injury),2017,7,24,22,37,BIRCH ST / W 12TH AVE,Fairview,490262.0,5456447.0
Vehicle Collision or Pedestrian Struck (with Injury),2017,9,14,10,5,BIRCH ST / W 12TH AVE,Fairview,490262.0,5456447.0
Vehicle Collision or Pedestrian Struck (with Injury),2017,11,3,23,52,BIRCH ST / W 12TH AVE,Fairview,490262.0,5456447.0
Vehicle Collision or Pedestrian Struck (with Injury),2017,3,14,14,2,BIRCH ST / W BROADWAY AVE,Fairview,490271.0,5456759.0
Vehicle Collision or Pedestrian Struck (with Injury),2017,7,17,15,8,BLAKE ST / CHAMPLAIN CRES,Killarney,497731.0,5451543.0
Vehicle Collision or Pedestrian Struck (with Injury),2017,3,3,9,46,BLENHEIM ST / W 15TH AVE,Kitsilano,487044.0,5456242.0
Vehicle Collision or Pedestrian Struck (with Injury),2017,11,15,9,26,BLENHEIM ST / W KING EDWARD AVE,Dunbar-Southlands,486999.0,5455277.0
Vehicle Collision or Pedestrian Struck (with Injury),2017,10,5,20,30,BOUNDARY RD / E 29TH AVE,Renfrew-Collingwood,498273.0,5454628.0
Vehicle Collision or Pedestrian Struck (with Injury),2017,12,9,6,50,BOUNDARY RD / E 29TH AVE,Renfrew-Collingwood,498273.0,5454628.0
Vehicle Collision or Pedestrian Struck (with Injury),2017,8,20,19,12,BOUNDARY RD / E 46TH AVE,Killarney,498288.0,5452812.0
Vehicle Collision or Pedestrian Struck (with Injury),2017,2,24,20,10,BOUNDARY RD / E 49TH AVE,Killarney,498280.0,5452129.0
Vehicle Collision or Pedestrian Struck (with Injury),2017,8,17,9,30,BOUNDARY RD / E 49TH AVE,Killarney,498280.0,5452129.0
Vehicle Collision or Pedestrian Struck (with Injury),2017,12,1,17,35,BOUNDARY RD / KINGSWAY AVE,Renfrew-Collingwood,498281.0,5453279.0
Vehicle Collision or Pedestrian Struck (with Injury),2017,12,12,9,47,BOUNDARY RD / KINGSWAY AVE,Renfrew-Collingwood,498281.0,5453279.0
Vehicle Collision or Pedestrian Struck (with Injury),2017,12,29,15,19,BOUNDARY RD / MARINE WAY,Killarney,498286.0,5450301.0
Vehicle Collision or Pedestrian Struck (with Injury),2017,4,28,17,41,BOUNDARY RD / NORMANDY DR,Renfrew-Collingwood,498288.0,5455414.0
Vehicle Collision or Pedestrian Struck (with Injury),2017,7,19,11,29,BOUNDARY RD / VANNESS AVE,Renfrew-Collingwood,498281.0,5453505.0
Vehicle Collision or Pedestrian Struck (with Injury),2017,10,26,10,47,BRIDGEWAY / CASSIAR CONN,Hastings-Sunrise,497718.0,5458995.0
Vehicle Collision or Pedestrian Struck (with Injury),2017,1,14,13,42,BROUGHTON ST / ALBERNI ST,West End,490629.0,5459546.0
Vehicle Collision or Pedestrian Struck (with Injury),2017,12,29,3,18,BROUGHTON ST / DAVIE ST,West End,490087.0,5459004.0
Vehicle Collision or Pedestrian Struck (with Injury),2017,6,10,10,10,BRUNSWICK ST / GREAT NORTHERN WAY,Mount Pleasant,493000.0,5457126.0
Vehicle Collision or Pedestrian Struck (with Injury),2017,4,7,10,11,BURRARD ST / CORNWALL AVE,Kitsilano,489414.0,5457736.0
Vehicle Collision or Pedestrian Struck (with Injury),2017,6,2,8,9,BURRARD ST / DAVIE ST,Central Business District,490604.0,5458488.0
Vehicle Collision or Pedestrian Struck (with Injury),2017,6,15,19,30,BURRARD ST / DAVIE ST,Central Business District,490604.0,5458488.0
Vehicle Collision or Pedestrian Struck (with Injury),2017,6,23,22,4,BURRARD ST / DAVIE ST,Central Business District,490604.0,5458488.0
Vehicle Collision or Pedestrian Struck (with Injury),2017,8,28,18,44,BURRARD ST / DAVIE ST,Central Business District,490604.0,5458488.0
Vehicle Collision or Pedestrian Struck (with Injury),2017,12,11,19,12,BURRARD ST / DAVIE ST,Central Business District,490604.0,5458488.0
Vehicle Collision or Pedestrian Struck (with Injury),2017,4,19,11,54,BURRARD ST / HARWOOD ST,Central Business District,490446.0,5458331.0
Vehicle Collision or Pedestrian Struck (with Injury),2017,5,7,7,35,BURRARD ST / HELMCKEN ST,West End,490717.0,5458603.0
Vehicle Collision or Pedestrian Struck (with Injury),2017,2,2,12,30,BURRARD ST / PACIFIC ST,West End,490369.0,5458252.0
Vehicle Collision or Pedestrian Struck (with Injury),2017,5,23,11,9,BURRARD ST / ROBSON ST,Central Business District,491068.0,5458954.0
Vehicle Collision or Pedestrian Struck (with Injury),2017,7,16,5,51,BURRARD ST / SMITHE ST,West End,490950.0,5458837.0
Vehicle Collision or Pedestrian Struck (with Injury),2017,11,19,18,50,BURRARD ST / W 10TH AVE,Kitsilano,489392.0,5456675.0
Vehicle Collision or Pedestrian Struck (with Injury),2017,12,14,16,52,BURRARD ST / W 12TH AVE,Kitsilano,489386.0,5456474.0
Vehicle Collision or Pedestrian Struck (with Injury),2017,12,29,22,2,BURRARD ST / W 4TH AVE,Kitsilano,489404.0,5457259.0
Vehicle Collision or Pedestrian Struck (with Injury),2017,10,24,13,1,BURRARD ST / W 6TH AVE,Kitsilano,489402.0,5457070.0
Vehicle Collision or Pedestrian Struck (with Injury),2017,4,5,15,18,BURRARD ST / W 7TH AVE,Kitsilano,489399.0,5456975.0
Vehicle Collision or Pedestrian Struck (with Injury),2017,7,9,19,7,BURRARD ST / W 7TH AVE,Kitsilano,489399.0,5456975.0
Vehicle Collision or Pedestrian Struck (with Injury),2017,5,1,22,0,BURRARD ST / W GEORGIA ST,West End,491193.0,5459080.0
Vehicle Collision or Pedestrian Struck (with Injury),2017,5,9,23,42,BURRARD ST / W GEORGIA ST,West End,491193.0,5459080.0
Vehicle Collision or Pedestrian Struck (with Injury),2017,8,4,17,22,BURRARD ST / W GEORGIA ST,West End,491193.0,5459080.0
Vehicle Collision or Pedestrian Struck (with Injury),2017,9,21,21,30,BURRARD ST / W GEORGIA ST,West End,491193.0,5459080.0
Vehicle Collision or Pedestrian Struck (with Injury),2017,12,14,8,54,BURRARD ST / W GEORGIA ST,West End,491193.0,5459080.0
Vehicle Collision or Pedestrian Struck (with Injury),2017,6,25,10,0,BURRARD STREET BRDG / BURRARD ST,West End,490364.0,5458256.0
Vehicle Collision or Pedestrian Struck (with Injury),2017,10,26,21,52,BUTE ST / DAVIE ST,West End,490301.0,5458792.0
Vehicle Collision or Pedestrian Struck (with Injury),2017,7,6,0,9,BUTE ST / W GEORGIA ST,West End,490885.0,5459383.0
Vehicle Collision or Pedestrian Struck (with Injury),2017,12,24,12,0,CAMBIE ST / DUNSMUIR ST,Central Business District,491886.0,5458643.0
Vehicle Collision or Pedestrian Struck (with Injury),2017,7,28,8,50,CAMBIE ST / PACIFIC BLVD,Central Business District,491245.0,5457950.0
Vehicle Collision or Pedestrian Struck (with Injury),2017,4,18,17,12,CAMBIE ST / SMITHE ST,Central Business District,491519.0,5458274.0
Vehicle Collision or Pedestrian Struck (with Injury),2017,9,14,13,46,CAMBIE ST / SW MARINE DR,Marpole,491472.0,5450834.0
Vehicle Collision or Pedestrian Struck (with Injury),2017,12,11,21,45,CAMBIE ST / SW MARINE DR,Marpole,491472.0,5450834.0
Vehicle Collision or Pedestrian Struck (with Injury),2017,11,12,17,49,CAMBIE ST / W 16TH AVE,South Cambie,491628.0,5456022.0
Vehicle Collision or Pedestrian Struck (with Injury),2017,6,20,14,29,CAMBIE ST / W 33RD AVE,Riley Park,491386.0,5454262.0
Vehicle Collision or Pedestrian Struck (with Injury),2017,10,27,18,22,CAMBIE ST / W 33RD AVE,Riley Park,491386.0,5454262.0
Vehicle Collision or Pedestrian Struck (with Injury),2017,5,2,15,16,CAMBIE ST / W 38TH AVE,South Cambie,491536.0,5453732.0
Vehicle Collision or Pedestrian Struck (with Injury),2017,11,14,15,26,CAMBIE ST / W 39TH AVE,South Cambie,491534.0,5453631.0
Vehicle Collision or Pedestrian Struck (with Injury),2017,2,25,11,42,CAMBIE ST / W 41ST AVE,South Cambie,491528.0,5453431.0
Vehicle Collision or Pedestrian Struck (with Injury),2017,12,29,19,31,CAMBIE ST / W 49TH AVE,Oakridge,491526.0,5452594.0
Vehicle Collision or Pedestrian Struck (with Injury),2017,1,17,15,39,CAMBIE ST / W 61ST AVE,Marpole,491473.0,5451363.0
Vehicle Collision or Pedestrian Struck (with Injury),2017,4,8,16,38,CAMBIE ST / W KING EDWARD AVE,South Cambie,491594.0,5455134.0
Vehicle Collision or Pedestrian Struck (with Injury),2017,9,24,12,35,CAMBIE ST / W PENDER ST,Central Business District,491994.0,5458762.0
Vehicle Collision or Pedestrian Struck (with Injury),2017,4,21,0,7,CAMPBELL AVE / E HASTINGS ST,Strathcona,493832.0,5458702.0
Vehicle Collision or Pedestrian Struck (with Injury),2017,3,21,20,3,CAMPBELL AVE / PRIOR ST,Strathcona,493817.0,5458196.0
Vehicle Collision or Pedestrian Struck (with Injury),2017,11,7,17,45,CAMPBELL AVE / UNION ST,Strathcona,493820.0,5458297.0
Vehicle Collision or Pedestrian Struck (with Injury),2017,3,9,18,59,CARDERO ST / ROBSON ST,West End,490380.0,5459638.0
Vehicle Collision or Pedestrian Struck (with Injury),2017,3,13,17,52,CARDERO ST / W GEORGIA ST,West End,490503.0,5459766.0
Vehicle Collision or Pedestrian Struck (with Injury),2017,4,21,10,12,CARDERO ST / W GEORGIA ST,West End,490503.0,5459766.0
Vehicle Collision or Pedestrian Struck (with Injury),2017,7,11,16,13,CARDERO ST / W GEORGIA ST,West End,490503.0,5459766.0
Vehicle Collision or Pedestrian Struck (with Injury),2017,10,20,11,4,CARDERO ST / W GEORGIA ST,West End,490503.0,5459766.0
Vehicle Collision or Pedestrian Struck (with Injury),2017,2,28,11,45,CAROLINA ST / E 16TH AVE,Riley Park,493316.0,5455967.0
Vehicle Collision or Pedestrian Struck (with Injury),2017,6,9,12,38,CARRALL ST / E CORDOVA ST,Central Business District,492416.0,5458858.0
Vehicle Collision or Pedestrian Struck (with Injury),2017,10,15,19,28,CARRALL ST / PACIFIC BLVD,Central Business District,492257.0,5458266.0
Vehicle Collision or Pedestrian Struck (with Injury),2017,12,13,21,45,CARTIER ST / W 49TH AVE,Oakridge,489992.0,5452686.0
Vehicle Collision or Pedestrian Struck (with Injury),2017,9,30,12,48,CARTIER ST / W 70TH AVE,Marpole,489974.0,5450653.0
Vehicle Collision or Pedestrian Struck (with Injury),2017,3,20,6,54,CARTWRIGHT ST / OLD BRIDGE ST,Fairview,490167.0,5457492.0
Vehicle Collision or Pedestrian Struck (with Injury),2017,5,9,17,55,CASSIAR CONN / BRIDGEWAY,Hastings-Sunrise,497659.0,5459005.0
Vehicle Collision or Pedestrian Struck (with Injury),2017,7,24,17,21,CASSIAR CONN / BRIDGEWAY,Hastings-Sunrise,497718.0,5458995.0
Vehicle Collision or Pedestrian Struck (with Injury),2017,3,9,21,58,CASSIAR CONN / BRIDGEWAY ST,Hastings-Sunrise,497659.0,5459005.0
Vehicle Collision or Pedestrian Struck (with Injury),2017,10,27,22,16,CHAMPLAIN CRES / MATHESON CRES,Killarney,498013.0,5450863.0
Vehicle Collision or Pedestrian Struck (with Injury),2017,1,8,17,15,CHARLES ST / COMMERCIAL DR,Grandview-Woodland,494938.0,5457812.0
Vehicle Collision or Pedestrian Struck (with Injury),2017,5,26,21,22,CHARLES ST / COMMERCIAL DR,Grandview-Woodland,494938.0,5457812.0
Vehicle Collision or Pedestrian Struck (with Injury),2017,11,1,7,39,CHESTER ST / E 41ST AVE,Kensington-Cedar Cottage,493499.0,5453349.0
Vehicle Collision or Pedestrian Struck (with Injury),2017,6,11,10,51,CHILCO ST / BEACH AVE,West End,489508.0,5459647.0
Vehicle Collision or Pedestrian Struck (with Injury),2017,1,19,12,49,CITADEL PRDE / W GEORGIA ST,Central Business District,491872.0,5458409.0
Vehicle Collision or Pedestrian Struck (with Injury),2017,3,25,20,20,CLARENDON ST / WAVERLEY AVE,Victoria-Fraserview,495921.0,5452677.0
Vehicle Collision or Pedestrian Struck (with Injury),2017,6,28,13,0,CLARK DR,,,
Vehicle Collision or Pedestrian Struck (with Injury),2017,5,13,11,4,CLARK DR / ADANAC ST,Strathcona,494381.0,5458326.0
Vehicle Collision or Pedestrian Struck (with Injury),2017,10,27,14,59,CLARK DR / E 12TH AVE,Kensington-Cedar Cottage,494362.0,5456321.0
Vehicle Collision or Pedestrian Struck (with Injury),2017,7,26,23,10,CLARK DR / E 1ST AVE,Strathcona,494371.0,5457434.0
Vehicle Collision or Pedestrian Struck (with Injury),2017,12,22,14,26,CLARK DR / E HASTINGS ST,Strathcona,494392.0,5458735.0
Vehicle Collision or Pedestrian Struck (with Injury),2017,4,4,9,0,CLARK DR / GRANT ST,Strathcona,494374.0,5457640.0
Vehicle Collision or Pedestrian Struck (with Injury),2017,4,25,17,10,CLARK DR / KINGSWAY AVE,Kensington-Cedar Cottage,494322.0,5455379.0
Vehicle Collision or Pedestrian Struck (with Injury),2017,6,30,18,30,CLARK DR / KINGSWAY AVE,Kensington-Cedar Cottage,494322.0,5455379.0
Vehicle Collision or Pedestrian Struck (with Injury),2017,9,22,6,57,CLARK DR / PARKER ST,Strathcona,494378.0,5458124.0
Vehicle Collision or Pedestrian Struck (with Injury),2017,3,29,20,1,CLARK DR / POWELL ST,Grandview-Woodland,494401.0,5458927.0
Vehicle Collision or Pedestrian Struck (with Injury),2017,1,1,19,51,COLLINGWOOD ST / W 5TH AVE,Kitsilano,486778.0,5457230.0
Vehicle Collision or Pedestrian Struck (with Injury),2017,1,6,22,40,COLUMBIA ST / KEEFER ST,Central Business District,492569.0,5458508.0
Vehicle Collision or Pedestrian Struck (with Injury),2017,11,5,8,44,COMMERCIAL DR / E 12TH AVE,Kensington-Cedar Cottage,494917.0,5456315.0
Vehicle Collision or Pedestrian Struck (with Injury),2017,5,19,18,30,COMMERCIAL DR / E 13TH AVE,Kensington-Cedar Cottage,494916.0,5456215.0
Vehicle Collision or Pedestrian Struck (with Injury),2017,11,18,22,5,COMMERCIAL DR / E 1ST AVE,Grandview-Woodland,494931.0,5457427.0
Vehicle Collision or Pedestrian Struck (with Injury),2017,3,6,19,0,COMMERCIAL DR / E 4TH AVE,Grandview-Woodland,494929.0,5457125.0
Vehicle Collision or Pedestrian Struck (with Injury),2017,3,5,18,25,COMMERCIAL DR / E BROADWAY AVE,Kensington-Cedar Cottage,494921.0,5456620.0
Vehicle Collision or Pedestrian Struck (with Injury),2017,7,29,18,12,COMMERCIAL DR / E BROADWAY AVE,Kensington-Cedar Cottage,494921.0,5456620.0
Vehicle Collision or Pedestrian Struck (with Injury),2017,4,29,15,53,COMMERCIAL DR / E HASTINGS ST,Grandview-Woodland,494879.0,5458723.0
Vehicle Collision or Pedestrian Struck (with Injury),2017,9,28,8,0,COMMERCIAL DR / KITCHENER ST,Grandview-Woodland,494936.0,5457711.0
Vehicle Collision or Pedestrian Struck (with Injury),2017,12,19,7,31,COMMERCIAL DR / VENABLES ST,Grandview-Woodland,494874.0,5458215.0
Vehicle Collision or Pedestrian Struck (with Injury),2017,2,21,15,41,COMMERCIAL ST / E 33RD AVE,Kensington-Cedar Cottage,495012.0,5454149.0
Vehicle Collision or Pedestrian Struck (with Injury),2017,10,8,10,14,CORNWALL AVE / ARBUTUS ST,Kitsilano,488899.0,5457765.0
Vehicle Collision or Pedestrian Struck (with Injury),2017,9,20,8,56,CORNWALL AVE / BURRARD ST,Kitsilano,489414.0,5457736.0
Vehicle Collision or Pedestrian Struck (with Injury),2017,12,19,22,7,COTTON DR / E 1ST AVE,Grandview-Woodland,494793.0,5457429.0
Vehicle Collision or Pedestrian Struck (with Injury),2017,5,29,18,24,COURTENAY ST / W 10TH AVE,West Point Grey,485442.0,5456789.0
Vehicle Collision or Pedestrian Struck (with Injury),2017,10,18,19,47,CROWN ST / SW MARINE DR,Musqueam,485894.0,5453453.0
Vehicle Collision or Pedestrian Struck (with Injury),2017,4,21,22,15,CYPRESS ST / CORNWALL AVE,Kitsilano,489248.0,5457756.0
Vehicle Collision or Pedestrian Struck (with Injury),2017,5,7,17,23,CYPRESS ST / CORNWALL AVE,Kitsilano,489248.0,5457756.0
Vehicle Collision or Pedestrian Struck (with Injury),2017,4,26,21,2,CYPRESS ST / W BROADWAY AVE,Kitsilano,489221.0,5456785.0
Vehicle Collision or Pedestrian Struck (with Injury),2017,4,7,12,23,DAVIE ST / BURRARD ST,Central Business District,490604.0,5458488.0
Vehicle Collision or Pedestrian Struck (with Injury),2017,11,12,19,10,DAVIE ST / JERVIS ST,West End,490187.0,5458904.0
Vehicle Collision or Pedestrian Struck (with Injury),2017,5,8,22,52,DAVIE ST / MAINLAND ST,Central Business District,491115.0,5457981.0
Vehicle Collision or Pedestrian Struck (with Injury),2017,2,8,15,8,DAVIE ST / PACIFIC BLVD,Central Business District,491162.0,5457932.0
Vehicle Collision or Pedestrian Struck (with Injury),2017,3,15,20,42,DAVIE ST / SEYMOUR ST,Central Business District,490894.0,5458201.0
Vehicle Collision or Pedestrian Struck (with Injury),2017,7,21,22,10,DAVIE ST / SEYMOUR ST,Central Business District,490894.0,5458201.0
Vehicle Collision or Pedestrian Struck (with Injury),2017,6,25,10,0,DENMAN ST / ALBERNI ST,West End,490227.0,5459946.0
Vehicle Collision or Pedestrian Struck (with Injury),2017,7,25,18,0,DENMAN ST / ALBERNI ST,West End,490227.0,5459946.0
Vehicle Collision or Pedestrian Struck (with Injury),2017,12,9,3,43,DENMAN ST / DAVIE ST,West End,489686.0,5459400.0
Vehicle Collision or Pedestrian Struck (with Injury),2017,11,7,22,41,DENMAN ST / ROBSON ST,West End,490148.0,5459867.0
Vehicle Collision or Pedestrian Struck (with Injury),2017,12,11,19,5,DENMAN ST / W GEORGIA ST,West End,490276.0,5459994.0
Vehicle Collision or Pedestrian Struck (with Injury),2017,1,19,20,30,DISCOVERY ST / W 10TH AVE,West Point Grey,485229.0,5456795.0
Vehicle Collision or Pedestrian Struck (with Injury),2017,3,24,10,56,DRAKE ST / GRANVILLE ST,Central Business District,490706.0,5458156.0
Vehicle Collision or Pedestrian Struck (with Injury),2017,2,18,22,45,DRAKE ST / HAMILTON ST,Central Business District,490960.0,5457903.0
Vehicle Collision or Pedestrian Struck (with Injury),2017,9,15,16,40,DRAKE ST / HORNBY ST,Central Business District,490564.0,5458296.0
Vehicle Collision or Pedestrian Struck (with Injury),2017,7,17,7,22,DRAKE ST / PACIFIC BLVD,Central Business District,491009.0,5457856.0
Vehicle Collision or Pedestrian Struck (with Injury),2017,12,15,7,32,DRAKE ST / SEYMOUR ST,Central Business District,490778.0,5458084.0
Vehicle Collision or Pedestrian Struck (with Injury),2017,12,16,10,50,DUNBAR ST / W 49TH AVE,Musqueam,486494.0,5452760.0
Vehicle Collision or Pedestrian Struck (with Injury),2017,1,26,9,30,DUNBAR ST / W BROADWAY AVE,Kitsilano,486628.0,5456857.0
Vehicle Collision or Pedestrian Struck (with Injury),2017,5,2,17,22,DUNDAS ST / N LAKEWOOD DR,Grandview-Woodland,495518.0,5459118.0
Vehicle Collision or Pedestrian Struck (with Injury),2017,12,18,10,25,DUNDAS ST / N NANAIMO ST,Grandview-Woodland,495889.0,5459115.0
Vehicle Collision or Pedestrian Struck (with Injury),2017,3,21,10,56,DUNSMUIR ST / BEATTY ST,Central Business District,491960.0,5458570.0
Vehicle Collision or Pedestrian Struck (with Injury),2017,12,23,22,34,DUNSMUIR ST / BURRARD ST,Central Business District,491317.0,5459212.0
Vehicle Collision or Pedestrian Struck (with Injury),2017,3,17,17,31,DUNSMUIR ST / CAMBIE ST,Central Business District,491886.0,5458643.0
Vehicle Collision or Pedestrian Struck (with Injury),2017,8,18,13,24,DUNSMUIR ST / CAMBIE ST,Central Business District,491886.0,5458643.0
Vehicle Collision or Pedestrian Struck (with Injury),2017,11,24,17,45,DUNSMUIR ST / CAMBIE ST,Central Business District,491886.0,5458643.0
Vehicle Collision or Pedestrian Struck (with Injury),2017,11,21,17,55,DUNSMUIR ST / GRANVILLE ST,Central Business District,491535.0,5458993.0
Vehicle Collision or Pedestrian Struck (with Injury),2017,5,4,14,24,DUNSMUIR ST / RICHARDS ST,Central Business District,491675.0,5458852.0
Vehicle Collision or Pedestrian Struck (with Injury),2017,9,1,20,50,DUNSMUIR ST / RICHARDS ST,Central Business District,491675.0,5458852.0
Vehicle Collision or Pedestrian Struck (with Injury),2017,5,18,9,7,DUNSMUIR ST / SEYMOUR ST,Central Business District,491607.0,5458920.0
Vehicle Collision or Pedestrian Struck (with Injury),2017,7,31,0,8,DUNSMUIR ST / SEYMOUR ST,Central Business District,491607.0,5458920.0
Vehicle Collision or Pedestrian Struck (with Injury),2017,10,2,16,18,DUNSMUIR ST / SEYMOUR ST,Central Business District,491607.0,5458920.0
Vehicle Collision or Pedestrian Struck (with Injury),2017,8,29,16,12,E 10TH AVE / CLARK DR,Mount Pleasant,494353.0,5456519.0
Vehicle Collision or Pedestrian Struck (with Injury),2017,10,21,15,55,E 10TH AVE / COMMERCIAL DR,Kensington-Cedar Cottage,494920.0,5456517.0
Vehicle Collision or Pedestrian Struck (with Injury),2017,9,30,23,2,E 11TH AVE / KINGSWAY AVE,Mount Pleasant,492886.0,5456483.0
Vehicle Collision or Pedestrian Struck (with Injury),2017,1,18,19,45,E 11TH AVE / SKEENA ST,Renfrew-Collingwood,497925.0,5456371.0
Vehicle Collision or Pedestrian Struck (with Injury),2017,3,23,8,25,E 12TH AVE / CLARK DR,Mount Pleasant,494355.0,5456321.0
Vehicle Collision or Pedestrian Struck (with Injury),2017,4,17,9,24,E 12TH AVE / CLARK DR,Mount Pleasant,494355.0,5456321.0
Vehicle Collision or Pedestrian Struck (with Injury),2017,12,17,20,23,E 12TH AVE / CLARK DR,Kensington-Cedar Cottage,494362.0,5456321.0
Vehicle Collision or Pedestrian Struck (with Injury),2017,10,20,20,8,E 12TH AVE / COMMERCIAL DR,Kensington-Cedar Cottage,494917.0,5456315.0
Vehicle Collision or Pedestrian Struck (with Injury),2017,8,22,12,37,E 12TH AVE / FRASER ST,Mount Pleasant,493510.0,5456333.0
Vehicle Collision or Pedestrian Struck (with Injury),2017,8,4,17,9,E 12TH AVE / GUELPH ST,Mount Pleasant,493088.0,5456339.0
Vehicle Collision or Pedestrian Struck (with Injury),2017,5,16,17,39,E 12TH AVE / KINGSWAY AVE,Mount Pleasant,492973.0,5456350.0
Vehicle Collision or Pedestrian Struck (with Injury),2017,3,11,16,13,E 12TH AVE / LAKEWOOD DR,Kensington-Cedar Cottage,495483.0,5456308.0
Vehicle Collision or Pedestrian Struck (with Injury),2017,12,2,18,4,E 12TH AVE / MAIN ST,Mount Pleasant,492650.0,5456385.0
Vehicle Collision or Pedestrian Struck (with Injury),2017,5,11,22,0,E 12TH AVE / QUEBEC ST,Mount Pleasant,492499.0,5456390.0
Vehicle Collision or Pedestrian Struck (with Injury),2017,6,18,15,31,E 12TH AVE / SOPHIA ST,Mount Pleasant,492847.0,5456385.0
Vehicle Collision or Pedestrian Struck (with Injury),2017,7,1,6,54,E 12TH AVE / SOPHIA ST,Mount Pleasant,492847.0,5456385.0
Vehicle Collision or Pedestrian Struck (with Injury),2017,1,23,8,7,E 13TH AVE / QUEBEC ST,Mount Pleasant,492494.0,5456290.0
Vehicle Collision or Pedestrian Struck (with Injury),2017,2,8,21,23,E 14TH AVE / KNIGHT ST,Kensington-Cedar Cottage,494402.0,5456119.0
Vehicle Collision or Pedestrian Struck (with Injury),2017,10,5,19,29,E 15TH AVE / NANAIMO ST,Kensington-Cedar Cottage,495880.0,5455999.0
Vehicle Collision or Pedestrian Struck (with Injury),2017,9,4,12,0,E 16TH AVE / MAIN ST,Riley Park,492633.0,5455984.0
Vehicle Collision or Pedestrian Struck (with Injury),2017,11,22,13,35,E 16TH AVE / MAIN ST,Riley Park,492633.0,5455984.0
Vehicle Collision or Pedestrian Struck (with Injury),2017,1,31,15,6,E 16TH AVE / PRINCE EDWARD ST,Riley Park,492979.0,5455976.0
Vehicle Collision or Pedestrian Struck (with Injury),2017,2,18,7,50,E 17TH AVE / MAIN ST,Riley Park,492630.0,5455884.0
Vehicle Collision or Pedestrian Struck (with Injury),2017,5,27,6,52,E 17TH AVE / RUPERT ST,Renfrew-Collingwood,497536.0,5455774.0
Vehicle Collision or Pedestrian Struck (with Injury),2017,4,10,6,0,E 18TH AVE / PRINCE ALBERT ST,Kensington-Cedar Cottage,493627.0,5455760.0
Vehicle Collision or Pedestrian Struck (with Injury),2017,3,5,12,50,E 19TH AVE / KNIGHT ST,Kensington-Cedar Cottage,494469.0,5455638.0
Vehicle Collision or Pedestrian Struck (with Injury),2017,7,9,11,43,E 1ST AVE / BOUNDARY RD,Hastings-Sunrise,498293.0,5457403.0
Vehicle Collision or Pedestrian Struck (with Injury),2017,12,14,17,46,E 1ST AVE / BOUNDARY RD,Hastings-Sunrise,498293.0,5457403.0
Vehicle Collision or Pedestrian Struck (with Injury),2017,4,25,13,38,E 1ST AVE / CLARK DR,Strathcona,494371.0,5457434.0
Vehicle Collision or Pedestrian Struck (with Injury),2017,9,30,16,13,E 1ST AVE / CLARK DR,Strathcona,494371.0,5457434.0
Vehicle Collision or Pedestrian Struck (with Injury),2017,3,9,23,49,E 1ST AVE / COMMERCIAL DR,Grandview-Woodland,494931.0,5457427.0
Vehicle Collision or Pedestrian Struck (with Injury),2017,4,18,10,42,E 1ST AVE / COMMERCIAL DR,Grandview-Woodland,494931.0,5457427.0
Vehicle Collision or Pedestrian Struck (with Injury),2017,1,9,21,17,E 1ST AVE / MCLEAN DR,Grandview-Woodland,494513.0,5457433.0
Vehicle Collision or Pedestrian Struck (with Injury),2017,7,2,23,24,E 1ST AVE / MCLEAN DR,Grandview-Woodland,494513.0,5457433.0
Vehicle Collision or Pedestrian Struck (with Injury),2017,2,25,1,10,E 1ST AVE / NANAIMO ST,Grandview-Woodland,495881.0,5457406.0
Vehicle Collision or Pedestrian Struck (with Injury),2017,10,24,21,48,E 1ST AVE / NANAIMO ST,Grandview-Woodland,495882.0,5457422.0
Vehicle Collision or Pedestrian Struck (with Injury),2017,12,9,9,25,E 1ST AVE / RENFREW ST,Hastings-Sunrise,496782.0,5457402.0
Vehicle Collision or Pedestrian Struck (with Injury),2017,10,22,0,22,E 1ST AVE / RUPERT ST,Hastings-Sunrise,497540.0,5457400.0
Vehicle Collision or Pedestrian Struck (with Injury),2017,12,2,22,23,E 1ST AVE / WOODLAND DR,Grandview-Woodland,494653.0,5457431.0
Vehicle Collision or Pedestrian Struck (with Injury),2017,6,11,19,47,E 22ND AVE / RENFREW ST,Renfrew-Collingwood,496786.0,5455323.0
Vehicle Collision or Pedestrian Struck (with Injury),2017,7,16,9,24,E 22ND AVE / RENFREW ST,Renfrew-Collingwood,496786.0,5455323.0
Vehicle Collision or Pedestrian Struck (with Injury),2017,8,3,20,12,E 22ND AVE / RENFREW ST,Renfrew-Collingwood,496786.0,5455323.0
Vehicle Collision or Pedestrian Struck (with Injury),2017,3,28,17,6,E 24TH AVE / PENTICTON ST,Renfrew-Collingwood,496198.0,5455118.0
Vehicle Collision or Pedestrian Struck (with Injury),2017,12,13,10,20,E 25TH AVE / VICTORIA DR,Kensington-Cedar Cottage,495263.0,5455083.0
Vehicle Collision or Pedestrian Struck (with Injury),2017,9,28,16,15,E 27TH AVE / FRASER ST,Riley Park,493435.0,5454875.0
Vehicle Collision or Pedestrian Struck (with Injury),2017,6,5,20,52,E 27TH AVE / WINDERMERE ST,Renfrew-Collingwood,497333.0,5454832.0
Vehicle Collision or Pedestrian Struck (with Injury),2017,12,28,19,59,E 28TH AVE / FRASER ST,Riley Park,493434.0,5454756.0
Vehicle Collision or Pedestrian Struck (with Injury),2017,1,24,21,7,E 29TH AVE / RUPERT ST,Renfrew-Collingwood,497518.0,5454638.0
Vehicle Collision or Pedestrian Struck (with Injury),2017,7,25,9,23,E 29TH AVE / SLOCAN ST,Renfrew-Collingwood,496386.0,5454650.0
Vehicle Collision or Pedestrian Struck (with Injury),2017,8,26,18,55,E 29TH AVE / SLOCAN ST,Renfrew-Collingwood,496386.0,5454650.0
Vehicle Collision or Pedestrian Struck (with Injury),2017,3,8,6,19,E 2ND AVE / CLARK DR,Strathcona,494370.0,5457335.0
Vehicle Collision or Pedestrian Struck (with Injury),2017,3,31,0,35,E 2ND AVE / QUEBEC ST,Mount Pleasant,492527.0,5457382.0
Vehicle Collision or Pedestrian Struck (with Injury),2017,6,3,15,5,E 2ND AVE / TEMPLETON DR,Grandview-Woodland,495637.0,5457319.0
Vehicle Collision or Pedestrian Struck (with Injury),2017,12,30,13,50,E 30TH AVE / BALDWIN ST,Kensington-Cedar Cottage,495622.0,5454306.0
Vehicle Collision or Pedestrian Struck (with Injury),2017,3,19,13,8,E 32ND AVE / VICTORIA DR,Kensington-Cedar Cottage,495246.0,5454307.0
Vehicle Collision or Pedestrian Struck (with Injury),2017,7,7,15,22,E 33RD AVE / CULLODEN ST,Kensington-Cedar Cottage,494250.0,5454163.0
Vehicle Collision or Pedestrian Struck (with Injury),2017,4,25,21,45,E 33RD AVE / GLADSTONE ST,Kensington-Cedar Cottage,495422.0,5454114.0
Vehicle Collision or Pedestrian Struck (with Injury),2017,11,5,12,1,E 33RD AVE / GLADSTONE ST,Kensington-Cedar Cottage,495422.0,5454114.0
Vehicle Collision or Pedestrian Struck (with Injury),2017,12,1,18,24,E 33RD AVE / GLADSTONE ST,Kensington-Cedar Cottage,495422.0,5454114.0
Vehicle Collision or Pedestrian Struck (with Injury),2017,1,28,18,44,E 33RD AVE / KNIGHT ST,Kensington-Cedar Cottage,494441.0,5454162.0
Vehicle Collision or Pedestrian Struck (with Injury),2017,9,28,9,22,E 33RD AVE / MAIN ST,Riley Park,492614.0,5454196.0
Vehicle Collision or Pedestrian Struck (with Injury),2017,7,30,13,0,E 33RD AVE / ONTARIO ST,Riley Park,492330.0,5454205.0
Vehicle Collision or Pedestrian Struck (with Injury),2017,6,13,21,55,E 33RD AVE / VICTORIA DR,Kensington-Cedar Cottage,495241.0,5454144.0
Vehicle Collision or Pedestrian Struck (with Injury),2017,9,27,18,32,E 33RD AVE / VICTORIA DR,Kensington-Cedar Cottage,495241.0,5454144.0
Vehicle Collision or Pedestrian Struck (with Injury),2017,12,18,15,21,E 37TH AVE / COMMERCIAL ST,Kensington-Cedar Cottage,495004.0,5453774.0
Vehicle Collision or Pedestrian Struck (with Injury),2017,6,2,17,9,E 37TH AVE / KNIGHT ST,Kensington-Cedar Cottage,494401.0,5453787.0
Vehicle Collision or Pedestrian Struck (with Injury),2017,5,5,10,52,E 39TH AVE / FRASER ST,Riley Park,493409.0,5453558.0
Vehicle Collision or Pedestrian Struck (with Injury),2017,7,23,15,8,E 39TH AVE / ROSS ST,Kensington-Cedar Cottage,493992.0,5453546.0
Vehicle Collision or Pedestrian Struck (with Injury),2017,1,8,16,35,E 39TH AVE / VICTORIA DR,Kensington-Cedar Cottage,495232.0,5453525.0
Vehicle Collision or Pedestrian Struck (with Injury),2017,2,1,10,3,E 3RD AVE / CLARK DR,Strathcona,494370.0,5457234.0
Vehicle Collision or Pedestrian Struck (with Injury),2017,11,12,17,12,E 3RD AVE / NANAIMO ST,Grandview-Woodland,495877.0,5457210.0
Vehicle Collision or Pedestrian Struck (with Injury),2017,10,7,15,12,E 41ST AVE / BRUCE ST,Victoria-Fraserview,494895.0,5453317.0
Vehicle Collision or Pedestrian Struck (with Injury),2017,3,14,18,37,E 41ST AVE / CLARENDON ST,Victoria-Fraserview,495960.0,5453338.0
Vehicle Collision or Pedestrian Struck (with Injury),2017,5,17,9,5,E 41ST AVE / CLARENDON ST,Victoria-Fraserview,495960.0,5453338.0
Vehicle Collision or Pedestrian Struck (with Injury),2017,3,9,18,29,E 41ST AVE / EARLES ST,Victoria-Fraserview,496448.0,5453332.0
Vehicle Collision or Pedestrian Struck (with Injury),2017,10,25,14,0,E 41ST AVE / EARLES ST,Victoria-Fraserview,496448.0,5453332.0
Vehicle Collision or Pedestrian Struck (with Injury),2017,8,12,8,23,E 41ST AVE / FLEMING ST,Victoria-Fraserview,494692.0,5453322.0
Vehicle Collision or Pedestrian Struck (with Injury),2017,9,2,1,27,E 41ST AVE / GLADSTONE ST,Victoria-Fraserview,495478.0,5453349.0
Vehicle Collision or Pedestrian Struck (with Injury),2017,1,26,20,8,E 41ST AVE / MAIN ST,Sunset,492609.0,5453363.0
Vehicle Collision or Pedestrian Struck (with Injury),2017,7,11,22,18,E 41ST AVE / MAIN ST,Sunset,492609.0,5453363.0
Vehicle Collision or Pedestrian Struck (with Injury),2017,7,31,21,5,E 41ST AVE / WINDSOR ST,Kensington-Cedar Cottage,493823.0,5453343.0
Vehicle Collision or Pedestrian Struck (with Injury),2017,8,17,7,21,E 43RD AVE / MCKINNON ST,Killarney,497176.0,5453152.0
Vehicle Collision or Pedestrian Struck (with Injury),2017,10,16,18,14,E 45TH AVE / PRINCE ALBERT ST,Sunset,493599.0,5452930.0
Vehicle Collision or Pedestrian Struck (with Injury),2017,5,3,10,50,E 47TH AVE / KNIGHT ST,Sunset,494376.0,5452766.0
Vehicle Collision or Pedestrian Struck (with Injury),2017,11,12,21,0,E 49TH AVE / FRASER ST,Sunset,493395.0,5452521.0
Vehicle Collision or Pedestrian Struck (with Injury),2017,1,31,9,9,E 49TH AVE / KERR ST,Killarney,497011.0,5452437.0
Vehicle Collision or Pedestrian Struck (with Injury),2017,4,4,23,12,E 49TH AVE / KNIGHT ST,Sunset,494369.0,5452502.0
Vehicle Collision or Pedestrian Struck (with Injury),2017,10,17,14,42,E 49TH AVE / KNIGHT ST,Sunset,494369.0,5452502.0
Vehicle Collision or Pedestrian Struck (with Injury),2017,12,28,9,30,E 49TH AVE / KNIGHT ST,Sunset,494369.0,5452502.0
Vehicle Collision or Pedestrian Struck (with Injury),2017,11,6,12,27,E 49TH AVE / MCKINNON ST,Killarney,497172.0,5452435.0
Vehicle Collision or Pedestrian Struck (with Injury),2017,3,20,15,35,E 49TH AVE / QUEBEC ST,Sunset,492441.0,5452550.0
Vehicle Collision or Pedestrian Struck (with Injury),2017,10,1,15,7,E 49TH AVE / SOPHIA ST,Sunset,492751.0,5452542.0
Vehicle Collision or Pedestrian Struck (with Injury),2017,11,6,18,30,E 49TH AVE / ST CATHERINES ST,Sunset,493692.0,5452517.0
Vehicle Collision or Pedestrian Struck (with Injury),2017,6,15,21,33,E 4TH AVE / ONTARIO ST,Mount Pleasant,492381.0,5457184.0
Vehicle Collision or Pedestrian Struck (with Injury),2017,9,23,21,44,E 50TH AVE / FRASER ST,Sunset,493388.0,5452418.0
Vehicle Collision or Pedestrian Struck (with Injury),2017,10,25,18,46,E 50TH AVE / FRASER ST,Sunset,493388.0,5452418.0
Vehicle Collision or Pedestrian Struck (with Injury),2017,3,31,11,39,E 51ST AVE / FRASER ST,Sunset,493385.0,5452313.0
Vehicle Collision or Pedestrian Struck (with Injury),2017,10,6,16,19,E 52ND AVE / KERR ST,Killarney,496999.0,5452104.0
Vehicle Collision or Pedestrian Struck (with Injury),2017,4,12,21,42,E 53RD AVE / KNIGHT ST,Sunset,494358.0,5452115.0
Vehicle Collision or Pedestrian Struck (with Injury),2017,7,24,23,5,E 53RD AVE / MAIN ST,Sunset,492590.0,5452133.0
Vehicle Collision or Pedestrian Struck (with Injury),2017,10,10,20,38,E 54TH AVE / VICTORIA DR,Victoria-Fraserview,495203.0,5451944.0
Vehicle Collision or Pedestrian Struck (with Injury),2017,8,18,14,5,E 57TH AVE / KNIGHT ST,Sunset,494388.0,5451707.0
Vehicle Collision or Pedestrian Struck (with Injury),2017,11,22,11,15,E 58TH AVE / PRINCE ALBERT ST,Sunset,493603.0,5451623.0
Vehicle Collision or Pedestrian Struck (with Injury),2017,10,26,16,25,E 59TH AVE / KNIGHT ST,Sunset,494388.0,5451513.0
Vehicle Collision or Pedestrian Struck (with Injury),2017,6,21,18,11,E 5TH AVE / MAIN ST,Mount Pleasant,492661.0,5457079.0
Vehicle Collision or Pedestrian Struck (with Injury),2017,12,14,10,28,E 5TH AVE / MAIN ST,Mount Pleasant,492661.0,5457079.0
Vehicle Collision or Pedestrian Struck (with Injury),2017,1,27,8,54,E 60TH AVE / KNIGHT ST,Sunset,494387.0,5451412.0
Vehicle Collision or Pedestrian Struck (with Injury),2017,12,1,7,25,E 62ND AVE / FRASER ST,Sunset,493367.0,5451267.0
Vehicle Collision or Pedestrian Struck (with Injury),2017,6,7,16,26,E 69TH AVE / ONTARIO ST,Marpole,492226.0,5450744.0
Vehicle Collision or Pedestrian Struck (with Injury),2017,4,21,13,45,E 6TH AVE / KEITH DR,Mount Pleasant,494223.0,5456940.0
Vehicle Collision or Pedestrian Struck (with Injury),2017,7,12,19,42,E 6TH AVE / SCOTIA ST,Mount Pleasant,492807.0,5456971.0
Vehicle Collision or Pedestrian Struck (with Injury),2017,10,12,11,52,E 7TH AVE / COMMERCIAL DR,Grandview-Woodland,494924.0,5456825.0
Vehicle Collision or Pedestrian Struck (with Injury),2017,1,24,6,39,E 7TH AVE / ONTARIO ST,Mount Pleasant,492373.0,5456884.0
Vehicle Collision or Pedestrian Struck (with Injury),2017,12,13,6,58,E 7TH AVE / ONTARIO ST,Mount Pleasant,492373.0,5456884.0
Vehicle Collision or Pedestrian Struck (with Injury),2017,10,10,12,28,E 7TH AVE / QUEBEC ST,Mount Pleasant,492513.0,5456879.0
Vehicle Collision or Pedestrian Struck (with Injury),2017,10,13,10,33,E 8TH AVE / NOOTKA ST,Hastings-Sunrise,496976.0,5456685.0
Vehicle Collision or Pedestrian Struck (with Injury),2017,3,22,15,48,E BROADWAY AVE / BRUNSWICK ST,Mount Pleasant,492941.0,5456673.0
Vehicle Collision or Pedestrian Struck (with Injury),2017,2,17,20,47,E BROADWAY AVE / CLARK DR,Kensington-Cedar Cottage,494362.0,5456628.0
Vehicle Collision or Pedestrian Struck (with Injury),2017,1,3,8,32,E BROADWAY AVE / GARDEN DR,Kensington-Cedar Cottage,495768.0,5456610.0
Vehicle Collision or Pedestrian Struck (with Injury),2017,4,11,8,20,E BROADWAY AVE / GUELPH ST,Mount Pleasant,493091.0,5456643.0
Vehicle Collision or Pedestrian Struck (with Injury),2017,6,27,12,34,E BROADWAY AVE / GUELPH ST,Mount Pleasant,493091.0,5456643.0
Vehicle Collision or Pedestrian Struck (with Injury),2017,3,29,11,8,E BROADWAY AVE / NANAIMO ST,Kensington-Cedar Cottage,495882.0,5456597.0
Vehicle Collision or Pedestrian Struck (with Injury),2017,6,27,16,6,E BROADWAY AVE / ONTARIO ST,Mount Pleasant,492368.0,5456699.0
Vehicle Collision or Pedestrian Struck (with Injury),2017,9,15,7,15,E BROADWAY AVE / ONTARIO ST,Mount Pleasant,492368.0,5456699.0
Vehicle Collision or Pedestrian Struck (with Injury),2017,3,21,7,0,E BROADWAY AVE / RUPERT ST,Renfrew-Collingwood,497539.0,5456571.0
Vehicle Collision or Pedestrian Struck (with Injury),2017,4,8,7,16,E BROADWAY AVE / RUPERT ST,Renfrew-Collingwood,497551.0,5456571.0
Vehicle Collision or Pedestrian Struck (with Injury),2017,5,13,14,7,E BROADWAY AVE / SLOCAN ST,Renfrew-Collingwood,496392.0,5456583.0
Vehicle Collision or Pedestrian Struck (with Injury),2017,9,1,18,19,E BROADWAY AVE / SLOCAN ST,Renfrew-Collingwood,496392.0,5456583.0
Vehicle Collision or Pedestrian Struck (with Injury),2017,11,29,14,52,E CORDOVA ST / COLUMBIA ST,Central Business District,492565.0,5458848.0
Vehicle Collision or Pedestrian Struck (with Injury),2017,9,20,6,30,E HASTINGS ST / CASSIAR CONN,Hastings-Sunrise,497695.0,5458716.0
Vehicle Collision or Pedestrian Struck (with Injury),2017,3,12,3,28,E HASTINGS ST / CLARK DR,Strathcona,494392.0,5458735.0
Vehicle Collision or Pedestrian Struck (with Injury),2017,5,13,16,25,E HASTINGS ST / CLARK DR,Strathcona,494392.0,5458735.0
Vehicle Collision or Pedestrian Struck (with Injury),2017,10,8,18,0,E HASTINGS ST / CLARK DR,Strathcona,494392.0,5458735.0
Vehicle Collision or Pedestrian Struck (with Injury),2017,7,27,19,46,E HASTINGS ST / COMMERCIAL DR,Grandview-Woodland,494879.0,5458723.0
Vehicle Collision or Pedestrian Struck (with Injury),2017,10,19,19,10,E HASTINGS ST / COMMERCIAL DR,Grandview-Woodland,494879.0,5458723.0
Vehicle Collision or Pedestrian Struck (with Injury),2017,11,24,12,0,E HASTINGS ST / COMMERCIAL DR,Grandview-Woodland,494879.0,5458723.0
Vehicle Collision or Pedestrian Struck (with Injury),2017,12,29,0,5,E HASTINGS ST / COMMERCIAL DR,Grandview-Woodland,494879.0,5458723.0
Vehicle Collision or Pedestrian Struck (with Injury),2017,4,28,7,6,E HASTINGS ST / DUNLEVY AVE,Strathcona,493061.0,5458728.0
Vehicle Collision or Pedestrian Struck (with Injury),2017,3,20,16,34,E HASTINGS ST / GARDEN DR,Grandview-Woodland,495793.0,5458714.0
Vehicle Collision or Pedestrian Struck (with Injury),2017,3,26,1,35,E HASTINGS ST / GLEN DR,Strathcona,494086.0,5458693.0
Vehicle Collision or Pedestrian Struck (with Injury),2017,11,11,18,34,E HASTINGS ST / JACKSON AVE,Strathcona,493205.0,5458724.0
Vehicle Collision or Pedestrian Struck (with Injury),2017,11,21,8,2,E HASTINGS ST / JACKSON AVE,Strathcona,493205.0,5458724.0
Vehicle Collision or Pedestrian Struck (with Injury),2017,2,26,4,47,E HASTINGS ST / KAMLOOPS ST,Hastings-Sunrise,496030.0,5458713.0
Vehicle Collision or Pedestrian Struck (with Injury),2017,9,2,22,43,E HASTINGS ST / LAKEWOOD DR,Grandview-Woodland,495513.0,5458715.0
Vehicle Collision or Pedestrian Struck (with Injury),2017,4,15,22,27,E HASTINGS ST / PRINCESS AVE,Strathcona,493347.0,5458719.0
Vehicle Collision or Pedestrian Struck (with Injury),2017,5,18,22,26,E HASTINGS ST / SKEENA ST,Hastings-Sunrise,497939.0,5458709.0
Vehicle Collision or Pedestrian Struck (with Injury),2017,8,17,17,30,E HASTINGS ST / TEMPLETON DR,Grandview-Woodland,495653.0,5458715.0
Vehicle Collision or Pedestrian Struck (with Injury),2017,5,23,8,5,E HASTINGS ST / VICTORIA DR,Grandview-Woodland,495230.0,5458719.0
Vehicle Collision or Pedestrian Struck (with Injury),2017,8,28,22,30,E HASTINGS ST / VICTORIA DR,Grandview-Woodland,495230.0,5458719.0
Vehicle Collision or Pedestrian Struck (with Injury),2017,6,25,10,33,E HASTINGS ST / WINDERMERE ST,Hastings-Sunrise,497368.0,5458712.0
Vehicle Collision or Pedestrian Struck (with Injury),2017,1,20,23,9,E HASTINGS ST ONRP / CASSIAR CONN,Hastings-Sunrise,497718.0,5458995.0
Vehicle Collision or Pedestrian Struck (with Injury),2017,9,26,7,30,E KENT AVE N / ONTARIO ST,Sunset,492217.0,5450457.0
Vehicle Collision or Pedestrian Struck (with Injury),2017,3,14,11,52,E KING EDWARD AVE / KINGSWAY AVE,Kensington-Cedar Cottage,494737.0,5455082.0
Vehicle Collision or Pedestrian Struck (with Injury),2017,3,14,7,15,E KING EDWARD AVE / KNIGHT ST,Kensington-Cedar Cottage,494470.0,5455085.0
Vehicle Collision or Pedestrian Struck (with Injury),2017,3,20,22,15,E KING EDWARD AVE / KNIGHT ST,Kensington-Cedar Cottage,494470.0,5455085.0
Vehicle Collision or Pedestrian Struck (with Injury),2017,3,21,9,12,E KING EDWARD AVE / MAIN ST,Riley Park,492644.0,5455116.0
Vehicle Collision or Pedestrian Struck (with Injury),2017,10,11,11,37,E PENDER ST / BOUNDARY RD,Hastings-Sunrise,498281.0,5458608.0
Vehicle Collision or Pedestrian Struck (with Injury),2017,3,18,1,58,E PENDER ST / MAIN ST,Central Business District,492748.0,5458629.0
Vehicle Collision or Pedestrian Struck (with Injury),2017,1,19,16,41,ELLIOTT ST / E 48TH AVE,Victoria-Fraserview,496018.0,5452573.0
Vehicle Collision or Pedestrian Struck (with Injury),2017,11,9,17,12,ELLIOTT ST / E 48TH AVE,Victoria-Fraserview,496018.0,5452573.0
Vehicle Collision or Pedestrian Struck (with Injury),2017,2,12,14,19,ELLIOTT ST / E 54TH AVE,Victoria-Fraserview,496004.0,5451934.0
Vehicle Collision or Pedestrian Struck (with Injury),2017,9,3,11,24,ELLIOTT ST / SE MARINE DR,Victoria-Fraserview,495861.0,5450476.0
Vehicle Collision or Pedestrian Struck (with Injury),2017,10,16,18,59,EUCLID AVE / JOYCE ST,Renfrew-Collingwood,497552.0,5453739.0
Vehicle Collision or Pedestrian Struck (with Injury),2017,2,25,16,4,EUCLID AVE / RUPERT ST,Renfrew-Collingwood,497120.0,5454006.0
Vehicle Collision or Pedestrian Struck (with Injury),2017,7,5,6,36,EXPO BLVD / ABBOTT ST,Central Business District,492170.0,5458437.0
Vehicle Collision or Pedestrian Struck (with Injury),2017,7,22,18,26,EXPO BLVD / ABBOTT ST,Central Business District,492170.0,5458437.0
Vehicle Collision or Pedestrian Struck (with Injury),2017,10,5,23,54,EXPO BLVD / CAMBIE ST,Central Business District,491329.0,5457991.0
Vehicle Collision or Pedestrian Struck (with Injury),2017,4,21,19,8,EXPO BLVD / NELSON ST,Central Business District,491563.0,5458020.0
Vehicle Collision or Pedestrian Struck (with Injury),2017,11,29,15,5,FIR ST / W 11TH AVE,Fairview,489733.0,5456562.0
Vehicle Collision or Pedestrian Struck (with Injury),2017,3,16,16,19,FIR ST / W 13TH AVE,Fairview,489727.0,5456352.0
Vehicle Collision or Pedestrian Struck (with Injury),2017,4,16,13,47,FIR ST / W 3RD AVE,Fairview,489756.0,5457349.0
Vehicle Collision or Pedestrian Struck (with Injury),2017,4,4,8,35,FIR ST / W 6TH AVE,Fairview,489746.0,5457060.0
Vehicle Collision or Pedestrian Struck (with Injury),2017,5,31,7,48,FOSTER AVE / LINCOLN ST,Renfrew-Collingwood,498112.0,5453483.0
Vehicle Collision or Pedestrian Struck (with Injury),2017,2,13,16,4,FRASER ST / E 12TH AVE,Mount Pleasant,493510.0,5456333.0
Vehicle Collision or Pedestrian Struck (with Injury),2017,5,28,3,7,FRASER ST / E 12TH AVE,Mount Pleasant,493510.0,5456333.0
Vehicle Collision or Pedestrian Struck (with Injury),2017,9,2,5,57,FRASER ST / E 12TH AVE,Mount Pleasant,493510.0,5456333.0
Vehicle Collision or Pedestrian Struck (with Injury),2017,9,13,5,19,FRASER ST / E 12TH AVE,Mount Pleasant,493510.0,5456333.0
Vehicle Collision or Pedestrian Struck (with Injury),2017,10,5,18,41,FRASER ST / E 17TH AVE,Riley Park,493457.0,5455866.0
Vehicle Collision or Pedestrian Struck (with Injury),2017,12,17,13,3,FRASER ST / E 17TH AVE,Riley Park,493457.0,5455866.0
Vehicle Collision or Pedestrian Struck (with Injury),2017,9,25,18,22,FRASER ST / E 18TH AVE,Riley Park,493454.0,5455766.0
Vehicle Collision or Pedestrian Struck (with Injury),2017,1,16,8,26,FRASER ST / E 21ST AVE,Riley Park,493446.0,5455462.0
Vehicle Collision or Pedestrian Struck (with Injury),2017,5,17,15,32,FRASER ST / E 39TH AVE,Riley Park,493409.0,5453558.0
Vehicle Collision or Pedestrian Struck (with Injury),2017,10,14,20,5,FRASER ST / E 41ST AVE,Sunset,493407.0,5453341.0
Vehicle Collision or Pedestrian Struck (with Injury),2017,11,16,22,12,FRASER ST / E 41ST AVE,Sunset,493407.0,5453341.0
Vehicle Collision or Pedestrian Struck (with Injury),2017,11,22,19,25,FRASER ST / E 41ST AVE,Sunset,493407.0,5453341.0
Vehicle Collision or Pedestrian Struck (with Injury),2017,9,9,20,45,FRASER ST / E 49TH AVE,Sunset,493395.0,5452521.0
Vehicle Collision or Pedestrian Struck (with Injury),2017,8,3,11,53,FRASER ST / E 50TH AVE,Sunset,493388.0,5452418.0
Vehicle Collision or Pedestrian Struck (with Injury),2017,2,1,16,5,FRASER ST / E 51ST AVE,Sunset,493385.0,5452313.0
Vehicle Collision or Pedestrian Struck (with Injury),2017,10,18,11,28,FRASER ST / E 51ST AVE,Sunset,493385.0,5452313.0
Vehicle Collision or Pedestrian Struck (with Injury),2017,1,10,11,27,FRASER ST / E 54TH AVE,Sunset,493381.0,5451988.0
Vehicle Collision or Pedestrian Struck (with Injury),2017,10,27,9,12,FRASER ST / E 57TH AVE,Sunset,493377.0,5451724.0
Vehicle Collision or Pedestrian Struck (with Injury),2017,5,27,21,15,FRASER ST / E BROADWAY AVE,Mount Pleasant,493514.0,5456639.0
Vehicle Collision or Pedestrian Struck (with Injury),2017,5,16,15,29,FRASER ST / E KENT AVE S,Sunset,493358.0,5450571.0
Vehicle Collision or Pedestrian Struck (with Injury),2017,1,17,18,50,FRASER ST / E KING EDWARD AVE,Riley Park,493438.0,5455102.0
Vehicle Collision or Pedestrian Struck (with Injury),2017,5,14,14,32,FRASER ST / E KING EDWARD AVE,Riley Park,493438.0,5455102.0
Vehicle Collision or Pedestrian Struck (with Injury),2017,12,13,7,30,FRASER ST / E KING EDWARD AVE,Riley Park,493438.0,5455102.0
Vehicle Collision or Pedestrian Struck (with Injury),2017,9,12,8,19,FRASER ST / KINGSWAY AVE,Mount Pleasant,493466.0,5455995.0
Vehicle Collision or Pedestrian Struck (with Injury),2017,8,26,16,28,FRASER ST / SE MARINE DR,Sunset,493362.0,5450924.0
Vehicle Collision or Pedestrian Struck (with Injury),2017,10,28,9,30,FRASER ST / SE MARINE DR,Sunset,493362.0,5450924.0
Vehicle Collision or Pedestrian Struck (with Injury),2017,11,2,9,20,FRASER ST / SE MARINE DR,Sunset,493362.0,5450924.0
Vehicle Collision or Pedestrian Struck (with Injury),2017,5,29,19,37,FREMLIN ST / W 70TH AVE,Marpole,490712.0,5450634.0
Vehicle Collision or Pedestrian Struck (with Injury),2017,1,30,8,43,GLADSTONE ST / E 28TH AVE,Kensington-Cedar Cottage,495600.0,5454782.0
Vehicle Collision or Pedestrian Struck (with Injury),2017,5,16,16,53,GLEN DR / E 6TH AVE,Mount Pleasant,494084.0,5456945.0
Vehicle Collision or Pedestrian Struck (with Injury),2017,5,26,1,30,GLEN DR / VENABLES ST,Strathcona,494080.0,5458232.0
Vehicle Collision or Pedestrian Struck (with Injury),2017,9,29,12,9,GORE AVE / E CORDOVA ST,Strathcona,492902.0,5458837.0
Vehicle Collision or Pedestrian Struck (with Injury),2017,12,27,8,0,GORE AVE / KEEFER ST,Strathcona,492931.0,5458524.0
Vehicle Collision or Pedestrian Struck (with Injury),2017,11,1,18,54,GORE AVE / UNION ST,Strathcona,492947.0,5458322.0
Vehicle Collision or Pedestrian Struck (with Injury),2017,8,4,7,33,GRANDVIEW HWY / RENFREW ST,Renfrew-Collingwood,496784.0,5456159.0
Vehicle Collision or Pedestrian Struck (with Injury),2017,1,19,11,57,GRANDVIEW HWY / RUPERT ST,Renfrew-Collingwood,497535.0,5456151.0
Vehicle Collision or Pedestrian Struck (with Injury),2017,2,20,6,45,GRANDVIEW HWY / RUPERT ST,Renfrew-Collingwood,497535.0,5456151.0
Vehicle Collision or Pedestrian Struck (with Injury),2017,4,9,9,25,GRANDVIEW HWY / RUPERT ST,Renfrew-Collingwood,497535.0,5456151.0
Vehicle Collision or Pedestrian Struck (with Injury),2017,8,17,9,23,GRANDVIEW HWY / RUPERT ST,Renfrew-Collingwood,497535.0,5456151.0
Vehicle Collision or Pedestrian Struck (with Injury),2017,11,22,13,54,GRANDVIEW HWY / RUPERT ST,Renfrew-Collingwood,497535.0,5456151.0
Vehicle Collision or Pedestrian Struck (with Injury),2017,11,9,20,38,GRANDVIEW HWY S / PENTICTON ST,Renfrew-Collingwood,496146.0,5456083.0
Vehicle Collision or Pedestrian Struck (with Injury),2017,12,9,11,10,GRANDVIEW HWY S / TEMPLETON DR,Kensington-Cedar Cottage,495620.0,5456260.0
Vehicle Collision or Pedestrian Struck (with Injury),2017,1,3,12,50,GRANVILLE ST / BALFOUR AVE,Shaughnessy,489882.0,5455468.0
Vehicle Collision or Pedestrian Struck (with Injury),2017,7,25,22,57,GRANVILLE ST / DAVIE ST,Central Business District,490821.0,5458274.0
Vehicle Collision or Pedestrian Struck (with Injury),2017,6,6,18,40,GRANVILLE ST / DRAKE ST,Central Business District,490706.0,5458156.0
Vehicle Collision or Pedestrian Struck (with Injury),2017,12,24,16,41,GRANVILLE ST / DRAKE ST,Central Business District,490706.0,5458156.0
Vehicle Collision or Pedestrian Struck (with Injury),2017,6,4,0,4,GRANVILLE ST / HELMCKEN ST,Central Business District,490936.0,5458390.0
Vehicle Collision or Pedestrian Struck (with Injury),2017,6,25,20,50,GRANVILLE ST / HELMCKEN ST,Central Business District,490936.0,5458390.0
Vehicle Collision or Pedestrian Struck (with Injury),2017,9,14,20,15,GRANVILLE ST / HELMCKEN ST,Central Business District,490936.0,5458390.0
Vehicle Collision or Pedestrian Struck (with Injury),2017,11,27,8,1,GRANVILLE ST / HELMCKEN ST,Central Business District,490936.0,5458390.0
Vehicle Collision or Pedestrian Struck (with Injury),2017,6,20,7,44,GRANVILLE ST / LAURIER AVE,Shaughnessy,489880.0,5455350.0
Vehicle Collision or Pedestrian Struck (with Injury),2017,10,20,11,8,GRANVILLE ST / MATTHEWS AVE,Shaughnessy,489889.0,5455607.0
Vehicle Collision or Pedestrian Struck (with Injury),2017,9,17,8,29,GRANVILLE ST / NELSON ST,Central Business District,491050.0,5458506.0
Vehicle Collision or Pedestrian Struck (with Injury),2017,2,24,1,5,GRANVILLE ST / SMITHE ST,Central Business District,491170.0,5458626.0
Vehicle Collision or Pedestrian Struck (with Injury),2017,11,12,23,35,GRANVILLE ST / SMITHE ST,Central Business District,491170.0,5458626.0
Vehicle Collision or Pedestrian Struck (with Injury),2017,11,10,17,20,GRANVILLE ST / SW MARINE DR,Marpole,489773.0,5450290.0
Vehicle Collision or Pedestrian Struck (with Injury),2017,3,8,18,57,GRANVILLE ST / W 10TH AVE,Fairview,489920.0,5456661.0
Vehicle Collision or Pedestrian Struck (with Injury),2017,9,15,2,26,GRANVILLE ST / W 12TH AVE,Fairview,489908.0,5456457.0
Vehicle Collision or Pedestrian Struck (with Injury),2017,12,31,2,24,GRANVILLE ST / W 12TH AVE,Fairview,489908.0,5456457.0
Vehicle Collision or Pedestrian Struck (with Injury),2017,8,15,8,49,GRANVILLE ST / W 13TH AVE,Fairview,489905.0,5456348.0
Vehicle Collision or Pedestrian Struck (with Injury),2017,7,25,16,41,GRANVILLE ST / W 16TH AVE,Shaughnessy,489900.0,5456041.0
Vehicle Collision or Pedestrian Struck (with Injury),2017,9,20,13,39,GRANVILLE ST / W 16TH AVE,Shaughnessy,489900.0,5456041.0
Vehicle Collision or Pedestrian Struck (with Injury),2017,10,24,18,7,GRANVILLE ST / W 37TH AVE,Shaughnessy,489849.0,5453924.0
Vehicle Collision or Pedestrian Struck (with Injury),2017,8,9,19,49,GRANVILLE ST / W 41ST AVE,Kerrisdale,489835.0,5453516.0
Vehicle Collision or Pedestrian Struck (with Injury),2017,12,2,14,40,GRANVILLE ST / W 45TH AVE,Kerrisdale,489831.0,5453103.0
Vehicle Collision or Pedestrian Struck (with Injury),2017,2,19,3,26,GRANVILLE ST / W 49TH AVE,Kerrisdale,489820.0,5452696.0
Vehicle Collision or Pedestrian Struck (with Injury),2017,11,6,20,1,GRANVILLE ST / W 57TH AVE,Marpole,489795.0,5451847.0
Vehicle Collision or Pedestrian Struck (with Injury),2017,5,17,9,58,GRANVILLE ST / W 58TH AVE,Marpole,489791.0,5451741.0
Vehicle Collision or Pedestrian Struck (with Injury),2017,2,10,17,53,GRANVILLE ST / W 58TH AVE,Marpole,489791.0,5451757.0
Vehicle Collision or Pedestrian Struck (with Injury),2017,1,20,10,34,GRANVILLE ST / W 61ST AVE,Marpole,489784.0,5451468.0
Vehicle Collision or Pedestrian Struck (with Injury),2017,5,10,13,31,GRANVILLE ST / W 6TH AVE,Fairview,489926.0,5457055.0
Vehicle Collision or Pedestrian Struck (with Injury),2017,12,3,0,5,GRANVILLE ST / W 70TH AVE,Marpole,489763.0,5450647.0
Vehicle Collision or Pedestrian Struck (with Injury),2017,2,16,22,56,GRANVILLE ST / W 71ST AVE,Marpole,489759.0,5450484.0
Vehicle Collision or Pedestrian Struck (with Injury),2017,10,24,18,12,GRANVILLE ST / W 71ST AVE,Marpole,489759.0,5450484.0
Vehicle Collision or Pedestrian Struck (with Injury),2017,7,12,17,0,GRANVILLE ST / W 8TH AVE,Fairview,489921.0,5456869.0
Vehicle Collision or Pedestrian Struck (with Injury),2017,10,28,18,30,GRANVILLE ST / W 8TH AVE,Fairview,489921.0,5456869.0
Vehicle Collision or Pedestrian Struck (with Injury),2017,6,11,23,52,GRANVILLE ST / W BROADWAY AVE,Fairview,489918.0,5456767.0
Vehicle Collision or Pedestrian Struck (with Injury),2017,6,15,7,53,GRANVILLE ST / W BROADWAY AVE,Fairview,489918.0,5456767.0
Vehicle Collision or Pedestrian Struck (with Injury),2017,1,2,18,46,GRANVILLE ST / W KING EDWARD AVE,Shaughnessy,489876.0,5455180.0
Vehicle Collision or Pedestrian Struck (with Injury),2017,1,27,14,25,GRANVILLE ST / W KING EDWARD AVE,Shaughnessy,489876.0,5455180.0
Vehicle Collision or Pedestrian Struck (with Injury),2017,3,19,22,57,GRANVILLE ST / W KING EDWARD AVE,Shaughnessy,489876.0,5455180.0
Vehicle Collision or Pedestrian Struck (with Injury),2017,6,5,19,45,GRANVILLE ST / W KING EDWARD AVE,Shaughnessy,489876.0,5455180.0
Vehicle Collision or Pedestrian Struck (with Injury),2017,11,22,3,33,GRANVILLE ST / W KING EDWARD AVE,Shaughnessy,489876.0,5455180.0
Vehicle Collision or Pedestrian Struck (with Injury),2017,12,24,12,7,GRANVILLE ST / W KING EDWARD AVE,Shaughnessy,489876.0,5455180.0
Vehicle Collision or Pedestrian Struck (with Injury),2017,6,6,17,43,GRANVILLE ST / W KING EDWARD AVE,Shaughnessy,489877.0,5455202.0
Vehicle Collision or Pedestrian Struck (with Injury),2017,8,19,21,46,GRANVILLE ST / W KING EDWARD AVE,Shaughnessy,489877.0,5455202.0
Vehicle Collision or Pedestrian Struck (with Injury),2017,4,10,12,32,GRAVELEY ST / NANAIMO ST,Grandview-Woodland,495882.0,5457517.0
Vehicle Collision or Pedestrian Struck (with Injury),2017,2,4,21,18,GREAT NORTHERN WAY / THORNTON ST,Mount Pleasant,493082.0,5457120.0
Vehicle Collision or Pedestrian Struck (with Injury),2017,4,28,1,24,HARO ST / DENMAN ST,West End,490072.0,5459789.0
Vehicle Collision or Pedestrian Struck (with Injury),2017,11,21,14,30,HARO ST / THURLOW ST,West End,490842.0,5459023.0
Vehicle Collision or Pedestrian Struck (with Injury),2017,4,25,8,21,HAWKS AVE / E CORDOVA ST,Strathcona,493664.0,5458814.0
Vehicle Collision or Pedestrian Struck (with Injury),2017,11,23,17,0,HAWKS AVE / E HASTINGS ST,Strathcona,493660.0,5458707.0
Vehicle Collision or Pedestrian Struck (with Injury),2017,1,17,18,22,HEATHER ST / W 33RD AVE,South Cambie,491219.0,5454272.0
Vehicle Collision or Pedestrian Struck (with Injury),2017,6,30,3,42,HEATLEY AVE / PRIOR ST,Strathcona,493472.0,5458207.0
Vehicle Collision or Pedestrian Struck (with Injury),2017,9,10,2,6,HELMCKEN ST / GRANVILLE ST,Central Business District,490936.0,5458390.0
Vehicle Collision or Pedestrian Struck (with Injury),2017,12,7,8,56,HELMCKEN ST / HAMILTON ST,Central Business District,491193.0,5458136.0
Vehicle Collision or Pedestrian Struck (with Injury),2017,10,8,17,10,HELMCKEN ST / RICHARDS ST,Central Business District,491077.0,5458250.0
Vehicle Collision or Pedestrian Struck (with Injury),2017,5,2,12,38,HEMLOCK ST / W 15TH AVE,Shaughnessy,490081.0,5456139.0
Vehicle Collision or Pedestrian Struck (with Injury),2017,9,4,9,45,HEMLOCK ST / W 15TH AVE,Shaughnessy,490081.0,5456139.0
Vehicle Collision or Pedestrian Struck (with Injury),2017,8,27,17,51,HEMLOCK ST / W 6TH AVE,Fairview,490101.0,5457051.0
Vehicle Collision or Pedestrian Struck (with Injury),2017,4,29,23,23,HEMLOCK ST / W BROADWAY AVE,Fairview,490098.0,5456764.0
Vehicle Collision or Pedestrian Struck (with Injury),2017,8,10,11,49,HEMLOCK ST / W BROADWAY AVE,Fairview,490098.0,5456764.0
Vehicle Collision or Pedestrian Struck (with Injury),2017,10,26,19,46,HIGHBURY ST / W 10TH AVE,West Point Grey,486335.0,5456769.0
Vehicle Collision or Pedestrian Struck (with Injury),2017,8,26,15,19,HIGHBURY ST / W 1ST AVE,West Point Grey,486359.0,5457638.0
Vehicle Collision or Pedestrian Struck (with Injury),2017,6,22,18,12,HIGHBURY ST / W 3RD AVE,West Point Grey,486353.0,5457438.0
Vehicle Collision or Pedestrian Struck (with Injury),2017,7,28,8,45,HOMER ST / DUNSMUIR ST,Central Business District,491747.0,5458780.0
Vehicle Collision or Pedestrian Struck (with Injury),2017,12,24,10,18,HOMER ST / DUNSMUIR ST,Central Business District,491747.0,5458780.0
Vehicle Collision or Pedestrian Struck (with Injury),2017,12,10,6,9,HOMER ST / SMITHE ST,Central Business District,491384.0,5458415.0
Vehicle Collision or Pedestrian Struck (with Injury),2017,1,27,23,50,HOMER ST / W PENDER ST,Central Business District,491860.0,5458896.0
Vehicle Collision or Pedestrian Struck (with Injury),2017,1,20,22,49,HORNBY ST / DAVIE ST,Central Business District,490680.0,5458413.0
Vehicle Collision or Pedestrian Struck (with Injury),2017,6,22,8,45,HORNBY ST / DUNSMUIR ST,Central Business District,491393.0,5459134.0
Vehicle Collision or Pedestrian Struck (with Injury),2017,3,26,15,20,HORNBY ST / NELSON ST,Central Business District,490909.0,5458649.0
Vehicle Collision or Pedestrian Struck (with Injury),2017,11,26,15,44,HORNBY ST / W GEORGIA ST,Central Business District,491266.0,5459007.0
Vehicle Collision or Pedestrian Struck (with Injury),2017,12,10,8,39,HORNBY ST / W GEORGIA ST,Central Business District,491266.0,5459007.0
Vehicle Collision or Pedestrian Struck (with Injury),2017,8,2,7,51,HOWE ST / DAVIE ST,Central Business District,490748.0,5458346.0
Vehicle Collision or Pedestrian Struck (with Injury),2017,5,1,10,18,HOWE ST / HELMCKEN ST,Central Business District,490862.0,5458462.0
Vehicle Collision or Pedestrian Struck (with Injury),2017,10,28,12,31,HOWE ST / SMITHE ST,Central Business District,491095.0,5458699.0
Vehicle Collision or Pedestrian Struck (with Injury),2017,2,17,14,11,HOWE ST / W GEORGIA ST,Central Business District,491334.0,5458937.0
Vehicle Collision or Pedestrian Struck (with Injury),2017,11,10,0,42,HOWE ST / W GEORGIA ST,Central Business District,491334.0,5458937.0
Vehicle Collision or Pedestrian Struck (with Injury),2017,3,2,12,40,INVERNESS ST / E 62ND AVE,Sunset,494161.0,5451225.0
Vehicle Collision or Pedestrian Struck (with Injury),2017,5,10,22,47,INVERNESS ST / E KING EDWARD AVE,Kensington-Cedar Cottage,494175.0,5455089.0
Vehicle Collision or Pedestrian Struck (with Injury),2017,5,3,17,23,JACKSON AVE / ALEXANDER ST,Strathcona,493214.0,5459030.0
Vehicle Collision or Pedestrian Struck (with Injury),2017,7,29,8,9,JACKSON AVE / E CORDOVA ST,Strathcona,493208.0,5458829.0
Vehicle Collision or Pedestrian Struck (with Injury),2017,7,8,22,59,JERVIS ST / ROBSON ST,West End,490652.0,5459369.0
Vehicle Collision or Pedestrian Struck (with Injury),2017,1,2,11,50,JERVIS ST / W GEORGIA ST,West End,490773.0,5459495.0
Vehicle Collision or Pedestrian Struck (with Injury),2017,6,25,11,13,JERVIS ST / W GEORGIA ST,West End,490773.0,5459495.0
Vehicle Collision or Pedestrian Struck (with Injury),2017,4,25,17,36,JOYCE ST / CHERRY ST,Renfrew-Collingwood,497481.0,5453628.0
Vehicle Collision or Pedestrian Struck (with Injury),2017,6,27,22,21,JOYCE ST / KINGSWAY AVE,Renfrew-Collingwood,497386.0,5453485.0
Vehicle Collision or Pedestrian Struck (with Injury),2017,4,17,9,11,JOYCE ST / PRICE ST,Renfrew-Collingwood,497925.0,5454330.0
Vehicle Collision or Pedestrian Struck (with Injury),2017,10,8,11,4,JOYCE ST / VANNESS AVE,Renfrew-Collingwood,497681.0,5453940.0
Vehicle Collision or Pedestrian Struck (with Injury),2017,1,30,23,7,KASLO ST / E 1ST AVE,Hastings-Sunrise,496584.0,5457404.0
Vehicle Collision or Pedestrian Struck (with Injury),2017,12,6,18,35,KASLO ST / E BROADWAY AVE,Renfrew-Collingwood,496577.0,5456583.0
Vehicle Collision or Pedestrian Struck (with Injury),2017,11,15,16,0,KASLO ST / E HASTINGS ST,Hastings-Sunrise,496606.0,5458712.0
Vehicle Collision or Pedestrian Struck (with Injury),2017,7,6,15,41,KASLO ST / GRANDVIEW HWY,Renfrew-Collingwood,496580.0,5456159.0
Vehicle Collision or Pedestrian Struck (with Injury),2017,5,31,16,14,KEEFER PL / CARRALL ST,Central Business District,492401.0,5458502.0
Vehicle Collision or Pedestrian Struck (with Injury),2017,11,7,17,16,KEEFER ST / COLUMBIA ST,Central Business District,492569.0,5458508.0
Vehicle Collision or Pedestrian Struck (with Injury),2017,1,17,1,13,KERR ST / E 41ST AVE,Killarney,497069.0,5453348.0
Vehicle Collision or Pedestrian Struck (with Injury),2017,8,28,7,36,KERR ST / E 45TH AVE,Killarney,497066.0,5452945.0
Vehicle Collision or Pedestrian Struck (with Injury),2017,2,2,11,35,KERR ST / E 55TH AVE,Killarney,496988.0,5451824.0
Vehicle Collision or Pedestrian Struck (with Injury),2017,7,21,15,5,KINGSWAY AVE / ABERDEEN ST,Killarney,497951.0,5453257.0
Vehicle Collision or Pedestrian Struck (with Injury),2017,4,10,6,34,KINGSWAY AVE / BOUNDARY RD,Renfrew-Collingwood,498281.0,5453279.0
Vehicle Collision or Pedestrian Struck (with Injury),2017,8,24,13,12,KINGSWAY AVE / BOUNDARY RD,Renfrew-Collingwood,498281.0,5453279.0
Vehicle Collision or Pedestrian Struck (with Injury),2017,3,22,23,29,KINGSWAY AVE / E 10TH AVE,Mount Pleasant,492821.0,5456583.0
Vehicle Collision or Pedestrian Struck (with Injury),2017,11,11,0,58,KINGSWAY AVE / E 11TH AVE,Mount Pleasant,492886.0,5456483.0
Vehicle Collision or Pedestrian Struck (with Injury),2017,1,16,16,5,KINGSWAY AVE / E 12TH AVE,Mount Pleasant,492973.0,5456350.0
Vehicle Collision or Pedestrian Struck (with Injury),2017,1,31,11,26,KINGSWAY AVE / E BROADWAY AVE,Mount Pleasant,492767.0,5456682.0
Vehicle Collision or Pedestrian Struck (with Injury),2017,6,3,10,0,KINGSWAY AVE / E BROADWAY AVE,Mount Pleasant,492767.0,5456682.0
Vehicle Collision or Pedestrian Struck (with Injury),2017,7,20,0,59,KINGSWAY AVE / E BROADWAY AVE,Mount Pleasant,492767.0,5456682.0
Vehicle Collision or Pedestrian Struck (with Injury),2017,3,12,19,5,KINGSWAY AVE / EARLES ST,Renfrew-Collingwood,496446.0,5453866.0
Vehicle Collision or Pedestrian Struck (with Injury),2017,7,2,20,30,KINGSWAY AVE / EARLES ST,Renfrew-Collingwood,496446.0,5453866.0
Vehicle Collision or Pedestrian Struck (with Injury),2017,12,12,14,36,KINGSWAY AVE / EARLES ST,Renfrew-Collingwood,496446.0,5453866.0
Vehicle Collision or Pedestrian Struck (with Injury),2017,8,24,1,49,KINGSWAY AVE / FRASER ST,Mount Pleasant,493463.0,5455970.0
Vehicle Collision or Pedestrian Struck (with Injury),2017,3,28,18,26,KINGSWAY AVE / FRASER ST,Mount Pleasant,493466.0,5455995.0
Vehicle Collision or Pedestrian Struck (with Injury),2017,8,5,17,16,KINGSWAY AVE / GLADSTONE ST,Kensington-Cedar Cottage,495501.0,5454533.0
Vehicle Collision or Pedestrian Struck (with Injury),2017,8,11,17,8,KINGSWAY AVE / JOYCE ST,Renfrew-Collingwood,497386.0,5453485.0
Vehicle Collision or Pedestrian Struck (with Injury),2017,11,25,0,50,KINGSWAY AVE / JOYCE ST,Renfrew-Collingwood,497386.0,5453485.0
Vehicle Collision or Pedestrian Struck (with Injury),2017,3,22,16,44,KINGSWAY AVE / JOYCE ST,Renfrew-Collingwood,497389.0,5453483.0
Vehicle Collision or Pedestrian Struck (with Injury),2017,11,11,19,56,KINGSWAY AVE / KNIGHT ST,Kensington-Cedar Cottage,494460.0,5455267.0
Vehicle Collision or Pedestrian Struck (with Injury),2017,7,11,22,11,KINGSWAY AVE / KNIGHT ST,Kensington-Cedar Cottage,494473.0,5455257.0
Vehicle Collision or Pedestrian Struck (with Injury),2017,4,29,19,57,KINGSWAY AVE / MCKINNON ST,Renfrew-Collingwood,497247.0,5453585.0
Vehicle Collision or Pedestrian Struck (with Injury),2017,10,16,20,24,KINGSWAY AVE / MILLER ST,Kensington-Cedar Cottage,494976.0,5454912.0
Vehicle Collision or Pedestrian Struck (with Injury),2017,9,25,23,42,KINGSWAY AVE / NANAIMO ST,Renfrew-Collingwood,495769.0,5454345.0
Vehicle Collision or Pedestrian Struck (with Injury),2017,10,20,6,50,KINGSWAY AVE / NANAIMO ST,Renfrew-Collingwood,495769.0,5454345.0
Vehicle Collision or Pedestrian Struck (with Injury),2017,11,29,20,11,KINGSWAY AVE / NANAIMO ST,Renfrew-Collingwood,495769.0,5454345.0
Vehicle Collision or Pedestrian Struck (with Injury),2017,12,17,18,13,KINGSWAY AVE / NANAIMO ST,Renfrew-Collingwood,495769.0,5454345.0
Vehicle Collision or Pedestrian Struck (with Injury),2017,1,12,6,47,KINGSWAY AVE / RUPERT ST,Renfrew-Collingwood,496918.0,5453685.0
Vehicle Collision or Pedestrian Struck (with Injury),2017,4,22,15,29,KINGSWAY AVE / RUPERT ST,Renfrew-Collingwood,496918.0,5453685.0
Vehicle Collision or Pedestrian Struck (with Injury),2017,11,10,15,30,KINGSWAY AVE / RUPERT ST,Renfrew-Collingwood,496918.0,5453685.0
Vehicle Collision or Pedestrian Struck (with Injury),2017,9,20,1,6,KINGSWAY AVE / SENLAC ST,Renfrew-Collingwood,497580.0,5453333.0
Vehicle Collision or Pedestrian Struck (with Injury),2017,5,29,12,0,KINGSWAY AVE / SLOCAN ST,Renfrew-Collingwood,496064.0,5454138.0
Vehicle Collision or Pedestrian Struck (with Injury),2017,9,20,9,10,KINGSWAY AVE / ST CATHERINES ST,Kensington-Cedar Cottage,493768.0,5455778.0
Vehicle Collision or Pedestrian Struck (with Injury),2017,2,17,13,43,KINGSWAY AVE / TYNE ST,Renfrew-Collingwood,497724.0,5453248.0
Vehicle Collision or Pedestrian Struck (with Injury),2017,9,23,17,27,KINGSWAY AVE / TYNE ST,Renfrew-Collingwood,497724.0,5453248.0
Vehicle Collision or Pedestrian Struck (with Injury),2017,11,18,18,39,KINGSWAY AVE / VICTORIA DR,Kensington-Cedar Cottage,495256.0,5454709.0
Vehicle Collision or Pedestrian Struck (with Injury),2017,12,30,0,45,KINGSWAY AVE / VICTORIA DR,Kensington-Cedar Cottage,495256.0,5454709.0
Vehicle Collision or Pedestrian Struck (with Injury),2017,2,4,18,11,KITCHENER ST / RENFREW ST,Hastings-Sunrise,496787.0,5457726.0
Vehicle Collision or Pedestrian Struck (with Injury),2017,8,30,11,32,KITSILANO DVRS / MACDONALD ST,Kitsilano,487759.0,5456633.0
Vehicle Collision or Pedestrian Struck (with Injury),2017,7,12,4,51,KITSILANO DVRS / W 10TH AVE,Kitsilano,487679.0,5456724.0
Vehicle Collision or Pedestrian Struck (with Injury),2017,6,27,15,22,KNIGHT ST / E 19TH AVE,Kensington-Cedar Cottage,494469.0,5455638.0
Vehicle Collision or Pedestrian Struck (with Injury),2017,7,12,18,34,KNIGHT ST / E 31ST AVE,Kensington-Cedar Cottage,494442.0,5454478.0
Vehicle Collision or Pedestrian Struck (with Injury),2017,2,6,16,0,KNIGHT ST / E 33RD AVE,Kensington-Cedar Cottage,494441.0,5454162.0
Vehicle Collision or Pedestrian Struck (with Injury),2017,8,11,19,53,KNIGHT ST / E 33RD AVE,Kensington-Cedar Cottage,494441.0,5454162.0
Vehicle Collision or Pedestrian Struck (with Injury),2017,5,10,14,1,KNIGHT ST / E 36TH AVE,Kensington-Cedar Cottage,494403.0,5453881.0
Vehicle Collision or Pedestrian Struck (with Injury),2017,3,14,12,9,KNIGHT ST / E 39TH AVE,Kensington-Cedar Cottage,494394.0,5453559.0
Vehicle Collision or Pedestrian Struck (with Injury),2017,1,29,20,37,KNIGHT ST / E 41ST AVE,Sunset,494389.0,5453321.0
Vehicle Collision or Pedestrian Struck (with Injury),2017,4,12,7,48,KNIGHT ST / E 41ST AVE,Sunset,494389.0,5453321.0
Vehicle Collision or Pedestrian Struck (with Injury),2017,7,19,15,10,KNIGHT ST / E 41ST AVE,Sunset,494389.0,5453321.0
Vehicle Collision or Pedestrian Struck (with Injury),2017,12,24,20,30,KNIGHT ST / E 41ST AVE,Sunset,494389.0,5453321.0
Vehicle Collision or Pedestrian Struck (with Injury),2017,9,30,13,32,KNIGHT ST / E 47TH AVE,Sunset,494376.0,5452766.0
Vehicle Collision or Pedestrian Struck (with Injury),2017,9,3,7,23,KNIGHT ST / E 49TH AVE,Sunset,494369.0,5452502.0
Vehicle Collision or Pedestrian Struck (with Injury),2017,9,12,12,49,KNIGHT ST / E 57TH AVE,Sunset,494388.0,5451707.0
Vehicle Collision or Pedestrian Struck (with Injury),2017,2,1,7,3,KNIGHT ST / E 60TH AVE,Sunset,494387.0,5451412.0
Vehicle Collision or Pedestrian Struck (with Injury),2017,2,18,13,56,KNIGHT ST / E 63RD AVE,Sunset,494383.0,5451124.0
Vehicle Collision or Pedestrian Struck (with Injury),2017,3,29,23,36,KNIGHT ST / KINGSWAY AVE,Kensington-Cedar Cottage,494460.0,5455267.0
Vehicle Collision or Pedestrian Struck (with Injury),2017,4,17,5,47,KNIGHT ST / KINGSWAY AVE,Kensington-Cedar Cottage,494460.0,5455267.0
Vehicle Collision or Pedestrian Struck (with Injury),2017,12,8,7,34,LAKEWOOD DR / DUNDAS ST,Grandview-Woodland,495518.0,5459118.0
Vehicle Collision or Pedestrian Struck (with Injury),2017,4,15,1,55,LAKEWOOD DR / E BROADWAY AVE,Kensington-Cedar Cottage,495486.0,5456612.0
Vehicle Collision or Pedestrian Struck (with Injury),2017,12,9,15,32,LAKEWOOD DR / GRANDVIEW HWY N,Kensington-Cedar Cottage,495484.0,5456433.0
Vehicle Collision or Pedestrian Struck (with Injury),2017,2,14,18,0,LANCASTER ST / E 49TH AVE,Killarney,496897.0,5452438.0
Vehicle Collision or Pedestrian Struck (with Injury),2017,9,17,2,58,LARCH ST / W BROADWAY AVE,Kitsilano,488183.0,5456814.0
Vehicle Collision or Pedestrian Struck (with Injury),2017,10,24,6,53,LILLOOET ST / E 22ND AVE,Renfrew-Collingwood,497154.0,5455316.0
Vehicle Collision or Pedestrian Struck (with Injury),2017,7,5,9,10,LILLOOET ST / E 29TH AVE,Renfrew-Collingwood,497151.0,5454640.0
Vehicle Collision or Pedestrian Struck (with Injury),2017,1,16,16,7,LILLOOET ST / E BROADWAY AVE,Renfrew-Collingwood,497156.0,5456571.0
Vehicle Collision or Pedestrian Struck (with Injury),2017,12,24,15,37,LILLOOET ST / E HASTINGS ST,Hastings-Sunrise,497174.0,5458712.0
Vehicle Collision or Pedestrian Struck (with Injury),2017,3,15,16,15,LINCOLN ST / KINGSWAY AVE,Killarney,498072.0,5453265.0
Vehicle Collision or Pedestrian Struck (with Injury),2017,11,9,9,38,LORNE ST / E 2ND AVE,Mount Pleasant,492747.0,5457318.0
Vehicle Collision or Pedestrian Struck (with Injury),2017,11,12,12,56,LOUGHEED HWY / SKEENA ST,Hastings-Sunrise,497927.0,5456747.0
Vehicle Collision or Pedestrian Struck (with Injury),2017,6,29,10,23,MACDONALD ST / ALAMEIN AVE,Arbutus Ridge,487785.0,5455268.0
Vehicle Collision or Pedestrian Struck (with Injury),2017,5,29,14,59,MACDONALD ST / W 16TH AVE,Arbutus Ridge,487747.0,5456105.0
Vehicle Collision or Pedestrian Struck (with Injury),2017,10,10,16,10,MACDONALD ST / W 45TH AVE,Kerrisdale,487810.0,5453149.0
Vehicle Collision or Pedestrian Struck (with Injury),2017,6,16,15,14,MACKENZIE ST / W 29TH AVE,Dunbar-Southlands,487612.0,5454830.0
Vehicle Collision or Pedestrian Struck (with Injury),2017,12,27,19,0,MACKENZIE ST / W 41ST AVE,Kerrisdale,487605.0,5453562.0
Vehicle Collision or Pedestrian Struck (with Injury),2017,3,15,12,50,MAIN ST / E 10TH AVE,Mount Pleasant,492651.0,5456587.0
Vehicle Collision or Pedestrian Struck (with Injury),2017,7,15,8,50,MAIN ST / E 12TH AVE,Mount Pleasant,492639.0,5456386.0
Vehicle Collision or Pedestrian Struck (with Injury),2017,4,28,23,0,MAIN ST / E 14TH AVE,Mount Pleasant,492641.0,5456186.0
Vehicle Collision or Pedestrian Struck (with Injury),2017,12,16,18,42,MAIN ST / E 16TH AVE,Riley Park,492633.0,5455984.0
Vehicle Collision or Pedestrian Struck (with Injury),2017,10,1,10,15,MAIN ST / E 18TH AVE,Riley Park,492655.0,5455767.0
Vehicle Collision or Pedestrian Struck (with Injury),2017,7,25,14,26,MAIN ST / E 26TH AVE,Riley Park,492640.0,5455028.0
Vehicle Collision or Pedestrian Struck (with Injury),2017,12,1,18,53,MAIN ST / E 26TH AVE,Riley Park,492640.0,5455028.0
Vehicle Collision or Pedestrian Struck (with Injury),2017,11,6,7,13,MAIN ST / E 2ND AVE,Mount Pleasant,492679.0,5457365.0
Vehicle Collision or Pedestrian Struck (with Injury),2017,2,6,17,9,MAIN ST / E 32ND AVE,Riley Park,492617.0,5454362.0
Vehicle Collision or Pedestrian Struck (with Injury),2017,10,4,14,6,MAIN ST / E 32ND AVE,Riley Park,492617.0,5454362.0
Vehicle Collision or Pedestrian Struck (with Injury),2017,3,14,10,34,MAIN ST / E 33RD AVE,Riley Park,492614.0,5454196.0
Vehicle Collision or Pedestrian Struck (with Injury),2017,6,4,17,52,MAIN ST / E 33RD AVE,Riley Park,492614.0,5454196.0
Vehicle Collision or Pedestrian Struck (with Injury),2017,9,18,17,6,MAIN ST / E 33RD AVE,Riley Park,492614.0,5454196.0
Vehicle Collision or Pedestrian Struck (with Injury),2017,3,21,9,8,MAIN ST / E 3RD AVE,Mount Pleasant,492665.0,5457279.0
Vehicle Collision or Pedestrian Struck (with Injury),2017,3,15,19,41,MAIN ST / E 41ST AVE,Riley Park,492609.0,5453375.0
Vehicle Collision or Pedestrian Struck (with Injury),2017,8,13,16,55,MAIN ST / E 41ST AVE,Riley Park,492609.0,5453375.0
Vehicle Collision or Pedestrian Struck (with Injury),2017,10,13,10,6,MAIN ST / E 41ST AVE,Riley Park,492609.0,5453375.0
Vehicle Collision or Pedestrian Struck (with Injury),2017,10,11,15,0,MAIN ST / E 49TH AVE,Sunset,492599.0,5452545.0
Vehicle Collision or Pedestrian Struck (with Injury),2017,11,21,18,54,MAIN ST / E 54TH AVE,Sunset,492588.0,5452034.0
Vehicle Collision or Pedestrian Struck (with Injury),2017,3,29,18,6,MAIN ST / E 57TH AVE,Sunset,492580.0,5451747.0
Vehicle Collision or Pedestrian Struck (with Injury),2017,4,11,5,56,MAIN ST / E 59TH AVE,Sunset,492575.0,5451554.0
Vehicle Collision or Pedestrian Struck (with Injury),2017,8,31,18,4,MAIN ST / E 63RD AVE,Sunset,492564.0,5451167.0
Vehicle Collision or Pedestrian Struck (with Injury),2017,10,26,18,12,MAIN ST / E 6TH AVE,Mount Pleasant,492657.0,5456975.0
Vehicle Collision or Pedestrian Struck (with Injury),2017,5,1,14,6,MAIN ST / E BROADWAY AVE,Mount Pleasant,492659.0,5456687.0
Vehicle Collision or Pedestrian Struck (with Injury),2017,2,1,18,49,MAIN ST / E HASTINGS ST,Central Business District,492749.0,5458737.0
Vehicle Collision or Pedestrian Struck (with Injury),2017,4,14,8,8,MAIN ST / E HASTINGS ST,Central Business District,492749.0,5458737.0
Vehicle Collision or Pedestrian Struck (with Injury),2017,6,9,18,11,MAIN ST / E HASTINGS ST,Central Business District,492749.0,5458737.0
Vehicle Collision or Pedestrian Struck (with Injury),2017,7,13,16,31,MAIN ST / E HASTINGS ST,Central Business District,492749.0,5458737.0
Vehicle Collision or Pedestrian Struck (with Injury),2017,8,18,21,51,MAIN ST / E HASTINGS ST,Central Business District,492749.0,5458737.0
Vehicle Collision or Pedestrian Struck (with Injury),2017,9,7,11,43,MAIN ST / E HASTINGS ST,Central Business District,492749.0,5458737.0
Vehicle Collision or Pedestrian Struck (with Injury),2017,9,13,17,40,MAIN ST / E HASTINGS ST,Central Business District,492749.0,5458737.0
Vehicle Collision or Pedestrian Struck (with Injury),2017,12,31,20,39,MAIN ST / E HASTINGS ST,Central Business District,492749.0,5458737.0
Vehicle Collision or Pedestrian Struck (with Injury),2017,3,23,15,28,MAIN ST / E PENDER ST,Central Business District,492748.0,5458629.0
Vehicle Collision or Pedestrian Struck (with Injury),2017,7,21,12,46,MAIN ST / E PENDER ST,Central Business District,492748.0,5458629.0
Vehicle Collision or Pedestrian Struck (with Injury),2017,10,17,15,13,MAIN ST / E PENDER ST,Central Business District,492748.0,5458629.0
Vehicle Collision or Pedestrian Struck (with Injury),2017,3,9,14,23,MAIN ST / KEEFER ST,Central Business District,492745.0,5458530.0
Vehicle Collision or Pedestrian Struck (with Injury),2017,12,27,20,0,MAIN ST / KEEFER ST,Central Business District,492745.0,5458530.0
Vehicle Collision or Pedestrian Struck (with Injury),2017,7,23,22,31,MAIN ST / NATIONAL AVE,Central Business District,492726.0,5458024.0
Vehicle Collision or Pedestrian Struck (with Injury),2017,8,30,16,27,MAIN ST / NATIONAL AVE,Strathcona,492736.0,5458024.0
Vehicle Collision or Pedestrian Struck (with Injury),2017,9,19,20,16,MAIN ST / NATIONAL AVE,Strathcona,492736.0,5458024.0
Vehicle Collision or Pedestrian Struck (with Injury),2017,2,1,10,23,MAIN ST / PRIOR ST,Strathcona,492742.0,5458227.0
Vehicle Collision or Pedestrian Struck (with Injury),2017,12,3,12,8,MAIN ST / PRIOR ST,Strathcona,492742.0,5458227.0
Vehicle Collision or Pedestrian Struck (with Injury),2017,1,3,23,32,MAIN ST / SE MARINE DR,Sunset,492554.0,5450933.0
Vehicle Collision or Pedestrian Struck (with Injury),2017,4,23,15,1,MAIN ST / SE MARINE DR,Sunset,492554.0,5450933.0
Vehicle Collision or Pedestrian Struck (with Injury),2017,3,31,23,43,MAIN ST / TERMINAL AVE,Mount Pleasant,492718.0,5457784.0
Vehicle Collision or Pedestrian Struck (with Injury),2017,4,4,6,4,MAIN ST / TERMINAL AVE,Mount Pleasant,492718.0,5457784.0
Vehicle Collision or Pedestrian Struck (with Injury),2017,9,22,22,44,MAIN ST / TERMINAL AVE,Mount Pleasant,492718.0,5457784.0
Vehicle Collision or Pedestrian Struck (with Injury),2017,3,17,18,30,MAIN ST / TERMINAL AVE,Central Business District,492718.0,5457796.0
Vehicle Collision or Pedestrian Struck (with Injury),2017,5,23,14,1,MAIN ST / TERMINAL AVE,Central Business District,492718.0,5457796.0
Vehicle Collision or Pedestrian Struck (with Injury),2017,3,21,14,16,MAIN ST / UNION ST,Central Business District,492733.0,5458331.0
Vehicle Collision or Pedestrian Struck (with Injury),2017,5,25,18,18,MAIN ST / UNION ST,Central Business District,492733.0,5458331.0
Vehicle Collision or Pedestrian Struck (with Injury),2017,9,25,9,1,MAIN ST / UNION ST,Strathcona,492746.0,5458330.0
Vehicle Collision or Pedestrian Struck (with Injury),2017,1,17,14,30,MAINLAND ST / HELMCKEN ST,Central Business District,491233.0,5458097.0
Vehicle Collision or Pedestrian Struck (with Injury),2017,10,27,23,35,MAINLAND ST / NELSON ST,Central Business District,491346.0,5458214.0
Vehicle Collision or Pedestrian Struck (with Injury),2017,2,17,16,20,MANITOBA ST / SW MARINE DR,Marpole,491990.0,5451058.0
Vehicle Collision or Pedestrian Struck (with Injury),2017,11,15,17,14,MANITOBA ST / W 2ND AVE,Mount Pleasant,492243.0,5457396.0
Vehicle Collision or Pedestrian Struck (with Injury),2017,3,7,12,54,MANITOBA ST / W 3RD AVE,Mount Pleasant,492243.0,5457292.0
Vehicle Collision or Pedestrian Struck (with Injury),2017,6,26,17,0,MATHESON CRES / SE MARINE DR,Killarney,497749.0,5450589.0
Vehicle Collision or Pedestrian Struck (with Injury),2017,3,27,22,3,MCGILL ST ONRP / IRONWORKERS MEMORIAL BRDG,Hastings-Sunrise,498086.0,5459801.0
Vehicle Collision or Pedestrian Struck (with Injury),2017,1,7,22,25,MCKINNON ST / E 41ST AVE,Killarney,497176.0,5453348.0
Vehicle Collision or Pedestrian Struck (with Injury),2017,8,20,13,20,MCLEAN DR / E HASTINGS ST,Grandview-Woodland,494609.0,5458731.0
Vehicle Collision or Pedestrian Struck (with Injury),2017,11,22,23,0,MCLEAN DR / E HASTINGS ST,Grandview-Woodland,494609.0,5458731.0
Vehicle Collision or Pedestrian Struck (with Injury),2017,12,8,19,43,MCLEAN DR / VENABLES ST,Grandview-Woodland,494594.0,5458221.0
Vehicle Collision or Pedestrian Struck (with Injury),2017,3,25,15,45,MELVILLE ST / BURRARD ST,Central Business District,491271.0,5459162.0
Vehicle Collision or Pedestrian Struck (with Injury),2017,3,29,14,37,MILTON ST / SW MARINE DR,Marpole,489735.0,5450272.0
Vehicle Collision or Pedestrian Struck (with Injury),2017,11,25,22,12,MOBERLY RD / W 6TH AVE,Fairview,491228.0,5457028.0
Vehicle Collision or Pedestrian Struck (with Injury),2017,10,24,21,20,N GARDEN DR / DUNDAS ST,Grandview-Woodland,495798.0,5459117.0
Vehicle Collision or Pedestrian Struck (with Injury),2017,6,26,10,56,N NANAIMO ST / DUNDAS ST,Grandview-Woodland,495889.0,5459115.0
Vehicle Collision or Pedestrian Struck (with Injury),2017,5,16,16,4,N RENFREW ST / DUNDAS ST,Hastings-Sunrise,496799.0,5459114.0
Vehicle Collision or Pedestrian Struck (with Injury),2017,4,5,23,6,NANAIMO ST / DUNDAS ST,Grandview-Woodland,495889.0,5459115.0
Vehicle Collision or Pedestrian Struck (with Injury),2017,3,8,5,21,NANAIMO ST / E 1ST AVE,Grandview-Woodland,495881.0,5457406.0
Vehicle Collision or Pedestrian Struck (with Injury),2017,9,3,10,0,NANAIMO ST / E 1ST AVE,Grandview-Woodland,495881.0,5457406.0
Vehicle Collision or Pedestrian Struck (with Injury),2017,9,10,14,23,NANAIMO ST / E 22ND AVE,Kensington-Cedar Cottage,495880.0,5455317.0
Vehicle Collision or Pedestrian Struck (with Injury),2017,2,1,9,29,NANAIMO ST / E 33RD AVE,Kensington-Cedar Cottage,495726.0,5454114.0
Vehicle Collision or Pedestrian Struck (with Injury),2017,6,19,8,45,NANAIMO ST / E 33RD AVE,Kensington-Cedar Cottage,495726.0,5454114.0
Vehicle Collision or Pedestrian Struck (with Injury),2017,3,4,19,7,NANAIMO ST / E 34TH AVE,Kensington-Cedar Cottage,495724.0,5454016.0
Vehicle Collision or Pedestrian Struck (with Injury),2017,4,26,7,41,NANAIMO ST / E 3RD AVE,Grandview-Woodland,495877.0,5457210.0
Vehicle Collision or Pedestrian Struck (with Injury),2017,9,10,19,37,NANAIMO ST / E 41ST AVE,Victoria-Fraserview,495714.0,5453340.0
Vehicle Collision or Pedestrian Struck (with Injury),2017,12,11,17,18,NANAIMO ST / E 54TH AVE,Victoria-Fraserview,495677.0,5451936.0
Vehicle Collision or Pedestrian Struck (with Injury),2017,12,11,7,20,NANAIMO ST / E BROADWAY AVE,Kensington-Cedar Cottage,495882.0,5456597.0
Vehicle Collision or Pedestrian Struck (with Injury),2017,1,22,13,12,NANAIMO ST / E HASTINGS ST,Grandview-Woodland,495887.0,5458714.0
Vehicle Collision or Pedestrian Struck (with Injury),2017,2,14,21,7,NANAIMO ST / E HASTINGS ST,Grandview-Woodland,495887.0,5458714.0
Vehicle Collision or Pedestrian Struck (with Injury),2017,4,3,15,56,NANAIMO ST / GRANDVIEW HWY N,Kensington-Cedar Cottage,495880.0,5456190.0
Vehicle Collision or Pedestrian Struck (with Injury),2017,8,21,16,28,NANAIMO ST / GRANDVIEW HWY N,Kensington-Cedar Cottage,495880.0,5456190.0
Vehicle Collision or Pedestrian Struck (with Injury),2017,6,18,10,5,NANAIMO ST / GRANDVIEW HWY S,Kensington-Cedar Cottage,495878.0,5456116.0
Vehicle Collision or Pedestrian Struck (with Injury),2017,10,27,12,1,NANAIMO ST / KINGSWAY AVE,Renfrew-Collingwood,495769.0,5454345.0
Vehicle Collision or Pedestrian Struck (with Injury),2017,11,1,18,36,NANAIMO ST / ST LAWRENCE ST,Kensington-Cedar Cottage,495874.0,5454520.0
Vehicle Collision or Pedestrian Struck (with Injury),2017,10,25,7,36,NANTON AVE / GRANVILLE ST,Shaughnessy,489871.0,5454969.0
Vehicle Collision or Pedestrian Struck (with Injury),2017,7,2,9,38,NELSON ST / EXPO BLVD,Central Business District,491563.0,5458020.0
Vehicle Collision or Pedestrian Struck (with Injury),2017,9,29,4,15,NELSON ST / HAMILTON ST,Central Business District,491307.0,5458252.0
Vehicle Collision or Pedestrian Struck (with Injury),2017,2,11,6,43,NELSON ST / HOMER ST,Central Business District,491264.0,5458294.0
Vehicle Collision or Pedestrian Struck (with Injury),2017,3,1,0,47,NELSON ST / HORNBY ST,Central Business District,490909.0,5458649.0
Vehicle Collision or Pedestrian Struck (with Injury),2017,2,22,13,17,NELSON ST / HOWE ST,Central Business District,490978.0,5458580.0
Vehicle Collision or Pedestrian Struck (with Injury),2017,3,14,6,37,NELSON ST / SEYMOUR ST,Central Business District,491125.0,5458434.0
Vehicle Collision or Pedestrian Struck (with Injury),2017,6,21,15,3,NICOLA ST / W PENDER ST,Central Business District,490618.0,5459706.0
Vehicle Collision or Pedestrian Struck (with Injury),2017,2,27,17,11,NOOTKA ST / E 27TH AVE,Renfrew-Collingwood,496970.0,5454829.0
Vehicle Collision or Pedestrian Struck (with Injury),2017,2,17,15,27,NW MARINE DR / DISCOVERY ST,West Point Grey,485255.0,5457679.0
Vehicle Collision or Pedestrian Struck (with Injury),2017,5,29,19,0,NW MARINE DR / LOCARNO CRES,West Point Grey,485328.0,5457378.0
Vehicle Collision or Pedestrian Struck (with Injury),2017,5,23,15,47,OAK ST / DEVONSHIRE CRES,Shaughnessy,490708.0,5454643.0
Vehicle Collision or Pedestrian Struck (with Injury),2017,10,10,11,40,OAK ST / PARK DR,Marpole,490530.0,5451304.0
Vehicle Collision or Pedestrian Struck (with Injury),2017,7,5,19,37,OAK ST / SW MARINE DR,Marpole,490497.0,5450214.0
Vehicle Collision or Pedestrian Struck (with Injury),2017,11,11,23,25,OAK ST / SW MARINE DR,Marpole,490501.0,5450207.0
Vehicle Collision or Pedestrian Struck (with Injury),2017,10,19,15,34,OAK ST / W 12TH AVE,Fairview,490780.0,5456437.0
Vehicle Collision or Pedestrian Struck (with Injury),2017,7,28,12,54,OAK ST / W 26TH AVE,Shaughnessy,490715.0,5455049.0
Vehicle Collision or Pedestrian Struck (with Injury),2017,12,27,20,9,OAK ST / W 33RD AVE,Shaughnessy,490695.0,5454303.0
Vehicle Collision or Pedestrian Struck (with Injury),2017,11,16,17,40,OAK ST / W 41ST AVE,Shaughnessy,490676.0,5453477.0
Vehicle Collision or Pedestrian Struck (with Injury),2017,2,9,11,44,OAK ST / W 57TH AVE,Marpole,490638.0,5451832.0
Vehicle Collision or Pedestrian Struck (with Injury),2017,1,15,13,56,OAK ST / W 59TH AVE,Marpole,490587.0,5451600.0
Vehicle Collision or Pedestrian Struck (with Injury),2017,4,16,4,28,OAK ST / W 64TH AVE,Marpole,490524.0,5451140.0
Vehicle Collision or Pedestrian Struck (with Injury),2017,5,20,15,5,OAK ST / W 64TH AVE,Marpole,490524.0,5451140.0
Vehicle Collision or Pedestrian Struck (with Injury),2017,7,12,7,19,OAK ST / W 67TH AVE,Marpole,490517.0,5450891.0
Vehicle Collision or Pedestrian Struck (with Injury),2017,1,18,22,8,OAK ST / W BROADWAY AVE,Fairview,490787.0,5456745.0
Vehicle Collision or Pedestrian Struck (with Injury),2017,9,11,9,38,OAK ST / W BROADWAY AVE,Fairview,490787.0,5456745.0
Vehicle Collision or Pedestrian Struck (with Injury),2017,12,22,12,50,ONTARIO ST / E 16TH AVE,Riley Park,492363.0,5455990.0
Vehicle Collision or Pedestrian Struck (with Injury),2017,8,6,22,24,ONTARIO ST / E 16TH AVE,Riley Park,492347.0,5455991.0
Vehicle Collision or Pedestrian Struck (with Injury),2017,6,9,15,56,ONTARIO ST / E 6TH AVE,Mount Pleasant,492376.0,5456983.0
Vehicle Collision or Pedestrian Struck (with Injury),2017,4,24,8,50,ONTARIO ST / E KING EDWARD AVE,Riley Park,492358.0,5455120.0
Vehicle Collision or Pedestrian Struck (with Injury),2017,5,20,11,32,ONTARIO ST / W 20TH AVE,Riley Park,492372.0,5455559.0
Vehicle Collision or Pedestrian Struck (with Injury),2017,9,23,13,12,ONTARIO ST / W 8TH AVE,Mount Pleasant,492371.0,5456783.0
Vehicle Collision or Pedestrian Struck (with Injury),2017,10,30,17,15,ONTARIO ST / W BROADWAY AVE,Mount Pleasant,492368.0,5456699.0
Vehicle Collision or Pedestrian Struck (with Injury),2017,3,23,14,54,OSLER ST / W 73RD AVE,Marpole,490401.0,5450177.0
Vehicle Collision or Pedestrian Struck (with Injury),2017,11,3,23,40,PACIFIC BLVD / CAMBIE ST,Central Business District,491329.0,5457991.0
Vehicle Collision or Pedestrian Struck (with Injury),2017,5,25,10,1,PACIFIC BLVD / CARRALL ST,Central Business District,492257.0,5458266.0
Vehicle Collision or Pedestrian Struck (with Injury),2017,2,14,20,49,PACIFIC BLVD / DRAKE ST,Central Business District,490999.0,5457866.0
Vehicle Collision or Pedestrian Struck (with Injury),2017,7,21,8,50,PACIFIC BLVD / DRAKE ST,Central Business District,491009.0,5457856.0
Vehicle Collision or Pedestrian Struck (with Injury),2017,8,17,13,4,PACIFIC BLVD / DRAKE ST,Central Business District,491009.0,5457856.0
Vehicle Collision or Pedestrian Struck (with Injury),2017,12,16,2,47,PACIFIC BLVD / GRIFFITHS WAY,Central Business District,492074.0,5458234.0
Vehicle Collision or Pedestrian Struck (with Injury),2017,11,23,3,28,PACIFIC BLVD / SMITHE ST,Central Business District,491779.0,5458018.0
Vehicle Collision or Pedestrian Struck (with Injury),2017,7,22,21,34,PACIFIC ST / BURRARD ST,West End,490369.0,5458252.0
Vehicle Collision or Pedestrian Struck (with Injury),2017,8,5,19,41,PACIFIC ST / SEYMOUR ST,Central Business District,490655.0,5457962.0
Vehicle Collision or Pedestrian Struck (with Injury),2017,9,21,9,2,PACIFIC ST / SEYMOUR ST,Central Business District,490665.0,5457972.0
Vehicle Collision or Pedestrian Struck (with Injury),2017,5,3,20,26,PARKER ST / CLARK DR,Strathcona,494378.0,5458124.0
Vehicle Collision or Pedestrian Struck (with Injury),2017,4,29,1,15,PARKER ST / KAMLOOPS ST,Hastings-Sunrise,496022.0,5458117.0
Vehicle Collision or Pedestrian Struck (with Injury),2017,10,18,17,16,PARKER ST / VERNON DR,Strathcona,494280.0,5458128.0
Vehicle Collision or Pedestrian Struck (with Injury),2017,6,10,20,37,PENDRELL ST / BROUGHTON ST,West End,490164.0,5459081.0
Vehicle Collision or Pedestrian Struck (with Injury),2017,12,19,15,26,PENDRELL ST / BUTE ST,West End,490376.0,5458872.0
Vehicle Collision or Pedestrian Struck (with Injury),2017,4,8,11,26,PENDRELL ST / DENMAN ST,West End,489762.0,5459476.0
Vehicle Collision or Pedestrian Struck (with Injury),2017,10,22,9,32,PINE ST / W 4TH AVE,Fairview,489579.0,5457254.0
Vehicle Collision or Pedestrian Struck (with Injury),2017,4,22,17,19,PINE ST / W 7TH AVE,Fairview,489572.0,5456971.0
Vehicle Collision or Pedestrian Struck (with Injury),2017,7,9,16,17,PINE ST / W 7TH AVE,Fairview,489572.0,5456971.0
Vehicle Collision or Pedestrian Struck (with Injury),2017,8,29,20,55,POWELL ST / COLUMBIA ST,Central Business District,492568.0,5458948.0
Vehicle Collision or Pedestrian Struck (with Injury),2017,12,23,8,30,POWELL ST / COMMERCIAL DR,Grandview-Woodland,494883.0,5459014.0
Vehicle Collision or Pedestrian Struck (with Injury),2017,6,15,14,25,POWELL ST / GORE AVE,Strathcona,492893.0,5458938.0
Vehicle Collision or Pedestrian Struck (with Injury),2017,10,15,14,52,POWELL ST / HAWKS AVE,Strathcona,493667.0,5458914.0
Vehicle Collision or Pedestrian Struck (with Injury),2017,1,30,14,24,POWELL ST / VICTORIA DR,Grandview-Woodland,495235.0,5459122.0
Vehicle Collision or Pedestrian Struck (with Injury),2017,1,30,15,45,PRICE ST / BOUNDARY RD,Renfrew-Collingwood,498275.0,5454175.0
Vehicle Collision or Pedestrian Struck (with Injury),2017,9,26,12,50,PRINCE ALBERT ST / E BROADWAY AVE,Mount Pleasant,493656.0,5456637.0
Vehicle Collision or Pedestrian Struck (with Injury),2017,12,23,16,18,PRINCE ALBERT ST / SE MARINE DR,Sunset,493573.0,5450927.0
Vehicle Collision or Pedestrian Struck (with Injury),2017,6,26,11,11,PRINCE EDWARD ST / E 56TH AVE,Sunset,492884.0,5451830.0
Vehicle Collision or Pedestrian Struck (with Injury),2017,3,12,0,41,PRINCE EDWARD ST / E BROADWAY AVE,Mount Pleasant,493015.0,5456657.0
Vehicle Collision or Pedestrian Struck (with Injury),2017,4,7,9,28,PRINCE EDWARD ST / SE MARINE DR,Sunset,492837.0,5450904.0
Vehicle Collision or Pedestrian Struck (with Injury),2017,9,20,16,35,PRINCESS AVE / E HASTINGS ST,Strathcona,493347.0,5458719.0
Vehicle Collision or Pedestrian Struck (with Injury),2017,3,27,5,54,PRIOR ST / HEATLEY AVE,Strathcona,493472.0,5458207.0
Vehicle Collision or Pedestrian Struck (with Injury),2017,1,9,12,35,PRIOR ST / MAIN ST,Central Business District,492731.0,5458227.0
Vehicle Collision or Pedestrian Struck (with Injury),2017,10,6,7,46,PRIOR ST / MAIN ST,Central Business District,492731.0,5458227.0
Vehicle Collision or Pedestrian Struck (with Injury),2017,6,22,16,11,QUEBEC ST / E 12TH AVE,Mount Pleasant,492499.0,5456390.0
Vehicle Collision or Pedestrian Struck (with Injury),2017,2,16,19,15,QUEBEC ST / E 1ST AVE,Mount Pleasant,492521.0,5457494.0
Vehicle Collision or Pedestrian Struck (with Injury),2017,8,31,15,45,QUEBEC ST / E 2ND AVE,Mount Pleasant,492527.0,5457382.0
Vehicle Collision or Pedestrian Struck (with Injury),2017,10,25,16,38,QUEBEC ST / E 2ND AVE,Mount Pleasant,492527.0,5457382.0
Vehicle Collision or Pedestrian Struck (with Injury),2017,12,1,16,56,QUEBEC ST / E BROADWAY AVE,Mount Pleasant,492508.0,5456694.0
Vehicle Collision or Pedestrian Struck (with Injury),2017,10,26,18,22,QUEBEC ST / PACIFIC BLVD,Central Business District,492564.0,5458115.0
Vehicle Collision or Pedestrian Struck (with Injury),2017,11,9,20,1,RENFREW ST / CHARLES ST,Hastings-Sunrise,496787.0,5457834.0
Vehicle Collision or Pedestrian Struck (with Injury),2017,5,15,21,46,RENFREW ST / E 15TH AVE,Renfrew-Collingwood,496768.0,5455950.0
Vehicle Collision or Pedestrian Struck (with Injury),2017,11,8,14,13,RENFREW ST / E 15TH AVE,Renfrew-Collingwood,496781.0,5455950.0
Vehicle Collision or Pedestrian Struck (with Injury),2017,9,13,10,6,RENFREW ST / E 1ST AVE,Hastings-Sunrise,496783.0,5457424.0
Vehicle Collision or Pedestrian Struck (with Injury),2017,9,19,15,11,RENFREW ST / E 22ND AVE,Renfrew-Collingwood,496777.0,5455323.0
Vehicle Collision or Pedestrian Struck (with Injury),2017,8,16,21,20,RENFREW ST / E BROADWAY AVE,Renfrew-Collingwood,496775.0,5456576.0
Vehicle Collision or Pedestrian Struck (with Injury),2017,10,21,0,37,RENFREW ST / E BROADWAY AVE,Renfrew-Collingwood,496775.0,5456576.0
Vehicle Collision or Pedestrian Struck (with Injury),2017,1,12,4,34,RENFREW ST / E HASTINGS ST,Hastings-Sunrise,496797.0,5458712.0
Vehicle Collision or Pedestrian Struck (with Injury),2017,3,9,8,23,RENFREW ST / E HASTINGS ST,Hastings-Sunrise,496797.0,5458712.0
Vehicle Collision or Pedestrian Struck (with Injury),2017,10,24,10,19,RENFREW ST / E HASTINGS ST,Hastings-Sunrise,496797.0,5458712.0
Vehicle Collision or Pedestrian Struck (with Injury),2017,10,29,0,50,RENFREW ST / E HASTINGS ST,Hastings-Sunrise,496797.0,5458712.0
Vehicle Collision or Pedestrian Struck (with Injury),2017,8,27,17,27,RENFREW ST / GRANDVIEW HWY,Renfrew-Collingwood,496771.0,5456159.0
Vehicle Collision or Pedestrian Struck (with Injury),2017,10,29,20,45,RENFREW ST / GRANDVIEW HWY,Renfrew-Collingwood,496771.0,5456159.0
Vehicle Collision or Pedestrian Struck (with Injury),2017,1,11,7,1,RENFREW ST / HEBB AVE,Renfrew-Collingwood,496770.0,5456272.0
Vehicle Collision or Pedestrian Struck (with Injury),2017,12,10,18,32,RENFREW ST / HEBB AVE,Renfrew-Collingwood,496770.0,5456272.0
Vehicle Collision or Pedestrian Struck (with Injury),2017,3,18,7,59,RICHARDS ST / DAVIE ST,Central Business District,490961.0,5458133.0
Vehicle Collision or Pedestrian Struck (with Injury),2017,11,14,22,22,RICHARDS ST / HELMCKEN ST,Central Business District,491077.0,5458250.0
Vehicle Collision or Pedestrian Struck (with Injury),2017,4,30,0,16,RICHARDS ST / PACIFIC ST,Central Business District,490724.0,5457894.0
Vehicle Collision or Pedestrian Struck (with Injury),2017,5,8,19,44,RICHARDS ST / W PENDER ST,Central Business District,491791.0,5458968.0
Vehicle Collision or Pedestrian Struck (with Injury),2017,7,29,18,38,ROBSON ST / BEATTY ST,Central Business District,491710.0,5458320.0
Vehicle Collision or Pedestrian Struck (with Injury),2017,8,27,10,15,ROBSON ST / BURRARD ST,Central Business District,491068.0,5458954.0
Vehicle Collision or Pedestrian Struck (with Injury),2017,11,14,15,22,ROBSON ST / NICOLA ST,West End,490465.0,5459553.0
Vehicle Collision or Pedestrian Struck (with Injury),2017,4,9,10,2,RUPERT ST / E 1ST AVE,Hastings-Sunrise,497540.0,5457400.0
Vehicle Collision or Pedestrian Struck (with Injury),2017,10,22,17,22,RUPERT ST / EUCLID AVE,Renfrew-Collingwood,497120.0,5454006.0
Vehicle Collision or Pedestrian Struck (with Injury),2017,9,9,9,3,RUPERT ST / GRANDVIEW HWY,Renfrew-Collingwood,497546.0,5456151.0
Vehicle Collision or Pedestrian Struck (with Injury),2017,12,5,17,20,RUPERT ST / KINGS AVE,Renfrew-Collingwood,497292.0,5454275.0
Vehicle Collision or Pedestrian Struck (with Injury),2017,10,22,14,12,RUPERT ST / KINGSWAY AVE,Renfrew-Collingwood,496918.0,5453685.0
Vehicle Collision or Pedestrian Struck (with Injury),2017,5,15,15,7,RUPERT ST / PRICE ST,Renfrew-Collingwood,497494.0,5454600.0
Vehicle Collision or Pedestrian Struck (with Injury),2017,10,16,22,14,RUPERT ST / VANNESS AVE,Renfrew-Collingwood,497251.0,5454214.0
Vehicle Collision or Pedestrian Struck (with Injury),2017,12,7,14,5,SCHOOL AVE / RUPERT ST,Renfrew-Collingwood,496878.0,5453621.0
Vehicle Collision or Pedestrian Struck (with Injury),2017,2,3,15,40,SE MARINE DR / ARGYLE ST,Victoria-Fraserview,494750.0,5450924.0
Vehicle Collision or Pedestrian Struck (with Injury),2017,3,5,16,30,SE MARINE DR / ARGYLE ST,Victoria-Fraserview,494750.0,5450924.0
Vehicle Collision or Pedestrian Struck (with Injury),2017,4,3,6,55,SE MARINE DR / ARGYLE ST,Victoria-Fraserview,494750.0,5450924.0
Vehicle Collision or Pedestrian Struck (with Injury),2017,11,14,17,54,SE MARINE DR / ARGYLE ST,Victoria-Fraserview,494750.0,5450924.0
Vehicle Collision or Pedestrian Struck (with Injury),2017,2,9,20,57,SE MARINE DR / BORDEN ST,Victoria-Fraserview,494604.0,5450928.0
Vehicle Collision or Pedestrian Struck (with Injury),2017,11,29,18,28,SE MARINE DR / ELLIOTT ST,Victoria-Fraserview,495861.0,5450476.0
Vehicle Collision or Pedestrian Struck (with Injury),2017,10,7,18,14,SE MARINE DR / KERR ST,Killarney,496921.0,5450596.0
Vehicle Collision or Pedestrian Struck (with Injury),2017,1,11,17,28,SE MARINE DR / MAIN ST,Sunset,492554.0,5450922.0
Vehicle Collision or Pedestrian Struck (with Injury),2017,12,9,11,55,SE MARINE DR / VICTORIA DR,Victoria-Fraserview,495184.0,5450773.0
Vehicle Collision or Pedestrian Struck (with Injury),2017,4,22,8,4,SEYMOUR ST / DRAKE ST,Central Business District,490778.0,5458084.0
Vehicle Collision or Pedestrian Struck (with Injury),2017,1,18,8,30,SEYMOUR ST / DUNSMUIR ST,Central Business District,491607.0,5458920.0
Vehicle Collision or Pedestrian Struck (with Injury),2017,6,23,3,29,SEYMOUR ST / DUNSMUIR ST,Central Business District,491607.0,5458920.0
Vehicle Collision or Pedestrian Struck (with Injury),2017,2,8,23,52,SEYMOUR ST / NELSON ST,Central Business District,491125.0,5458434.0
Vehicle Collision or Pedestrian Struck (with Injury),2017,9,15,18,10,SEYMOUR ST / ROBSON ST,Central Business District,491359.0,5458669.0
Vehicle Collision or Pedestrian Struck (with Injury),2017,12,27,3,44,SEYMOUR ST / SMITHE ST,Central Business District,491242.0,5458550.0
Vehicle Collision or Pedestrian Struck (with Injury),2017,11,22,17,28,SHAUGHNESSY ST / W 70TH AVE,Marpole,490614.0,5450636.0
Vehicle Collision or Pedestrian Struck (with Injury),2017,3,8,8,21,SHERBROOKE ST / E 49TH AVE,Sunset,494070.0,5452510.0
Vehicle Collision or Pedestrian Struck (with Injury),2017,9,26,0,32,SIDNEY ST / KINGSWAY AVE,Kensington-Cedar Cottage,495358.0,5454638.0
Vehicle Collision or Pedestrian Struck (with Injury),2017,2,2,20,37,SKEENA ST / ADANAC ST,Hastings-Sunrise,497937.0,5458297.0
Vehicle Collision or Pedestrian Struck (with Injury),2017,10,17,7,31,SKEENA ST / E GEORGIA ST,Hastings-Sunrise,497938.0,5458389.0
Vehicle Collision or Pedestrian Struck (with Injury),2017,4,12,17,0,SKEENA ST / E HASTINGS ST,Hastings-Sunrise,497939.0,5458709.0
Vehicle Collision or Pedestrian Struck (with Injury),2017,12,18,20,12,SKEENA ST / E HASTINGS ST,Hastings-Sunrise,497939.0,5458709.0
Vehicle Collision or Pedestrian Struck (with Injury),2017,10,26,14,25,SKEENA ST / GRANDVIEW HWY,Renfrew-Collingwood,497923.0,5456152.0
Vehicle Collision or Pedestrian Struck (with Injury),2017,6,13,15,53,SLOCAN ST / E 22ND AVE,Renfrew-Collingwood,496389.0,5455324.0
Vehicle Collision or Pedestrian Struck (with Injury),2017,10,28,16,26,SLOCAN ST / E 22ND AVE,Renfrew-Collingwood,496389.0,5455324.0
Vehicle Collision or Pedestrian Struck (with Injury),2017,5,27,6,33,SLOCAN ST / E HASTINGS ST,Hastings-Sunrise,496411.0,5458712.0
Vehicle Collision or Pedestrian Struck (with Injury),2017,5,3,8,40,SLOCAN ST / GRANDVIEW HWY,Renfrew-Collingwood,496392.0,5456125.0
Vehicle Collision or Pedestrian Struck (with Injury),2017,1,11,8,26,SLOCAN ST / KINGSWAY AVE,Renfrew-Collingwood,496064.0,5454138.0
Vehicle Collision or Pedestrian Struck (with Injury),2017,1,29,4,4,SLOCAN ST / KINGSWAY AVE,Renfrew-Collingwood,496064.0,5454138.0
Vehicle Collision or Pedestrian Struck (with Injury),2017,4,18,23,30,SLOCAN ST / KINGSWAY AVE,Renfrew-Collingwood,496064.0,5454138.0
Vehicle Collision or Pedestrian Struck (with Injury),2017,7,1,19,12,SMITHE ST / BURRARD ST,West End,490950.0,5458837.0
Vehicle Collision or Pedestrian Struck (with Injury),2017,8,28,6,57,SMITHE ST / BURRARD ST,West End,490950.0,5458837.0
Vehicle Collision or Pedestrian Struck (with Injury),2017,5,5,10,31,SMITHE ST / CAMBIE ST,Central Business District,491519.0,5458274.0
Vehicle Collision or Pedestrian Struck (with Injury),2017,6,6,18,59,SMITHE ST / GRANVILLE ST,Central Business District,491170.0,5458626.0
Vehicle Collision or Pedestrian Struck (with Injury),2017,9,3,3,29,SMITHE ST / HORNBY ST,Central Business District,491027.0,5458765.0
Vehicle Collision or Pedestrian Struck (with Injury),2017,6,14,14,10,SMITHE ST / HOWE ST,Central Business District,491095.0,5458699.0
Vehicle Collision or Pedestrian Struck (with Injury),2017,10,21,9,55,SMITHE ST / HOWE ST,Central Business District,491095.0,5458699.0
Vehicle Collision or Pedestrian Struck (with Injury),2017,2,26,1,6,SMITHE ST / RICHARDS ST,Central Business District,491309.0,5458483.0
Vehicle Collision or Pedestrian Struck (with Injury),2017,4,11,11,2,SOPHIA ST / E 12TH AVE,Mount Pleasant,492847.0,5456385.0
Vehicle Collision or Pedestrian Struck (with Injury),2017,10,23,20,0,ST GEORGE ST / E 6TH AVE,Mount Pleasant,493235.0,5456948.0
Vehicle Collision or Pedestrian Struck (with Injury),2017,8,26,18,35,STIRLING ST / E 41ST AVE,Victoria-Fraserview,495599.0,5453343.0
Vehicle Collision or Pedestrian Struck (with Injury),2017,6,11,3,15,STIRLING ST / E 55TH AVE,Victoria-Fraserview,495579.0,5451844.0
Vehicle Collision or Pedestrian Struck (with Injury),2017,10,18,20,39,SW MARINE DR / CAMBIE ST,Marpole,491461.0,5450810.0
Vehicle Collision or Pedestrian Struck (with Injury),2017,11,5,22,51,SW MARINE DR / CAMBIE ST,Marpole,491461.0,5450810.0
Vehicle Collision or Pedestrian Struck (with Injury),2017,10,17,9,48,SW MARINE DR / LAUREL ST,Marpole,490815.0,5450413.0
Vehicle Collision or Pedestrian Struck (with Injury),2017,11,23,23,15,SW MARINE DR / MANITOBA ST,Marpole,491990.0,5451041.0
Vehicle Collision or Pedestrian Struck (with Injury),2017,9,14,13,34,SW MARINE DR / SHAUGHNESSY ST,Marpole,490605.0,5450270.0
Vehicle Collision or Pedestrian Struck (with Injury),2017,9,14,17,45,SW MARINE DR / TAMATH CRES,,485465.6798,5453684.3162
Vehicle Collision or Pedestrian Struck (with Injury),2017,4,16,19,31,SW MARINE DR / W 70TH AVE,Marpole,491152.0,5450615.0
Vehicle Collision or Pedestrian Struck (with Injury),2017,4,23,9,38,TEMPLETON DR / E HASTINGS ST,Grandview-Woodland,495653.0,5458715.0
Vehicle Collision or Pedestrian Struck (with Injury),2017,10,18,15,48,TEMPLETON DR / E HASTINGS ST,Grandview-Woodland,495653.0,5458715.0
Vehicle Collision or Pedestrian Struck (with Injury),2017,5,14,11,58,TERMINAL AVE / BEGG ST,Strathcona,493640.0,5457556.0
Vehicle Collision or Pedestrian Struck (with Injury),2017,9,2,16,58,TERMINAL AVE / COTTRELL ST,Strathcona,493898.0,5457459.0
Vehicle Collision or Pedestrian Struck (with Injury),2017,4,24,18,30,TERMINAL AVE / MAIN ST,Strathcona,492730.0,5457781.0
Vehicle Collision or Pedestrian Struck (with Injury),2017,3,15,13,55,THURLOW ST / PACIFIC ST,West End,490222.0,5458397.0
Vehicle Collision or Pedestrian Struck (with Injury),2017,7,27,23,45,THURLOW ST / ROBSON ST,West End,490920.0,5459101.0
Vehicle Collision or Pedestrian Struck (with Injury),2017,11,26,16,30,THURLOW ST / W GEORGIA ST,West End,491045.0,5459226.0
Vehicle Collision or Pedestrian Struck (with Injury),2017,2,21,20,4,THURLOW ST / W HASTINGS ST,Central Business District,491292.0,5459473.0
Vehicle Collision or Pedestrian Struck (with Injury),2017,6,6,15,9,TURNER ST / KOOTENAY ST,Hastings-Sunrise,498129.0,5458478.0
Vehicle Collision or Pedestrian Struck (with Injury),2017,2,26,0,0,TURNING LANE / STANLEY PARK CSWY,Stanley Park,489531.0,5461841.0
Vehicle Collision or Pedestrian Struck (with Injury),2017,10,21,10,53,TYNE ST / KINGSWAY AVE,Renfrew-Collingwood,497724.0,5453248.0
Vehicle Collision or Pedestrian Struck (with Injury),2017,11,15,23,30,TYNE ST / KINGSWAY AVE,Renfrew-Collingwood,497724.0,5453248.0
Vehicle Collision or Pedestrian Struck (with Injury),2017,8,22,7,48,UNION ST / GLEN DR,Strathcona,494081.0,5458290.0
Vehicle Collision or Pedestrian Struck (with Injury),2017,7,5,15,38,UNION ST / MAIN ST,Central Business District,492733.0,5458331.0
Vehicle Collision or Pedestrian Struck (with Injury),2017,5,24,19,46,UNION ST / MAIN ST,Strathcona,492746.0,5458330.0
Vehicle Collision or Pedestrian Struck (with Injury),2017,4,6,23,51,VANNESS AVE / JOYCE ST,Renfrew-Collingwood,497681.0,5453940.0
Vehicle Collision or Pedestrian Struck (with Injury),2017,6,10,13,28,VANNESS AVE / RUPERT ST,Renfrew-Collingwood,497251.0,5454214.0
Vehicle Collision or Pedestrian Struck (with Injury),2017,4,10,12,18,VENABLES ST / CLARK DR,Strathcona,494379.0,5458225.0
Vehicle Collision or Pedestrian Struck (with Injury),2017,5,11,18,4,VENABLES ST / CLARK DR,Strathcona,494379.0,5458225.0
Vehicle Collision or Pedestrian Struck (with Injury),2017,2,23,15,25,VENABLES ST / COMMERCIAL DR,Grandview-Woodland,494874.0,5458215.0
Vehicle Collision or Pedestrian Struck (with Injury),2017,5,16,10,15,VENABLES ST / COMMERCIAL DR,Grandview-Woodland,494874.0,5458215.0
Vehicle Collision or Pedestrian Struck (with Injury),2017,3,22,9,4,VENABLES ST / KAMLOOPS ST,Hastings-Sunrise,496023.0,5458209.0
Vehicle Collision or Pedestrian Struck (with Injury),2017,9,20,7,47,VENABLES ST / RAYMUR AVE,Strathcona,493991.0,5458233.0
Vehicle Collision or Pedestrian Struck (with Injury),2017,11,24,12,16,VENABLES ST / RAYMUR AVE,Strathcona,493991.0,5458233.0
Vehicle Collision or Pedestrian Struck (with Injury),2017,11,19,16,47,VICTORIA DR / CHARLES ST,Grandview-Woodland,495221.0,5457808.0
Vehicle Collision or Pedestrian Struck (with Injury),2017,12,16,19,55,VICTORIA DR / E 10TH AVE,Kensington-Cedar Cottage,495203.0,5456515.0
Vehicle Collision or Pedestrian Struck (with Injury),2017,8,2,10,59,VICTORIA DR / E 13TH AVE,Kensington-Cedar Cottage,495200.0,5456211.0
Vehicle Collision or Pedestrian Struck (with Injury),2017,7,26,7,19,VICTORIA DR / E 31ST AVE,Kensington-Cedar Cottage,495249.0,5454452.0
Vehicle Collision or Pedestrian Struck (with Injury),2017,11,30,13,50,VICTORIA DR / E 32ND AVE,Kensington-Cedar Cottage,495246.0,5454307.0
Vehicle Collision or Pedestrian Struck (with Injury),2017,4,13,7,51,VICTORIA DR / E 38TH AVE,Kensington-Cedar Cottage,495233.0,5453684.0
Vehicle Collision or Pedestrian Struck (with Injury),2017,5,16,7,41,VICTORIA DR / E 41ST AVE,Victoria-Fraserview,495229.0,5453325.0
Vehicle Collision or Pedestrian Struck (with Injury),2017,7,20,15,36,VICTORIA DR / E 43RD AVE,Victoria-Fraserview,495228.0,5453165.0
Vehicle Collision or Pedestrian Struck (with Injury),2017,10,28,16,34,VICTORIA DR / E 43RD AVE,Victoria-Fraserview,495228.0,5453165.0
Vehicle Collision or Pedestrian Struck (with Injury),2017,10,8,9,48,VICTORIA DR / E 47TH AVE,Victoria-Fraserview,495219.0,5452763.0
Vehicle Collision or Pedestrian Struck (with Injury),2017,1,21,8,0,VICTORIA DR / E 49TH AVE,Victoria-Fraserview,495211.0,5452489.0
Vehicle Collision or Pedestrian Struck (with Injury),2017,9,14,8,48,VICTORIA DR / E 49TH AVE,Victoria-Fraserview,495211.0,5452489.0
Vehicle Collision or Pedestrian Struck (with Injury),2017,10,3,21,29,VICTORIA DR / E 49TH AVE,Victoria-Fraserview,495211.0,5452489.0
Vehicle Collision or Pedestrian Struck (with Injury),2017,10,18,12,23,VICTORIA DR / E 49TH AVE,Victoria-Fraserview,495211.0,5452489.0
Vehicle Collision or Pedestrian Struck (with Injury),2017,11,11,12,49,VICTORIA DR / E 49TH AVE,Victoria-Fraserview,495211.0,5452489.0
Vehicle Collision or Pedestrian Struck (with Injury),2017,10,6,7,55,VICTORIA DR / E 53RD AVE,Victoria-Fraserview,495204.0,5452112.0
Vehicle Collision or Pedestrian Struck (with Injury),2017,11,30,7,57,VICTORIA DR / E 54TH AVE,Victoria-Fraserview,495203.0,5451944.0
Vehicle Collision or Pedestrian Struck (with Injury),2017,3,3,19,7,VICTORIA DR / E 5TH AVE,Grandview-Woodland,495210.0,5457023.0
Vehicle Collision or Pedestrian Struck (with Injury),2017,8,19,1,46,VICTORIA DR / E 6TH AVE,Grandview-Woodland,495209.0,5456922.0
Vehicle Collision or Pedestrian Struck (with Injury),2017,9,29,22,25,VICTORIA DR / E HASTINGS ST,Grandview-Woodland,495230.0,5458719.0
Vehicle Collision or Pedestrian Struck (with Injury),2017,10,17,6,16,VICTORIA DR / FRANKLIN ST,Grandview-Woodland,495231.0,5458821.0
Vehicle Collision or Pedestrian Struck (with Injury),2017,1,25,17,40,VICTORIA DR / NAPIER ST,Grandview-Woodland,495224.0,5458011.0
Vehicle Collision or Pedestrian Struck (with Injury),2017,1,17,18,1,VICTORIA DR / NEWPORT AVE,Victoria-Fraserview,495195.0,5451394.0
Vehicle Collision or Pedestrian Struck (with Injury),2017,12,19,10,59,VICTORIA DR / SCARBORO AVE,Victoria-Fraserview,495189.0,5451203.0
Vehicle Collision or Pedestrian Struck (with Injury),2017,11,22,11,21,VICTORIA DR / SE MARINE DR,Victoria-Fraserview,495184.0,5450773.0
Vehicle Collision or Pedestrian Struck (with Injury),2017,4,8,15,48,W 10TH AVE / ALMA ST,West Point Grey,486474.0,5456763.0
Vehicle Collision or Pedestrian Struck (with Injury),2017,5,2,2,30,W 10TH AVE / BALACLAVA ST,Kitsilano,487338.0,5456741.0
Vehicle Collision or Pedestrian Struck (with Injury),2017,1,16,20,20,W 10TH AVE / BLANCA ST,West Point Grey,484377.726,5456816.7597
Vehicle Collision or Pedestrian Struck (with Injury),2017,10,2,12,20,W 10TH AVE / BLANCA ST,West Point Grey,484377.726,5456816.7597
Vehicle Collision or Pedestrian Struck (with Injury),2017,3,2,9,17,W 10TH AVE / CAMBIE ST,Fairview,491634.0,5456614.0
Vehicle Collision or Pedestrian Struck (with Injury),2017,9,27,15,11,W 10TH AVE / CAMBIE ST,Mount Pleasant,491643.0,5456614.0
Vehicle Collision or Pedestrian Struck (with Injury),2017,1,22,19,22,W 10TH AVE / CARNARVON ST,Kitsilano,487479.0,5456736.0
Vehicle Collision or Pedestrian Struck (with Injury),2017,4,13,9,9,W 10TH AVE / DISCOVERY ST,West Point Grey,485229.0,5456795.0
Vehicle Collision or Pedestrian Struck (with Injury),2017,8,24,12,27,W 10TH AVE / GRANVILLE ST,Fairview,489920.0,5456661.0
Vehicle Collision or Pedestrian Struck (with Injury),2017,1,26,17,38,W 10TH AVE / HEMLOCK ST,Fairview,490094.0,5456656.0
Vehicle Collision or Pedestrian Struck (with Injury),2017,9,21,12,28,W 10TH AVE / LAUREL ST,Fairview,490962.0,5456633.0
Vehicle Collision or Pedestrian Struck (with Injury),2017,9,7,22,46,W 10TH AVE / MACKENZIE ST,Kitsilano,487620.0,5456733.0
Vehicle Collision or Pedestrian Struck (with Injury),2017,10,17,5,50,W 10TH AVE / MACKENZIE ST,Kitsilano,487620.0,5456733.0
Vehicle Collision or Pedestrian Struck (with Injury),2017,8,12,16,33,W 10TH AVE / SASAMAT ST,West Point Grey,484785.0,5456806.0
Vehicle Collision or Pedestrian Struck (with Injury),2017,10,15,19,37,W 10TH AVE / TRUTCH ST,Kitsilano,487199.0,5456744.0
Vehicle Collision or Pedestrian Struck (with Injury),2017,4,5,8,45,W 10TH AVE / YEW ST,Kitsilano,488698.0,5456693.0
Vehicle Collision or Pedestrian Struck (with Injury),2017,2,15,8,17,W 11TH AVE / GRANVILLE ST,Fairview,489917.0,5456558.0
Vehicle Collision or Pedestrian Struck (with Injury),2017,3,14,13,44,W 12TH AVE / ASH ST,Fairview,491441.0,5456415.0
Vehicle Collision or Pedestrian Struck (with Injury),2017,12,25,3,15,W 12TH AVE / BURRARD ST,Kitsilano,489386.0,5456474.0
Vehicle Collision or Pedestrian Struck (with Injury),2017,2,3,5,22,W 12TH AVE / CAMBIE ST,Mount Pleasant,491638.0,5456409.0
Vehicle Collision or Pedestrian Struck (with Injury),2017,12,28,9,6,W 12TH AVE / FIR ST,Fairview,489730.0,5456462.0
Vehicle Collision or Pedestrian Struck (with Injury),2017,4,10,23,24,W 12TH AVE / GRANVILLE ST,Fairview,489908.0,5456457.0
Vehicle Collision or Pedestrian Struck (with Injury),2017,10,31,11,18,W 12TH AVE / HEMLOCK ST,Fairview,490089.0,5456452.0
Vehicle Collision or Pedestrian Struck (with Injury),2017,3,10,10,28,W 12TH AVE / LAUREL ST,Fairview,490955.0,5456430.0
Vehicle Collision or Pedestrian Struck (with Injury),2017,12,1,15,13,W 12TH AVE / MACDONALD ST,Kitsilano,487757.0,5456526.0
Vehicle Collision or Pedestrian Struck (with Injury),2017,4,30,7,45,W 12TH AVE / MANITOBA ST,Mount Pleasant,492215.0,5456399.0
Vehicle Collision or Pedestrian Struck (with Injury),2017,12,1,21,46,W 12TH AVE / MAPLE ST,Kitsilano,489039.0,5456482.0
Vehicle Collision or Pedestrian Struck (with Injury),2017,4,22,10,35,W 12TH AVE / PINE ST,Fairview,489560.0,5456467.0
Vehicle Collision or Pedestrian Struck (with Injury),2017,9,12,16,1,W 12TH AVE / TRAFALGAR ST,Kitsilano,488010.0,5456504.0
Vehicle Collision or Pedestrian Struck (with Injury),2017,7,21,17,58,W 13TH AVE / CAMBIE ST,Fairview,491631.0,5456303.0
Vehicle Collision or Pedestrian Struck (with Injury),2017,7,24,16,18,W 14TH AVE / FIR ST,Fairview,489724.0,5456252.0
Vehicle Collision or Pedestrian Struck (with Injury),2017,11,8,4,17,W 14TH AVE / GRANVILLE ST,Fairview,489905.0,5456248.0
Vehicle Collision or Pedestrian Struck (with Injury),2017,3,29,5,42,W 15TH AVE / ARBUTUS ST,Kitsilano,488861.0,5456172.0
Vehicle Collision or Pedestrian Struck (with Injury),2017,1,17,20,30,W 16TH AVE / ARBUTUS ST,Arbutus Ridge,488874.0,5456069.0
Vehicle Collision or Pedestrian Struck (with Injury),2017,6,28,15,4,W 16TH AVE / BURRARD ST,Shaughnessy,489377.0,5456056.0
Vehicle Collision or Pedestrian Struck (with Injury),2017,1,6,12,19,W 16TH AVE / FIR ST,Shaughnessy,489718.0,5456046.0
Vehicle Collision or Pedestrian Struck (with Injury),2017,10,30,15,19,W 16TH AVE / FIR ST,Shaughnessy,489718.0,5456046.0
Vehicle Collision or Pedestrian Struck (with Injury),2017,1,13,4,0,W 16TH AVE / GRANVILLE ST,Shaughnessy,489900.0,5456041.0
Vehicle Collision or Pedestrian Struck (with Injury),2017,10,25,9,23,W 16TH AVE / GRANVILLE ST,Shaughnessy,489900.0,5456041.0
Vehicle Collision or Pedestrian Struck (with Injury),2017,12,23,0,51,W 16TH AVE / IMPERIAL RD,Dunbar-Southlands,485212.0,5456171.0
Vehicle Collision or Pedestrian Struck (with Injury),2017,2,2,19,38,W 16TH AVE / LAUREL ST,South Cambie,490949.0,5456041.0
Vehicle Collision or Pedestrian Struck (with Injury),2017,2,1,23,35,W 16TH AVE / MANITOBA ST,Riley Park,492206.0,5455996.0
Vehicle Collision or Pedestrian Struck (with Injury),2017,6,16,21,10,W 16TH AVE / ONTARIO ST,Riley Park,492347.0,5455991.0
Vehicle Collision or Pedestrian Struck (with Injury),2017,12,29,19,0,W 16TH AVE / YUKON ST,Riley Park,491764.0,5456012.0
Vehicle Collision or Pedestrian Struck (with Injury),2017,10,5,22,7,W 18TH AVE / ARBUTUS ST,Arbutus Ridge,488870.0,5455949.0
Vehicle Collision or Pedestrian Struck (with Injury),2017,9,20,15,0,W 18TH AVE / HIGHBURY ST,Dunbar-Southlands,486318.0,5455985.0
Vehicle Collision or Pedestrian Struck (with Injury),2017,9,5,10,45,W 1ST AVE / COOK ST,Mount Pleasant,491940.0,5457449.0
Vehicle Collision or Pedestrian Struck (with Injury),2017,6,30,9,1,W 20TH AVE / BLENHEIM ST,Dunbar-Southlands,487007.0,5455779.0
Vehicle Collision or Pedestrian Struck (with Injury),2017,6,23,8,0,W 28TH AVE / OAK ST,Shaughnessy,490708.0,5454844.0
Vehicle Collision or Pedestrian Struck (with Injury),2017,9,8,11,52,W 29TH AVE / ANGUS DR,Shaughnessy,489411.0,5454761.0
Vehicle Collision or Pedestrian Struck (with Injury),2017,1,14,20,48,W 2ND AVE / CAMBIE ST,Mount Pleasant,491660.0,5457109.0
Vehicle Collision or Pedestrian Struck (with Injury),2017,10,14,9,41,W 2ND AVE / ONTARIO ST,Mount Pleasant,492386.0,5457388.0
Vehicle Collision or Pedestrian Struck (with Injury),2017,5,26,9,32,W 2ND AVE / ONTARIO ST,Mount Pleasant,492387.0,5457397.0
Vehicle Collision or Pedestrian Struck (with Injury),2017,4,5,13,39,W 32ND AVE / OAK ST,Shaughnessy,490698.0,5454408.0
Vehicle Collision or Pedestrian Struck (with Injury),2017,5,26,8,11,W 33RD AVE / ARBUTUS ST,Arbutus Ridge,488828.0,5454382.0
Vehicle Collision or Pedestrian Struck (with Injury),2017,1,23,10,17,W 33RD AVE / CAMBIE ST,South Cambie,491371.0,5454263.0
Vehicle Collision or Pedestrian Struck (with Injury),2017,2,3,7,45,W 33RD AVE / CAMBIE ST,South Cambie,491371.0,5454263.0
Vehicle Collision or Pedestrian Struck (with Injury),2017,11,14,20,17,W 33RD AVE / CAMBIE ST,South Cambie,491371.0,5454263.0
Vehicle Collision or Pedestrian Struck (with Injury),2017,7,3,19,21,W 33RD AVE / GRANVILLE ST,Shaughnessy,489859.0,5454355.0
Vehicle Collision or Pedestrian Struck (with Injury),2017,4,22,17,14,W 33RD AVE / HEATHER ST,South Cambie,491219.0,5454272.0
Vehicle Collision or Pedestrian Struck (with Injury),2017,2,28,11,6,W 33RD AVE / OAK ST,Shaughnessy,490695.0,5454303.0
Vehicle Collision or Pedestrian Struck (with Injury),2017,4,5,13,16,W 33RD AVE / OAK ST,Shaughnessy,490695.0,5454303.0
Vehicle Collision or Pedestrian Struck (with Injury),2017,7,26,20,21,W 35TH AVE / MACKENZIE ST,Dunbar-Southlands,487607.0,5454198.0
Vehicle Collision or Pedestrian Struck (with Injury),2017,6,21,15,55,W 37TH AVE / BLENHEIM ST,Dunbar-Southlands,486994.0,5453991.0
Vehicle Collision or Pedestrian Struck (with Injury),2017,10,5,8,34,W 37TH AVE / CAMBIE ST,South Cambie,491543.0,5453838.0
Vehicle Collision or Pedestrian Struck (with Injury),2017,6,21,16,22,W 37TH AVE / CONNAUGHT DR,Shaughnessy,489661.0,5453932.0
Vehicle Collision or Pedestrian Struck (with Injury),2017,10,24,9,58,W 37TH AVE / CROWN ST,Dunbar-Southlands,485900.0,5454001.0
Vehicle Collision or Pedestrian Struck (with Injury),2017,9,28,8,18,W 37TH AVE / GRANVILLE ST,Shaughnessy,489849.0,5453924.0
Vehicle Collision or Pedestrian Struck (with Injury),2017,7,14,16,30,W 37TH AVE / MACKENZIE ST,Dunbar-Southlands,487606.0,5453986.0
Vehicle Collision or Pedestrian Struck (with Injury),2017,3,16,11,52,W 38TH AVE / OAK ST,Shaughnessy,490683.0,5453782.0
Vehicle Collision or Pedestrian Struck (with Injury),2017,2,23,9,0,W 39TH AVE / ASH ST,South Cambie,491424.0,5453637.0
Vehicle Collision or Pedestrian Struck (with Injury),2017,3,26,9,12,W 3RD AVE / ANDERSON ST,Fairview,489946.0,5457344.0
Vehicle Collision or Pedestrian Struck (with Injury),2017,9,20,19,15,W 3RD AVE / BURRARD ST,Kitsilano,489408.0,5457359.0
Vehicle Collision or Pedestrian Struck (with Injury),2017,7,22,0,59,W 41ST AVE / CAMBIE ST,Oakridge,491553.0,5453416.0
Vehicle Collision or Pedestrian Struck (with Injury),2017,9,2,12,31,W 41ST AVE / CAMBIE ST,Oakridge,491553.0,5453416.0
Vehicle Collision or Pedestrian Struck (with Injury),2017,11,10,14,23,W 41ST AVE / CAMBIE ST,Oakridge,491553.0,5453416.0
Vehicle Collision or Pedestrian Struck (with Injury),2017,3,9,21,3,W 41ST AVE / CAMBIE ST,Riley Park,491553.0,5453430.0
Vehicle Collision or Pedestrian Struck (with Injury),2017,4,10,14,29,W 41ST AVE / COLUMBIA ST,Oakridge,491936.0,5453401.0
Vehicle Collision or Pedestrian Struck (with Injury),2017,7,20,15,43,W 41ST AVE / DUNBAR ST,Dunbar-Southlands,486508.0,5453570.0
Vehicle Collision or Pedestrian Struck (with Injury),2017,11,23,21,45,W 41ST AVE / DUNBAR ST,Dunbar-Southlands,486508.0,5453570.0
Vehicle Collision or Pedestrian Struck (with Injury),2017,2,10,15,39,W 41ST AVE / ELM ST,Kerrisdale,488049.0,5453560.0
Vehicle Collision or Pedestrian Struck (with Injury),2017,12,17,21,18,W 41ST AVE / GRANVILLE ST,Kerrisdale,489835.0,5453516.0
Vehicle Collision or Pedestrian Struck (with Injury),2017,1,18,13,54,W 41ST AVE / LARCH ST,Kerrisdale,488152.0,5453557.0
Vehicle Collision or Pedestrian Struck (with Injury),2017,4,23,14,13,W 41ST AVE / MACDONALD ST,Kerrisdale,487813.0,5453563.0
Vehicle Collision or Pedestrian Struck (with Injury),2017,8,3,18,1,W 41ST AVE / MACDONALD ST,Kerrisdale,487813.0,5453563.0
Vehicle Collision or Pedestrian Struck (with Injury),2017,8,21,17,31,W 41ST AVE / MACDONALD ST,Kerrisdale,487813.0,5453563.0
Vehicle Collision or Pedestrian Struck (with Injury),2017,9,5,21,0,W 41ST AVE / MACDONALD ST,Kerrisdale,487813.0,5453563.0
Vehicle Collision or Pedestrian Struck (with Injury),2017,12,12,22,45,W 41ST AVE / OAK ST,Shaughnessy,490676.0,5453477.0
Vehicle Collision or Pedestrian Struck (with Injury),2017,11,25,20,34,W 41ST AVE / WEST BLVD,Kerrisdale,488676.0,5453545.0
Vehicle Collision or Pedestrian Struck (with Injury),2017,1,31,8,16,W 41ST AVE / WILLOW ST,South Cambie,490981.0,5453460.0
Vehicle Collision or Pedestrian Struck (with Injury),2017,6,24,8,29,W 41ST AVE / WILLOW ST,South Cambie,490981.0,5453460.0
Vehicle Collision or Pedestrian Struck (with Injury),2017,10,18,9,19,W 45TH AVE / CAMBIE ST,Oakridge,491539.0,5453009.0
Vehicle Collision or Pedestrian Struck (with Injury),2017,6,8,15,46,W 45TH AVE / GRANVILLE ST,Kerrisdale,489831.0,5453103.0
Vehicle Collision or Pedestrian Struck (with Injury),2017,4,26,7,54,W 45TH AVE / LARCH ST,Kerrisdale,488140.0,5453146.0
Vehicle Collision or Pedestrian Struck (with Injury),2017,12,2,15,16,W 49TH AVE / ALBERTA ST,Oakridge,491775.0,5452580.0
Vehicle Collision or Pedestrian Struck (with Injury),2017,1,17,8,10,W 49TH AVE / CAMBIE ST,Oakridge,491506.0,5452595.0
Vehicle Collision or Pedestrian Struck (with Injury),2017,7,3,10,41,W 49TH AVE / CAMBIE ST,Oakridge,491526.0,5452594.0
Vehicle Collision or Pedestrian Struck (with Injury),2017,7,13,10,13,W 49TH AVE / CAMBIE ST,Oakridge,491526.0,5452594.0
Vehicle Collision or Pedestrian Struck (with Injury),2017,5,13,23,15,W 49TH AVE / GRANVILLE ST,Kerrisdale,489820.0,5452696.0
Vehicle Collision or Pedestrian Struck (with Injury),2017,4,13,15,28,W 49TH AVE / HEATHER ST,Oakridge,491001.0,5452628.0
Vehicle Collision or Pedestrian Struck (with Injury),2017,12,22,13,36,W 49TH AVE / LABURNUM ST,Kerrisdale,489012.0,5452714.0
Vehicle Collision or Pedestrian Struck (with Injury),2017,11,16,17,50,W 49TH AVE / MONTGOMERY ST,Oakridge,490395.0,5452663.0
Vehicle Collision or Pedestrian Struck (with Injury),2017,12,1,15,24,W 49TH AVE / OAK ST,Oakridge,490658.0,5452647.0
Vehicle Collision or Pedestrian Struck (with Injury),2017,10,19,16,0,W 49TH AVE / VINE ST,Kerrisdale,488334.0,5452727.0
Vehicle Collision or Pedestrian Struck (with Injury),2017,6,10,16,18,W 49TH AVE / WEST BLVD,Kerrisdale,488706.0,5452719.0
Vehicle Collision or Pedestrian Struck (with Injury),2017,8,30,16,28,W 49TH AVE / YEW ST,Kerrisdale,488437.0,5452725.0
Vehicle Collision or Pedestrian Struck (with Injury),2017,7,22,14,38,W 4TH AVE / BAYSWATER ST,Kitsilano,487554.0,5457309.0
Vehicle Collision or Pedestrian Struck (with Injury),2017,6,24,12,53,W 4TH AVE / BLENHEIM ST,Kitsilano,487073.0,5457319.0
Vehicle Collision or Pedestrian Struck (with Injury),2017,3,20,7,37,W 4TH AVE / BURRARD ST,Kitsilano,489404.0,5457259.0
Vehicle Collision or Pedestrian Struck (with Injury),2017,3,30,22,7,W 4TH AVE / MAPLE ST,Kitsilano,489059.0,5457268.0
Vehicle Collision or Pedestrian Struck (with Injury),2017,6,28,4,13,W 4TH AVE / NW MARINE DR,West Point Grey,485455.0,5457353.0
Vehicle Collision or Pedestrian Struck (with Injury),2017,3,17,13,56,W 4TH AVE / PINE ST,Fairview,489579.0,5457254.0
Vehicle Collision or Pedestrian Struck (with Injury),2017,11,30,21,18,W 4TH AVE / PINE ST,Fairview,489579.0,5457254.0
Vehicle Collision or Pedestrian Struck (with Injury),2017,8,11,9,13,W 4TH AVE / YEW ST,Kitsilano,488713.0,5457277.0
Vehicle Collision or Pedestrian Struck (with Injury),2017,5,21,18,37,W 52ND AVE / WILTSHIRE ST,Kerrisdale,489318.0,5452385.0
Vehicle Collision or Pedestrian Struck (with Injury),2017,7,7,9,56,W 54TH AVE / CAMBIE ST,Oakridge,491494.0,5452110.0
Vehicle Collision or Pedestrian Struck (with Injury),2017,3,13,15,28,W 54TH AVE / GRANVILLE ST,Kerrisdale,489804.0,5452111.0
Vehicle Collision or Pedestrian Struck (with Injury),2017,11,28,15,28,W 57TH AVE / CAMBIE ST,Marpole,491486.0,5451814.0
Vehicle Collision or Pedestrian Struck (with Injury),2017,1,16,10,6,W 57TH AVE / OAK ST,Marpole,490638.0,5451832.0
Vehicle Collision or Pedestrian Struck (with Injury),2017,2,17,21,9,W 57TH AVE / OAK ST,Marpole,490638.0,5451832.0
Vehicle Collision or Pedestrian Struck (with Injury),2017,12,20,14,8,W 57TH AVE / OAK ST,Marpole,490638.0,5451832.0
Vehicle Collision or Pedestrian Struck (with Injury),2017,11,29,15,20,W 59TH AVE / GRANVILLE ST,Marpole,489788.0,5451629.0
Vehicle Collision or Pedestrian Struck (with Injury),2017,4,20,19,47,W 5TH AVE / COLUMBIA ST,Mount Pleasant,492037.0,5457096.0
Vehicle Collision or Pedestrian Struck (with Injury),2017,8,20,12,31,W 5TH AVE / YUKON ST,Mount Pleasant,491797.0,5457103.0
Vehicle Collision or Pedestrian Struck (with Injury),2017,2,13,11,13,W 63RD AVE / CAMBIE ST,Marpole,491488.0,5451163.0
Vehicle Collision or Pedestrian Struck (with Injury),2017,9,22,17,49,W 64TH AVE / GRANVILLE ST,Marpole,489776.0,5451160.0
Vehicle Collision or Pedestrian Struck (with Injury),2017,5,8,16,13,W 65TH AVE / GRANVILLE ST,Marpole,489774.0,5451061.0
Vehicle Collision or Pedestrian Struck (with Injury),2017,5,27,17,49,W 67TH AVE / OAK ST,Marpole,490517.0,5450891.0
Vehicle Collision or Pedestrian Struck (with Injury),2017,5,10,17,9,W 6TH AVE / MACDONALD ST,Kitsilano,487751.0,5457110.0
Vehicle Collision or Pedestrian Struck (with Injury),2017,6,23,19,9,W 6TH AVE / OAK ST,Fairview,490794.0,5457034.0
Vehicle Collision or Pedestrian Struck (with Injury),2017,6,5,17,38,W 70TH AVE / HUDSON ST,Marpole,490196.0,5450646.0
Vehicle Collision or Pedestrian Struck (with Injury),2017,7,6,14,41,W 70TH AVE / OAK ST,Marpole,490512.0,5450639.0
Vehicle Collision or Pedestrian Struck (with Injury),2017,9,3,7,40,W 71ST AVE / OAK ST,Marpole,490511.0,5450465.0
Vehicle Collision or Pedestrian Struck (with Injury),2017,3,15,16,15,W 7TH AVE / GRANVILLE ST,Fairview,489923.0,5456962.0
Vehicle Collision or Pedestrian Struck (with Injury),2017,5,29,23,42,W 7TH AVE / YUKON ST,Mount Pleasant,491789.0,5456900.0
Vehicle Collision or Pedestrian Struck (with Injury),2017,1,13,16,49,W 8TH AVE / CAMBIE ST,Fairview,491641.0,5456817.0
Vehicle Collision or Pedestrian Struck (with Injury),2017,4,22,20,50,W 8TH AVE / CAMBIE ST,Fairview,491641.0,5456817.0
Vehicle Collision or Pedestrian Struck (with Injury),2017,9,14,18,32,W 8TH AVE / CAMBIE ST,Fairview,491641.0,5456817.0
Vehicle Collision or Pedestrian Struck (with Injury),2017,3,22,10,53,W 8TH AVE / PINE ST,Fairview,489571.0,5456878.0
Vehicle Collision or Pedestrian Struck (with Injury),2017,1,19,17,16,W BROADWAY AVE / ALDER ST,Fairview,490442.0,5456755.0
Vehicle Collision or Pedestrian Struck (with Injury),2017,4,16,14,50,W BROADWAY AVE / ALMA ST,West Point Grey,486476.0,5456861.0
Vehicle Collision or Pedestrian Struck (with Injury),2017,3,22,16,19,W BROADWAY AVE / ARBUTUS ST,Kitsilano,488872.0,5456795.0
Vehicle Collision or Pedestrian Struck (with Injury),2017,10,15,18,51,W BROADWAY AVE / BALACLAVA ST,Kitsilano,487341.0,5456837.0
Vehicle Collision or Pedestrian Struck (with Injury),2017,11,11,13,47,W BROADWAY AVE / DUNBAR ST,Kitsilano,486628.0,5456857.0
Vehicle Collision or Pedestrian Struck (with Injury),2017,3,11,0,25,W BROADWAY AVE / MACDONALD ST,Kitsilano,487765.0,5456826.0
Vehicle Collision or Pedestrian Struck (with Injury),2017,7,18,17,20,W BROADWAY AVE / MACDONALD ST,Kitsilano,487765.0,5456826.0
Vehicle Collision or Pedestrian Struck (with Injury),2017,6,16,16,16,W BROADWAY AVE / MANITOBA ST,Mount Pleasant,492227.0,5456703.0
Vehicle Collision or Pedestrian Struck (with Injury),2017,8,13,16,17,W BROADWAY AVE / MANITOBA ST,Mount Pleasant,492227.0,5456703.0
Vehicle Collision or Pedestrian Struck (with Injury),2017,5,26,8,53,W BROADWAY AVE / MAPLE ST,Kitsilano,489047.0,5456790.0
Vehicle Collision or Pedestrian Struck (with Injury),2017,11,13,9,43,W BROADWAY AVE / MAPLE ST,Kitsilano,489047.0,5456790.0
Vehicle Collision or Pedestrian Struck (with Injury),2017,6,21,8,49,W BROADWAY AVE / OAK ST,Fairview,490787.0,5456745.0
Vehicle Collision or Pedestrian Struck (with Injury),2017,12,11,12,18,W BROADWAY AVE / YEW ST,Kitsilano,488701.0,5456800.0
Vehicle Collision or Pedestrian Struck (with Injury),2017,5,30,6,34,W BROADWAY AVE / YUKON ST,Mount Pleasant,491786.0,5456719.0
Vehicle Collision or Pedestrian Struck (with Injury),2017,5,10,13,47,W CORDOVA ST / HOWE ST,Central Business District,491719.0,5459323.0
Vehicle Collision or Pedestrian Struck (with Injury),2017,5,28,17,15,W CORDOVA ST / SEYMOUR ST,Central Business District,491865.0,5459181.0
Vehicle Collision or Pedestrian Struck (with Injury),2017,11,17,0,1,W CORDOVA ST / THURLOW ST,Central Business District,491334.0,5459516.0
Vehicle Collision or Pedestrian Struck (with Injury),2017,5,20,23,33,W CORDOVA ST / THURLOW ST,Central Business District,491341.0,5459523.0
Vehicle Collision or Pedestrian Struck (with Injury),2017,2,25,20,50,W GEORGIA ST / BROUGHTON ST,West End,490675.0,5459591.0
Vehicle Collision or Pedestrian Struck (with Injury),2017,9,15,15,5,W GEORGIA ST / BROUGHTON ST,West End,490675.0,5459591.0
Vehicle Collision or Pedestrian Struck (with Injury),2017,11,7,17,25,W GEORGIA ST / BROUGHTON ST,West End,490675.0,5459591.0
Vehicle Collision or Pedestrian Struck (with Injury),2017,12,12,16,31,W GEORGIA ST / BROUGHTON ST,West End,490675.0,5459591.0
Vehicle Collision or Pedestrian Struck (with Injury),2017,11,13,14,25,W GEORGIA ST / BURRARD ST,West End,491193.0,5459080.0
Vehicle Collision or Pedestrian Struck (with Injury),2017,8,26,16,6,W GEORGIA ST / BUTE ST,West End,490885.0,5459383.0
Vehicle Collision or Pedestrian Struck (with Injury),2017,12,11,10,22,W GEORGIA ST / CAMBIE ST,Central Business District,491761.0,5458513.0
Vehicle Collision or Pedestrian Struck (with Injury),2017,11,27,16,49,W GEORGIA ST / CARDERO ST,West End,490503.0,5459766.0
Vehicle Collision or Pedestrian Struck (with Injury),2017,3,11,0,51,W GEORGIA ST / GRANVILLE ST,Central Business District,491408.0,5458864.0
Vehicle Collision or Pedestrian Struck (with Injury),2017,7,20,22,34,W GEORGIA ST / GRANVILLE ST,Central Business District,491408.0,5458864.0
Vehicle Collision or Pedestrian Struck (with Injury),2017,8,13,18,26,W GEORGIA ST / GRANVILLE ST,Central Business District,491408.0,5458864.0
Vehicle Collision or Pedestrian Struck (with Injury),2017,2,9,20,48,W GEORGIA ST / HOWE ST,Central Business District,491334.0,5458937.0
Vehicle Collision or Pedestrian Struck (with Injury),2017,2,27,10,35,W GEORGIA ST / HOWE ST,Central Business District,491334.0,5458937.0
Vehicle Collision or Pedestrian Struck (with Injury),2017,12,22,16,6,W GEORGIA ST / NICOLA ST,West End,490590.0,5459678.0
Vehicle Collision or Pedestrian Struck (with Injury),2017,9,2,17,26,W GEORGIA ST / RICHARDS ST,Central Business District,491549.0,5458724.0
Vehicle Collision or Pedestrian Struck (with Injury),2017,12,7,14,58,W GEORGIA ST / THURLOW ST,West End,491045.0,5459226.0
Vehicle Collision or Pedestrian Struck (with Injury),2017,10,22,3,17,W HASTINGS ST / ABBOTT ST,Central Business District,492203.0,5458810.0
Vehicle Collision or Pedestrian Struck (with Injury),2017,11,16,20,15,W HASTINGS ST / ABBOTT ST,Central Business District,492203.0,5458810.0
Vehicle Collision or Pedestrian Struck (with Injury),2017,12,13,6,41,W HASTINGS ST / CAMBIE ST,Central Business District,492028.0,5458872.0
Vehicle Collision or Pedestrian Struck (with Injury),2017,11,28,7,25,W HASTINGS ST / JERVIS ST,Central Business District,490917.0,5459639.0
Vehicle Collision or Pedestrian Struck (with Injury),2017,9,24,3,41,W KENT AVE N / CAMBIE ST,Marpole,491456.0,5450370.0
Vehicle Collision or Pedestrian Struck (with Injury),2017,9,22,9,44,W KING EDWARD AVE / ARBUTUS ST,Arbutus Ridge,488856.0,5455442.0
Vehicle Collision or Pedestrian Struck (with Injury),2017,1,7,14,28,W KING EDWARD AVE / GRANVILLE ST,Shaughnessy,489876.0,5455180.0
Vehicle Collision or Pedestrian Struck (with Injury),2017,10,2,23,7,W KING EDWARD AVE / HEATHER ST,South Cambie,491238.0,5455143.0
Vehicle Collision or Pedestrian Struck (with Injury),2017,1,16,17,19,W KING EDWARD AVE / MACDONALD ST,Arbutus Ridge,487783.0,5455060.0
Vehicle Collision or Pedestrian Struck (with Injury),2017,6,24,13,23,W KING EDWARD AVE / MACDONALD ST,Arbutus Ridge,487783.0,5455060.0
Vehicle Collision or Pedestrian Struck (with Injury),2017,10,22,13,24,W KING EDWARD AVE / MACDONALD ST,Arbutus Ridge,487783.0,5455060.0
Vehicle Collision or Pedestrian Struck (with Injury),2017,4,25,20,37,W KING EDWARD AVE / OAK ST,Shaughnessy,490719.0,5455182.0
Vehicle Collision or Pedestrian Struck (with Injury),2017,9,25,15,59,W KING EDWARD AVE / OAK ST,Shaughnessy,490719.0,5455182.0
Vehicle Collision or Pedestrian Struck (with Injury),2017,5,18,19,26,W KING EDWARD AVE / VALLEY DR,Arbutus Ridge,488411.0,5455225.0
Vehicle Collision or Pedestrian Struck (with Injury),2017,1,4,14,19,W PENDER ST / ABBOTT ST,Central Business District,492175.0,5458706.0
Vehicle Collision or Pedestrian Struck (with Injury),2017,12,2,15,57,W PENDER ST / CAMBIE ST,Central Business District,491994.0,5458762.0
Vehicle Collision or Pedestrian Struck (with Injury),2017,4,25,21,54,W PENDER ST / TAYLOR ST,Central Business District,492319.0,5458667.0
Vehicle Collision or Pedestrian Struck (with Injury),2017,12,2,18,1,W PENDER ST / THURLOW ST,Central Business District,491241.0,5459422.0
Vehicle Collision or Pedestrian Struck (with Injury),2017,10,24,10,42,WALLACE ST / W 16TH AVE,Dunbar-Southlands,486096.0,5456147.0
Vehicle Collision or Pedestrian Struck (with Injury),2017,4,17,14,53,WALLACE ST / W 16TH AVE,Dunbar-Southlands,486117.0,5456146.0
Vehicle Collision or Pedestrian Struck (with Injury),2017,5,20,21,19,WALLACE ST / W 29TH AVE,Dunbar-Southlands,486106.0,5454841.0
Vehicle Collision or Pedestrian Struck (with Injury),2017,10,25,8,16,WALLACE ST / W 29TH AVE,Dunbar-Southlands,486106.0,5454841.0
Vehicle Collision or Pedestrian Struck (with Injury),2017,1,4,16,32,WATERLOO ST / W 4TH AVE,Kitsilano,486926.0,5457323.0
Vehicle Collision or Pedestrian Struck (with Injury),2017,12,13,21,36,WELLINGTON AVE / JOYCE ST,Renfrew-Collingwood,497807.0,5454140.0
Vehicle Collision or Pedestrian Struck (with Injury),2017,3,18,19,26,WILLIAM ST / VICTORIA DR,Grandview-Woodland,495222.0,5457900.0
Vehicle Collision or Pedestrian Struck (with Injury),2017,10,31,7,24,WINDERMERE ST / CHARLES ST,Hastings-Sunrise,497353.0,5457832.0
Vehicle Collision or Pedestrian Struck (with Injury),2017,5,26,6,45,WINDERMERE ST / E HASTINGS ST,Hastings-Sunrise,497368.0,5458712.0
Vehicle Collision or Pedestrian Struck (with Injury),2017,11,23,18,1,WINDSOR ST / E 22ND AVE,Kensington-Cedar Cottage,493900.0,5455353.0
Vehicle Collision or Pedestrian Struck (with Injury),2017,11,5,3,36,WINDSOR ST / E 41ST AVE,Kensington-Cedar Cottage,493823.0,5453343.0
Vehicle Collision or Pedestrian Struck (with Injury),2017,6,16,16,39,WINDSOR ST / KINGSWAY AVE,Kensington-Cedar Cottage,493907.0,5455678.0
Vehicle Collision or Pedestrian Struck (with Injury),2017,10,18,9,10,WINDSOR ST / KINGSWAY AVE,Kensington-Cedar Cottage,493907.0,5455678.0
Vehicle Collision or Pedestrian Struck (with Injury),2017,11,29,20,20,WOODLAND DR / KITCHENER ST,Grandview-Woodland,494655.0,5457714.0
Vehicle Collision or Pedestrian Struck (with Injury),2017,8,26,21,8,X BLOCK E 11TH AVE,Mount Pleasant,492385.0,5456494.0
Vehicle Collision or Pedestrian Struck (with Injury),2017,10,20,10,4,X BLOCK E HASTINGS ST,Central Business District,492437.0,5458749.0
Vehicle Collision or Pedestrian Struck (with Injury),2017,3,15,13,12,X BLOCK W 6TH AVE,Mount Pleasant,492353.0,5456984.0
Vehicle Collision or Pedestrian Struck (with Injury),2017,5,27,11,4,X BLOCK W PENDER ST,Central Business District,492387.0,5458649.0
Vehicle Collision or Pedestrian Struck (with Injury),2017,6,9,12,30,X BLOCK W PENDER ST,Central Business District,492387.0,5458649.0
Vehicle Collision or Pedestrian Struck (with Injury),2017,2,27,6,5,X E 1ST AVE OFRP,Hastings-Sunrise,498059.0,5457292.0
Vehicle Collision or Pedestrian Struck (with Injury),2017,12,15,18,32,X E 1ST AVE OFRP,Hastings-Sunrise,498059.0,5457292.0
Vehicle Collision or Pedestrian Struck (with Injury),2017,9,25,8,1,X MCGILL ST ONRP,Hastings-Sunrise,497875.0,5459429.0
Vehicle Collision or Pedestrian Struck (with Injury),2017,12,7,15,3,X RUPERT ST OFRP,Hastings-Sunrise,497838.0,5457446.0
Vehicle Collision or Pedestrian Struck (with Injury),2017,1,4,13,30,X SE MARINE DR,Sunset,492266.0,5451052.0
Vehicle Collision or Pedestrian Struck (with Injury),2017,3,25,17,40,X STANLEY PARK CSWY,Stanley Park,490056.0,5460207.0
Vehicle Collision or Pedestrian Struck (with Injury),2017,7,1,13,25,X W HASTINGS ST,Central Business District,492397.0,5458756.0
Vehicle Collision or Pedestrian Struck (with Injury),2017,6,24,22,13,YEW ST / W 4TH AVE,Kitsilano,488713.0,5457277.0
Vehicle Collision or Pedestrian Struck (with Injury),2017,7,10,9,20,YUKON ST / W 10TH AVE,Mount Pleasant,491784.0,5456611.0
Vehicle Collision or Pedestrian Struck (with Injury),2017,4,22,16,1,YUKON ST / W 12TH AVE,Mount Pleasant,491778.0,5456408.0
Vehicle Collision or Pedestrian Struck (with Injury),2017,8,16,8,16,YUKON ST / W 12TH AVE,Mount Pleasant,491778.0,5456408.0
Vehicle Collision or Pedestrian Struck (with Injury),2017,10,5,15,16,YUKON ST / W 12TH AVE,Mount Pleasant,491778.0,5456408.0
